2015-08-20, 3, zhong_du, 14.25, 14.28, -1.52, 14.50, 14.35, 14.45, 14.22, 842493.86, 1208966056, 0.87, 1.59, 0.66, 817.68894
2015-08-21, 3, zhong_du, 14.25, 13.91, -2.59, 14.28, 14.19, 14.38, 13.85, 1379281.7, 1938895359, 1.43, 3.71, 1.13, 512.84003
2015-08-24, 3, zhong_du, 14.21, 13.19, -5.18, 13.91, 13.65, 13.68, 12.88, 3419757.24, 4519423986, 3.54, 5.75, 2.86, 20941.56694
2015-08-25, 2, qing_du, 14.18, 13.00, -1.44, 13.19, 12.80, 13.42, 12.54, 2750628.01, 3615036352, 2.84, 6.67, 1.69, 1227.355
2015-08-26, 2, qing_du, 14.16, 13.25, 1.92, 13.00, 13.30, 13.82, 13.05, 2346846.5, 3142741315, 2.43, 5.92, 1.25, 2470.75891
2015-08-27, 1, wei_ruo, 14.14, 13.18, -0.53, 13.25, 13.64, 13.68, 12.60, 1533563.27, 1996706377, 1.59, 8.15, 0.71, 1156.16894
2015-08-28, 1, wei_ruo, 14.13, 13.58, 3.03, 13.18, 13.31, 13.68, 13.04, 1374186.69, 1828208036, 1.42, 4.86, 0.60, 4083.85587
2015-08-31, 1, wei_ruo, 14.13, 13.80, 1.62, 13.58, 13.41, 13.80, 13.20, 1434213.72, 1932161670, 1.48, 4.42, 0.63, 1113.38401
2015-09-01, 1, wei_ruo, 14.12, 14.23, 3.12, 13.80, 13.70, 14.26, 13.26, 1950730.23, 2707269062, 2.02, 7.25, 1.03, 1100.42906
2015-09-02, 2, qing_du, 14.12, 14.22, -0.07, 14.23, 13.77, 14.33, 13.47, 2294696.23, 3218100533, 2.37, 6.04, 1.33, 1254.75597
2015-09-02, 2, qing_du, 14.12, 14.22, -0.07, 14.23, 13.77, 14.33, 13.47, 2294696.23, 3218100533, 2.37, 6.04, 1.33, 1028.53012
2015-09-02, 2, qing_du, 14.12, 14.22, -0.07, 14.23, 13.77, 14.33, 13.47, 2294696.23, 3218100533, 2.37, 6.04, 1.33, 430.95708
2015-09-07, 2, qing_du, 14.12, 13.60, -4.36, 14.22, 13.99, 14.50, 13.50, 1400581.09, 1951782721, 1.45, 7.03, 0.82, 1085.94894
2015-09-08, 2, qing_du, 14.11, 13.68, 0.59, 13.60, 13.54, 13.68, 13.30, 651811.13, 880009926, 0.67, 2.79, 0.39, 1093.74714
2015-09-09, 2, qing_du, 14.11, 13.76, 0.58, 13.68, 13.71, 14.04, 13.59, 834576.92, 1150245264, 0.86, 3.29, 0.54, 1147.05896
2015-09-10, 1, wei_ruo, 14.11, 13.54, -1.60, 13.76, 13.63, 13.79, 13.51, 417768.19, 569659424, 0.43, 2.03, 0.29, 1141.87503
2015-09-11, 1, wei_ruo, 14.10, 13.47, -0.52, 13.54, 13.59, 13.67, 13.40, 313452.74, 424400222, 0.32, 1.99, 0.28, 1101.38512
2015-09-14, 1, wei_ruo, 14.10, 13.19, -2.08, 13.47, 13.47, 13.54, 13.17, 568116.97, 755029633, 0.59, 2.75, 0.79, 942.87491
2015-09-15, 1, wei_ruo, 14.09, 13.02, -1.29, 13.19, 13.19, 13.29, 12.90, 476738.75, 623857249, 0.49, 2.96, 0.86, 1193.84384
2015-09-16, 1, wei_ruo, 14.09, 13.43, 3.15, 13.02, 13.09, 13.65, 12.91, 707855.53, 938469064, 0.73, 5.68, 1.36, 1017.802
2015-09-17, 1, wei_ruo, 14.08, 13.10, -2.46, 13.43, 13.35, 13.39, 13.10, 612529.61, 812205515, 0.63, 2.16, 1.23, 3086.18188
2015-09-18, 1, wei_ruo, 14.08, 13.12, 0.15, 13.10, 13.12, 13.19, 13.04, 344571.48, 452012030, 0.36, 1.15, 0.64, 942.63887
2015-09-21, 1, wei_ruo, 14.08, 13.18, 0.46, 13.12, 13.06, 13.20, 13.06, 471720.75, 620313032, 0.49, 1.07, 0.87, 993.84308
2015-09-22, 1, wei_ruo, 14.07, 13.26, 0.61, 13.18, 13.23, 13.35, 13.18, 451240.48, 598058332, 0.47, 1.29, 0.86, 3156.39901
2015-09-23, 1, wei_ruo, 14.07, 13.15, -0.83, 13.26, 13.15, 13.26, 13.10, 320597.31, 422422527, 0.33, 1.21, 0.62, 955.64604
2015-09-24, 1, wei_ruo, 14.06, 13.09, -0.46, 13.15, 13.20, 13.21, 13.05, 443596.99, 581284162, 0.46, 1.22, 1.01, 1260.9551
2015-09-25, 1, wei_ruo, 14.06, 12.90, -1.45, 13.09, 13.02, 13.09, 12.85, 442280.17, 573792773, 0.46, 1.83, 1.09, 1061.91301
2015-09-28, 1, wei_ruo, 14.05, 12.85, -0.39, 12.90, 12.88, 12.99, 12.78, 412656.86, 530321088, 0.43, 1.63, 0.97, 1068.94112
2015-09-29, 1, wei_ruo, 14.05, 12.60, -1.95, 12.85, 12.75, 12.79, 12.52, 597878.53, 757134586, 0.62, 2.10, 1.44, 1205.55091
2015-09-30, 1, wei_ruo, 14.04, 12.73, 1.03, 12.60, 12.67, 12.81, 12.57, 489518.62, 619877206, 0.51, 1.90, 1.10, 1874.20607
2015-10-08, 1, wei_ruo, 14.03, 13.07, 2.67, 12.73, 13.25, 13.32, 13.03, 820862.35, 1079570351, 0.85, 2.28, 1.72, 6136.93404
2015-10-09, 1, wei_ruo, 14.03, 13.23, 1.22, 13.07, 13.13, 13.28, 13.07, 634505, 835874055, 0.66, 1.61, 1.15, 1383.57806
2015-10-12, 1, wei_ruo, 14.02, 13.48, 1.89, 13.23, 13.23, 13.64, 13.21, 784171.53, 1053773060, 0.81, 3.25, 1.33, 1511.33394
2015-10-13, 1, wei_ruo, 14.02, 13.47, -0.07, 13.48, 13.41, 13.56, 13.35, 568893.46, 766321053, 0.59, 1.56, 0.85, 1376.48892
2015-10-14, 1, wei_ruo, 14.01, 13.28, -1.41, 13.47, 13.32, 13.47, 13.25, 544904.67, 726780386, 0.56, 1.63, 0.83, 2868.43777
2015-10-15, 1, wei_ruo, 14.01, 13.52, 1.81, 13.28, 13.30, 13.56, 13.28, 438053.9, 588366358, 0.45, 2.11, 0.65, 2569.62895
2015-10-16, 1, wei_ruo, 14.01, 13.65, 0.96, 13.52, 13.53, 13.75, 13.52, 506452.91, 690108139, 0.52, 1.70, 0.85, 1386.49201
2015-10-19, 1, wei_ruo, 14.01, 13.53, -0.88, 13.65, 13.70, 13.70, 13.40, 574487.92, 775820741, 0.59, 2.20, 1.01, 1292.238
2015-10-29, 2, qing_du, 13.99, 13.62, -0.29, 13.66, 13.66, 13.73, 13.54, 278917.76, 380269923, 0.29, 1.39, 0.54, 1236.20391
2015-10-30, 2, qing_du, 13.99, 13.67, 0.37, 13.62, 13.70, 13.75, 13.60, 298317.92, 407329918, 0.31, 1.10, 0.62, 1107.33795
2015-11-02, 2, qing_du, 13.99, 13.56, -0.80, 13.67, 13.61, 13.67, 13.54, 328989.35, 447194379, 0.34, 0.95, 0.80, 3173.63119
2015-11-03, 2, qing_du, 13.99, 13.66, 0.74, 13.56, 13.56, 13.70, 13.54, 297604.21, 406129033, 0.31, 1.18, 0.93, 1527.28295
2015-11-04, 3, zhong_du, 13.99, 14.08, 3.07, 13.66, 13.65, 14.10, 13.61, 768654.44, 1071494153, 0.79, 3.59, 2.48, 3477.54192
2015-11-05, 3, zhong_du, 13.99, 14.12, 0.28, 14.08, 14.05, 14.58, 13.95, 923180.52, 1316863758, 0.95, 4.47, 2.34, 3432.34515
2015-11-06, 3, zhong_du, 13.99, 14.21, 0.64, 14.12, 14.11, 14.31, 14.06, 501764.57, 710839368, 0.52, 1.77, 0.96, 1528.25522
2015-11-09, 3, zhong_du, 13.99, 14.40, 1.34, 14.21, 14.21, 14.66, 14.18, 830505.01, 1202251924, 0.86, 3.38, 1.47, 1308.39586
2015-11-10, 4, gao_du, 13.99, 14.27, -0.90, 14.40, 14.33, 14.37, 14.20, 524600.45, 749031909, 0.54, 1.18, 0.79, 1325.809
2015-11-11, 4, gao_du, 13.99, 14.17, -0.70, 14.27, 14.21, 14.32, 14.10, 578612.55, 822609309, 0.60, 1.54, 0.82, 387.20798
2015-11-12, 4, gao_du, 14.00, 14.09, -0.56, 14.17, 14.24, 14.25, 14.01, 534850.66, 755530677, 0.55, 1.69, 0.80, 1780.936
2015-11-13, 3, zhong_du, 14.00, 13.90, -1.35, 14.09, 14.00, 14.05, 13.83, 383628.08, 534644203, 0.40, 1.56, 0.65, 1268.14198
2015-11-16, 3, zhong_du, 13.99, 14.00, 0.72, 13.90, 13.81, 14.00, 13.71, 320707.08, 445294096, 0.33, 2.09, 0.56, 1186.74994
2015-11-17, 3, zhong_du, 14.00, 14.00, 0.00, 14.00, 14.03, 14.30, 13.90, 651299.51, 918176272, 0.67, 2.86, 1.39, 1164.1891
2015-11-18, 3, zhong_du, 14.01, 14.67, 4.79, 14.00, 14.07, 15.27, 14.01, 1753443.74, 2576146307, 1.81, 9.00, 3.55, 1331.41398
2015-11-19, 3, zhong_du, 14.01, 14.50, -1.16, 14.67, 14.60, 14.60, 14.18, 886044.41, 1272044244, 0.92, 2.86, 1.22, 16522.52102
2015-11-20, 4, gao_du, 14.02, 14.49, -0.07, 14.50, 14.45, 14.72, 14.37, 732482.95, 1064007001, 0.76, 2.41, 0.92, 16741.27007
2015-11-23, 4, gao_du, 14.02, 14.37, -0.83, 14.49, 14.50, 14.64, 14.32, 629288.1, 911464908, 0.65, 2.21, 0.72, 17152.38094
2015-11-24, 4, gao_du, 14.02, 14.50, 0.90, 14.37, 14.37, 14.55, 14.14, 745686.58, 1068471980, 0.77, 2.85, 0.80, 1950.33789
2015-11-25, 4, gao_du, 14.02, 14.56, 0.41, 14.50, 14.42, 14.72, 14.39, 581818.63, 848024659, 0.60, 2.28, 0.61, 3764.94288
2015-11-26, 4, gao_du, 14.03, 14.50, -0.41, 14.56, 14.55, 14.62, 14.47, 383748.22, 558000815, 0.40, 1.03, 0.54, 918.25318
2015-11-27, 4, gao_du, 14.03, 14.26, -1.66, 14.50, 14.43, 14.65, 14.24, 888155.58, 1286416587, 0.92, 2.83, 1.45, 948.87805
2015-11-30, 4, gao_du, 14.05, 15.07, 5.68, 14.26, 14.29, 15.25, 14.28, 2020009.99, 3029921805, 2.09, 6.80, 3.13, 3034.06596
2015-12-01, 4, gao_du, 14.12, 16.58, 10.02, 15.07, 14.99, 16.58, 14.93, 3750163.7, 6042685184, 3.88, 10.95, 4.06, 4813.69996
2015-12-02, 5, qiang_lie, 14.34, 18.24, 10.01, 16.58, 16.68, 18.24, 16.54, 6389886.13, 11337757057, 6.61, 10.25, 4.19, 1074.30696
2015-12-03, 5, qiang_lie, 14.34, 19.15, 4.99, 18.24, 18.45, 19.33, 18.08, 4771236.37, 8914671514, 4.91, 6.85, 1.78, 923.06995
2015-12-04, 5, qiang_lie, 14.74, 18.98, -0.89, 19.15, 18.90, 19.84, 18.60, 3768009.49, 7225322061, 3.88, 6.48, 1.06, 3862.46896
2015-12-07, 5, qiang_lie, 14.82, 18.02, -5.06, 18.98, 18.82, 18.98, 17.67, 2255719.38, 4100197210, 2.32, 6.90, 0.54, 5494.04097
2015-12-08, 5, qiang_lie, 14.87, 17.77, -1.39, 18.02, 17.90, 18.07, 17.40, 1529886.06, 2702009048, 1.57, 3.72, 0.37, 1009.624
2015-12-09, 5, qiang_lie, 15.02, 19.55, 10.02, 17.77, 17.95, 19.55, 17.81, 3598519.73, 6732052643, 3.70, 9.79, 0.96, 4351.31192
2015-12-10, 5, qiang_lie, 15.18, 19.54, -0.05, 19.55, 19.59, 21.36, 19.02, 3067374.66, 6153428190, 3.16, 11.97, 0.96, 14814.96286
2015-12-11, 5, qiang_lie, 15.27, 19.90, 1.84, 19.54, 19.14, 20.34, 18.78, 2035008.42, 3998320225, 2.09, 7.98, 0.72, 1179.56185
2015-12-14, 5, qiang_lie, 15.34, 20.08, 0.90, 19.90, 19.60, 20.48, 19.01, 1392194.06, 2747638826, 1.43, 7.39, 0.56, 1399.37401
2015-12-15, 5, qiang_lie, 15.43, 21.08, 4.98, 20.08, 19.60, 21.46, 19.60, 1673876.32, 3487966828, 1.72, 9.26, 0.72, 7496.70005
2015-12-16, 5, qiang_lie, 15.49, 20.19, -4.22, 21.08, 20.63, 20.99, 20.01, 1185363.96, 2410648699, 1.22, 4.65, 0.50, 5408.73313
2015-12-17, 5, qiang_lie, 15.65, 22.21, 10.00, 20.19, 20.38, 22.21, 20.35, 2583392.65, 5616476774, 2.66, 9.21, 1.38, 5017.82203
2015-12-18, 5, qiang_lie, 15.83, 24.43, 10.00, 22.21, 22.40, 24.43, 21.66, 2238984.02, 5288950848, 2.30, 12.47, 2.52, 3653.77092
2016-07-04, 5, qiang_lie, 15.84, 21.99, -9.99, 24.43, 21.99, 21.99, 21.99, 42663, 93815937, 0.04, 0.00, 0.02, 2779.21796
2016-07-05, 5, qiang_lie, 15.92, 19.79, -10.00, 21.99, 19.79, 19.79, 19.79, 1990576, 3939349904, 2.05, 0.00, 1.10, 2598.73915
2016-07-06, 5, qiang_lie, 16.34, 19.80, 0.05, 19.79, 19.10, 20.78, 19.10, 10283727.12, 20106488583, 10.59, 8.49, 5.67, 18791.59904
2016-07-07, 5, qiang_lie, 16.45, 18.82, -4.95, 19.80, 19.10, 19.22, 18.71, 4300225.52, 8133977766, 4.43, 2.58, 2.39, 851.55392
2016-07-08, 4, gao_du, 16.52, 18.75, -0.37, 18.82, 18.60, 18.98, 18.21, 3124436.98, 5799513334, 3.22, 4.09, 1.72, 521.74306
2016-07-11, 3, zhong_du, 16.57, 18.27, -2.56, 18.75, 18.50, 18.69, 18.23, 2412151.18, 4444566771, 2.48, 2.45, 1.33, 854.07996
2016-07-12, 3, zhong_du, 16.62, 18.12, -0.82, 18.27, 18.27, 18.43, 17.56, 3064821.37, 5520900750, 3.16, 4.76, 1.69, 14450.82784
2016-07-13, 3, zhong_du, 16.66, 18.32, 1.10, 18.12, 18.00, 18.49, 17.85, 2543261.66, 4619086221, 2.62, 3.53, 1.40, 2066.43391
2016-07-14, 3, zhong_du, 16.68, 17.96, -1.97, 18.32, 18.14, 18.18, 17.92, 1675569.29, 3019075020, 1.73, 1.42, 0.92, 697.73793
2016-07-15, 3, zhong_du, 16.70, 17.89, -0.39, 17.96, 17.90, 18.05, 17.86, 1082550.98, 1941771659, 1.12, 1.06, 0.60, 699.00608
2016-07-18, 3, zhong_du, 16.71, 17.46, -2.40, 17.89, 17.84, 17.84, 17.44, 1461452.63, 2568588752, 1.51, 2.24, 0.82, 2695.69397
2016-07-19, 3, zhong_du, 16.72, 17.11, -1.84, 17.43, 17.39, 17.39, 17.04, 1627752.09, 2792105621, 1.68, 2.01, 0.90, 538.78188
2016-07-20, 2, qing_du, 16.73, 17.08, -0.18, 17.11, 16.89, 17.42, 16.74, 2282417.2, 3893006344, 2.35, 3.97, 1.27, 604.10786
2016-07-21, 2, qing_du, 16.74, 17.02, -0.35, 17.08, 16.91, 17.19, 16.86, 1444706.45, 2455521958, 1.49, 1.93, 0.80, 740.36002
2016-07-22, 2, qing_du, 16.76, 17.39, 2.17, 17.02, 17.17, 17.59, 17.13, 2339709.28, 4069504588, 2.41, 2.70, 1.30, 655.79796
2016-07-25, 2, qing_du, 16.77, 17.70, 1.78, 17.39, 17.26, 17.79, 16.92, 2354339.19, 4116947089, 2.43, 5.00, 1.31, 18404.77085
2016-07-26, 2, qing_du, 16.79, 17.78, 0.45, 17.70, 17.60, 17.83, 17.52, 1493196.56, 2647747960, 1.54, 1.75, 0.83, 797.0891
2016-07-27, 2, qing_du, 16.80, 17.42, -2.02, 17.78, 17.78, 17.83, 16.91, 1476486.26, 2573919256, 1.52, 5.17, 0.81, 16574.82004
2016-07-28, 2, qing_du, 16.81, 17.92, 2.87, 17.42, 17.39, 17.93, 17.21, 1507462.67, 2662314493, 1.55, 4.13, 0.83, 21351.367
2016-07-29, 2, qing_du, 16.15, 17.14, -0.35, 17.20, 17.05, 17.35, 16.81, 1986861.35, 3398190598, 2.05, 3.14, 1.10, 14249.4061
2016-08-01, 2, qing_du, 16.17, 17.17, 0.18, 17.14, 17.01, 17.29, 16.90, 1273062.09, 2180111017, 1.31, 2.28, 0.70, 1354.94208
2016-08-02, 2, qing_du, 16.19, 17.61, 2.56, 17.17, 17.11, 17.70, 17.07, 1604209.56, 2808125318, 1.65, 3.67, 0.88, 14494.89784
2016-08-03, 1, wei_ruo, 16.21, 17.88, 1.53, 17.61, 17.55, 17.97, 17.49, 1515550.97, 2701874068, 1.56, 2.73, 0.82, 1443.89796
2016-08-04, 1, wei_ruo, 16.32, 19.67, 10.01, 17.88, 17.76, 19.67, 17.60, 3713465.82, 6982599192, 3.83, 11.58, 2.05, 14393.43214
2016-08-05, 2, qing_du, 16.50, 20.95, 6.51, 19.67, 20.33, 21.63, 19.96, 3800722.65, 7864094997, 3.91, 8.49, 1.64, 581.70009
2016-08-08, 2, qing_du, 16.70, 21.87, 4.39, 20.95, 20.74, 22.95, 20.55, 3673389.01, 8068063981, 3.78, 11.46, 1.43, 6796.46587
2016-08-09, 3, zhong_du, 16.81, 21.97, 0.46, 21.87, 22.11, 22.29, 21.15, 2146892.95, 4681283180, 2.21, 5.21, 0.75, 2435.57
2016-08-10, 3, zhong_du, 16.91, 21.20, -3.50, 21.97, 21.70, 21.88, 21.00, 2063233.84, 4418914168, 2.13, 4.01, 0.69, 3382.88093
2016-08-11, 3, zhong_du, 16.97, 20.71, -2.31, 21.20, 21.15, 21.37, 20.64, 1580387.96, 3304482713, 1.63, 3.44, 0.51, 498.11411
2016-08-15, 4, gao_du, 17.41, 25.06, 10.01, 22.78, 23.45, 25.06, 23.41, 3216667.46, 7818744297, 3.31, 7.24, 1.23, 2629.78101
2016-08-16, 4, gao_du, 17.74, 27.57, 10.02, 25.06, 26.51, 27.57, 26.11, 3334780.58, 9013552392, 3.43, 5.83, 1.32, 686.51199
2016-08-17, 5, qiang_lie, 18.01, 25.85, -6.24, 27.57, 26.61, 27.44, 25.36, 3054820.59, 8050574128, 3.15, 7.54, 1.09, 14651.76487
2016-08-18, 5, qiang_lie, 18.35, 25.58, -1.04, 25.85, 25.30, 27.68, 24.51, 4133752.08, 10758881395, 4.26, 12.26, 1.38, 17889.12702
2016-08-19, 5, qiang_lie, 18.48, 24.59, -3.87, 25.58, 25.15, 25.32, 24.51, 2069911.63, 5134726398, 2.13, 3.17, 0.59, 2504.85992
2016-08-22, 4, gao_du, 18.60, 24.70, 0.45, 24.59, 24.79, 25.56, 24.44, 1792252.92, 4483677778, 1.85, 4.55, 0.57, 563.73787
2016-08-23, 4, gao_du, 18.71, 24.70, 0.00, 24.70, 24.39, 25.28, 23.83, 1694763.22, 4163383509, 1.75, 5.87, 0.59, 1850.82293
2016-08-24, 4, gao_du, 18.79, 23.99, -2.87, 24.70, 24.40, 24.84, 23.75, 1434476.58, 3474698917, 1.48, 4.41, 0.57, 625.35596
2016-08-25, 3, zhong_du, 18.88, 23.54, -1.88, 23.99, 23.50, 23.94, 22.71, 1821374.91, 4234198627, 1.88, 5.13, 0.82, 466.748
2016-08-26, 3, zhong_du, 18.93, 22.89, -2.76, 23.54, 23.59, 23.59, 22.88, 1200024.09, 2780659164, 1.24, 3.02, 0.68, 456.56204
2016-08-29, 3, zhong_du, 18.96, 22.91, 0.09, 22.89, 22.86, 23.25, 22.75, 782446.19, 1796320546, 0.81, 2.18, 0.49, 645.48707
2016-08-30, 3, zhong_du, 19.00, 22.66, -1.09, 22.91, 22.95, 23.06, 22.55, 909262.53, 2072873250, 0.94, 2.23, 0.65, 595.61181
2016-08-31, 3, zhong_du, 19.12, 24.93, 10.02, 22.66, 22.68, 24.93, 22.60, 2383125.74, 5748581072, 2.45, 10.28, 1.93, 2644.75012
2016-09-01, 3, zhong_du, 19.25, 24.20, 6.80, 22.66, 22.68, 24.68, 22.60, 1284570.27, 3046024430, 1.32, 9.18, 5.80, 545.44616
2016-09-02, 3, zhong_du, 19.25, 24.20, 6.80, 22.66, 22.68, 24.68, 22.60, 1284570.27, 3046024430, 1.32, 9.18, 5.80, 6905.60603
2016-09-05, 3, zhong_du, 19.25, 23.44, -1.39, 23.77, 23.60, 23.68, 23.10, 1028879.58, 2405528943, 1.06, 2.44, 0.72, 626.18804
2016-09-06, 3, zhong_du, 19.25, 23.32, -0.51, 23.44, 23.40, 23.66, 23.00, 982128.51, 2280789507, 1.01, 2.82, 0.69, 8273.46802
2016-09-07, 3, zhong_du, 19.25, 23.27, -0.21, 23.32, 23.54, 23.54, 23.10, 794539.34, 1853115072, 0.82, 1.89, 0.56, 606.9541
2016-09-08, 3, zhong_du, 19.25, 24.20, 6.80, 22.66, 22.68, 24.68, 22.60, 1284570.27, 3046024430, 1.32, 9.18, 5.80, 2566.54906
2016-09-09, 3, zhong_du, 19.25, 24.20, 6.80, 22.66, 22.68, 24.68, 22.60, 1284570.27, 3046024430, 1.32, 9.18, 5.80, 2859.70592
2016-09-12, 3, zhong_du, 19.25, 23.50, 1.42, 23.17, 22.60, 23.97, 22.50, 1379745.64, 3205460969, 1.42, 6.34, 0.97, 743.52407
2016-09-13, 3, zhong_du, 19.25, 23.58, 0.34, 23.50, 23.38, 23.68, 23.20, 887418.09, 2080192649, 0.91, 2.04, 0.63, 581.96115
2016-09-14, 4, gao_du, 19.25, 24.20, 6.80, 22.66, 22.68, 24.68, 22.60, 1284570.27, 3046024430, 1.32, 9.18, 5.80, 629.46892
2016-09-19, 4, gao_du, 19.25, 23.63, 0.21, 23.58, 23.58, 24.00, 23.51, 577650.4, 1368023050, 0.60, 2.08, 0.41, 618.76893
2016-09-20, 4, gao_du, 19.25, 23.62, -0.04, 23.63, 23.63, 23.69, 23.23, 625656.62, 1469696504, 0.64, 1.95, 0.44, 2585.72197
2016-09-21, 4, gao_du, 19.25, 24.62, 4.23, 23.62, 23.55, 24.62, 23.41, 2227502.09, 5345198492, 2.29, 5.12, 1.57, 414.27493
2016-09-22, 4, gao_du, 19.25, 27.00, 9.67, 24.62, 24.80, 27.08, 24.41, 3567456.79, 9350015355, 3.67, 10.84, 2.53, 2535.51483
2016-09-23, 5, qiang_lie, 19.25, 25.46, -5.70, 27.00, 26.32, 26.55, 25.24, 1935845.68, 4997811558, 1.99, 4.85, 1.38, 638.04793
2016-09-26, 5, qiang_lie, 19.25, 24.68, -3.14, 25.48, 25.19, 25.35, 24.40, 1324173.39, 3272364942, 1.36, 3.73, 0.93, 642.7381
2016-09-27, 5, qiang_lie, 19.25, 25.14, 1.86, 24.68, 24.61, 25.69, 24.51, 1553417.9, 3918881041, 1.60, 4.78, 1.09, 649.69993
2016-09-28, 5, qiang_lie, 19.25, 25.80, 2.63, 25.14, 24.88, 26.38, 24.33, 1564090.6, 3989436892, 1.61, 8.15, 1.10, 655.04098
2016-09-29, 4, gao_du, 19.25, 25.99, 0.74, 25.80, 25.68, 26.30, 25.38, 1282985.86, 3327400623, 1.32, 3.57, 0.90, 3248.72804
2016-09-30, 5, qiang_lie, 19.25, 26.17, 0.69, 25.99, 25.90, 27.45, 25.81, 1358410.6, 3600469945, 1.40, 6.31, 0.97, 676.13006
2016-10-10, 5, qiang_lie, 19.25, 25.97, -0.76, 26.17, 25.00, 25.98, 24.66, 1435511.83, 3634603737, 1.48, 5.04, 1.01, 654.83809
2016-10-11, 5, qiang_lie, 19.25, 26.23, 1.00, 25.97, 25.75, 27.41, 25.56, 1507286.16, 4017712913, 1.55, 7.12, 1.06, 786.37505
2016-10-12, 5, qiang_lie, 19.25, 26.60, 1.41, 26.23, 26.00, 26.67, 25.63, 877754, 2296506612, 0.90, 3.96, 0.62, 471.46487
2016-10-13, 5, qiang_lie, 19.25, 26.81, 0.79, 26.60, 26.51, 27.20, 26.30, 1015574.33, 2715384535, 1.05, 3.38, 0.72, 800.50707
2016-10-14, 5, qiang_lie, 20.89, 26.84, 0.11, 26.81, 26.92, 27.25, 26.62, 915143.22, 2462592805, 0.94, 2.35, 0.64, 2557.68704
2016-10-17, 5, qiang_lie, 20.94, 26.51, -1.23, 26.84, 26.50, 26.75, 26.13, 379856.33, 1005214342, 0.39, 2.31, 0.54, 4591.97211
2016-10-18, 5, qiang_lie, 20.97, 26.51, -1.23, 26.84, 26.50, 26.75, 26.13, 379856.33, 1005214342, 0.39, 2.31, 0.54, 437.1109
2016-10-19, 5, qiang_lie, 21.00, , , , , , , , , , , , 456.06709
2016-10-20, 5, qiang_lie, 21.05, 25.94, 0.43, 25.83, 25.72, 26.69, 25.51, 892419.35, 2334841649, 0.92, 4.57, 0.84, 642.56215
2016-10-21, 4, gao_du, 21.09, 25.25, -2.66, 25.94, 25.70, 25.88, 25.16, 818705.76, 2081832794, 0.84, 2.78, 0.75, 2383.38709
2016-10-24, 4, gao_du, 21.11, 25.26, 0.04, 25.25, 25.25, 25.45, 25.01, 512759.35, 1294667324, 0.53, 1.74, 0.48, 945.23501
2016-10-25, 4, gao_du, 21.14, 25.01, -0.91, 25.24, 25.20, 25.34, 24.80, 711492.09, 1779390564, 0.73, 2.14, 0.67, 3453.089
2016-10-26, 3, zhong_du, 21.16, 25.17, 0.64, 25.01, 25.00, 25.25, 24.88, 583825.53, 1463092458, 0.60, 1.48, 0.55, 2511.84893
2016-10-27, 3, zhong_du, 21.18, 24.77, -1.59, 25.17, 25.07, 25.07, 24.70, 425054.95, 1054462106, 0.44, 1.47, 0.40, 675.60601
2016-10-28, 3, zhong_du, 21.20, 24.75, -0.08, 24.77, 24.58, 25.25, 24.50, 631412.99, 1568803274, 0.65, 3.03, 0.59, 2597.63098
2016-10-31, 3, zhong_du, 21.22, 24.92, 0.69, 24.75, 24.75, 25.50, 24.51, 548274.1, 1374214248, 0.56, 4.00, 0.51, 595.81804
2016-11-01, 3, zhong_du, 21.29, 25.79, 3.49, 24.92, 25.20, 26.10, 25.06, 1358772.07, 3476301172, 1.40, 4.17, 1.27, 495.821
2016-11-02, 3, zhong_du, 21.33, 24.91, -3.41, 25.79, 25.45, 25.67, 24.90, 992265.07, 2491959125, 1.02, 2.99, 0.94, 507.06291
2016-11-03, 3, zhong_du, 21.35, 24.87, -0.12, 24.90, 24.77, 25.19, 24.71, 519229.97, 1295407811, 0.53, 1.93, 0.49, 525.54512
2016-11-04, 3, zhong_du, 21.37, 24.59, -1.13, 24.87, 24.84, 25.00, 24.46, 582099.22, 1434751172, 0.60, 2.17, 0.54, 478.36804
2016-11-07, 3, zhong_du, 21.38, 24.16, -1.75, 24.59, 24.47, 24.58, 24.03, 413364.59, 1000427725, 0.43, 2.24, 0.39, 846.10605
2016-11-08, 3, zhong_du, 21.39, 24.22, 0.25, 24.16, 24.16, 24.49, 24.15, 286649.08, 695312905, 0.30, 1.41, 0.27, 416.00084
2016-11-09, 3, zhong_du, 21.57, 26.30, 8.59, 24.22, 24.43, 26.64, 24.35, 4017161.39, 10484546503, 4.14, 9.45, 3.76, 554.71802
2016-11-10, 3, zhong_du, 21.70, 26.62, 1.22, 26.30, 26.00, 28.28, 25.58, 2401624.34, 6534884129, 2.47, 10.27, 2.27, 790.64798
2016-11-11, 3, zhong_du, 21.74, 25.99, -2.15, 26.56, 26.15, 26.77, 25.70, 958462.8, 2495707511, 0.99, 4.03, 0.90, 762.03203
2016-11-14, 3, zhong_du, 21.78, 25.75, -0.92, 25.99, 26.23, 26.25, 25.31, 869663.21, 2231355737, 0.90, 3.62, 0.82, 496.22512
2016-11-15, 3, zhong_du, 21.86, 27.30, 6.23, 25.70, 25.60, 27.80, 25.46, 1071039.98, 2844390719, 1.10, 9.11, 2.01, 810.50706
2016-11-16, 3, zhong_du, 21.90, 26.90, -0.15, 26.94, 26.64, 27.22, 26.09, 534691.59, 1421171750, 0.55, 4.19, 1.00, 495.02301
2016-11-17, 3, zhong_du, 21.93, 27.30, 6.23, 25.70, 25.60, 27.80, 25.46, 1071039.98, 2844390719, 1.10, 9.11, 2.01, 510.55908
2016-11-18, 4, gao_du, 22.02, 27.30, 6.23, 25.70, 25.60, 27.80, 25.46, 1071039.98, 2844390719, 1.10, 9.11, 2.01, 621.03009
2016-11-21, 4, gao_du, 22.10, 27.40, -1.15, 27.72, 27.27, 28.25, 26.01, 1390655.1, 3795901121, 1.43, 8.08, 1.30, 356.745
2016-11-22, 4, gao_du, 22.12, 27.30, -0.36, 27.40, 27.04, 27.42, 26.90, 530389.88, 1441172538, 0.55, 1.90, 0.50, 3776.56794
2016-11-23, 4, gao_du, 22.16, 27.22, -0.29, 27.30, 27.90, 28.07, 26.98, 740906.83, 2029094560, 0.76, 3.99, 0.69, 594.94996
2016-11-24, 4, gao_du, 22.18, 26.93, -1.07, 27.22, 27.08, 27.19, 26.70, 403306.19, 1085043656, 0.42, 1.80, 0.38, 533.78701
2016-11-25, 3, zhong_du, 22.22, 27.19, 0.97, 26.93, 26.79, 27.60, 26.71, 631002.59, 1718627819, 0.65, 3.30, 0.60, 545.12501
2016-11-28, 3, zhong_du, 22.27, 26.38, -3.01, 27.20, 27.36, 27.42, 25.48, 1214723.9, 3220948085, 1.25, 7.13, 1.15, 499.34292
2016-11-29, 3, zhong_du, 22.30, 26.16, -0.83, 26.38, 26.17, 26.53, 25.90, 780600.59, 2049384794, 0.80, 2.39, 0.73, 356.13394
2016-11-30, 3, zhong_du, 22.36, 26.98, 3.13, 26.16, 27.35, 27.99, 26.77, 1173237.81, 3205018872, 1.21, 4.66, 1.11, 441.65993
2016-12-01, 3, zhong_du, 22.41, 26.97, -0.04, 26.98, 26.56, 27.30, 26.30, 950170.59, 2546519579, 0.98, 3.71, 0.89, 452.87204
2016-12-02, 3, zhong_du, 22.43, 26.45, -1.93, 26.97, 26.71, 26.85, 26.37, 515729.72, 1367269531, 0.53, 1.78, 0.48, 510.602
2016-12-05, 3, zhong_du, 22.45, 25.54, -3.44, 26.45, 25.08, 25.98, 24.86, 681369.64, 1737406462, 0.70, 4.23, 0.64, 685.08887
2016-12-06, 2, qing_du, 22.46, 25.38, -0.47, 25.50, 25.15, 25.63, 25.15, 356455.41, 903470473, 0.37, 1.88, 0.33, 602.32401
2016-12-07, 2, qing_du, 22.48, 25.14, -0.95, 25.38, 25.35, 25.37, 24.18, 494623.89, 1230395717, 0.51, 4.69, 0.46, 461.66396
2016-12-08, 1, wei_ruo, 22.48, 24.74, -1.59, 25.14, 25.10, 25.13, 24.70, 380550.84, 944277035, 0.39, 1.71, 0.36, 705.6601
2016-12-09, 1, wei_ruo, 22.50, 24.81, 0.28, 24.74, 24.61, 25.17, 24.37, 481680.45, 1193735856, 0.50, 3.23, 0.45, 531.72994
2016-12-12, 1, wei_ruo, 22.51, 23.26, -6.25, 24.81, 24.78, 24.78, 23.07, 789019.45, 1865280414, 0.81, 6.89, 0.74, 488.46197
2016-12-13, 1, wei_ruo, 22.51, 23.06, -0.86, 23.26, 23.02, 23.28, 21.86, 484500.98, 1098531810, 0.50, 6.10, 0.45, 726.99285
2016-12-14, 1, wei_ruo, 22.51, 22.29, -3.34, 23.06, 22.67, 22.90, 22.20, 412814.57, 931538268, 0.43, 3.04, 0.39, 444.62991
2016-12-15, 1, wei_ruo, 22.51, 22.33, 0.18, 22.29, 22.15, 22.62, 21.88, 355628.67, 792479118, 0.37, 3.32, 0.33, 571.66696
2016-12-16, 1, wei_ruo, 22.51, 22.46, 0.58, 22.33, 22.12, 22.75, 22.12, 293976.18, 660797240, 0.30, 2.82, 0.28, 566.24293
2016-12-19, 1, wei_ruo, 22.50, 21.10, -6.06, 22.46, 22.00, 22.00, 21.04, 700484.97, 1497453236, 0.72, 4.27, 0.66, 617.625
2016-12-20, 1, wei_ruo, 22.48, 20.33, -3.65, 21.10, 21.00, 21.00, 20.15, 719065.42, 1473706467, 0.74, 4.03, 0.67, 639.44602
2016-12-21, 1, wei_ruo, 22.47, 20.48, 0.74, 20.33, 20.20, 20.70, 20.20, 531304.09, 1085459326, 0.55, 2.46, 0.50, 440.87505
2016-12-22, 1, wei_ruo, 22.46, 20.61, 0.63, 20.48, 20.30, 20.77, 20.10, 499717.24, 1023481829, 0.51, 3.27, 0.47, 453.02701
2016-12-23, 1, wei_ruo, 22.45, 20.30, -1.50, 20.61, 20.47, 20.67, 20.25, 324359.08, 662932535, 0.33, 2.04, 0.30, 426.28598
2016-12-26, 1, wei_ruo, 22.45, 20.65, 1.72, 20.30, 20.21, 20.69, 20.12, 378124.79, 776896919, 0.39, 2.81, 0.35, 575.32096
2016-12-27, 1, wei_ruo, 22.44, 21.42, 3.73, 20.65, 20.65, 21.98, 20.59, 743305.48, 1584454683, 0.77, 6.73, 0.70, 509.72509
2016-12-28, 1, wei_ruo, 22.43, 21.20, -1.03, 21.42, 21.24, 21.48, 21.01, 321517.32, 682434428, 0.33, 2.19, 0.30, 495.507
2016-12-29, 1, wei_ruo, 22.43, 20.84, -1.70, 21.20, 21.29, 21.32, 20.70, 322046.01, 673979866, 0.33, 2.92, 0.30, 4604.00891
2016-12-30, 1, wei_ruo, 22.42, 20.55, -1.39, 20.84, 20.88, 20.96, 20.45, 261150, 539245591, 0.27, 2.45, 0.24, 543.14017
2017-01-03, 1, wei_ruo, 22.42, 20.55, -1.39, 20.84, 20.88, 20.96, 20.45, 261150, 539245591, 0.27, 2.45, 0.24, 4519.5539
2017-01-04, 1, wei_ruo, 22.42, 20.85, 0.58, 20.73, 20.74, 20.95, 20.45, 331554.8, 686745321, 0.34, 2.41, 0.31, 516.68596
2017-01-05, 1, wei_ruo, 22.41, 20.93, 0.38, 20.85, 20.85, 21.23, 20.78, 310125.63, 651486106, 0.32, 2.16, 0.29, 541.816
2017-01-06, 1, wei_ruo, 22.41, 20.64, -1.39, 20.93, 20.94, 21.04, 20.61, 235919.54, 489032728, 0.24, 2.05, 0.22, 3784.3461
2017-01-09, 1, wei_ruo, 22.40, 20.66, 0.10, 20.64, 20.60, 20.75, 20.53, 150954.45, 311673794, 0.16, 1.07, 0.14, 615.53597
2017-01-10, 1, wei_ruo, 22.40, 20.67, 0.05, 20.66, 20.67, 20.69, 20.52, 90744.23, 186704327, 0.09, 0.82, 0.17, 472.18609
2017-01-11, 1, wei_ruo, 22.40, 20.67, 0.05, 20.66, 20.67, 20.69, 20.52, 90744.23, 186704327, 0.09, 0.82, 0.17, 604.9068
2017-01-13, 1, wei_ruo, 22.39, 20.67, 0.05, 20.66, 20.67, 20.69, 20.52, 90744.23, 186704327, 0.09, 0.82, 0.17, 545.70794
2017-01-16, 1, wei_ruo, 22.38, 21.00, -3.71, 21.81, 21.81, 21.81, 20.31, 553240.12, 1157108332, 0.57, 6.88, 0.52, 2781.5299
2017-01-17, 1, wei_ruo, 22.38, 20.80, -0.95, 21.00, 20.73, 20.96, 20.39, 321040.4, 663297418, 0.33, 2.71, 0.30, 552.90198
2017-01-18, 1, wei_ruo, 22.37, 20.67, 0.05, 20.66, 20.67, 20.69, 20.52, 90744.23, 186704327, 0.09, 0.82, 0.17, 2624.26805
2017-02-07, 1, wei_ruo, 22.35, 20.57, -0.34, 20.64, 20.64, 20.71, 20.50, 72573.86, 149315841, 0.07, 1.02, 0.16, 602.35906
2017-02-08, 1, wei_ruo, 22.34, 20.69, 0.24, 20.64, 20.64, 20.71, 20.50, 180081.68, 371268086, 0.19, 1.02, 0.17, 484.28583
2017-02-09, 1, wei_ruo, 22.33, 20.77, 0.39, 20.69, 20.71, 21.35, 20.69, 573958.6, 1201027092, 0.59, 3.19, 0.69, 655.59697
2017-02-10, 1, wei_ruo, 22.33, 20.66, -0.67, 20.80, 20.78, 20.78, 20.57, 334926.07, 691827769, 0.34, 1.01, 0.31, 843.15395
2017-02-13, 1, wei_ruo, 22.32, 20.77, 0.53, 20.66, 20.65, 20.85, 20.59, 285171.5, 589942589, 0.29, 1.26, 0.27, 4623.11816
2017-02-14, 1, wei_ruo, 22.32, 20.91, 0.67, 20.77, 20.77, 20.98, 20.70, 369763.69, 771567660, 0.38, 1.35, 0.35, 609.11393
2017-02-15, 1, wei_ruo, 22.31, 20.67, -1.15, 20.91, 20.90, 20.90, 20.66, 287322.57, 595809503, 0.30, 1.15, 0.27, 4534.49798
2017-02-16, 1, wei_ruo, 22.31, 20.68, 0.05, 20.67, 20.67, 20.76, 20.59, 171054.5, 353048702, 0.18, 0.82, 0.16, 772.68887
2017-02-17, 1, wei_ruo, 22.31, 20.54, -0.68, 20.68, 20.68, 20.68, 20.52, 198142.07, 407777722, 0.20, 0.77, 0.19, 2499.63713
2017-02-20, 1, wei_ruo, 22.30, 20.61, 0.34, 20.54, 20.55, 20.73, 20.52, 247483.49, 510716895, 0.25, 1.02, 0.23, 621.52195
2017-02-21, 1, wei_ruo, 22.29, 20.54, -0.68, 20.68, 20.68, 20.68, 20.52, 198142.07, 407777722, 0.20, 0.77, 0.19, 638.1681
2017-02-22, 1, wei_ruo, 22.29, 20.90, -0.38, 20.98, 20.95, 20.95, 20.79, 225366.08, 470272735, 0.23, 0.76, 0.21, 4716.56895
2017-02-23, 1, wei_ruo, 22.29, 20.79, -0.53, 20.90, 20.94, 20.98, 20.72, 191637.66, 398327272, 0.20, 1.24, 0.18, 4617.311
2017-02-24, 1, wei_ruo, 22.28, 20.72, -0.34, 20.79, 20.72, 20.77, 20.62, 217539.89, 449771425, 0.22, 0.72, 0.20, 1510.92815
2017-02-27, 1, wei_ruo, 22.28, 20.65, -0.67, 20.79, 20.72, 20.76, 20.63, 72096.62, 149014611, 0.07, 0.63, 0.37, 2458.0009
2017-02-28, 1, wei_ruo, 22.28, 20.53, 0.05, 20.52, 20.52, 20.59, 20.47, 159762.21, 327716632, 0.16, 0.58, 0.15, 574.9712
2017-03-01, 1, wei_ruo, 22.27, 20.50, -0.15, 20.53, 20.55, 20.59, 20.49, 250601.19, 514166300, 0.26, 0.49, 0.23, 618.81399
2017-03-02, 1, wei_ruo, 22.27, 20.34, -0.78, 20.50, 20.52, 20.54, 20.33, 222827, 454426641, 0.23, 1.02, 0.21, 892.49015
2017-03-03, 1, wei_ruo, 22.26, 20.20, -0.69, 20.34, 20.34, 20.37, 20.12, 170260.59, 344069858, 0.18, 1.23, 0.16, 4985.08596
2017-03-06, 1, wei_ruo, 22.26, 20.22, 0.10, 20.20, 20.25, 20.39, 20.14, 276336.98, 559074363, 0.28, 1.24, 0.26, 182906.04901
2017-03-07, 1, wei_ruo, 22.25, 20.67, 2.02, 20.26, 20.27, 20.75, 20.26, 343027.16, 705261879, 0.35, 2.42, 0.77, 4529.562
2017-03-08, 1, wei_ruo, 22.24, 20.72, 2.27, 20.26, 20.27, 20.85, 20.26, 657862.44, 1358826200, 0.68, 2.91, 0.62, 2605.27587
2017-03-09, 1, wei_ruo, 22.24, 20.51, -1.01, 20.72, 20.60, 20.73, 20.35, 246039.11, 504798751, 0.25, 1.83, 0.23, 62881.85501
2017-03-10, 1, wei_ruo, 22.23, 20.60, 0.44, 20.51, 20.52, 20.75, 20.52, 236308.45, 488181187, 0.24, 1.12, 0.22, 538.37705
2017-03-13, 1, wei_ruo, 22.23, 20.71, 0.53, 20.60, 20.65, 20.88, 20.51, 419235.14, 869278705, 0.43, 1.80, 0.39, 1141.29615
2017-03-14, 1, wei_ruo, 22.22, 21.57, 4.15, 20.71, 20.81, 22.40, 20.72, 1209940.29, 2610434158, 1.25, 8.11, 1.13, 705.70803
2017-03-15, 1, wei_ruo, 22.22, 21.29, -1.30, 21.57, 21.36, 21.57, 21.00, 506426.69, 1077880889, 0.52, 2.64, 0.47, 2574.37897
2017-03-16, 1, wei_ruo, 22.21, 21.27, -0.09, 21.29, 21.41, 21.68, 21.13, 516623.92, 1101853842, 0.53, 2.58, 0.48, 424.28493
2017-03-17, 1, wei_ruo, 22.21, 21.54, 1.27, 21.27, 22.00, 22.28, 21.50, 789146.55, 1719091622, 0.81, 3.67, 0.74, 2590.46006
2017-03-20, 1, wei_ruo, 22.20, 21.13, -1.90, 21.54, 21.49, 21.49, 20.85, 555865.13, 1170268059, 0.57, 2.97, 0.52, 602.61989
2017-03-21, 1, wei_ruo, 22.20, 21.18, 0.24, 21.13, 21.01, 21.34, 20.82, 288242.96, 608369917, 0.30, 2.46, 0.27, 599.88499
2017-03-22, 1, wei_ruo, 22.19, 21.07, -0.52, 21.18, 21.15, 21.17, 20.95, 243581.36, 512675947, 0.25, 1.04, 0.23, 594.91897
2017-03-23, 1, wei_ruo, 22.19, 21.45, 1.80, 21.07, 21.08, 21.91, 20.96, 534906.34, 1144906754, 0.55, 4.51, 0.50, 582.19695
2017-03-24, 1, wei_ruo, 22.19, 21.49, 0.19, 21.45, 21.40, 21.69, 21.30, 384483.42, 825818868, 0.40, 1.82, 0.36, 576.90406
2017-03-27, 1, wei_ruo, 22.18, 21.20, -1.35, 21.49, 21.58, 21.60, 21.10, 394654.74, 842704878, 0.41, 2.33, 0.37, 512.63499
2017-03-28, 1, wei_ruo, 22.18, 21.27, 0.33, 21.20, 21.20, 21.43, 21.02, 258551.77, 548747229, 0.27, 1.93, 0.24, 641.24417
2017-03-29, 1, wei_ruo, 22.18, 21.01, -1.22, 21.27, 21.28, 21.29, 21.00, 231035.6, 487586663, 0.24, 1.36, 0.22, 661.59296
2017-03-30, 1, wei_ruo, 22.17, 20.53, -2.28, 21.01, 21.00, 21.06, 20.48, 317640.4, 656689639, 0.33, 2.76, 0.30, 603.62315
2017-03-31, 1, wei_ruo, 22.17, 20.58, 0.24, 20.53, 20.53, 20.64, 20.51, 153297.08, 315290025, 0.16, 0.63, 0.14, 603.05285
2017-04-05, 1, wei_ruo, 22.16, 20.58, 0.00, 20.58, 20.63, 21.00, 20.55, 851996.75, 1758702694, 0.88, 2.19, 0.80, 709.10597
2017-04-06, 1, wei_ruo, 22.15, 20.79, 1.02, 20.58, 20.63, 20.85, 20.58, 533712.94, 1105684881, 0.55, 1.31, 0.50, 2677.14787
2017-04-07, 1, wei_ruo, 22.15, 20.80, 0.05, 20.79, 20.79, 20.91, 20.67, 313906.35, 652368860, 0.32, 1.15, 0.29, 671.14806
2017-04-10, 1, wei_ruo, 22.14, 20.60, -0.96, 20.80, 20.72, 20.75, 20.51, 274599.4, 565963441, 0.28, 1.15, 0.26, 659.24907
2017-04-11, 1, wei_ruo, 22.13, 20.70, 0.49, 20.60, 20.60, 20.70, 20.20, 458860.18, 938204314, 0.47, 2.43, 0.43, 571.99478
2017-04-12, 1, wei_ruo, 22.13, 21.02, 1.55, 20.70, 20.70, 21.57, 20.70, 645855.36, 1363421135, 0.67, 4.20, 0.60, 582.47304
2017-04-13, 1, wei_ruo, 22.12, 20.94, -0.38, 21.02, 21.00, 21.15, 20.72, 269101.39, 562839617, 0.28, 2.05, 0.25, 632.89785
2017-04-14, 1, wei_ruo, 22.12, 20.64, -1.43, 20.94, 20.92, 20.92, 20.60, 218505.97, 452007098, 0.23, 1.53, 0.20, 650.70295
2017-04-17, 1, wei_ruo, 22.12, 20.56, -0.39, 20.64, 20.64, 20.64, 20.37, 163623.63, 335002734, 0.17, 1.31, 0.15, 1006.96778
2017-04-18, 1, wei_ruo, 22.12, 20.47, -0.44, 20.56, 20.56, 20.65, 20.46, 135988.82, 279288150, 0.14, 0.92, 0.13, 727.38695
2017-04-19, 1, wei_ruo, 22.11, 20.53, 0.29, 20.47, 20.45, 20.62, 20.30, 196327.59, 401696832, 0.20, 1.56, 0.18, 583.52613
2017-04-20, 1, wei_ruo, 22.11, 20.63, 0.49, 20.53, 20.50, 20.75, 20.50, 248213.78, 512035281, 0.26, 1.22, 0.23, 672.41883
2017-04-21, 1, wei_ruo, 22.11, 20.68, 0.24, 20.63, 20.64, 20.75, 20.55, 208444.57, 430650189, 0.21, 0.97, 0.20, 562.14118
2017-04-24, 1, wei_ruo, 22.10, 20.43, -1.21, 20.68, 20.68, 20.69, 20.31, 180092.95, 368489230, 0.19, 1.84, 0.17, 594.18392
2017-04-25, 1, wei_ruo, 22.10, 20.55, 0.59, 20.43, 20.44, 20.63, 20.40, 136163.42, 279061574, 0.14, 1.13, 0.13, 790.97605
2017-04-26, 1, wei_ruo, 22.10, 20.36, -0.92, 20.55, 20.49, 20.53, 20.34, 186192.9, 379882400, 0.19, 0.92, 0.17, 1109.74598
2017-04-27, 1, wei_ruo, 22.09, 19.76, -2.95, 20.36, 20.32, 20.33, 19.00, 519118.45, 1018995251, 0.53, 6.53, 0.49, 643.79382
2017-04-28, 1, wei_ruo, 22.08, 19.50, -1.32, 19.76, 19.38, 19.55, 19.13, 357431.15, 690773486, 0.37, 2.13, 0.33, 639.1778
2017-05-02, 1, wei_ruo, 22.07, 19.20, -1.54, 19.50, 19.30, 19.37, 19.10, 184423.67, 353863949, 0.19, 1.38, 0.17, 587.08382
2017-05-03, 1, wei_ruo, 22.06, 18.86, -1.77, 19.20, 19.20, 19.25, 18.83, 269266.11, 511549326, 0.28, 2.19, 0.25, 648.01812
2017-05-04, 1, wei_ruo, 22.06, 19.02, 0.85, 18.86, 18.90, 19.19, 18.90, 178467.05, 340627392, 0.18, 1.54, 0.17, 680.48501
2017-05-05, 1, wei_ruo, 22.05, 18.89, -0.68, 19.02, 18.95, 19.07, 18.81, 116550.82, 220659845, 0.12, 1.37, 0.11, 640.46812
2017-05-11, 1, wei_ruo, 22.02, 19.24, 3.05, 18.67, 18.67, 19.40, 18.50, 347254.93, 661591578, 0.36, 4.82, 0.33, 639.77003
2017-05-12, 1, wei_ruo, 22.02, 19.40, 0.83, 19.24, 19.11, 19.45, 18.93, 222193.76, 426308513, 0.23, 2.70, 0.21, 457.71003
2017-05-15, 1, wei_ruo, 22.02, 19.34, -0.31, 19.40, 19.40, 19.47, 19.27, 122093.25, 236414786, 0.13, 1.03, 0.11, 591.90106
2017-05-16, 1, wei_ruo, 22.01, 19.23, -0.57, 19.34, 19.30, 19.31, 18.87, 189232.8, 360407235, 0.19, 2.28, 0.18, 538.48314
2017-05-17, 1, wei_ruo, 22.01, 19.14, -0.47, 19.23, 19.13, 19.18, 19.01, 139247.57, 265877523, 0.14, 0.88, 0.13, 2650.81096
2017-05-18, 1, wei_ruo, 22.00, 19.04, -0.52, 19.14, 19.02, 19.12, 18.97, 104260.53, 198884858, 0.11, 0.78, 0.10, 625.43607
2017-05-19, 1, wei_ruo, 22.00, 19.17, 0.68, 19.04, 19.07, 19.19, 19.02, 102373.29, 195769345, 0.11, 0.89, 0.10, 613.70087
2017-05-22, 1, wei_ruo, 21.99, 19.07, -0.52, 19.17, 19.17, 19.17, 18.84, 147292.87, 280016352, 0.15, 1.72, 0.14, 495.3742
2017-05-23, 1, wei_ruo, 21.99, 19.23, 0.84, 19.07, 19.01, 19.30, 18.92, 202716.37, 387974307, 0.21, 1.99, 0.19, 759.78398
2017-05-24, 1, wei_ruo, 21.98, 19.19, -0.21, 19.23, 19.14, 19.31, 18.92, 189289.92, 362272697, 0.19, 2.03, 0.18, 652.179
2017-05-25, 1, wei_ruo, 21.97, 20.50, 6.83, 19.19, 19.15, 20.83, 19.12, 896979.25, 1815758310, 0.92, 8.91, 0.84, 632.11489
2017-05-26, 1, wei_ruo, 21.96, 20.55, 0.24, 20.50, 20.30, 20.75, 20.07, 400658.93, 814867078, 0.41, 3.32, 0.38, 605.08609
2017-05-31, 1, wei_ruo, 21.96, 21.26, 3.45, 20.55, 21.49, 21.58, 20.90, 682330.32, 1447984277, 0.70, 3.31, 0.64, 1317.46197
2017-06-01, 2, qing_du, 21.95, 21.09, -0.80, 21.26, 21.10, 21.37, 20.93, 266365.05, 562162013, 0.27, 2.07, 0.25, 664.40916
2017-06-02, 3, zhong_du, 21.95, 20.95, -0.66, 21.09, 21.08, 21.30, 20.78, 235397.43, 493992186, 0.24, 2.47, 0.22, 703.03583
2017-06-05, 3, zhong_du, 21.95, 21.10, 0.72, 20.95, 20.75, 21.26, 20.71, 285544.45, 602173927, 0.29, 2.63, 0.27, 18778.21112
2017-06-06, 3, zhong_du, 21.94, 20.87, -1.09, 21.10, 21.05, 21.45, 20.83, 492775.87, 1044876413, 0.51, 2.94, 0.46, 16610.70108
2017-06-12, 3, zhong_du, 21.94, 21.70, 3.98, 20.87, 21.48, 22.80, 21.48, 944276.46, 2080848959, 0.97, 6.32, 0.88, 15557.08504
2017-06-13, 3, zhong_du, 21.94, 22.00, 1.38, 21.70, 21.91, 22.46, 21.50, 471001.92, 1040218312, 0.49, 4.42, 0.44, 4603.27411
2017-06-14, 3, zhong_du, 21.94, 21.35, -2.95, 22.00, 21.90, 21.90, 21.32, 370107.35, 798534301, 0.38, 2.64, 0.35, 2647.72797
2017-06-15, 3, zhong_du, 21.94, 21.04, -1.45, 21.35, 21.26, 21.30, 20.82, 233208.62, 489523685, 0.24, 2.25, 0.22, 553.68614
2017-06-16, 3, zhong_du, 21.94, 20.94, -0.48, 21.04, 21.05, 21.18, 20.90, 139298.22, 292396355, 0.14, 1.33, 0.13, 766.66903
2017-06-19, 2, qing_du, 21.94, 20.98, 0.19, 20.94, 20.94, 21.07, 20.90, 118915.52, 249680284, 0.12, 0.81, 0.11, 657.56202
2017-06-20, 2, qing_du, 21.94, 21.03, 0.24, 20.98, 20.94, 21.27, 20.82, 236755.86, 497795185, 0.24, 2.14, 0.22, 621.19198
2017-06-21, 2, qing_du, 21.93, 21.04, 0.05, 21.03, 21.35, 21.43, 20.90, 194542.51, 411153771, 0.20, 2.52, 0.18, 736.94396
2017-06-22, 3, zhong_du, 21.93, 21.88, 3.99, 21.04, 21.10, 22.30, 21.10, 715929.06, 1562559167, 0.74, 5.70, 0.67, 606.2479
2017-06-23, 3, zhong_du, 21.95, 24.07, 10.01, 21.88, 21.84, 24.07, 21.80, 1251186.77, 2905465113, 1.29, 10.37, 1.17, 790.22884
2017-06-26, 4, gao_du, 22.02, 26.48, 10.01, 24.07, 24.94, 26.48, 24.55, 1711182.98, 4396209720, 1.76, 8.02, 1.60, 554.75903
2017-06-27, 4, gao_du, 22.06, 25.54, -3.55, 26.48, 26.01, 26.03, 25.17, 1198380.3, 3059693495, 1.23, 3.25, 1.12, 671.38696
2017-06-28, 5, qiang_lie, 22.09, 25.00, -2.11, 25.54, 25.38, 25.89, 24.78, 946320.09, 2391062421, 0.97, 4.35, 0.89, 686.47885
2017-06-29, 5, qiang_lie, 22.12, 25.16, 0.64, 25.00, 25.16, 25.42, 24.56, 706958.31, 1767701602, 0.73, 3.44, 0.66, 6546.51904
2017-06-30, 5, qiang_lie, 22.13, 24.97, -0.76, 25.16, 25.00, 25.39, 24.64, 595614.83, 1487556605, 0.61, 2.98, 0.56, 567.57998
2017-07-03, 5, qiang_lie, 22.14, 24.57, -1.60, 24.97, 24.76, 25.20, 24.36, 452937.99, 1115270383, 0.47, 3.36, 0.42, 574.39494
2017-07-04, 4, gao_du, 22.16, 23.86, -2.89, 24.57, 24.57, 24.93, 23.52, 740518.74, 1798526827, 0.76, 5.74, 0.69, 576.43318
2017-07-05, 4, gao_du, 22.18, 24.54, 2.85, 23.86, 23.94, 24.65, 23.43, 747827.98, 1802258145, 0.77, 5.11, 0.70, 739.06183
2017-07-06, 4, gao_du, 22.19, 24.22, -1.30, 24.54, 24.30, 24.66, 23.95, 474769.22, 1154892664, 0.49, 2.89, 0.44, 3638.29303
2017-07-07, 4, gao_du, 22.20, 24.66, 1.82, 24.22, 24.27, 25.09, 24.03, 583982.56, 1442448492, 0.60, 4.38, 0.55, 704.43916
2017-07-10, 4, gao_du, 22.22, 24.43, -0.93, 24.66, 24.40, 25.38, 24.22, 609251.94, 1510229003, 0.63, 4.70, 0.57, 560.00805
2017-07-11, 5, qiang_lie, 22.23, 24.75, 1.31, 24.43, 24.27, 25.10, 24.15, 475520.25, 1179893510, 0.49, 3.89, 0.45, 474.94602
2017-07-12, 5, qiang_lie, 22.26, 25.46, 2.87, 24.75, 25.70, 26.70, 25.22, 996895.18, 2583415792, 1.03, 5.98, 0.93, 1377.14291
2017-07-13, 5, qiang_lie, 22.29, 24.43, -4.05, 25.46, 24.91, 25.35, 24.40, 833370.31, 2064324255, 0.86, 3.73, 0.78, 772.25304
2017-07-14, 5, qiang_lie, --, 24.59, 0.65, 24.43, 24.45, 24.83, 24.36, 201797.31, 495832294, 0.21, 1.92, 0.19, 571.15197
2017-07-18, 5, qiang_lie, 22.32, 25.30, 2.89, 24.59, 25.58, 25.80, 24.88, 791833.77, 2004962442, 0.82, 3.74, 0.74, 560.00304
2017-07-19, 5, qiang_lie, --, 25.14, -0.63, 25.30, 24.85, 26.06, 24.43, 1008070.7, 2526934175, 1.04, 6.44, 0.94, 550.13394
2017-07-20, 5, qiang_lie, --, 25.35, 0.84, 25.14, 24.85, 25.64, 24.73, 633677.05, 1598967701, 0.65, 3.62, 0.59, 471.85302
2017-07-21, 5, qiang_lie, --, 24.78, -2.25, 25.35, 25.19, 25.64, 24.65, 477662.55, 1195588636, 0.49, 3.91, 0.45, 495.35704
2017-07-24, 5, qiang_lie, 22.39, 23.80, -3.95, 24.78, 24.70, 24.72, 23.38, 835260.09, 2000738201, 0.86, 5.41, 0.78, 15689.15796
2017-07-25, 5, qiang_lie, --, 23.26, -2.27, 23.80, 23.60, 23.74, 23.22, 362654.8, 849637919, 0.37, 2.18, 0.34, 686.68389
2017-07-26, 4, gao_du, --, 23.42, 0.69, 23.26, 23.28, 23.68, 23.23, 307159.42, 719797707, 0.32, 1.93, 0.29, 812.08706
2017-07-27, 3, zhong_du, 22.40, 23.00, -1.79, 23.42, 23.45, 23.63, 22.94, 426351.28, 991318780, 0.44, 2.95, 0.40, 691.33902
2017-07-28, 3, zhong_du, 22.41, 23.63, 2.74, 23.00, 23.00, 23.84, 23.00, 412507.68, 971981311, 0.42, 3.65, 0.39, 683.05016
2017-07-31, 3, zhong_du, 22.41, 23.37, -1.10, 23.63, 23.52, 23.58, 23.10, 309424.82, 721127920, 0.32, 2.03, 0.29, 836.40289
2017-08-01, 3, zhong_du, 22.41, 23.42, 0.21, 23.37, 23.35, 23.55, 23.20, 209522.62, 490486919, 0.22, 1.50, 0.20, 722.66507
2017-08-02, 3, zhong_du, 22.42, 23.58, 0.68, 23.42, 23.45, 24.12, 23.43, 353910.17, 841309696, 0.36, 2.95, 0.33, 4657.10211
2017-08-03, 3, zhong_du, 22.42, 23.11, -1.99, 23.58, 23.58, 23.58, 22.79, 455189.39, 1047661125, 0.47, 3.35, 0.43, 672.25099
2017-08-04, 3, zhong_du, 22.42, 22.84, -1.17, 23.11, 23.00, 23.06, 22.71, 296123.06, 676533261, 0.30, 1.51, 0.28, 682.19995
2017-08-07, 3, zhong_du, 22.42, 22.71, -0.57, 22.84, 22.82, 23.05, 22.68, 234091.49, 533908530, 0.24, 1.62, 0.22, 639.08195
2017-08-08, 2, qing_du, 22.42, 22.77, 0.26, 22.71, 22.81, 22.81, 22.58, 191585.01, 434919030, 0.20, 1.01, 0.18, 730.67284
2017-08-09, 2, qing_du, 22.42, 22.95, 0.79, 22.77, 22.80, 23.08, 22.71, 244983.95, 561145593, 0.25, 1.62, 0.23, 708.915
2017-08-10, 2, qing_du, 22.42, 22.80, -0.65, 22.95, 22.99, 22.99, 22.53, 239302.29, 543681994, 0.25, 2.00, 0.22, 842.61012
2017-08-11, 2, qing_du, 22.42, 22.02, -3.42, 22.80, 22.60, 22.69, 22.00, 344130.96, 768450897, 0.35, 3.03, 0.32, 617.18917
2017-08-14, 1, wei_ruo, 22.42, 21.95, -0.32, 22.02, 22.12, 22.25, 21.73, 400870.39, 879296826, 0.41, 2.36, 0.38, 696.05899
2017-08-15, 1, wei_ruo, 22.42, 22.02, 0.32, 21.95, 21.99, 22.18, 21.86, 247722.45, 544574594, 0.26, 1.46, 0.23, 825.64402
2017-08-16, 1, wei_ruo, 22.42, 21.86, -0.73, 22.02, 22.10, 22.10, 21.75, 229564.85, 501790367, 0.24, 1.59, 0.21, 601.01604
2017-08-17, 1, wei_ruo, 22.42, 21.92, 0.27, 21.86, 21.90, 21.97, 21.72, 197748.76, 433006766, 0.20, 1.14, 0.19, 3623.12198
2017-08-18, 1, wei_ruo, 22.42, 22.82, 4.11, 21.92, 21.88, 22.95, 21.81, 552724.8, 1242948881, 0.57, 5.20, 0.52, 2671.90909
2017-08-21, 1, wei_ruo, 22.42, 22.62, -0.88, 22.82, 22.70, 22.81, 22.39, 287832.45, 649571378, 0.30, 1.84, 0.27, 1497.82991
2017-08-22, 1, wei_ruo, 22.42, 23.21, 2.61, 22.62, 22.78, 23.40, 22.65, 504123.49, 1167246978, 0.52, 3.32, 0.47, 622.62297
2017-08-23, 1, wei_ruo, 22.43, 23.24, 0.13, 23.21, 23.25, 23.30, 22.92, 222221.18, 514484895, 0.23, 1.64, 0.21, 1015.77401
2017-08-24, 1, wei_ruo, 22.43, 23.09, -0.65, 23.24, 23.18, 23.32, 22.85, 180488.96, 417300228, 0.19, 2.02, 0.17, 940.40918
2017-08-25, 1, wei_ruo, 22.43, 23.20, 0.48, 23.09, 23.50, 23.68, 23.14, 483898.58, 1131198661, 0.50, 2.34, 0.45, 1695.79411
2017-08-28, 1, wei_ruo, 22.44, 24.01, 3.49, 23.20, 23.27, 24.42, 23.27, 898477.81, 2154997909, 0.93, 4.96, 0.84, 735.2798
2017-08-29, 1, wei_ruo, 21.71, 23.36, 0.60, 23.22, 23.38, 23.57, 22.85, 436613.54, 1015608551, 0.45, 3.10, 0.41, 644.36388
2017-08-30, 1, wei_ruo, 21.72, 23.24, -0.51, 23.36, 23.52, 23.58, 23.23, 337202.17, 789291579, 0.35, 1.50, 0.32, 583.47917
2017-08-31, 1, wei_ruo, 21.72, 23.16, -0.34, 23.24, 23.19, 23.43, 23.01, 197187.67, 457744367, 0.20, 1.81, 0.37, 314.18705
2017-09-01, 1, wei_ruo, 21.73, 23.16, -0.34, 23.24, 23.19, 23.43, 23.01, 197187.67, 457744367, 0.20, 1.81, 0.37, 640.83385
2017-09-04, 1, wei_ruo, 21.73, 23.16, -0.34, 23.24, 23.19, 23.43, 23.01, 197187.67, 457744367, 0.20, 1.81, 0.37, 575.81306
2017-09-05, 2, qing_du, 21.74, 23.16, -0.34, 23.24, 23.19, 23.43, 23.01, 197187.67, 457744367, 0.20, 1.81, 0.37, 554.34513
2017-09-06, 2, qing_du, 21.75, 23.16, -0.34, 23.24, 23.19, 23.43, 23.01, 197187.67, 457744367, 0.20, 1.81, 0.37, 613.065
2017-09-07, 2, qing_du, 21.80, 25.97, 9.12, 23.80, 23.96, 26.18, 23.96, 1274569.91, 3234474327, 1.31, 9.33, 1.19, 995.44811
2017-09-08, 3, zhong_du, 21.83, 25.79, -0.69, 25.97, 25.90, 26.28, 25.16, 795767.75, 2043297941, 0.82, 4.31, 0.75, 1661.81993
2017-09-11, 3, zhong_du, 21.85, 25.28, -1.98, 25.79, 25.61, 26.39, 25.03, 582773.4, 1493511045, 0.60, 5.27, 0.55, 677.3622
2017-09-12, 3, zhong_du, 21.87, 25.26, -0.08, 25.28, 25.03, 25.47, 24.82, 442261.63, 1112832817, 0.46, 2.57, 0.41, 2648.6001
2017-09-13, 3, zhong_du, 21.89, 25.76, 1.98, 25.26, 25.30, 26.05, 24.99, 467463.77, 1201265104, 0.48, 4.20, 0.44, 4640.98001
2017-09-14, 4, gao_du, 21.95, 27.56, 6.99, 25.76, 25.78, 28.06, 25.55, 1150696.14, 3120331890, 1.19, 9.74, 1.08, 750.80204
2017-09-15, 4, gao_du, 22.06, 29.30, 6.31, 27.56, 27.50, 30.22, 27.47, 1550495.61, 4549589507, 1.60, 9.98, 1.45, 14043.37692
2017-09-18, 4, gao_du, 22.13, 28.04, -4.30, 29.30, 29.01, 29.74, 27.99, 1063043.07, 3051116143, 1.09, 5.97, 1.00, 614.96019
2017-09-19, 4, gao_du, 22.21, 28.77, 2.60, 28.04, 28.27, 30.10, 28.10, 1196308.5, 3484566602, 1.23, 7.13, 1.12, 691.98585
2017-09-20, 4, gao_du, 22.26, 28.73, -0.14, 28.77, 28.50, 29.55, 28.00, 613095.75, 1763105246, 0.63, 5.39, 0.57, 686.75995
2017-09-21, 4, gao_du, 22.29, 28.40, -1.15, 28.73, 28.50, 29.06, 27.75, 536324.02, 1515969571, 0.55, 4.56, 0.50, 938.07602
2017-09-22, 4, gao_du, 22.32, 27.81, -2.08, 28.40, 28.39, 28.67, 27.52, 423093.1, 1184003288, 0.44, 4.05, 0.40, 769.36007
2017-09-25, 4, gao_du, 22.35, 26.12, -6.08, 27.81, 27.20, 27.20, 26.10, 722702.58, 1913322931, 0.74, 3.96, 0.68, 596.34304
2017-09-26, 3, zhong_du, 22.37, 26.76, 2.45, 26.12, 26.12, 27.22, 26.10, 593044.56, 1585098004, 0.61, 4.29, 0.56, 120838.07087
2017-09-27, 3, zhong_du, 22.39, 26.84, 0.30, 26.76, 27.00, 27.28, 26.52, 367534.16, 990737968, 0.38, 2.84, 0.34, 599.55287
2017-09-28, 3, zhong_du, 22.40, 26.41, -1.60, 26.84, 27.00, 27.15, 26.40, 262347, 699235160, 0.27, 2.79, 0.25, 482.512
2017-09-29, 3, zhong_du, 22.42, 26.25, -0.61, 26.41, 26.56, 26.80, 26.00, 345752.68, 908847293, 0.36, 3.03, 0.32, 31832.9289
2017-10-10, 3, zhong_du, 22.46, 26.59, 0.45, 26.47, 26.40, 26.69, 26.19, 367101.28, 970161610, 0.38, 1.89, 0.34, 577.91519
2017-10-12, 3, zhong_du, 22.50, 27.10, 0.86, 26.87, 26.99, 27.20, 26.72, 348979.7, 941856394, 0.36, 1.79, 0.33, 828.3608
2017-10-13, 3, zhong_du, 22.51, 26.93, -0.63, 27.10, 27.20, 27.58, 26.81, 329928.03, 894966611, 0.34, 2.84, 0.31, 611.60207
2017-10-16, 3, zhong_du, 22.53, 26.31, -2.30, 26.93, 26.96, 26.97, 26.13, 315008.07, 833062331, 0.32, 3.12, 0.29, 620.85199
2017-10-17, 3, zhong_du, 22.53, 26.21, -0.38, 26.31, 26.32, 26.52, 26.14, 184811.06, 485403638, 0.19, 1.44, 0.17, 626.49298
2017-10-18, 3, zhong_du, 22.55, 26.43, 0.84, 26.21, 26.21, 26.56, 25.61, 334052.39, 870086806, 0.34, 3.62, 0.31, 722.50509
2017-10-19, 3, zhong_du, 22.55, 26.05, -1.44, 26.43, 26.44, 26.57, 26.01, 202525.56, 532422122, 0.21, 2.12, 0.19, 2595.83116
2017-10-20, 3, zhong_du, 22.56, 26.16, 0.42, 26.05, 26.00, 26.23, 25.73, 145915.37, 379610561, 0.15, 1.92, 0.14, 2687.12187
2017-10-23, 3, zhong_du, 22.57, 25.93, -0.88, 26.16, 26.17, 26.20, 25.77, 197527.2, 512609826, 0.20, 1.64, 0.18, 786.30996
2017-10-24, 3, zhong_du, 22.59, 27.00, 4.13, 25.93, 25.81, 27.20, 25.81, 509187.97, 1367035397, 0.52, 5.36, 0.48, 880.2681
2017-10-25, 3, zhong_du, 22.61, 27.43, 1.59, 27.00, 27.01, 28.00, 26.86, 445727.42, 1230082311, 0.46, 4.22, 0.42, 733.75607
2017-10-26, 3, zhong_du, 22.63, 27.53, 0.36, 27.43, 27.30, 27.88, 26.91, 422766.85, 1159749141, 0.44, 3.54, 0.40, 642.38596
2017-10-27, 4, gao_du, 22.65, 27.50, -0.11, 27.53, 27.70, 28.28, 27.26, 447443.84, 1241370689, 0.46, 3.71, 0.42, 645.57886
2017-10-30, 4, gao_du, 22.69, 28.98, 5.38, 27.50, 27.50, 29.00, 27.41, 676711.06, 1913212383, 0.70, 5.78, 0.63, 712.74185
2017-10-31, 4, gao_du, 22.72, 28.96, -0.07, 28.98, 28.80, 29.28, 28.28, 463277.75, 1334576823, 0.48, 3.45, 0.43, 564.58306
2017-11-01, 5, qiang_lie, 22.77, 29.15, 0.66, 28.96, 28.96, 30.54, 28.73, 622931.18, 1849006198, 0.64, 6.25, 0.58, 732.01394
2017-11-02, 5, qiang_lie, 22.79, 29.45, 1.03, 29.15, 29.30, 29.48, 28.68, 361906.48, 1053595804, 0.37, 2.74, 0.34, 722.05114
2017-11-03, 5, qiang_lie, 22.82, 28.19, -4.28, 29.45, 29.23, 29.52, 28.05, 455428.48, 1305014433, 0.47, 4.99, 0.43, 833.06694
2017-11-06, 4, gao_du, 22.84, 27.46, -2.59, 28.19, 28.20, 28.27, 26.95, 509485.09, 1395554476, 0.52, 4.68, 0.48, 760.52499
2017-11-07, 4, gao_du, 22.86, 27.85, 1.42, 27.46, 27.36, 27.95, 27.30, 379818.14, 1052691827, 0.39, 2.37, 0.36, 778.77903
2017-11-10, 3, zhong_du, 22.91, 27.51, -0.58, 27.67, 27.60, 27.83, 27.36, 305912.74, 841979145, 0.32, 1.70, 0.77, 2628.92318
2017-11-13, 2, qing_du, 22.92, 27.06, -1.64, 27.51, 27.45, 27.49, 26.80, 347146.47, 941038616, 0.36, 2.51, 0.95, 557.693
2017-11-14, 2, qing_du, 22.96, 28.50, 5.32, 27.06, 27.05, 28.50, 26.70, 735825.54, 2042078588, 0.76, 6.65, 2.21, 660.41613
2017-11-15, 2, qing_du, 22.99, 28.44, -0.21, 28.50, 28.28, 28.66, 27.91, 541077.77, 1532168877, 0.56, 2.63, 1.34, 584.84316
2017-11-16, 3, zhong_du, 23.03, 28.94, 1.76, 28.44, 28.35, 29.38, 28.32, 574432.13, 1663430808, 0.59, 3.73, 1.33, 8778.21112
2017-11-17, 3, zhong_du, 23.06, 28.90, -0.14, 28.94, 28.85, 29.60, 28.60, 563943.99, 1639436318, 0.58, 3.46, 1.13, 899.17302
2017-11-20, 3, zhong_du, 23.08, 28.90, 0.00, 28.90, 28.80, 29.01, 27.48, 395088.49, 1118755733, 0.41, 5.29, 0.72, 592.89193
2017-11-21, 4, gao_du, 23.17, 31.79, 10.00, 28.90, 28.54, 31.79, 28.54, 1081788.62, 3289379109, 1.11, 11.25, 1.92, 502.59495
2017-11-22, 4, gao_du, 23.27, 32.50, 2.23, 31.79, 31.90, 33.08, 31.54, 1052969.77, 3398210521, 1.08, 4.84, 1.67, 390.96189
2017-11-23, 5, qiang_lie, 23.32, 31.30, -3.69, 32.50, 32.42, 32.74, 31.02, 580325.38, 1851670288, 0.60, 5.29, 0.79, 521.27886
2017-11-24, 5, qiang_lie, 23.36, 31.80, 1.60, 31.30, 31.18, 32.29, 30.47, 524343.06, 1653488218, 0.54, 5.81, 0.71, 610.91495
2017-11-27, 5, qiang_lie, 23.41, 31.52, -0.88, 31.80, 31.45, 32.60, 30.59, 521581.28, 1640697007, 0.54, 6.32, 0.72, 2810.41908
2017-11-28, 5, qiang_lie, 23.44, 30.75, -2.44, 31.52, 31.09, 31.35, 30.10, 405786.49, 1243495707, 0.42, 3.97, 0.54, 1013.10515
2017-11-29, 5, qiang_lie, 23.52, 33.82, 9.98, 30.75, 30.78, 33.83, 30.28, 897712.59, 2894400950, 0.92, 11.54, 1.45, 570.59622
2017-11-30, 5, qiang_lie, 23.61, 31.22, -7.69, 33.82, 33.10, 33.40, 30.68, 1000665.49, 3213854405, 1.03, 8.04, 1.71, 649.87493
2017-12-01, 5, qiang_lie, 23.65, 30.73, -1.57, 31.22, 30.50, 32.03, 30.50, 557438.55, 1733100369, 0.57, 4.90, 0.83, 632.87401
2017-12-04, 4, gao_du, 23.68, 30.85, 0.39, 30.73, 30.60, 31.30, 29.90, 379890.01, 1160069277, 0.39, 4.56, 0.56, 799.49999
2017-12-05, 4, gao_du, 23.72, 31.03, 0.58, 30.85, 30.60, 31.48, 30.20, 564302.01, 1747240922, 0.58, 4.15, 0.87, 592.08298
2017-12-06, 4, gao_du, 23.75, 30.77, -0.84, 31.03, 30.73, 31.20, 30.26, 389794.45, 1197517724, 0.40, 3.03, 0.57, 484.83205
2017-12-07, 4, gao_du, 23.79, 29.95, -2.66, 30.77, 30.57, 31.90, 29.90, 590007.16, 1807843249, 0.61, 6.50, 1.02, 695.32394
2017-12-08, 3, zhong_du, 23.82, 29.82, -0.43, 29.95, 29.38, 29.88, 29.05, 588187.18, 1731418640, 0.61, 2.77, 1.19, 651.25203
2017-12-11, 3, zhong_du, 23.85, 29.93, 0.37, 29.82, 29.82, 29.95, 29.30, 502135.46, 1487020650, 0.52, 2.18, 1.00, 577.74305
2017-12-12, 3, zhong_du, 23.88, 29.57, -1.20, 29.93, 29.73, 30.36, 29.51, 467638.92, 1401462694, 0.48, 2.84, 0.89, 910.91204
2017-12-13, 3, zhong_du, 23.90, 29.94, 1.25, 29.57, 29.57, 30.10, 29.35, 334953.94, 998153483, 0.34, 2.54, 0.66, 595.27016
2017-12-14, 3, zhong_du, 23.93, 30.11, 0.57, 29.94, 29.94, 30.37, 29.85, 382067.77, 1150698147, 0.39, 1.74, 0.77, 711.54714
2017-12-15, 3, zhong_du, 23.95, 29.11, -3.32, 30.11, 30.12, 30.12, 29.10, 396229.18, 1165712213, 0.41, 3.39, 0.87, 595.20102
2017-12-18, 2, qing_du, 23.97, 28.46, -2.23, 29.11, 29.11, 29.26, 28.04, 421286.94, 1207131428, 0.43, 4.19, 1.01, 645.44082
2017-12-19, 2, qing_du, 23.99, 29.16, 2.46, 28.46, 28.66, 29.25, 28.40, 340084.1, 981540648, 0.35, 2.99, 0.85, 674.93105
2017-12-20, 2, qing_du, 24.00, 28.60, -1.92, 29.16, 29.09, 29.10, 28.52, 329026.69, 943187282, 0.34, 1.99, 0.88, 668.58983
2017-12-21, 2, qing_du, 24.04, 29.72, 3.92, 28.60, 28.72, 30.19, 28.63, 595163.86, 1756898868, 0.61, 5.45, 1.59, 550.15588
2017-12-22, 2, qing_du, 24.06, 29.85, 0.44, 29.72, 29.60, 30.20, 29.57, 342206.42, 1023085434, 0.35, 2.12, 0.82, 618.53218
2017-12-25, 2, qing_du, 24.09, 30.37, 1.74, 29.85, 30.30, 31.33, 30.27, 506382.57, 1561915069, 0.52, 3.55, 1.25, 2559.13305
2017-12-26, 2, qing_du, 24.11, 30.50, 0.43, 30.37, 30.49, 30.80, 30.12, 278845.61, 850307970, 0.29, 2.24, 0.66, 484.59005
2017-12-27, 3, zhong_du, 24.14, 30.79, 0.95, 30.50, 30.55, 31.09, 30.40, 395488.84, 1218292968, 0.41, 2.26, 0.96, 662.10294
2017-12-29, 3, zhong_du, 24.19, 32.56, 4.83, 31.06, 31.45, 32.99, 31.45, 683433.5, 2218502767, 0.70, 4.96, 1.77, 533.1111
2018-01-03, 3, zhong_du, 24.30, 32.33, -0.71, 32.56, 32.50, 33.78, 32.23, 646870.2, 2130249691, 0.67, 4.76, 1.53, 651.40915
2018-01-04, 4, gao_du, 24.35, 33.12, 2.44, 32.33, 32.76, 33.53, 32.10, 529085.8, 1740602533, 0.54, 4.42, 1.07, 817.69204
2018-01-05, 5, qiang_lie, 24.44, 34.76, 4.95, 33.12, 32.98, 35.88, 32.80, 843101.96, 2916787872, 0.87, 9.30, 1.61, 637.62188
2018-01-08, 5, qiang_lie, 24.54, 35.99, 3.54, 34.76, 35.11, 36.96, 35.11, 830783.59, 2994515872, 0.86, 5.32, 1.35, 488.20615
2018-01-09, 5, qiang_lie, 24.59, 35.84, -0.42, 35.99, 35.63, 36.11, 34.95, 478459.09, 1700947894, 0.49, 3.22, 0.68, 571.58995
2018-01-10, 5, qiang_lie, 24.65, 35.67, -0.47, 35.84, 35.60, 36.70, 35.50, 453695.91, 1633034914, 0.47, 3.35, 0.68, 2584.99503
2018-01-11, 5, qiang_lie, 24.69, 35.15, -1.46, 35.67, 35.55, 35.78, 34.54, 402483.81, 1411859649, 0.41, 3.48, 0.64, 700.2058
2018-01-12, 5, qiang_lie, 24.75, 35.55, 1.14, 35.15, 35.10, 36.62, 35.09, 537013.33, 1927916472, 0.55, 4.35, 0.89, 720.05391
2018-01-15, 5, qiang_lie, 24.85, 37.09, 4.33, 35.55, 35.84, 38.00, 35.61, 757186.09, 2784027859, 0.78, 6.72, 1.40, 568.58611
2018-01-16, 5, qiang_lie, 24.99, 40.20, 8.39, 37.09, 36.50, 40.70, 36.40, 978464.78, 3763499499, 1.01, 11.59, 1.86, 496.20295
2018-01-17, 5, qiang_lie, 25.11, 39.77, -1.07, 40.20, 39.48, 40.60, 38.30, 812191.93, 3199234880, 0.84, 5.72, 1.30, 639.03904
2018-01-18, 5, qiang_lie, 25.20, 39.76, -0.03, 39.77, 39.60, 40.64, 38.90, 558848.4, 2226747476, 0.58, 4.38, 0.81, 446.03395
2018-01-19, 5, qiang_lie, 25.28, 39.42, -0.86, 39.76, 39.85, 41.09, 39.25, 548758.23, 2207882771, 0.57, 4.63, 0.75, 2799.32189
2018-01-22, 5, qiang_lie, 25.34, 39.53, 0.28, 39.42, 39.00, 39.84, 38.51, 406526.41, 1597213093, 0.42, 3.37, 0.56, 554.26407
2018-01-23, 5, qiang_lie, 25.44, 40.98, 3.67, 39.53, 40.00, 41.51, 39.99, 648657.5, 2653177560, 0.67, 3.85, 0.98, 586.42292
2018-01-24, 5, qiang_lie, 25.53, 41.13, 0.37, 40.98, 40.70, 42.24, 40.46, 542629.59, 2236496975, 0.56, 4.34, 0.91, 593.66798
2018-01-25, 5, qiang_lie, 25.63, 40.20, -2.26, 41.13, 41.12, 41.12, 38.80, 648064.57, 2577574871, 0.67, 5.64, 1.20, 3126.32203
2018-01-26, 5, qiang_lie, 25.69, 40.04, -0.40, 40.20, 40.00, 40.66, 39.12, 410062.37, 1640757701, 0.42, 3.83, 0.73, 571.88892
2018-01-29, 5, qiang_lie, 25.77, 38.57, -3.67, 40.04, 40.38, 40.56, 38.09, 597862.74, 2338982474, 0.62, 6.17, 1.13, 712.68702
2018-01-30, 5, qiang_lie, 25.87, 36.36, -5.73, 38.57, 38.00, 38.00, 36.27, 908234.42, 3355539693, 0.94, 4.49, 1.59, 379.807
2018-01-31, 5, qiang_lie, 25.98, 37.56, 3.30, 36.36, 36.61, 37.76, 35.62, 898147.86, 3297773290, 0.93, 5.89, 1.45, 772.46618
2018-02-01, 4, gao_du, 26.05, 37.50, -0.16, 37.56, 37.50, 38.04, 36.90, 635425.38, 2380069195, 0.65, 3.04, 0.92, 60578.03702
2018-02-02, 4, gao_du, 26.12, 37.38, -0.32, 37.50, 36.50, 37.90, 35.80, 596793.68, 2208198825, 0.61, 5.60, 0.86, 678.66206
2018-02-05, 4, gao_du, 26.18, 36.99, -1.04, 37.38, 36.80, 38.06, 36.31, 552634.72, 2046513931, 0.57, 4.68, 0.76, 679.33202
2018-02-06, 4, gao_du, 26.25, 35.82, -3.16, 36.99, 35.93, 36.10, 34.88, 699836.71, 2489127586, 0.72, 3.30, 0.97, 634.96995
2018-02-07, 4, gao_du, 26.33, 32.98, -7.93, 35.82, 36.43, 36.58, 32.50, 952129.68, 3283016480, 0.98, 11.39, 1.41, 964.12992
2018-02-08, 3, zhong_du, 26.37, 32.75, -0.70, 32.98, 33.00, 33.88, 32.49, 580805.14, 1920999545, 0.60, 4.21, 0.71, 692.08503
2018-02-09, 3, zhong_du, 26.40, 31.27, -4.52, 32.75, 31.50, 31.96, 30.20, 724944.9, 2259035363, 0.75, 5.37, 0.90, 742.87796
2018-02-12, 2, qing_du, 26.42, 31.90, 2.01, 31.27, 31.43, 32.32, 31.31, 407654.31, 1297185206, 0.42, 3.23, 0.57, 623.82483
2018-02-13, 2, qing_du, 26.45, 32.73, 2.60, 31.90, 32.28, 33.79, 32.28, 454668.11, 1500999450, 0.47, 4.73, 0.85, 606.21095
2018-02-14, 2, qing_du, 26.47, 33.17, 1.34, 32.73, 32.87, 33.32, 32.17, 270175.5, 884454424, 0.28, 3.51, 0.63, 676.08118
