2015-08-20, 1, wei_ruo, 11.56, 10.00, -3.85, 10.40, 10.30, 10.35, 9.91, 415143.94, 421381578, 1.39, 4.23, 0.60, 866.77408
2015-08-21, 1, wei_ruo, 11.54, 9.59, -4.10, 10.00, 9.89, 10.04, 9.52, 371597.99, 362900782, 1.24, 5.20, 0.55, 1115.45396
2015-08-25, 1, wei_ruo, 11.38, 7.77, -9.97, 8.63, 8.01, 8.31, 7.77, 828750.31, 653626388, 2.78, 6.26, 1.41, 384.24993
2015-08-26, 1, wei_ruo, 11.29, 8.00, 2.96, 7.77, 8.04, 8.28, 7.65, 770945.62, 620319406, 2.58, 8.11, 1.38, 849.123
2015-10-29, 3, zhong_du, 10.32, 9.43, -1.36, 9.56, 9.55, 9.64, 9.40, 273194.7, 259785978, 0.91, 2.51, 0.45, 1753.72815
2015-10-30, 3, zhong_du, 10.31, 9.45, 0.21, 9.43, 9.50, 9.57, 9.32, 201905.91, 191036682, 0.68, 2.65, 0.35, 849.51496
2015-11-02, 3, zhong_du, 10.30, 9.03, -4.44, 9.45, 9.25, 9.33, 9.03, 320963.41, 294793540, 1.07, 3.17, 0.74, 1749.6109
2015-11-03, 3, zhong_du, 10.29, 9.07, 0.44, 9.03, 9.05, 9.17, 9.03, 176904.08, 160998182, 0.59, 1.55, 0.51, 2826.18403
2015-11-04, 3, zhong_du, 10.28, 9.51, 4.85, 9.07, 9.11, 9.56, 9.10, 395109.02, 370749024, 1.32, 5.07, 1.26, 1121.02818
2015-11-05, 3, zhong_du, 10.26, 9.71, 2.10, 9.51, 9.43, 9.94, 9.42, 719892.69, 698491006, 2.41, 5.47, 2.63, 1212.87417
2015-11-06, 3, zhong_du, 10.26, 9.74, 0.31, 9.71, 9.70, 9.77, 9.60, 472022.08, 456967083, 1.58, 1.75, 1.30, 1099.85495
2015-11-09, 4, gao_du, 10.25, 9.90, 1.64, 9.74, 9.70, 10.05, 9.66, 556727.99, 549877592, 1.86, 4.00, 1.34, 258.24189
2015-11-10, 5, qiang_lie, 10.24, 9.74, -1.62, 9.90, 9.81, 9.90, 9.60, 370369.94, 361233264, 1.24, 3.03, 0.80, 393.17989
2015-11-11, 5, qiang_lie, 10.24, 9.82, 0.82, 9.74, 9.79, 9.89, 9.73, 263800.87, 258598573, 0.88, 1.64, 0.52, 243.99996
2015-11-12, 5, qiang_lie, 10.23, 9.59, -2.34, 9.82, 9.85, 9.87, 9.56, 329237.74, 318395248, 1.10, 3.16, 0.69, 869.12894
2015-11-13, 4, gao_du, 10.22, 9.35, -2.50, 9.59, 9.50, 9.56, 9.33, 307223.43, 289795997, 1.03, 2.40, 0.77, 1075.87504
2015-11-16, 4, gao_du, 10.22, 9.32, -0.32, 9.35, 9.11, 9.33, 9.11, 256970.05, 238074236, 0.86, 2.35, 0.70, 893.21709
2015-11-17, 4, gao_du, 10.21, 9.41, 0.97, 9.32, 9.41, 9.62, 9.38, 371984.78, 353583537, 1.25, 2.58, 1.22, 986.96399
2015-11-18, 4, gao_du, 10.19, 9.71, 3.19, 9.41, 9.38, 10.07, 9.30, 704942.92, 689362476, 2.36, 8.18, 2.30, 1262.40492
2015-11-19, 4, gao_du, 10.19, 9.68, -0.31, 9.71, 9.72, 9.75, 9.50, 306835.57, 294299960, 1.03, 2.57, 0.78, 301.99218
2015-11-20, 4, gao_du, 10.18, 9.65, -0.31, 9.68, 9.68, 9.83, 9.61, 297259.44, 288902717, 1.00, 2.27, 0.76, 251.04785
2015-11-23, 5, qiang_lie, 10.18, 9.68, 0.31, 9.65, 9.64, 9.71, 9.59, 282264.46, 272477044, 0.95, 1.24, 0.73, 16478.41406
2015-11-24, 5, qiang_lie, 10.17, 9.63, -0.52, 9.68, 9.68, 9.68, 9.47, 267327.67, 255716354, 0.90, 2.17, 0.68, 2310.66585
2015-11-25, 5, qiang_lie, 10.17, 9.69, 0.62, 9.63, 9.63, 9.74, 9.55, 282382.96, 272992232, 0.95, 1.97, 0.76, 915.61294
2015-11-26, 5, qiang_lie, 10.16, 9.71, 0.21, 9.69, 9.67, 9.84, 9.67, 301796.12, 294356888, 1.01, 1.75, 1.05, 844.10095
2015-11-27, 5, qiang_lie, 10.16, 9.14, -5.87, 9.71, 9.66, 9.71, 9.09, 310258.14, 292575780, 1.04, 6.39, 1.08, 290.49301
2015-11-30, 4, gao_du, 10.15, 9.38, 2.63, 9.14, 9.20, 9.45, 9.07, 270613.39, 252168915, 0.91, 4.16, 0.94, 285.09498
2015-12-01, 4, gao_du, 10.14, 10.32, 10.02, 9.38, 9.40, 10.32, 9.29, 775593.89, 778569269, 2.60, 10.98, 2.71, 1055.10616
2015-12-02, 5, qiang_lie, 10.20, 11.35, 9.98, 10.32, 10.70, 11.35, 10.51, 1760761.97, 1952732257, 5.90, 8.14, 4.95, 1690.77682
2015-12-03, 5, qiang_lie, 10.20, 12.49, 10.04, 11.35, 12.20, 12.49, 11.88, 1691774.7, 2084086487, 5.67, 5.37, 2.47, 3787.29796
2015-12-04, 5, qiang_lie, 10.51, 12.55, 0.48, 12.49, 12.80, 13.00, 12.30, 2496213.84, 3154760755, 8.36, 5.60, 2.59, 592.38195
2015-12-07, 5, qiang_lie, 10.65, 12.53, -0.16, 12.55, 12.50, 12.78, 12.26, 2037224.07, 2556897021, 6.82, 4.14, 1.46, 563.93313
2015-12-08, 5, qiang_lie, 10.71, 11.73, -6.38, 12.53, 12.30, 12.35, 11.45, 1678715.7, 1981711983, 5.62, 7.18, 0.96, 784.19781
2015-12-09, 5, qiang_lie, 10.78, 11.90, 1.45, 11.73, 11.81, 12.19, 11.54, 1768457.82, 2101430502, 5.92, 5.54, 0.91, 580.54018
2015-12-10, 5, qiang_lie, 10.82, 11.31, -4.96, 11.90, 11.55, 11.93, 11.27, 1481519.25, 1700760395, 4.96, 5.55, 0.77, 481.55284
2015-12-11, 5, qiang_lie, 10.83, 11.43, 1.06, 11.31, 11.20, 11.48, 11.15, 793905.39, 898956353, 2.66, 2.92, 0.42, 978.40595
2015-12-14, 5, qiang_lie, 10.86, 11.56, 1.14, 11.43, 11.59, 11.88, 11.34, 1172455.65, 1361884171, 3.93, 4.72, 0.76, 276.91698
2015-12-15, 4, gao_du, 10.89, 11.65, 0.78, 11.56, 11.58, 12.03, 11.51, 1035090.09, 1218003014, 3.47, 4.50, 0.75, 894.96303
2015-12-16, 4, gao_du, 10.91, 11.53, -1.03, 11.65, 11.60, 11.84, 11.37, 752292.74, 871660214, 2.52, 4.03, 0.60, 3889.03904
2015-12-17, 5, qiang_lie, 10.96, 12.68, 9.97, 11.53, 11.62, 12.68, 11.60, 1039691.52, 1268316527, 3.48, 9.37, 0.99, 293.05005
2015-12-18, 5, qiang_lie, 11.07, 12.39, -2.29, 12.68, 13.02, 13.48, 12.26, 1905980.11, 2450340609, 6.38, 9.62, 1.99, 759.38702
2015-12-21, 5, qiang_lie, 11.20, 13.63, 10.01, 12.39, 12.22, 13.63, 12.21, 1921982.65, 2552678406, 6.44, 11.46, 1.63, 1091.77685
2015-12-22, 5, qiang_lie, 11.37, 13.61, -0.15, 13.63, 13.90, 14.04, 13.18, 2046641.16, 2795482743, 6.85, 6.31, 1.54, 749.52006
2015-12-23, 5, qiang_lie, 11.55, 13.81, 1.47, 13.61, 13.43, 14.90, 13.31, 2084083.21, 2936423809, 6.98, 11.68, 1.36, 1412.64009
2015-12-24, 5, qiang_lie, 11.61, 12.98, -6.01, 13.81, 13.60, 13.70, 12.76, 1150036.97, 1499702539, 3.85, 6.81, 0.64, 768.33987
2015-12-25, 5, qiang_lie, 11.65, 12.79, -1.46, 12.98, 12.90, 13.12, 12.42, 989252.78, 1262345255, 3.31, 5.39, 0.54, 803.17712
2015-12-28, 5, qiang_lie, 11.68, 12.25, -4.22, 12.79, 12.76, 12.84, 12.18, 1110664.03, 1378521823, 3.72, 5.16, 0.68, 1955.74093
2015-12-29, 4, gao_du, 11.69, 12.05, -1.63, 12.25, 12.19, 12.29, 11.70, 911146.95, 1089693269, 3.05, 4.82, 0.62, 1472.72205
2015-12-30, 4, gao_du, 11.70, 12.14, 0.75, 12.05, 12.05, 12.17, 11.72, 925502.53, 1105982251, 3.10, 3.73, 0.63, 2787.75191
2015-12-31, 3, zhong_du, 11.70, 11.53, -5.02, 12.14, 12.05, 12.13, 11.52, 812488.72, 959151143, 2.72, 5.02, 0.55, 917.26995
2016-01-04, 3, zhong_du, 11.67, 10.39, -9.89, 11.53, 11.50, 11.55, 10.38, 895965.56, 979036234, 3.00, 10.15, 0.61, 909.66105
2016-01-05, 3, zhong_du, 11.63, 10.53, 1.35, 10.39, 9.99, 10.70, 9.88, 1001312.33, 1028409185, 3.35, 7.89, 0.68, 1003.58295
2016-01-06, 2, qing_du, 11.60, 10.69, 1.52, 10.53, 10.44, 10.74, 10.26, 885074.27, 930992068, 2.96, 4.56, 0.60, 999.88008
2016-01-07, 2, qing_du, 11.59, 9.64, -9.82, 10.69, 10.41, 10.42, 9.62, 223825.07, 223347343, 0.75, 7.48, 0.15, 811.32698
2016-01-08, 2, qing_du, 11.61, 10.02, 3.94, 9.64, 9.86, 10.36, 9.33, 1016835.1, 1013545839, 3.41, 10.68, 0.69, 4041.02993
2016-01-11, 1, wei_ruo, 11.50, 9.12, -8.98, 10.02, 9.80, 9.94, 9.05, 752984.67, 720390248, 2.52, 8.88, 0.51, 1080.13296
2016-01-12, 1, wei_ruo, 11.43, 9.67, 6.03, 9.12, 9.23, 9.99, 9.09, 1069767.4, 1030072051, 3.58, 9.87, 0.72, 882.43699
2016-01-13, 1, wei_ruo, 11.38, 9.45, -2.28, 9.67, 9.63, 10.07, 9.30, 752343.92, 733225753, 2.52, 7.96, 0.51, 2853.59812
2016-01-14, 1, wei_ruo, 11.33, 10.03, 6.14, 9.45, 9.10, 10.14, 9.01, 899494.56, 872629445, 3.01, 11.96, 0.61, 780.2422
2016-01-15, 1, wei_ruo, 11.29, 9.78, -2.49, 10.03, 9.90, 10.37, 9.66, 929213.7, 931814227, 3.11, 7.08, 0.63, 963.60016
2016-01-18, 1, wei_ruo, 11.26, 9.90, 1.23, 9.78, 9.60, 10.14, 9.43, 657837.56, 650979491, 2.20, 7.26, 0.45, 1039.04986
2016-01-19, 1, wei_ruo, 11.22, 10.24, 3.43, 9.90, 9.80, 10.45, 9.62, 874455.9, 879633127, 2.93, 8.38, 0.59, 1862.10608
2016-01-20, 1, wei_ruo, 11.20, 9.83, -4.00, 10.24, 10.13, 10.13, 9.75, 640653.73, 638283479, 2.15, 3.71, 0.43, 685.03284
2016-01-21, 1, wei_ruo, 11.16, 9.35, -4.88, 9.83, 9.66, 9.86, 9.27, 567059.45, 544457781, 1.90, 6.00, 0.38, 1969.2781
2016-01-22, 1, wei_ruo, 11.14, 9.44, 0.96, 9.35, 9.44, 9.52, 9.16, 430051.49, 402711603, 1.44, 3.85, 0.29, 2717.34405
2016-01-26, 1, wei_ruo, 11.07, 8.45, -10.01, 9.39, 9.30, 9.37, 8.45, 637307.15, 566549437, 2.13, 9.80, 0.43, 2231.82678
2016-01-27, 1, wei_ruo, 11.02, 8.54, 1.07, 8.45, 8.46, 8.62, 8.01, 566236.46, 473380156, 1.90, 7.22, 0.38, 702.31199
2016-01-28, 1, wei_ruo, 10.99, 8.22, -3.75, 8.54, 8.41, 8.58, 8.18, 348634.91, 293539789, 1.17, 4.68, 0.24, 2265.93494
2016-01-29, 1, wei_ruo, 10.95, 8.61, 4.74, 8.22, 8.21, 8.74, 8.19, 443589.12, 379356657, 1.49, 6.69, 0.30, 1029.74105
2016-02-01, 1, wei_ruo, 10.92, 8.64, 0.35, 8.61, 8.55, 8.80, 8.45, 421882.77, 364481851, 1.41, 4.07, 0.29, 1439.76593
2016-02-02, 1, wei_ruo, 10.88, 9.05, 4.75, 8.64, 8.65, 9.18, 8.61, 492298.27, 438462724, 1.65, 6.60, 0.33, 1847.785
2016-02-03, 1, wei_ruo, 10.86, 9.06, 0.11, 9.05, 9.05, 9.29, 8.97, 424238.28, 387428758, 1.42, 3.54, 0.29, 1205.81293
2016-02-04, 1, wei_ruo, 10.83, 9.04, -0.22, 9.06, 9.07, 9.17, 8.96, 394920.97, 357906128, 1.32, 2.32, 0.27, 994.03
2016-02-05, 1, wei_ruo, 10.82, 9.00, -0.44, 9.04, 9.06, 9.11, 8.95, 263212.04, 237026252, 0.88, 1.77, 0.18, 887.07805
2016-02-15, 1, wei_ruo, 10.80, 8.98, -0.22, 9.00, 8.69, 9.00, 8.64, 250322.4, 221656548, 0.84, 4.00, 0.17, 2128.91912
2016-02-16, 1, wei_ruo, 10.79, 9.25, 3.01, 8.98, 9.03, 9.27, 9.00, 285382, 262150219, 0.96, 3.01, 0.19, 936.82814
2016-02-17, 1, wei_ruo, 10.77, 9.19, -0.65, 9.25, 9.20, 9.24, 9.05, 264219.05, 241982706, 0.88, 2.05, 0.18, 1390.78379
2016-02-18, 1, wei_ruo, 10.75, 9.07, -1.31, 9.19, 9.28, 9.44, 9.04, 365937.07, 338735592, 1.23, 4.35, 0.25, 2534.94
2016-02-19, 1, wei_ruo, 10.74, 9.03, -0.44, 9.07, 9.07, 9.13, 8.88, 202103.08, 182688690, 0.68, 2.76, 0.17, 804.72779
2016-02-22, 1, wei_ruo, 10.71, 9.39, 4.33, 9.00, 9.15, 9.43, 9.15, 490737.49, 456415150, 1.64, 3.11, 1.71, 803.653
2016-02-23, 1, wei_ruo, 10.67, 9.17, -2.34, 9.39, 9.35, 9.36, 9.05, 299977.15, 276168518, 1.00, 3.30, 0.90, 747.74909
2016-02-24, 1, wei_ruo, 10.66, 9.27, 1.09, 9.17, 9.11, 9.28, 9.05, 245206.59, 225340367, 0.82, 2.51, 0.73, 342.79895
2016-02-25, 1, wei_ruo, 10.63, 8.36, -9.82, 9.27, 9.35, 9.35, 8.34, 433258.13, 381069054, 1.45, 10.90, 1.30, 799.19291
2016-02-26, 1, wei_ruo, 10.61, 8.51, 1.79, 8.36, 8.46, 8.65, 8.36, 271976.21, 231424968, 0.91, 3.47, 0.78, 1978.74212
2016-02-29, 1, wei_ruo, 10.57, 8.78, 3.17, 8.51, 8.66, 9.21, 8.53, 581664.99, 512519704, 1.95, 7.99, 1.67, 2935.62388
2016-03-01, 1, wei_ruo, 10.54, 9.20, 4.78, 8.78, 8.86, 9.55, 8.73, 693971.54, 636773206, 2.32, 9.34, 1.89, 3544.4231
2016-03-02, 1, wei_ruo, 10.51, 10.04, 9.13, 9.20, 9.17, 10.12, 9.10, 1129509.59, 1091483617, 3.78, 11.09, 2.54, 656.528
2016-03-03, 1, wei_ruo, 10.49, 9.70, -3.39, 10.04, 10.07, 10.16, 9.65, 1037958.29, 1027524825, 3.48, 5.08, 1.67, 2513.51714
2016-03-04, 1, wei_ruo, 10.47, 9.64, -0.62, 9.70, 9.66, 9.91, 9.51, 685542.85, 666338689, 2.30, 4.12, 0.92, 2689.93807
2016-03-07, 2, qing_du, 10.46, 9.59, -0.52, 9.64, 9.90, 9.90, 9.50, 345820.46, 334619672, 1.16, 4.15, 0.42, 1469.96784
2016-03-08, 2, qing_du, 10.45, 9.41, -1.88, 9.59, 9.64, 9.64, 9.06, 375995.23, 348423573, 1.26, 6.05, 0.48, 718.5111
2016-03-10, 1, wei_ruo, 10.43, 9.00, -1.42, 9.13, 9.14, 9.24, 8.94, 199340.32, 181512639, 0.67, 3.29, 0.38, 1366.76788
2016-03-14, 1, wei_ruo, 10.41, 9.13, 2.82, 8.88, 9.00, 9.25, 8.96, 269902.13, 247022114, 0.90, 3.27, 1.03, 3137.15005
2016-03-15, 1, wei_ruo, 10.40, 9.00, -1.42, 9.13, 9.10, 9.15, 8.86, 237298.76, 213538991, 0.79, 3.18, 0.96, 699.26095
2016-03-16, 1, wei_ruo, 10.39, 8.96, -0.44, 9.00, 9.03, 9.05, 8.88, 180082.37, 161500836, 0.60, 1.89, 0.82, 654.92105
2016-03-17, 1, wei_ruo, 10.37, 9.14, 2.01, 8.96, 8.99, 9.22, 8.95, 278475.63, 252870422, 0.93, 3.01, 1.27, 1547.647
2016-03-18, 1, wei_ruo, 10.36, 9.36, 2.41, 9.14, 9.16, 9.44, 9.11, 409709.76, 382196620, 1.37, 3.61, 1.75, 2853.97506
2016-03-21, 2, qing_du, 10.35, 9.58, 2.35, 9.36, 9.50, 9.70, 9.41, 478426.63, 457793756, 1.60, 3.10, 1.74, 727.30398
2016-03-22, 2, qing_du, 10.34, 9.39, -1.98, 9.58, 9.50, 9.54, 9.37, 264145.79, 249132286, 0.88, 1.77, 0.83, 904.03485
2016-03-23, 2, qing_du, 10.33, 9.38, -0.11, 9.39, 9.35, 9.45, 9.28, 197740.48, 185079944, 0.66, 1.81, 0.61, 1046.66185
2016-03-24, 2, qing_du, 10.32, 9.35, -0.32, 9.38, 9.32, 9.56, 9.23, 348006.54, 327019965, 1.17, 3.52, 1.07, 732.71418
2016-03-25, 2, qing_du, 10.31, 9.50, 1.60, 9.35, 9.41, 9.69, 9.40, 307775.27, 293635500, 1.03, 3.10, 0.91, 3711.56311
2016-03-28, 2, qing_du, 10.30, 9.28, -2.32, 9.50, 9.55, 9.55, 9.26, 334663.03, 314557052, 1.12, 3.05, 1.05, 718.21904
2016-03-29, 2, qing_du, 10.29, 9.05, -2.48, 9.28, 9.29, 9.30, 8.98, 221245.62, 201386785, 0.74, 3.45, 0.76, 738.48915
2016-03-30, 2, qing_du, 10.29, 9.30, 2.76, 9.05, 9.12, 9.33, 9.08, 203345.46, 187425444, 0.68, 2.76, 0.72, 1164.00194
2016-03-31, 2, qing_du, 10.28, 9.30, 0.00, 9.30, 9.34, 9.37, 9.22, 187287.01, 174113037, 0.63, 1.61, 0.66, 962.53395
2016-04-01, 2, qing_du, 10.27, 9.25, -0.54, 9.30, 9.26, 9.29, 9.10, 157972.95, 145212031, 0.53, 2.04, 0.63, 2829.01502
2016-04-05, 2, qing_du, 10.27, 9.44, 2.05, 9.25, 9.25, 9.47, 9.20, 242166.11, 226947309, 0.81, 2.92, 1.10, 1473.72198
2016-04-06, 2, qing_du, 10.26, 9.35, -0.95, 9.44, 9.42, 9.44, 9.27, 215488.02, 201679374, 0.72, 1.80, 1.06, 2527.61388
2016-04-07, 2, qing_du, 10.25, 9.23, -1.28, 9.35, 9.39, 9.44, 9.23, 219964.09, 205141651, 0.74, 2.25, 1.09, 706.84004
2016-04-08, 2, qing_du, 10.25, 9.17, -0.65, 9.23, 9.22, 9.29, 9.08, 164146.75, 151147100, 0.55, 2.28, 0.80, 658.67996
2016-04-11, 2, qing_du, 10.24, 9.29, 1.31, 9.17, 9.21, 9.35, 9.21, 180726.39, 168075544, 0.61, 1.53, 0.90, 833.65893
2016-04-12, 2, qing_du, 10.24, 9.18, -1.18, 9.29, 9.28, 9.33, 9.11, 169415.54, 155708402, 0.57, 2.37, 0.83, 2686.72013
2016-04-13, 2, qing_du, 10.23, 9.34, 1.74, 9.18, 9.25, 9.44, 9.23, 298893.32, 279838405, 1.00, 2.29, 1.57, 2984.025
2016-04-14, 2, qing_du, 10.22, 9.42, 0.86, 9.34, 9.41, 9.46, 9.35, 186253.12, 174982873, 0.62, 1.18, 0.90, 666.03303
2016-04-15, 3, zhong_du, 10.22, 9.44, 0.21, 9.42, 9.42, 9.50, 9.39, 254283.31, 240080632, 0.85, 1.17, 1.27, 2617.39206
2016-04-18, 3, zhong_du, 10.21, 9.26, -1.91, 9.44, 9.44, 9.44, 9.22, 154077.01, 143022354, 0.52, 2.33, 0.71, 1376.32084
2016-04-19, 3, zhong_du, 10.21, 9.31, 0.54, 9.26, 9.35, 9.36, 9.23, 110314.81, 102507571, 0.37, 1.40, 0.52, 1500.83399
2016-04-20, 2, qing_du, 10.20, 9.01, -3.22, 9.31, 9.33, 9.33, 8.86, 239958.6, 217295989, 0.80, 5.05, 1.20, 1384.13119
2016-04-21, 1, wei_ruo, 10.19, 8.94, -0.78, 9.01, 9.02, 9.10, 8.93, 107049.17, 96648719, 0.36, 1.89, 0.57, 752.73204
2016-04-22, 1, wei_ruo, 10.19, 9.09, 1.68, 8.94, 8.94, 9.17, 8.90, 152296.38, 138019255, 0.51, 3.02, 0.88, 2804.90708
2016-04-25, 1, wei_ruo, 10.18, 8.96, -1.43, 9.09, 9.09, 9.09, 8.86, 119777.46, 107222259, 0.40, 2.53, 0.78, 2511.66487
2016-04-26, 1, wei_ruo, 10.18, 9.01, 0.56, 8.96, 8.95, 9.05, 8.92, 88028.38, 79133536, 0.29, 1.45, 0.60, 448.95911
2016-04-27, 1, wei_ruo, 10.18, 9.02, 0.11, 9.01, 9.03, 9.13, 8.99, 99835.26, 90385772, 0.33, 1.55, 0.71, 622.823
2016-04-28, 1, wei_ruo, 10.17, 8.96, -0.67, 9.02, 9.03, 9.06, 8.89, 106821.47, 95846116, 0.36, 1.88, 0.94, 1369.65108
2016-04-29, 1, wei_ruo, 10.17, 9.03, 0.78, 8.96, 8.95, 9.07, 8.93, 80695.05, 72785038, 0.27, 1.56, 0.71, 2717.26012
2016-05-03, 1, wei_ruo, 10.16, 9.18, 1.66, 9.03, 9.05, 9.19, 8.99, 204473.4, 186769953, 0.68, 2.21, 2.06, 2507.99203
2016-05-04, 1, wei_ruo, 10.15, 9.26, 0.87, 9.18, 9.16, 9.33, 9.14, 208920.17, 193167965, 0.70, 2.07, 1.80, 416.44621
2016-05-05, 2, qing_du, 10.14, 9.67, 4.43, 9.26, 9.30, 9.68, 9.25, 574105.07, 546349504, 1.92, 4.64, 4.10, 1577.87108
2016-05-06, 2, qing_du, 10.13, 9.53, -1.45, 9.67, 9.67, 9.77, 9.47, 567360.55, 545010925, 1.90, 3.10, 2.41, 2503.26705
2016-05-09, 3, zhong_du, 10.12, 9.66, 1.36, 9.53, 9.43, 9.75, 9.21, 484383.81, 459517234, 1.62, 5.67, 1.48, 765.43093
2016-05-10, 4, gao_du, 10.12, 10.14, 4.97, 9.66, 9.60, 10.23, 9.55, 729753.13, 727692550, 2.44, 7.04, 1.79, 621.85192
2016-05-11, 4, gao_du, 10.13, 10.54, 3.94, 10.14, 10.03, 10.70, 9.95, 745385.66, 762038785, 2.50, 7.40, 1.45, 857.29313
2016-05-12, 4, gao_du, 10.13, 10.07, -4.46, 10.54, 10.36, 10.36, 10.00, 427027.06, 434033116, 1.43, 3.42, 0.69, 800.34089
2016-05-13, 4, gao_du, 10.12, 9.84, -2.28, 10.07, 10.00, 10.06, 9.81, 329497.86, 326046656, 1.10, 2.48, 0.56, 1862.81705
2016-05-16, 3, zhong_du, 10.12, 9.98, 1.42, 9.84, 9.85, 10.09, 9.78, 320970.8, 319604310, 1.07, 3.15, 0.59, 14596.03
2016-05-17, 3, zhong_du, 10.12, 9.67, -3.11, 9.98, 9.91, 9.96, 9.62, 288158.38, 280871741, 0.96, 3.41, 0.56, 496.33789
2016-05-18, 3, zhong_du, 10.11, 9.96, 3.00, 9.67, 9.62, 9.96, 9.58, 351295.11, 343625429, 1.18, 3.93, 0.84, 1604.55608
2016-05-19, 3, zhong_du, 10.11, 10.08, 1.20, 9.96, 9.90, 10.22, 9.85, 450974.17, 452360695, 1.51, 3.71, 1.32, 648.80705
2016-05-20, 3, zhong_du, 10.11, 10.02, -0.60, 10.08, 9.94, 10.31, 9.90, 282030.78, 284575615, 0.94, 4.07, 0.81, 4624.58205
2016-05-23, 3, zhong_du, 10.11, 9.98, -0.40, 10.02, 9.97, 10.06, 9.91, 176939.46, 176484507, 0.59, 1.50, 0.52, 674.03102
2016-05-24, 3, zhong_du, 10.11, 9.72, -2.61, 9.98, 9.99, 10.05, 9.70, 188204.19, 184862728, 0.63, 3.51, 0.61, 196.67697
2016-05-25, 3, zhong_du, 10.11, 9.70, -0.21, 9.72, 9.76, 9.87, 9.65, 140977.48, 137798496, 0.47, 2.26, 0.45, 2613.90805
2016-05-26, 2, qing_du, 10.11, 9.60, -1.03, 9.70, 9.70, 9.74, 9.40, 163834.93, 156160916, 0.55, 3.51, 0.53, 466.12883
2016-05-27, 2, qing_du, 10.10, 9.63, 0.31, 9.60, 9.54, 9.73, 9.49, 127155.3, 122447052, 0.43, 2.50, 0.41, 160.40397
2016-05-30, 2, qing_du, 10.10, 9.65, 0.21, 9.63, 9.65, 9.78, 9.56, 97037.68, 93880006, 0.32, 2.28, 0.31, 208.38618
2016-05-31, 2, qing_du, 10.10, 9.99, 3.52, 9.65, 9.63, 10.12, 9.63, 344836.09, 343712000, 1.15, 5.08, 1.11, 313.68089
2016-06-01, 2, qing_du, 10.10, 9.98, -0.10, 9.99, 10.00, 10.06, 9.90, 261292.57, 260502920, 0.87, 1.60, 0.84, 350.82388
2016-06-02, 3, zhong_du, 10.10, 9.96, -0.20, 9.98, 9.97, 10.04, 9.88, 183576.35, 182525620, 0.61, 1.60, 0.60, 291.31317
2016-06-03, 3, zhong_du, 10.10, 10.16, 2.01, 9.96, 10.00, 10.24, 9.91, 263744.6, 265933504, 0.88, 3.31, 0.85, 636.07097
2016-06-06, 3, zhong_du, 10.10, 10.03, -1.28, 10.16, 10.30, 10.32, 10.01, 239488.99, 242494212, 0.80, 3.05, 0.77, 2657.81713
2016-06-07, 3, zhong_du, 10.10, 9.93, -1.00, 10.03, 10.01, 10.06, 9.88, 153774.24, 152864772, 0.51, 1.79, 0.50, 230.82113
2016-06-08, 3, zhong_du, 10.10, 9.91, -0.20, 9.93, 9.90, 10.01, 9.87, 113397.95, 112625215, 0.38, 1.41, 0.37, 5812.91509
2016-06-13, 3, zhong_du, 10.10, 9.51, -4.04, 9.91, 9.83, 9.83, 9.51, 151038.95, 146465284, 0.51, 3.23, 0.49, 2557.03306
2016-06-14, 2, qing_du, 10.09, 9.52, 0.11, 9.51, 9.50, 9.59, 9.43, 95371.69, 90663507, 0.32, 1.68, 0.31, 335.90698
2016-06-15, 2, qing_du, 10.09, 9.59, 0.74, 9.52, 9.43, 9.68, 9.41, 328509.45, 314545963, 1.10, 2.84, 1.06, 321.82288
2016-06-16, 2, qing_du, 10.08, 9.47, -1.25, 9.59, 9.53, 9.58, 9.45, 163906.3, 155657353, 0.55, 1.36, 0.53, 8636.77502
2016-06-17, 2, qing_du, 10.08, 9.57, 1.06, 9.47, 9.51, 9.68, 9.50, 147521.2, 141322415, 0.49, 1.90, 0.48, 409.64103
2016-06-20, 2, qing_du, 10.08, 9.61, 0.42, 9.57, 9.59, 9.64, 9.50, 129145.1, 123622443, 0.43, 1.46, 0.42, 2678.07221
2016-06-21, 2, qing_du, 10.08, 9.55, -0.62, 9.61, 9.62, 9.70, 9.51, 168511.66, 162067096, 0.56, 1.98, 0.54, 291.02707
2016-06-22, 2, qing_du, 10.07, 9.57, 0.21, 9.55, 9.55, 9.60, 9.45, 102980.13, 98296204, 0.34, 1.57, 0.33, 2735.80885
2016-06-23, 2, qing_du, 10.07, 9.51, -0.63, 9.57, 9.57, 9.59, 9.47, 105233.42, 100257333, 0.35, 1.25, 0.34, 665.18712
2016-06-24, 1, wei_ruo, 10.07, 9.31, -2.10, 9.51, 9.56, 9.57, 9.15, 191909.65, 180127796, 0.64, 4.42, 0.62, 755.8589
2016-06-27, 1, wei_ruo, 10.06, 9.41, 1.07, 9.31, 9.27, 9.42, 9.24, 160491.7, 150168339, 0.54, 1.93, 0.52, 670.70508
2016-06-28, 1, wei_ruo, 10.06, 9.46, 0.42, 9.42, 9.37, 9.47, 9.34, 131861.34, 123969020, 0.44, 1.38, 0.43, 845.87193
2016-06-30, 1, wei_ruo, 10.06, 9.72, -0.31, 9.75, 9.72, 9.85, 9.69, 196895.51, 191909456, 0.66, 1.64, 0.64, 703.28903
2016-07-01, 1, wei_ruo, 10.05, 9.77, 0.51, 9.72, 9.72, 9.83, 9.71, 175541.91, 171729956, 0.59, 1.23, 0.57, 530.39217
2016-07-04, 2, qing_du, 10.05, 10.04, 2.76, 9.77, 9.73, 10.11, 9.68, 291310.18, 290452123, 0.98, 4.40, 0.94, 1284.95193
2016-07-05, 2, qing_du, 10.05, 10.08, 0.40, 10.04, 10.08, 10.09, 9.96, 286784.8, 287487954, 0.96, 1.29, 0.93, 2480.95894
2016-07-06, 3, zhong_du, 9.65, 9.71, 0.31, 9.68, 9.79, 9.85, 9.63, 385828.88, 375347529, 1.29, 2.27, 1.25, 18424.43013
2016-07-07, 3, zhong_du, 9.65, 9.55, -1.65, 9.71, 9.61, 9.71, 9.48, 256841.22, 245754533, 0.86, 2.37, 0.84, 3649.71805
2016-07-08, 3, zhong_du, 9.65, 9.75, 2.09, 9.55, 9.54, 9.77, 9.48, 348812.22, 336543694, 1.17, 3.04, 1.13, 202.12388
2016-07-11, 3, zhong_du, 9.65, 9.66, -0.92, 9.75, 9.73, 9.80, 9.63, 217431.79, 211465617, 0.73, 1.74, 0.70, 394.47594
2016-07-12, 3, zhong_du, 9.66, 10.00, 3.52, 9.66, 9.66, 10.03, 9.62, 379976.64, 373188999, 1.27, 4.24, 1.23, 14539.68596
2016-07-13, 4, gao_du, 9.66, 10.04, 0.40, 10.00, 9.99, 10.31, 9.98, 325936.68, 330227711, 1.09, 3.30, 1.05, 52893.152
2016-07-14, 4, gao_du, 9.66, 10.00, -0.40, 10.04, 9.99, 10.13, 9.94, 192103.65, 192540777, 0.64, 1.89, 0.62, 353.86205
2016-07-15, 4, gao_du, 9.67, 10.04, 0.40, 10.00, 9.96, 10.13, 9.90, 270043.34, 271053316, 0.90, 2.30, 0.87, 755.10216
2016-07-18, 4, gao_du, 9.67, 9.87, -1.69, 10.04, 9.98, 10.03, 9.85, 191656.6, 190594542, 0.64, 1.79, 0.62, 629.2119
2016-07-19, 4, gao_du, 9.67, 9.77, -1.01, 9.87, 9.91, 9.95, 9.66, 193254.49, 188680484, 0.65, 2.94, 0.63, 538.11717
2016-07-20, 3, zhong_du, 9.67, 9.76, -0.10, 9.77, 9.74, 9.86, 9.74, 120157.69, 117715091, 0.40, 1.23, 0.39, 462.99314
2016-07-21, 3, zhong_du, 9.67, 9.88, 1.23, 9.76, 9.76, 9.97, 9.75, 143923.83, 142049529, 0.48, 2.25, 0.46, 648.13805
2016-07-22, 3, zhong_du, 9.67, 9.74, -1.42, 9.88, 9.88, 9.91, 9.72, 132309.38, 129359412, 0.44, 1.92, 0.43, 680.08995
2016-07-25, 3, zhong_du, 9.67, 9.86, 1.23, 9.74, 9.73, 9.93, 9.71, 144973.76, 142797549, 0.49, 2.26, 0.47, 18088.17601
2016-07-26, 3, zhong_du, 9.68, 10.12, 2.64, 9.86, 9.83, 10.17, 9.83, 243531.9, 244330610, 0.82, 3.45, 0.79, 2687.08611
2016-07-27, 4, gao_du, 9.68, 9.87, -2.47, 10.12, 10.08, 10.28, 9.68, 252536.16, 252216023, 0.85, 5.93, 0.82, 19983.27112
2016-07-28, 4, gao_du, 9.69, 10.49, 6.28, 9.87, 9.85, 10.69, 9.83, 499705.99, 513574275, 1.67, 8.71, 1.61, 16413.10811
2016-07-29, 4, gao_du, 9.70, 10.40, -0.86, 10.49, 10.42, 10.85, 10.39, 408066.37, 433112339, 1.37, 4.39, 1.33, 14471.0741
2016-08-01, 4, gao_du, 9.70, 10.25, -1.44, 10.40, 10.35, 10.43, 10.02, 201542.43, 204509640, 0.67, 3.94, 0.65, 3391.52908
2016-08-02, 4, gao_du, 9.71, 10.60, 3.41, 10.25, 10.23, 10.69, 10.10, 261751.9, 273070584, 0.88, 5.76, 0.84, 14135.87999
2016-08-03, 5, qiang_lie, 9.72, 10.59, -0.09, 10.60, 10.52, 10.72, 10.40, 188376.71, 199380720, 0.63, 3.02, 0.62, 338.71412
2016-08-04, 5, qiang_lie, 9.73, 10.78, 1.79, 10.59, 10.52, 10.86, 10.23, 325971.92, 345995454, 1.09, 5.95, 1.20, 14494.77386
2016-08-05, 5, qiang_lie, 9.76, 10.98, 1.86, 10.78, 10.99, 11.56, 10.86, 715627.79, 800383809, 2.40, 6.49, 2.92, 239.68792
2016-08-08, 5, qiang_lie, 9.79, 11.06, 0.73, 10.98, 10.93, 11.48, 10.81, 576131.35, 647308899, 1.93, 6.10, 1.73, 353.91402
2016-08-09, 5, qiang_lie, 9.80, 10.97, -0.81, 11.06, 11.08, 11.20, 10.86, 322908.8, 355443534, 1.08, 3.07, 0.78, 250.92292
2016-08-10, 5, qiang_lie, 9.81, 10.77, -1.82, 10.97, 11.00, 11.03, 10.69, 281032.57, 303435153, 0.94, 3.10, 0.67, 2693.08996
2016-08-11, 5, qiang_lie, 9.82, 10.67, -0.93, 10.77, 10.75, 10.84, 10.62, 218130.18, 234041823, 0.73, 2.04, 0.49, 493.80803
2016-08-15, 5, qiang_lie, 10.03, 12.91, 9.97, 11.74, 12.11, 12.91, 12.00, 1935329.25, 2441159859, 6.48, 7.75, 4.48, 358.845
2016-08-16, 5, qiang_lie, 10.17, 12.33, -4.49, 12.91, 12.99, 13.12, 12.23, 1595764.71, 2001774912, 5.34, 6.89, 2.28, 4518.13889
2016-08-17, 5, qiang_lie, 10.23, 12.12, -1.70, 12.33, 12.23, 12.32, 11.94, 961508.17, 1164112465, 3.22, 3.08, 1.00, 14562.29615
2016-08-18, 5, qiang_lie, 10.31, 13.33, 9.98, 12.12, 12.64, 13.33, 12.52, 871703.94, 1137887139, 2.92, 6.68, 0.79, 14457.37505
2016-08-19, 5, qiang_lie, 10.60, 13.70, 2.78, 13.33, 13.79, 14.43, 13.56, 2394004.23, 3329100133, 8.01, 6.53, 1.95, 438.5941
2016-08-22, 5, qiang_lie, 10.74, 13.31, -2.85, 13.70, 13.60, 14.14, 13.20, 1390328.62, 1902060575, 4.65, 6.86, 0.90, 478.76501
2016-08-23, 5, qiang_lie, 10.83, 12.94, -2.78, 13.31, 13.20, 13.25, 12.67, 1169478.37, 1509770511, 3.92, 4.36, 0.82, 1889.395
2016-08-24, 5, qiang_lie, 10.87, 12.80, -1.08, 12.94, 12.85, 13.10, 12.62, 723032.43, 926436225, 2.42, 3.71, 0.53, 540.941
2016-08-25, 5, qiang_lie, 10.92, 12.08, -5.63, 12.80, 12.35, 12.36, 11.81, 1094462.31, 1316357603, 3.66, 4.30, 0.84, 607.59091
2016-08-26, 5, qiang_lie, 10.94, 11.90, -1.49, 12.08, 12.18, 12.19, 11.84, 582298.16, 699857508, 1.95, 2.90, 0.43, 415.30895
2016-08-29, 4, gao_du, 10.96, 11.98, 0.67, 11.90, 11.94, 12.13, 11.88, 464856.12, 558835470, 1.56, 2.10, 0.47, 565.69815
2016-08-30, 3, zhong_du, 10.97, 11.84, -1.17, 11.98, 11.97, 12.13, 11.77, 447085.94, 536196400, 1.50, 3.01, 0.55, 462.10003
2016-08-31, 3, zhong_du, 11.02, 12.20, 3.04, 11.84, 11.78, 12.39, 11.76, 407043.7, 494181149, 1.36, 5.32, 3.43, 442.60192
2016-09-01, 3, zhong_du, 11.05, 12.20, 3.04, 11.84, 11.78, 12.39, 11.76, 407043.7, 494181149, 1.36, 5.32, 3.43, 610.02302
2016-09-02, 3, zhong_du, 11.05, 11.66, -0.34, 11.70, 11.63, 11.92, 11.53, 460814.91, 539877371, 1.54, 3.33, 0.60, 2597.37992
2016-09-05, 3, zhong_du, 11.05, 11.70, 0.34, 11.66, 11.71, 11.75, 11.52, 290955.7, 339361559, 0.97, 1.97, 0.38, 669.7278
2016-09-06, 3, zhong_du, 11.05, 12.20, 3.04, 11.84, 11.78, 12.39, 11.76, 407043.7, 494181149, 1.36, 5.32, 3.43, 472.49389
2016-09-07, 3, zhong_du, 11.05, 12.20, 3.04, 11.84, 11.78, 12.39, 11.76, 407043.7, 494181149, 1.36, 5.32, 3.43, 510.56004
2016-09-08, 3, zhong_du, 11.05, 12.20, 3.04, 11.84, 11.78, 12.39, 11.76, 407043.7, 494181149, 1.36, 5.32, 3.43, 2626.25194
2016-09-09, 3, zhong_du, 11.05, 11.46, -1.88, 11.68, 11.63, 11.70, 11.45, 251336.4, 290710419, 0.84, 2.14, 0.33, 18234.725
2016-09-12, 3, zhong_du, 11.05, 12.20, 3.04, 11.84, 11.78, 12.39, 11.76, 407043.7, 494181149, 1.36, 5.32, 3.43, 3805.36294
2016-09-13, 2, qing_du, 11.05, 12.20, 3.04, 11.84, 11.78, 12.39, 11.76, 407043.7, 494181149, 1.36, 5.32, 3.43, 1313.22193
2016-09-14, 2, qing_du, 11.05, 11.13, -0.71, 11.21, 11.14, 11.27, 11.05, 182500.28, 203578541, 0.61, 1.96, 0.24, 978.5881
2016-09-19, 2, qing_du, 11.05, 11.22, 0.81, 11.13, 11.20, 11.27, 11.11, 179728.43, 201044489, 0.60, 1.44, 0.23, 278.265
2016-09-20, 2, qing_du, 11.05, 11.57, 3.12, 11.22, 11.24, 11.78, 11.16, 526516.63, 608698886, 1.76, 5.53, 0.69, 404.19602
2016-09-21, 2, qing_du, 11.05, 11.68, 0.95, 11.57, 11.46, 11.69, 11.39, 315307.58, 364411992, 1.06, 2.59, 0.41, 166.66913
2016-09-22, 2, qing_du, 11.05, 12.25, 4.88, 11.68, 11.80, 12.45, 11.79, 981353.6, 1203536513, 3.29, 5.65, 1.29, 435.70805
2016-09-23, 2, qing_du, 11.05, 11.84, -3.35, 12.25, 12.08, 12.15, 11.80, 433740.82, 517853126, 1.45, 2.86, 0.57, 543.38598
2016-09-26, 2, qing_du, 11.05, 11.54, -2.37, 11.82, 11.73, 11.82, 11.52, 271419.39, 315963008, 0.91, 2.54, 0.35, 565.64498
2016-09-27, 2, qing_du, 11.05, 11.82, 2.43, 11.54, 11.53, 11.94, 11.43, 372401.09, 437808044, 1.25, 4.42, 0.48, 1190.95898
2016-09-28, 2, qing_du, 11.05, 11.82, 0.00, 11.82, 11.80, 12.08, 11.60, 289660.76, 344176183, 0.97, 4.06, 0.38, 572.77513
2016-09-29, 1, wei_ruo, 11.05, 11.69, -1.10, 11.82, 11.80, 11.88, 11.65, 240807.03, 282560988, 0.81, 1.95, 0.31, 584.0261
2016-09-30, 1, wei_ruo, 11.05, 11.79, 0.86, 11.69, 11.68, 11.98, 11.61, 267196.02, 315704348, 0.89, 3.17, 0.35, 595.08204
2016-10-10, 1, wei_ruo, 11.05, 11.20, -5.00, 11.79, 11.40, 11.40, 10.88, 560245.29, 623285152, 1.88, 4.41, 0.73, 290.90309
2016-10-11, 1, wei_ruo, 11.05, 11.23, 0.27, 11.20, 11.12, 11.46, 11.11, 315588.48, 356042119, 1.06, 3.13, 0.41, 1129.64797
2016-10-12, 1, wei_ruo, 11.05, 11.16, -0.62, 11.23, 11.22, 11.24, 11.07, 277946.8, 309379724, 0.93, 1.51, 0.36, 164.61301
2016-10-13, 1, wei_ruo, 11.05, 11.18, 0.18, 11.16, 11.14, 11.21, 11.07, 205583.42, 228913469, 0.69, 1.25, 0.27, 292.07206
2016-10-14, 1, wei_ruo, 11.18, 11.02, -1.43, 11.18, 11.14, 11.16, 10.99, 264919.98, 292787913, 0.89, 1.52, 0.35, 242.661
2016-10-17, 1, wei_ruo, 11.18, 10.94, -0.73, 11.02, 10.98, 11.04, 10.91, 107719.75, 117986770, 0.36, 1.18, 0.28, 676.65815
2016-10-18, 1, wei_ruo, 11.17, 10.94, -0.73, 11.02, 10.98, 11.04, 10.91, 107719.75, 117986770, 0.36, 1.18, 0.28, 402.03905
2016-10-19, 1, wei_ruo, 11.17, , , , , , , , , , , , 148.21482
2016-10-20, 1, wei_ruo, 11.17, 11.11, 1.46, 10.95, 10.95, 11.18, 10.93, 265128.16, 293903991, 0.89, 2.28, 0.53, 298.6269
2016-10-21, 1, wei_ruo, 11.17, 10.93, -1.62, 11.11, 11.06, 11.09, 10.85, 180975.95, 198233668, 0.61, 2.16, 0.40, 519.91296
2016-10-24, 1, wei_ruo, 11.17, 11.20, 2.47, 10.93, 10.95, 11.23, 10.94, 346752.21, 385643312, 1.16, 2.65, 0.86, 516.13188
2016-10-25, 1, wei_ruo, 11.17, 11.23, 0.27, 11.20, 11.17, 11.30, 11.12, 244053.59, 273933229, 0.82, 1.61, 0.60, 492.82002
2016-10-26, 1, wei_ruo, 11.17, 11.16, -0.62, 11.23, 11.22, 11.23, 11.05, 151312.64, 168586783, 0.51, 1.60, 0.37, 575.38795
2016-10-27, 1, wei_ruo, 11.17, 11.13, -0.27, 11.16, 11.16, 11.23, 11.08, 100311.2, 111823372, 0.34, 1.34, 0.25, 625.453
2016-10-28, 1, wei_ruo, 11.17, 11.13, 0.09, 11.12, 11.15, 11.29, 11.08, 172226.84, 192439330, 0.58, 1.89, 0.43, 2535.23183
2016-10-31, 1, wei_ruo, 11.17, 11.26, 1.17, 11.13, 11.10, 11.31, 11.06, 216856.47, 243193323, 0.73, 2.25, 0.54, 590.39688
2016-11-01, 1, wei_ruo, 11.17, 11.40, 1.24, 11.26, 11.27, 11.48, 11.21, 300660.35, 341707140, 1.01, 2.40, 0.75, 641.42013
2016-11-02, 1, wei_ruo, 11.17, 11.15, -2.19, 11.40, 11.34, 11.38, 11.13, 179297.11, 201307561, 0.60, 2.19, 0.45, 464.40911
2016-11-03, 1, wei_ruo, 11.17, 11.13, -0.09, 11.14, 11.10, 11.23, 11.07, 131167.47, 146211553, 0.44, 1.44, 0.32, 546.4251
2016-11-04, 1, wei_ruo, 11.17, 11.01, -1.08, 11.13, 11.17, 11.19, 11.00, 138038.52, 152830935, 0.46, 1.71, 0.34, 645.38789
2016-11-07, 1, wei_ruo, 11.17, 11.24, 2.09, 11.01, 11.01, 11.29, 10.96, 211189.82, 235942898, 0.71, 3.00, 0.53, 659.43813
2016-11-08, 1, wei_ruo, 11.17, 11.16, -0.62, 11.23, 11.21, 11.27, 11.11, 105433.55, 117658298, 0.35, 1.42, 0.26, 381.38199
2016-11-09, 1, wei_ruo, 11.17, 11.17, 0.09, 11.16, 11.19, 11.35, 10.93, 340088.56, 381322247, 1.14, 3.76, 0.84, 2208.20498
2016-11-10, 1, wei_ruo, 11.17, 11.23, 0.54, 11.17, 11.21, 11.38, 11.11, 207884.3, 234232989, 0.70, 2.42, 0.52, 894.72103
2016-11-11, 1, wei_ruo, 11.17, 11.15, -0.71, 11.23, 11.20, 11.23, 11.04, 234738.01, 260925610, 0.79, 1.69, 0.58, 3174.56889
2016-11-14, 1, wei_ruo, 11.17, 11.10, -0.45, 11.15, 11.11, 11.17, 11.07, 202675.52, 225290339, 0.68, 0.90, 0.51, 456.22396
2016-11-15, 1, wei_ruo, 11.17, 11.28, 1.53, 11.11, 11.11, 11.37, 11.08, 338880.89, 381348086, 1.13, 2.61, 0.84, 565.73486
2016-11-16, 1, wei_ruo, 11.17, 11.32, 1.89, 11.11, 11.11, 11.35, 11.08, 211681.99, 237540186, 0.71, 2.43, 1.05, 392.72189
2016-11-17, 1, wei_ruo, 11.18, 11.31, 0.18, 11.29, 11.35, 11.35, 11.21, 120747.66, 136184908, 0.40, 1.24, 0.60, 513.11994
2016-11-18, 1, wei_ruo, 11.19, 11.31, 0.18, 11.29, 11.35, 11.35, 11.21, 120747.66, 136184908, 0.40, 1.24, 0.60, 650.53511
2016-11-21, 1, wei_ruo, 11.19, 11.61, 0.61, 11.54, 11.54, 11.99, 11.46, 405187.72, 475003313, 1.36, 4.59, 1.00, 376.62315
2016-11-22, 1, wei_ruo, 11.20, 11.61, 0.00, 11.61, 11.62, 11.88, 11.56, 381982.43, 446685421, 1.28, 2.76, 0.94, 886.5149
2016-11-23, 2, qing_du, 11.22, 11.96, 3.01, 11.61, 11.65, 12.34, 11.55, 698679.09, 837386957, 2.34, 6.80, 1.73, 536.17883
2016-11-24, 2, qing_du, 11.24, 12.45, 4.10, 11.96, 11.88, 12.49, 11.80, 687977.46, 841077322, 2.30, 5.77, 1.70, 568.43185
2016-11-25, 3, zhong_du, 11.26, 12.29, -1.29, 12.45, 12.42, 12.75, 12.25, 567069.51, 708039023, 1.90, 4.02, 1.41, 537.48107
2016-11-28, 3, zhong_du, 11.28, 12.40, 0.81, 12.30, 12.39, 12.75, 12.21, 491293.27, 615153000, 1.64, 4.39, 1.22, 465.6291
2016-11-29, 3, zhong_du, 11.31, 12.35, -0.32, 12.39, 12.28, 12.69, 12.02, 595119.88, 737992381, 1.99, 5.41, 1.48, 365.47613
2016-11-30, 3, zhong_du, 11.32, 11.94, -3.63, 12.39, 12.36, 12.46, 11.90, 511066.71, 615679353, 1.71, 4.52, 1.27, 167.14883
2016-12-01, 3, zhong_du, 11.34, 12.46, 4.36, 11.94, 11.91, 12.50, 11.88, 577100.25, 709785423, 1.93, 5.19, 1.43, 452.21806
2016-12-05, 3, zhong_du, 11.35, 11.27, -5.93, 11.98, 11.60, 11.62, 11.16, 506887.98, 574749302, 1.70, 3.84, 1.26, 709.98597
2016-12-06, 2, qing_du, 11.35, 11.32, 0.44, 11.27, 11.26, 11.33, 11.09, 275662.12, 308982382, 0.92, 2.13, 0.68, 630.70202
2016-12-07, 1, wei_ruo, 11.35, 11.30, -0.18, 11.32, 11.24, 11.34, 11.14, 131684.02, 147878242, 0.44, 1.77, 0.33, 440.39106
2016-12-08, 1, wei_ruo, 11.35, 11.16, -1.24, 11.30, 11.31, 11.37, 11.14, 177809.51, 199883818, 0.60, 2.04, 0.44, 415.69495
2016-12-09, 1, wei_ruo, 11.35, 11.22, 0.54, 11.16, 11.17, 11.33, 11.14, 178146.8, 200092223, 0.60, 1.70, 0.44, 578.14407
2016-12-12, 1, wei_ruo, 11.34, 10.56, -5.88, 11.22, 11.17, 11.21, 10.38, 440976.65, 471415945, 1.48, 7.40, 1.09, 477.49686
2016-12-13, 1, wei_ruo, 11.33, 10.69, 1.23, 10.56, 10.52, 10.72, 10.45, 137275.58, 145199692, 0.46, 2.56, 0.34, 745.7571
2016-12-14, 1, wei_ruo, 11.33, 10.44, -2.34, 10.69, 10.67, 10.67, 10.41, 168579.36, 176980818, 0.56, 2.43, 0.42, 815.696
2017-02-07, 1, wei_ruo, 11.22, 10.62, -0.38, 10.66, 10.60, 10.73, 10.58, 41454.68, 44108972, 0.14, 1.41, 0.23, 667.39202
2017-02-08, 1, wei_ruo, 11.22, 10.66, 0.00, 10.66, 10.60, 10.73, 10.58, 88833.4, 94568855, 0.30, 1.41, 0.22, 583.65202
2017-02-09, 2, qing_du, 11.22, 10.87, 1.97, 10.66, 10.68, 11.07, 10.65, 242611.47, 264429726, 0.81, 3.94, 0.77, 2456.45308
2017-02-10, 2, qing_du, 11.22, 10.77, -0.65, 10.84, 10.84, 10.95, 10.76, 101282.51, 109868537, 0.34, 1.75, 0.25, 2554.31819
2017-02-14, 3, zhong_du, 11.21, 10.82, -0.46, 10.87, 10.91, 10.94, 10.81, 75431.71, 81817860, 0.25, 1.20, 0.19, 608.55508
2017-02-15, 3, zhong_du, 11.21, 10.69, -1.20, 10.82, 10.83, 10.86, 10.67, 95970.25, 103012297, 0.32, 1.76, 0.24, 4519.13285
2017-02-16, 3, zhong_du, 11.21, 10.73, 0.37, 10.69, 10.67, 10.75, 10.65, 88287.42, 94415570, 0.30, 0.94, 0.22, 2766.3939
2017-02-17, 3, zhong_du, 11.21, 10.57, -1.49, 10.73, 10.71, 10.75, 10.57, 66940, 71277725, 0.22, 1.68, 0.17, 623.31605
2017-02-20, 3, zhong_du, 11.21, 10.94, 3.50, 10.57, 10.58, 10.95, 10.52, 171170.17, 185227817, 0.57, 4.07, 0.42, 607.08809
2017-02-21, 3, zhong_du, 11.21, 11.02, 0.73, 10.94, 10.92, 11.22, 10.90, 158468.5, 175517006, 0.53, 2.93, 0.39, 2636.13605
2017-02-23, 4, gao_du, 11.21, 11.01, -1.61, 11.19, 11.10, 11.25, 10.97, 121756.89, 135276745, 0.41, 2.50, 0.30, 900.98691
2017-02-24, 4, gao_du, 11.21, 11.04, 0.27, 11.01, 11.04, 11.08, 10.94, 59593.93, 65599782, 0.20, 1.27, 0.15, 1036.67498
2017-02-27, 4, gao_du, 11.21, 10.83, -1.90, 11.04, 11.02, 11.04, 10.82, 74687.72, 81566237, 0.25, 1.99, 0.18, 622.65301
2017-02-28, 4, gao_du, 11.20, 10.88, 0.46, 10.83, 10.82, 10.96, 10.82, 60617.86, 65978901, 0.20, 1.29, 0.15, 688.24792
2017-03-01, 4, gao_du, 11.20, 10.95, 0.64, 10.88, 10.89, 11.02, 10.84, 122447.53, 133807793, 0.41, 1.65, 0.30, 651.8321
2017-03-02, 4, gao_du, 11.20, 10.91, -0.37, 10.95, 10.96, 10.98, 10.84, 54806.93, 59766958, 0.18, 1.28, 0.14, 1026.15404
2017-03-03, 4, gao_du, 11.20, 10.77, -1.28, 10.91, 10.89, 10.90, 10.69, 107328.01, 115725768, 0.36, 1.92, 0.27, 2901.60489
2017-03-06, 4, gao_du, 11.20, 10.88, 1.02, 10.77, 10.79, 11.04, 10.76, 118392.59, 129201540, 0.40, 2.60, 0.29, 2822.71719
2017-03-07, 4, gao_du, 11.20, 11.00, 1.10, 10.88, 10.94, 11.12, 10.89, 114868.79, 126842929, 0.38, 2.11, 0.57, 747.37501
2017-03-08, 4, gao_du, 11.20, 10.99, 1.01, 10.88, 10.94, 11.12, 10.89, 149746.75, 165161553, 0.50, 2.11, 0.37, 705.73401
2017-03-09, 4, gao_du, 11.20, 10.86, -1.18, 10.99, 10.97, 11.03, 10.81, 78305.4, 85273178, 0.26, 2.00, 0.19, 3216.6841
2017-03-10, 5, qiang_lie, 11.20, 10.98, 1.10, 10.86, 10.82, 11.12, 10.82, 156360.79, 172159075, 0.52, 2.76, 0.39, 4513.28087
2017-03-13, 5, qiang_lie, 11.20, 11.17, 1.73, 10.98, 10.96, 11.26, 10.89, 210792.8, 235036730, 0.71, 3.37, 0.52, 552.13809
2017-03-14, 5, qiang_lie, 11.20, 11.23, 0.54, 11.17, 11.20, 11.48, 11.13, 279471.24, 315803368, 0.94, 3.13, 0.69, 549.97087
2017-03-15, 5, qiang_lie, 11.20, 11.20, -0.27, 11.23, 11.21, 11.37, 11.06, 141171.64, 158381969, 0.47, 2.76, 0.35, 532.13
2017-03-16, 5, qiang_lie, 11.20, 11.25, 0.45, 11.20, 11.17, 11.33, 11.16, 159474.33, 179243479, 0.53, 1.52, 0.39, 576.07794
2017-03-17, 5, qiang_lie, 11.20, 11.27, 0.18, 11.25, 11.28, 11.53, 11.24, 259705.19, 295839794, 0.87, 2.58, 0.64, 571.81096
2017-03-20, 5, qiang_lie, 11.20, 11.00, -2.40, 11.27, 11.22, 11.27, 10.97, 167563.19, 185438680, 0.56, 2.66, 0.41, 562.7141
2017-03-21, 5, qiang_lie, 11.20, 11.14, 1.27, 11.00, 10.99, 11.16, 10.98, 112382.63, 124326512, 0.38, 1.64, 0.28, 617.58614
2017-03-22, 5, qiang_lie, 11.20, 10.85, -2.60, 11.14, 11.09, 11.10, 10.80, 155474.28, 169799084, 0.52, 2.69, 0.38, 555.62997
2017-03-23, 4, gao_du, 11.20, 10.96, 1.01, 10.85, 10.87, 11.05, 10.87, 122652.71, 134365425, 0.41, 1.66, 0.30, 610.11195
2017-03-24, 4, gao_du, 11.19, 11.07, 1.00, 10.96, 10.98, 11.10, 10.95, 105929.16, 116776260, 0.35, 1.37, 0.26, 595.46399
2017-03-27, 4, gao_du, 11.19, 11.07, 0.00, 11.07, 11.05, 11.25, 11.01, 170628.71, 190197181, 0.57, 2.17, 0.42, 639.68301
2017-03-28, 4, gao_du, 11.19, 11.10, 0.27, 11.07, 11.00, 11.11, 11.00, 111845.6, 123835943, 0.37, 0.99, 0.28, 643.58211
2017-03-29, 4, gao_du, 11.19, 11.01, -0.81, 11.10, 11.18, 11.20, 10.96, 102684.08, 113486535, 0.34, 2.16, 0.25, 658.01311
2017-03-30, 3, zhong_du, 11.19, 10.88, -1.18, 11.01, 11.00, 11.07, 10.80, 122770.89, 134231862, 0.41, 2.45, 0.30, 518.60285
2017-03-31, 3, zhong_du, 11.19, 11.08, 1.84, 10.88, 10.88, 11.08, 10.88, 95578.48, 105111437, 0.32, 1.84, 0.24, 557.99198
2017-04-05, 3, zhong_du, 11.22, 11.96, 7.94, 11.08, 11.95, 12.19, 11.69, 1102197.86, 1315457450, 3.69, 4.51, 2.72, 587.08596
2017-04-06, 4, gao_du, 11.23, 11.70, -2.17, 11.96, 11.70, 11.84, 11.48, 444888.28, 519212670, 1.49, 3.01, 1.10, 705.68395
2017-04-07, 4, gao_du, 11.23, 11.43, -2.31, 11.70, 11.63, 11.63, 11.40, 330166.78, 379414444, 1.11, 1.97, 0.82, 581.36797
2017-04-10, 5, qiang_lie, 11.26, 12.57, 9.97, 11.43, 11.48, 12.57, 11.33, 1095480.94, 1336583299, 3.67, 10.85, 2.71, 644.93895
2017-04-11, 5, qiang_lie, 11.33, 12.86, 2.31, 12.57, 12.55, 13.70, 12.43, 1224365.76, 1588683177, 4.10, 10.10, 3.03, 570.58787
2017-04-12, 5, qiang_lie, 11.36, 12.23, -4.90, 12.86, 12.48, 12.78, 12.20, 603081.6, 754392820, 2.02, 4.51, 1.49, 1862.07104
2017-04-13, 5, qiang_lie, 11.40, 12.94, 5.81, 12.23, 12.24, 13.45, 12.24, 956048.66, 1242445305, 3.20, 9.89, 2.36, 577.41308
2017-04-14, 5, qiang_lie, 11.45, 13.08, 1.08, 12.94, 12.88, 13.55, 12.75, 756713.12, 991678154, 2.53, 6.18, 1.87, 587.12506
2017-04-17, 4, gao_du, 11.47, 12.58, -3.82, 13.08, 13.00, 13.12, 12.36, 428854.05, 541304026, 1.44, 5.81, 1.06, 704.68497
2017-04-18, 5, qiang_lie, 11.49, 12.98, 3.18, 12.58, 12.65, 13.30, 12.48, 470927.82, 608344001, 1.58, 6.52, 1.16, 843.86301
2017-04-19, 5, qiang_lie, 11.52, 13.28, 2.31, 12.98, 12.83, 13.48, 12.78, 632354.87, 830507683, 2.12, 5.39, 1.56, 737.29897
2017-04-20, 5, qiang_lie, 11.55, 12.87, -3.09, 13.28, 13.27, 13.34, 12.70, 455060.32, 590728102, 1.52, 4.82, 1.12, 584.12695
2017-04-21, 5, qiang_lie, 11.56, 12.62, -1.94, 12.87, 12.83, 12.98, 12.57, 312590.59, 400814979, 1.05, 3.19, 0.77, 693.21609
2017-04-24, 5, qiang_lie, 11.57, 12.31, -2.46, 12.62, 12.50, 12.68, 11.60, 465297.19, 567315303, 1.56, 8.56, 1.15, 561.63597
2017-04-25, 4, gao_du, 11.58, 12.57, 2.11, 12.31, 12.27, 12.74, 12.00, 378137.46, 470734259, 1.27, 6.01, 0.93, 540.79103
2017-04-26, 4, gao_du, 11.59, 12.70, 1.03, 12.57, 12.47, 12.79, 12.36, 317075.71, 398298301, 1.06, 3.42, 0.78, 808.57897
2017-04-27, 3, zhong_du, 11.60, 11.60, -8.66, 12.70, 12.50, 12.51, 11.43, 829671.06, 978473666, 2.78, 8.50, 2.05, 545.54391
2017-04-28, 3, zhong_du, 11.60, 11.76, 1.38, 11.60, 11.61, 11.95, 11.56, 335577.69, 394537840, 1.12, 3.36, 0.83, 597.72682
2017-05-02, 2, qing_du, 11.60, 11.32, -3.74, 11.76, 11.45, 11.48, 11.05, 352512.65, 398009642, 1.18, 3.66, 0.87, 737.71787
2017-05-03, 2, qing_du, 11.59, 11.29, -0.27, 11.32, 11.32, 11.63, 11.26, 233776.17, 265761850, 0.78, 3.27, 0.58, 769.41895
2017-05-04, 1, wei_ruo, 11.59, 11.52, 2.04, 11.29, 11.29, 11.58, 11.07, 315850.07, 360257711, 1.06, 4.52, 0.78, 610.61215
2017-05-05, 1, wei_ruo, 11.59, 11.09, -3.73, 11.52, 11.42, 11.44, 11.08, 254614.48, 286774951, 0.85, 3.13, 0.63, 623.36707
2017-05-11, 1, wei_ruo, 11.56, 10.44, 0.19, 10.42, 10.37, 10.52, 10.02, 274489.7, 282901983, 0.92, 4.80, 0.68, 459.934
2017-05-12, 1, wei_ruo, 11.55, 10.88, 4.21, 10.44, 10.45, 10.89, 10.40, 245205.88, 263465725, 0.82, 4.69, 0.61, 606.43506
2017-05-15, 1, wei_ruo, 11.55, 11.65, 7.08, 10.88, 10.84, 11.97, 10.75, 501577.25, 575770824, 1.68, 11.21, 1.24, 707.38697
2017-05-17, 1, wei_ruo, 11.55, 11.53, -1.96, 11.76, 11.60, 11.85, 11.48, 229375.94, 267608982, 0.77, 3.15, 0.57, 60606.97985
2017-05-18, 2, qing_du, 11.55, 11.58, 0.43, 11.53, 11.27, 11.77, 11.23, 287635.57, 330361758, 0.96, 4.68, 0.71, 606.25815
2017-05-19, 2, qing_du, 11.55, 11.30, -2.42, 11.58, 11.60, 11.65, 11.27, 140275.12, 159950022, 0.47, 3.28, 0.35, 471.5569
2017-05-22, 1, wei_ruo, 11.55, 11.18, -1.06, 11.30, 11.28, 11.38, 11.02, 140983.41, 157681084, 0.47, 3.19, 0.35, 582.56197
2017-05-23, 1, wei_ruo, 11.55, 11.40, 1.97, 11.18, 11.19, 11.57, 11.12, 214839.67, 244515744, 0.72, 4.03, 0.53, 849.82491
2017-05-24, 1, wei_ruo, 11.55, 11.60, 1.75, 11.40, 11.35, 11.71, 11.15, 184673.68, 212275538, 0.62, 4.91, 0.46, 489.74919
2017-05-25, 1, wei_ruo, 11.55, 11.81, 1.81, 11.60, 11.65, 12.14, 11.58, 317171.7, 377862740, 1.06, 4.83, 0.78, 378.49212
2017-05-26, 2, qing_du, 11.55, 11.74, -0.59, 11.81, 11.87, 12.08, 11.68, 184927.48, 219905242, 0.62, 3.39, 0.46, 600.47293
2017-05-31, 2, qing_du, 11.55, 11.65, -0.77, 11.74, 12.03, 12.12, 11.58, 190582.51, 226050387, 0.64, 4.60, 0.47, 488.9009
2017-06-01, 2, qing_du, 11.55, 11.68, 0.26, 11.65, 11.66, 11.94, 11.54, 157205.19, 184305061, 0.53, 3.43, 0.39, 530.39384
2017-06-02, 2, qing_du, 11.56, 11.80, 1.03, 11.68, 11.65, 11.89, 11.41, 177158.3, 206503627, 0.59, 4.11, 0.44, 1755.59878
2017-06-05, 2, qing_du, 11.56, 11.79, -0.08, 11.80, 11.79, 12.00, 11.65, 139394.39, 164811162, 0.47, 2.97, 0.34, 727.76294
2017-06-06, 2, qing_du, 11.56, 11.86, 0.59, 11.79, 11.76, 11.91, 11.71, 111765.57, 132160139, 0.37, 1.70, 0.28, 30611.05514
2017-06-07, 2, qing_du, 11.56, 12.03, 1.43, 11.86, 11.85, 12.08, 11.81, 228027.57, 273173852, 0.76, 2.28, 0.56, 1292.86504
2017-06-08, 2, qing_du, 11.56, 11.93, -0.83, 12.03, 11.92, 12.05, 11.85, 165885.96, 198216901, 0.56, 1.66, 0.41, 564.97288
2017-06-09, 2, qing_du, 11.57, 12.20, 2.26, 11.93, 11.97, 12.39, 11.78, 303645.29, 366011407, 1.02, 5.11, 0.75, 899.4391
2017-06-12, 2, qing_du, 11.57, 12.09, -0.90, 12.20, 12.09, 12.34, 12.04, 216751.86, 263693795, 0.73, 2.46, 0.54, 532.69315
2017-06-13, 2, qing_du, 11.58, 11.96, -1.08, 12.09, 12.12, 12.17, 11.90, 165850.68, 198869515, 0.56, 2.23, 0.41, 489.77113
2017-06-14, 2, qing_du, 11.58, 11.56, -3.34, 11.96, 11.71, 11.77, 11.56, 286445.34, 334097044, 0.96, 1.76, 0.71, 367.01179
2017-06-15, 2, qing_du, 11.58, 11.79, 1.99, 11.56, 11.51, 11.83, 11.51, 213469.59, 248741009, 0.71, 2.77, 0.53, 328.98307
2017-06-16, 2, qing_du, 11.18, 11.18, -1.84, 11.39, 11.39, 11.39, 11.18, 131054.57, 147694587, 0.44, 1.84, 0.32, 337.61215
2017-06-19, 2, qing_du, 11.19, 11.39, 1.88, 11.18, 11.20, 11.40, 11.12, 152239.52, 172153431, 0.51, 2.50, 0.38, 699.79501
2017-06-20, 2, qing_du, 11.19, 11.36, -0.26, 11.39, 11.40, 11.43, 11.30, 104281.39, 118692877, 0.35, 1.14, 0.26, 488.51919
2017-06-21, 3, zhong_du, 11.19, 11.51, 1.32, 11.36, 11.41, 11.52, 11.29, 129367.98, 147622104, 0.43, 2.02, 0.32, 590.16514
2017-06-22, 3, zhong_du, 11.19, 11.58, 0.61, 11.51, 11.54, 11.84, 11.48, 241569.53, 282306827, 0.81, 3.13, 0.60, 304.66604
2017-06-23, 3, zhong_du, 11.20, 11.98, 3.45, 11.58, 11.55, 12.05, 11.52, 321174.35, 380087966, 1.08, 4.58, 0.79, 664.25991
2017-06-26, 4, gao_du, 11.21, 12.02, 0.33, 11.98, 11.98, 12.20, 11.93, 386638.09, 466506969, 1.29, 2.25, 0.96, 3602.15807
2017-06-27, 5, qiang_lie, 11.21, 11.90, -1.00, 12.02, 11.96, 12.02, 11.81, 209037.23, 248550853, 0.70, 1.75, 0.52, 349.47205
2017-06-28, 5, qiang_lie, 11.22, 11.70, -1.68, 11.90, 11.86, 11.91, 11.67, 158534.65, 187066212, 0.53, 2.02, 0.39, 355.36098
2017-06-29, 5, qiang_lie, 11.22, 11.74, 0.34, 11.70, 11.74, 11.86, 11.71, 123784.69, 145951536, 0.41, 1.28, 0.31, 533.18286
2017-06-30, 5, qiang_lie, 11.22, 11.72, -0.17, 11.74, 11.68, 11.78, 11.59, 117893.27, 137645584, 0.39, 1.62, 0.29, 514.5359
2017-07-03, 5, qiang_lie, 11.22, 11.86, 1.19, 11.72, 11.75, 11.89, 11.71, 131238.05, 154680799, 0.44, 1.54, 0.32, 552.41084
2017-07-04, 4, gao_du, 11.23, 11.50, -3.04, 11.86, 11.87, 11.89, 11.48, 235345.13, 273652972, 0.79, 3.46, 0.58, 2487.19215
2017-07-05, 4, gao_du, 11.23, 11.55, 0.43, 11.50, 11.49, 11.59, 11.39, 131061.54, 150511801, 0.44, 1.74, 0.32, 710.58989
2017-07-06, 4, gao_du, 11.23, 11.44, -0.95, 11.55, 11.55, 11.60, 11.36, 161342.2, 185097783, 0.54, 2.08, 0.40, 546.45896
2017-07-07, 3, zhong_du, 11.23, 11.60, 1.40, 11.44, 11.40, 11.72, 11.39, 181832.5, 210551175, 0.61, 2.88, 0.45, 673.105
2017-07-10, 3, zhong_du, 11.23, 11.68, 0.69, 11.60, 11.57, 11.83, 11.55, 212067.75, 248462831, 0.71, 2.41, 0.52, 617.34104
2017-07-11, 3, zhong_du, 11.24, 11.60, -0.68, 11.68, 11.66, 11.75, 11.55, 163642.92, 190453861, 0.55, 1.71, 0.40, 700.55413
2017-07-12, 3, zhong_du, 11.24, 11.64, 0.34, 11.60, 11.59, 11.80, 11.58, 200709.64, 234417567, 0.67, 1.90, 0.50, 738.8649
2017-07-13, 4, gao_du, 11.24, 11.76, 1.03, 11.64, 11.62, 11.76, 11.47, 229687.13, 266797928, 0.77, 2.49, 0.57, 1695.14012
2017-07-14, 4, gao_du, --, 11.99, 1.96, 11.76, 11.82, 12.03, 11.73, 317900.49, 378533696, 1.06, 2.55, 0.79, 568.00103
2017-07-17, 4, gao_du, --, 11.94, -0.42, 11.99, 12.04, 12.38, 11.81, 556957.39, 674625540, 1.86, 4.75, 1.38, 754.27699
2017-07-18, 5, qiang_lie, 11.27, 12.17, 1.93, 11.94, 11.85, 12.20, 11.82, 315404.89, 380290617, 1.06, 3.18, 0.78, 1619.46511
2017-07-19, 5, qiang_lie, --, 12.40, 1.89, 12.17, 12.13, 12.49, 12.01, 384483.22, 470180276, 1.29, 3.94, 0.95, 339.33783
2017-07-20, 5, qiang_lie, --, 12.37, -0.24, 12.40, 12.30, 12.67, 12.27, 345942.44, 430670480, 1.16, 3.23, 0.86, 470.94798
2017-07-21, 5, qiang_lie, --, 12.15, -1.78, 12.37, 12.33, 12.35, 12.02, 268365.96, 326613810, 0.90, 2.67, 0.66, 491.89401
2017-07-24, 5, qiang_lie, 11.32, 12.36, 1.73, 12.15, 12.14, 12.39, 12.08, 260513.28, 320307185, 0.87, 2.55, 0.64, 517.68708
2017-07-25, 5, qiang_lie, --, 12.00, -2.91, 12.36, 12.39, 12.45, 11.91, 264501.43, 319975156, 0.89, 4.37, 0.65, 721.47703
2017-07-26, 5, qiang_lie, --, 11.80, -1.67, 12.00, 11.90, 12.05, 11.75, 201037.95, 238035739, 0.67, 2.50, 0.50, 749.85194
2017-07-27, 4, gao_du, 11.33, 11.82, 0.17, 11.80, 11.78, 11.90, 11.67, 168587.99, 198474540, 0.56, 1.95, 0.42, 1778.50199
2017-07-28, 3, zhong_du, 11.33, 11.80, -0.17, 11.82, 11.81, 11.96, 11.77, 139997.42, 166202510, 0.47, 1.61, 0.35, 625.37289
2017-07-31, 3, zhong_du, 11.33, 11.77, -0.25, 11.80, 11.80, 11.90, 11.70, 158076.92, 186371965, 0.53, 1.69, 0.39, 1507.77483
2017-08-01, 3, zhong_du, 11.34, 11.95, 1.53, 11.77, 11.76, 12.00, 11.71, 228843.68, 272321710, 0.77, 2.46, 0.57, 753.90601
2017-08-02, 3, zhong_du, 11.34, 11.71, -2.01, 11.95, 11.92, 11.98, 11.70, 183596.39, 216949871, 0.61, 2.34, 0.45, 16862.607
2017-08-03, 3, zhong_du, 11.34, 11.49, -1.88, 11.71, 11.69, 11.74, 11.44, 241374.29, 280045216, 0.81, 2.56, 0.60, 1683.19798
2017-08-04, 2, qing_du, 11.34, 11.52, 0.26, 11.49, 11.50, 11.62, 11.50, 106245.01, 122761016, 0.36, 1.04, 0.26, 603.25217
2017-08-07, 2, qing_du, 11.34, 11.53, 0.09, 11.52, 11.47, 11.54, 11.36, 98427.44, 112569877, 0.33, 1.56, 0.24, 607.63216
2017-08-08, 2, qing_du, 11.35, 11.44, -0.78, 11.53, 11.52, 11.65, 11.39, 151848.7, 174687636, 0.51, 2.25, 0.38, 773.3109
2017-08-09, 1, wei_ruo, 11.35, 11.47, 0.26, 11.44, 11.42, 11.50, 11.36, 90385.44, 103182058, 0.30, 1.22, 0.22, 727.29397
2017-08-10, 1, wei_ruo, 11.35, 11.31, -1.39, 11.47, 11.45, 11.53, 11.25, 117582.46, 133545020, 0.39, 2.44, 0.29, 687.4702
2017-08-11, 1, wei_ruo, 11.34, 10.98, -2.92, 11.31, 11.22, 11.25, 10.98, 164238.93, 182369090, 0.55, 2.39, 0.41, 365.18216
2017-08-14, 1, wei_ruo, 11.34, 11.16, 1.64, 10.98, 11.04, 11.21, 11.01, 109604.32, 122206615, 0.37, 1.82, 0.27, 746.01793
2017-08-15, 1, wei_ruo, 11.34, 11.25, 0.81, 11.16, 11.19, 11.30, 11.15, 80239.84, 90198268, 0.27, 1.34, 0.20, 809.65519
2017-08-16, 1, wei_ruo, 11.34, 11.20, -0.44, 11.25, 11.25, 11.25, 11.13, 74273.71, 83021042, 0.25, 1.07, 0.18, 647.24302
2017-08-17, 1, wei_ruo, 11.34, 11.33, 1.16, 11.20, 11.19, 11.35, 11.16, 86961.49, 97997223, 0.29, 1.70, 0.21, 14504.01402
2017-08-18, 1, wei_ruo, 11.35, 11.69, 3.18, 11.33, 11.38, 11.83, 11.38, 297239.07, 345852677, 0.99, 3.97, 0.73, 652.79794
2017-08-21, 1, wei_ruo, 11.35, 12.07, 3.25, 11.69, 11.65, 12.24, 11.65, 439377.27, 526975898, 1.47, 5.05, 1.09, 859.49397
2017-08-22, 2, qing_du, 11.36, 11.90, -1.41, 12.07, 12.00, 12.07, 11.79, 213705.58, 255113154, 0.72, 2.32, 0.53, 523.34189
2017-08-23, 2, qing_du, 11.36, 11.93, 0.25, 11.90, 11.90, 11.99, 11.80, 112496.39, 133973951, 0.38, 1.60, 0.28, 758.17609
2017-08-24, 2, qing_du, 11.36, 11.86, -0.59, 11.93, 11.93, 11.97, 11.77, 163385.32, 194003493, 0.55, 1.68, 0.40, 917.50288
2017-08-25, 2, qing_du, 11.37, 12.06, 1.69, 11.86, 11.89, 12.09, 11.75, 216213.88, 259339340, 0.72, 2.87, 0.53, 659.88898
2017-08-28, 2, qing_du, 11.37, 11.90, -1.33, 12.06, 12.06, 12.20, 11.82, 341328.59, 409078021, 1.14, 3.15, 0.84, 2107.55396
2017-08-29, 2, qing_du, 11.38, 11.91, 0.08, 11.90, 11.86, 12.01, 11.83, 137434.92, 163746936, 0.46, 1.51, 0.34, 546.7639
2017-08-30, 2, qing_du, 11.38, 12.09, 1.51, 11.91, 11.91, 12.19, 11.87, 225704.55, 272115128, 0.76, 2.69, 0.56, 648.422
2017-08-31, 2, qing_du, 11.39, 11.85, -1.99, 12.09, 12.04, 12.07, 11.72, 240038.38, 284593093, 0.80, 2.89, 0.59, 740.53001
2017-09-01, 2, qing_du, 11.39, 11.83, -0.17, 11.85, 11.86, 11.89, 11.66, 170723.33, 201042916, 0.57, 1.94, 0.42, 691.04195
2017-09-04, 2, qing_du, 11.39, 11.71, -1.01, 11.83, 11.81, 11.82, 11.69, 153203.97, 179923541, 0.51, 1.10, 0.38, 706.40016
2017-09-05, 2, qing_du, 11.39, 11.74, -2.89, 12.09, 12.04, 12.07, 11.74, 173887.05, 206511049, 0.58, 2.73, 0.86, 644.95492
2017-09-06, 2, qing_du, 11.39, 11.74, -2.89, 12.09, 12.04, 12.07, 11.74, 173887.05, 206511049, 0.58, 2.73, 0.86, 608.2871
2017-09-07, 2, qing_du, 11.40, 11.74, -2.89, 12.09, 12.04, 12.07, 11.74, 173887.05, 206511049, 0.58, 2.73, 0.86, 1711.87687
2017-09-08, 2, qing_du, 11.41, 11.74, -2.89, 12.09, 12.04, 12.07, 11.74, 173887.05, 206511049, 0.58, 2.73, 0.86, 601.76802
2017-09-11, 3, zhong_du, 11.41, 11.74, -2.89, 12.09, 12.04, 12.07, 11.74, 173887.05, 206511049, 0.58, 2.73, 0.86, 689.93497
2017-09-12, 3, zhong_du, 11.42, 11.87, -1.49, 12.05, 12.00, 12.10, 11.80, 197837.5, 235369896, 0.66, 2.49, 0.49, 641.48498
2017-09-13, 3, zhong_du, 11.42, 11.85, -0.17, 11.87, 11.87, 11.93, 11.78, 122431.31, 145137371, 0.41, 1.26, 0.30, 605.86905
2017-09-14, 3, zhong_du, 11.43, 12.12, 2.28, 11.85, 11.84, 12.17, 11.78, 310226.18, 373624816, 1.04, 3.29, 0.77, 1029.57606
2017-09-15, 3, zhong_du, 11.44, 12.33, 1.73, 12.12, 12.07, 12.65, 12.06, 586395.64, 726468518, 1.96, 4.87, 1.45, 1114.41803
2017-09-18, 3, zhong_du, 11.46, 12.45, 0.97, 12.33, 12.39, 12.58, 12.29, 480588.61, 598504053, 1.61, 2.35, 1.19, 664.83092
2017-09-19, 4, gao_du, 11.50, 12.98, 4.26, 12.45, 12.46, 13.45, 12.46, 762020.44, 995019512, 2.55, 7.95, 1.88, 1404.68407
2017-09-20, 4, gao_du, 11.52, 13.14, 1.23, 12.98, 12.85, 13.28, 12.75, 456089.74, 594413922, 1.53, 4.08, 1.13, 735.95905
2017-09-21, 4, gao_du, 11.53, 12.72, -3.20, 13.14, 13.06, 13.08, 12.63, 264876.19, 340498929, 0.89, 3.42, 0.65, 1435.1542
2017-09-22, 4, gao_du, 11.55, 12.93, 1.65, 12.72, 12.73, 13.08, 12.72, 320375.31, 414257417, 1.07, 2.83, 0.79, 637.71701
2017-09-25, 3, zhong_du, 11.56, 12.03, -6.96, 12.93, 12.70, 12.75, 11.99, 443571.01, 544600113, 1.48, 5.88, 1.10, 660.47478
2017-09-26, 3, zhong_du, 11.56, 12.12, 0.75, 12.03, 11.94, 12.23, 11.94, 220726.01, 267418284, 0.74, 2.41, 0.55, 565.68289
2017-09-27, 3, zhong_du, 11.58, 12.90, 6.44, 12.12, 12.10, 13.05, 12.10, 437542.71, 552077528, 1.46, 7.84, 1.08, 632.53593
2017-09-28, 3, zhong_du, 11.59, 12.33, -4.42, 12.90, 12.80, 12.80, 12.17, 402614.85, 497220166, 1.35, 4.88, 1.00, 648.4201
2017-09-29, 3, zhong_du, 11.60, 12.19, -1.14, 12.33, 12.25, 12.49, 12.15, 205860.93, 252650609, 0.69, 2.76, 0.51, 661.98802
2017-10-10, 3, zhong_du, 11.60, 12.09, -1.31, 12.25, 12.23, 12.23, 12.05, 177294.72, 214532163, 0.59, 1.47, 0.44, 674.76702
2017-10-12, 2, qing_du, 11.61, 11.97, -1.24, 12.12, 12.12, 12.12, 11.88, 142927.33, 171468383, 0.48, 1.98, 0.35, 692.63506
2017-10-13, 2, qing_du, 11.61, 12.07, 0.84, 11.97, 11.93, 12.09, 11.93, 87062.37, 104836068, 0.29, 1.34, 0.22, 567.29293
2017-10-16, 2, qing_du, 11.61, 11.78, -2.40, 12.07, 12.05, 12.10, 11.72, 178595.7, 212197308, 0.60, 3.15, 0.44, 563.905
2017-10-17, 1, wei_ruo, 11.61, 11.65, -1.10, 11.78, 11.76, 11.86, 11.57, 181517.9, 211419330, 0.61, 2.46, 0.45, 893.24379
2017-10-18, 1, wei_ruo, 11.61, 11.66, 0.09, 11.65, 11.64, 11.72, 11.60, 76774.5, 89634402, 0.26, 1.03, 0.19, 523.27585
2017-10-19, 1, wei_ruo, 11.61, 11.64, -0.17, 11.66, 11.66, 11.77, 11.64, 78984.86, 92335619, 0.26, 1.11, 0.20, 735.10599
2017-10-20, 1, wei_ruo, 11.61, 11.73, 0.77, 11.64, 11.63, 11.75, 11.62, 66246.78, 77564741, 0.22, 1.12, 0.16, 746.315
2017-10-23, 1, wei_ruo, 11.61, 11.84, 0.94, 11.73, 11.73, 11.89, 11.71, 108088.84, 127630408, 0.36, 1.53, 0.27, 339.88214
2017-10-24, 1, wei_ruo, 11.62, 12.00, 1.35, 11.84, 11.84, 12.12, 11.79, 195033.38, 234173293, 0.65, 2.79, 0.48, 563.12799
2017-10-25, 1, wei_ruo, 11.62, 12.02, 0.17, 12.00, 12.05, 12.14, 11.96, 140129.68, 168910526, 0.47, 1.50, 0.35, 627.388
2017-10-26, 1, wei_ruo, 11.62, 11.93, -0.75, 12.02, 11.98, 12.02, 11.84, 130136.87, 155098856, 0.44, 1.50, 0.32, 645.17999
2017-10-27, 1, wei_ruo, 11.62, 11.80, -1.09, 11.93, 11.95, 12.03, 11.74, 102394.84, 121554170, 0.34, 2.43, 0.25, 625.55909
2017-10-30, 1, wei_ruo, 11.62, 11.50, -2.54, 11.80, 11.80, 11.83, 11.40, 187061.63, 215929977, 0.63, 3.64, 0.46, 651.98898
2017-10-31, 1, wei_ruo, 11.62, 11.60, 0.87, 11.50, 11.43, 11.61, 11.43, 114860.36, 132474069, 0.38, 1.57, 0.28, 534.96122
2017-11-01, 1, wei_ruo, 11.62, 11.52, -0.69, 11.60, 11.61, 11.72, 11.42, 154560.84, 178498101, 0.52, 2.59, 0.38, 660.80809
2017-11-02, 1, wei_ruo, 11.62, 11.46, -0.52, 11.52, 11.49, 11.52, 11.24, 206454.22, 234334138, 0.69, 2.43, 0.51, 624.57108
2017-11-03, 1, wei_ruo, 11.62, 11.21, -2.18, 11.46, 11.41, 11.44, 11.07, 193204.81, 216401167, 0.65, 3.23, 0.48, 755.97501
2017-11-06, 1, wei_ruo, 11.61, 11.18, -0.09, 11.19, 11.19, 11.20, 11.13, 6311.62, 7051945, 0.02, 0.63, 0.31, 408.65302
2017-11-07, 1, wei_ruo, 11.61, 11.21, -0.27, 11.24, 11.21, 11.21, 11.21, 173, 193933, 0.00, 0.00, 0.10, 2636.98292
2017-11-09, 1, wei_ruo, 11.61, 11.22, 0.27, 11.19, 11.19, 11.28, 11.13, 72466.4, 81411404, 0.24, 1.34, 0.36, 734.63798
2017-11-10, 1, wei_ruo, 11.61, 11.09, -1.25, 11.23, 11.20, 11.25, 11.05, 113149.87, 125812202, 0.38, 1.78, 0.75, 867.48195
2017-11-13, 1, wei_ruo, 11.60, 11.12, 0.27, 11.09, 11.08, 11.15, 11.02, 86898.85, 96489388, 0.29, 1.17, 0.65, 541.97788
2017-11-14, 1, wei_ruo, 11.60, 11.17, 0.45, 11.12, 11.12, 11.28, 11.08, 123430.85, 137694060, 0.41, 1.80, 1.05, 831.92396
2017-11-15, 1, wei_ruo, 11.60, 11.23, 0.54, 11.17, 11.13, 11.27, 11.09, 113951.37, 127419559, 0.38, 1.61, 1.00, 743.1612
2017-11-16, 1, wei_ruo, 11.60, 11.34, 0.98, 11.23, 11.23, 11.44, 11.20, 198484.83, 224997508, 0.66, 2.14, 1.79, 340.15894
2017-11-17, 1, wei_ruo, 11.60, 11.14, -1.76, 11.34, 11.35, 11.36, 10.95, 248408.15, 274962791, 0.83, 3.62, 1.95, 623.65103
2017-11-20, 1, wei_ruo, 11.59, 10.92, -1.97, 11.14, 11.10, 11.11, 10.72, 177359.14, 192833168, 0.59, 3.50, 1.15, 617.25521
2017-11-21, 1, wei_ruo, 11.59, 11.14, 2.01, 10.92, 10.85, 11.26, 10.85, 213648.49, 236837443, 0.72, 3.75, 1.24, 666.26477
2017-11-22, 1, wei_ruo, 11.59, 11.18, 0.36, 11.14, 11.16, 11.29, 11.10, 210634.32, 236003326, 0.71, 1.71, 1.11, 2794.28101
2017-11-23, 1, wei_ruo, 11.58, 11.04, -1.25, 11.18, 11.21, 11.25, 10.96, 155843.99, 172253562, 0.52, 2.59, 0.74, 2550.74906
2017-11-24, 1, wei_ruo, 11.58, 11.17, 1.18, 11.04, 11.00, 11.19, 10.95, 111922.63, 123796330, 0.37, 2.17, 0.56, 759.49192
2017-11-27, 1, wei_ruo, 11.58, 11.20, 0.27, 11.17, 11.16, 11.24, 11.09, 136139.37, 152062477, 0.46, 1.34, 0.78, 2696.37203
2017-11-28, 1, wei_ruo, 11.58, 11.10, -0.89, 11.20, 11.20, 11.22, 10.99, 81206, 90121550, 0.27, 2.05, 0.49, 773.61107
2017-11-29, 1, wei_ruo, 11.58, 11.46, 3.24, 11.10, 11.12, 11.50, 11.02, 312066.45, 352885816, 1.04, 4.32, 2.24, 803.38001
2017-11-30, 1, wei_ruo, 11.57, 11.18, -2.44, 11.46, 11.45, 11.45, 11.12, 247639.39, 278052491, 0.83, 2.88, 1.55, 584.81097
2017-12-01, 1, wei_ruo, 11.57, 11.21, 0.27, 11.18, 11.16, 11.30, 11.14, 97085.8, 108852152, 0.32, 1.43, 0.55, 636.79409
2017-12-04, 1, wei_ruo, 11.57, 11.10, -0.98, 11.21, 11.15, 11.18, 11.05, 102418.01, 113631486, 0.34, 1.16, 0.59, 829.57411
2017-12-05, 1, wei_ruo, 11.57, 11.18, 0.72, 11.10, 11.06, 11.28, 11.01, 231969.49, 259476899, 0.78, 2.43, 1.38, 695.48011
2017-12-06, 1, wei_ruo, 11.57, 11.20, 0.18, 11.18, 11.15, 11.25, 11.06, 95160.87, 106174688, 0.32, 1.70, 0.48, 580.00302
2017-12-07, 1, wei_ruo, 11.56, 11.20, 0.00, 11.20, 11.18, 11.36, 11.14, 95028.37, 106939417, 0.32, 1.96, 0.61, 693.59303
2017-12-08, 1, wei_ruo, 11.56, 11.17, -0.27, 11.20, 11.17, 11.23, 11.08, 85469.75, 95269053, 0.29, 1.34, 0.69, 586.82108
2017-12-11, 1, wei_ruo, 11.56, 11.20, 0.27, 11.17, 11.17, 11.20, 11.09, 100376.92, 111923348, 0.34, 0.98, 0.82, 743.47115
2017-12-12, 1, wei_ruo, 11.56, 11.08, -1.07, 11.20, 11.19, 11.21, 11.07, 85253.67, 94921225, 0.29, 1.25, 0.70, 657.48501
2017-12-13, 1, wei_ruo, 11.56, 11.05, -0.27, 11.08, 11.11, 11.13, 11.00, 85645.47, 94577180, 0.29, 1.17, 0.93, 599.18618
2017-12-14, 1, wei_ruo, 11.56, 10.84, -1.90, 11.05, 11.05, 11.06, 10.81, 126712.8, 137951232, 0.42, 2.26, 1.40, 770.19191
2017-12-15, 1, wei_ruo, 11.55, 10.74, -0.92, 10.84, 10.80, 10.82, 10.70, 73007.76, 78413128, 0.24, 1.11, 0.76, 660.16293
2017-12-18, 1, wei_ruo, 11.55, 10.64, -0.93, 10.74, 10.73, 10.79, 10.58, 72495.72, 77311918, 0.24, 1.96, 0.77, 669.91997
2017-12-19, 1, wei_ruo, 11.55, 10.66, 0.19, 10.64, 10.63, 10.70, 10.54, 62374.36, 66356920, 0.21, 1.50, 0.70, 739.45022
2017-12-20, 1, wei_ruo, 11.55, 10.42, -2.25, 10.66, 10.66, 10.73, 10.39, 133800.28, 141304904, 0.45, 3.19, 1.59, 650.71583
2017-12-21, 1, wei_ruo, 11.54, 10.74, 3.07, 10.42, 10.47, 10.87, 10.45, 163824.1, 175561632, 0.55, 4.03, 1.75, 667.70577
2017-12-22, 1, wei_ruo, 11.54, 10.75, 0.09, 10.74, 10.69, 10.86, 10.65, 95357.19, 102790957, 0.32, 1.96, 0.94, 616.69898
2017-12-25, 1, wei_ruo, 11.54, 10.77, 0.19, 10.75, 10.77, 11.04, 10.70, 115581.19, 126190456, 0.39, 3.16, 1.09, 1235.95095
2017-12-26, 1, wei_ruo, 11.53, 10.88, 1.02, 10.77, 10.73, 10.93, 10.73, 90007.63, 97531296, 0.30, 1.86, 0.79, 431.53787
2017-12-27, 1, wei_ruo, 11.53, 10.97, 0.83, 10.88, 10.85, 11.08, 10.84, 135613.01, 148825204, 0.45, 2.21, 1.13, 544.84892
2017-12-29, 1, wei_ruo, 11.53, 11.35, 2.16, 11.11, 11.16, 11.45, 11.14, 277656.35, 315845872, 0.93, 2.79, 2.38, 820.56212
2018-01-03, 2, qing_du, 11.52, 11.32, -0.26, 11.35, 11.32, 11.45, 11.28, 232120.01, 263729093, 0.78, 1.50, 1.56, 757.24697
2018-01-04, 3, zhong_du, 11.52, 11.17, -1.33, 11.32, 11.31, 11.31, 11.09, 207549.93, 231874957, 0.69, 1.94, 1.17, 628.46899
2018-01-05, 3, zhong_du, 11.53, 11.77, 5.37, 11.17, 11.21, 12.17, 11.18, 726961.65, 848833618, 2.43, 8.86, 3.79, 722.00608
2018-01-08, 3, zhong_du, 11.53, 11.85, 0.68, 11.77, 11.77, 12.15, 11.71, 655889.66, 783994079, 2.20, 3.74, 2.06, 695.06788
2018-01-09, 3, zhong_du, 11.54, 11.71, -1.18, 11.85, 11.79, 12.00, 11.66, 347088.11, 409092920, 1.16, 2.87, 0.83, 601.78709
2018-01-10, 3, zhong_du, 11.54, 11.63, -0.68, 11.71, 11.79, 11.96, 11.54, 333855.67, 391682228, 1.12, 3.59, 0.77, 2638.36193
2018-01-11, 3, zhong_du, 11.54, 11.60, -0.26, 11.63, 11.67, 11.72, 11.47, 214589.64, 248193798, 0.72, 2.15, 0.47, 2601.92394
2018-01-12, 3, zhong_du, 11.54, 11.73, 1.12, 11.60, 11.58, 11.99, 11.58, 399660.06, 472712302, 1.34, 3.53, 0.88, 622.90406
2018-01-15, 3, zhong_du, 11.55, 11.86, 1.11, 11.73, 11.72, 12.01, 11.55, 427252.82, 506424277, 1.43, 3.92, 1.09, 617.18917
2018-01-16, 3, zhong_du, 11.57, 12.55, 5.82, 11.86, 11.81, 12.80, 11.76, 819896.26, 1012871172, 2.74, 8.77, 2.38, 2575.83594
2018-01-17, 4, gao_du, 11.58, 12.25, -2.39, 12.55, 12.49, 12.50, 11.99, 531390.01, 652186949, 1.78, 4.06, 1.21, 693.79711
2018-01-18, 4, gao_du, 11.59, 12.13, -0.98, 12.25, 12.17, 12.33, 12.05, 249142.39, 303315368, 0.83, 2.29, 0.52, 554.79813
2018-01-19, 3, zhong_du, 11.59, 11.94, -1.57, 12.13, 12.16, 12.35, 11.90, 343289.01, 416316018, 1.15, 3.71, 0.71, 532.43613
2018-01-22, 3, zhong_du, 11.59, 11.99, 0.42, 11.94, 11.87, 12.09, 11.80, 210622.92, 251775181, 0.71, 2.43, 0.44, 705.76
2018-01-23, 3, zhong_du, 11.60, 12.23, 2.00, 11.99, 11.98, 12.31, 11.95, 361082.61, 439726625, 1.21, 3.00, 0.84, 679.47888
2018-01-24, 3, zhong_du, 11.61, 12.19, -0.33, 12.23, 12.19, 12.47, 12.09, 367676.35, 451403873, 1.23, 3.11, 1.08, 597.87703
2018-01-25, 3, zhong_du, 11.61, 11.93, -2.13, 12.19, 12.16, 12.17, 11.82, 299452.74, 358188571, 1.00, 2.87, 0.98, 617.75184
2018-01-26, 3, zhong_du, 11.62, 12.22, 2.43, 11.93, 11.98, 12.36, 11.93, 422658.09, 515701934, 1.41, 3.60, 1.34, 668.35403
2018-01-29, 3, zhong_du, 11.63, 12.08, -1.15, 12.22, 12.23, 12.39, 11.92, 345240.25, 419562190, 1.16, 3.85, 1.04, 777.01712
2018-01-30, 3, zhong_du, 11.63, 11.67, -3.39, 12.08, 12.02, 12.28, 11.63, 418529.16, 498901122, 1.40, 5.38, 1.17, 393.58616
2018-01-31, 3, zhong_du, 11.63, 11.80, 1.11, 11.67, 11.62, 11.95, 11.62, 360462.35, 425302032, 1.21, 2.83, 0.97, 670.12906
2018-02-01, 3, zhong_du, 11.63, 11.52, -2.37, 11.80, 11.77, 11.94, 11.37, 357323.41, 414719905, 1.20, 4.83, 0.97, 587.98003
2018-02-02, 3, zhong_du, 11.63, 11.31, -1.82, 11.52, 11.46, 11.49, 11.00, 293043.65, 330418103, 0.98, 4.25, 0.77, 872.47396
2018-02-05, 3, zhong_du, 11.63, 11.50, 1.68, 11.31, 11.18, 11.60, 11.13, 251532.11, 285687386, 0.84, 4.16, 0.71, 704.88
2018-02-06, 2, qing_du, 11.62, 11.05, -3.91, 11.50, 11.32, 11.34, 11.00, 386772.84, 431676932, 1.29, 2.96, 1.15, 1683.26998
2018-02-07, 2, qing_du, 11.61, 10.70, -3.17, 11.05, 11.21, 11.28, 10.62, 376835.45, 411422269, 1.26, 5.97, 1.14, 803.70188
2018-02-08, 2, qing_du, 11.60, 10.76, 0.56, 10.70, 10.68, 10.85, 10.52, 194537.57, 209042981, 0.65, 3.08, 0.55, 692.11698
2018-02-09, 1, wei_ruo, 11.59, 10.10, -6.13, 10.76, 10.50, 10.57, 9.76, 337866.97, 342221301, 1.13, 7.53, 1.11, 1145.44296
2018-02-12, 1, wei_ruo, 11.58, 10.11, 0.10, 10.10, 10.18, 10.26, 9.96, 220057.77, 221828214, 0.74, 2.97, 0.76, 696.02799
2018-02-13, 1, wei_ruo, 11.57, 10.13, 0.20, 10.11, 10.19, 10.35, 10.08, 217839.03, 222817794, 0.73, 2.67, 0.82, 579.24509
2018-02-14, 1, wei_ruo, 11.56, 10.10, -0.30, 10.13, 10.14, 10.15, 9.98, 109624.91, 110504213, 0.37, 1.68, 0.50, 684.58605
