2015-08-20, 1, wei_ruo, 44.24, 36.27, -10.00, 40.30, 39.59, 39.59, 36.27, 403645.37, 1532583432, 4.50, 8.24, 0.65, 809.01718
2015-08-21, 1, wei_ruo, 43.61, 32.64, -10.01, 36.27, 35.50, 35.50, 32.64, 538638.1, 1801806216, 6.00, 7.89, 1.04, 992.67411
2015-08-24, 1, wei_ruo, 43.44, 29.38, -9.99, 32.64, 29.41, 30.00, 29.38, 105271.53, 310253917, 1.17, 1.90, 0.21, 924.34502
2015-08-25, 1, wei_ruo, 43.20, 26.44, -10.01, 29.38, 26.44, 26.44, 26.44, 126371, 334124924, 1.41, 0.00, 0.29, 1217.99994
2015-08-26, 1, wei_ruo, 40.52, 24.95, -5.64, 26.44, 23.80, 28.08, 23.80, 1367627.02, 3386222638, 15.23, 16.19, 3.80, 4978.51706
2015-10-29, 3, zhong_du, 31.41, 36.01, -0.39, 36.15, 36.40, 37.32, 35.88, 601103.59, 2197537224, 6.69, 3.98, 0.72, 930.62496
2015-10-30, 3, zhong_du, 31.63, 35.05, -2.67, 36.01, 36.20, 36.25, 34.38, 528864.37, 1865312918, 5.89, 5.19, 0.64, 883.00705
2015-11-02, 3, zhong_du, 31.75, 33.83, -3.48, 35.05, 33.88, 35.42, 33.58, 391313, 1348377917, 4.36, 5.25, 0.46, 2959.44905
2015-11-03, 3, zhong_du, 31.81, 32.60, -3.64, 33.83, 34.00, 34.44, 32.01, 463540.32, 1533830752, 5.16, 7.18, 0.70, 1077.55685
2015-11-04, 3, zhong_du, 32.02, 35.79, 9.79, 32.60, 32.89, 35.80, 32.88, 614648.8, 2115859064, 6.84, 8.96, 1.04, 1299.40391
2015-11-05, 3, zhong_du, 32.21, 34.90, -2.49, 35.79, 35.20, 35.97, 34.45, 542556.72, 1905162480, 6.04, 4.25, 1.04, 1182.86014
2015-11-06, 3, zhong_du, 32.39, 35.79, 2.55, 34.90, 34.80, 36.64, 34.80, 462546.46, 1662282573, 5.15, 5.27, 0.91, 1240.90695
2015-11-09, 3, zhong_du, 32.74, 37.60, 5.06, 35.79, 35.33, 38.56, 35.33, 665907.33, 2448353330, 7.42, 9.02, 1.35, 1014.43601
2015-11-10, 4, gao_du, 33.08, 36.22, -3.67, 37.60, 37.69, 39.24, 36.22, 681294.12, 2588515294, 7.59, 8.03, 1.24, 416.36395
2015-11-11, 4, gao_du, 33.08, 36.98, 2.10, 36.22, 36.15, 37.05, 35.47, 539833.11, 1965093203, 6.01, 4.36, 0.91, 274.79601
2015-11-12, 4, gao_du, 33.45, 36.16, -2.22, 36.98, 37.60, 37.80, 35.86, 436089.05, 1598305580, 4.86, 5.25, 0.75, 1390.74397
2015-11-13, 4, gao_du, 33.53, 35.10, -2.93, 36.16, 35.83, 36.16, 34.50, 418649.12, 1473904839, 4.66, 4.59, 0.75, 3087.28409
2015-11-16, 4, gao_du, 33.59, 36.00, 2.56, 35.10, 34.26, 36.00, 34.05, 287987.01, 1016762375, 3.21, 5.56, 0.53, 1442.12198
2015-11-17, 4, gao_du, 33.71, 35.59, -1.14, 36.00, 36.49, 37.00, 35.50, 433979.54, 1578856894, 4.83, 4.17, 0.92, 1000.13208
2015-11-18, 4, gao_du, 33.74, 33.90, -4.75, 35.59, 35.61, 35.84, 33.80, 373703.22, 1295402200, 4.16, 5.73, 0.88, 1140.34796
2015-11-19, 4, gao_du, 33.76, 34.80, 2.65, 33.90, 34.23, 34.83, 33.30, 238278.3, 820793824, 2.65, 4.51, 0.61, 32539.4311
2015-11-20, 4, gao_du, 33.89, 36.68, 5.40, 34.80, 35.18, 37.22, 34.54, 495749.41, 1780963694, 5.52, 7.70, 1.41, 32704.59604
2015-11-23, 4, gao_du, 33.96, 35.47, -3.30, 36.68, 36.65, 36.94, 35.25, 314383.24, 1133540623, 3.50, 4.61, 0.86, 1014.19497
2015-11-24, 5, qiang_lie, 34.02, 36.08, 1.72, 35.47, 35.69, 36.66, 35.31, 258979.11, 932531324, 2.88, 3.81, 0.70, 1206.58398
2015-11-25, 5, qiang_lie, 34.25, 37.98, 5.27, 36.08, 36.15, 38.90, 35.80, 597625.81, 2232073245, 6.66, 8.59, 1.78, 1002.93708
2015-11-26, 5, qiang_lie, 34.39, 36.61, -3.61, 37.98, 37.95, 37.95, 36.60, 420506.78, 1561366850, 4.68, 3.55, 1.10, 902.47798
2015-11-27, 5, qiang_lie, 34.39, 33.51, -8.47, 36.61, 36.23, 37.15, 33.07, 418545.13, 1480460458, 4.66, 11.14, 1.00, 851.87507
2015-11-30, 5, qiang_lie, 34.32, 32.79, -2.15, 33.51, 33.15, 34.19, 30.50, 375420.04, 1227959239, 4.18, 11.01, 0.93, 920.16006
2015-12-01, 4, gao_du, 34.28, 33.03, 0.73, 32.79, 33.09, 33.60, 32.20, 207237.05, 682299035, 2.31, 4.27, 0.50, 1115.23485
2015-12-02, 3, zhong_du, 34.23, 32.09, -2.85, 33.03, 33.01, 33.01, 30.53, 224037.86, 711513255, 2.49, 7.51, 0.55, 1019.94205
2015-12-03, 3, zhong_du, 34.63, 33.30, 3.77, 32.09, 32.00, 33.85, 31.99, 233681.49, 770600046, 2.60, 5.80, 0.71, 849.0932
2015-12-04, 3, zhong_du, 34.55, 32.70, -1.80, 33.30, 33.40, 33.67, 32.32, 184467.04, 608986417, 2.05, 4.05, 0.63, 660.70008
2015-12-07, 3, zhong_du, 34.51, 32.46, -0.73, 32.70, 33.00, 33.06, 32.00, 177339.86, 577056301, 1.97, 3.24, 0.72, 588.28497
2015-12-08, 3, zhong_du, 34.43, 31.08, -4.25, 32.46, 32.21, 32.35, 31.00, 246896.26, 775547739, 2.75, 4.16, 1.20, 792.49787
2015-12-09, 2, qing_du, 34.36, 31.49, 1.32, 31.08, 31.00, 32.30, 30.68, 205061.65, 649991635, 2.28, 5.21, 0.96, 657.61995
2015-12-10, 2, qing_du, 34.30, 31.99, 1.59, 31.49, 31.50, 32.20, 31.35, 209088.02, 665801602, 2.33, 2.70, 1.00, 1296.32211
2015-12-11, 1, wei_ruo, 34.26, 32.16, 0.53, 31.99, 31.90, 32.70, 31.50, 189769, 610796454, 2.11, 3.75, 0.93, 1009.85098
2015-12-14, 1, wei_ruo, 34.18, 31.93, -0.72, 32.16, 31.80, 31.97, 30.70, 245167.16, 767465004, 2.73, 3.95, 1.19, 3145.36119
2015-12-15, 1, wei_ruo, 34.14, 32.31, 1.19, 31.93, 31.98, 32.79, 31.98, 187343.81, 607519591, 2.09, 2.54, 0.85, 1710.31117
2015-12-16, 1, wei_ruo, 34.11, 32.92, 1.89, 32.31, 32.54, 33.29, 32.01, 232441.93, 761972534, 2.59, 3.96, 1.12, 804.79503
2015-12-17, 1, wei_ruo, 34.09, 33.55, 1.91, 32.92, 33.12, 33.82, 32.80, 268676.39, 898430468, 2.99, 3.10, 1.26, 2752.35486
2015-12-18, 1, wei_ruo, 34.06, 33.07, -1.43, 33.55, 33.52, 33.79, 32.74, 215133.83, 713010007, 2.40, 3.13, 0.96, 1272.38393
2015-12-21, 1, wei_ruo, 34.06, 34.21, 3.45, 33.07, 32.97, 34.66, 32.80, 318078.07, 1077782736, 3.54, 5.62, 1.38, 2985.57401
2015-12-22, 1, wei_ruo, 34.06, 34.58, 1.08, 34.21, 34.10, 34.70, 33.60, 209014.7, 712589179, 2.33, 3.22, 0.86, 758.88491
2015-12-23, 2, qing_du, 34.06, 33.60, -2.83, 34.58, 34.60, 34.69, 33.40, 237045.56, 804338162, 2.64, 3.73, 0.95, 2867.8391
2015-12-24, 2, qing_du, 34.05, 34.20, 1.79, 33.60, 33.20, 34.50, 32.68, 272775.93, 922004981, 3.04, 5.42, 1.09, 753.55482
2015-12-25, 2, qing_du, 34.05, 33.70, -1.46, 34.20, 34.14, 34.59, 33.53, 145832.74, 494737515, 1.62, 3.10, 0.58, 827.31318
2015-12-28, 1, wei_ruo, 34.04, 33.36, -1.01, 33.70, 33.70, 34.57, 33.31, 238377.15, 810756252, 2.65, 3.74, 1.01, 2856.42886
2015-12-29, 1, wei_ruo, 34.04, 34.09, 2.19, 33.36, 33.45, 34.15, 33.26, 154474.94, 520884638, 1.72, 2.67, 0.70, 2302.45996
2015-12-30, 1, wei_ruo, 34.04, 34.50, 1.20, 34.09, 34.28, 34.59, 33.86, 185567.59, 634544444, 2.07, 2.14, 0.84, 2827.48699
2015-12-31, 1, wei_ruo, 34.04, 33.49, -2.93, 34.50, 34.65, 34.65, 33.28, 202565, 685116773, 2.26, 3.97, 0.92, 960.14595
2016-01-04, 1, wei_ruo, 33.99, 30.39, -9.26, 33.49, 33.90, 34.45, 30.30, 184982.82, 605957748, 2.06, 12.39, 0.84, 2128.53289
2016-01-05, 1, wei_ruo, 33.78, 28.72, -5.50, 30.39, 28.38, 30.89, 27.45, 371208.88, 1082109155, 4.13, 11.32, 1.68, 3839.71596
2016-01-06, 1, wei_ruo, 33.68, 29.18, 1.60, 28.72, 28.95, 29.66, 28.40, 194437.5, 564866066, 2.17, 4.39, 0.88, 983.59609
2016-01-07, 1, wei_ruo, 33.64, 26.26, -10.01, 29.18, 28.60, 28.72, 26.26, 54924.53, 148715284, 0.61, 8.43, 2.06, 781.74496
2016-01-08, 1, wei_ruo, 33.64, 25.70, -2.13, 26.26, 26.36, 27.00, 24.03, 288310.12, 746958820, 3.21, 11.31, 1.31, 1876.899
2016-01-11, 1, wei_ruo, 33.07, 23.13, -10.00, 25.70, 25.78, 26.50, 23.13, 305270.07, 757186989, 3.40, 13.11, 1.38, 3668.607
2016-01-12, 1, wei_ruo, 32.79, 23.50, 1.60, 23.13, 23.30, 24.15, 22.51, 262972.72, 614621536, 2.93, 7.09, 1.19, 5839.23507
2016-01-13, 1, wei_ruo, 32.37, 24.50, 4.26, 23.50, 23.90, 25.85, 23.60, 462380.66, 1158858485, 5.15, 9.57, 2.10, 1746.13595
2016-01-14, 1, wei_ruo, 32.09, 26.95, 10.00, 24.50, 23.35, 26.95, 23.35, 376202, 957925531, 4.19, 14.69, 1.71, 1041.37182
2016-01-15, 1, wei_ruo, 31.83, 25.57, -5.12, 26.95, 27.00, 27.50, 25.15, 391363.61, 1030547189, 4.36, 8.72, 1.77, 1604.29192
2016-01-18, 1, wei_ruo, 31.63, 26.80, 4.81, 25.57, 24.81, 27.54, 24.81, 329278.81, 875797762, 3.67, 10.68, 1.49, 5144.63806
2016-01-19, 1, wei_ruo, 31.47, 27.25, 1.68, 26.80, 26.66, 27.39, 25.80, 302393.17, 811402829, 3.37, 5.93, 1.37, 1259.10306
2016-01-20, 1, wei_ruo, 31.35, 26.61, -2.35, 27.25, 26.70, 27.12, 26.30, 231125.04, 616464077, 2.57, 3.01, 1.05, 2797.37401
2016-01-21, 1, wei_ruo, 31.20, 24.56, -7.70, 26.61, 25.99, 26.98, 24.50, 219090.97, 571109536, 2.44, 9.32, 0.99, 2917.26089
2016-01-22, 1, wei_ruo, 31.07, 25.10, 2.20, 24.56, 25.11, 25.50, 24.25, 186647.75, 464530025, 2.08, 5.09, 0.85, 1185.22882
2016-01-26, 1, wei_ruo, 30.74, 22.37, -10.02, 24.86, 24.30, 24.67, 22.37, 256300.48, 599576072, 2.85, 9.25, 1.16, 1115.94391
2016-02-17, 1, wei_ruo, 30.54, 24.61, 10.01, 22.37, 24.61, 24.61, 24.35, 284827.63, 700805365, 3.17, 1.16, 1.29, 1108.45304
2016-02-18, 1, wei_ruo, 30.28, 24.89, 1.14, 24.61, 25.10, 25.90, 24.71, 436880.6, 1101787232, 4.87, 4.84, 1.98, 2510.20718
2016-02-19, 1, wei_ruo, 30.16, 25.31, 1.69, 24.89, 24.89, 25.59, 24.51, 202791.4, 511203119, 2.26, 4.34, 1.16, 795.8889
2016-02-22, 1, wei_ruo, 30.27, 25.65, 0.98, 25.40, 25.65, 25.75, 25.20, 291902.27, 744293901, 3.25, 2.17, 1.04, 2795.01414
2016-02-23, 1, wei_ruo, 30.00, 25.63, -0.08, 25.65, 25.65, 25.96, 25.03, 220170.37, 561961618, 2.45, 3.63, 0.72, 4138.7651
2016-02-24, 1, wei_ruo, 29.91, 25.40, -0.90, 25.63, 25.88, 25.98, 24.90, 181820.05, 461429911, 2.02, 4.21, 0.61, 2834.70201
2016-02-25, 1, wei_ruo, 29.73, 22.86, -10.00, 25.40, 25.40, 25.41, 22.86, 266037.9, 634380431, 2.96, 10.04, 0.95, 2776.99399
2016-02-26, 1, wei_ruo, 29.48, 21.55, -5.73, 22.86, 22.85, 23.15, 21.00, 280680.7, 613664458, 3.13, 9.41, 1.14, 890.44404
2016-02-29, 1, wei_ruo, 29.20, 19.40, -9.98, 21.55, 21.20, 21.53, 19.40, 269871.49, 531267019, 3.01, 9.88, 1.09, 3012.26592
2016-03-01, 1, wei_ruo, 28.87, 18.99, -2.11, 19.40, 19.38, 19.80, 17.81, 285177.16, 543387140, 3.18, 10.26, 1.17, 4653.8291
2016-03-02, 1, wei_ruo, 28.55, 20.78, 9.43, 18.99, 18.98, 20.88, 18.88, 329618.66, 652456319, 3.67, 10.53, 1.28, 602.55599
2016-03-03, 1, wei_ruo, 28.32, 20.96, 0.87, 20.78, 20.80, 21.65, 20.45, 271671.44, 570267680, 3.03, 5.77, 0.95, 2727.04101
2016-03-04, 1, wei_ruo, 28.12, 19.50, -6.97, 20.96, 20.60, 20.85, 19.19, 220184.71, 440868307, 2.45, 7.92, 0.77, 674.77608
2016-03-07, 1, wei_ruo, 27.97, 20.27, 3.95, 19.50, 19.83, 20.58, 19.74, 171791.45, 346659188, 1.91, 4.31, 0.62, 1060.14109
2016-03-08, 1, wei_ruo, 27.79, 20.32, 0.25, 20.27, 20.06, 20.34, 18.90, 195484.74, 384277755, 2.18, 7.10, 0.76, 937.8891
2016-03-09, 1, wei_ruo, 27.66, 19.80, -2.56, 20.32, 19.50, 20.70, 19.50, 150462.31, 301398005, 1.68, 5.91, 0.63, 598.30785
2016-03-10, 1, wei_ruo, 27.53, 19.20, -3.03, 19.80, 19.88, 20.20, 19.15, 144894.41, 284002526, 1.61, 5.30, 0.72, 5497.118
2016-03-11, 1, wei_ruo, 27.43, 19.35, 0.78, 19.20, 19.10, 19.43, 18.88, 104113.31, 199711922, 1.16, 2.86, 0.59, 1206.19512
2016-03-14, 1, wei_ruo, 27.33, 21.29, 10.03, 19.35, 20.50, 21.29, 20.40, 144112.79, 301911346, 1.60, 4.60, 0.94, 1152.27079
2016-03-15, 1, wei_ruo, 27.06, 22.04, 3.52, 21.29, 22.00, 23.17, 22.00, 494558.22, 1107858381, 5.51, 5.50, 3.35, 565.97781
2016-03-16, 1, wei_ruo, 26.90, 21.48, -2.54, 22.04, 22.20, 22.73, 21.32, 262798.48, 574459162, 2.93, 6.40, 1.27, 1303.68495
2016-03-17, 1, wei_ruo, 26.69, 22.53, 4.89, 21.48, 21.60, 22.99, 21.33, 420741.01, 935011537, 4.69, 7.73, 1.83, 721.38
2016-03-18, 1, wei_ruo, 26.55, 23.70, 5.19, 22.53, 22.54, 23.96, 22.32, 374474.49, 867725931, 4.17, 7.28, 1.31, 3073.71402
2016-03-21, 1, wei_ruo, 26.44, 24.11, 1.73, 23.70, 23.81, 24.74, 23.57, 396684.52, 957961395, 4.42, 4.94, 1.17, 2620.61381
2016-03-22, 1, wei_ruo, 26.37, 23.92, -0.79, 24.11, 23.80, 24.53, 23.53, 245624.66, 591921646, 2.74, 4.15, 0.63, 891.5329
2016-03-23, 1, wei_ruo, 26.33, 24.01, 0.38, 23.92, 23.70, 24.20, 23.50, 175742.61, 420446458, 1.96, 2.93, 0.52, 2635.70213
2016-03-24, 2, qing_du, 26.26, 24.51, 2.08, 24.01, 23.86, 25.27, 23.60, 338155.15, 828142603, 3.77, 6.96, 1.05, 2796.41104
2016-03-25, 2, qing_du, 26.21, 24.31, -0.82, 24.51, 24.35, 24.90, 23.92, 210209.54, 514379214, 2.34, 4.00, 0.69, 760.47301
2016-03-28, 2, qing_du, 26.16, 23.82, -2.02, 24.31, 24.50, 24.85, 23.73, 200704.99, 488570445, 2.24, 4.61, 0.73, 2537.03403
2016-03-29, 2, qing_du, 26.09, 23.00, -3.44, 23.82, 23.81, 23.98, 22.35, 206719.26, 478863955, 2.30, 6.84, 0.88, 1180.95899
2016-03-30, 2, qing_du, 26.05, 23.78, 3.39, 23.00, 23.30, 23.84, 23.13, 147359.24, 346469174, 1.64, 3.09, 0.65, 1387.7449
2016-03-31, 2, qing_du, 26.00, 23.85, 0.29, 23.78, 23.86, 24.38, 23.68, 208455.03, 501994262, 2.32, 2.94, 0.94, 1064.05187
2016-04-01, 2, qing_du, 25.94, 23.30, -2.31, 23.85, 23.70, 23.88, 22.88, 211326.1, 489911618, 2.35, 4.19, 1.09, 3042.61208
2016-04-05, 2, qing_du, 25.89, 24.18, 3.78, 23.30, 23.45, 24.26, 23.15, 214756.6, 510190139, 2.39, 4.76, 1.10, 1552.01602
2016-04-06, 3, zhong_du, 25.85, 24.49, 1.28, 24.18, 24.00, 24.50, 23.82, 213260.09, 517433911, 2.37, 2.81, 1.08, 1061.69295
2016-04-07, 3, zhong_du, 25.82, 23.94, -2.25, 24.49, 24.68, 24.83, 23.90, 207312.27, 502973754, 2.31, 3.80, 1.04, 2700.45185
2016-04-08, 3, zhong_du, 25.79, 26.15, 9.23, 23.94, 23.70, 26.29, 23.60, 443928.98, 1121584775, 4.94, 11.24, 2.10, 722.52893
2016-04-11, 3, zhong_du, 25.83, 26.57, 1.61, 26.15, 26.00, 27.18, 25.99, 362237.24, 960732828, 4.03, 4.55, 1.40, 2489.151
2016-04-12, 4, gao_du, 25.84, 26.70, 0.49, 26.57, 26.34, 26.90, 25.82, 244920.83, 644988382, 2.73, 4.06, 0.85, 78246.23299
2016-04-13, 4, gao_du, 25.87, 26.86, 0.60, 26.70, 26.70, 27.36, 26.55, 262872.8, 710168278, 2.93, 3.03, 0.89, 2685.26196
2016-04-14, 5, qiang_lie, 25.89, 26.78, -0.30, 26.86, 26.86, 26.99, 26.13, 188963.11, 500269671, 2.10, 3.20, 0.62, 1127.74897
2016-04-15, 5, qiang_lie, 25.91, 26.95, 0.63, 26.78, 26.80, 27.50, 26.50, 187896.08, 508678391, 2.09, 3.73, 0.63, 698.06409
2016-04-18, 5, qiang_lie, 25.92, 26.08, -3.23, 26.95, 26.42, 26.90, 25.91, 129127, 338511887, 1.44, 3.67, 0.52, 936.38301
2016-04-19, 5, qiang_lie, 25.92, 26.58, 1.92, 26.08, 26.25, 26.64, 25.92, 118414.56, 311178712, 1.32, 2.76, 0.58, 974.79606
2016-04-20, 5, qiang_lie, 25.90, 25.03, -5.83, 26.58, 26.70, 26.84, 23.92, 288288.52, 721031300, 3.21, 10.99, 1.62, 2636.22093
2016-04-21, 5, qiang_lie, 25.89, 24.63, -1.60, 25.03, 24.50, 25.38, 24.30, 133375.96, 331450765, 1.49, 4.31, 0.73, 2815.19413
2016-04-22, 4, gao_du, 25.89, 26.88, 9.14, 24.63, 24.16, 26.96, 24.16, 269973.23, 693980948, 3.01, 11.37, 1.57, 4388.59701
2016-04-25, 5, qiang_lie, 25.91, 26.99, 0.41, 26.88, 26.68, 27.49, 26.03, 221684.19, 597409057, 2.47, 5.43, 1.18, 1332.98111
2016-04-26, 5, qiang_lie, 25.99, 28.60, 5.97, 26.99, 26.89, 28.72, 26.60, 328631.24, 907154319, 3.66, 7.85, 1.59, 8377.46119
2016-04-27, 5, qiang_lie, 26.12, 29.11, 1.78, 28.60, 28.48, 30.00, 28.31, 362062.48, 1054860412, 4.03, 5.91, 1.46, 2673.48599
2016-04-28, 5, qiang_lie, 26.19, 29.11, 0.00, 29.11, 28.83, 29.55, 28.40, 223152.16, 646711329, 2.49, 3.95, 0.86, 836.71594
2016-04-29, 5, qiang_lie, 26.26, 29.08, -0.10, 29.11, 29.11, 29.64, 28.88, 212140.92, 622014760, 2.36, 2.61, 0.75, 1242.37084
2016-05-03, 5, qiang_lie, 26.34, 29.87, 2.72, 29.08, 28.81, 30.20, 28.81, 201779.81, 595037984, 2.25, 4.78, 0.75, 3890.625
2016-05-04, 5, qiang_lie, 26.41, 29.57, -1.00, 29.87, 29.85, 30.44, 29.50, 201177.2, 602086933, 2.24, 3.15, 0.76, 438.90214
2016-05-05, 5, qiang_lie, 26.54, 31.22, 5.58, 29.57, 29.60, 31.31, 29.60, 272001.73, 834423402, 3.03, 5.78, 1.13, 567.9431
2016-05-06, 5, qiang_lie, 26.81, 32.02, 2.56, 31.22, 31.22, 32.90, 31.01, 436384.15, 1407691022, 4.86, 6.05, 1.97, 2491.84799
2016-05-09, 5, qiang_lie, 26.97, 30.60, -4.43, 32.02, 31.80, 32.34, 30.21, 352192.66, 1097592640, 3.92, 6.65, 1.33, 483.53219
2016-05-10, 5, qiang_lie, 27.08, 30.70, 0.33, 30.60, 30.05, 31.45, 30.00, 248363.65, 756376664, 2.76, 4.74, 0.85, 643.296
2016-05-11, 5, qiang_lie, 27.29, 33.16, 8.01, 30.70, 31.00, 33.55, 30.73, 349154.6, 1132246784, 3.88, 9.19, 1.16, 1272.30191
2016-05-12, 5, qiang_lie, 27.48, 33.38, 0.66, 33.16, 32.80, 34.03, 32.22, 295070.81, 976290754, 3.28, 5.46, 0.90, 891.37197
2016-05-13, 5, qiang_lie, 27.58, 32.80, -1.74, 33.38, 33.44, 33.65, 32.55, 162307.5, 535270674, 1.81, 3.30, 0.48, 831.58302
2016-05-16, 5, qiang_lie, 27.75, 34.60, 5.49, 32.80, 32.80, 34.73, 32.66, 237614.31, 806053017, 2.64, 6.31, 0.84, 2896.88492
2016-05-17, 5, qiang_lie, 28.09, 36.54, 5.61, 34.60, 34.63, 37.50, 34.36, 359545.59, 1289465673, 4.00, 9.08, 1.39, 511.18588
2016-05-18, 5, qiang_lie, 28.40, 35.65, -2.44, 36.54, 36.00, 37.33, 34.83, 361847.05, 1298010143, 4.03, 6.84, 1.30, 1093.83106
2016-05-19, 5, qiang_lie, 28.61, 36.03, 1.07, 35.65, 35.40, 37.09, 35.20, 247593.63, 897569593, 2.75, 5.30, 0.88, 2245.67199
2016-05-20, 5, qiang_lie, 28.78, 35.47, -1.55, 36.03, 35.75, 36.03, 34.75, 225504.94, 797291843, 2.51, 3.55, 0.82, 2707.29709
2016-05-23, 5, qiang_lie, 28.98, 36.65, 3.33, 35.47, 35.47, 36.97, 35.40, 227631.4, 830523719, 2.53, 4.43, 0.79, 2687.778
2016-05-24, 5, qiang_lie, 29.12, 36.82, 0.46, 36.65, 36.70, 37.17, 36.15, 163771.42, 600220104, 1.82, 2.78, 0.58, 14197.47615
2016-05-25, 5, qiang_lie, 29.26, 35.90, -2.50, 36.82, 36.96, 37.30, 35.60, 185170.95, 673177294, 2.06, 4.62, 0.65, 624.13883
2016-05-26, 5, qiang_lie, 29.43, 35.10, -2.23, 35.90, 35.40, 35.72, 34.01, 266199.29, 925155413, 2.96, 4.76, 0.94, 9382.67183
2016-05-27, 5, qiang_lie, 29.67, 37.70, 7.41, 35.10, 35.29, 38.26, 35.04, 285024.81, 1053613118, 3.17, 9.17, 1.00, 7910.31098
2016-05-30, 5, qiang_lie, 29.92, 39.07, 3.63, 37.70, 37.80, 39.30, 37.25, 254728.6, 982174964, 2.83, 5.44, 0.90, 654.78587
2016-05-31, 5, qiang_lie, 30.17, 39.60, 1.36, 39.07, 39.00, 39.90, 38.69, 237018.59, 931328011, 2.64, 3.10, 0.83, 2331.429
2016-06-01, 5, qiang_lie, 30.70, 39.00, -1.52, 39.60, 39.80, 41.17, 37.80, 529696.12, 2075882474, 5.89, 8.51, 1.88, 3003.25704
2016-06-02, 5, qiang_lie, 30.70, 39.11, 0.28, 39.00, 38.80, 39.59, 38.31, 152891.3, 596492827, 1.70, 3.28, 0.54, 6492.75398
2016-06-03, 5, qiang_lie, 31.10, 40.91, 4.60, 39.11, 39.51, 41.00, 39.28, 237678.99, 957531624, 2.64, 4.40, 0.84, 6806.40411
2016-06-06, 5, qiang_lie, 31.25, 40.76, -0.37, 40.91, 41.30, 41.46, 40.15, 139862.32, 570425313, 1.56, 3.20, 0.49, 2709.69009
2016-06-07, 5, qiang_lie, 31.40, 40.37, -0.96, 40.76, 40.95, 41.13, 39.72, 146504.84, 589985002, 1.63, 3.46, 0.52, 11406.7719
2016-06-08, 5, qiang_lie, 31.53, 40.63, 0.64, 40.37, 40.30, 41.10, 39.98, 135377.95, 549073190, 1.51, 2.77, 0.48, 27218.09506
2016-06-13, 5, qiang_lie, 31.74, 38.93, -4.18, 40.63, 40.92, 41.37, 38.50, 233226.68, 942133020, 2.59, 7.06, 0.82, 3813.20596
2016-06-14, 5, qiang_lie, 31.83, 39.00, 0.18, 38.93, 39.11, 39.50, 38.45, 110156.2, 429663533, 1.23, 2.70, 0.39, 9324.15915
2016-06-15, 5, qiang_lie, 31.95, 39.96, 2.46, 39.00, 38.60, 40.60, 38.27, 139666.73, 558629942, 1.55, 5.97, 0.49, 10469.86079
2016-06-16, 5, qiang_lie, 32.24, 41.97, 5.03, 39.96, 39.72, 42.20, 39.70, 274082.34, 1129478309, 3.05, 6.26, 0.96, 2530.41506
2016-06-17, 5, qiang_lie, 32.40, 41.81, -0.38, 41.97, 41.99, 42.43, 41.52, 146878.17, 615805244, 1.63, 2.17, 0.52, 23337.34798
2016-06-20, 5, qiang_lie, 32.52, 41.81, -0.38, 41.97, 41.99, 42.43, 41.52, 146878.17, 615805244, 1.63, 2.17, 0.52, 13391.48092
2016-06-21, 5, qiang_lie, 32.67, 42.23, 1.03, 41.80, 42.04, 42.55, 41.68, 145617.95, 612677223, 1.62, 2.08, 0.51, 5302.00315
2016-06-22, 5, qiang_lie, 32.82, 41.33, -2.13, 42.23, 42.45, 42.46, 40.58, 146697.22, 608217051, 1.63, 4.45, 0.52, 6756.88791
2016-06-23, 5, qiang_lie, 32.90, 41.04, -0.70, 41.33, 41.26, 41.58, 40.88, 88775.39, 365217149, 0.99, 1.69, 0.32, 4146.10004
2016-06-24, 5, qiang_lie, 33.07, 39.22, -4.43, 41.04, 41.17, 41.50, 38.21, 225212.01, 893474550, 2.51, 8.02, 0.79, 892.06409
2016-06-27, 5, qiang_lie, 33.18, 40.08, 2.19, 39.22, 39.10, 40.77, 39.10, 145313.42, 582797795, 1.62, 4.26, 0.52, 699.07713
2016-06-28, 5, qiang_lie, 33.30, 40.94, 2.32, 40.01, 39.86, 41.09, 39.50, 143155.85, 580508373, 1.59, 3.97, 0.50, 1050.73309
2016-06-30, 5, qiang_lie, 33.48, 40.21, -0.96, 40.60, 40.61, 40.79, 39.66, 141432.93, 566728719, 1.57, 2.78, 0.50, 744.69113
2016-07-01, 5, qiang_lie, 33.55, 39.52, -1.72, 40.21, 40.20, 40.29, 39.50, 90810.31, 360935662, 1.01, 1.96, 0.32, 3119.22503
2016-07-04, 5, qiang_lie, 33.64, 38.87, -1.64, 39.52, 39.39, 39.39, 37.90, 168821.26, 653234506, 1.88, 3.77, 0.59, 2704.0801
2016-07-05, 5, qiang_lie, 33.73, 39.11, 0.62, 38.87, 38.87, 39.57, 38.56, 149604.26, 585652075, 1.66, 2.60, 0.53, 4100.32606
2016-07-06, 5, qiang_lie, 34.04, 42.84, 9.54, 39.11, 39.30, 43.02, 38.94, 350447.95, 1465121480, 3.90, 10.43, 1.23, 4592.5169
2016-07-07, 5, qiang_lie, 34.24, 42.83, -0.02, 42.84, 42.85, 43.20, 42.54, 206919.17, 888456525, 2.30, 1.54, 0.73, 785.40087
2016-07-08, 5, qiang_lie, 34.45, 43.38, 1.28, 42.83, 42.70, 44.79, 42.70, 193850.9, 844063354, 2.16, 4.88, 0.68, 10420.06588
2016-07-11, 5, qiang_lie, 34.57, 43.24, -0.32, 43.38, 43.38, 43.79, 42.97, 125554.55, 543087862, 1.40, 1.89, 0.44, 783.04315
2016-07-12, 5, qiang_lie, 34.69, 43.34, 0.23, 43.24, 43.18, 43.50, 42.62, 127895, 549585109, 1.42, 2.04, 0.46, 14556.6659
2016-07-13, 5, qiang_lie, 34.94, 43.48, 0.35, 43.33, 43.15, 45.78, 43.15, 236037.2, 1051578973, 2.63, 6.07, 0.83, 1549.19815
2016-07-14, 5, qiang_lie, 35.08, 43.93, 1.03, 43.48, 42.81, 44.20, 42.10, 151455.01, 655780443, 1.69, 4.83, 0.53, 996.93513
2016-07-15, 5, qiang_lie, 35.19, 44.09, 0.36, 43.93, 43.99, 44.18, 43.60, 112177.5, 492521402, 1.25, 1.32, 0.39, 848.93608
2016-07-18, 5, qiang_lie, 35.29, 43.70, -0.88, 44.09, 44.00, 44.60, 43.70, 94022.76, 414381654, 1.05, 2.04, 0.33, 3954.75984
2016-07-19, 5, qiang_lie, 35.40, 44.19, 1.12, 43.70, 43.88, 44.60, 43.54, 114464.34, 503189695, 1.27, 2.43, 0.40, 570.12796
2016-07-20, 5, qiang_lie, 35.35, 45.45, 2.85, 44.19, 44.25, 45.88, 44.01, 170038.39, 769565783, 1.89, 4.23, 0.60, 1214.8838
2016-07-21, 5, qiang_lie, 35.72, 45.61, 0.35, 45.45, 45.31, 46.69, 45.11, 162226.7, 745510538, 1.80, 3.48, 0.57, 5153.37396
2016-07-22, 5, qiang_lie, 35.87, 46.18, 1.25, 45.61, 45.50, 46.65, 45.20, 133476.64, 615630871, 1.49, 3.18, 0.47, 2699.74184
2016-07-25, 5, qiang_lie, 36.28, 50.00, 8.27, 46.18, 46.50, 50.32, 46.23, 284217.63, 1384429645, 3.16, 8.86, 1.01, 4654.97589
2016-07-26, 5, qiang_lie, 36.55, 50.40, 0.80, 50.00, 50.01, 50.49, 49.30, 176013.52, 880260078, 1.96, 2.38, 0.62, 1039.72387
2016-07-27, 5, qiang_lie, 36.91, 48.81, -3.15, 50.40, 50.47, 50.90, 48.20, 253977.67, 1251103895, 2.83, 5.36, 0.90, 2610.19492
2016-07-28, 5, qiang_lie, 37.38, 43.93, -10.00, 48.81, 48.88, 49.85, 43.93, 467465.36, 2122476371, 5.20, 12.13, 1.64, 2843.59622
2016-07-29, 5, qiang_lie, 37.67, 44.57, 1.46, 43.93, 42.75, 45.77, 41.76, 383560.18, 1674699160, 4.27, 9.13, 1.36, 14220.05987
2016-08-01, 5, qiang_lie, 37.81, 41.10, -7.79, 44.57, 44.30, 44.30, 40.21, 318531.08, 1327459673, 3.54, 9.18, 1.12, 4093.57309
2016-08-02, 3, zhong_du, 37.87, 41.50, 0.97, 41.10, 41.10, 42.01, 39.50, 165584.49, 677063786, 1.84, 6.11, 0.58, 15060.40406
2016-08-03, 3, zhong_du, 37.93, 42.11, 1.47, 41.50, 41.49, 42.58, 40.98, 136263.47, 574304816, 1.52, 3.86, 0.55, 4915.23504
2016-08-04, 3, zhong_du, 38.05, 44.34, 5.30, 42.11, 42.45, 44.40, 41.70, 183953.33, 797563201, 2.05, 6.41, 0.92, 14455.04808
2016-08-05, 3, zhong_du, 38.21, 45.92, 3.56, 44.34, 44.16, 46.40, 43.94, 196860.72, 896650778, 2.19, 5.55, 1.05, 865.39912
2016-08-08, 3, zhong_du, 38.35, 45.92, 0.00, 45.92, 45.80, 46.98, 45.60, 154398.88, 713189021, 1.72, 3.01, 0.85, 15923.74015
2016-08-09, 4, gao_du, 38.45, 46.50, 1.26, 45.92, 46.00, 46.69, 45.71, 111887.46, 515798753, 1.24, 2.13, 0.67, 4610.4629
2016-08-10, 4, gao_du, 38.63, 47.88, 2.97, 46.50, 46.40, 48.34, 46.21, 177995.99, 845406514, 1.98, 4.58, 1.15, 9425.75908
2016-08-11, 5, qiang_lie, 38.74, 46.94, -1.96, 47.88, 47.85, 48.13, 46.81, 114544.24, 542549823, 1.27, 2.76, 0.69, 1803.99299
2016-08-15, 5, qiang_lie, 38.97, 47.48, 0.02, 47.47, 47.80, 47.87, 45.65, 160701.06, 754686142, 1.79, 4.68, 1.25, 664.59203
2016-08-16, 5, qiang_lie, 39.14, 48.83, 2.86, 47.47, 47.40, 49.18, 47.21, 160283.95, 778059213, 1.78, 4.15, 1.22, 2635.06722
2016-08-17, 5, qiang_lie, 39.24, 48.83, 0.00, 48.83, 48.79, 49.29, 48.50, 91231.26, 445839620, 1.02, 1.62, 0.65, 14364.01606
2016-08-18, 5, qiang_lie, 39.35, 48.89, 0.12, 48.83, 48.80, 49.08, 47.86, 107125.83, 520491339, 1.19, 2.50, 0.87, 16432.51181
2016-08-19, 5, qiang_lie, 39.45, 48.92, 0.06, 48.89, 49.30, 49.98, 48.58, 89124.73, 438028008, 0.99, 2.86, 0.74, 979.94518
2016-08-22, 5, qiang_lie, 39.56, 47.50, -2.84, 48.89, 48.99, 49.37, 47.22, 119007.36, 573253773, 1.32, 4.40, 0.97, 2581.05707
2016-08-23, 5, qiang_lie, 39.63, 47.74, 0.51, 47.50, 47.06, 48.17, 47.06, 78714.82, 375849079, 0.88, 2.34, 0.70, 846.20714
2016-08-24, 5, qiang_lie, 39.72, 47.00, -1.55, 47.74, 47.80, 48.18, 46.70, 102124.24, 482625499, 1.14, 3.10, 1.05, 4087.27503
2016-08-25, 5, qiang_lie, 39.80, 47.28, 0.60, 47.00, 47.00, 47.52, 46.45, 102587.96, 480968379, 1.14, 2.28, 1.03, 524.32799
2016-08-26, 5, qiang_lie, 39.96, 48.70, 3.00, 47.28, 47.28, 49.42, 47.28, 160588.86, 782118567, 1.79, 4.53, 1.63, 511.02495
2016-08-29, 5, qiang_lie, 40.20, 50.20, 3.08, 48.70, 48.82, 50.98, 48.82, 217757.71, 1092277185, 2.42, 4.44, 1.93, 2727.43297
2016-08-30, 5, qiang_lie, 40.34, 49.27, -1.85, 50.20, 50.20, 50.80, 49.10, 136404.09, 679182111, 1.52, 3.39, 1.03, 2571.00987
2016-08-31, 5, qiang_lie, 40.41, 49.91, 1.30, 49.27, 49.56, 50.45, 49.56, 40572.91, 203066081, 0.45, 1.81, 1.61, 58528.41401
2016-09-01, 5, qiang_lie, 40.51, 49.29, -0.88, 49.73, 49.65, 50.13, 48.99, 63358.16, 313765667, 0.70, 2.29, 0.45, 4849.56503
2016-09-02, 5, qiang_lie, 40.51, 49.91, 1.30, 49.27, 49.56, 50.45, 49.56, 40572.91, 203066081, 0.45, 1.81, 1.61, 11853.17302
2016-09-05, 5, qiang_lie, 40.51, 49.91, 1.30, 49.27, 49.56, 50.45, 49.56, 40572.91, 203066081, 0.45, 1.81, 1.61, 1347.75996
2016-09-06, 5, qiang_lie, 40.51, 49.80, 2.15, 48.75, 48.88, 49.96, 48.55, 93458.71, 463057536, 1.04, 2.89, 0.66, 4879.41885
2016-09-07, 5, qiang_lie, 40.51, 49.38, -0.84, 49.80, 49.70, 50.39, 49.20, 83535.16, 416506623, 0.93, 2.39, 0.59, 611.59801
2016-09-08, 5, qiang_lie, 40.51, 49.91, 1.30, 49.27, 49.56, 50.45, 49.56, 40572.91, 203066081, 0.45, 1.81, 1.61, 678.5202
2016-09-09, 5, qiang_lie, 40.51, 49.70, 0.02, 49.69, 49.94, 50.13, 49.55, 62106.8, 309825955, 0.69, 1.17, 0.44, 2635.01883
2016-09-12, 5, qiang_lie, 40.51, 47.39, -4.65, 49.70, 48.97, 49.19, 47.19, 140045.35, 672016048, 1.56, 4.02, 0.98, 623.734
2016-09-13, 5, qiang_lie, 40.51, 48.38, 2.09, 47.39, 47.70, 48.53, 47.18, 77574.97, 370518734, 0.86, 2.85, 0.55, 613.58595
2016-09-14, 5, qiang_lie, 40.51, 49.91, 1.30, 49.27, 49.56, 50.45, 49.56, 40572.91, 203066081, 0.45, 1.81, 1.61, 605.02791
2016-09-19, 5, qiang_lie, 40.51, 48.80, 0.31, 48.65, 48.68, 49.38, 48.57, 61814.83, 302681487, 0.69, 1.66, 0.43, 748.57092
2016-09-20, 5, qiang_lie, 40.51, 49.69, 1.82, 48.80, 49.01, 50.23, 48.91, 92773.78, 462199046, 1.03, 2.70, 0.65, 4493.93797
2016-09-21, 5, qiang_lie, 40.51, 49.77, 0.16, 49.69, 49.70, 49.98, 49.50, 42858.96, 213175038, 0.48, 0.97, 0.30, 484.60603
2016-09-22, 5, qiang_lie, 40.51, 49.05, -1.45, 49.77, 49.92, 50.32, 48.82, 98233.95, 486067812, 1.09, 3.01, 0.69, 519.56987
2016-09-23, 5, qiang_lie, 40.51, 49.18, 0.27, 49.05, 49.30, 49.34, 48.87, 61826.48, 303549717, 0.69, 0.96, 0.43, 9886.04403
2016-09-26, 5, qiang_lie, 40.51, 48.23, -1.93, 49.18, 49.40, 49.41, 47.86, 70629.57, 342246382, 0.79, 3.15, 0.50, 2751.27482
2016-09-27, 5, qiang_lie, 40.51, 48.27, 0.08, 48.23, 48.30, 48.79, 46.72, 105162.78, 502420147, 1.17, 4.29, 0.74, 1466.40491
2016-09-28, 4, gao_du, 40.51, 47.40, -1.80, 48.27, 48.63, 48.76, 47.21, 112168.01, 536852367, 1.25, 3.21, 0.79, 2698.89617
2016-10-17, 4, gao_du, 41.84, 49.15, 3.69, 47.40, 48.00, 50.90, 47.40, 184492.2, 915303328, 2.05, 7.38, 1.30, 789.45804
2016-10-18, 4, gao_du, 41.89, 49.25, 0.20, 49.15, 48.85, 49.85, 48.50, 68419.34, 336062034, 0.76, 2.75, 0.48, 1803.67494
2016-10-19, 4, gao_du, 41.95, , , , , , , , , , , , 1384.0971
2016-10-20, 4, gao_du, 41.99, 48.74, -1.08, 49.27, 49.42, 49.45, 48.70, 41359.53, 202703726, 0.46, 1.52, 0.35, 2581.41112
2016-10-21, 4, gao_du, 42.05, 48.58, -0.33, 48.74, 48.77, 48.77, 47.57, 77930.76, 375724877, 0.87, 2.46, 0.94, 5404.62303
2016-10-24, 4, gao_du, 42.08, 48.28, -0.45, 48.50, 48.53, 48.59, 47.88, 46594.93, 224494282, 0.52, 1.46, 0.64, 660.57611
2016-10-25, 3, zhong_du, 42.12, 48.18, -0.21, 48.28, 48.34, 48.47, 47.90, 54764.97, 263749456, 0.61, 1.18, 0.75, 3892.73405
2016-10-26, 3, zhong_du, 42.24, 48.50, 0.66, 48.18, 48.07, 50.32, 48.07, 160545.4, 791244203, 1.79, 4.67, 2.19, 550.25387
2016-10-27, 3, zhong_du, 42.34, 48.90, 0.82, 48.50, 49.32, 49.68, 48.66, 128032.9, 627985848, 1.42, 2.10, 1.76, 747.02787
2016-10-28, 3, zhong_du, 42.38, 49.00, 0.00, 49.00, 48.99, 49.63, 48.68, 51582.16, 253453543, 0.57, 1.94, 0.70, 8105.29399
2016-10-31, 3, zhong_du, 42.43, 49.60, 1.22, 49.00, 48.91, 50.01, 48.49, 67292.44, 332425948, 0.75, 3.10, 0.92, 579.34999
2016-11-01, 4, gao_du, 42.58, 50.12, 1.05, 49.60, 49.90, 51.50, 49.47, 171144.38, 861728481, 1.90, 4.09, 2.33, 528.64003
2016-11-02, 5, qiang_lie, 42.71, 51.45, 2.65, 50.12, 50.10, 51.48, 49.87, 136609.98, 692991550, 1.52, 3.21, 1.88, 489.44116
2016-11-03, 5, qiang_lie, 42.98, 54.31, 5.35, 51.55, 51.70, 55.18, 51.55, 218277.55, 1175515783, 2.43, 7.04, 2.98, 540.061
2016-11-04, 5, qiang_lie, 43.11, 53.94, -0.68, 54.31, 53.99, 55.16, 53.73, 103074.38, 559899535, 1.15, 2.63, 1.42, 704.69999
2016-11-07, 5, qiang_lie, 43.24, 54.40, 0.91, 53.91, 54.88, 54.88, 53.52, 105028.67, 568201647, 1.17, 2.52, 1.43, 656.919
2016-11-08, 5, qiang_lie, 43.44, 55.82, 2.61, 54.40, 54.83, 56.43, 54.00, 146600.59, 809119624, 1.63, 4.47, 2.00, 962.34322
2016-11-09, 5, qiang_lie, 43.72, 56.99, 2.10, 55.82, 55.98, 57.36, 55.45, 190996.29, 1079015532, 2.13, 3.42, 2.60, 1332.82399
2016-11-10, 5, qiang_lie, 43.96, 58.20, 2.12, 56.99, 57.00, 59.00, 56.02, 153499.59, 887075884, 1.71, 5.23, 2.11, 1311.84602
2016-11-11, 5, qiang_lie, 44.29, 56.60, -2.92, 58.30, 58.50, 59.50, 55.99, 217779.86, 1263097850, 2.42, 6.02, 2.97, 792.8381
2016-11-14, 5, qiang_lie, 44.42, 56.85, 0.44, 56.60, 56.06, 57.20, 56.05, 96724.68, 548318021, 1.08, 2.03, 1.33, 465.14797
2016-11-15, 5, qiang_lie, 44.54, 56.31, -0.93, 56.84, 56.85, 57.50, 56.30, 86938.14, 493581850, 0.97, 2.11, 1.20, 539.39414
2016-11-16, 5, qiang_lie, 44.64, 56.76, -0.14, 56.84, 56.85, 57.50, 56.60, 47614.15, 271279954, 0.53, 1.58, 1.30, 427.19817
2016-11-17, 5, qiang_lie, 44.72, 56.30, 0.00, 56.30, 56.60, 56.88, 56.06, 24814.95, 139947109, 0.28, 1.46, 0.68, 552.7041
2016-11-18, 5, qiang_lie, 44.84, 56.76, -0.14, 56.84, 56.85, 57.50, 56.60, 47614.15, 271279954, 0.53, 1.58, 1.30, 629.30417
2016-11-21, 5, qiang_lie, 44.92, 56.84, 0.07, 56.80, 56.98, 56.98, 56.31, 65368.13, 370190335, 0.73, 1.18, 0.89, 353.41406
2016-11-22, 5, qiang_lie, 45.05, 57.50, 1.16, 56.84, 56.76, 58.29, 56.63, 87207.49, 501749987, 0.97, 2.92, 1.19, 909.99603
2016-11-23, 5, qiang_lie, 45.13, 57.57, 0.12, 57.50, 57.51, 58.60, 57.39, 59081.09, 341107881, 0.66, 2.10, 0.81, 505.4152
2016-11-24, 5, qiang_lie, 45.30, 58.82, 2.17, 57.57, 57.50, 59.27, 57.50, 111040.73, 650509007, 1.24, 3.07, 1.53, 536.22198
2016-11-25, 5, qiang_lie, 45.43, 58.54, -0.48, 58.82, 58.84, 59.25, 57.79, 85729.69, 500007536, 0.95, 2.48, 1.17, 639.97006
2016-11-28, 5, qiang_lie, 45.57, 58.45, -0.15, 58.54, 58.60, 59.06, 58.40, 98183.96, 576623937, 1.09, 1.13, 1.35, 539.65306
2016-11-29, 5, qiang_lie, 45.73, 58.19, -0.53, 58.50, 58.51, 59.00, 57.83, 107695.87, 629876477, 1.20, 2.00, 1.47, 382.32303
2016-11-30, 5, qiang_lie, 45.82, 57.98, -0.36, 58.19, 58.19, 58.35, 57.33, 66702.35, 385051963, 0.74, 1.75, 0.92, 519.27185
2016-12-01, 5, qiang_lie, 45.86, 57.93, 0.09, 57.88, 57.86, 58.19, 57.70, 32227.03, 186526170, 0.36, 0.85, 0.44, 408.42795
2016-12-02, 5, qiang_lie, 45.95, 55.70, -3.85, 57.93, 57.93, 58.00, 55.40, 79775.24, 455189952, 0.89, 4.49, 1.09, 625.30708
2016-12-05, 5, qiang_lie, 46.11, 50.13, -10.00, 55.70, 51.20, 54.00, 50.13, 249884.38, 1277596107, 2.78, 6.95, 3.41, 917.86504
2016-12-06, 4, gao_du, 46.18, 51.41, 2.55, 50.13, 50.30, 51.90, 50.30, 133541.86, 685625225, 1.49, 3.19, 1.82, 697.95108
2016-12-07, 3, zhong_du, 46.27, 53.90, 4.84, 51.41, 51.80, 54.00, 51.69, 107974.41, 574996873, 1.20, 4.49, 1.47, 526.93582
2016-12-08, 3, zhong_du, 46.33, 53.38, -0.96, 53.90, 54.00, 54.15, 52.51, 79720.53, 424997030, 0.89, 3.04, 1.09, 485.61192
2016-12-09, 3, zhong_du, 46.37, 53.18, -0.37, 53.38, 53.30, 53.88, 52.80, 54521.68, 290302580, 0.61, 2.02, 0.74, 968.84322
2016-12-12, 3, zhong_du, 46.44, 47.86, -10.00, 53.18, 53.10, 53.25, 47.86, 200499.56, 974189555, 2.23, 10.14, 2.73, 491.16802
2016-12-13, 3, zhong_du, 46.44, 47.86, 0.00, 47.86, 47.75, 47.86, 43.09, 143452.32, 658117805, 1.60, 9.97, 1.96, 786.77702
2016-12-14, 2, qing_du, 46.45, 47.00, -1.80, 47.86, 47.60, 47.99, 46.05, 63721.68, 299893893, 0.71, 4.05, 0.87, 775.76113
2016-12-15, 2, qing_du, 46.43, 44.50, -5.32, 47.00, 46.60, 46.94, 43.77, 127921.89, 579142351, 1.42, 6.74, 1.74, 564.47506
2016-12-16, 2, qing_du, 46.41, 46.68, 4.90, 44.50, 44.84, 46.68, 43.06, 128129.26, 572885963, 1.43, 8.13, 1.75, 504.89283
2016-12-19, 1, wei_ruo, 46.41, 46.66, -0.04, 46.68, 46.20, 47.58, 45.62, 88234.53, 411699560, 0.98, 4.20, 1.20, 939.42785
2016-12-20, 1, wei_ruo, 46.41, 46.38, -0.60, 46.66, 46.60, 47.00, 44.80, 65046.57, 298013057, 0.72, 4.71, 0.89, 587.14986
2016-12-21, 1, wei_ruo, 46.41, 46.21, -0.37, 46.38, 46.38, 47.28, 46.10, 67009.42, 312954877, 0.75, 2.54, 0.91, 511.77216
2016-12-22, 1, wei_ruo, 46.41, 46.10, -0.24, 46.21, 46.80, 46.96, 45.72, 55597.28, 256957322, 0.62, 2.68, 0.76, 515.00893
2016-12-23, 1, wei_ruo, 46.40, 44.74, -2.95, 46.10, 46.10, 46.11, 44.47, 88115.45, 395483368, 0.98, 3.56, 1.20, 397.42708
2016-12-26, 1, wei_ruo, 46.28, 41.98, -6.17, 44.74, 43.70, 43.70, 40.27, 235479.21, 969532889, 2.62, 7.67, 3.21, 1047.22691
2016-12-27, 1, wei_ruo, 46.25, 41.86, -0.29, 41.98, 41.70, 43.02, 41.50, 71966.51, 303220191, 0.80, 3.62, 0.98, 494.38405
2016-12-28, 1, wei_ruo, 46.22, 42.44, 1.39, 41.86, 41.90, 43.29, 41.70, 77066.77, 328194641, 0.86, 3.80, 1.05, 541.01706
2016-12-30, 1, wei_ruo, 46.12, 42.05, 0.36, 41.90, 42.15, 42.30, 39.71, 120619.64, 494998515, 1.34, 6.18, 1.64, 816.87999
2017-01-04, 1, wei_ruo, 46.07, 43.22, 2.66, 42.10, 42.10, 43.27, 41.83, 73133.69, 313438762, 0.81, 3.42, 1.00, 550.68803
2017-01-05, 1, wei_ruo, 46.05, 44.35, 2.61, 43.22, 43.31, 44.73, 42.99, 82721.83, 362625709, 0.92, 4.03, 1.13, 562.31284
2017-01-06, 1, wei_ruo, 46.04, 44.08, -0.61, 44.35, 44.37, 44.89, 43.88, 58728.12, 259851218, 0.65, 2.28, 0.80, 801.64313
2017-01-09, 1, wei_ruo, 46.04, 46.18, 4.76, 44.08, 44.00, 46.18, 43.55, 71550.3, 319975162, 0.80, 5.97, 0.98, 584.30481
2017-01-10, 1, wei_ruo, 46.06, 48.20, 4.37, 46.18, 46.25, 48.52, 45.53, 127167.19, 605805312, 1.41, 6.47, 1.73, 630.10001
2017-01-11, 1, wei_ruo, 46.07, 47.52, 2.90, 46.18, 46.25, 48.19, 45.53, 67512.48, 318681622, 0.75, 5.76, 1.84, 655.78198
2017-01-13, 1, wei_ruo, 46.10, 47.52, 2.90, 46.18, 46.25, 48.19, 45.53, 67512.48, 318681622, 0.75, 5.76, 1.84, 608.31594
2017-01-16, 1, wei_ruo, 46.09, 47.52, 2.90, 46.18, 46.25, 48.19, 45.53, 67512.48, 318681622, 0.75, 5.76, 1.84, 562.58583
2017-01-17, 1, wei_ruo, 46.09, 47.52, 2.90, 46.18, 46.25, 48.19, 45.53, 67512.48, 318681622, 0.75, 5.76, 1.84, 619.59195
2017-01-18, 1, wei_ruo, 46.09, 45.14, -1.48, 45.82, 46.06, 46.12, 45.03, 37512.79, 171206598, 0.42, 2.38, 0.51, 666.99696
2017-02-07, 1, wei_ruo, 45.98, 43.10, -1.06, 43.56, 43.88, 43.90, 42.92, 16856.73, 73239992, 0.19, 2.25, 0.52, 674.81112
2017-02-08, 1, wei_ruo, 45.97, 43.58, 0.05, 43.56, 43.88, 43.90, 42.92, 32370.24, 140794847, 0.36, 2.25, 0.44, 4553.42197
2017-02-09, 1, wei_ruo, 45.96, 43.40, -0.41, 43.58, 43.58, 43.99, 43.28, 30924.93, 134988978, 0.34, 1.63, 0.54, 1534.513
2017-02-10, 1, wei_ruo, 45.95, 43.50, -0.53, 43.73, 43.86, 43.93, 43.22, 35162.87, 153106454, 0.39, 1.62, 0.48, 3515.56683
2017-02-13, 1, wei_ruo, 45.94, 43.09, -0.94, 43.50, 43.50, 43.71, 42.60, 40713.64, 176138716, 0.45, 2.55, 0.56, 4652.22001
2017-02-14, 1, wei_ruo, 45.92, 42.50, -1.37, 43.09, 42.99, 43.17, 41.90, 59290.39, 251875262, 0.66, 2.95, 0.81, 881.96611
2017-02-15, 1, wei_ruo, 45.88, 41.68, -1.93, 42.50, 42.81, 42.90, 41.49, 76170.83, 318917495, 0.85, 3.32, 1.04, 4948.47608
2017-02-16, 1, wei_ruo, 45.85, 43.98, 5.52, 41.68, 41.85, 44.12, 41.81, 129573.81, 561533734, 1.44, 5.54, 1.77, 677.53696
2017-02-17, 1, wei_ruo, 45.83, 44.05, 0.16, 43.98, 47.00, 47.00, 43.04, 107822.56, 476741059, 1.20, 9.00, 1.47, 518.41879
2017-02-20, 1, wei_ruo, 45.82, 44.00, -0.11, 44.05, 44.00, 44.40, 43.51, 56606.73, 248537755, 0.63, 2.02, 0.77, 591.58993
2017-02-21, 1, wei_ruo, 45.81, 43.93, -0.16, 44.00, 44.25, 44.31, 43.70, 49400.11, 217390005, 0.55, 1.39, 0.67, 904.01793
2017-02-22, 1, wei_ruo, 45.80, 43.40, -1.21, 43.93, 43.93, 44.10, 43.00, 49456.54, 215599800, 0.55, 2.50, 0.67, 4652.73404
2017-02-23, 1, wei_ruo, 45.78, 42.60, -1.84, 43.40, 43.44, 43.89, 42.57, 57145.63, 246139551, 0.64, 3.04, 0.78, 4707.40104
2017-02-24, 1, wei_ruo, 45.77, 42.47, -0.31, 42.60, 42.76, 42.78, 42.30, 9785.88, 41520421, 0.11, 1.13, 0.73, 1328.09591
2017-02-27, 1, wei_ruo, 45.75, 42.86, 0.14, 42.80, 42.90, 43.50, 42.69, 44106.68, 189863306, 0.49, 1.89, 0.60, 2542.7568
2017-02-28, 1, wei_ruo, 45.73, 42.60, -0.61, 42.86, 42.86, 43.62, 42.41, 57751.13, 247439636, 0.64, 2.82, 0.79, 691.962
2017-03-01, 1, wei_ruo, 45.71, 42.51, -0.21, 42.60, 42.60, 43.04, 40.00, 56110.97, 238164389, 0.62, 7.14, 0.77, 1227.04816
2017-03-02, 1, wei_ruo, 45.69, 42.00, -1.20, 42.51, 42.61, 42.76, 41.82, 50972.32, 214636945, 0.57, 2.21, 0.70, 740.62109
2017-03-03, 1, wei_ruo, 45.68, 41.99, -0.02, 42.00, 42.00, 42.29, 41.77, 36286.21, 152208050, 0.40, 1.24, 0.49, 4881.01506
2017-03-06, 1, wei_ruo, 45.66, 42.01, 0.05, 41.99, 41.73, 42.26, 41.73, 41001.68, 172059313, 0.46, 1.26, 0.56, 4479.69198
2017-03-07, 1, wei_ruo, 45.64, 42.23, -0.26, 42.34, 42.37, 42.61, 42.10, 16313.21, 68965034, 0.18, 1.20, 0.44, 842.98301
2017-03-08, 1, wei_ruo, 45.63, 42.10, -0.57, 42.34, 42.37, 42.61, 42.00, 34951.29, 147406529, 0.39, 1.44, 0.48, 719.89989
2017-03-09, 1, wei_ruo, 45.61, 41.95, -0.36, 42.10, 42.10, 42.28, 41.95, 29767.8, 125304281, 0.33, 0.78, 0.41, 2643.53895
2017-03-10, 1, wei_ruo, 45.60, 41.98, 0.07, 41.95, 41.82, 42.10, 41.74, 26857.48, 112521379, 0.30, 0.86, 0.37, 687.20317
2017-03-13, 1, wei_ruo, 45.58, 41.78, -0.48, 41.98, 42.17, 42.17, 41.00, 43000.17, 178581917, 0.48, 2.79, 0.59, 646.46506
2017-03-14, 1, wei_ruo, 45.55, 41.58, -0.48, 41.78, 41.93, 41.93, 40.90, 65067.93, 268626048, 0.72, 2.47, 0.89, 2634.23681
2017-03-15, 1, wei_ruo, 45.54, 41.33, -0.60, 41.58, 41.12, 41.59, 41.11, 33986.37, 140780430, 0.38, 1.15, 0.46, 648.90194
2017-03-16, 1, wei_ruo, 45.52, 41.35, 0.05, 41.33, 41.33, 41.58, 40.80, 46791.3, 193447167, 0.52, 1.89, 0.64, 613.97099
2017-03-17, 1, wei_ruo, 45.49, 41.00, -0.85, 41.35, 41.28, 41.42, 40.66, 56486.59, 231721474, 0.63, 1.84, 0.77, 595.84188
2017-03-20, 1, wei_ruo, 45.32, 36.90, -10.00, 41.00, 40.91, 40.91, 36.90, 209648.97, 805198217, 2.33, 9.78, 2.86, 614.58516
2017-03-21, 1, wei_ruo, 44.59, 34.08, -7.64, 36.90, 34.95, 34.95, 33.21, 586500.73, 1975264968, 6.53, 4.72, 8.00, 623.58499
2017-03-22, 1, wei_ruo, 44.29, 34.55, 1.38, 34.08, 33.18, 34.84, 32.40, 246511.62, 837129570, 2.74, 7.16, 3.36, 720.57796
2017-03-23, 1, wei_ruo, 44.13, 34.70, 0.43, 34.55, 34.10, 35.20, 34.10, 156899.22, 545433199, 1.75, 3.18, 2.14, 593.80412
2017-03-24, 1, wei_ruo, 43.83, 32.51, -6.31, 34.70, 34.72, 34.78, 32.45, 247002.23, 823596378, 2.75, 6.71, 3.37, 656.1501
2017-03-27, 1, wei_ruo, 43.61, 33.34, 2.55, 32.51, 33.00, 33.75, 32.88, 184130.69, 612899952, 2.05, 2.68, 2.51, 634.55987
2017-03-28, 1, wei_ruo, 43.48, 33.75, 1.23, 33.34, 33.38, 34.00, 33.25, 117880.45, 395841098, 1.31, 2.25, 1.61, 668.14494
2017-03-29, 1, wei_ruo, 43.34, 34.73, 2.90, 33.75, 33.90, 34.93, 33.77, 144047.69, 495916354, 1.60, 3.44, 1.96, 682.28602
2017-03-30, 1, wei_ruo, 43.24, 34.26, -1.35, 34.73, 34.50, 34.73, 34.13, 98363.17, 337761123, 1.09, 1.73, 1.34, 568.66097
2017-03-31, 1, wei_ruo, 43.17, 34.19, -0.20, 34.26, 34.37, 34.49, 33.86, 62683.41, 214540925, 0.70, 1.84, 0.85, 631.85596
2017-04-05, 1, wei_ruo, 43.06, 35.97, 5.21, 34.19, 34.19, 36.29, 34.01, 130828.64, 463820280, 1.46, 6.67, 1.78, 687.62493
2017-04-06, 1, wei_ruo, 42.97, 36.25, 0.78, 35.97, 35.83, 36.84, 35.83, 117136.8, 427666711, 1.30, 2.81, 1.60, 627.6741
2017-04-07, 1, wei_ruo, 42.91, 36.09, -0.44, 36.25, 36.70, 36.70, 35.92, 83672.75, 302782283, 0.93, 2.15, 1.14, 628.93414
2017-04-10, 1, wei_ruo, 42.85, 35.69, -1.11, 36.09, 36.00, 36.45, 35.20, 75677.48, 271126328, 0.84, 3.46, 1.03, 609.70402
2017-04-11, 1, wei_ruo, 42.72, 34.00, -4.74, 35.69, 35.50, 35.69, 33.00, 133136.62, 455056553, 1.48, 7.54, 1.82, 688.56096
2017-04-12, 1, wei_ruo, 42.40, 31.70, -6.76, 34.00, 34.19, 34.23, 30.60, 273990.41, 879333735, 3.05, 10.68, 3.74, 635.34713
2017-04-13, 1, wei_ruo, 42.23, 32.33, 1.99, 31.70, 31.29, 32.58, 30.60, 144965.57, 458455490, 1.61, 6.25, 1.98, 651.89695
2017-04-14, 1, wei_ruo, 42.03, 34.88, 7.89, 32.33, 31.90, 34.88, 31.83, 213656.73, 714505262, 2.38, 9.43, 2.91, 573.03095
2017-04-17, 1, wei_ruo, 41.91, 34.79, -0.26, 34.88, 34.65, 35.65, 33.28, 153276, 533704990, 1.71, 6.79, 2.09, 660.85911
2017-04-18, 1, wei_ruo, 41.84, 34.38, -1.18, 34.79, 34.60, 35.11, 34.06, 81523.67, 281229707, 0.91, 3.02, 1.11, 712.24403
2017-04-19, 1, wei_ruo, 41.76, 34.58, 0.58, 34.38, 34.23, 35.08, 33.60, 93208.04, 321352367, 1.04, 4.30, 1.27, 689.49294
2017-04-20, 1, wei_ruo, 41.69, 35.00, 1.21, 34.58, 34.59, 35.56, 34.59, 97646.35, 342404207, 1.09, 2.81, 1.33, 723.29783
2017-04-21, 1, wei_ruo, 41.59, 34.65, -1.00, 35.00, 35.40, 35.42, 33.88, 122994.42, 425954988, 1.37, 4.40, 1.68, 543.30587
2017-04-24, 1, wei_ruo, 41.53, 34.10, -1.59, 34.65, 34.50, 34.70, 32.30, 73707.61, 247624749, 0.82, 6.93, 1.01, 616.22
2017-04-25, 1, wei_ruo, 41.47, 33.94, -0.47, 34.10, 34.10, 34.60, 33.41, 73088.8, 248201913, 0.81, 3.49, 1.00, 845.05701
2017-04-26, 1, wei_ruo, 41.37, 32.10, -5.42, 33.94, 33.97, 34.00, 32.10, 102226.43, 336504212, 1.14, 5.60, 1.39, 849.25508
2017-04-27, 1, wei_ruo, 41.24, 32.29, 0.59, 32.10, 31.99, 33.09, 30.66, 120526.19, 384155048, 1.34, 7.57, 1.64, 649.45006
2017-04-28, 1, wei_ruo, 41.17, 32.90, 1.89, 32.29, 32.26, 33.48, 32.14, 73141.64, 240312333, 0.81, 4.15, 1.00, 650.95711
2017-05-02, 1, wei_ruo, 41.12, 32.08, -2.49, 32.90, 32.98, 33.00, 31.90, 54260.57, 174754569, 0.60, 3.34, 0.74, 722.83912
2017-05-03, 1, wei_ruo, 41.06, 32.72, 2.00, 32.08, 31.98, 32.75, 31.98, 65702.05, 212100408, 0.73, 2.40, 0.90, 697.32594
2017-05-04, 1, wei_ruo, 41.00, 32.20, -1.59, 32.72, 32.70, 32.94, 32.18, 57736.23, 187989834, 0.64, 2.32, 0.79, 651.20411
2017-05-05, 1, wei_ruo, 40.94, 31.77, -1.34, 32.20, 31.88, 32.59, 31.68, 61505.6, 197950738, 0.68, 2.83, 0.84, 618.37101
2017-05-10, 1, wei_ruo, 40.07, 0.00, 0.00, 24.93, 0.00, 0.00, 0.00, 0, 0, 0.00, 0.00, 0.00, 769.12999
2017-12-04, 1, wei_ruo, 40.05, 27.42, 9.99, 24.93, 27.42, 27.42, 27.42, 11087.56, 30402090, 0.12, 0.00, 0.08, 596.28606
2017-12-05, 1, wei_ruo, 40.03, 30.16, 9.99, 27.42, 30.16, 30.16, 30.16, 16436.28, 49571820, 0.18, 0.00, 0.13, 728.26099
2017-12-06, 1, wei_ruo, 39.35, 30.70, 1.79, 30.16, 33.18, 33.18, 30.16, 703642.13, 2243218144, 7.83, 10.01, 5.94, 681.61511
2017-12-07, 1, wei_ruo, 39.17, 33.77, 10.00, 30.70, 31.00, 33.77, 30.74, 242836.75, 798437082, 2.70, 9.87, 0.99, 709.92613
2017-12-08, 1, wei_ruo, 39.10, 37.15, 10.01, 33.77, 34.93, 37.15, 34.28, 208090.32, 756404924, 2.32, 8.50, 0.78, 570.19186
2017-12-11, 2, qing_du, 39.11, 39.42, 6.11, 37.15, 39.00, 40.20, 37.90, 386217.71, 1512684007, 4.30, 6.19, 1.63, 718.83297
2017-12-12, 3, zhong_du, 39.09, 37.95, -3.73, 39.42, 39.95, 39.95, 37.86, 313020.41, 1214012692, 3.48, 5.30, 1.01, 994.15493
2017-12-13, 3, zhong_du, 39.12, 40.68, 7.19, 37.95, 37.60, 41.50, 37.60, 303061.98, 1193806831, 3.37, 10.28, 0.82, 4622.23601
2017-12-14, 3, zhong_du, 39.17, 40.17, -1.25, 40.68, 39.47, 42.06, 39.47, 298505.55, 1220593573, 3.32, 6.37, 1.03, 3983.54101
2017-12-15, 3, zhong_du, 39.19, 40.09, -0.20, 40.17, 40.95, 41.95, 39.56, 191749.05, 774641626, 2.13, 5.95, 0.64, 582.83401
2017-12-18, 3, zhong_du, 39.21, 39.97, -0.30, 40.09, 39.87, 40.88, 38.53, 190318.84, 755161401, 2.12, 5.86, 0.64, 619.63391
2017-12-19, 4, gao_du, 39.22, 40.08, 0.28, 39.97, 39.98, 40.45, 39.51, 121374.51, 486159733, 1.35, 2.35, 0.47, 717.94415
2017-12-20, 4, gao_du, 39.25, 40.53, 1.12, 40.08, 40.20, 41.66, 39.57, 185987.01, 755288553, 2.07, 5.21, 0.84, 639.3199
2017-12-21, 4, gao_du, 39.31, 42.35, 4.49, 40.53, 40.19, 42.50, 40.00, 251655.42, 1040427097, 2.80, 6.17, 1.27, 3189.03303
2017-12-22, 4, gao_du, 39.51, 44.79, 5.76, 42.35, 42.30, 46.15, 42.27, 343598.69, 1516756841, 3.82, 9.16, 1.83, 514.7779
2017-12-25, 5, qiang_lie, 39.63, 44.99, 0.45, 44.79, 45.25, 45.89, 44.31, 197651.38, 889897062, 2.20, 3.53, 0.90, 590.50298
2017-12-26, 5, qiang_lie, 39.73, 44.86, -0.29, 44.99, 45.00, 45.67, 44.60, 160077, 722153450, 1.78, 2.38, 0.73, 476.74513
2017-12-27, 5, qiang_lie, 39.84, 45.23, 0.82, 44.86, 44.62, 46.29, 44.62, 185378.48, 843763229, 2.06, 3.72, 0.81, 529.59013
2017-12-29, 5, qiang_lie, 40.00, 42.72, -1.02, 43.16, 44.05, 44.50, 42.51, 127933.28, 553107157, 1.42, 4.61, 0.61, 629.02904
2018-01-03, 5, qiang_lie, 40.08, 43.00, 0.66, 42.72, 43.00, 43.42, 41.03, 131667.93, 559311728, 1.46, 5.59, 0.67, 737.68187
2018-01-04, 5, qiang_lie, 40.13, 43.69, 1.60, 43.00, 43.13, 44.60, 42.63, 126893.37, 554218399, 1.41, 4.58, 0.67, 630.77211
2018-01-05, 5, qiang_lie, 40.16, 42.83, -1.97, 43.69, 43.80, 43.96, 42.40, 94516.9, 406993605, 1.05, 3.57, 0.53, 2671.03195
2018-01-08, 5, qiang_lie, 40.19, 42.03, -1.87, 42.83, 42.95, 43.15, 41.90, 108084.23, 458832851, 1.20, 2.92, 0.81, 580.45316
2018-01-09, 5, qiang_lie, 40.20, 41.02, -2.40, 42.03, 41.50, 42.28, 40.50, 113957.39, 472327250, 1.27, 4.24, 0.97, 630.6169
2018-01-10, 5, qiang_lie, 40.24, 42.58, 3.80, 41.02, 40.82, 43.18, 40.75, 152916.07, 647525559, 1.70, 5.92, 1.33, 122627.00701
2018-01-11, 5, qiang_lie, 40.26, 42.36, -0.52, 42.58, 42.84, 43.50, 42.30, 90996.08, 389326911, 1.01, 2.82, 0.76, 659.74998
2018-01-12, 5, qiang_lie, 40.30, 43.16, 1.89, 42.36, 42.18, 43.59, 42.04, 127486.36, 549979931, 1.42, 3.66, 1.14, 666.51201
2018-01-15, 5, qiang_lie, 40.32, 41.91, -2.90, 43.16, 43.00, 43.16, 41.82, 100475.38, 425471877, 1.12, 3.10, 0.85, 581.40421
2018-01-16, 5, qiang_lie, 40.34, 42.00, 0.21, 41.91, 41.90, 43.15, 41.80, 78911.14, 334467245, 0.88, 3.22, 0.67, 552.26803
2018-01-17, 5, qiang_lie, 40.35, 42.44, 1.05, 42.00, 42.30, 42.44, 40.59, 76680.58, 318608273, 0.85, 4.40, 0.70, 632.80392
2018-01-18, 5, qiang_lie, 40.36, 41.68, -1.79, 42.44, 42.20, 42.54, 41.65, 67342.65, 283021280, 0.75, 2.10, 0.72, 566.77794
2018-01-19, 5, qiang_lie, 40.37, 41.00, -1.63, 41.68, 41.70, 42.15, 40.88, 74005.4, 307125234, 0.82, 3.05, 0.82, 654.45709
2018-01-22, 5, qiang_lie, 40.37, 39.60, -3.41, 41.00, 40.80, 40.97, 39.33, 112087.57, 451071149, 1.25, 4.00, 1.41, 692.67011
2018-01-23, 5, qiang_lie, 40.36, 40.15, 1.39, 39.60, 39.60, 40.45, 39.60, 74153.66, 296887254, 0.83, 2.15, 0.91, 776.59011
2018-01-24, 5, qiang_lie, 40.39, 42.84, 6.70, 40.15, 40.24, 43.28, 39.71, 170906.67, 715589381, 1.90, 8.89, 2.11, 631.70099
2018-01-25, 5, qiang_lie, 40.42, 42.50, -0.79, 42.84, 42.84, 43.45, 42.11, 94480.02, 403350171, 1.05, 3.13, 0.95, 718.36519
2018-01-26, 5, qiang_lie, 40.43, 42.24, -0.61, 42.50, 42.50, 42.79, 41.93, 56226.7, 237655705, 0.63, 2.02, 0.53, 677.1419
2018-01-29, 5, qiang_lie, 40.44, 40.88, -3.22, 42.24, 42.20, 42.50, 40.85, 56336.11, 233526494, 0.63, 3.91, 0.55, 718.36901
2018-01-30, 5, qiang_lie, 40.44, 40.98, 0.24, 40.88, 40.83, 41.44, 40.39, 47461.05, 194649244, 0.53, 2.57, 0.52, 427.31404
2018-01-31, 3, zhong_du, 40.43, 39.48, -3.66, 40.98, 40.50, 40.99, 39.20, 89527.07, 356179433, 1.00, 4.37, 1.05, 876.05596
2018-02-01, 3, zhong_du, 40.35, 35.53, -10.01, 39.48, 39.50, 39.89, 35.53, 217338.1, 802588653, 2.42, 11.04, 3.16, 706.60686
2018-02-02, 2, qing_du, 40.20, 33.24, -6.45, 35.53, 34.98, 35.38, 33.03, 209073.33, 714858678, 2.33, 6.61, 2.24, 860.18181
2018-02-05, 1, wei_ruo, 39.90, 29.92, -9.99, 33.24, 32.22, 32.80, 29.92, 289569.46, 881416469, 3.22, 8.66, 2.34, 869.596
