2015-08-20, 1, wei_ruo, 9.38, 8.49, -5.03, 8.94, 9.00, 9.00, 8.41, 194320, 169940377, 2.84, 6.60, 0.67, 770.4649
2015-08-21, 1, wei_ruo, 9.35, 7.92, -6.71, 8.49, 8.30, 8.44, 7.84, 163191.05, 132771310, 2.38, 7.07, 0.58, 1147.65215
2015-08-25, 1, wei_ruo, 9.24, 6.42, -9.96, 7.13, 6.42, 6.80, 6.42, 177157.32, 115497652, 2.59, 5.33, 0.80, 1139.67919
2015-08-26, 1, wei_ruo, 9.13, 6.18, -3.74, 6.42, 6.36, 6.87, 5.80, 244692.71, 158108738, 3.57, 16.67, 1.26, 1085.186
2015-10-29, 3, zhong_du, 7.81, 7.17, 3.02, 6.96, 7.00, 7.20, 6.95, 160777.39, 114384370, 2.35, 3.59, 0.98, 1065.12094
2015-10-30, 3, zhong_du, 7.79, 7.30, 1.81, 7.17, 7.26, 7.52, 7.13, 259551.34, 190477504, 3.79, 5.44, 1.57, 846.47703
2015-11-02, 3, zhong_du, 7.78, 7.09, -2.88, 7.30, 7.03, 7.33, 7.03, 145935.2, 104628564, 2.13, 4.11, 0.79, 1027.47202
2015-11-03, 3, zhong_du, 7.77, 7.13, 0.56, 7.09, 7.08, 7.21, 7.05, 113174.54, 80652830, 1.65, 2.26, 0.64, 1465.73496
2015-11-04, 4, gao_du, 7.75, 7.48, 4.91, 7.13, 7.13, 7.48, 7.13, 217963.53, 160107850, 3.18, 4.91, 1.32, 1230.00693
2015-11-05, 4, gao_du, 7.75, 7.51, 0.40, 7.48, 7.46, 7.75, 7.40, 272635.75, 205461281, 3.98, 4.68, 1.52, 1500.29397
2015-11-06, 4, gao_du, 7.74, 7.69, 2.40, 7.51, 7.51, 7.75, 7.48, 193096.91, 148028166, 2.82, 3.60, 0.96, 1743.19601
2015-11-09, 5, qiang_lie, 7.75, 7.95, 3.38, 7.69, 7.66, 8.08, 7.61, 226480.13, 177843860, 3.31, 6.11, 1.20, 994.82584
2015-11-10, 5, qiang_lie, 7.76, 8.18, 2.89, 7.95, 7.95, 8.20, 7.81, 227828.46, 182839651, 3.33, 4.91, 1.11, 418.21909
2015-11-11, 5, qiang_lie, 7.76, 8.09, -1.10, 8.18, 8.21, 8.25, 7.98, 201275.99, 163155045, 2.94, 3.30, 0.88, 271.76213
2015-11-12, 5, qiang_lie, 7.77, 8.05, -0.49, 8.09, 8.11, 8.16, 7.81, 194298.61, 155016470, 2.84, 4.33, 0.87, 968.56308
2015-11-13, 5, qiang_lie, 7.78, 7.92, -1.61, 8.05, 7.97, 8.13, 7.85, 159508.85, 127897661, 2.33, 3.48, 0.76, 1106.96888
2015-11-16, 5, qiang_lie, 7.78, 8.08, 2.02, 7.92, 7.75, 8.08, 7.68, 156301.61, 124230105, 2.28, 5.05, 0.77, 865.34095
2015-11-17, 5, qiang_lie, 7.79, 8.00, -0.99, 8.08, 8.12, 8.17, 7.93, 176859.86, 142919430, 2.58, 2.97, 0.94, 1048.069
2015-11-18, 5, qiang_lie, 7.79, 7.74, -3.25, 8.00, 7.99, 8.03, 7.70, 140332.4, 110548809, 2.05, 4.13, 0.79, 3120.11409
2015-11-19, 5, qiang_lie, 7.79, 7.95, 2.71, 7.74, 7.74, 7.95, 7.70, 112129.18, 87852615, 1.64, 3.23, 0.68, 985.811
2015-11-20, 5, qiang_lie, 7.80, 8.21, 3.27, 7.95, 8.08, 8.27, 7.97, 215937.92, 175306095, 3.15, 3.77, 1.45, 1033.17904
2015-11-23, 5, qiang_lie, 7.81, 8.06, -1.83, 8.21, 8.23, 8.23, 8.02, 144160.25, 116881699, 2.10, 2.56, 0.90, 32118.91603
2015-11-24, 5, qiang_lie, 7.82, 8.40, 4.22, 8.06, 8.01, 8.44, 8.00, 212982.44, 175443973, 3.11, 5.46, 1.35, 1096.90905
2015-11-25, 5, qiang_lie, 7.87, 9.02, 7.38, 8.40, 8.40, 9.02, 8.34, 334779.38, 292775845, 4.89, 8.10, 2.03, 975.29006
2015-11-26, 5, qiang_lie, 7.91, 8.84, -2.00, 9.02, 9.00, 9.18, 8.78, 246947.98, 220993009, 3.61, 4.43, 1.21, 2851.88293
2015-11-27, 5, qiang_lie, 7.92, 8.16, -7.69, 8.84, 8.83, 8.84, 8.01, 209487.06, 177290634, 3.06, 9.39, 0.91, 860.74305
2015-11-30, 5, qiang_lie, 7.92, 8.07, -1.10, 8.16, 8.16, 8.30, 7.63, 171998.8, 137686651, 2.51, 8.21, 0.75, 990.91101
2015-12-01, 5, qiang_lie, 7.93, 8.22, 1.86, 8.07, 8.10, 8.43, 7.94, 143636.27, 118811970, 2.10, 6.07, 0.69, 1355.34
2015-12-02, 5, qiang_lie, 7.94, 8.34, -0.24, 8.36, 8.36, 8.66, 8.01, 141449.05, 117981852, 2.07, 7.78, 0.63, 1126.23405
2015-12-03, 5, qiang_lie, 8.02, 8.41, 0.84, 8.34, 8.30, 8.51, 8.19, 125120.39, 104601606, 1.83, 3.84, 0.67, 9821.34199
2015-12-04, 5, qiang_lie, 8.03, 8.26, -1.78, 8.41, 8.28, 8.42, 8.10, 111418.7, 92215601, 1.63, 3.80, 0.69, 2577.67105
2015-12-07, 5, qiang_lie, 8.03, 8.24, -0.24, 8.26, 8.22, 8.30, 8.03, 108448.54, 88813165, 1.58, 3.27, 0.77, 578.78113
2015-12-08, 5, qiang_lie, 8.03, 7.81, -5.22, 8.24, 8.22, 8.22, 7.81, 184270.24, 147202708, 2.69, 4.98, 1.43, 763.41796
2015-12-09, 5, qiang_lie, 8.02, 7.83, 0.26, 7.81, 7.86, 7.91, 7.64, 105366.31, 81835356, 1.54, 3.46, 0.79, 2585.8202
2015-12-10, 4, gao_du, 8.02, 7.70, -1.66, 7.83, 7.81, 7.86, 7.67, 70740.49, 54881867, 1.03, 2.43, 0.56, 1617.93518
2015-12-11, 3, zhong_du, 8.02, 7.73, 0.39, 7.70, 7.85, 7.85, 7.67, 76018.5, 58882488, 1.11, 2.34, 0.66, 2938.60197
2015-12-14, 3, zhong_du, 8.01, 7.99, 3.36, 7.73, 7.65, 8.02, 7.58, 93706.2, 73305215, 1.37, 5.69, 0.86, 2748.88277
2015-12-15, 3, zhong_du, 8.01, 8.02, 0.38, 7.99, 8.00, 8.09, 7.95, 77068.43, 61863337, 1.13, 1.75, 0.73, 2939.85081
2015-12-16, 3, zhong_du, 8.05, 8.82, 9.98, 8.02, 8.05, 8.82, 8.01, 494024.58, 429763957, 7.21, 10.10, 5.84, 890.36298
2015-12-17, 4, gao_du, 8.13, 9.13, 3.51, 8.82, 8.98, 9.23, 8.77, 516122.21, 463244825, 7.54, 5.22, 3.18, 884.79686
2015-12-18, 5, qiang_lie, 8.20, 9.41, 3.07, 9.13, 8.99, 9.73, 8.96, 421922.99, 394888225, 6.16, 8.43, 1.68, 741.75715
2015-12-21, 5, qiang_lie, 8.30, 10.15, 7.86, 9.41, 9.41, 10.30, 9.30, 374991.36, 372568907, 5.48, 10.63, 1.17, 2563.44295
2015-12-22, 5, qiang_lie, 8.38, 10.04, -1.08, 10.15, 10.08, 10.50, 9.95, 306751.66, 312418713, 4.48, 5.42, 0.81, 1043.16998
2015-12-23, 5, qiang_lie, 8.45, 10.19, 1.49, 10.04, 10.04, 10.35, 9.82, 273801.17, 276749477, 4.00, 5.28, 0.65, 2761.96885
2015-12-24, 5, qiang_lie, 8.52, 10.67, 4.71, 10.19, 10.13, 10.67, 9.90, 241808.59, 248021062, 3.53, 7.56, 0.64, 1041.38684
2015-12-25, 5, qiang_lie, 8.60, 10.49, -1.69, 10.67, 10.80, 11.38, 10.38, 252407.4, 274653253, 3.69, 9.37, 0.78, 1079.30112
2015-12-28, 5, qiang_lie, 8.67, 9.99, -4.77, 10.49, 10.49, 10.68, 9.96, 268372.08, 272477422, 3.92, 6.86, 0.93, 939.50105
2015-12-29, 5, qiang_lie, 8.70, 10.29, 3.00, 9.99, 10.02, 10.34, 9.91, 161368.15, 163840824, 2.36, 4.30, 0.60, 1058.04396
2015-12-30, 5, qiang_lie, 8.74, 10.20, -0.87, 10.29, 10.40, 10.45, 10.00, 164054.83, 167150587, 2.40, 4.37, 0.61, 2762.94494
2015-12-31, 5, qiang_lie, 8.76, 10.18, -0.20, 10.20, 10.13, 10.48, 10.12, 116933.83, 120535680, 1.71, 3.53, 0.44, 1252.21801
2016-01-04, 4, gao_du, 8.78, 9.17, -9.92, 10.18, 10.18, 10.25, 9.16, 126357.97, 122150001, 1.84, 10.71, 0.47, 1535.57205
2016-01-05, 4, gao_du, 8.79, 9.38, 2.29, 9.17, 8.62, 9.60, 8.62, 169624.94, 155701281, 2.48, 10.69, 0.63, 840.82007
2016-01-06, 4, gao_du, 8.83, 10.32, 10.02, 9.38, 9.40, 10.32, 9.39, 210094.12, 208710842, 3.07, 9.91, 0.78, 998.61908
2016-01-07, 3, zhong_du, 8.83, 9.32, -9.69, 10.32, 10.10, 10.19, 9.29, 58760, 57158942, 0.86, 8.72, 0.22, 762.94708
2016-01-08, 3, zhong_du, 8.86, 10.16, 9.01, 9.32, 9.53, 10.20, 9.21, 296125.1, 290640950, 4.32, 10.62, 1.10, 1227.27704
2016-01-11, 3, zhong_du, 8.93, 9.30, -8.46, 10.16, 9.99, 9.99, 9.16, 256653, 248025098, 3.75, 8.17, 0.96, 1228.20616
2016-01-12, 3, zhong_du, 8.93, 9.00, -3.23, 9.30, 9.49, 9.60, 8.83, 153343.14, 141305505, 2.24, 8.28, 0.57, 2925.95816
2016-01-13, 3, zhong_du, 8.92, 8.10, -10.00, 9.00, 9.08, 9.19, 8.10, 200029.16, 169938968, 2.92, 12.11, 0.74, 916.15081
2016-01-14, 2, qing_du, 8.88, 8.06, -0.49, 8.10, 7.53, 8.17, 7.29, 247647.49, 189093170, 3.62, 10.86, 0.92, 2748.28601
2016-01-15, 1, wei_ruo, 8.86, 7.59, -5.83, 8.06, 7.88, 8.17, 7.41, 119656.61, 93490465, 1.75, 9.43, 0.45, 1219.72299
2016-01-18, 1, wei_ruo, 8.84, 7.79, 2.64, 7.59, 7.25, 8.00, 7.16, 96986.15, 75004684, 1.42, 11.07, 0.36, 1215.08789
2016-01-19, 1, wei_ruo, 8.83, 8.29, 6.42, 7.79, 7.79, 8.35, 7.79, 120282.27, 97559225, 1.76, 7.19, 0.45, 2359.07602
2016-01-20, 1, wei_ruo, 8.82, 8.18, -1.33, 8.29, 8.25, 8.53, 8.10, 134771.69, 112033944, 1.97, 5.19, 0.50, 716.72606
2016-01-21, 1, wei_ruo, 8.80, 7.68, -6.11, 8.18, 8.04, 8.30, 7.60, 105676.39, 84526635, 1.54, 8.56, 0.39, 2782.13501
2016-01-22, 1, wei_ruo, 8.79, 7.78, 1.30, 7.68, 7.80, 7.97, 7.58, 73681.95, 57133226, 1.08, 5.08, 0.27, 223.99497
2016-01-26, 1, wei_ruo, 8.76, 7.18, -10.03, 7.98, 7.81, 7.92, 7.18, 103325.64, 77446131, 1.51, 9.27, 0.38, 748.84105
2016-01-27, 1, wei_ruo, 8.73, 7.00, -2.51, 7.18, 7.19, 7.28, 6.51, 114154.24, 78938198, 1.67, 10.72, 0.42, 892.41195
2016-01-28, 1, wei_ruo, 8.72, 6.59, -5.86, 7.00, 6.80, 7.10, 6.50, 54653.24, 37151552, 0.80, 8.57, 0.20, 2750.65994
2016-01-29, 1, wei_ruo, 8.69, 6.96, 5.61, 6.59, 6.60, 7.08, 6.56, 80175.81, 55200727, 1.17, 7.89, 0.30, 1285.72893
2016-02-01, 1, wei_ruo, 8.68, 7.00, 0.57, 6.96, 7.00, 7.17, 6.82, 59749.67, 41831120, 0.87, 5.03, 0.22, 1686.83791
2016-02-02, 1, wei_ruo, 8.67, 7.45, 6.43, 7.00, 7.02, 7.53, 7.00, 70016.95, 51349724, 1.02, 7.57, 0.26, 1096.72689
2016-02-03, 1, wei_ruo, 8.65, 7.70, 3.36, 7.45, 7.40, 7.82, 7.28, 97095.02, 74001278, 1.42, 7.25, 0.36, 1217.2451
2016-02-04, 1, wei_ruo, 8.64, 7.72, 0.26, 7.70, 7.70, 7.95, 7.70, 74601.78, 58254474, 1.09, 3.25, 0.28, 979.72107
2016-02-05, 1, wei_ruo, 8.63, 7.75, 0.39, 7.72, 7.72, 7.88, 7.70, 53554.74, 41673926, 0.78, 2.33, 0.20, 1151.01194
2016-02-15, 1, wei_ruo, 8.62, 7.67, -1.03, 7.75, 7.35, 7.75, 7.28, 68092.43, 51220019, 0.99, 6.06, 0.25, 1153.55897
2016-02-16, 1, wei_ruo, 8.62, 8.16, 6.39, 7.67, 7.75, 8.20, 7.70, 77184.89, 62062645, 1.13, 6.52, 0.29, 2856.90808
2016-02-17, 1, wei_ruo, 8.61, 8.07, -1.10, 8.16, 8.06, 8.19, 7.86, 82023.28, 65743847, 1.20, 4.04, 0.31, 1135.56004
2016-02-18, 1, wei_ruo, 8.60, 7.94, -1.61, 8.07, 8.10, 8.14, 7.91, 80550.71, 64636042, 1.18, 2.85, 0.30, 888.64398
2016-02-19, 1, wei_ruo, 8.60, 7.89, -0.63, 7.94, 7.79, 8.01, 7.79, 40865.41, 32242467, 0.60, 2.77, 0.19, 2724.11919
2016-02-22, 1, wei_ruo, 8.55, 7.97, 1.53, 7.85, 7.98, 8.12, 7.89, 87809.25, 70316973, 1.28, 2.93, 1.20, 916.80098
2016-02-23, 1, wei_ruo, 8.54, 7.85, -1.51, 7.97, 7.99, 8.07, 7.75, 68402.74, 53867304, 1.00, 4.02, 0.88, 718.87302
2016-02-24, 1, wei_ruo, 8.53, 8.21, 4.59, 7.85, 7.85, 8.24, 7.78, 101253.26, 81106431, 1.48, 5.86, 1.34, 2400.90108
2016-02-25, 1, wei_ruo, 8.52, 7.70, -6.21, 8.21, 8.30, 8.30, 7.61, 145189.69, 114926952, 2.12, 8.40, 1.83, 720.34287
2016-02-26, 1, wei_ruo, 8.51, 8.15, 5.84, 7.70, 7.67, 8.29, 7.55, 138854.39, 110345124, 2.03, 9.61, 1.50, 2406.33798
2016-02-29, 1, wei_ruo, 8.50, 8.17, 0.25, 8.15, 8.09, 8.21, 7.60, 167582.26, 133266379, 2.45, 7.48, 1.55, 1006.00696
2016-03-01, 1, wei_ruo, 8.50, 8.64, 5.75, 8.17, 8.18, 8.67, 8.08, 178797.5, 150459022, 2.61, 7.22, 1.44, 2052.80781
2016-03-02, 1, wei_ruo, 8.50, 8.86, 2.55, 8.64, 8.51, 8.93, 8.40, 210099.03, 182625252, 3.07, 6.13, 1.44, 587.47005
2016-03-03, 1, wei_ruo, 8.51, 8.63, -2.60, 8.86, 8.87, 9.07, 8.53, 198496.34, 173338085, 2.90, 6.09, 1.18, 1268.58711
2016-03-04, 1, wei_ruo, 8.51, 8.33, -3.48, 8.63, 8.64, 8.73, 8.14, 119063.06, 100439898, 1.74, 6.84, 0.67, 813.761
2016-03-07, 2, qing_du, 8.51, 8.48, 1.80, 8.33, 8.41, 8.61, 8.35, 77222.45, 65505703, 1.13, 3.12, 0.44, 665.03501
2016-03-08, 2, qing_du, 8.51, 8.34, -1.65, 8.48, 8.46, 8.47, 8.01, 72860.27, 60005446, 1.06, 5.42, 0.46, 2492.47813
2016-03-10, 2, qing_du, 8.50, 8.05, -1.47, 8.17, 8.19, 8.36, 8.00, 56000.16, 45766680, 0.82, 4.41, 0.54, 2711.45296
2016-03-14, 2, qing_du, 8.49, 8.25, 3.38, 7.98, 8.05, 8.33, 7.99, 78042.34, 64190598, 1.14, 4.26, 1.29, 978.81889
2016-03-15, 2, qing_du, 8.49, 8.14, -1.33, 8.25, 8.20, 8.34, 8.05, 70220.51, 57423184, 1.03, 3.52, 1.16, 2888.767
2016-03-16, 2, qing_du, 8.49, 7.99, -1.84, 8.14, 8.18, 8.30, 7.96, 71172.86, 57828542, 1.04, 4.18, 1.19, 605.24893
2016-03-17, 2, qing_du, 8.48, 8.13, 1.75, 7.99, 7.99, 8.20, 7.94, 102007.89, 82463381, 1.49, 3.25, 1.59, 1013.89408
2016-03-18, 2, qing_du, 8.48, 8.38, 3.08, 8.13, 8.15, 8.48, 8.11, 166632.29, 139041816, 2.43, 4.55, 2.27, 796.95296
2016-03-21, 3, zhong_du, 8.48, 8.64, 3.10, 8.38, 8.48, 8.68, 8.45, 177966.03, 152067761, 2.60, 2.74, 1.82, 993.63184
2016-03-22, 3, zhong_du, 8.48, 8.65, 0.12, 8.64, 8.56, 8.83, 8.46, 120056.83, 104384866, 1.75, 4.28, 1.02, 2500.56005
2016-03-23, 3, zhong_du, 8.48, 8.66, 0.12, 8.65, 8.63, 8.78, 8.54, 99897.04, 86601446, 1.46, 2.77, 0.78, 694.01312
2016-03-24, 4, gao_du, 8.49, 8.80, 1.62, 8.66, 8.64, 9.09, 8.51, 175817.26, 154824487, 2.57, 6.70, 1.32, 654.73008
2016-03-25, 4, gao_du, 8.52, 9.50, 7.95, 8.80, 8.71, 9.68, 8.71, 247518.31, 230606570, 3.61, 11.02, 2.39, 3785.74991
2016-04-05, 5, qiang_lie, 8.67, 10.45, 10.00, 9.50, 10.45, 10.45, 9.78, 609418.62, 626875127, 8.90, 7.05, 3.71, 816.71786
2016-04-06, 5, qiang_lie, 8.78, 10.30, -1.44, 10.45, 10.40, 10.62, 10.23, 417139.24, 435074299, 6.09, 3.73, 1.66, 376.45197
2016-04-07, 5, qiang_lie, 8.82, 9.85, -4.37, 10.30, 10.00, 10.15, 9.80, 245424.44, 244445893, 3.58, 3.40, 0.79, 966.49599
2016-04-08, 5, qiang_lie, 8.84, 9.62, -2.34, 9.85, 9.80, 9.84, 9.46, 182359.75, 174866026, 2.66, 3.86, 0.54, 771.4901
2016-04-11, 5, qiang_lie, 8.88, 10.12, 5.20, 9.62, 9.67, 10.50, 9.67, 233072.98, 237197232, 3.40, 8.63, 0.68, 652.57001
2016-04-12, 5, qiang_lie, 8.91, 10.15, 0.30, 10.12, 10.07, 10.27, 9.87, 147211.2, 148523249, 2.15, 3.95, 0.44, 1162.54902
2016-04-13, 5, qiang_lie, 8.94, 10.13, -0.20, 10.15, 10.15, 10.35, 10.09, 176244.06, 180205246, 2.57, 2.56, 0.72, 1182.64294
2016-04-14, 5, qiang_lie, 9.00, 10.64, 5.03, 10.13, 10.12, 10.79, 10.12, 230253.99, 242354366, 3.36, 6.61, 1.17, 2279.08921
2016-04-15, 5, qiang_lie, 9.04, 10.76, 1.13, 10.64, 10.77, 11.10, 10.60, 176156.92, 190539220, 2.57, 4.70, 0.91, 1871.61207
2016-04-18, 5, qiang_lie, 9.08, 10.71, -0.46, 10.76, 10.61, 11.17, 10.60, 161344.96, 174595623, 2.36, 5.30, 0.84, 2497.05887
2016-04-19, 5, qiang_lie, 9.14, 11.09, 3.55, 10.71, 10.72, 11.18, 10.68, 186558.37, 205159791, 2.72, 4.67, 1.05, 4554.62217
2016-04-20, 5, qiang_lie, 9.18, 10.54, -4.96, 11.09, 11.11, 11.17, 10.18, 210786.67, 225131347, 3.08, 8.93, 1.13, 2472.0149
2016-04-21, 5, qiang_lie, 9.21, 10.53, -0.09, 10.54, 10.52, 10.80, 10.43, 116557.22, 123823986, 1.70, 3.51, 0.60, 2758.84318
2016-04-22, 5, qiang_lie, 9.22, 10.60, 0.66, 10.53, 10.65, 10.75, 10.37, 87274.33, 92321652, 1.27, 3.61, 0.51, 4754.41694
2016-04-25, 5, qiang_lie, 9.24, 10.60, 0.00, 10.60, 10.55, 10.69, 10.29, 86472.4, 90959378, 1.26, 3.77, 0.57, 1354.80189
2016-04-26, 5, qiang_lie, 9.26, 10.80, 1.89, 10.60, 10.65, 10.95, 10.62, 78602.58, 84782765, 1.15, 3.11, 0.57, 2070.76621
2016-04-27, 5, qiang_lie, 9.28, 10.58, -2.04, 10.80, 10.72, 10.98, 10.58, 82698.44, 88914878, 1.21, 3.70, 0.71, 625.98395
2016-04-28, 5, qiang_lie, 9.29, 10.68, 0.95, 10.58, 10.51, 10.70, 10.40, 71747.58, 75817236, 1.04, 2.84, 0.79, 1070.58501
2016-04-29, 5, qiang_lie, 9.30, 10.65, -0.28, 10.68, 10.73, 10.75, 10.44, 50587.29, 53588050, 0.73, 2.90, 0.62, 2664.85
2016-05-03, 5, qiang_lie, 9.32, 10.87, 2.07, 10.65, 10.70, 10.98, 10.64, 96223.12, 104429682, 1.39, 3.19, 1.30, 2772.7139
2016-05-04, 5, qiang_lie, 9.34, 10.73, -1.29, 10.87, 10.80, 10.93, 10.68, 94988.59, 102804702, 1.38, 2.30, 1.25, 405.42793
2016-05-05, 5, qiang_lie, 9.38, 11.29, 5.22, 10.73, 10.66, 11.29, 10.66, 166024.26, 183222627, 2.40, 5.87, 2.09, 553.50494
2016-05-06, 5, qiang_lie, 9.43, 10.88, -3.63, 11.29, 11.19, 11.51, 10.80, 176001.84, 196187187, 2.55, 6.29, 1.83, 2465.84392
2016-05-09, 5, qiang_lie, 9.45, 10.17, -6.53, 10.88, 10.88, 10.95, 10.11, 136164.56, 141641211, 1.97, 7.72, 1.17, 553.91788
2016-05-10, 5, qiang_lie, 9.46, 9.71, -4.52, 10.17, 9.85, 10.30, 9.58, 155119.04, 152453871, 2.25, 7.08, 1.16, 2621.79804
2016-05-11, 5, qiang_lie, 9.46, 9.38, -3.40, 9.71, 9.84, 9.87, 9.20, 106437.55, 100919673, 1.54, 6.90, 0.73, 2790.13491
2016-05-12, 4, gao_du, 9.45, 9.05, -3.52, 9.38, 9.34, 9.34, 8.89, 136730.59, 124031425, 1.98, 4.80, 0.92, 994.36402
2016-05-13, 3, zhong_du, 9.45, 9.25, 2.21, 9.05, 9.10, 9.34, 9.05, 92375.36, 85230368, 1.34, 3.20, 0.65, 710.88314
2016-05-16, 3, zhong_du, 9.45, 9.78, 5.73, 9.25, 9.42, 9.86, 9.26, 107594.62, 103716585, 1.56, 6.49, 0.87, 14584.03897
2016-05-17, 3, zhong_du, 9.45, 9.68, -1.02, 9.78, 9.79, 9.89, 9.48, 92662.68, 89573852, 1.34, 4.19, 0.77, 2795.79902
2016-05-18, 3, zhong_du, 9.45, 9.54, -1.45, 9.68, 9.61, 9.63, 9.33, 75444.88, 71377921, 1.09, 3.10, 0.71, 1623.78883
2016-05-19, 3, zhong_du, 9.45, 9.60, 0.63, 9.54, 9.61, 9.81, 9.50, 73744.6, 71143049, 1.07, 3.25, 0.74, 619.57097
2016-05-20, 3, zhong_du, 9.45, 9.54, -0.63, 9.60, 9.50, 9.62, 9.35, 47602.86, 45194330, 0.69, 2.81, 0.54, 2830.59192
2016-05-23, 3, zhong_du, 9.46, 9.80, 2.73, 9.54, 9.45, 9.85, 9.45, 58068.67, 56613659, 0.84, 4.19, 0.73, 2667.40298
2016-05-24, 3, zhong_du, 9.46, 9.74, -0.61, 9.80, 9.95, 10.00, 9.64, 59371.32, 58483701, 0.86, 3.67, 0.85, 2589.72406
2016-05-25, 2, qing_du, 9.46, 9.66, -0.82, 9.74, 9.75, 9.87, 9.58, 48446.6, 47028174, 0.70, 2.98, 0.70, 632.04098
2016-05-26, 2, qing_du, 9.46, 9.54, -1.24, 9.66, 9.66, 9.70, 9.23, 57315.55, 54141838, 0.83, 4.87, 0.82, 5701.7889
2016-05-27, 2, qing_du, 9.46, 9.42, -1.26, 9.54, 9.45, 9.53, 9.39, 34714.13, 32854274, 0.50, 1.47, 0.50, 644.64092
2016-05-30, 2, qing_du, 9.46, 9.33, -0.96, 9.42, 9.42, 9.50, 9.24, 41539.89, 38839992, 0.60, 2.76, 0.60, 610.74114
2016-05-31, 1, wei_ruo, 9.46, 9.74, 4.39, 9.33, 9.36, 9.77, 9.36, 58756.79, 56724683, 0.85, 4.39, 0.85, 11740.02004
2016-06-01, 1, wei_ruo, 9.47, 9.82, 0.82, 9.74, 9.73, 10.00, 9.73, 71751.73, 70756995, 1.04, 2.77, 1.03, 638.07988
2016-06-02, 2, qing_du, 9.47, 9.80, -0.20, 9.82, 9.76, 9.95, 9.71, 63569.25, 62127562, 0.92, 2.44, 0.92, 2660.14099
2016-06-03, 2, qing_du, 9.48, 10.13, 3.37, 9.80, 9.95, 10.33, 9.85, 103970.77, 105239155, 1.51, 4.90, 1.50, 2777.45199
2016-06-06, 2, qing_du, 9.49, 9.97, -1.58, 10.13, 10.10, 10.20, 9.88, 91529.18, 91972562, 1.32, 3.16, 1.32, 1151.19886
2016-06-07, 2, qing_du, 9.49, 10.12, 1.50, 9.97, 10.02, 10.39, 9.85, 88054.81, 89030539, 1.27, 5.42, 1.27, 2179.42595
2016-06-08, 2, qing_du, 9.50, 10.25, 1.28, 10.12, 10.08, 10.35, 9.99, 65908.62, 67136707, 0.95, 3.56, 0.95, 5520.87307
2016-06-13, 2, qing_du, 9.51, 9.87, -3.71, 10.25, 10.09, 10.15, 9.81, 95279.34, 95207247, 1.38, 3.32, 1.39, 778.62
2016-06-14, 2, qing_du, 9.51, 9.73, -1.42, 9.87, 9.85, 9.95, 9.70, 52294.52, 51160333, 0.76, 2.53, 0.75, 3760.46705
2016-06-15, 2, qing_du, 9.51, 9.99, 2.67, 9.73, 9.68, 10.10, 9.54, 71159.32, 70629100, 1.03, 5.76, 1.02, 2995.0099
2016-06-16, 1, wei_ruo, 9.52, 9.69, -3.00, 9.99, 10.00, 10.08, 9.60, 92503.84, 90931797, 1.34, 4.80, 1.35, 766.81685
2016-06-17, 1, wei_ruo, 9.52, 9.60, -0.93, 9.69, 9.69, 9.84, 9.53, 96385.62, 92898640, 1.40, 3.20, 1.40, 5804.18205
2016-06-20, 1, wei_ruo, 9.52, 9.60, -0.93, 9.69, 9.69, 9.84, 9.53, 96385.62, 92898640, 1.40, 3.20, 1.40, 5085.29806
2016-06-21, 1, wei_ruo, 9.52, 9.44, -0.32, 9.47, 9.55, 9.63, 9.40, 58629.74, 55660143, 0.85, 2.43, 0.84, 3789.13379
2016-06-22, 1, wei_ruo, 9.52, 9.65, 2.22, 9.44, 9.48, 9.68, 9.40, 73794.43, 70841796, 1.07, 2.97, 1.06, 1585.65712
2016-06-23, 1, wei_ruo, 9.52, 9.52, -1.35, 9.65, 9.65, 9.67, 9.43, 49366.43, 47032708, 0.71, 2.49, 0.71, 1087.46696
2016-06-24, 1, wei_ruo, 9.52, 9.43, -0.95, 9.52, 9.54, 9.65, 9.11, 90873.4, 85633548, 1.32, 5.67, 1.31, 2730.05891
2016-06-27, 1, wei_ruo, 9.52, 9.59, 1.70, 9.43, 9.28, 9.62, 9.28, 64397.47, 61384751, 0.93, 3.61, 0.94, 1108.48999
2016-06-28, 1, wei_ruo, 9.52, 9.62, 0.31, 9.59, 9.52, 9.65, 9.49, 48413.55, 46347269, 0.70, 1.67, 0.70, 2478.00994
2016-06-30, 1, wei_ruo, 9.53, 10.38, 8.13, 9.60, 9.65, 10.40, 9.50, 161509.39, 161141627, 2.34, 9.38, 2.32, 2719.57588
2016-07-01, 2, qing_du, 9.57, 10.59, 2.02, 10.38, 10.38, 10.84, 10.17, 234283.13, 246751218, 3.39, 6.45, 3.40, 620.85199
2016-07-04, 3, zhong_du, 9.59, 10.71, 1.13, 10.59, 10.49, 10.98, 10.33, 145800.61, 155923589, 2.11, 6.14, 2.10, 876.69802
2016-07-05, 3, zhong_du, 9.60, 10.54, -1.59, 10.71, 10.72, 10.79, 10.47, 92074.65, 97261146, 1.33, 2.99, 1.32, 2633.66604
2016-07-06, 3, zhong_du, 9.61, 10.50, -0.38, 10.54, 10.49, 10.62, 10.31, 82516.34, 86401211, 1.19, 2.94, 1.19, 2915.84301
2016-07-07, 3, zhong_du, 9.62, 10.32, -1.71, 10.50, 10.50, 10.50, 10.30, 80405.29, 83375075, 1.16, 1.90, 1.17, 819.09299
2016-07-08, 3, zhong_du, 9.63, 10.39, 0.68, 10.32, 10.37, 10.50, 10.30, 53002.85, 55076271, 0.77, 1.94, 0.76, 1741.49704
2016-07-11, 3, zhong_du, 9.64, 10.33, -0.58, 10.39, 10.44, 10.67, 10.30, 96548.91, 101329956, 1.40, 3.56, 1.39, 2719.34605
2016-07-12, 3, zhong_du, 9.65, 10.37, 0.39, 10.33, 10.33, 10.43, 9.98, 120615.52, 122710739, 1.75, 4.36, 1.76, 15283.12206
2016-07-13, 3, zhong_du, 9.66, 10.34, -0.48, 10.39, 10.38, 10.42, 10.25, 75267.06, 77790898, 1.09, 1.64, 1.08, 31767.03811
2016-07-14, 3, zhong_du, 9.66, 10.22, -1.16, 10.34, 10.24, 10.31, 10.09, 54733.47, 55870628, 0.79, 2.13, 0.79, 2492.95092
2016-07-15, 3, zhong_du, 9.68, 10.47, 2.45, 10.22, 10.28, 10.65, 10.21, 112105.76, 117308375, 1.62, 4.31, 1.61, 821.60521
2016-07-18, 3, zhong_du, 9.69, 10.53, 0.57, 10.47, 10.46, 10.78, 10.40, 101941.83, 108184960, 1.48, 3.63, 1.49, 3661.8371
2016-07-19, 3, zhong_du, 9.70, 10.47, -0.57, 10.53, 10.53, 10.61, 10.33, 69756.22, 72804147, 1.01, 2.66, 1.01, 593.47796
2016-07-20, 3, zhong_du, 9.70, 10.42, -0.48, 10.47, 10.45, 10.57, 10.38, 57735.15, 60293443, 0.84, 1.81, 0.84, 2604.86293
2016-07-21, 3, zhong_du, 9.71, 10.44, 0.19, 10.42, 10.41, 10.55, 10.35, 60972.31, 63697341, 0.88, 1.92, 0.88, 5456.98094
2016-07-22, 3, zhong_du, 9.72, 10.55, 1.05, 10.44, 10.45, 10.57, 10.35, 76933.79, 80661209, 1.11, 2.11, 1.11, 2724.09701
2016-07-25, 4, gao_du, 9.74, 10.80, 2.37, 10.55, 10.48, 10.98, 10.48, 142821.23, 154458282, 2.07, 4.74, 2.07, 4575.95205
2016-07-26, 4, gao_du, 9.75, 10.83, 0.28, 10.80, 10.79, 10.94, 10.71, 79518.16, 86180259, 1.15, 2.13, 1.14, 814.38899
2016-07-27, 4, gao_du, 9.77, 10.28, -5.08, 10.83, 10.83, 11.00, 10.10, 157092.52, 164299173, 2.27, 8.31, 2.28, 19988.23309
2016-07-28, 4, gao_du, 9.77, 10.23, -0.49, 10.28, 10.20, 10.35, 9.94, 88886.74, 90625386, 1.29, 3.99, 1.28, 18580.28221
2016-07-29, 4, gao_du, 9.78, 10.50, 2.64, 10.23, 10.18, 10.63, 10.18, 85529.46, 89135019, 1.24, 4.40, 1.24, 14342.628
2016-08-01, 3, zhong_du, 9.79, 10.43, -0.67, 10.50, 10.41, 10.55, 10.11, 95635.4, 98904008, 1.38, 4.19, 1.38, 4491.75406
2016-08-02, 4, gao_du, 9.80, 10.50, 0.67, 10.43, 10.43, 10.68, 10.40, 107328.89, 113257643, 1.55, 2.68, 1.54, 14173.18797
2016-08-03, 4, gao_du, 9.81, 10.51, 0.10, 10.50, 10.55, 10.58, 10.35, 57057.55, 59614620, 0.83, 2.19, 0.79, 2067.87705
2016-08-04, 4, gao_du, 9.82, 10.66, 1.43, 10.51, 10.51, 10.70, 10.45, 75299.94, 79944400, 1.09, 2.38, 1.10, 14370.31412
2016-08-05, 4, gao_du, 9.82, 10.55, -1.03, 10.66, 10.67, 10.72, 10.46, 53365.66, 56298776, 0.77, 2.44, 0.78, 568.90202
2016-08-08, 5, qiang_lie, 9.83, 10.79, 2.27, 10.55, 10.55, 10.82, 10.40, 84536.22, 90402218, 1.22, 3.98, 1.21, 13226.87101
2016-08-09, 5, qiang_lie, 9.84, 10.77, -0.19, 10.79, 10.71, 10.89, 10.68, 68843.53, 74088358, 1.00, 1.95, 0.91, 4481.73809
2016-08-10, 5, qiang_lie, 9.85, 10.60, -1.58, 10.77, 10.76, 10.76, 10.54, 67650.88, 71747343, 0.98, 2.04, 1.01, 1871.57488
2016-08-11, 5, qiang_lie, 9.86, 10.41, -1.79, 10.60, 10.60, 10.67, 10.41, 49988.73, 52487986, 0.72, 2.45, 0.71, 544.69109
2016-08-15, 5, qiang_lie, 9.87, 10.73, 2.00, 10.52, 10.63, 10.75, 10.49, 94834.81, 101061803, 1.37, 2.47, 1.50, 619.15302
2016-08-16, 5, qiang_lie, 9.91, 11.10, 3.45, 10.73, 10.72, 11.29, 10.68, 214091.03, 235805374, 3.10, 5.68, 3.31, 700.86503
2016-08-17, 5, qiang_lie, 9.96, 11.41, 2.79, 11.10, 11.02, 11.60, 11.01, 232671.15, 264953454, 3.37, 5.32, 2.47, 14230.23605
2016-08-18, 5, qiang_lie, 9.98, 11.28, -1.14, 11.41, 11.34, 11.64, 11.13, 136719.53, 154860977, 1.98, 4.47, 1.08, 14904.7792
2016-08-19, 5, qiang_lie, 10.00, 11.47, 1.68, 11.28, 11.22, 11.47, 11.05, 103882.38, 116894528, 1.50, 3.72, 0.72, 2526.26514
2016-08-22, 5, qiang_lie, 10.02, 11.30, -1.48, 11.47, 11.53, 11.55, 11.30, 75905.75, 86611904, 1.10, 2.18, 0.49, 1395.90693
2016-08-23, 5, qiang_lie, 10.05, 11.49, 1.68, 11.30, 11.20, 11.80, 11.15, 140872.69, 162108394, 2.04, 5.75, 0.93, 551.26691
2016-08-24, 5, qiang_lie, 10.06, 11.27, -1.91, 11.49, 11.40, 11.44, 11.24, 69936.97, 79177145, 1.01, 1.74, 0.51, 1990.85903
2016-08-25, 5, qiang_lie, 10.07, 11.27, 0.00, 11.27, 11.26, 11.34, 11.06, 67195.73, 75528599, 0.97, 2.48, 0.64, 962.59689
2016-08-26, 5, qiang_lie, 10.09, 11.53, 2.31, 11.27, 11.24, 11.65, 11.24, 103485.63, 118721351, 1.50, 3.64, 1.13, 450.73414
2016-08-29, 5, qiang_lie, 10.11, 11.31, -1.91, 11.53, 11.45, 11.50, 11.29, 72831.69, 82757369, 1.06, 1.82, 0.81, 866.18495
2016-08-30, 5, qiang_lie, 10.12, 11.29, -0.18, 11.31, 11.31, 11.42, 11.20, 46617.8, 52698006, 0.68, 1.95, 0.51, 498.4231
2016-08-31, 5, qiang_lie, 10.12, 11.18, -0.97, 11.29, 11.35, 11.39, 11.17, 13281, 14906345, 0.19, 1.95, 1.03, 2981.94313
2016-09-01, 5, qiang_lie, 10.14, 10.88, -2.33, 11.14, 11.14, 11.24, 10.84, 73400.51, 81240109, 1.07, 3.59, 1.00, 3100.43216
2016-09-02, 4, gao_du, 10.14, 11.18, -0.97, 11.29, 11.35, 11.39, 11.17, 13281, 14906345, 0.19, 1.95, 1.03, 4353.73688
2016-09-05, 4, gao_du, 10.14, 10.99, 0.37, 10.95, 10.95, 11.16, 10.92, 38209.39, 42239755, 0.56, 2.19, 0.52, 3652.94504
2016-09-06, 4, gao_du, 10.14, 10.99, 0.00, 10.99, 11.00, 11.05, 10.70, 73482.31, 79792871, 1.07, 3.18, 1.00, 3371.1288
2016-09-07, 4, gao_du, 10.14, 11.18, -0.97, 11.29, 11.35, 11.39, 11.17, 13281, 14906345, 0.19, 1.95, 1.03, 584.11908
2016-09-08, 4, gao_du, 10.14, 11.87, 10.01, 10.79, 10.79, 11.87, 10.79, 342715.26, 397563537, 5.00, 10.01, 4.71, 2591.94803
2016-11-24, 4, gao_du, 10.44, 12.35, 4.04, 11.87, 12.00, 13.06, 11.81, 654423.32, 813759574, 9.55, 10.53, 8.89, 603.18017
2016-11-25, 5, qiang_lie, 10.50, 11.97, -3.08, 12.35, 12.18, 12.25, 11.45, 298497.67, 355463219, 4.36, 6.48, 4.05, 1760.44607
2016-11-28, 5, qiang_lie, 10.54, 11.39, -4.85, 11.97, 11.90, 12.06, 11.30, 252663.59, 292393324, 3.69, 6.35, 3.46, 525.82002
2016-11-29, 4, gao_du, 10.57, 11.24, -1.23, 11.38, 11.28, 11.76, 11.11, 176646.54, 200628420, 2.58, 5.71, 2.42, 410.38299
2016-11-30, 3, zhong_du, 10.57, 10.92, -2.67, 11.22, 11.24, 11.26, 10.85, 125019.44, 136802256, 1.83, 3.65, 1.71, 1140.35797
2016-12-01, 3, zhong_du, 10.58, 11.08, 1.56, 10.91, 10.95, 11.31, 10.79, 129846.2, 142940139, 1.90, 4.77, 1.76, 447.76702
2016-12-05, 2, qing_du, 10.58, 10.54, 1.15, 10.42, 10.13, 10.67, 10.01, 137153.7, 141799975, 2.00, 6.33, 1.88, 780.40886
2016-12-06, 1, wei_ruo, 10.58, 10.59, 0.28, 10.56, 10.50, 10.71, 10.45, 102711.55, 108753177, 1.50, 2.46, 1.40, 702.45194
2016-12-07, 1, wei_ruo, 10.58, 10.55, -0.38, 10.59, 10.60, 10.67, 10.46, 54717.07, 57836540, 0.80, 1.98, 0.74, 498.487
2016-12-08, 1, wei_ruo, 10.58, 10.60, 0.47, 10.55, 10.56, 10.72, 10.52, 56867.69, 60515262, 0.83, 1.90, 0.77, 698.00806
2016-12-09, 1, wei_ruo, 10.58, 10.65, 0.47, 10.60, 10.58, 10.73, 10.51, 50262.06, 53394495, 0.73, 2.08, 0.68, 644.32788
2016-12-12, 1, wei_ruo, 10.58, 10.50, -1.41, 10.65, 10.64, 10.65, 10.21, 90887.47, 94550531, 1.33, 4.13, 1.23, 497.74003
2016-12-13, 1, wei_ruo, 10.58, 10.50, 0.00, 10.50, 10.47, 10.52, 10.24, 48838.9, 50807576, 0.71, 2.67, 0.66, 838.48691
2016-12-14, 1, wei_ruo, 10.58, 10.50, 0.00, 10.50, 10.37, 10.50, 10.22, 60017.42, 62017964, 0.88, 2.67, 0.82, 487.82492
2017-02-07, 1, wei_ruo, 10.93, 10.93, -0.18, 10.95, 10.90, 11.01, 10.87, 18683.24, 20423382, 0.27, 1.28, 0.56, 2674.76201
2017-02-08, 1, wei_ruo, 10.93, 10.97, 0.18, 10.95, 10.90, 11.01, 10.87, 49021.25, 53676638, 0.72, 1.28, 0.67, 591.92991
2017-02-09, 1, wei_ruo, 10.93, 10.90, -0.64, 10.97, 10.96, 11.05, 10.88, 51368.3, 56173650, 0.75, 1.55, 0.90, 572.23678
2017-02-10, 1, wei_ruo, 10.93, 10.78, -1.10, 10.90, 10.90, 11.00, 10.72, 74510.86, 80860921, 1.09, 2.57, 1.01, 596.00496
2017-02-13, 1, wei_ruo, 10.93, 10.65, -1.21, 10.78, 10.74, 10.75, 10.32, 94455.61, 99274001, 1.38, 3.99, 1.28, 244985.96096
2017-02-14, 1, wei_ruo, 10.92, 10.59, -0.56, 10.65, 10.60, 10.68, 10.56, 45665.13, 48431660, 0.67, 1.13, 0.62, 720.855
2017-02-15, 1, wei_ruo, 10.92, 10.30, -2.74, 10.59, 10.56, 10.65, 10.23, 93790.71, 98272457, 1.37, 3.97, 1.27, 2345.28494
2017-02-16, 1, wei_ruo, 10.91, 10.36, 0.58, 10.30, 10.33, 10.57, 10.18, 103572.6, 107131837, 1.51, 3.79, 1.41, 931.69498
2017-02-17, 1, wei_ruo, 10.90, 10.30, -0.58, 10.36, 10.33, 10.39, 10.15, 101992.28, 104438285, 1.49, 2.32, 1.39, 490.21816
2017-02-20, 1, wei_ruo, 10.89, 10.30, -0.58, 10.36, 10.33, 10.39, 10.15, 101992.28, 104438285, 1.49, 2.32, 1.39, 568.17007
2017-02-21, 1, wei_ruo, 10.88, 10.30, -0.58, 10.36, 10.33, 10.39, 10.15, 101992.28, 104438285, 1.49, 2.32, 1.39, 1141.70504
2017-02-22, 1, wei_ruo, 10.87, 10.48, 2.14, 10.26, 10.25, 10.48, 10.22, 110925.33, 115020561, 1.62, 2.53, 1.51, 4836.43699
2017-02-23, 1, wei_ruo, 10.87, 10.33, -1.43, 10.48, 10.53, 10.57, 10.25, 76457.55, 79292961, 1.12, 3.05, 1.04, 1780.12013
2017-02-24, 1, wei_ruo, 10.86, 10.22, -1.06, 10.33, 10.31, 10.33, 10.21, 22946.25, 23505872, 0.34, 1.16, 1.70, 1168.60104
2017-02-27, 1, wei_ruo, 10.86, 10.22, -1.06, 10.33, 10.31, 10.33, 10.21, 22946.25, 23505872, 0.34, 1.16, 1.70, 1264.467
2017-02-28, 1, wei_ruo, 10.85, 10.40, -0.10, 10.41, 10.38, 10.49, 10.32, 90295.09, 94128160, 1.32, 1.63, 1.23, 864.47001
2017-03-01, 1, wei_ruo, 10.85, 10.39, -0.10, 10.40, 10.41, 10.50, 10.38, 60279.42, 62931521, 0.88, 1.15, 0.82, 575.97113
2017-03-02, 1, wei_ruo, 10.84, 10.37, -0.19, 10.39, 10.39, 10.48, 10.24, 67786.25, 70153794, 0.99, 2.31, 0.92, 651.14093
2017-03-03, 1, wei_ruo, 10.84, 10.35, -0.19, 10.37, 10.31, 10.40, 10.28, 30614.05, 31632125, 0.45, 1.16, 0.42, 935.97817
2017-03-06, 1, wei_ruo, 10.84, 10.40, 0.48, 10.35, 10.36, 10.44, 10.34, 46189.16, 47996258, 0.67, 0.97, 0.63, 855.37386
2017-03-07, 1, wei_ruo, 10.83, 10.40, 0.68, 10.33, 10.36, 10.47, 10.30, 31063.19, 32292143, 0.45, 1.65, 0.84, 2766.71386
2017-03-08, 1, wei_ruo, 10.83, 10.36, 0.29, 10.33, 10.36, 10.47, 10.30, 49370.24, 51258839, 0.72, 1.65, 0.67, 786.79609
2017-03-09, 1, wei_ruo, 10.83, 10.21, -1.45, 10.36, 10.33, 10.34, 10.20, 41820.1, 42904593, 0.61, 1.35, 0.57, 681.30803
2017-03-10, 1, wei_ruo, 10.82, 10.22, 0.10, 10.21, 10.25, 10.27, 10.15, 32729.82, 33391298, 0.48, 1.18, 0.44, 496.25206
2017-03-13, 1, wei_ruo, 10.82, 10.22, 0.00, 10.22, 10.24, 10.26, 10.15, 30836.74, 31441462, 0.45, 1.08, 0.42, 571.46597
2017-03-14, 1, wei_ruo, 10.82, 10.35, 1.27, 10.22, 10.20, 10.35, 10.20, 50522.8, 51915454, 0.74, 1.47, 0.69, 659.71613
2017-03-15, 1, wei_ruo, 10.81, 10.34, -0.10, 10.35, 10.32, 10.43, 10.30, 47355.77, 49119529, 0.69, 1.26, 0.64, 564.16416
2017-03-16, 1, wei_ruo, 10.81, 10.75, 3.97, 10.34, 10.32, 10.92, 10.32, 120254.66, 128327405, 1.76, 5.80, 1.63, 614.32886
2017-03-17, 1, wei_ruo, 10.81, 10.63, -1.12, 10.75, 10.70, 10.88, 10.60, 94926.56, 101792637, 1.39, 2.60, 1.29, 585.26802
2017-03-20, 1, wei_ruo, 10.81, 10.71, 0.75, 10.63, 10.63, 10.79, 10.55, 57956.65, 61843587, 0.85, 2.26, 0.79, 616.58192
2017-03-21, 1, wei_ruo, 10.80, 10.56, -1.40, 10.71, 10.75, 10.76, 10.49, 110714.26, 117780654, 1.62, 2.52, 1.50, 671.04602
2017-03-22, 1, wei_ruo, 10.79, 10.29, -2.56, 10.56, 10.56, 10.65, 10.05, 176060.04, 182466652, 2.57, 5.68, 2.39, 594.38705
2017-03-23, 1, wei_ruo, 10.78, 10.42, 1.26, 10.29, 10.24, 10.52, 10.22, 141699.34, 146724243, 2.07, 2.92, 1.92, 597.98503
2017-03-24, 1, wei_ruo, 10.78, 10.82, 3.84, 10.42, 10.42, 11.11, 10.38, 303292.07, 331631163, 4.43, 7.01, 4.12, 629.57096
2017-03-27, 1, wei_ruo, 10.79, 10.80, -0.18, 10.82, 11.00, 11.16, 10.72, 236864.57, 258361788, 3.46, 4.07, 3.22, 605.27706
2017-03-28, 1, wei_ruo, 10.79, 11.10, 2.78, 10.80, 10.83, 11.22, 10.81, 149533.04, 165260334, 2.18, 3.80, 2.03, 654.85311
2017-03-29, 2, qing_du, 10.80, 11.14, 0.36, 11.10, 11.12, 11.30, 10.92, 85070.78, 94428009, 1.24, 3.42, 1.16, 636.22308
2017-03-30, 3, zhong_du, 10.81, 11.28, 1.26, 11.14, 11.17, 11.30, 10.90, 158533.22, 175969448, 2.31, 3.59, 2.15, 576.07007
2017-03-31, 3, zhong_du, 10.81, 11.39, 0.98, 11.28, 11.47, 11.47, 11.16, 120840.96, 136942987, 1.76, 2.75, 1.64, 547.64199
2017-04-05, 3, zhong_du, 10.82, 11.50, 0.97, 11.39, 11.31, 11.54, 11.22, 76745.42, 87399374, 1.12, 2.81, 1.04, 634.81903
2017-04-06, 3, zhong_du, 10.84, 11.35, -1.30, 11.50, 11.41, 11.91, 11.18, 195889.94, 227047331, 2.86, 6.35, 2.66, 2571.25688
2017-04-07, 3, zhong_du, 10.85, 11.26, -0.79, 11.35, 11.36, 11.45, 11.16, 93983.31, 106092034, 1.37, 2.56, 1.28, 662.081
2017-04-10, 3, zhong_du, 10.85, 11.06, -1.78, 11.26, 11.19, 11.33, 10.96, 76194.7, 85072662, 1.11, 3.29, 1.03, 616.51802
2017-04-11, 2, qing_du, 10.86, 11.14, 0.72, 11.06, 11.06, 11.35, 10.88, 206625.07, 230928408, 3.02, 4.25, 2.81, 607.57184
2017-04-12, 2, qing_du, 10.87, 11.49, 3.14, 11.14, 11.11, 11.65, 11.11, 137815.55, 157456503, 2.01, 4.85, 1.87, 7878.26395
2017-04-13, 2, qing_du, 10.87, 11.30, -1.65, 11.49, 11.43, 11.50, 11.29, 53767.99, 60984738, 0.79, 1.83, 0.73, 637.54201
2017-04-14, 3, zhong_du, 10.88, 11.15, -1.33, 11.30, 11.09, 11.29, 11.04, 54253.94, 60263748, 0.79, 2.21, 0.74, 597.96309
2017-04-17, 3, zhong_du, 10.88, 11.04, -0.99, 11.15, 11.09, 11.15, 10.93, 72742.95, 79988718, 1.06, 1.97, 0.99, 579.40602
2017-04-18, 2, qing_du, 10.88, 11.04, 0.00, 11.04, 11.05, 11.11, 10.87, 54807.92, 60130128, 0.80, 2.17, 0.74, 660.04586
2017-04-19, 2, qing_du, 10.88, 10.80, -2.17, 11.04, 10.93, 11.03, 10.61, 74699.65, 80958090, 1.09, 3.80, 1.01, 662.82892
2017-04-20, 2, qing_du, 10.88, 10.86, 0.56, 10.80, 10.86, 10.94, 10.56, 44643.87, 48222145, 0.65, 3.52, 0.61, 557.33418
2017-04-21, 2, qing_du, 10.88, 10.86, 0.00, 10.86, 10.86, 10.92, 10.75, 29362.39, 31795456, 0.43, 1.57, 0.40, 528.66483
2017-04-24, 2, qing_du, 10.88, 10.90, 0.37, 10.86, 10.75, 10.96, 10.60, 50247.32, 54365448, 0.73, 3.31, 0.68, 622.68209
2017-04-25, 2, qing_du, 10.87, 11.00, 0.92, 10.90, 10.71, 11.00, 10.00, 239165.43, 254950275, 3.49, 9.17, 3.25, 652.58598
2017-04-26, 2, qing_du, 10.87, 11.01, 0.09, 11.00, 10.82, 11.17, 10.72, 64834.88, 70985358, 0.95, 4.09, 0.88, 834.66291
2017-04-27, 2, qing_du, 10.87, 10.99, -0.18, 11.01, 11.06, 11.10, 10.72, 44517.32, 48581812, 0.65, 3.45, 0.60, 491108.86192
2017-04-28, 2, qing_du, 10.87, 10.87, -1.09, 10.99, 10.88, 11.07, 10.81, 34588.11, 37774385, 0.51, 2.37, 0.47, 637.57515
2017-05-02, 2, qing_du, 10.87, 10.64, -2.12, 10.87, 10.80, 10.88, 10.58, 34149.81, 36492271, 0.50, 2.76, 0.46, 796.58389
2017-05-03, 2, qing_du, 10.87, 10.47, -1.60, 10.64, 10.60, 10.67, 10.37, 40131.05, 41935464, 0.59, 2.82, 0.55, 646.67702
2017-05-04, 2, qing_du, 10.86, 10.29, -1.72, 10.47, 10.51, 10.62, 10.20, 46946.13, 48585197, 0.69, 4.01, 0.64, 681.55098
2017-05-05, 1, wei_ruo, 10.86, 10.27, -0.19, 10.29, 10.36, 10.37, 10.24, 16781, 17261330, 0.25, 1.26, 0.23, 759.96304
2017-05-11, 1, wei_ruo, 10.85, 10.36, 0.58, 10.30, 10.31, 10.42, 9.92, 89584.26, 90980503, 1.31, 4.85, 1.22, 598.05202
2017-05-12, 1, wei_ruo, 10.84, 10.39, 0.29, 10.36, 10.37, 10.66, 10.13, 71381.6, 74371963, 1.04, 5.12, 0.97, 903.76997
2017-05-15, 1, wei_ruo, 10.84, 10.29, -0.96, 10.39, 10.37, 10.40, 10.26, 13734.84, 14151473, 0.20, 1.35, 0.19, 656.18587
2017-05-17, 1, wei_ruo, 10.84, 10.26, -0.48, 10.31, 10.30, 10.33, 10.22, 22575.19, 23165987, 0.33, 1.07, 0.31, 2636.54995
2017-05-18, 1, wei_ruo, 10.83, 10.26, 0.00, 10.26, 10.26, 10.26, 10.08, 32846.38, 33397718, 0.48, 1.75, 0.45, 703.66907
2017-05-19, 1, wei_ruo, 10.83, 10.25, -0.10, 10.26, 10.21, 10.25, 10.10, 20198.2, 20567065, 0.29, 1.46, 0.27, 611.2411
2017-05-22, 1, wei_ruo, 10.83, 10.25, 0.00, 10.25, 10.22, 10.26, 9.90, 56721.01, 57272796, 0.83, 3.51, 0.77, 603.39189
2017-05-23, 1, wei_ruo, 10.82, 10.21, -0.39, 10.25, 10.18, 10.25, 10.01, 70068.53, 71345683, 1.02, 2.34, 0.95, 897.11118
2017-05-24, 1, wei_ruo, 10.82, 10.26, 0.49, 10.21, 10.30, 10.40, 10.11, 36161, 37122866, 0.53, 2.84, 0.49, 582.64303
2017-05-25, 1, wei_ruo, 10.81, 10.25, -0.10, 10.26, 10.29, 10.38, 10.18, 102009.1, 104508466, 1.49, 1.95, 1.39, 2746.75298
2017-05-26, 1, wei_ruo, 10.81, 10.22, -0.29, 10.25, 10.27, 10.32, 10.17, 20861.04, 21328447, 0.30, 1.46, 0.28, 631.83403
2017-05-31, 1, wei_ruo, 10.81, 10.26, 0.39, 10.22, 10.30, 10.35, 10.18, 18621.41, 19093362, 0.27, 1.66, 0.25, 638.9029
2017-06-01, 1, wei_ruo, 10.80, 10.22, -0.39, 10.26, 10.26, 10.28, 10.03, 40434.65, 41190038, 0.59, 2.44, 0.55, 585.09588
2017-06-02, 1, wei_ruo, 10.80, 10.23, 0.10, 10.22, 10.23, 10.26, 10.07, 21632.12, 22033956, 0.32, 1.86, 0.29, 734.74002
2017-06-05, 1, wei_ruo, 10.80, 10.23, 0.00, 10.23, 10.23, 10.25, 10.10, 28743.27, 29262332, 0.42, 1.47, 0.39, 543.81585
2017-06-06, 1, wei_ruo, 10.80, 10.22, -0.10, 10.23, 10.29, 10.29, 10.10, 22478, 22872801, 0.33, 1.86, 0.31, 593.79601
2017-06-07, 1, wei_ruo, 10.79, 10.28, 0.59, 10.22, 10.22, 10.30, 10.13, 23322.8, 23865656, 0.34, 1.66, 0.32, 622.47419
2017-06-08, 1, wei_ruo, 10.78, 10.32, 0.39, 10.28, 10.27, 10.84, 10.10, 201096.01, 207875951, 2.94, 7.20, 2.73, 591.35699
2017-06-09, 1, wei_ruo, 10.77, 10.21, -1.07, 10.32, 10.18, 10.23, 9.70, 159728.49, 159725685, 2.33, 5.14, 2.17, 875.72408
2017-06-12, 1, wei_ruo, 10.76, 10.22, 0.10, 10.21, 10.18, 10.32, 10.00, 100091.02, 101557272, 1.46, 3.13, 1.36, 540.29703
2017-06-13, 1, wei_ruo, 10.75, 10.29, 0.68, 10.22, 10.25, 10.45, 10.15, 55325.41, 57078847, 0.81, 2.94, 0.75, 570.25599
2017-06-14, 1, wei_ruo, 10.75, 10.21, -0.78, 10.29, 10.28, 10.41, 10.18, 19432.77, 19867803, 0.28, 2.24, 0.26, 550.57597
2017-06-15, 1, wei_ruo, 10.75, 10.22, 0.10, 10.21, 10.22, 10.31, 10.19, 21439.76, 21946620, 0.31, 1.18, 0.29, 615.66806
2017-06-16, 1, wei_ruo, 10.75, 10.22, 0.00, 10.22, 10.25, 10.26, 10.17, 30503.1, 31121299, 0.45, 0.88, 0.41, 2050.843
2017-06-19, 1, wei_ruo, 10.74, 10.23, 0.10, 10.22, 10.22, 10.26, 10.15, 62076.98, 63430893, 0.91, 1.08, 0.84, 801.79286
2017-06-20, 1, wei_ruo, 10.74, 10.23, 0.00, 10.23, 10.18, 10.23, 10.15, 34709.68, 35373982, 0.51, 0.78, 0.47, 587.25286
2017-06-21, 1, wei_ruo, 10.74, 10.22, -0.10, 10.23, 10.24, 10.25, 10.16, 39851.66, 40693960, 0.58, 0.88, 0.54, 769.89603
2017-06-22, 1, wei_ruo, 10.73, 10.23, 0.10, 10.22, 10.22, 10.23, 10.06, 42521.58, 43306250, 0.62, 1.66, 0.58, 612.65087
2017-06-23, 1, wei_ruo, 10.73, 10.22, -0.10, 10.23, 10.20, 10.24, 10.11, 31845, 32441988, 0.46, 1.27, 0.43, 721.80009
2017-06-26, 1, wei_ruo, 10.72, 10.23, 0.10, 10.22, 10.22, 10.28, 10.06, 120182.81, 122339869, 1.75, 2.15, 1.63, 3639.21785
2017-06-27, 1, wei_ruo, 10.72, 10.30, 0.68, 10.23, 10.15, 10.30, 10.15, 78243.33, 80013010, 1.14, 1.47, 1.06, 594.25616
2017-06-28, 1, wei_ruo, 10.71, 10.49, 1.84, 10.30, 10.30, 10.56, 10.24, 58246.43, 60973749, 0.85, 3.11, 0.79, 731.59409
2017-06-29, 2, qing_du, 10.71, 10.52, 0.29, 10.49, 10.49, 10.57, 10.42, 59562.21, 62418875, 0.87, 1.43, 0.81, 3651.93391
2017-06-30, 2, qing_du, 10.72, 10.93, 3.90, 10.52, 10.50, 11.30, 10.45, 207529.32, 228441440, 3.03, 8.08, 2.82, 605.48687
2017-07-03, 3, zhong_du, 10.73, 11.19, 2.38, 10.93, 10.84, 11.37, 10.83, 138535.69, 154889333, 2.02, 4.94, 1.88, 539.66713
2017-07-04, 3, zhong_du, 10.73, 11.21, 0.18, 11.19, 11.15, 11.39, 11.02, 89119.42, 99694596, 1.30, 3.31, 1.21, 2585.97779
2017-07-05, 3, zhong_du, 10.74, 11.15, -0.54, 11.21, 11.15, 11.32, 11.08, 66629.33, 74443029, 0.97, 2.14, 0.91, 665.43102
2017-07-06, 3, zhong_du, 10.74, 11.10, -0.45, 11.15, 11.14, 11.20, 11.07, 39008.82, 43433527, 0.57, 1.17, 0.53, 1732.78809
2017-07-07, 4, gao_du, 10.69, 11.20, 1.36, 11.05, 11.01, 11.30, 11.01, 61341.12, 68750094, 0.90, 2.62, 0.83, 613.30318
2017-07-10, 4, gao_du, 10.70, 11.47, 2.41, 11.20, 11.21, 11.49, 11.06, 80547.96, 90896088, 1.18, 3.84, 1.09, 495.89396
2017-07-11, 4, gao_du, 10.71, 11.08, -3.40, 11.47, 11.40, 11.40, 11.03, 50829.28, 57023717, 0.74, 3.23, 0.69, 625.43797
2017-07-12, 4, gao_du, 10.71, 10.97, -0.99, 11.08, 11.23, 11.28, 10.62, 44691.72, 49190218, 0.65, 5.96, 0.61, 844.50102
2017-07-13, 4, gao_du, 10.71, 10.93, -0.36, 10.97, 10.90, 10.95, 10.68, 45121.38, 48831567, 0.66, 2.46, 0.61, 760.04004
2017-07-14, 3, zhong_du, --, 10.75, -1.65, 10.93, 10.94, 10.96, 10.70, 23139, 24967391, 0.34, 2.38, 0.31, 606.54616
2017-07-17, 3, zhong_du, --, 10.75, 0.00, 10.75, 10.72, 10.83, 10.35, 71688.86, 75982034, 1.05, 4.47, 0.97, 773.18692
2017-07-18, 3, zhong_du, 10.71, 10.88, 1.21, 10.75, 10.95, 10.95, 10.57, 23071, 24852977, 0.34, 3.53, 0.31, 1184.95202
2017-07-19, 3, zhong_du, --, 10.84, -0.37, 10.88, 10.72, 10.95, 10.63, 36607.2, 39427896, 0.53, 2.94, 0.50, 553.90096
2017-07-20, 3, zhong_du, --, 10.81, -0.28, 10.84, 10.77, 10.86, 10.66, 30263.05, 32571265, 0.44, 1.85, 0.41, 514.66799
2017-07-21, 3, zhong_du, --, 10.68, -1.20, 10.81, 10.75, 10.87, 10.67, 23872.21, 25615990, 0.35, 1.85, 0.32, 449.51391
2017-07-24, 3, zhong_du, 10.71, 10.46, -2.06, 10.68, 10.68, 10.68, 10.44, 25277.19, 26582372, 0.37, 2.25, 0.34, 586.04217
2017-07-25, 3, zhong_du, --, 10.24, -2.10, 10.46, 10.43, 10.45, 10.24, 28506.7, 29332085, 0.42, 2.01, 0.39, 876.48106
2017-07-26, 2, qing_du, --, 10.58, 3.32, 10.24, 10.24, 10.67, 10.15, 67229.27, 69480172, 0.98, 5.08, 0.91, 1074.435
2017-07-27, 2, qing_du, 10.70, 10.52, -0.57, 10.58, 10.58, 10.66, 10.44, 15131.61, 15905343, 0.22, 2.08, 0.21, 786.8042
2017-07-28, 2, qing_du, 10.70, 10.78, 2.47, 10.52, 10.58, 10.83, 10.43, 108021, 115523234, 1.58, 3.80, 1.47, 611.02581
2017-07-31, 3, zhong_du, 10.70, 10.67, -1.02, 10.78, 11.28, 11.28, 10.58, 65545.04, 70522279, 0.96, 6.49, 0.89, 823.00615
2017-08-01, 3, zhong_du, 10.70, 10.51, -1.50, 10.67, 10.75, 10.75, 10.43, 42370.37, 44739012, 0.62, 3.00, 0.58, 732.82599
2017-08-02, 2, qing_du, 10.70, 10.41, -0.95, 10.51, 10.55, 10.59, 10.32, 24485.01, 25574321, 0.36, 2.57, 0.33, 3362.68902
2017-08-03, 2, qing_du, 10.70, 10.41, 0.00, 10.41, 10.50, 10.50, 10.35, 18017.49, 18747452, 0.26, 1.44, 0.24, 957.58986
2017-08-04, 2, qing_du, 10.70, 10.43, 0.19, 10.41, 10.46, 10.48, 10.29, 24396, 25310717, 0.36, 1.83, 0.33, 714.42485
2017-08-07, 1, wei_ruo, 10.70, 10.42, -0.10, 10.43, 10.45, 10.84, 10.30, 31179, 32739667, 0.46, 5.18, 0.42, 686.31506
2017-08-08, 1, wei_ruo, 10.70, 10.53, 1.06, 10.42, 10.44, 10.79, 10.29, 57138.02, 60189264, 0.83, 4.80, 0.78, 581.92515
2017-08-09, 2, qing_du, 10.70, 10.45, -0.76, 10.53, 10.56, 10.56, 10.40, 12233.22, 12789558, 0.18, 1.52, 0.17, 648.84186
2017-08-10, 2, qing_du, 10.70, 10.43, -0.19, 10.45, 10.47, 10.54, 10.36, 16221.81, 16873476, 0.24, 1.72, 0.22, 2646.43407
2017-08-11, 1, wei_ruo, 10.70, 10.43, 0.00, 10.43, 10.42, 10.57, 10.30, 52923.47, 55024749, 0.77, 2.59, 0.72, 711.03406
2017-08-14, 1, wei_ruo, 10.70, 10.52, 0.86, 10.43, 10.53, 10.53, 10.36, 29776.7, 31081222, 0.43, 1.63, 0.40, 729.05087
2017-08-15, 1, wei_ruo, 10.69, 10.42, -0.95, 10.52, 10.50, 10.50, 10.40, 11345, 11844326, 0.17, 0.95, 0.15, 843.3249
2017-08-16, 1, wei_ruo, 10.69, 10.37, -0.48, 10.42, 10.44, 10.44, 10.34, 13145.26, 13632202, 0.19, 0.96, 0.18, 759.81808
2017-08-17, 1, wei_ruo, 10.69, 10.35, -0.19, 10.37, 10.37, 10.38, 10.30, 19691.76, 20332670, 0.29, 0.77, 0.27, 12494.40503
2017-08-18, 1, wei_ruo, 10.69, 10.39, 0.39, 10.35, 10.34, 10.41, 10.18, 43523.72, 44754354, 0.64, 2.22, 0.59, 700.0339
2017-08-21, 1, wei_ruo, 10.69, 10.37, -0.19, 10.39, 10.35, 10.44, 10.28, 27899.01, 28877066, 0.41, 1.54, 0.38, 817.03711
2017-08-22, 1, wei_ruo, 10.69, 10.28, -0.87, 10.37, 10.35, 10.37, 10.26, 23871, 24583619, 0.35, 1.06, 0.32, 592.49592
2017-08-23, 1, wei_ruo, 10.69, 10.25, -0.29, 10.28, 10.30, 10.32, 10.17, 33443.38, 34185951, 0.49, 1.46, 0.45, 798.10214
2017-08-24, 1, wei_ruo, 10.68, 10.26, 0.10, 10.25, 10.23, 10.32, 10.17, 30729.88, 31490893, 0.45, 1.46, 0.42, 883.96406
2017-08-25, 1, wei_ruo, 10.68, 10.28, 0.19, 10.26, 10.25, 10.34, 10.16, 27227.25, 27920013, 0.40, 1.75, 0.37, 715.29007
2017-08-28, 1, wei_ruo, 10.68, 10.31, 0.29, 10.28, 10.38, 10.41, 10.26, 40740.16, 42166822, 0.59, 1.46, 0.55, 2753.77607
2017-08-29, 1, wei_ruo, 10.68, 10.31, 0.00, 10.31, 10.31, 10.32, 10.23, 23022.76, 23677159, 0.34, 0.87, 0.31, 662.64606
2017-08-30, 1, wei_ruo, 10.68, 10.28, -0.29, 10.31, 10.31, 10.34, 10.24, 18675.8, 19185784, 0.27, 0.97, 0.25, 696.03801
2017-08-31, 1, wei_ruo, 10.68, 10.26, -0.19, 10.28, 10.29, 10.31, 10.23, 6672, 6841229, 0.10, 0.78, 0.18, 677.80685
2017-09-01, 1, wei_ruo, 10.67, 10.30, 0.10, 10.29, 10.29, 10.30, 10.23, 35982.94, 36938102, 0.53, 0.68, 0.49, 730.618
2017-09-04, 1, wei_ruo, 10.67, 10.26, -0.19, 10.28, 10.29, 10.31, 10.23, 6672, 6841229, 0.10, 0.78, 0.18, 2704.64611
2017-09-05, 1, wei_ruo, 10.67, 10.20, -0.68, 10.27, 10.29, 10.29, 10.18, 22514.97, 22982415, 0.33, 1.07, 0.31, 669.23904
2017-09-06, 1, wei_ruo, 10.67, 10.26, -0.19, 10.28, 10.29, 10.31, 10.23, 6672, 6841229, 0.10, 0.78, 0.18, 624.05992
2017-09-07, 1, wei_ruo, 10.67, 10.26, -0.19, 10.28, 10.29, 10.31, 10.23, 6672, 6841229, 0.10, 0.78, 0.18, 728.44601
2017-09-08, 1, wei_ruo, 10.66, 10.31, 0.29, 10.28, 10.30, 10.35, 10.15, 43163.01, 44240412, 0.63, 1.95, 0.59, 732.40113
2017-09-11, 1, wei_ruo, 10.66, 10.27, -0.39, 10.31, 10.28, 10.28, 10.15, 20397, 20850358, 0.30, 1.26, 0.28, 592.55004
2017-09-12, 1, wei_ruo, 10.66, 10.39, 1.17, 10.27, 10.23, 10.42, 10.20, 65510.49, 67706668, 0.96, 2.14, 0.89, 654.356
2017-09-13, 1, wei_ruo, 10.66, 10.53, 1.35, 10.39, 10.38, 10.66, 10.35, 35686.55, 37425681, 0.52, 2.98, 0.48, 584.34701
2017-09-14, 1, wei_ruo, 10.66, 10.50, -0.28, 10.53, 10.55, 10.60, 10.34, 31235.76, 32581273, 0.46, 2.47, 0.42, 1785.26807
2017-09-15, 1, wei_ruo, 10.66, 10.44, -0.57, 10.50, 10.47, 10.53, 10.34, 20772, 21604462, 0.30, 1.81, 0.28, 825.38605
2017-09-18, 1, wei_ruo, 10.66, 10.52, 0.77, 10.44, 10.38, 10.58, 10.34, 31521, 32895017, 0.46, 2.30, 0.43, 600.48103
2017-09-19, 1, wei_ruo, 10.66, 10.57, 0.48, 10.52, 10.48, 10.65, 10.39, 71293.63, 74984104, 1.04, 2.47, 0.97, 816.1571
2017-09-20, 1, wei_ruo, 10.66, 10.64, 0.66, 10.57, 10.57, 10.73, 10.49, 59414.59, 62906900, 0.87, 2.27, 0.81, 696.93589
2017-09-21, 1, wei_ruo, 10.66, 10.56, -0.75, 10.64, 10.63, 10.75, 10.45, 42833, 45273086, 0.63, 2.82, 0.58, 797.86491
2017-09-22, 1, wei_ruo, 10.65, 10.51, -0.47, 10.56, 10.56, 10.64, 10.35, 41165.01, 43057047, 0.60, 2.75, 0.56, 646.58117
2017-09-25, 1, wei_ruo, 10.65, 10.50, -0.10, 10.51, 10.45, 10.58, 10.36, 55469.35, 58029108, 0.81, 2.09, 0.75, 624.74179
2017-09-26, 1, wei_ruo, 10.65, 10.57, 0.67, 10.50, 10.50, 10.64, 10.43, 77572.16, 81761410, 1.13, 2.00, 1.05, 649.3969
2017-09-27, 1, wei_ruo, 10.65, 10.54, -0.28, 10.57, 10.62, 10.68, 10.47, 31654, 33320223, 0.46, 1.99, 0.43, 765.306
2017-09-28, 2, qing_du, 10.65, 10.49, -0.47, 10.54, 10.52, 10.61, 10.40, 34980, 36746768, 0.51, 1.99, 0.48, 2670.33291
2017-09-29, 2, qing_du, 10.65, 10.43, -0.57, 10.49, 10.50, 10.52, 10.38, 20161, 21013587, 0.29, 1.33, 0.27, 686.94711
2017-10-10, 1, wei_ruo, 10.65, 10.29, -0.58, 10.35, 10.31, 10.34, 10.25, 20941.1, 21518376, 0.31, 0.87, 0.28, 671.75889
2017-10-12, 1, wei_ruo, 10.64, 10.21, -0.58, 10.27, 10.26, 10.26, 10.15, 37880.9, 38600825, 0.55, 1.07, 0.51, 1212.96906
2017-10-13, 1, wei_ruo, 10.64, 10.22, 0.10, 10.21, 10.18, 10.26, 10.16, 25192.44, 25685517, 0.37, 0.98, 0.34, 640.31911
2017-10-16, 1, wei_ruo, 10.64, 10.24, 0.20, 10.22, 10.18, 10.35, 10.00, 60182.71, 61377708, 0.88, 3.42, 0.82, 719.60306
2017-10-17, 1, wei_ruo, 10.64, 10.22, -0.20, 10.24, 10.21, 10.30, 10.16, 20451.1, 20881858, 0.30, 1.37, 0.28, 615.05485
2017-10-18, 1, wei_ruo, 10.63, 10.21, -0.10, 10.22, 10.23, 10.24, 10.13, 24822.02, 25247196, 0.36, 1.08, 0.34, 668.2539
2017-10-19, 1, wei_ruo, 10.63, 10.22, 0.10, 10.21, 10.19, 10.24, 10.07, 34383.08, 34926859, 0.50, 1.67, 0.47, 667.56701
2017-10-20, 1, wei_ruo, 10.63, 10.20, -0.20, 10.22, 10.18, 10.21, 10.13, 12895.6, 13119294, 0.19, 0.78, 0.18, 703.97305
2017-10-23, 1, wei_ruo, 10.63, 10.20, 0.00, 10.20, 10.18, 10.22, 10.13, 26403.94, 26849544, 0.39, 0.88, 0.36, 715.74402
2017-10-24, 1, wei_ruo, 10.63, 10.18, -0.20, 10.20, 10.19, 10.19, 10.10, 21228, 21554512, 0.31, 0.88, 0.29, 751.36518
2017-10-25, 1, wei_ruo, 10.63, 10.21, 0.29, 10.18, 10.14, 10.30, 10.11, 37285.57, 38078390, 0.54, 1.87, 0.51, 2663.93399
2017-10-26, 1, wei_ruo, 10.62, 10.20, -0.10, 10.21, 10.18, 10.20, 10.10, 27906.6, 28333147, 0.41, 0.98, 0.38, 672.73211
2017-10-27, 1, wei_ruo, 10.62, 10.17, -0.29, 10.20, 10.19, 10.19, 10.10, 28714, 29112781, 0.42, 0.88, 0.39, 598.81401
2017-10-30, 1, wei_ruo, 10.62, 10.24, 0.69, 10.17, 10.00, 10.50, 9.82, 95355.23, 96408429, 1.39, 6.69, 1.30, 709.36108
2017-10-31, 1, wei_ruo, 10.61, 10.23, -0.10, 10.24, 10.16, 10.35, 10.10, 82235.85, 84462670, 1.20, 2.44, 1.12, 540.99607
2017-11-01, 1, wei_ruo, 10.61, 10.20, -0.29, 10.23, 10.23, 10.31, 10.10, 53001, 53991442, 0.77, 2.05, 0.72, 1679.71206
2017-11-02, 1, wei_ruo, 10.61, 10.18, -0.20, 10.20, 10.19, 10.19, 10.05, 45358, 45919196, 0.66, 1.37, 0.62, 643.16916
2017-11-03, 1, wei_ruo, 10.60, 10.17, -0.10, 10.18, 10.18, 10.18, 10.00, 40706.74, 41175842, 0.59, 1.77, 0.55, 808.55799
2017-11-06, 1, wei_ruo, 10.60, 10.13, -0.20, 10.15, 10.20, 10.20, 10.10, 3132.01, 3186081, 0.05, 0.99, 0.85, 62667.91201
2017-11-09, 1, wei_ruo, 10.59, 10.07, -0.79, 10.15, 10.20, 10.20, 10.00, 25161.66, 25334366, 0.37, 1.97, 0.68, 505.03707
2017-11-10, 1, wei_ruo, 10.58, 10.07, -0.79, 10.15, 10.20, 10.20, 10.00, 25161.66, 25334366, 0.37, 1.97, 0.68, 912.7841
2017-11-13, 1, wei_ruo, 10.57, 9.67, -2.13, 9.88, 9.82, 9.82, 8.89, 59445.01, 57618121, 0.87, 9.41, 1.30, 541.40902
2017-11-14, 1, wei_ruo, 10.55, 9.86, 1.96, 9.67, 9.60, 9.98, 9.00, 154115.24, 147218810, 2.25, 10.13, 2.93, 873.65198
2017-11-15, 1, wei_ruo, 10.55, 9.70, -1.62, 9.86, 9.70, 9.77, 9.55, 30742.21, 29661647, 0.45, 2.23, 0.42, 762.43901
2017-11-16, 1, wei_ruo, 10.54, 9.52, -1.86, 9.70, 9.62, 9.69, 9.40, 45025, 42956682, 0.66, 2.99, 0.64, 645.78199
2017-11-17, 1, wei_ruo, 10.52, 9.63, 1.16, 9.52, 9.52, 9.66, 9.40, 101322.64, 96600735, 1.48, 2.73, 1.46, 630.18107
2017-11-20, 1, wei_ruo, 10.52, 9.70, 0.73, 9.63, 9.57, 9.88, 9.30, 61116, 58883583, 0.89, 6.02, 0.78, 654.91486
2017-11-21, 1, wei_ruo, 10.51, 9.73, 0.31, 9.70, 9.66, 9.73, 9.52, 22794.44, 21993958, 0.33, 2.16, 0.29, 611.89699
2017-11-22, 1, wei_ruo, 10.51, 9.80, 0.72, 9.73, 9.69, 9.88, 9.63, 27150.1, 26484727, 0.40, 2.57, 0.52, 1120.73898
2017-11-23, 1, wei_ruo, 10.51, 9.80, 0.00, 9.80, 9.73, 9.84, 9.73, 17453.78, 17095835, 0.25, 1.12, 0.34, 3001.47796
2017-11-24, 1, wei_ruo, 10.51, 9.83, 0.31, 9.80, 9.82, 9.84, 9.71, 18515.01, 18106932, 0.27, 1.33, 0.40, 711.41291
2017-11-27, 2, qing_du, 10.51, 9.74, -0.92, 9.83, 9.80, 9.80, 9.70, 13264.01, 12905234, 0.19, 1.02, 0.45, 2752.36893
2017-11-28, 2, qing_du, 10.50, 9.92, 1.85, 9.74, 9.74, 9.92, 9.61, 34446.3, 33695928, 0.50, 3.18, 1.74, 3289.95109
2017-11-29, 2, qing_du, 10.50, 9.84, -0.81, 9.92, 9.85, 9.92, 9.76, 8787.57, 8645696, 0.13, 1.61, 0.40, 892.90309
2017-11-30, 2, qing_du, 10.50, 9.84, 0.00, 9.84, 9.79, 9.86, 9.72, 13518.27, 13229544, 0.20, 1.42, 0.73, 702.31009
2017-12-01, 2, qing_du, 10.50, 9.79, -0.51, 9.84, 9.81, 9.84, 9.75, 6256.69, 6119792, 0.09, 0.91, 0.35, 632.71022
2017-12-04, 2, qing_du, 10.49, 9.79, 0.00, 9.79, 9.76, 9.79, 9.53, 39884.78, 38492836, 0.58, 2.66, 2.61, 813.63416
2017-12-05, 2, qing_du, 10.49, 10.05, 2.66, 9.79, 9.68, 10.09, 9.59, 41181.63, 40384098, 0.60, 5.11, 2.00, 691.7491
2017-12-06, 2, qing_du, 10.49, 10.15, 1.00, 10.05, 9.93, 10.18, 9.87, 23442.61, 23582615, 0.34, 3.08, 1.07, 737.88309
2017-12-07, 3, zhong_du, 10.49, 10.24, 0.89, 10.15, 10.15, 10.24, 10.09, 19563.96, 19921311, 0.29, 1.48, 0.79, 619.23504
2017-12-08, 3, zhong_du, 10.49, 10.18, -0.59, 10.24, 10.23, 10.26, 10.18, 10131.81, 10343201, 0.15, 0.78, 0.39, 625.46897
2017-12-11, 4, gao_du, 10.49, 10.22, 0.39, 10.18, 10.13, 10.30, 10.13, 15001.26, 15334654, 0.22, 1.67, 0.56, 120695.4329
2017-12-12, 4, gao_du, 10.49, 10.25, 0.29, 10.22, 10.17, 10.28, 10.08, 20515.8, 20915064, 0.30, 1.96, 0.94, 2999.25089
2017-12-13, 4, gao_du, 10.49, 10.80, 5.37, 10.25, 10.20, 11.21, 10.14, 97328.72, 101914554, 1.42, 10.44, 5.49, 621.49215
2017-12-14, 4, gao_du, 10.49, 10.78, -0.19, 10.80, 10.72, 10.97, 10.69, 94381.9, 102109582, 1.38, 2.59, 2.90, 797.97101
2017-12-15, 4, gao_du, 10.49, 10.49, -2.69, 10.78, 10.74, 10.74, 10.37, 44801.34, 47035635, 0.65, 3.43, 0.94, 1109.29203
2017-12-18, 4, gao_du, 10.49, 10.26, -2.19, 10.49, 10.40, 10.44, 10.13, 39535.84, 40466972, 0.58, 2.96, 0.73, 548.30003
2017-12-19, 3, zhong_du, 10.49, 10.21, -0.49, 10.26, 10.24, 10.24, 10.09, 40778.38, 41453813, 0.60, 1.46, 0.69, 819.35096
2017-12-20, 3, zhong_du, 10.49, 10.46, 2.45, 10.21, 10.14, 10.50, 10.10, 39530.44, 40806331, 0.58, 3.92, 0.62, 760.36501
2017-12-21, 3, zhong_du, 10.49, 10.51, 0.48, 10.46, 10.38, 10.74, 10.31, 88839.76, 94061089, 1.30, 4.11, 1.71, 965.1041
2017-12-22, 3, zhong_du, 10.49, 10.54, 0.29, 10.51, 10.42, 10.65, 10.41, 45377.5, 47890552, 0.66, 2.28, 0.90, 679.60691
2017-12-25, 3, zhong_du, 10.49, 10.61, 0.66, 10.54, 10.56, 10.65, 10.30, 70347.38, 74149962, 1.03, 3.32, 1.38, 2998.14606
2017-12-26, 4, gao_du, 10.49, 10.70, 0.85, 10.61, 10.54, 10.74, 10.51, 63512.29, 67676920, 0.93, 2.17, 1.11, 459.46503
2017-12-27, 4, gao_du, 10.49, 10.70, 0.00, 10.70, 10.64, 10.72, 10.58, 32060, 34168461, 0.47, 1.31, 0.52, 2609.89118
2017-12-29, 5, qiang_lie, 10.49, 10.57, -0.28, 10.60, 10.60, 10.63, 10.57, 46249.76, 49032507, 0.68, 0.57, 1.11, 573.17495
2018-01-03, 4, gao_du, 10.50, 10.63, 0.57, 10.57, 10.57, 10.63, 10.36, 39531.06, 41622767, 0.58, 2.55, 1.07, 745.99504
2018-01-04, 4, gao_du, 10.50, 10.48, -1.41, 10.63, 10.56, 10.60, 10.46, 23487.94, 24686287, 0.34, 1.32, 0.73, 706.01606
2018-01-05, 4, gao_du, 10.50, 10.45, -0.29, 10.48, 10.48, 10.48, 10.30, 24982.62, 25933694, 0.36, 1.72, 0.83, 633.68583
2018-01-08, 4, gao_du, 10.50, 10.35, -0.96, 10.45, 10.39, 10.40, 10.34, 10152.2, 10520832, 0.15, 0.57, 0.32, 575.9871
2018-01-09, 4, gao_du, 10.49, 10.45, 0.97, 10.35, 10.32, 10.45, 10.27, 26568.48, 27551666, 0.39, 1.74, 0.92, 586.92694
2018-01-10, 3, zhong_du, 10.49, 10.47, 0.19, 10.45, 10.38, 10.49, 10.32, 23355.72, 24300673, 0.34, 1.63, 0.94, 729.95806
2018-01-11, 3, zhong_du, 10.49, 10.46, -0.10, 10.47, 10.39, 10.50, 10.35, 48015.1, 50007112, 0.70, 1.43, 2.21, 997.42889
2018-01-12, 3, zhong_du, 10.49, 10.40, -0.57, 10.46, 10.38, 10.45, 10.22, 29780.82, 30780542, 0.43, 2.20, 1.12, 657.23205
2018-01-15, 3, zhong_du, 10.49, 10.44, 0.38, 10.40, 10.35, 10.44, 10.20, 57096.4, 58978594, 0.83, 2.31, 2.07, 589.04409
2018-01-16, 3, zhong_du, 10.49, 10.42, -0.19, 10.44, 10.40, 10.43, 10.33, 26169.52, 27154931, 0.38, 0.96, 0.71, 847.38708
2018-01-17, 3, zhong_du, 10.49, 10.35, -0.67, 10.42, 10.39, 10.39, 10.25, 32332.4, 33323957, 0.47, 1.34, 0.88, 603.01304
2018-01-18, 3, zhong_du, 10.49, 10.32, -0.29, 10.35, 10.26, 10.34, 10.19, 67529.84, 69202177, 0.99, 1.45, 1.77, 526.20983
2018-01-19, 3, zhong_du, 10.49, 10.17, -1.45, 10.32, 10.24, 10.27, 10.15, 19718.9, 20120974, 0.29, 1.16, 0.46, 479.78306
2018-01-22, 3, zhong_du, 10.48, 9.87, -2.95, 10.17, 10.12, 10.12, 9.76, 69593.11, 69115175, 1.02, 3.54, 1.72, 611.71913
2018-01-23, 2, qing_du, 10.44, 9.87, 0.00, 9.87, 9.82, 9.88, 8.88, 295612.62, 273874321, 4.32, 10.13, 6.86, 648.26512
2018-01-24, 2, qing_du, 10.43, 9.58, -2.94, 9.87, 9.45, 9.75, 9.20, 91784, 87522386, 1.34, 5.57, 0.95, 550.75097
2018-01-25, 2, qing_du, 10.42, 9.59, 0.10, 9.58, 9.55, 9.68, 9.35, 99342.3, 94963123, 1.45, 3.44, 0.91, 593.71495
2018-01-26, 2, qing_du, 10.41, 9.59, 0.00, 9.59, 9.55, 9.65, 9.30, 63038.28, 59903076, 0.92, 3.65, 0.55, 636.3492
2018-01-29, 2, qing_du, 10.40, 9.63, 0.42, 9.59, 9.57, 9.64, 9.48, 36727.81, 35225646, 0.54, 1.67, 0.30, 879.61888
