2015-08-20, 1, wei_ruo, 53.13, 45.98, -5.41, 48.61, 47.32, 49.01, 44.00, 69183.34, 327033274, 3.42, 10.31, 0.67, 825.43302
2015-08-21, 1, wei_ruo, 52.85, 43.23, -5.98, 45.98, 44.88, 45.69, 42.23, 59914.78, 264164691, 2.96, 7.53, 0.64, 1064.71491
2015-08-21, 1, wei_ruo, 52.85, 0.00, 0.00, 43.23, 0.00, 0.00, 0.00, 0, 0, 0.00, 0.00, 0.00, 2947.45708
2015-08-21, 1, wei_ruo, 52.85, 0.00, 0.00, 43.23, 0.00, 0.00, 0.00, 0, 0, 0.00, 0.00, 0.00, 1184.45492
2015-08-21, 1, wei_ruo, 52.85, 0.00, 0.00, 43.23, 0.00, 0.00, 0.00, 0, 0, 0.00, 0.00, 0.00, 1080.64914
2016-02-15, 1, wei_ruo, 52.26, 42.21, -2.36, 43.23, 47.55, 47.55, 39.00, 118772.27, 530907610, 5.87, 19.78, 1.44, 936.74207
2016-02-16, 1, wei_ruo, 51.89, 46.43, 10.00, 42.21, 42.21, 46.43, 41.33, 100144.28, 437316261, 4.95, 12.08, 1.21, 1642.62104
2016-02-17, 1, wei_ruo, 51.70, 49.71, 7.06, 46.43, 48.00, 51.07, 47.12, 152110.9, 759873909, 7.52, 8.51, 1.84, 2847.76688
2016-02-18, 1, wei_ruo, 51.58, 49.20, -1.03, 49.71, 49.15, 50.80, 48.40, 105548.86, 523261954, 5.22, 4.83, 1.28, 2517.22813
2016-02-19, 1, wei_ruo, 51.62, 54.12, 10.00, 49.20, 48.70, 54.12, 48.51, 129111.51, 666245012, 6.38, 11.40, 1.97, 714.35404
2016-02-22, 1, wei_ruo, 51.62, 59.53, 10.00, 54.12, 55.55, 59.53, 54.56, 113625.12, 649200055, 5.62, 9.18, 0.91, 2847.11313
2016-02-23, 2, qing_du, 53.14, 65.48, 9.99, 59.53, 61.23, 65.48, 57.76, 216144.54, 1313930949, 10.68, 12.97, 1.75, 735.38089
2016-02-24, 3, zhong_du, 54.46, 72.03, 10.00, 65.48, 65.99, 72.03, 65.00, 161120.3, 1114095806, 7.96, 10.74, 1.10, 851.70388
2016-02-25, 3, zhong_du, 56.74, 68.90, -4.35, 72.03, 73.00, 77.00, 68.81, 270033.35, 1947012981, 13.35, 11.37, 1.82, 1126.57785
2016-02-26, 3, zhong_du, 57.77, 62.46, -9.35, 68.90, 70.97, 72.38, 62.31, 232411.26, 1565983216, 11.49, 14.62, 1.28, 804.80289
2016-02-29, 3, zhong_du, 58.03, 59.51, -4.72, 62.46, 60.30, 63.98, 58.18, 186142.96, 1122780352, 9.20, 9.29, 0.94, 2941.77699
2016-03-01, 2, qing_du, 58.11, 59.07, -0.74, 59.51, 59.00, 61.68, 55.80, 203204.87, 1192725318, 10.04, 9.88, 0.95, 742.15102
2016-03-02, 2, qing_du, 58.50, 64.98, 10.01, 59.07, 59.01, 64.98, 57.80, 174206.1, 1067434677, 8.61, 12.16, 0.83, 536.06892
2016-03-03, 2, qing_du, 59.15, 71.48, 10.00, 64.98, 67.85, 71.48, 67.85, 112493.41, 783824762, 5.56, 5.59, 0.53, 498.79885
2016-03-04, 3, zhong_du, 60.72, 67.11, -6.11, 71.48, 73.26, 77.60, 66.16, 285289.25, 2040659925, 14.10, 16.00, 1.57, 767.94505
2016-03-07, 3, zhong_du, 61.17, 65.20, -2.85, 67.11, 64.90, 69.50, 63.00, 173223.41, 1147157819, 8.56, 9.69, 0.90, 2989.58611
2016-03-08, 3, zhong_du, 62.06, 71.72, 10.00, 65.20, 65.50, 71.72, 61.71, 251021.3, 1710895818, 12.41, 15.35, 1.32, 2514.34302
2016-03-09, 3, zhong_du, 62.55, 64.99, -9.38, 71.72, 68.80, 71.00, 64.97, 202322.48, 1372773435, 10.00, 8.41, 1.02, 2794.05808
2016-03-10, 3, zhong_du, 62.60, 61.97, -4.65, 64.99, 64.80, 66.51, 61.38, 129801.88, 830570820, 6.42, 7.89, 0.63, 537.89997
2016-03-11, 3, zhong_du, 62.54, 61.83, -0.23, 61.97, 60.09, 63.30, 59.16, 109399.56, 668355332, 5.41, 6.68, 0.53, 1425.10986
2016-03-14, 3, zhong_du, 62.79, 66.20, 7.07, 61.83, 63.10, 68.01, 62.00, 180939.42, 1191961677, 8.94, 9.72, 1.04, 9153.91183
2016-03-15, 3, zhong_du, 62.80, 61.70, -6.80, 66.20, 65.00, 65.50, 61.60, 143287.18, 907807352, 7.08, 5.89, 0.82, 2649.48082
2016-03-16, 3, zhong_du, 62.71, 60.59, -1.80, 61.70, 62.76, 62.98, 59.10, 99834.52, 609459926, 4.94, 6.29, 0.65, 2565.19389
2016-03-17, 3, zhong_du, 62.68, 62.60, 3.32, 60.59, 61.50, 63.88, 60.15, 131291.9, 816114481, 6.49, 6.16, 0.99, 971.63892
2016-03-18, 3, zhong_du, 62.88, 65.00, 3.83, 62.60, 62.10, 67.82, 62.10, 174900.69, 1141004097, 8.65, 9.14, 1.32, 632.16186
2016-03-21, 3, zhong_du, 63.25, 68.38, 5.20, 65.00, 65.80, 69.56, 64.30, 165576.52, 1113863644, 8.18, 8.09, 1.13, 650.19178
2016-03-22, 3, zhong_du, 63.46, 65.90, -3.63, 68.38, 67.00, 67.50, 65.20, 144074.91, 955167769, 7.12, 3.36, 1.01, 2687.48116
2016-03-23, 4, gao_du, 64.23, 72.49, 10.00, 65.90, 65.72, 72.49, 65.07, 237568.33, 1674673958, 11.74, 11.26, 1.66, 690.58609
2016-03-24, 4, gao_du, 65.54, 72.18, -0.43, 72.49, 73.44, 79.37, 71.70, 261223.52, 1962715469, 12.91, 10.58, 1.53, 793.84518
2016-03-25, 5, qiang_lie, 65.88, 69.30, -3.99, 72.18, 70.40, 72.00, 67.89, 161564.84, 1126429728, 7.99, 5.69, 0.82, 656.55684
2016-03-28, 5, qiang_lie, 66.07, 68.50, -1.15, 69.30, 69.88, 71.94, 68.00, 108519.74, 754225753, 5.36, 5.69, 0.56, 705.7519
2016-03-29, 5, qiang_lie, 66.21, 69.26, 1.11, 68.50, 68.50, 69.68, 66.70, 110317.72, 756250990, 5.45, 4.35, 0.60, 798.80214
2016-03-30, 5, qiang_lie, 66.46, 71.00, 2.51, 69.26, 70.10, 71.56, 68.68, 123156.81, 865678632, 6.09, 4.16, 0.70, 1080.35803
2016-03-31, 5, qiang_lie, 66.88, 70.89, -0.15, 71.00, 71.28, 75.55, 70.32, 146379.86, 1067367902, 7.24, 7.37, 0.96, 956.88105
2016-04-01, 5, qiang_lie, 66.98, 68.25, -3.72, 70.89, 70.83, 70.90, 67.50, 101443.52, 693928175, 5.01, 4.80, 0.78, 2858.23107
2016-04-05, 5, qiang_lie, 67.06, 69.50, 1.83, 68.25, 67.53, 70.00, 67.00, 89775.54, 615777278, 4.44, 4.40, 0.76, 722.33796
2016-04-06, 5, qiang_lie, 67.16, 68.31, -1.71, 69.50, 68.82, 71.29, 68.00, 89375.92, 618197466, 4.42, 4.73, 0.78, 2685.112
2016-04-15, 5, qiang_lie, 67.47, 70.21, 2.78, 68.31, 71.80, 74.78, 69.20, 149071.37, 1073152892, 7.37, 8.17, 1.35, 655.69901
2016-04-18, 5, qiang_lie, 67.47, 66.85, -4.79, 70.21, 68.50, 69.69, 65.52, 91265.39, 613358867, 4.51, 5.94, 0.79, 391.49499
2016-04-19, 4, gao_du, 67.42, 65.96, -1.33, 66.85, 67.70, 67.80, 63.70, 61606.68, 404339396, 3.05, 6.13, 0.59, 748.33298
2016-04-20, 3, zhong_du, 67.22, 61.85, -6.23, 65.96, 66.00, 66.89, 60.31, 90685.18, 577523434, 4.48, 9.98, 0.94, 1885.72311
2016-04-21, 3, zhong_du, 67.05, 61.54, -0.50, 61.85, 61.00, 63.38, 60.80, 65005.21, 405268712, 3.21, 4.17, 0.67, 592.53097
2016-04-22, 2, qing_du, 66.93, 61.90, 0.58, 61.54, 61.51, 62.68, 60.68, 46025.34, 282941122, 2.28, 3.25, 0.50, 4470.46709
2016-04-25, 2, qing_du, 66.76, 59.71, -3.54, 61.90, 61.26, 61.50, 59.08, 49226.99, 295243214, 2.43, 3.91, 0.69, 2437.73198
2016-04-26, 1, wei_ruo, 66.39, 57.50, -3.70, 59.71, 59.13, 59.29, 55.85, 81542.32, 470564191, 4.03, 5.76, 1.30, 417.74797
2016-04-27, 1, wei_ruo, 66.14, 58.23, 1.27, 57.50, 57.00, 58.68, 56.98, 59695.77, 345856568, 2.95, 2.96, 0.90, 3768.34416
2016-04-28, 1, wei_ruo, 65.81, 56.00, -3.83, 58.23, 57.80, 58.18, 54.22, 67849.29, 380689702, 3.35, 6.80, 1.13, 713.18316
2016-04-29, 1, wei_ruo, 65.54, 54.83, -2.09, 56.00, 55.49, 56.30, 54.80, 51013.95, 282650789, 2.52, 2.68, 0.84, 823.60101
2016-05-03, 1, wei_ruo, 65.15, 56.34, 2.75, 54.83, 54.98, 56.49, 53.41, 77805.37, 429900014, 3.85, 5.62, 1.26, 659.091
2016-05-04, 1, wei_ruo, 64.94, 61.97, 9.99, 56.34, 56.20, 61.97, 55.70, 81633.04, 481283649, 4.04, 11.13, 1.21, 526.91984
2016-05-05, 1, wei_ruo, 64.86, 62.29, 0.52, 61.97, 63.39, 67.67, 61.95, 158320.38, 1015284186, 7.83, 9.23, 2.34, 615.08179
2016-05-06, 1, wei_ruo, 64.51, 56.80, -8.81, 62.29, 61.80, 61.90, 56.80, 112898.43, 676195659, 5.58, 8.19, 1.29, 767.24505
2016-05-09, 1, wei_ruo, 64.19, 54.32, -4.37, 56.80, 56.80, 56.83, 53.50, 66997.99, 366034476, 3.31, 5.86, 0.70, 468.98484
2016-05-10, 1, wei_ruo, 63.90, 56.23, 3.52, 54.32, 54.40, 57.00, 54.35, 71020.99, 398135530, 3.51, 4.88, 0.71, 821.23709
2016-05-11, 1, wei_ruo, 63.65, 54.51, -3.06, 56.23, 56.65, 57.56, 54.11, 57896.28, 321129660, 2.86, 6.14, 0.59, 796.89693
2016-05-12, 1, wei_ruo, 63.35, 57.60, 5.67, 54.51, 55.36, 58.88, 54.51, 91273.14, 516133014, 4.51, 8.02, 0.98, 2684.98993
2016-05-13, 1, wei_ruo, 63.13, 57.70, 0.17, 57.60, 56.90, 58.80, 56.00, 76080.62, 435725665, 3.76, 4.86, 0.95, 1067.85893
2016-05-16, 1, wei_ruo, 62.97, 57.70, 0.00, 57.70, 57.00, 57.95, 55.80, 55793.76, 317579372, 2.76, 3.73, 0.77, 14492.31696
2016-05-17, 1, wei_ruo, 62.79, 57.30, -0.69, 57.70, 58.22, 60.59, 57.25, 80088.23, 471311545, 3.96, 5.79, 1.14, 432.95789
2016-05-18, 1, wei_ruo, 62.50, 54.00, -5.76, 57.30, 56.00, 56.00, 53.37, 70161.93, 382680377, 3.47, 4.59, 0.97, 1134.02581
2016-05-19, 1, wei_ruo, 62.30, 54.36, 0.67, 54.00, 53.90, 55.80, 53.81, 50697.97, 278217472, 2.51, 3.69, 0.68, 2189.34393
2016-05-20, 1, wei_ruo, 62.14, 54.68, 0.59, 54.36, 53.50, 55.05, 53.10, 39336.9, 213053797, 1.94, 3.59, 0.59, 650.1739
2016-05-23, 1, wei_ruo, 61.97, 55.36, 1.24, 54.68, 54.96, 55.50, 54.20, 50621.4, 278536220, 2.50, 2.38, 0.85, 2890.50889
2016-05-24, 1, wei_ruo, 61.81, 54.07, -2.33, 55.36, 55.30, 55.40, 53.60, 41943.46, 227249072, 2.07, 3.25, 0.72, 841.81595
2016-05-25, 1, wei_ruo, 61.66, 53.72, -0.65, 54.07, 54.57, 54.91, 53.41, 37680.32, 204122845, 1.86, 2.77, 0.65, 3647.52293
2016-05-26, 1, wei_ruo, 61.47, 53.29, -0.80, 53.72, 53.73, 54.60, 51.59, 46232.91, 244157911, 2.29, 5.60, 0.79, 13471.457
2016-05-27, 1, wei_ruo, 61.33, 52.89, -0.75, 53.29, 52.90, 53.50, 52.38, 32144.93, 169745605, 1.59, 2.10, 0.55, 26548.00105
2016-05-30, 1, wei_ruo, 61.21, 51.98, -1.72, 52.89, 52.00, 52.74, 51.50, 26995.04, 140754593, 1.33, 2.34, 0.46, 561.98192
2016-05-31, 1, wei_ruo, 60.97, 57.18, 10.00, 51.98, 52.39, 57.18, 52.11, 86224.59, 471854171, 4.26, 9.75, 1.48, 2345.01004
2016-06-01, 1, wei_ruo, 60.79, 56.90, -0.49, 57.18, 57.17, 58.50, 56.22, 99749.91, 570879039, 4.93, 3.99, 1.71, 1219.96307
2016-06-02, 1, wei_ruo, 60.62, 56.50, -0.70, 56.90, 56.65, 56.85, 55.84, 55469.44, 312771252, 2.74, 1.78, 0.95, 757.17902
2016-06-03, 1, wei_ruo, 60.37, 57.82, 2.34, 56.50, 57.00, 59.40, 56.43, 101031.71, 587934842, 4.99, 5.26, 1.74, 10048.00701
2016-06-06, 1, wei_ruo, 60.29, 56.92, -1.56, 57.82, 57.75, 58.45, 56.50, 52546.27, 301001773, 2.60, 3.37, 0.90, 3243.85405
2016-06-07, 1, wei_ruo, 60.22, 56.71, -0.37, 56.92, 57.35, 57.35, 56.18, 38182.39, 216429178, 1.89, 2.06, 0.66, 5736.95803
2016-06-08, 1, wei_ruo, 60.15, 56.18, -0.93, 56.71, 56.89, 57.00, 55.60, 38178.52, 214390485, 1.89, 2.47, 0.66, 27405.65205
2016-06-13, 1, wei_ruo, 59.91, 51.10, -9.04, 56.18, 55.05, 55.05, 51.00, 62027.83, 330793480, 3.07, 7.21, 1.07, 5423.94614
2016-06-14, 1, wei_ruo, 59.74, 51.76, 1.29, 51.10, 51.11, 52.93, 51.11, 44240.35, 229518837, 2.19, 3.56, 0.76, 11635.13088
2016-06-15, 1, wei_ruo, 59.57, 53.19, 2.76, 51.76, 51.00, 53.88, 50.70, 48437.3, 255942653, 2.39, 6.14, 0.83, 6987.0019
2016-06-16, 1, wei_ruo, 59.41, 52.01, -2.22, 53.19, 53.19, 53.19, 51.78, 44069.37, 230026850, 2.18, 2.65, 0.76, 16378.52097
2016-06-17, 1, wei_ruo, 59.25, 51.87, -0.27, 52.01, 52.01, 53.30, 51.48, 44487.49, 232482554, 2.20, 3.50, 0.76, 2875.37003
2016-06-20, 1, wei_ruo, 59.11, 51.87, -0.27, 52.01, 52.01, 53.30, 51.48, 44487.49, 232482554, 2.20, 3.50, 0.76, 3857.94401
2016-06-21, 1, wei_ruo, 58.94, 51.27, -0.77, 51.67, 52.48, 53.20, 50.80, 47040.3, 245154587, 2.33, 4.64, 0.81, 4499.57991
2016-06-22, 1, wei_ruo, 58.79, 56.40, 10.01, 51.27, 55.00, 56.40, 53.94, 89475.26, 501872486, 4.42, 4.80, 1.54, 5345.99185
2016-06-23, 1, wei_ruo, 58.88, 59.24, 5.04, 56.40, 58.46, 61.90, 58.20, 185849.89, 1111468088, 9.19, 6.56, 3.19, 895.65301
2016-06-24, 1, wei_ruo, 58.75, 57.01, -3.76, 59.24, 58.94, 59.14, 53.82, 119579.17, 687153442, 5.91, 8.98, 2.06, 2669.08908
2016-06-27, 1, wei_ruo, 58.72, 58.23, 2.14, 57.01, 56.25, 59.01, 56.25, 81697.09, 475987379, 4.04, 4.84, 1.42, 709.03397
2016-06-28, 1, wei_ruo, 58.91, 62.95, 8.11, 58.23, 57.68, 64.03, 57.56, 143278.21, 883941331, 7.08, 11.11, 2.46, 1730.00813
2016-06-30, 2, qing_du, 59.51, 63.68, -2.15, 65.08, 64.41, 65.48, 63.18, 82031.34, 526708344, 4.05, 3.53, 1.41, 815.1741
2016-07-01, 3, zhong_du, 59.63, 62.55, -1.77, 63.68, 63.72, 64.97, 62.51, 65117.32, 412043088, 3.22, 3.86, 1.12, 627.97403
2016-07-04, 3, zhong_du, 59.80, 63.88, 2.13, 62.55, 62.01, 65.40, 61.32, 88704.43, 563199987, 4.38, 6.52, 1.52, 1666.56899
2016-07-05, 3, zhong_du, 59.97, 63.22, -1.03, 63.88, 63.88, 65.78, 63.00, 82771.98, 531291410, 4.09, 4.35, 1.42, 2732.41496
2016-07-06, 3, zhong_du, 60.06, 63.47, 0.40, 63.22, 62.55, 64.48, 62.00, 55292.06, 349258103, 2.73, 3.92, 0.95, 4636.07311
2016-07-07, 3, zhong_du, 60.14, 62.05, -2.24, 63.47, 63.10, 63.78, 61.36, 63027.7, 392713757, 3.12, 3.81, 1.08, 4134.69815
2016-07-08, 3, zhong_du, 60.17, 62.01, -0.06, 62.05, 61.87, 62.78, 61.52, 35981.5, 224004809, 1.78, 2.03, 0.62, 21300.23909
2016-07-11, 3, zhong_du, 60.33, 62.38, 0.60, 62.01, 63.50, 66.80, 61.91, 89318.16, 576371766, 4.42, 7.89, 1.54, 3813.34996
2016-07-12, 3, zhong_du, 60.36, 62.05, -0.53, 62.38, 62.00, 62.32, 60.01, 57215.97, 350525552, 2.83, 3.70, 1.00, 36262.99286
2016-07-13, 3, zhong_du, 60.39, 62.15, 0.15, 62.06, 62.44, 62.50, 61.61, 39232.54, 243470145, 1.94, 1.43, 0.67, 2866.24694
2016-07-14, 3, zhong_du, 60.42, 62.36, 0.34, 62.15, 61.69, 62.88, 61.41, 34635.48, 215535765, 1.71, 2.37, 0.60, 2785.15291
2016-07-15, 3, zhong_du, 60.53, 63.96, 2.57, 62.36, 62.60, 64.88, 62.38, 65741.23, 419144092, 3.25, 4.01, 1.13, 749.295
2016-07-18, 3, zhong_du, 60.68, 64.72, 1.19, 63.96, 63.55, 65.50, 63.16, 78820.74, 509510459, 3.90, 3.66, 1.35, 5500.07319
2016-07-19, 3, zhong_du, 60.78, 64.01, -1.07, 64.70, 64.38, 65.80, 63.59, 59328.34, 383419538, 2.93, 3.42, 1.02, 2609.57098
2016-07-20, 4, gao_du, 60.78, 63.15, -1.34, 64.01, 63.85, 64.16, 62.96, 39953.94, 252637689, 1.98, 1.87, 0.69, 588.76991
2016-07-21, 4, gao_du, 60.86, 62.96, -0.30, 63.15, 62.95, 63.43, 62.60, 29325.73, 184603112, 1.45, 1.31, 0.50, 4013.34715
2016-07-22, 4, gao_du, 60.91, 62.24, -1.14, 62.96, 62.96, 64.06, 62.11, 52954.58, 335789261, 2.62, 3.10, 0.91, 4660.14099
2016-07-25, 3, zhong_du, 60.90, 59.95, -3.68, 62.24, 61.62, 61.62, 59.70, 50823.39, 307238554, 2.51, 3.08, 0.87, 18303.20716
2016-07-26, 3, zhong_du, 60.89, 60.60, 1.08, 59.95, 59.96, 60.70, 59.90, 24733.64, 149238090, 1.22, 1.33, 0.43, 704.8409
2016-07-27, 3, zhong_du, 60.80, 56.30, -7.10, 60.60, 60.84, 60.86, 55.81, 56820.16, 328689748, 2.81, 8.33, 0.98, 20575.73199
2016-07-28, 3, zhong_du, 60.73, 57.00, 1.24, 56.30, 56.48, 57.44, 56.00, 36803.72, 208913899, 1.82, 2.56, 0.63, 787.86206
2016-07-29, 2, qing_du, 60.68, 57.00, 0.00, 57.00, 57.20, 57.25, 56.08, 24761.32, 140517171, 1.22, 2.05, 0.43, 14492.81907
2016-08-01, 2, qing_du, 60.63, 55.90, -1.93, 57.00, 56.50, 56.80, 54.81, 22239.41, 123735279, 1.10, 3.49, 0.38, 5509.19199
2016-08-02, 2, qing_du, 60.58, 57.11, 2.16, 55.90, 56.35, 57.50, 56.00, 24877.69, 141350409, 1.23, 2.68, 0.43, 17030.64609
2016-08-03, 2, qing_du, 60.54, 57.42, 0.54, 57.11, 56.88, 58.23, 56.62, 29545.06, 169606701, 1.46, 2.82, 0.63, 2772.07899
2016-08-04, 2, qing_du, 60.48, 57.61, 0.35, 57.41, 57.17, 58.48, 56.66, 27813.23, 160142936, 1.37, 3.17, 0.71, 14310.46891
2016-08-05, 2, qing_du, 60.45, 56.73, -1.53, 57.61, 57.61, 58.13, 56.50, 21549.71, 122965749, 1.07, 2.83, 0.63, 569.57197
2016-08-08, 2, qing_du, 60.41, 57.22, 0.86, 56.73, 56.18, 57.50, 55.51, 21313.87, 120638591, 1.05, 3.51, 0.69, 19083.09412
2016-08-09, 2, qing_du, 60.36, 58.35, 1.97, 57.22, 57.29, 58.88, 57.05, 42388.69, 246192259, 2.10, 3.20, 1.69, 4470.7191
2016-08-10, 2, qing_du, 60.33, 57.70, -1.11, 58.35, 58.35, 58.35, 57.55, 22854.49, 132112837, 1.13, 1.37, 0.81, 19016.76798
2016-08-11, 2, qing_du, 60.29, 56.30, -2.43, 57.70, 57.77, 58.00, 56.30, 25659.34, 146072554, 1.27, 2.95, 0.94, 525.30694
2016-08-15, 1, wei_ruo, 60.22, 58.82, 3.57, 56.79, 56.93, 59.50, 56.79, 44066.88, 257184013, 2.18, 4.77, 1.73, 664.39605
2016-08-16, 1, wei_ruo, 60.19, 59.00, 0.31, 58.82, 58.93, 59.79, 58.44, 41027.12, 242362196, 2.03, 2.30, 1.36, 716.90512
2016-08-17, 2, qing_du, 60.30, 64.90, 10.00, 59.00, 59.08, 64.90, 59.08, 76457.44, 484697240, 3.78, 9.86, 2.56, 14275.56801
2016-08-18, 2, qing_du, 60.68, 64.68, -0.34, 64.90, 67.00, 67.95, 63.88, 149136.83, 981704584, 7.37, 6.27, 3.69, 16018.58592
2016-08-19, 3, zhong_du, 61.19, 67.95, 5.06, 64.68, 64.98, 69.88, 63.50, 158577.73, 1067048517, 7.84, 9.86, 2.45, 577.89397
2016-08-22, 4, gao_du, 61.38, 64.95, -4.42, 67.95, 67.42, 67.92, 64.88, 81165.39, 533937089, 4.01, 4.47, 0.86, 2557.2691
2016-08-23, 4, gao_du, 61.47, 63.70, -1.92, 64.95, 64.47, 65.67, 62.89, 64923.57, 417514833, 3.21, 4.28, 0.64, 696.39802
2016-08-24, 3, zhong_du, 61.58, 64.30, 0.94, 63.70, 63.97, 66.70, 63.50, 66215.18, 431702417, 3.27, 5.02, 0.63, 3581.46596
2016-08-25, 3, zhong_du, 61.67, 65.72, 2.18, 64.32, 63.40, 65.88, 62.23, 63093.68, 403348629, 3.12, 5.67, 0.61, 480.87811
2016-08-26, 3, zhong_du, 61.76, 64.30, -2.16, 65.72, 65.30, 66.53, 64.20, 51255.06, 334332950, 2.53, 3.55, 0.59, 2081.388
2016-08-29, 3, zhong_du, 61.80, 64.01, -0.45, 64.30, 64.17, 64.99, 63.28, 39238.07, 251424893, 1.94, 2.66, 0.60, 1123.56901
2016-08-30, 3, zhong_du, 61.85, 64.32, 0.48, 64.01, 64.30, 65.21, 63.80, 32257.2, 208155814, 1.59, 2.20, 0.57, 456.04205
2016-08-31, 3, zhong_du, 61.95, 65.45, 1.76, 64.32, 64.80, 66.39, 64.50, 38156.38, 250421750, 1.89, 2.94, 4.21, 653.92184
2016-09-01, 3, zhong_du, 62.01, 65.45, 1.76, 64.32, 64.80, 66.39, 64.50, 38156.38, 250421750, 1.89, 2.94, 4.21, 664.62994
2016-09-02, 3, zhong_du, 62.01, 65.45, 1.76, 64.32, 64.80, 66.39, 64.50, 38156.38, 250421750, 1.89, 2.94, 4.21, 13594.49816
2016-09-05, 3, zhong_du, 62.01, 61.64, -0.21, 61.77, 62.00, 62.66, 61.22, 32190.84, 199281647, 1.59, 2.33, 0.61, 2272.63689
2016-09-06, 2, qing_du, 62.01, 65.45, 1.76, 64.32, 64.80, 66.39, 64.50, 38156.38, 250421750, 1.89, 2.94, 4.21, 5453.02105
2016-09-07, 2, qing_du, 62.01, 62.01, -1.59, 63.01, 62.81, 63.40, 61.91, 26502.34, 165854621, 1.31, 2.36, 0.50, 1871.18602
2016-09-08, 2, qing_du, 62.01, 65.45, 1.76, 64.32, 64.80, 66.39, 64.50, 38156.38, 250421750, 1.89, 2.94, 4.21, 588.81998
2016-09-09, 2, qing_du, 62.01, 65.45, 1.76, 64.32, 64.80, 66.39, 64.50, 38156.38, 250421750, 1.89, 2.94, 4.21, 2748.65103
2016-09-12, 2, qing_du, 62.01, 65.45, 1.76, 64.32, 64.80, 66.39, 64.50, 38156.38, 250421750, 1.89, 2.94, 4.21, 685.49299
2016-09-13, 1, wei_ruo, 62.01, 65.45, 1.76, 64.32, 64.80, 66.39, 64.50, 38156.38, 250421750, 1.89, 2.94, 4.21, 542.14501
2016-09-14, 1, wei_ruo, 62.01, 65.45, 1.76, 64.32, 64.80, 66.39, 64.50, 38156.38, 250421750, 1.89, 2.94, 4.21, 928.49684
2016-09-19, 1, wei_ruo, 62.01, 58.71, 0.82, 58.23, 58.00, 59.19, 57.90, 16285.58, 95591475, 0.81, 2.22, 0.31, 679.74806
2016-09-20, 1, wei_ruo, 62.01, 58.49, -0.39, 58.72, 58.84, 59.10, 58.30, 16721.04, 97850975, 0.83, 1.36, 0.32, 2560.09197
2016-09-21, 1, wei_ruo, 62.01, 58.49, 0.00, 58.49, 58.49, 58.88, 58.15, 14831.46, 86806091, 0.73, 1.25, 0.28, 449.52703
2016-09-22, 1, wei_ruo, 62.01, 58.72, 0.39, 58.49, 58.90, 59.20, 58.60, 17283.99, 101715436, 0.85, 1.03, 0.33, 558.40993
2016-09-23, 1, wei_ruo, 62.01, 61.56, 4.84, 58.72, 58.73, 63.37, 58.40, 58379.61, 360813232, 2.89, 8.46, 1.12, 2554.35514
2016-09-26, 1, wei_ruo, 62.01, 59.78, -2.88, 61.55, 60.86, 61.15, 59.50, 30998.97, 186564025, 1.53, 2.68, 0.60, 2057.94191
2016-09-27, 1, wei_ruo, 62.01, 61.80, 3.38, 59.78, 59.70, 61.88, 59.67, 32459.42, 197550352, 1.60, 3.70, 0.62, 623.23189
2016-09-28, 1, wei_ruo, 62.01, 62.08, 0.45, 61.80, 61.81, 62.96, 61.21, 31912.6, 198048499, 1.58, 2.83, 0.61, 611.60707
2016-09-29, 1, wei_ruo, 62.01, 61.20, -1.42, 62.08, 62.40, 62.45, 61.20, 20276.08, 124996352, 1.00, 2.01, 0.39, 2876.3032
2016-09-30, 1, wei_ruo, 62.01, 61.30, 0.16, 61.20, 60.85, 61.56, 60.80, 16634.63, 101781424, 0.82, 1.24, 0.32, 666.33201
2016-10-10, 2, qing_du, 62.01, 62.48, 1.92, 61.30, 61.51, 62.94, 61.51, 29704.48, 185306221, 1.47, 2.33, 0.57, 609.14516
2016-10-11, 2, qing_du, 62.01, 62.40, -0.13, 62.48, 62.48, 63.12, 62.02, 26171.41, 163328682, 1.29, 1.76, 0.50, 3680.76611
2016-10-12, 2, qing_du, 62.01, 61.78, -0.99, 62.40, 62.20, 62.23, 61.50, 18701, 115592367, 0.92, 1.17, 0.36, 833.26888
2016-10-13, 2, qing_du, 62.01, 62.24, 0.74, 61.78, 62.00, 63.35, 61.56, 32570.49, 203272813, 1.61, 2.90, 0.63, 37198.41909
2016-10-14, 2, qing_du, 61.79, 63.08, 1.35, 62.24, 62.80, 64.39, 62.50, 53233.06, 337869805, 2.63, 3.04, 1.01, 4274.65987
2016-10-17, 1, wei_ruo, 61.77, 60.70, -3.77, 63.08, 62.30, 62.40, 60.40, 48595.76, 297723341, 1.20, 3.17, 0.93, 6305.57299
2016-10-18, 1, wei_ruo, 61.77, 60.98, -3.33, 63.08, 62.30, 62.40, 60.60, 31842.51, 195711136, 0.79, 2.85, 1.21, 782.82905
2016-10-19, 1, wei_ruo, 61.87, , , , , , , , , , , , 1770.30802
2016-10-20, 2, qing_du, 62.11, 66.13, 2.05, 64.80, 64.65, 67.32, 64.22, 121367.99, 803234276, 3.00, 4.78, 2.36, 4639.781
2016-10-21, 2, qing_du, 30.95, 31.92, -2.98, 32.90, 32.50, 32.88, 30.76, 199227.14, 629592733, 4.92, 6.44, 2.97, 6650.81501
2016-10-24, 3, zhong_du, 31.05, 35.18, 10.01, 31.98, 31.77, 35.18, 31.40, 140197.61, 477941739, 3.47, 11.82, 1.39, 2652.47488
2016-10-25, 2, qing_du, 31.69, 35.87, 1.96, 35.18, 38.69, 38.69, 35.08, 469122.92, 1714884815, 11.59, 10.26, 4.61, 3664.6719
2016-10-26, 3, zhong_du, 31.85, 33.44, -6.77, 35.87, 35.20, 35.79, 33.44, 256137.37, 878831821, 6.33, 6.55, 2.52, 2564.70203
2016-10-27, 3, zhong_du, 31.90, 33.59, 0.45, 33.44, 33.11, 33.75, 32.86, 138797.42, 461145433, 3.43, 2.66, 1.37, 855.39103
2016-10-28, 2, qing_du, 31.98, 33.80, 0.60, 33.60, 33.47, 34.43, 33.21, 167904.2, 569679669, 4.15, 3.63, 1.65, 4535.75492
2016-10-31, 2, qing_du, 32.00, 32.19, -4.76, 33.80, 33.00, 33.29, 32.08, 117636.15, 382196976, 2.91, 3.58, 1.16, 549.53289
2016-11-01, 2, qing_du, 31.98, 31.72, -1.46, 32.19, 31.00, 31.87, 30.81, 136416.29, 427722960, 3.37, 3.29, 1.35, 520.64705
2016-11-02, 1, wei_ruo, 31.96, 30.94, -2.49, 31.73, 31.71, 31.71, 30.89, 105449.38, 328631122, 2.61, 2.58, 1.04, 660.65407
2016-11-03, 1, wei_ruo, 31.94, 31.33, 1.33, 30.92, 30.85, 31.96, 30.73, 115825.73, 364611926, 2.86, 3.98, 1.14, 736.67097
2016-11-04, 1, wei_ruo, 31.93, 31.18, -0.48, 31.33, 31.01, 31.99, 31.00, 94331.05, 296610608, 2.33, 3.16, 0.93, 820.33587
2016-11-07, 1, wei_ruo, 31.90, 30.27, -2.95, 31.19, 31.13, 31.13, 30.21, 90596.16, 276474376, 2.24, 2.95, 0.89, 612.23912
2016-11-08, 1, wei_ruo, 31.87, 30.35, 0.26, 30.27, 30.31, 30.64, 30.16, 59710.49, 181090128, 1.48, 1.59, 0.59, 424.77989
2016-11-09, 1, wei_ruo, 31.82, 29.60, -2.50, 30.36, 30.43, 30.57, 29.01, 99597.05, 296689192, 2.46, 5.14, 0.98, 1702.23379
2016-11-10, 1, wei_ruo, 31.79, 29.76, 0.54, 29.60, 29.85, 30.36, 29.60, 68455.16, 204541240, 1.69, 2.57, 0.68, 863.81316
2016-11-11, 1, wei_ruo, 31.77, 31.87, 7.02, 29.78, 29.79, 32.76, 29.78, 260210.93, 827994939, 6.43, 10.01, 2.56, 2725.89302
2016-11-14, 1, wei_ruo, 31.74, 31.00, -2.73, 31.87, 31.31, 31.31, 30.38, 146353.34, 451451890, 3.62, 2.92, 1.45, 458.60791
2016-11-15, 1, wei_ruo, 31.72, 30.56, -1.32, 30.97, 30.77, 30.96, 30.38, 45541.58, 139285553, 1.13, 1.87, 0.89, 585.35695
2016-11-16, 1, wei_ruo, 31.70, 30.56, -1.32, 30.97, 30.77, 30.96, 30.38, 45541.58, 139285553, 1.13, 1.87, 0.89, 452.70705
2016-11-17, 1, wei_ruo, 31.68, 30.56, -1.32, 30.97, 30.77, 30.96, 30.38, 45541.58, 139285553, 1.13, 1.87, 0.89, 488.15417
2016-11-18, 1, wei_ruo, 31.67, 30.56, -1.32, 30.97, 30.77, 30.96, 30.38, 45541.58, 139285553, 1.13, 1.87, 0.89, 640.95592
2016-11-21, 1, wei_ruo, 31.65, 30.40, 0.50, 30.25, 30.27, 30.90, 30.13, 53824.98, 163866863, 1.33, 2.55, 0.53, 902.59695
2016-11-22, 1, wei_ruo, 31.64, 30.44, 0.13, 30.40, 30.49, 30.69, 30.22, 52051.52, 158247031, 1.29, 1.55, 0.51, 733.23894
2016-11-23, 1, wei_ruo, 31.62, 30.04, -1.31, 30.44, 30.45, 30.60, 30.02, 55662.44, 168213431, 1.38, 1.91, 0.55, 528.35488
2016-11-24, 1, wei_ruo, 31.59, 29.56, -1.60, 30.04, 30.18, 30.28, 29.40, 58331, 173874155, 1.44, 2.93, 0.58, 673.42997
2016-11-25, 1, wei_ruo, 31.55, 29.16, -1.32, 29.55, 29.47, 29.50, 28.51, 65569.16, 189414789, 1.62, 3.35, 0.64, 532.68695
2016-11-28, 1, wei_ruo, 31.51, 29.68, 1.78, 29.16, 29.29, 30.22, 29.25, 70461.08, 210139630, 1.74, 3.33, 0.70, 524.18995
2016-11-29, 1, wei_ruo, 31.49, 28.96, -2.43, 29.68, 29.77, 29.88, 28.90, 51619.8, 150867621, 1.28, 3.30, 0.51, 375.72408
2016-11-30, 1, wei_ruo, 31.46, 28.93, -0.10, 28.96, 28.75, 29.70, 28.75, 43989.27, 127988820, 1.09, 3.28, 0.44, 446.1689
2016-12-01, 1, wei_ruo, 31.43, 28.75, -0.69, 28.95, 28.95, 29.19, 28.64, 43087.27, 124103771, 1.06, 1.90, 0.42, 443.24684
2016-12-02, 1, wei_ruo, 31.38, 27.78, -3.37, 28.75, 28.80, 28.82, 27.70, 62555, 176055467, 1.55, 3.90, 0.61, 1098.42801
2016-12-05, 1, wei_ruo, 31.33, 27.01, -2.77, 27.78, 27.76, 27.76, 26.96, 52024.48, 141986213, 1.29, 2.88, 0.51, 767.21096
2016-12-06, 1, wei_ruo, 31.29, 27.15, 0.52, 27.01, 27.08, 27.42, 27.08, 34036.49, 92723627, 0.84, 1.26, 0.33, 3159.19995
2016-12-07, 1, wei_ruo, 31.23, 28.28, 4.16, 27.15, 27.20, 28.78, 26.81, 80672.17, 224788481, 1.99, 7.26, 0.80, 454.74696
2016-12-08, 1, wei_ruo, 31.19, 27.45, -2.93, 28.28, 28.00, 28.11, 27.44, 44826.3, 124665424, 1.11, 2.37, 0.44, 490.3841
2016-12-09, 1, wei_ruo, 31.14, 27.59, 0.51, 27.45, 27.30, 28.34, 27.30, 51595.06, 143496357, 1.28, 3.79, 0.51, 571.94185
2016-12-12, 1, wei_ruo, 31.07, 25.63, -7.10, 27.59, 27.50, 27.57, 25.45, 59680.99, 158419053, 1.48, 7.68, 0.59, 510.7789
2016-12-13, 1, wei_ruo, 31.00, 25.88, 0.98, 25.63, 25.70, 26.35, 25.25, 51554.52, 132876137, 1.27, 4.29, 0.51, 739.851
2016-12-14, 1, wei_ruo, 30.95, 25.40, -1.85, 25.88, 25.80, 25.88, 25.31, 35806.88, 91468216, 0.89, 2.20, 0.35, 468.0059
2016-12-15, 1, wei_ruo, 30.90, 25.63, 0.91, 25.40, 25.25, 25.98, 25.19, 37261.18, 95570982, 0.92, 3.11, 0.37, 791.471
2016-12-16, 1, wei_ruo, 30.86, 25.92, 1.13, 25.63, 25.60, 26.29, 25.42, 36044.53, 93304446, 0.89, 3.39, 0.35, 538.13004
2016-12-19, 1, wei_ruo, 30.83, 25.74, -0.69, 25.92, 26.01, 26.25, 25.68, 24055.08, 62152817, 0.59, 2.20, 0.24, 588.56106
2016-12-20, 1, wei_ruo, 30.80, 25.90, 0.62, 25.74, 25.69, 26.04, 25.56, 21033.79, 54250534, 0.52, 1.86, 0.21, 796.02003
2016-12-21, 1, wei_ruo, 30.76, 26.18, 1.08, 25.90, 26.02, 26.65, 26.02, 37354.01, 98104520, 0.92, 2.43, 0.37, 552.93202
2016-12-22, 1, wei_ruo, 30.74, 25.97, -0.80, 26.18, 26.12, 26.27, 25.87, 22735.1, 59189955, 0.56, 1.53, 0.22, 516.43896
2016-12-23, 1, wei_ruo, 30.70, 25.43, -2.08, 25.97, 25.90, 26.10, 25.39, 25733.5, 66096034, 0.64, 2.73, 0.25, 440.19294
2016-12-26, 1, wei_ruo, 30.66, 25.28, -0.59, 25.43, 25.44, 25.51, 24.61, 30920.24, 77352881, 0.76, 3.54, 0.30, 825.72699
2016-12-27, 1, wei_ruo, 30.63, 25.37, 0.36, 25.28, 25.38, 25.50, 25.25, 20458, 51884165, 0.51, 0.99, 0.20, 541.81886
2016-12-28, 1, wei_ruo, 30.61, 25.07, -1.18, 25.37, 25.31, 25.45, 25.05, 17755.67, 44803200, 0.44, 1.58, 0.17, 623.19779
2016-12-30, 1, wei_ruo, 30.55, 24.65, -0.72, 24.83, 24.83, 25.00, 24.61, 20441.33, 50594200, 0.51, 1.57, 0.20, 718.72091
2017-01-04, 1, wei_ruo, 30.48, 25.26, 0.80, 25.06, 25.06, 25.28, 24.94, 25947.13, 65238769, 0.64, 1.36, 0.25, 603.14488
2017-01-05, 1, wei_ruo, 30.41, 25.79, 2.10, 25.26, 25.26, 26.70, 25.20, 63694.2, 166357621, 1.57, 5.94, 0.63, 556.05197
2017-01-06, 1, wei_ruo, 30.37, 25.20, -2.29, 25.79, 25.65, 25.85, 25.11, 33822.24, 85760312, 0.84, 2.87, 0.33, 820.45603
2017-01-09, 1, wei_ruo, 30.33, 24.88, -1.27, 25.20, 25.20, 25.20, 24.78, 28451.56, 70818584, 0.70, 1.67, 0.28, 603.61218
2017-01-10, 1, wei_ruo, 30.30, 24.77, -0.44, 24.88, 25.05, 25.13, 24.72, 22691.57, 56459060, 0.56, 1.65, 0.22, 486.95707
2017-01-11, 1, wei_ruo, 30.27, 24.69, -0.32, 24.77, 24.75, 24.95, 24.68, 19671, 48781763, 0.49, 1.09, 0.19, 643.14985
2017-01-13, 1, wei_ruo, 30.18, 24.98, 0.40, 24.88, 25.05, 25.13, 24.72, 13584.24, 33843583, 0.34, 1.65, 0.27, 553.967
2017-01-16, 1, wei_ruo, 30.09, 22.06, -7.51, 23.85, 24.00, 24.00, 21.47, 49767.51, 112448897, 1.23, 10.61, 0.49, 601.04609
2017-01-17, 1, wei_ruo, 30.01, 24.98, 0.40, 24.88, 25.05, 25.13, 24.72, 13584.24, 33843583, 0.34, 1.65, 0.27, 554.41785
2017-01-18, 1, wei_ruo, 29.91, 22.71, 2.62, 22.13, 22.14, 23.95, 21.67, 61054.01, 139878022, 1.51, 10.30, 0.60, 181001.02401
2017-02-07, 1, wei_ruo, 29.57, 22.49, -0.75, 22.66, 22.61, 22.68, 22.33, 10190.02, 22885159, 0.25, 1.54, 0.23, 724.40505
2017-02-08, 1, wei_ruo, 29.47, 23.24, 2.56, 22.66, 22.61, 23.90, 22.33, 62458.66, 145104570, 1.54, 6.93, 0.61, 656.64196
2017-02-09, 1, wei_ruo, 29.41, 23.20, -0.17, 23.24, 23.10, 23.28, 22.94, 36058.03, 83504830, 0.89, 1.46, 0.35, 513.04293
2017-02-10, 1, wei_ruo, 29.36, 22.97, -0.99, 23.20, 23.20, 23.54, 22.91, 32203.56, 74742871, 0.80, 2.72, 0.32, 3334.97
2017-02-13, 1, wei_ruo, 29.32, 23.02, 0.22, 22.97, 22.86, 23.09, 22.60, 25428.11, 58196291, 0.63, 2.13, 0.25, 4663.00392
2017-02-14, 1, wei_ruo, 29.29, 22.86, -0.70, 23.02, 23.07, 23.09, 22.80, 20145.81, 46126904, 0.50, 1.26, 0.20, 615.67879
2017-02-15, 1, wei_ruo, 29.23, 22.93, 0.31, 22.86, 22.74, 23.45, 22.72, 38663.61, 89391423, 0.96, 3.19, 0.38, 4769.40703
2017-02-16, 1, wei_ruo, 29.19, 22.98, 0.22, 22.93, 22.91, 23.18, 22.75, 25544.48, 58746685, 0.63, 1.88, 0.25, 855.30782
2017-02-17, 1, wei_ruo, 29.08, 23.35, 1.61, 22.98, 23.06, 23.87, 23.06, 76807.02, 180293509, 1.90, 3.52, 0.75, 531.13914
2017-02-20, 1, wei_ruo, 29.02, 23.68, 1.41, 23.35, 23.50, 23.88, 23.35, 46430.15, 109554321, 1.15, 2.27, 0.46, 673.06805
2017-02-21, 1, wei_ruo, 28.97, 23.65, -0.13, 23.68, 23.70, 23.85, 23.43, 36361.36, 85780581, 0.90, 1.77, 0.36, 610.13007
2017-02-23, 1, wei_ruo, 28.85, 23.87, 1.57, 23.50, 23.55, 24.80, 23.32, 69618.89, 166868991, 1.72, 6.30, 0.68, 4664.47687
2017-02-24, 1, wei_ruo, 28.79, 24.00, 0.54, 23.87, 23.70, 24.18, 23.61, 46018.92, 109993289, 1.14, 2.39, 0.45, 2140.15388
2017-02-27, 1, wei_ruo, 28.73, 24.27, 1.13, 24.00, 24.00, 24.60, 24.00, 51783.14, 125884278, 1.28, 2.50, 0.51, 2545.34888
2017-02-28, 1, wei_ruo, 28.70, 23.85, -0.08, 23.87, 23.70, 23.95, 23.61, 11442.29, 27151323, 0.28, 1.42, 0.61, 692.69705
2017-03-01, 1, wei_ruo, 28.65, 24.03, -1.03, 24.28, 24.29, 24.29, 23.96, 36281.18, 87330026, 0.90, 1.36, 0.36, 617.12909
2017-03-02, 1, wei_ruo, 28.62, 23.65, -1.58, 24.03, 24.03, 24.28, 23.60, 31139.47, 74286485, 0.77, 2.83, 0.31, 807.17111
2017-03-03, 1, wei_ruo, 28.58, 23.60, -0.21, 23.65, 23.60, 23.73, 23.35, 27290.97, 64229172, 0.67, 1.61, 0.27, 2827.7359
2017-03-06, 1, wei_ruo, 28.54, 24.13, 2.25, 23.60, 23.59, 24.38, 23.50, 39411.91, 94589931, 0.97, 3.73, 0.39, 120830.12009
2017-03-07, 2, qing_du, 28.51, 24.21, 0.71, 24.04, 24.10, 24.29, 23.96, 15644.91, 37731290, 0.39, 1.37, 0.31, 894.72508
2017-03-08, 2, qing_du, 28.48, 24.00, -0.17, 24.04, 24.10, 24.35, 23.96, 29766.53, 71746762, 0.74, 1.62, 0.29, 1643.30602
2017-03-09, 3, zhong_du, 28.45, 23.65, -1.46, 24.00, 23.96, 23.98, 23.58, 27056.39, 64120618, 0.67, 1.67, 0.27, 2675.86303
2017-03-10, 3, zhong_du, 28.43, 23.51, -0.59, 23.65, 23.65, 23.75, 23.42, 18536.88, 43611755, 0.46, 1.40, 0.18, 571.00606
2017-03-13, 2, qing_du, 28.38, 23.29, -0.94, 23.51, 23.59, 23.60, 23.18, 33467.73, 77839793, 0.83, 1.79, 0.33, 605.92794
2017-03-14, 2, qing_du, 28.35, 23.44, 0.64, 23.29, 23.35, 23.54, 23.26, 26667.08, 62364900, 0.66, 1.20, 0.26, 2541.63694
2017-03-15, 2, qing_du, 28.31, 22.90, -2.30, 23.44, 23.40, 23.40, 22.89, 30462.9, 70390912, 0.75, 2.18, 0.30, 2548.96522
2017-03-16, 2, qing_du, 28.28, 23.17, 1.18, 22.90, 23.00, 23.37, 22.92, 26228.45, 60636436, 0.65, 1.97, 0.26, 615.73195
2017-03-17, 1, wei_ruo, 28.24, 22.91, -1.12, 23.17, 23.16, 23.26, 22.88, 26918.74, 62209529, 0.67, 1.64, 0.26, 573.70305
2017-03-20, 1, wei_ruo, 28.22, 23.10, 0.83, 22.91, 22.93, 23.18, 22.92, 18347.55, 42286552, 0.45, 1.13, 0.18, 660.38609
2017-03-21, 1, wei_ruo, 28.20, 23.17, 0.30, 23.10, 23.12, 23.28, 23.01, 18714.45, 43286634, 0.46, 1.17, 0.18, 604.57993
2017-03-22, 1, wei_ruo, 28.15, 22.74, -1.86, 23.17, 23.15, 23.15, 22.60, 35067.16, 79927306, 0.87, 2.37, 0.34, 621.64116
2017-03-23, 1, wei_ruo, 28.11, 22.78, 0.18, 22.74, 22.94, 23.18, 22.72, 33184.51, 76059303, 0.82, 2.02, 0.33, 652.69208
2017-03-24, 1, wei_ruo, 28.08, 22.87, 0.40, 22.78, 22.78, 22.92, 22.73, 18598.47, 42488103, 0.46, 0.83, 0.18, 539.92701
2017-03-27, 1, wei_ruo, 28.06, 22.82, -0.22, 22.87, 22.98, 23.03, 22.73, 18867.2, 43080772, 0.47, 1.31, 0.19, 615.08799
2017-03-28, 1, wei_ruo, 28.04, 22.74, -0.35, 22.82, 22.81, 22.86, 22.62, 17512.4, 39805352, 0.43, 1.05, 0.17, 667.36984
2017-03-29, 1, wei_ruo, 27.97, 22.96, 0.97, 22.74, 22.74, 23.48, 22.28, 55190.59, 126981709, 1.36, 5.28, 0.54, 619.40289
2017-03-30, 1, wei_ruo, 27.90, 22.81, -0.65, 22.96, 22.86, 23.13, 22.30, 54021.79, 122779582, 1.34, 3.61, 0.53, 641.27707
2017-03-31, 1, wei_ruo, 27.86, 22.78, -0.13, 22.81, 22.82, 23.10, 22.58, 29060.49, 66216433, 0.72, 2.28, 0.29, 612.77699
2017-04-05, 1, wei_ruo, 27.82, 22.93, 0.66, 22.78, 22.78, 23.12, 22.73, 32534.29, 74662257, 0.80, 1.71, 0.32, 640.46502
2017-04-06, 1, wei_ruo, 27.79, 22.81, -0.52, 22.93, 22.80, 23.06, 22.73, 24013.6, 54986357, 0.59, 1.44, 0.24, 655.27892
2017-04-07, 1, wei_ruo, 27.75, 22.56, -1.10, 22.81, 22.80, 22.80, 22.49, 31995.73, 72290403, 0.79, 1.36, 0.31, 622.58697
2017-04-10, 1, wei_ruo, 27.71, 22.20, -1.60, 22.56, 22.58, 22.68, 22.14, 31630.81, 70519481, 0.78, 2.39, 0.31, 625.48709
2017-04-11, 1, wei_ruo, 27.68, 22.32, 0.54, 22.20, 22.12, 22.42, 22.12, 22296.57, 49652066, 0.55, 1.35, 0.22, 588.03201
2017-04-12, 1, wei_ruo, 27.64, 22.00, -1.43, 22.32, 22.32, 22.32, 21.92, 25024.71, 55187511, 0.62, 1.79, 0.25, 662.03904
2017-04-13, 1, wei_ruo, 27.62, 22.10, 0.45, 22.00, 22.02, 22.20, 21.96, 18902.29, 41681738, 0.47, 1.09, 0.19, 669.22092
2017-04-14, 1, wei_ruo, 27.57, 21.65, -2.04, 22.10, 22.00, 22.15, 21.47, 31505.08, 68348611, 0.78, 3.08, 0.31, 677.58512
2017-04-17, 1, wei_ruo, 27.50, 20.66, -4.57, 21.65, 21.42, 21.42, 20.65, 41482.42, 86954661, 1.03, 3.56, 0.41, 683.98094
2017-04-18, 1, wei_ruo, 27.47, 20.61, -0.24, 20.66, 20.65, 21.00, 20.58, 21384.8, 44416607, 0.53, 2.03, 0.21, 695.59193
2017-04-19, 1, wei_ruo, 27.41, 19.88, -3.54, 20.61, 20.60, 20.64, 19.80, 33767.99, 67592419, 0.83, 4.08, 0.33, 605.69811
2017-04-20, 1, wei_ruo, 27.36, 19.84, -0.20, 19.88, 19.97, 20.28, 19.78, 25594.7, 51147870, 0.63, 2.52, 0.25, 705.45602
2017-04-21, 1, wei_ruo, 27.33, 19.88, 0.20, 19.84, 19.83, 20.07, 19.83, 13309.21, 26552406, 0.33, 1.21, 0.13, 738.25598
2017-04-24, 1, wei_ruo, 27.28, 19.11, -3.87, 19.88, 19.88, 19.97, 19.00, 27189.68, 52425441, 0.67, 4.88, 0.27, 673.98286
2017-04-25, 1, wei_ruo, 27.21, 19.50, 2.04, 19.11, 19.19, 20.00, 19.10, 34623.3, 67776650, 0.86, 4.71, 0.34, 655.936
2017-04-26, 1, wei_ruo, 27.19, 19.51, 0.05, 19.50, 19.50, 19.79, 19.43, 13418.43, 26277506, 0.33, 1.85, 0.13, 830.81913
2017-04-27, 1, wei_ruo, 27.14, 19.68, 0.87, 19.51, 19.52, 19.85, 19.15, 24000.49, 46824221, 0.59, 3.59, 0.24, 701.28679
2017-04-28, 1, wei_ruo, 27.11, 20.02, 1.73, 19.68, 19.68, 20.16, 19.68, 21082.83, 42092652, 0.52, 2.44, 0.21, 654.706
2017-05-02, 1, wei_ruo, 27.07, 20.14, 0.60, 20.02, 20.28, 20.28, 19.80, 19765.91, 39712332, 0.49, 2.40, 0.19, 623.6639
2017-05-03, 1, wei_ruo, 27.05, 19.86, -1.39, 20.14, 20.14, 20.14, 19.85, 13921.18, 27730414, 0.34, 1.44, 0.14, 689.44311
2017-05-04, 1, wei_ruo, 27.02, 19.73, -0.65, 19.86, 19.76, 19.95, 19.70, 13799, 27377286, 0.34, 1.26, 0.14, 671.10491
2017-05-05, 1, wei_ruo, 26.99, 19.40, -1.67, 19.73, 19.70, 19.78, 19.30, 17512.39, 34236532, 0.43, 2.43, 0.17, 635.11705
2017-05-11, 1, wei_ruo, 26.75, 17.22, -4.70, 18.07, 17.99, 18.00, 16.61, 51062.8, 87389376, 1.26, 7.69, 0.50, 657.41801
2017-05-12, 1, wei_ruo, 26.68, 17.20, -0.12, 17.22, 17.16, 17.38, 16.95, 27882.49, 47835600, 0.69, 2.50, 0.27, 589.41793
2017-05-15, 1, wei_ruo, 26.64, 17.04, -0.93, 17.20, 17.21, 17.34, 17.02, 16180.4, 27723970, 0.40, 1.86, 0.16, 663.77997
2017-05-17, 1, wei_ruo, 26.48, 17.54, 1.56, 17.27, 17.40, 17.74, 17.14, 35113.75, 61508787, 0.87, 3.47, 0.34, 632.43008
2017-05-18, 1, wei_ruo, 26.44, 17.23, -1.77, 17.54, 17.21, 17.50, 17.21, 16572.81, 28699491, 0.41, 1.65, 0.16, 721.80104
2017-05-19, 1, wei_ruo, 26.40, 17.19, -0.23, 17.23, 17.43, 17.58, 17.08, 19035.69, 32945094, 0.47, 2.90, 0.19, 612.396
2017-05-22, 1, wei_ruo, 26.35, 16.62, -3.32, 17.19, 17.20, 17.25, 16.55, 19176.94, 32346896, 0.47, 4.07, 0.19, 967.15689
2017-05-23, 1, wei_ruo, 26.28, 15.52, -6.62, 16.62, 16.69, 16.84, 15.52, 25864.06, 41595236, 0.64, 7.94, 0.25, 837.69298
2017-05-24, 1, wei_ruo, 26.22, 15.70, 1.16, 15.52, 15.69, 15.86, 15.23, 23736.64, 37053328, 0.59, 4.06, 0.23, 678.32899
2017-05-25, 1, wei_ruo, 26.16, 15.75, 0.32, 15.70, 15.80, 15.85, 15.43, 23808.99, 37365344, 0.59, 2.68, 0.23, 2570.44506
2017-05-26, 1, wei_ruo, 26.12, 15.81, 0.38, 15.75, 15.97, 16.00, 15.73, 16534.92, 26240709, 0.41, 1.71, 0.16, 624.05801
2017-05-31, 1, wei_ruo, 26.06, 15.90, 0.57, 15.81, 15.96, 16.26, 15.90, 24353.52, 39210798, 0.60, 2.28, 0.24, 642.27295
2017-06-01, 1, wei_ruo, 26.00, 15.51, -2.45, 15.90, 15.96, 15.96, 15.51, 20961.14, 32889087, 0.52, 2.83, 0.21, 1487.35189
2017-06-02, 1, wei_ruo, 25.93, 16.06, 3.55, 15.51, 15.49, 16.15, 15.35, 27012.16, 42502951, 0.67, 5.16, 0.27, 667.27591
2017-06-05, 1, wei_ruo, 25.87, 15.97, -0.56, 16.06, 16.18, 16.23, 15.84, 24474.11, 39217949, 0.60, 2.43, 0.24, 2727.99492
2017-06-06, 1, wei_ruo, 25.83, 16.08, 0.69, 15.97, 15.97, 16.34, 15.79, 20135.36, 32446229, 0.50, 3.44, 0.20, 22839.29396
2017-06-07, 1, wei_ruo, 25.72, 16.52, 2.74, 16.08, 16.03, 16.68, 15.96, 43409.69, 70919967, 1.07, 4.48, 0.43, 676.44405
2017-06-08, 1, wei_ruo, 25.66, 16.30, -1.33, 16.52, 16.57, 16.57, 16.25, 26590, 43691874, 0.66, 1.94, 0.26, 656.811
2017-06-09, 1, wei_ruo, 25.62, 16.33, 0.18, 16.30, 16.36, 16.44, 16.19, 19528.18, 31888107, 0.48, 1.53, 0.19, 3023.82302
2017-06-12, 1, wei_ruo, 25.54, 15.82, -3.12, 16.33, 16.32, 16.32, 15.75, 34516.72, 54983279, 0.85, 3.49, 0.34, 668.34402
2017-06-13, 1, wei_ruo, 25.46, 16.22, 2.53, 15.82, 15.71, 16.26, 15.71, 33357.37, 53674937, 0.82, 3.48, 0.33, 610.54611
2017-06-14, 1, wei_ruo, 25.32, 17.84, 9.99, 16.22, 16.28, 17.84, 16.16, 67831.21, 117903166, 1.68, 10.36, 0.67, 1178.53498
2017-06-15, 1, wei_ruo, 25.03, 18.92, 6.05, 17.84, 18.49, 19.46, 18.30, 182586.55, 343909265, 4.51, 6.50, 1.79, 632.15399
2017-06-16, 1, wei_ruo, 24.87, 18.17, -3.96, 18.92, 18.83, 19.00, 18.09, 98161.95, 181716198, 2.43, 4.81, 0.96, 673.85292
2017-06-19, 1, wei_ruo, 24.75, 18.24, 0.39, 18.17, 18.39, 18.80, 18.20, 73896.36, 136460291, 1.83, 3.30, 0.73, 933.2068
2017-06-20, 1, wei_ruo, 24.67, 18.60, 1.97, 18.24, 18.26, 18.75, 18.24, 53647.29, 99368628, 1.33, 2.80, 0.53, 630.50199
2017-06-21, 1, wei_ruo, 24.60, 18.30, -1.61, 18.60, 18.50, 18.50, 18.01, 43555.01, 79317810, 1.08, 2.63, 0.43, 801.60594
2017-06-22, 1, wei_ruo, 24.51, 18.34, 0.22, 18.30, 18.29, 18.96, 18.25, 62985.43, 117313300, 1.56, 3.88, 0.62, 664.35599
2017-06-23, 1, wei_ruo, 24.45, 18.65, 1.69, 18.34, 18.27, 18.65, 18.10, 34729.47, 63786779, 0.86, 3.00, 0.34, 1367.50603
2017-06-26, 2, qing_du, 24.38, 18.90, 1.34, 18.65, 18.77, 19.20, 18.76, 55306.53, 104644286, 1.37, 2.36, 0.54, 3591.03703
2017-06-27, 2, qing_du, 24.32, 18.78, -0.63, 18.90, 18.80, 18.95, 18.57, 41755.58, 78245200, 1.03, 2.01, 0.41, 642.89689
2017-06-28, 3, zhong_du, 24.29, 18.54, -1.28, 18.78, 18.61, 18.77, 18.48, 21127.74, 39324582, 0.52, 1.54, 0.21, 687.87694
2017-06-29, 3, zhong_du, 24.24, 18.80, 1.40, 18.54, 18.50, 18.90, 18.45, 38279.95, 71429718, 0.95, 2.43, 0.38, 3645.97702
2017-06-30, 3, zhong_du, 24.20, 18.60, -1.06, 18.80, 18.61, 18.80, 18.38, 26213.66, 48745821, 0.65, 2.23, 0.26, 630.51987
2017-07-03, 3, zhong_du, 24.15, 18.74, 0.75, 18.60, 18.62, 18.75, 18.30, 36927.61, 68476281, 0.91, 2.42, 0.36, 613.85512
2017-07-04, 3, zhong_du, 24.04, 19.85, 5.92, 18.74, 18.55, 19.99, 18.50, 98259.04, 189724307, 2.43, 7.95, 0.97, 802.34313
2017-07-05, 4, gao_du, 23.98, 19.64, -1.06, 19.85, 19.84, 19.94, 19.50, 52326.98, 102927835, 1.29, 2.22, 0.51, 737.4351
2017-07-06, 4, gao_du, 23.90, 20.02, 1.93, 19.64, 19.56, 20.45, 19.35, 78534.44, 157469959, 1.94, 5.60, 0.77, 764.03594
2017-07-07, 4, gao_du, 23.86, 20.13, 0.55, 20.02, 19.96, 20.40, 19.91, 46500.84, 93601076, 1.15, 2.45, 0.46, 668.83707
2017-07-10, 4, gao_du, 23.83, 19.84, -1.44, 20.13, 20.00, 20.29, 19.63, 30817.95, 61397641, 0.76, 3.28, 0.30, 644.97495
2017-07-11, 4, gao_du, 23.79, 19.45, -1.97, 19.84, 19.76, 20.00, 19.41, 36007.22, 70790023, 0.89, 2.97, 0.35, 1041.152
2017-07-12, 4, gao_du, 23.71, 18.41, -5.35, 19.45, 19.23, 19.23, 18.02, 64238.3, 118833326, 1.59, 6.22, 0.63, 674.85809
2017-07-13, 4, gao_du, 23.67, 18.29, -0.65, 18.41, 18.46, 18.59, 18.05, 25515.85, 46842913, 0.63, 2.93, 0.25, 768.10718
2017-07-14, 3, zhong_du, --, 17.76, -2.90, 18.29, 18.24, 18.40, 17.50, 36931.12, 66029963, 0.91, 4.92, 0.36, 676.56088
2017-07-17, 3, zhong_du, --, 16.50, -7.09, 17.76, 17.61, 17.76, 16.50, 43973.78, 74273706, 1.09, 7.09, 0.43, 773.97585
2017-07-18, 2, qing_du, 23.49, 17.18, 4.12, 16.50, 16.48, 17.28, 16.03, 36511.53, 61058947, 0.90, 7.58, 0.36, 1651.26801
2017-07-19, 2, qing_du, --, 17.30, 0.70, 17.18, 17.08, 17.39, 16.90, 19787.02, 34038883, 0.49, 2.85, 0.19, 618.73603
2017-07-20, 2, qing_du, --, 17.20, -0.58, 17.30, 17.29, 17.59, 17.18, 23724.23, 41209110, 0.59, 2.37, 0.23, 612.02312
2017-07-21, 2, qing_du, --, 17.12, -0.47, 17.20, 17.08, 17.32, 17.02, 17565, 30150818, 0.43, 1.74, 0.17, 477.77319
2017-07-24, 2, qing_du, 23.35, 16.96, -0.93, 17.12, 17.10, 17.18, 16.71, 25640.98, 43384724, 0.63, 2.75, 0.25, 1346.89593
2017-07-25, 2, qing_du, --, 17.75, 4.66, 16.96, 16.82, 18.38, 16.82, 53447.05, 94993727, 1.32, 9.20, 0.52, 888.13496
2017-07-26, 2, qing_du, --, 17.41, -1.92, 17.75, 17.85, 17.85, 17.14, 36931.28, 64613851, 0.91, 4.00, 0.36, 661.97515
2017-07-27, 2, qing_du, 23.19, 17.71, 1.72, 17.41, 17.40, 17.80, 17.24, 27496.67, 48346688, 0.68, 3.22, 0.27, 768.85104
2017-07-28, 2, qing_du, 23.16, 17.64, -0.40, 17.71, 17.74, 17.89, 17.51, 22148.09, 39017179, 0.55, 2.15, 0.22, 737.61892
2017-07-31, 2, qing_du, 23.11, 17.36, -1.59, 17.64, 17.64, 17.87, 17.19, 31023.34, 54400731, 0.77, 3.85, 0.30, 816.33687
2017-08-01, 2, qing_du, 23.07, 17.12, -1.38, 17.36, 17.38, 17.54, 17.00, 27428.19, 47309256, 0.68, 3.11, 0.27, 750.23413
2017-08-02, 2, qing_du, 23.04, 16.88, -1.40, 17.12, 17.02, 17.25, 16.85, 22263.52, 37901537, 0.55, 2.34, 0.22, 632.19905
2017-08-03, 1, wei_ruo, 22.98, 16.81, -0.41, 16.88, 16.80, 16.85, 16.43, 37848.46, 62859959, 0.94, 2.49, 0.37, 745.28599
2017-08-04, 1, wei_ruo, 22.93, 16.44, -2.20, 16.81, 16.80, 16.82, 16.40, 28704.73, 47514386, 0.71, 2.50, 0.28, 712.12101
2017-08-07, 1, wei_ruo, 22.90, 16.54, 0.61, 16.44, 16.58, 16.62, 16.38, 23036.96, 37917152, 0.57, 1.46, 0.23, 620.55993
2017-08-08, 1, wei_ruo, 22.87, 16.39, -0.91, 16.54, 16.52, 16.61, 16.28, 20010.67, 32786392, 0.49, 2.00, 0.20, 763.15188
2017-08-09, 1, wei_ruo, 22.82, 16.70, 1.89, 16.39, 16.40, 16.86, 16.40, 31248.42, 52016076, 0.77, 2.81, 0.31, 578.78709
2017-08-10, 1, wei_ruo, 22.78, 16.52, -1.08, 16.70, 16.70, 16.78, 16.42, 21340.03, 35341789, 0.53, 2.16, 0.21, 823.68803
2017-08-11, 1, wei_ruo, 22.75, 16.45, -0.42, 16.52, 16.52, 16.65, 16.24, 22310, 36661797, 0.55, 2.48, 0.22, 750.37503
2017-08-14, 1, wei_ruo, 22.72, 16.61, 0.97, 16.45, 16.35, 16.66, 16.32, 21731.02, 35953192, 0.54, 2.07, 0.21, 1890.75279
2017-08-15, 1, wei_ruo, 22.69, 16.69, 0.48, 16.61, 16.68, 16.74, 16.58, 18530.06, 30875767, 0.46, 0.96, 0.18, 942.92402
2017-08-16, 1, wei_ruo, 22.56, 18.36, 10.01, 16.69, 16.69, 18.36, 16.60, 107429.9, 191286313, 2.66, 10.55, 1.06, 985.99911
2017-08-17, 1, wei_ruo, 22.44, 18.41, 0.27, 18.36, 18.05, 18.82, 17.83, 111914.83, 204876145, 2.77, 5.39, 1.10, 5647.94493
2017-08-18, 1, wei_ruo, 22.36, 18.57, 0.87, 18.41, 18.20, 18.99, 18.18, 84928.13, 158210152, 2.10, 4.40, 0.83, 662.88185
2017-08-21, 2, qing_du, 22.31, 18.50, -0.38, 18.57, 18.35, 18.97, 18.35, 58476.38, 108761388, 1.45, 3.34, 0.57, 914.76893
2017-08-22, 2, qing_du, 22.26, 18.15, -1.89, 18.50, 18.36, 18.45, 18.03, 48001.82, 87162158, 1.19, 2.27, 0.47, 572.03007
2017-08-23, 2, qing_du, 22.23, 17.83, -1.76, 18.15, 18.18, 18.20, 17.83, 30560.97, 54840406, 0.76, 2.04, 0.30, 814.32891
2017-08-24, 1, wei_ruo, 22.19, 17.90, 0.39, 17.83, 17.86, 18.25, 17.80, 31135.16, 55964741, 0.77, 2.52, 0.31, 623.96002
2017-08-25, 1, wei_ruo, 22.17, 18.15, 1.40, 17.90, 17.90, 18.20, 17.88, 25045.82, 45314566, 0.62, 1.79, 0.25, 708.26602
2017-08-28, 1, wei_ruo, 22.13, 18.18, 0.17, 18.15, 18.12, 18.38, 18.00, 37505, 68192809, 0.93, 2.09, 0.37, 800.52185
2017-08-29, 1, wei_ruo, 22.09, 17.83, -1.93, 18.18, 18.24, 18.26, 17.78, 36323.78, 65405985, 0.90, 2.64, 0.36, 543.74695
2017-08-30, 2, qing_du, 22.04, 18.36, 2.97, 17.83, 17.81, 18.48, 17.80, 60474.76, 110301797, 1.49, 3.81, 0.59, 682.49297
2017-08-31, 2, qing_du, 22.00, 18.17, -1.03, 18.36, 18.30, 18.60, 18.01, 27577.63, 50318853, 0.68, 3.21, 0.54, 749.57299
2017-09-01, 3, zhong_du, 21.97, 18.17, -1.03, 18.36, 18.30, 18.60, 18.01, 27577.63, 50318853, 0.68, 3.21, 0.54, 1120.94903
2017-09-04, 3, zhong_du, 21.91, 18.59, 1.97, 18.23, 18.28, 18.69, 18.21, 64656.64, 119481596, 1.60, 2.63, 0.64, 689.86702
2017-09-05, 3, zhong_du, 21.83, 19.55, 5.16, 18.59, 18.53, 20.38, 18.53, 140278.73, 273842775, 3.47, 9.95, 1.38, 542.01603
2017-09-06, 3, zhong_du, 21.76, 18.17, -1.03, 18.36, 18.30, 18.60, 18.01, 27577.63, 50318853, 0.68, 3.21, 0.54, 1252.36797
2017-09-07, 3, zhong_du, 21.72, 18.17, -1.03, 18.36, 18.30, 18.60, 18.01, 27577.63, 50318853, 0.68, 3.21, 0.54, 2755.17797
2017-09-08, 4, gao_du, 21.71, 18.17, -1.03, 18.36, 18.30, 18.60, 18.01, 27577.63, 50318853, 0.68, 3.21, 0.54, 640.0311
2017-09-11, 4, gao_du, 21.69, 21.18, -0.66, 21.32, 21.00, 21.28, 20.52, 122263.6, 254385818, 3.02, 3.56, 1.20, 754.27485
2017-09-12, 4, gao_du, 21.67, 21.30, 0.57, 21.18, 20.88, 21.75, 20.63, 168347.04, 357754163, 4.16, 5.29, 1.65, 629.63605
2017-09-13, 4, gao_du, 21.68, 22.25, 4.46, 21.30, 21.18, 22.46, 20.97, 198635.13, 434153349, 4.91, 7.00, 1.95, 630.31387
2017-09-14, 5, qiang_lie, 21.69, 21.56, -3.10, 22.25, 22.08, 22.69, 21.50, 164772.19, 362391545, 4.07, 5.35, 1.62, 724.72906
2017-09-15, 5, qiang_lie, 21.68, 21.32, -1.11, 21.56, 21.54, 21.98, 20.87, 121245.93, 259516752, 3.00, 5.15, 1.19, 926.98503
2017-09-18, 4, gao_du, 21.67, 21.40, 0.38, 21.32, 21.39, 21.50, 20.87, 69238.94, 146785641, 1.71, 2.95, 0.68, 686.60498
2017-09-19, 4, gao_du, 21.67, 21.28, -0.56, 21.40, 21.27, 21.64, 21.07, 80577.31, 171844497, 1.99, 2.66, 0.79, 1354.68984
2017-09-20, 4, gao_du, 21.66, 21.04, -1.13, 21.28, 21.38, 21.38, 20.85, 50058.53, 105437622, 1.24, 2.49, 0.49, 1020.95604
2017-09-21, 4, gao_du, 21.64, 20.72, -1.52, 21.04, 21.15, 21.55, 20.72, 100603.12, 213185732, 2.49, 3.94, 0.99, 669.17801
2017-09-22, 4, gao_du, 21.62, 20.36, -1.74, 20.72, 20.46, 20.68, 20.19, 80972.6, 165198966, 2.00, 2.36, 0.80, 654.20699
2017-09-25, 3, zhong_du, 21.58, 18.32, -10.02, 20.36, 19.00, 19.85, 18.32, 59617, 110166458, 1.47, 7.51, 0.59, 1458.69017
2017-09-26, 3, zhong_du, 21.45, 17.51, -4.42, 18.32, 16.89, 17.73, 16.88, 118483.59, 206168365, 2.93, 4.64, 1.16, 637.79879
2017-09-27, 2, qing_du, 21.40, 17.40, -0.63, 17.51, 17.25, 17.59, 17.21, 53556.84, 93318687, 1.32, 2.17, 0.53, 618.57295
2017-09-28, 1, wei_ruo, 21.27, 16.50, -5.17, 17.40, 17.30, 17.52, 16.45, 111974.91, 188918612, 2.77, 6.15, 1.10, 610.91113
2017-09-29, 1, wei_ruo, 21.20, 16.55, 0.30, 16.50, 16.68, 16.90, 16.42, 63041.36, 104559048, 1.56, 2.91, 0.62, 686.48911
2017-10-10, 1, wei_ruo, 21.12, 17.55, 4.09, 16.86, 16.95, 17.64, 16.80, 65860.04, 113139571, 1.63, 4.98, 0.65, 946.57898
2017-10-12, 1, wei_ruo, 21.00, 17.30, 0.29, 17.25, 17.31, 17.59, 17.16, 45786.4, 79599055, 1.13, 2.49, 0.45, 689.87489
2017-10-13, 1, wei_ruo, 20.97, 17.41, 0.64, 17.30, 17.39, 17.59, 17.26, 37181.4, 64784791, 0.92, 1.91, 0.37, 741.71209
2017-10-16, 1, wei_ruo, 20.89, 16.68, -4.19, 17.41, 17.16, 17.16, 16.53, 75585.58, 126446467, 1.87, 3.62, 0.74, 762.24399
2017-10-17, 1, wei_ruo, 20.86, 16.80, 0.72, 16.68, 16.59, 16.87, 16.49, 30524.28, 50751732, 0.75, 2.28, 0.30, 562.90579
2017-10-18, 1, wei_ruo, 20.61, 16.01, -3.79, 16.64, 16.68, 16.68, 15.86, 46497, 75962507, 1.15, 4.93, 0.46, 682.07598
2017-10-19, 1, wei_ruo, 20.57, 16.10, 0.56, 16.01, 15.85, 16.30, 15.85, 38867.2, 62497382, 0.96, 2.81, 0.38, 2633.01492
2017-10-20, 1, wei_ruo, 20.53, 16.53, 2.67, 16.10, 16.13, 16.55, 16.13, 35617.19, 58460318, 0.88, 2.61, 0.35, 2557.39594
2017-10-23, 1, wei_ruo, 20.50, 16.56, 0.18, 16.53, 16.58, 16.68, 16.34, 30129.34, 49552220, 0.74, 2.06, 0.30, 699.9321
2017-10-24, 1, wei_ruo, 20.48, 16.35, -1.27, 16.56, 16.51, 16.51, 16.20, 21181, 34594917, 0.52, 1.87, 0.21, 755.55515
2017-10-25, 1, wei_ruo, 20.45, 16.65, 1.83, 16.35, 16.35, 16.70, 16.30, 35320.92, 58343872, 0.87, 2.45, 0.35, 760.33807
2017-10-26, 1, wei_ruo, 20.41, 16.66, 0.06, 16.65, 16.54, 16.87, 16.51, 43937.11, 73433680, 1.09, 2.16, 0.43, 626.58286
2017-10-27, 1, wei_ruo, 20.38, 16.46, -1.20, 16.66, 16.70, 16.78, 16.40, 22969.02, 38101328, 0.57, 2.28, 0.23, 692.70897
2017-10-30, 1, wei_ruo, 20.33, 15.65, -4.92, 16.46, 16.36, 16.37, 15.54, 49396.39, 78207025, 1.22, 5.04, 0.49, 909.68394
2017-10-31, 1, wei_ruo, 20.30, 15.68, 0.19, 15.65, 15.75, 15.84, 15.64, 27719.24, 43535501, 0.69, 1.28, 0.27, 798.59304
2017-11-01, 1, wei_ruo, 20.27, 15.65, -0.19, 15.68, 15.74, 15.97, 15.64, 22495.21, 35529311, 0.56, 2.10, 0.22, 652.54903
2017-11-02, 1, wei_ruo, 20.20, 14.89, -4.86, 15.65, 15.63, 15.68, 14.83, 54087.56, 82007090, 1.34, 5.43, 0.53, 730.71098
2017-11-03, 1, wei_ruo, 20.16, 14.73, -1.07, 14.89, 14.91, 15.08, 14.68, 31537.17, 46886941, 0.78, 2.69, 0.31, 848.73295
2017-11-06, 1, wei_ruo, 20.12, 15.14, 2.78, 14.73, 14.71, 15.18, 14.71, 31982.61, 47908414, 0.79, 3.19, 0.31, 121318.892
2017-11-07, 1, wei_ruo, 20.08, 15.00, -0.92, 15.14, 15.15, 15.15, 14.85, 30446.94, 45600518, 0.75, 1.98, 0.30, 181105.04794
2017-11-08, 1, wei_ruo, 20.04, 14.99, -0.99, 15.14, 15.15, 15.15, 14.85, 18939.6, 28369228, 0.47, 1.98, 0.37, 1138.51905
2017-11-10, 1, wei_ruo, 19.97, 14.90, -1.32, 15.10, 15.05, 15.16, 14.80, 29515.33, 44106248, 0.73, 2.38, 0.96, 823.09604
2017-11-13, 1, wei_ruo, 19.92, 14.67, -1.54, 14.90, 14.88, 15.15, 14.63, 36720.27, 54696420, 0.91, 3.49, 1.21, 664.45804
2017-11-14, 1, wei_ruo, 19.81, 13.93, -5.04, 14.67, 14.70, 14.73, 13.82, 81828.62, 115035876, 2.02, 6.20, 2.61, 849.34092
2017-11-15, 1, wei_ruo, 19.75, 13.89, -0.29, 13.93, 14.00, 14.04, 13.71, 36205.49, 50319659, 0.89, 2.37, 0.87, 744.28797
2017-11-16, 1, wei_ruo, 19.67, 13.31, -4.18, 13.89, 13.81, 13.96, 13.26, 52611.25, 71196502, 1.30, 5.04, 1.25, 1068.93301
2017-11-17, 1, wei_ruo, 19.56, 12.28, -7.74, 13.31, 13.36, 13.37, 12.21, 65694.81, 83784622, 1.62, 8.72, 1.39, 741.80913
2017-11-20, 1, wei_ruo, 19.49, 12.56, 2.28, 12.28, 12.28, 12.65, 12.20, 40420.38, 50395148, 1.00, 3.66, 0.74, 834.74708
2017-11-21, 1, wei_ruo, 19.43, 12.63, 0.56, 12.56, 12.62, 12.71, 12.38, 33827.17, 42423065, 0.84, 2.63, 0.61, 1049.66998
2017-11-22, 1, wei_ruo, 19.37, 12.85, 1.74, 12.63, 12.70, 13.02, 12.53, 34761.1, 44570163, 0.86, 3.88, 0.76, 759.49407
2017-11-23, 1, wei_ruo, 19.31, 12.43, -3.27, 12.85, 12.90, 12.90, 12.30, 34484.68, 43449438, 0.85, 4.67, 0.76, 766.45613
2017-11-24, 1, wei_ruo, 19.26, 12.58, 1.21, 12.43, 12.40, 12.65, 12.33, 32690.88, 40864432, 0.81, 2.57, 0.78, 986.34601
2017-11-27, 1, wei_ruo, 19.22, 12.45, -1.03, 12.58, 12.71, 12.77, 12.39, 24131.17, 30408278, 0.60, 3.02, 0.68, 712.08692
2017-11-28, 1, wei_ruo, 19.13, 13.08, 5.06, 12.45, 12.45, 13.25, 12.31, 59204.9, 76115736, 1.46, 7.55, 1.85, 671.30303
2017-11-29, 1, wei_ruo, 19.07, 12.90, -1.38, 13.08, 13.07, 13.07, 12.69, 38671.92, 49642751, 0.96, 2.91, 1.04, 631.33979
2017-11-30, 1, wei_ruo, 19.03, 12.71, -1.47, 12.90, 12.80, 12.88, 12.63, 25261.9, 32202088, 0.62, 1.94, 0.67, 771.40784
2017-12-01, 1, wei_ruo, 18.99, 12.87, 1.26, 12.71, 12.71, 12.92, 12.65, 23382.91, 29994429, 0.58, 2.12, 0.65, 621.72079
2017-12-04, 1, wei_ruo, 18.95, 12.46, -3.19, 12.87, 12.93, 12.96, 12.40, 27605, 34975640, 0.68, 4.35, 0.81, 740.46588
2017-12-05, 1, wei_ruo, 18.90, 12.03, -3.45, 12.46, 12.51, 12.66, 11.92, 29378.57, 36072658, 0.73, 5.94, 0.84, 756.28495
2017-12-06, 1, wei_ruo, 18.83, 12.67, 5.32, 12.03, 12.03, 12.78, 12.02, 42694.73, 53583220, 1.06, 6.32, 1.48, 720.64495
2017-12-07, 1, wei_ruo, 18.73, 13.07, 3.16, 12.67, 12.66, 13.53, 12.56, 70916.86, 93550427, 1.75, 7.66, 2.39, 613.72399
2017-12-08, 1, wei_ruo, 18.67, 13.12, 0.38, 13.07, 13.25, 13.34, 12.80, 46351.95, 60711678, 1.15, 4.13, 1.19, 624.65882
2017-12-11, 1, wei_ruo, 18.54, 14.02, 6.86, 13.12, 13.10, 14.40, 12.91, 102239.84, 139932224, 2.53, 11.36, 2.36, 908.90598
2017-12-12, 1, wei_ruo, 18.47, 13.68, -2.43, 14.02, 14.04, 14.04, 13.63, 59240.03, 81634185, 1.46, 2.92, 1.02, 672.83702
2017-12-13, 1, wei_ruo, 18.41, 13.70, 0.15, 13.68, 13.69, 14.08, 13.53, 50660.84, 69918708, 1.25, 4.02, 0.79, 632.45511
2017-12-14, 1, wei_ruo, 18.37, 13.68, -0.15, 13.70, 13.52, 13.79, 13.45, 39338.43, 53526854, 0.97, 2.48, 0.60, 1205.88493
2017-12-15, 1, wei_ruo, 18.33, 13.34, -2.49, 13.68, 13.57, 13.68, 13.28, 30375, 40800795, 0.75, 2.92, 0.51, 755.67603
2017-12-18, 1, wei_ruo, 18.29, 13.26, -0.60, 13.34, 13.37, 13.42, 13.00, 33251.02, 43695973, 0.82, 3.15, 0.59, 626.35183
2017-12-19, 1, wei_ruo, 18.25, 13.37, 0.83, 13.26, 13.27, 13.56, 13.21, 32024.4, 42979979, 0.79, 2.64, 0.75, 842.25798
2017-12-20, 1, wei_ruo, 18.21, 13.43, 0.45, 13.37, 13.42, 13.46, 13.08, 35093.22, 46497129, 0.87, 2.84, 0.95, 606.05502
2017-12-21, 1, wei_ruo, 18.14, 13.66, 1.71, 13.43, 13.34, 13.76, 13.31, 54534.02, 74038216, 1.35, 3.35, 1.60, 614.46905
2017-12-22, 1, wei_ruo, 18.09, 13.74, 0.59, 13.66, 13.66, 13.98, 13.58, 45359.58, 62581367, 1.12, 2.93, 1.22, 618.02697
2017-12-25, 1, wei_ruo, 18.06, 13.27, -3.42, 13.74, 13.70, 13.70, 13.23, 31663.42, 42387238, 0.78, 3.42, 0.79, 727.23103
2017-12-26, 1, wei_ruo, 18.04, 13.39, 0.90, 13.27, 13.27, 13.41, 13.25, 16889.5, 22510555, 0.42, 1.21, 0.43, 445.43815
2017-12-27, 1, wei_ruo, 18.01, 13.13, -1.94, 13.39, 13.38, 13.38, 13.13, 21741, 28743815, 0.54, 1.87, 0.59, 534.16681
2017-12-29, 1, wei_ruo, 17.96, 13.31, 0.60, 13.23, 13.16, 13.33, 13.13, 24048.84, 31901733, 0.59, 1.51, 1.09, 592.2792
2018-01-03, 1, wei_ruo, 17.89, 13.66, 2.63, 13.31, 13.25, 13.94, 13.22, 40545.93, 54855923, 1.00, 5.41, 1.97, 1421.22197
2018-01-04, 1, wei_ruo, 17.86, 13.50, -1.17, 13.66, 13.66, 13.77, 13.41, 35202.01, 47940825, 0.87, 2.64, 1.39, 609.41386
2018-01-05, 2, qing_du, 17.81, 13.87, 2.74, 13.50, 13.60, 13.87, 13.40, 49116.57, 67419248, 1.21, 3.48, 1.75, 667.50598
2018-01-08, 2, qing_du, 17.78, 13.76, -0.79, 13.87, 13.79, 13.84, 13.61, 29506.02, 40398407, 0.73, 1.66, 0.89, 720.53695
2018-01-09, 3, zhong_du, 17.75, 13.61, -1.09, 13.76, 13.77, 13.93, 13.60, 28980.15, 39805119, 0.72, 2.40, 0.81, 604.35009
2018-01-10, 3, zhong_du, 17.71, 13.35, -1.91, 13.61, 13.55, 13.61, 13.11, 34383.2, 45814153, 0.85, 3.67, 0.94, 557.48701
2018-01-11, 2, qing_du, 17.68, 13.43, 0.60, 13.35, 13.24, 13.47, 13.12, 23866.3, 31744143, 0.59, 2.62, 0.67, 654.70195
2018-01-12, 2, qing_du, 17.65, 13.10, -2.46, 13.43, 13.25, 13.38, 13.10, 26621.97, 35175803, 0.66, 2.08, 0.80, 702.35705
2018-01-15, 2, qing_du, 17.61, 12.67, -3.28, 13.10, 13.04, 13.04, 12.52, 36947.64, 46917678, 0.91, 3.97, 1.29, 564.3971
2018-01-16, 1, wei_ruo, 17.58, 12.41, -2.05, 12.67, 12.53, 12.62, 12.37, 26314.72, 32703384, 0.65, 1.97, 0.87, 798.81287
2018-01-17, 1, wei_ruo, 17.51, 12.12, -2.34, 12.41, 12.32, 12.42, 12.08, 49179.33, 59828274, 1.22, 2.74, 1.66, 715.50989
2018-01-18, 1, wei_ruo, 17.48, 12.28, 1.32, 12.12, 12.12, 12.37, 12.12, 26941.69, 33128801, 0.67, 2.06, 0.84, 611.49597
2018-01-19, 1, wei_ruo, 17.45, 12.38, 0.81, 12.28, 12.32, 12.60, 12.30, 22114.28, 27556061, 0.55, 2.44, 0.67, 1510.83112
2018-01-22, 1, wei_ruo, 17.41, 12.44, 0.48, 12.38, 12.32, 12.66, 12.04, 26186.4, 32354679, 0.65, 5.01, 0.81, 666.42904
2018-01-23, 1, wei_ruo, 17.39, 12.37, -0.56, 12.44, 12.44, 12.57, 12.16, 19190.39, 23785617, 0.47, 3.30, 0.64, 795.94302
2018-01-24, 1, wei_ruo, 17.35, 12.67, 2.43, 12.37, 12.42, 12.94, 12.26, 32859.4, 41433882, 0.81, 5.50, 1.14, 569.07105
2018-01-25, 1, wei_ruo, 17.32, 12.63, -0.32, 12.67, 12.58, 12.81, 12.51, 23977.9, 30408345, 0.59, 2.37, 0.94, 943.86196
2018-01-26, 1, wei_ruo, 17.30, 12.47, -1.27, 12.63, 12.44, 12.58, 12.26, 18193.16, 22660149, 0.45, 2.53, 0.73, 612.60009
2018-01-29, 1, wei_ruo, 17.27, 12.10, -2.97, 12.47, 12.47, 12.47, 12.06, 27169.63, 33196531, 0.67, 3.29, 1.13, 824.76807
2018-01-30, 1, wei_ruo, 17.24, 12.15, 0.41, 12.10, 12.10, 12.24, 12.04, 22909.72, 27792689, 0.57, 1.65, 0.94, 543.88094
2018-01-31, 1, wei_ruo, 17.19, 11.70, -3.70, 12.15, 12.15, 12.15, 11.60, 36349.02, 43025056, 0.90, 4.53, 1.45, 817.04497
2018-02-01, 1, wei_ruo, 17.12, 10.78, -7.86, 11.70, 11.70, 12.10, 10.53, 46560.01, 52330275, 1.15, 13.42, 1.81, 624.89295
2018-02-02, 1, wei_ruo, 17.08, 10.59, -1.76, 10.78, 10.74, 10.77, 10.37, 24351.28, 25800438, 0.60, 3.71, 0.81, 664.84404
2018-02-05, 1, wei_ruo, 17.05, 10.60, 0.09, 10.59, 10.51, 10.95, 10.50, 19430.16, 20846925, 0.48, 4.25, 0.62, 932.96194
2018-02-06, 1, wei_ruo, 17.00, 10.03, -5.38, 10.60, 10.44, 10.69, 10.00, 27217.01, 28281836, 0.67, 6.51, 0.91, 2659.66702
2018-02-07, 1, wei_ruo, 16.96, 10.28, 2.49, 10.03, 10.26, 10.39, 10.00, 25574.71, 26164108, 0.63, 3.89, 0.83, 929.27217
2018-02-08, 1, wei_ruo, 16.93, 10.39, 1.07, 10.28, 10.25, 10.41, 10.16, 20200.25, 20880116, 0.50, 2.43, 0.82, 802.32
2018-02-09, 1, wei_ruo, 16.87, 10.10, -2.79, 10.39, 10.20, 10.20, 9.81, 32160.86, 32224107, 0.79, 3.75, 1.37, 647.69483
2018-02-12, 1, wei_ruo, 16.83, 10.26, 1.58, 10.10, 10.44, 10.44, 10.18, 24251.75, 24945209, 0.60, 2.57, 0.93, 121020.81394
2018-02-13, 1, wei_ruo, 16.80, 10.10, -1.56, 10.26, 10.25, 10.35, 10.06, 21443.31, 21903171, 0.53, 2.83, 0.78, 630.60117
2018-02-14, 1, wei_ruo, 16.78, 10.06, -0.40, 10.10, 10.08, 10.15, 9.99, 12442.45, 12498648, 0.31, 1.58, 0.54, 2722.10383
