2015-08-20, 4, gao_du, 33.35, 30.00, -9.80, 33.26, 32.69, 33.12, 30.00, 257452.51, 814662154, 2.25, 9.38, 0.64, 816.52689
2015-08-21, 3, zhong_du, 33.24, 30.92, 3.07, 30.00, 29.96, 33.00, 29.01, 524509.68, 1672319451, 4.58, 13.30, 1.45, 997.61891
2015-08-24, 3, zhong_du, 33.10, 27.83, -9.99, 30.92, 29.80, 30.80, 27.83, 366294.39, 1045818824, 3.20, 9.61, 0.93, 2988.11698
2015-08-25, 3, zhong_du, 32.97, 25.05, -9.99, 27.83, 25.05, 26.00, 25.05, 196831.99, 494189425, 1.72, 3.41, 0.51, 1139.65297
2015-08-26, 3, zhong_du, 32.58, 22.55, -9.98, 25.05, 25.00, 25.76, 22.55, 469517.21, 1112281832, 4.10, 12.81, 1.38, 1128.1569
2015-08-27, 2, qing_du, 32.16, 24.81, 10.02, 22.55, 22.71, 24.81, 21.10, 538378.21, 1275123054, 4.70, 16.45, 1.48, 1180.21083
2015-08-28, 2, qing_du, 31.95, 27.29, 10.00, 24.81, 26.00, 27.29, 25.50, 446841.01, 1197455804, 3.90, 7.21, 1.07, 958.529
2015-08-31, 2, qing_du, 31.79, 30.02, 10.00, 27.29, 28.80, 30.02, 27.77, 670013.92, 1934865927, 5.85, 8.24, 1.66, 1064.7471
2015-09-01, 2, qing_du, 31.61, 27.66, -7.86, 30.02, 29.00, 29.79, 27.02, 578379.55, 1605772331, 5.05, 9.23, 1.25, 1249.62187
2015-09-02, 2, qing_du, 31.46, 24.89, -10.01, 27.66, 25.43, 28.68, 24.89, 310682.35, 808545928, 2.71, 13.70, 0.57, 3242.25187
2015-09-02, 2, qing_du, 31.46, 24.89, -10.01, 27.66, 25.43, 28.68, 24.89, 310682.35, 808545928, 2.71, 13.70, 0.57, 2839.86712
2015-09-02, 2, qing_du, 31.46, 24.89, -10.01, 27.66, 25.43, 28.68, 24.89, 310682.35, 808545928, 2.71, 13.70, 0.57, 993.77298
2015-09-07, 2, qing_du, 31.17, 22.40, -10.00, 24.89, 25.00, 26.98, 22.40, 439805.77, 1068967395, 3.84, 18.40, 0.86, 3021.20805
2015-09-08, 1, wei_ruo, 30.84, 22.88, 2.14, 22.40, 21.11, 23.39, 20.16, 422026.88, 887280862, 3.68, 14.42, 0.86, 1096.07196
2015-09-09, 1, wei_ruo, 30.50, 23.65, 3.37, 22.88, 22.34, 24.50, 22.30, 519607.45, 1212130939, 4.54, 9.62, 1.07, 1044.79194
2015-09-10, 1, wei_ruo, 30.27, 23.90, 1.06, 23.65, 22.90, 25.00, 22.58, 407227.48, 981415644, 3.55, 10.23, 0.90, 1028.92995
2015-09-11, 1, wei_ruo, 30.09, 23.13, -3.22, 23.90, 23.44, 24.16, 22.48, 285066.22, 661639787, 2.49, 7.03, 0.68, 1146.96598
2015-09-14, 1, wei_ruo, 29.86, 20.85, -9.86, 23.13, 23.82, 23.99, 20.82, 327119.9, 727404226, 2.86, 13.71, 0.79, 1003.85785
2015-09-15, 1, wei_ruo, 29.60, 18.77, -9.98, 20.85, 20.05, 20.39, 18.77, 279906.03, 540647002, 2.44, 7.77, 0.71, 1117.13099
2015-09-16, 1, wei_ruo, 29.35, 20.65, 10.02, 18.77, 18.90, 20.65, 18.45, 299835.77, 582806509, 2.62, 11.72, 0.82, 1250.9079
2015-09-17, 1, wei_ruo, 29.05, 20.01, -3.10, 20.65, 20.99, 22.22, 20.00, 397422.81, 848179780, 3.47, 10.75, 1.24, 1200.39797
2015-09-18, 1, wei_ruo, 28.85, 20.78, 3.85, 20.01, 20.32, 21.14, 19.70, 263626.38, 538963064, 2.30, 7.20, 0.83, 1046.44799
2015-09-21, 1, wei_ruo, 28.63, 22.80, 9.72, 20.78, 20.70, 22.80, 20.40, 374827.6, 823944354, 3.27, 11.55, 1.20, 975.29912
2015-09-22, 1, wei_ruo, 28.43, 22.41, -1.71, 22.80, 23.08, 23.52, 21.86, 380793.26, 863105017, 3.32, 7.28, 1.18, 1185.14919
2015-09-23, 1, wei_ruo, 28.29, 22.05, -1.61, 22.41, 21.60, 22.75, 21.50, 246103.45, 544014595, 2.15, 5.58, 0.72, 1071.39397
2015-09-24, 1, wei_ruo, 28.16, 22.88, 3.76, 22.05, 22.48, 23.21, 22.28, 281943.79, 643806075, 2.46, 4.22, 0.85, 1110.51202
2015-09-25, 1, wei_ruo, 28.01, 21.15, -7.56, 22.88, 22.62, 23.00, 20.59, 251514.06, 550944785, 2.20, 10.53, 0.81, 2976.56393
2015-09-28, 1, wei_ruo, 27.93, 21.51, 1.70, 21.15, 21.30, 21.68, 20.50, 132825.43, 281477813, 1.16, 5.58, 0.43, 1022.4781
2015-09-29, 1, wei_ruo, 27.86, 20.54, -4.51, 21.51, 20.99, 21.25, 20.30, 116590.07, 242151407, 1.02, 4.42, 0.45, 1130.21016
2015-09-30, 1, wei_ruo, 27.72, 22.59, 9.98, 20.54, 20.70, 22.59, 20.70, 276905.68, 609888236, 2.42, 9.20, 2.07, 943.18509
2015-10-14, 1, wei_ruo, 27.72, 24.85, 10.00, 22.59, 24.85, 24.85, 24.85, 8090.58, 20105091, 0.07, 0.00, 0.04, 729.846
2015-10-15, 1, wei_ruo, 27.67, 27.34, 10.02, 24.85, 27.34, 27.34, 26.18, 700226.84, 1895501122, 6.11, 4.67, 4.45, 979.00295
2015-10-16, 1, wei_ruo, 27.73, 30.07, 9.99, 27.34, 28.60, 30.07, 28.60, 348600.14, 1024093446, 3.04, 5.38, 1.41, 1151.75819
2015-10-19, 1, wei_ruo, 27.92, 30.30, 0.76, 30.07, 31.66, 32.00, 29.69, 769344.85, 2365449370, 6.72, 7.68, 2.65, 1129.69899
2015-10-29, 3, zhong_du, 30.35, 35.62, 3.01, 34.58, 35.25, 37.00, 34.60, 544765.21, 1960837461, 4.76, 6.94, 0.79, 1099.43199
2015-10-30, 3, zhong_du, 30.49, 34.10, -4.27, 35.62, 34.68, 35.28, 33.78, 407902.28, 1407309185, 3.56, 4.21, 0.62, 897.08495
2015-11-02, 3, zhong_du, 30.62, 33.79, -0.91, 34.10, 34.00, 35.50, 33.32, 400572.86, 1382665135, 3.50, 6.39, 0.72, 2501.46604
2015-11-03, 3, zhong_du, 30.87, 35.95, 6.39, 33.79, 34.39, 36.50, 33.88, 596768.84, 2104986055, 5.21, 7.75, 1.20, 1112.20884
2015-11-04, 4, gao_du, 31.20, 37.20, 3.48, 35.95, 37.61, 38.20, 35.89, 614769.73, 2274758194, 5.37, 6.43, 1.25, 945.97697
2015-11-05, 4, gao_du, 31.67, 38.20, 2.69, 37.20, 37.26, 40.50, 36.70, 728169.63, 2824001995, 6.36, 10.22, 1.42, 1364.34197
2015-11-06, 4, gao_du, 32.03, 38.89, 1.81, 38.20, 38.23, 39.59, 37.50, 589242.51, 2261884243, 5.14, 5.47, 1.07, 1138.23509
2015-11-09, 5, qiang_lie, 32.31, 38.50, -1.00, 38.89, 38.12, 39.40, 37.33, 509551.71, 1963737396, 4.45, 5.32, 0.87, 16789.54506
2015-11-10, 5, qiang_lie, 32.59, 37.25, -3.25, 38.50, 38.51, 39.88, 37.25, 556155.28, 2160222797, 4.85, 6.83, 0.92, 405.90405
2015-11-11, 5, qiang_lie, 32.59, 36.70, -1.48, 37.25, 37.80, 38.10, 36.00, 482644.95, 1766671359, 4.21, 5.64, 0.80, 268.24903
2015-11-12, 5, qiang_lie, 32.98, 37.71, 2.75, 36.70, 36.60, 38.45, 36.00, 508995.96, 1906177436, 4.44, 6.68, 0.89, 1221.36021
2015-11-13, 5, qiang_lie, 33.11, 37.00, -1.88, 37.71, 37.24, 38.38, 36.36, 359788.93, 1341286533, 3.14, 5.36, 0.68, 1214.45918
2015-11-16, 5, qiang_lie, 33.25, 38.00, 2.70, 37.00, 37.52, 38.57, 36.62, 344992.8, 1306115024, 3.01, 5.27, 0.71, 2775.27308
2015-11-17, 5, qiang_lie, 33.69, 40.15, 5.66, 38.00, 38.09, 41.80, 37.69, 747268.31, 2979519446, 6.52, 10.82, 1.66, 2927.68192
2015-11-18, 5, qiang_lie, 33.85, 38.27, -4.68, 40.15, 39.60, 40.59, 38.08, 367062.17, 1440687859, 3.20, 6.25, 0.75, 1237.88404
2015-11-19, 5, qiang_lie, 33.97, 38.97, 1.83, 38.27, 38.27, 39.38, 38.10, 261171.01, 1011046698, 2.28, 3.34, 0.56, 16705.84702
2015-11-20, 5, qiang_lie, 34.14, 39.18, 0.54, 38.97, 39.00, 40.98, 38.50, 354347.6, 1415340931, 3.09, 6.36, 0.85, 16852.76413
2015-11-23, 5, qiang_lie, 34.27, 38.00, -3.01, 39.18, 38.80, 40.44, 37.51, 322868.25, 1257135746, 2.82, 7.48, 0.78, 16759.23014
2015-11-24, 5, qiang_lie, 34.34, 37.25, -1.97, 38.00, 37.62, 38.12, 36.63, 254111.94, 940806397, 2.22, 3.92, 0.62, 1179.47507
2015-11-25, 5, qiang_lie, 34.44, 37.38, 0.35, 37.25, 38.86, 38.95, 36.88, 367325.94, 1376870573, 3.21, 5.56, 1.18, 1806.67615
2015-11-26, 5, qiang_lie, 34.53, 37.27, -0.29, 37.38, 37.10, 38.26, 36.40, 336051.72, 1249954668, 2.93, 4.98, 1.08, 946.11216
2015-11-27, 5, qiang_lie, 34.55, 33.92, -8.99, 37.27, 37.53, 37.56, 33.54, 432990.67, 1540073777, 3.78, 10.79, 1.32, 1214.324
2015-11-30, 5, qiang_lie, 34.49, 32.60, -3.89, 33.92, 33.83, 34.30, 30.70, 310301.78, 1007783099, 2.71, 10.61, 0.91, 1076.44892
2015-12-01, 5, qiang_lie, 34.46, 32.47, -0.40, 32.60, 32.50, 33.20, 32.05, 167132.86, 545328492, 1.46, 3.53, 0.49, 4131.83713
2015-12-02, 4, gao_du, 34.43, 32.20, -0.83, 32.47, 32.66, 32.75, 30.48, 173299.19, 549028595, 1.51, 6.99, 0.54, 941.51497
2015-12-03, 3, zhong_du, 35.07, 33.33, 3.51, 32.20, 32.25, 33.35, 32.15, 176154.26, 575295321, 1.54, 3.73, 0.62, 861.95302
2015-12-04, 3, zhong_du, 35.01, 32.69, -1.92, 33.33, 33.29, 33.61, 32.50, 157607.11, 521756108, 1.38, 3.33, 0.63, 651.91007
2015-12-07, 3, zhong_du, 34.98, 33.10, 1.25, 32.69, 32.81, 33.38, 31.78, 147753.14, 480700154, 1.29, 4.89, 0.75, 691.36596
2015-12-08, 2, qing_du, 34.95, 31.57, -4.62, 33.10, 32.93, 32.93, 31.50, 137085.13, 438753058, 1.20, 4.32, 0.83, 873.39997
2015-12-09, 2, qing_du, 34.89, 32.35, 2.47, 31.57, 31.00, 32.99, 31.00, 233171.91, 745183258, 2.04, 6.30, 1.47, 636.56688
2015-12-10, 1, wei_ruo, 34.85, 31.42, -2.87, 32.35, 32.00, 32.22, 31.10, 142089.21, 450252637, 1.24, 3.46, 0.83, 861.13596
2015-12-11, 1, wei_ruo, 34.81, 31.61, 0.60, 31.42, 31.11, 32.22, 31.11, 131784.75, 417954736, 1.15, 3.53, 0.81, 979.93207
2015-12-14, 1, wei_ruo, 34.77, 32.57, 3.04, 31.61, 31.10, 32.80, 31.03, 170733.02, 547304467, 1.49, 5.60, 1.08, 868.19601
2015-12-15, 1, wei_ruo, 34.74, 32.52, -0.15, 32.57, 32.70, 33.33, 32.46, 166574.1, 546680206, 1.45, 2.67, 1.02, 980.60107
2015-12-16, 1, wei_ruo, 34.72, 32.63, 0.34, 32.52, 32.41, 32.96, 32.22, 126982.62, 413660166, 1.11, 2.28, 0.75, 5787.86612
2015-12-17, 1, wei_ruo, 34.69, 33.14, 1.56, 32.63, 33.09, 33.50, 32.80, 174858.6, 579973901, 1.53, 2.15, 1.18, 1685.44102
2015-12-18, 1, wei_ruo, 34.67, 32.97, -0.51, 33.14, 33.20, 33.48, 32.56, 148662.91, 490324380, 1.30, 2.78, 0.96, 2742.87796
2015-12-21, 1, wei_ruo, 34.65, 32.99, 0.06, 32.97, 32.85, 33.19, 32.70, 139769.04, 460203362, 1.22, 1.49, 0.89, 1022.56417
2015-12-22, 1, wei_ruo, 34.63, 33.43, 1.33, 32.99, 33.20, 33.45, 32.80, 151065.93, 502193864, 1.32, 1.97, 1.00, 882.14183
2015-12-23, 1, wei_ruo, 34.61, 32.70, -2.18, 33.43, 33.40, 33.49, 32.61, 140822.27, 463695705, 1.23, 2.63, 0.95, 927.34289
2015-12-24, 1, wei_ruo, 34.58, 31.73, -2.97, 32.70, 32.97, 32.97, 31.50, 123250.02, 392528814, 1.08, 4.50, 0.82, 1171.22483
2015-12-25, 1, wei_ruo, 34.56, 31.85, 0.38, 31.73, 31.73, 31.98, 31.58, 78230.12, 248563372, 0.68, 1.26, 0.56, 792.16981
2015-12-28, 1, wei_ruo, 34.52, 30.66, -3.74, 31.85, 32.00, 32.05, 30.60, 141671.77, 444604920, 1.24, 4.55, 1.12, 1820.64295
2015-12-29, 1, wei_ruo, 34.49, 30.74, 0.26, 30.66, 30.60, 30.87, 30.06, 84193.79, 256808261, 0.73, 2.64, 0.66, 1051.71514
2015-12-30, 1, wei_ruo, 34.44, 32.70, 6.38, 30.74, 30.74, 33.37, 30.50, 250518.53, 803432001, 2.19, 9.34, 1.97, 2875.13685
2015-12-31, 1, wei_ruo, 34.41, 31.62, -3.30, 32.70, 32.33, 32.98, 31.60, 161139.61, 522256878, 1.41, 4.22, 1.27, 941.15496
2016-01-04, 1, wei_ruo, 34.33, 28.68, -9.30, 31.62, 32.58, 32.90, 28.50, 194729.86, 617418966, 1.70, 13.92, 1.53, 1337.7068
2016-01-05, 1, wei_ruo, 34.22, 29.10, 1.46, 28.68, 26.70, 30.02, 26.69, 233729.8, 671137402, 2.04, 11.61, 1.84, 2836.25889
2016-01-06, 1, wei_ruo, 34.14, 29.48, 1.31, 29.10, 29.20, 29.65, 28.81, 176287.88, 516061070, 1.54, 2.89, 1.39, 2463.77707
2016-01-07, 1, wei_ruo, 34.12, 26.53, -10.01, 29.48, 29.00, 29.00, 26.53, 41856.77, 115325303, 0.37, 8.38, 2.73, 807.87086
2016-01-08, 1, wei_ruo, 34.12, 26.39, -0.53, 26.53, 27.21, 27.77, 24.50, 157614.03, 419527896, 1.38, 12.33, 1.24, 4172.00184
2016-01-11, 1, wei_ruo, 33.87, 23.75, -10.00, 26.39, 25.60, 25.81, 23.75, 166086.22, 407725147, 1.45, 7.81, 1.31, 4243.22104
2016-01-12, 1, wei_ruo, 33.74, 23.62, -0.55, 23.75, 23.75, 24.17, 22.38, 143214.13, 332909570, 1.25, 7.54, 1.13, 2054.65293
2016-01-13, 1, wei_ruo, 33.61, 22.48, -4.83, 23.62, 23.90, 24.25, 22.36, 134965.5, 318171724, 1.18, 8.00, 1.06, 3241.02521
2016-01-14, 1, wei_ruo, 33.43, 24.73, 10.01, 22.48, 22.15, 24.73, 21.50, 215101.06, 503439659, 1.88, 14.37, 1.69, 3619.982
2016-01-15, 1, wei_ruo, 33.16, 25.97, 5.01, 24.73, 25.30, 27.13, 24.91, 410461.6, 1072806335, 3.58, 8.98, 3.23, 2603.81007
2016-01-18, 1, wei_ruo, 32.99, 27.67, 6.55, 25.97, 25.01, 27.98, 25.01, 312705.76, 830584239, 2.73, 11.44, 2.46, 1022.00699
2016-01-19, 1, wei_ruo, 32.83, 29.80, 7.70, 27.67, 27.00, 30.44, 26.60, 443512.46, 1270535182, 3.87, 13.88, 3.49, 748.17085
2016-01-20, 1, wei_ruo, 32.75, 31.22, 4.77, 29.80, 29.59, 32.15, 29.11, 493579.19, 1528602838, 4.31, 10.20, 3.89, 1038.4059
2016-01-21, 1, wei_ruo, 32.67, 29.89, -4.26, 31.22, 30.62, 32.24, 29.87, 437704.38, 1355296678, 3.82, 7.59, 3.45, 9889.90998
2016-01-22, 2, qing_du, 32.60, 31.27, 4.62, 29.89, 31.00, 31.80, 29.15, 388115.57, 1192356012, 3.39, 8.87, 3.06, 953.55201
2016-01-25, 2, qing_du, 32.56, 30.88, -1.25, 31.27, 31.33, 31.66, 30.20, 277476.19, 856146733, 2.42, 4.67, 2.18, 2805.96113
2016-01-26, 2, qing_du, 32.47, 28.19, -8.71, 30.88, 30.01, 31.65, 28.03, 320969.29, 960690908, 2.80, 11.72, 2.53, 1755.61786
2016-01-27, 2, qing_du, 32.35, 31.01, 10.00, 28.19, 28.69, 31.01, 26.93, 465345.65, 1360047422, 4.06, 14.47, 3.66, 3129.70781
2016-01-28, 2, qing_du, 32.31, 31.18, 0.55, 31.01, 30.89, 32.69, 30.32, 566160.43, 1778114902, 4.94, 7.64, 4.46, 3648.5579
2016-01-29, 2, qing_du, 32.22, 30.65, -1.70, 31.18, 30.29, 31.38, 28.17, 430557.51, 1301484436, 3.76, 10.30, 3.39, 8085.778
2016-02-01, 3, zhong_du, 32.18, 31.11, 1.50, 30.65, 30.30, 31.93, 29.37, 377079.39, 1162054716, 3.29, 8.35, 2.97, 1237.51307
2016-02-02, 3, zhong_du, 32.17, 32.21, 3.54, 31.11, 31.50, 32.70, 31.13, 479149.64, 1536662859, 4.18, 5.05, 3.77, 1337.99481
2016-02-03, 3, zhong_du, 32.14, 31.35, -2.67, 32.21, 31.18, 31.67, 30.52, 305068.52, 949657112, 2.66, 3.57, 2.40, 1171.72289
2016-02-04, 3, zhong_du, 32.15, 32.49, 3.64, 31.35, 31.45, 33.38, 30.98, 402649.73, 1299271371, 3.51, 7.66, 3.17, 1132.49087
2016-02-05, 3, zhong_du, 32.14, 31.60, -2.74, 32.49, 32.10, 32.96, 31.50, 309568.05, 1002780165, 2.70, 4.49, 2.44, 1182.08289
2016-02-15, 4, gao_du, 32.12, 30.90, -2.22, 31.60, 29.88, 31.56, 29.88, 227303.21, 696417415, 1.98, 5.32, 1.79, 923.37108
2016-02-16, 4, gao_du, 32.13, 32.87, 6.38, 30.90, 31.19, 33.50, 31.11, 336371.91, 1093661437, 2.94, 7.73, 2.65, 3505.88799
2016-02-17, 4, gao_du, 32.25, 35.32, 7.45, 32.87, 33.71, 35.68, 33.66, 524063.99, 1826712057, 4.57, 6.15, 4.13, 1092.53001
2016-02-18, 4, gao_du, 32.32, 34.39, -2.63, 35.32, 34.80, 35.04, 34.10, 333497.04, 1152616940, 2.91, 2.66, 2.63, 991.25695
2016-02-19, 5, qiang_lie, 32.35, 34.43, 0.12, 34.39, 34.30, 35.13, 34.14, 171125.07, 593711374, 1.49, 2.88, 1.70, 2712.32104
2016-02-22, 5, qiang_lie, 32.80, 34.97, 0.20, 34.90, 35.89, 35.89, 34.70, 262940.8, 921839816, 2.30, 3.41, 0.78, 861.56416
2016-02-23, 5, qiang_lie, 32.88, 34.08, -2.55, 34.97, 35.05, 35.05, 33.50, 265307.49, 906258621, 2.32, 4.43, 0.77, 4615.83018
2016-02-24, 5, qiang_lie, 32.94, 35.41, 3.90, 34.08, 34.01, 35.49, 33.60, 350439.9, 1218357269, 3.06, 5.55, 1.06, 2770.52498
2016-02-25, 5, qiang_lie, 32.94, 31.87, -10.00, 35.41, 35.20, 35.20, 31.87, 368717.9, 1226868551, 3.22, 9.40, 1.24, 868.51096
2016-02-26, 5, qiang_lie, 32.94, 32.72, 2.67, 31.87, 32.72, 33.79, 31.60, 344245.81, 1133040715, 3.00, 6.87, 1.13, 2842.62204
2016-02-29, 5, qiang_lie, 32.89, 31.43, -3.94, 32.72, 31.90, 32.50, 29.67, 293466.26, 895832548, 2.56, 8.65, 0.92, 2992.94901
2016-03-01, 4, gao_du, 32.86, 31.68, 0.80, 31.43, 31.50, 33.10, 31.30, 429088.65, 1373992101, 3.75, 5.73, 1.32, 1221.20214
2016-03-02, 4, gao_du, 32.82, 32.67, 3.13, 31.68, 30.98, 33.20, 30.21, 550764.25, 1745144479, 4.81, 9.44, 1.54, 2965.12294
2016-03-03, 4, gao_du, 32.84, 32.25, -1.29, 32.67, 33.66, 34.91, 32.23, 586946.46, 1956559168, 5.12, 8.20, 1.48, 4530.19118
2016-03-04, 4, gao_du, 32.77, 30.50, -5.43, 32.25, 31.70, 32.68, 30.01, 391584.15, 1228147693, 3.42, 8.28, 0.89, 3065.19604
2016-03-07, 4, gao_du, 32.72, 30.45, -0.16, 30.50, 30.55, 31.37, 29.82, 293243.1, 895662777, 2.56, 5.08, 0.65, 959.0168
2016-03-08, 4, gao_du, 32.64, 29.77, -2.23, 30.45, 30.39, 30.40, 28.27, 292443.71, 852172068, 2.55, 7.00, 0.65, 4523.70095
2016-03-09, 4, gao_du, 32.57, 29.25, -1.75, 29.77, 29.00, 30.48, 28.50, 221733.85, 660092194, 1.94, 6.65, 0.52, 968.59813
2016-03-10, 4, gao_du, 32.51, 28.19, -3.62, 29.25, 29.10, 29.60, 28.17, 196300.32, 564541678, 1.71, 4.89, 0.55, 1350.53587
2016-03-11, 3, zhong_du, 32.42, 27.55, -2.27, 28.19, 28.10, 28.50, 27.22, 210921.41, 584790399, 1.84, 4.54, 0.76, 2754.70591
2016-03-14, 3, zhong_du, 32.33, 28.36, 2.94, 27.55, 28.16, 28.79, 27.88, 257073.38, 731533815, 2.24, 3.30, 1.06, 2486.90891
2016-03-15, 2, qing_du, 32.26, 28.45, 0.32, 28.36, 28.30, 28.92, 28.03, 185601.06, 528983331, 1.62, 3.14, 0.79, 1543.27011
2016-03-16, 1, wei_ruo, 32.20, 27.65, -2.81, 28.45, 28.51, 28.78, 27.50, 174070.87, 487436882, 1.52, 4.50, 0.81, 2584.20086
2016-03-17, 1, wei_ruo, 32.11, 28.63, 3.54, 27.65, 27.86, 28.65, 27.86, 262504.59, 745498447, 2.29, 2.86, 1.28, 784.38282
2016-03-18, 1, wei_ruo, 32.02, 29.64, 3.53, 28.63, 28.63, 29.90, 28.58, 372925.08, 1099295645, 3.26, 4.61, 1.71, 2964.77389
2016-03-21, 1, wei_ruo, 31.97, 30.61, 3.27, 29.64, 29.89, 30.83, 29.45, 378909.63, 1139708628, 3.31, 4.66, 1.51, 600.66319
2016-03-22, 2, qing_du, 31.92, 30.47, -0.46, 30.61, 30.50, 31.40, 30.00, 396724.53, 1221299790, 3.46, 4.57, 1.44, 845.10183
2016-03-23, 2, qing_du, 31.87, 29.95, -1.71, 30.47, 30.32, 30.69, 29.69, 300603.17, 904277540, 2.62, 3.28, 0.95, 590.19399
2016-03-24, 2, qing_du, 31.81, 29.32, -2.10, 29.95, 29.52, 30.55, 29.30, 306300.95, 914683212, 2.67, 4.17, 0.89, 4338.18221
2016-03-25, 2, qing_du, 31.78, 29.36, 0.14, 29.32, 29.20, 29.86, 29.04, 180283.83, 530645077, 1.57, 2.80, 0.51, 707.47995
2016-03-28, 1, wei_ruo, 31.73, 29.67, 1.06, 29.36, 29.99, 30.36, 29.29, 243343.2, 728692531, 2.12, 3.64, 0.78, 4458.46295
2016-03-29, 1, wei_ruo, 31.69, 28.52, -3.88, 29.67, 29.60, 29.80, 28.30, 173526.12, 500825626, 1.51, 5.06, 0.61, 2802.26803
2016-03-30, 1, wei_ruo, 31.65, 29.30, 2.73, 28.52, 28.71, 29.30, 28.52, 176137.71, 509691781, 1.54, 2.73, 0.73, 1629.06289
2016-03-31, 1, wei_ruo, 31.61, 29.25, -0.17, 29.30, 29.70, 29.90, 28.90, 217454.94, 640018770, 1.90, 3.41, 1.01, 1145.4258
2016-04-01, 1, wei_ruo, 31.57, 28.75, -1.71, 29.25, 29.23, 29.23, 28.34, 150287.01, 431622482, 1.31, 3.04, 0.76, 1093.01901
2016-04-05, 1, wei_ruo, 31.53, 29.54, 2.75, 28.75, 28.76, 29.58, 28.60, 188952.91, 551695305, 1.65, 3.41, 0.98, 2661.43894
2016-04-06, 1, wei_ruo, 31.49, 29.53, -0.03, 29.54, 29.40, 29.80, 29.11, 209586.45, 617523836, 1.83, 2.34, 1.16, 979.316
2016-04-07, 1, wei_ruo, 31.46, 28.67, -2.91, 29.53, 29.68, 29.70, 28.66, 162306.42, 471124832, 1.42, 3.52, 0.86, 4600.35491
2016-04-08, 1, wei_ruo, 31.42, 28.74, 0.24, 28.67, 28.60, 29.30, 28.34, 163879.19, 471691600, 1.43, 3.35, 0.88, 1051.36895
2016-04-11, 1, wei_ruo, 31.39, 29.27, 1.84, 28.74, 28.76, 29.41, 28.76, 173803.84, 505277987, 1.52, 2.26, 0.99, 523.76103
2016-04-12, 1, wei_ruo, 31.36, 28.76, -1.74, 29.27, 29.31, 29.38, 28.50, 116026.66, 334947833, 1.01, 3.01, 0.65, 2633.74209
2016-04-13, 1, wei_ruo, 31.31, 29.49, 2.54, 28.76, 28.86, 29.70, 28.86, 265490.33, 779801235, 2.32, 2.92, 1.61, 2139.96005
2016-04-14, 1, wei_ruo, 31.29, 29.41, -0.27, 29.49, 29.70, 29.81, 29.11, 160662.36, 472022187, 1.40, 2.37, 0.91, 2162.09102
2016-04-15, 1, wei_ruo, 31.26, 29.30, -0.37, 29.41, 29.50, 29.70, 29.18, 145503.27, 428364478, 1.27, 1.77, 0.83, 2631.32095
2016-04-18, 1, wei_ruo, 31.22, 28.30, -3.41, 29.30, 29.00, 29.11, 28.20, 179846.04, 511562147, 1.57, 3.11, 1.04, 4173.23112
2016-04-19, 1, wei_ruo, 31.19, 28.23, -0.25, 28.30, 28.50, 28.58, 27.83, 122373.07, 344456574, 1.07, 2.65, 0.71, 891.65688
2016-04-20, 1, wei_ruo, 31.11, 27.46, -2.73, 28.23, 28.23, 29.09, 26.00, 255419.4, 712466122, 2.23, 10.95, 1.46, 970.86287
2016-04-21, 1, wei_ruo, 31.06, 26.59, -3.17, 27.46, 26.90, 27.28, 26.51, 131948.18, 355848511, 1.15, 2.80, 0.76, 2368.06607
2016-04-22, 1, wei_ruo, 31.02, 26.73, 0.53, 26.59, 26.20, 27.12, 26.18, 96538.12, 258277073, 0.84, 3.54, 0.58, 2648.86808
2016-04-25, 1, wei_ruo, 30.96, 27.74, 3.78, 26.73, 26.85, 28.50, 26.65, 215539.03, 596294634, 1.88, 6.92, 1.37, 2333.63605
2016-04-26, 1, wei_ruo, 30.92, 27.44, -1.08, 27.74, 27.51, 27.66, 27.08, 105173.02, 287554349, 0.92, 2.09, 0.64, 12420.41206
2016-04-27, 1, wei_ruo, 30.89, 26.99, -1.64, 27.44, 27.48, 27.55, 26.90, 88202.06, 239737887, 0.77, 2.37, 0.55, 2603.652
2016-04-28, 1, wei_ruo, 30.85, 26.86, -0.48, 26.99, 26.85, 27.16, 26.09, 107031.79, 284455777, 0.93, 3.96, 0.84, 799.56818
2016-04-29, 1, wei_ruo, 30.82, 26.79, -0.26, 26.86, 26.84, 27.15, 26.47, 87798.19, 234903523, 0.77, 2.53, 0.72, 1218.72497
2016-05-03, 1, wei_ruo, 30.78, 27.74, 3.55, 26.79, 26.97, 27.75, 26.65, 140431.04, 383602841, 1.23, 4.11, 1.16, 2363.25312
2016-05-04, 1, wei_ruo, 30.75, 27.45, -1.05, 27.74, 27.70, 27.91, 27.39, 104758.94, 289557948, 0.91, 1.87, 0.99, 439.57114
2016-05-05, 1, wei_ruo, 30.70, 27.96, 1.86, 27.45, 27.54, 28.58, 27.54, 201637.44, 568559881, 1.76, 3.79, 1.91, 2535.779
2016-05-06, 1, wei_ruo, 30.64, 26.51, -5.19, 27.96, 27.94, 27.95, 26.50, 199295.18, 540998597, 1.74, 5.19, 1.55, 2442.37781
2016-05-09, 1, wei_ruo, 30.58, 25.36, -4.34, 26.51, 26.35, 26.45, 25.00, 135809.28, 349057743, 1.19, 5.47, 0.93, 556.76603
2016-05-10, 1, wei_ruo, 30.54, 25.29, -0.28, 25.36, 25.03, 25.73, 25.03, 81820.24, 208012258, 0.71, 2.76, 0.52, 5016.855
2016-05-11, 1, wei_ruo, 30.51, 25.01, -1.11, 25.29, 25.55, 25.64, 24.90, 76353.87, 192300521, 0.67, 2.93, 0.53, 862.99896
2016-05-12, 1, wei_ruo, 30.46, 24.78, -0.92, 25.01, 24.68, 25.08, 24.26, 89645.45, 220944147, 0.78, 3.28, 0.65, 2640.27619
2016-05-13, 1, wei_ruo, 30.42, 24.90, 0.48, 24.78, 24.98, 25.35, 24.70, 88930.11, 222697778, 0.78, 2.62, 0.76, 1804.01993
2016-05-16, 1, wei_ruo, 30.38, 25.06, 0.64, 24.90, 24.63, 25.07, 24.51, 75901.14, 188335096, 0.66, 2.25, 0.80, 14526.48902
2016-05-17, 1, wei_ruo, 30.34, 24.95, -0.44, 25.06, 25.15, 25.22, 24.57, 96210.2, 239850493, 0.84, 2.59, 1.17, 469.44404
2016-05-18, 1, wei_ruo, 30.28, 24.68, -1.08, 24.95, 24.94, 25.27, 24.32, 121875.4, 303985971, 1.06, 3.81, 1.43, 2902.8089
2016-05-19, 1, wei_ruo, 30.24, 24.73, 0.20, 24.68, 24.76, 25.02, 24.65, 78748.19, 195711211, 0.69, 1.50, 0.83, 2388.35096
2016-05-20, 1, wei_ruo, 30.19, 25.05, 1.29, 24.73, 24.35, 25.60, 24.35, 109775.13, 274696168, 0.96, 5.05, 1.20, 4855.60584
2016-05-23, 1, wei_ruo, 30.15, 25.09, 0.16, 25.05, 25.15, 25.38, 24.95, 93078.78, 233906911, 0.81, 1.72, 0.96, 4546.44704
2016-05-24, 1, wei_ruo, 30.11, 24.63, -1.83, 25.09, 25.10, 25.10, 24.58, 71091.93, 175861273, 0.62, 2.07, 0.71, 644.97113
2016-05-25, 1, wei_ruo, 30.09, 24.46, -0.69, 24.63, 24.68, 24.89, 24.40, 60311.02, 148627843, 0.53, 1.99, 0.60, 2725.28601
2016-05-26, 1, wei_ruo, 30.04, 24.30, -0.65, 24.46, 24.53, 24.65, 23.65, 91868.88, 220271073, 0.80, 4.09, 0.92, 8542.39297
2016-05-27, 1, wei_ruo, 29.99, 24.45, 0.62, 24.30, 24.29, 24.68, 24.02, 103165.19, 251634543, 0.90, 2.72, 1.03, 10045.31503
2016-05-30, 1, wei_ruo, 29.95, 23.95, -2.04, 24.45, 24.28, 24.29, 23.83, 63638.97, 153149950, 0.56, 1.88, 0.64, 595.82806
2016-05-31, 1, wei_ruo, 29.88, 24.96, 4.22, 23.95, 24.05, 24.97, 24.05, 155176.31, 382156747, 1.35, 3.84, 1.55, 2225.38495
2016-06-01, 1, wei_ruo, 29.79, 25.69, 2.92, 24.96, 24.93, 26.96, 24.85, 257096.01, 670116997, 2.24, 8.45, 2.57, 1574.507
2016-06-02, 1, wei_ruo, 29.77, 25.75, 0.23, 25.69, 25.55, 25.88, 25.40, 123896.88, 317567368, 1.08, 1.87, 1.24, 2069.242
2016-06-03, 1, wei_ruo, 29.69, 25.64, -0.43, 25.75, 25.78, 25.93, 25.53, 106329.01, 273445174, 0.93, 1.55, 1.06, 715.33298
2016-06-06, 1, wei_ruo, 29.65, 25.33, -1.21, 25.64, 25.40, 25.87, 25.12, 99449.5, 253122902, 0.87, 2.93, 1.00, 2813.02786
2016-06-07, 1, wei_ruo, 29.63, 25.32, -0.04, 25.33, 25.35, 25.55, 25.21, 69549.13, 176447206, 0.61, 1.34, 0.70, 4569.80896
2016-06-08, 1, wei_ruo, 29.58, 25.61, 1.15, 25.32, 25.40, 25.80, 25.08, 129276.23, 330619125, 1.13, 2.84, 1.29, 6426.55492
2016-06-13, 1, wei_ruo, 29.49, 25.57, -0.16, 25.61, 25.33, 26.98, 25.25, 264208.81, 695866146, 2.31, 6.76, 2.64, 1328.10593
2016-06-14, 1, wei_ruo, 29.43, 24.77, -3.13, 25.57, 25.34, 25.55, 24.50, 152369.08, 377912093, 1.33, 4.11, 1.52, 2625.57387
2016-06-15, 1, wei_ruo, 29.38, 25.33, 2.26, 24.77, 24.35, 25.45, 24.25, 149261.47, 374577370, 1.30, 4.84, 1.49, 9463.70792
2016-06-16, 1, wei_ruo, 29.34, 25.12, -0.83, 25.33, 25.35, 25.52, 24.90, 113027.72, 284665564, 0.99, 2.45, 1.13, 11119.99297
2016-06-17, 1, wei_ruo, 29.29, 25.28, 0.64, 25.12, 25.17, 25.78, 25.02, 129217.14, 328715396, 1.13, 3.03, 1.29, 769.88912
2016-06-20, 1, wei_ruo, 29.26, 25.16, -0.47, 25.28, 25.05, 25.31, 24.93, 76272.01, 191612154, 0.67, 1.50, 0.76, 3167.90485
2016-06-21, 1, wei_ruo, 29.22, 24.95, -0.83, 25.16, 25.48, 25.64, 24.93, 117571.47, 297333456, 1.03, 2.82, 1.18, 685.37307
2016-06-22, 1, wei_ruo, 29.19, 25.27, 1.28, 24.95, 24.97, 25.31, 24.95, 78709.89, 197788640, 0.69, 1.44, 0.79, 813.0281
2016-06-23, 1, wei_ruo, 29.13, 25.80, 2.10, 25.27, 25.40, 26.24, 25.20, 207940.17, 533329376, 1.82, 4.12, 2.08, 1103.10602
2016-06-24, 1, wei_ruo, 29.07, 25.01, -3.06, 25.80, 25.60, 25.86, 24.28, 181537.32, 458139085, 1.58, 6.12, 1.82, 2661.49616
2016-06-27, 1, wei_ruo, 29.00, 25.92, 3.64, 25.01, 25.01, 26.15, 24.91, 226847.24, 585423886, 1.98, 4.96, 2.27, 769.44399
2016-06-28, 1, wei_ruo, 28.94, 26.43, 1.97, 25.92, 25.76, 26.55, 25.61, 247034.76, 648854878, 2.16, 3.63, 2.47, 1427.984
2016-06-30, 2, qing_du, 28.86, 26.40, 0.76, 26.20, 26.30, 26.66, 25.97, 145996.31, 384138920, 1.27, 2.63, 1.46, 2824.49913
2016-07-01, 2, qing_du, 28.81, 27.07, 2.54, 26.40, 26.44, 27.90, 26.25, 317879.47, 868897941, 2.77, 6.25, 3.18, 651.96395
2016-07-04, 3, zhong_du, 28.79, 28.79, 6.35, 27.07, 26.90, 29.46, 26.71, 424698.36, 1195171820, 3.71, 10.16, 4.25, 4231.59504
2016-07-05, 3, zhong_du, 28.79, 28.28, -1.77, 28.79, 28.77, 29.97, 28.11, 519343.42, 1505378045, 4.53, 6.46, 5.20, 2504.31108
2016-07-06, 3, zhong_du, 28.79, 28.58, 1.06, 28.28, 28.29, 28.88, 27.84, 241591.3, 685122313, 2.11, 3.68, 2.42, 4817.693
2016-07-07, 3, zhong_du, 28.76, 27.99, -2.00, 28.56, 28.55, 28.57, 27.78, 182726.07, 513146253, 1.59, 2.77, 1.83, 4670.28213
2016-07-08, 3, zhong_du, 28.75, 28.38, 1.39, 27.99, 27.97, 29.00, 27.97, 248543.96, 708800022, 2.17, 3.68, 2.49, 1201.52211
2016-07-11, 3, zhong_du, 28.75, 28.44, 0.21, 28.38, 28.70, 29.48, 28.38, 305018.97, 882374181, 2.66, 3.88, 3.05, 1282.67479
2016-07-12, 3, zhong_du, 28.74, 28.60, 0.56, 28.44, 28.43, 28.60, 27.90, 178592.44, 504761581, 1.56, 2.46, 1.81, 14446.28382
2016-07-13, 3, zhong_du, 28.75, 28.95, 1.22, 28.60, 28.90, 29.23, 28.35, 279453.46, 804999692, 2.44, 3.08, 2.82, 4657.95398
2016-07-14, 3, zhong_du, 28.83, 30.40, 5.01, 28.95, 29.14, 31.83, 28.68, 603489.95, 1819732128, 5.27, 10.88, 6.04, 797.79005
2016-07-15, 4, gao_du, 28.85, 29.52, -2.89, 30.40, 29.80, 30.19, 29.43, 281984.18, 837072995, 2.46, 2.50, 2.82, 2711.85493
2016-07-18, 4, gao_du, 28.85, 28.50, -3.46, 29.52, 29.45, 29.48, 28.42, 212697.9, 613830119, 1.86, 3.59, 2.17, 747.32685
2016-07-19, 3, zhong_du, 28.85, 28.94, 1.37, 28.55, 28.55, 29.15, 28.55, 148988.55, 429488232, 1.30, 2.10, 1.49, 515.43307
2016-07-20, 3, zhong_du, 28.85, 28.32, -2.14, 28.94, 28.72, 29.08, 28.30, 147456.14, 421435760, 1.29, 2.70, 1.48, 568.7201
2016-07-21, 3, zhong_du, 28.84, 28.20, -0.42, 28.32, 28.40, 28.50, 28.14, 141625.57, 400656469, 1.24, 1.27, 1.42, 2467.03887
2016-07-22, 3, zhong_du, 28.83, 28.23, 0.11, 28.20, 28.36, 28.77, 28.14, 134036.97, 381488108, 1.17, 2.23, 1.34, 642.67492
2016-07-25, 3, zhong_du, 28.83, 28.03, -0.71, 28.23, 28.00, 28.45, 27.93, 101254.86, 285075251, 0.88, 1.84, 1.01, 4745.25499
2016-07-26, 3, zhong_du, 28.82, 28.37, 1.21, 28.03, 28.07, 28.37, 28.06, 80163.36, 226275806, 0.70, 1.11, 0.80, 2332.57699
2016-07-27, 3, zhong_du, 28.80, 27.05, -4.65, 28.37, 28.45, 28.88, 26.49, 230558.03, 642465695, 2.01, 8.42, 2.31, 4146.08812
2016-07-28, 2, qing_du, 28.77, 27.13, 0.30, 27.05, 27.02, 27.78, 26.53, 152790.37, 415922421, 1.33, 4.62, 1.53, 2698.86088
2016-07-29, 2, qing_du, 28.75, 26.40, -2.69, 27.13, 27.20, 27.30, 26.35, 114486.22, 304912538, 1.00, 3.50, 1.15, 14508.13794
2016-08-01, 2, qing_du, 28.73, 25.68, -2.73, 26.40, 26.20, 26.20, 25.46, 97187.27, 250541888, 0.85, 2.80, 0.97, 3029.05178
2016-08-02, 1, wei_ruo, 28.71, 25.89, 0.82, 25.68, 25.71, 26.02, 25.60, 58035.07, 149750057, 0.51, 1.64, 0.58, 14356.61793
2016-08-03, 1, wei_ruo, 28.71, 25.85, -0.19, 25.90, 25.90, 26.10, 25.69, 71007.2, 183727090, 0.62, 1.58, 0.77, 1345.00217
2016-08-04, 1, wei_ruo, 28.69, 25.93, 0.31, 25.85, 25.87, 26.02, 25.50, 79660.75, 205320047, 0.70, 2.01, 0.97, 14453.7878
2016-08-05, 1, wei_ruo, 28.67, 25.83, -0.39, 25.93, 25.98, 26.19, 25.74, 84245.94, 218740107, 0.74, 1.74, 1.03, 498.62289
2016-08-08, 1, wei_ruo, 28.63, 27.40, 6.08, 25.83, 25.69, 27.58, 25.42, 233714.35, 624093408, 2.04, 8.36, 3.03, 48833.47988
2016-08-09, 1, wei_ruo, 28.61, 27.06, -1.24, 27.40, 27.00, 27.32, 26.78, 132492.08, 357245120, 1.16, 1.97, 1.27, 4449.80502
2016-08-10, 2, qing_du, 28.59, 26.70, -1.33, 27.06, 27.10, 27.27, 26.66, 101201.7, 272510861, 0.88, 2.25, 0.85, 491.37807
2016-08-11, 2, qing_du, 28.58, 26.09, -2.32, 26.71, 26.65, 26.83, 26.07, 90048.9, 237636230, 0.79, 2.85, 0.71, 2614.39109
2016-08-15, 1, wei_ruo, 28.54, 27.27, 2.60, 26.58, 26.77, 27.40, 26.53, 178375.57, 483747751, 1.56, 3.27, 1.38, 518.10288
2016-08-16, 1, wei_ruo, 28.52, 27.30, 0.11, 27.27, 27.42, 27.42, 27.05, 127510.57, 347451040, 1.11, 1.36, 1.07, 692.23499
2016-08-17, 1, wei_ruo, 28.51, 27.82, 1.90, 27.30, 27.30, 28.48, 27.07, 259657.7, 729425644, 2.27, 5.16, 2.19, 14577.93999
2016-08-18, 1, wei_ruo, 28.49, 27.68, -0.50, 27.82, 27.61, 27.81, 27.36, 140394.53, 386897679, 1.23, 1.62, 0.94, 14389.85586
2016-08-19, 1, wei_ruo, 28.48, 27.53, -0.54, 27.68, 27.38, 27.83, 27.28, 125586.74, 345701455, 1.10, 1.99, 0.79, 2452.66199
2016-08-22, 1, wei_ruo, 28.47, 27.03, -1.82, 27.53, 27.41, 27.75, 27.01, 114507.98, 313688773, 1.00, 2.69, 0.69, 1669.34514
2016-08-23, 1, wei_ruo, 28.46, 26.89, -0.52, 27.03, 26.88, 27.16, 26.70, 80245.91, 215870424, 0.70, 1.70, 0.53, 2924.32404
2016-08-24, 1, wei_ruo, 28.45, 27.38, 1.82, 26.89, 26.95, 27.55, 26.78, 122801.66, 334048092, 1.07, 2.86, 0.86, 695.5359
2016-08-25, 1, wei_ruo, 28.43, 27.13, -0.91, 27.38, 27.08, 27.25, 26.73, 106703.42, 288227450, 0.93, 1.90, 0.92, 414.45613
2016-08-26, 1, wei_ruo, 28.42, 27.78, 2.40, 27.13, 27.23, 28.23, 27.08, 240249.19, 664485332, 2.10, 4.24, 2.20, 469.15793
2016-08-29, 1, wei_ruo, 28.43, 28.15, 1.33, 27.78, 29.70, 29.80, 28.09, 491532.95, 1423398797, 4.29, 6.16, 3.72, 660.12311
2016-08-30, 1, wei_ruo, 28.50, 30.33, 7.74, 28.15, 28.16, 30.97, 27.59, 712732.3, 2128222266, 6.22, 12.01, 3.41, 2380.44405
2016-08-31, 2, qing_du, 28.54, 29.72, -2.01, 30.33, 29.80, 30.28, 29.55, 159563.76, 476920398, 1.39, 2.41, 2.66, 536.91912
2016-09-01, 2, qing_du, 28.66, 29.72, -2.01, 30.33, 29.80, 30.28, 29.55, 159563.76, 476920398, 1.39, 2.41, 2.66, 526.14594
2016-09-02, 3, zhong_du, 28.66, 29.18, -2.28, 29.86, 29.64, 30.12, 29.00, 295586.49, 871376059, 2.58, 3.75, 0.72, 581.01702
2016-09-05, 3, zhong_du, 28.66, 29.78, 2.06, 29.18, 29.19, 30.17, 29.05, 279508.71, 827061536, 2.44, 3.84, 0.68, 647.59994
2016-09-06, 3, zhong_du, 28.66, 29.70, -0.27, 29.78, 29.50, 29.86, 29.10, 224148.72, 660453175, 1.96, 2.55, 0.55, 2366.37712
2016-09-07, 3, zhong_du, 28.66, 29.37, -1.11, 29.70, 29.77, 30.16, 29.35, 231946.67, 689845831, 2.02, 2.73, 0.57, 726.53508
2016-09-08, 3, zhong_du, 28.66, 29.22, -0.51, 29.37, 29.45, 29.67, 29.06, 144685.34, 423996448, 1.26, 2.08, 0.35, 591.70294
2016-09-09, 3, zhong_du, 28.66, 28.63, -2.02, 29.22, 29.22, 29.59, 28.57, 193452.66, 563359286, 1.69, 3.49, 0.47, 1036.37791
2016-09-12, 2, qing_du, 28.66, 27.66, -3.39, 28.63, 27.90, 28.21, 27.63, 186425.14, 519911781, 1.63, 2.03, 0.46, 685.34803
2016-09-13, 2, qing_du, 28.66, 27.78, 0.43, 27.66, 27.85, 28.07, 27.41, 135230.4, 375245393, 1.18, 2.39, 0.33, 846.73095
2016-09-14, 1, wei_ruo, 28.66, 29.72, -2.01, 30.33, 29.80, 30.28, 29.55, 159563.76, 476920398, 1.39, 2.41, 2.66, 2655.22695
2016-09-19, 1, wei_ruo, 28.66, 27.56, 0.77, 27.35, 27.36, 27.75, 27.36, 78186.43, 215226964, 0.68, 1.43, 0.19, 675.5209
2016-09-20, 1, wei_ruo, 28.66, 27.25, -1.12, 27.56, 27.60, 27.63, 27.21, 79318.9, 216881403, 0.69, 1.52, 0.19, 4550.88997
2016-09-21, 1, wei_ruo, 28.66, 27.40, 0.55, 27.25, 27.23, 27.65, 27.23, 74292.99, 203857446, 0.65, 1.54, 0.18, 2054.73208
2016-09-22, 1, wei_ruo, 28.66, 27.49, 0.33, 27.40, 27.58, 27.67, 27.39, 90043.9, 247969570, 0.79, 1.02, 0.22, 515.5251
2016-09-23, 1, wei_ruo, 28.66, 26.91, -2.11, 27.49, 27.48, 27.59, 26.90, 107526.06, 292438698, 0.94, 2.51, 0.26, 978.68896
2016-09-26, 1, wei_ruo, 28.66, 25.93, -3.64, 26.91, 26.86, 26.90, 25.88, 120912.66, 317922673, 1.06, 3.79, 0.30, 8603.57594
2016-09-27, 1, wei_ruo, 28.66, 26.40, 1.81, 25.93, 25.87, 26.60, 25.80, 86316.12, 225044427, 0.75, 3.09, 0.21, 672.49703
2016-09-28, 1, wei_ruo, 28.66, 26.16, -0.91, 26.40, 26.37, 26.47, 26.00, 83334.52, 218611198, 0.73, 1.78, 0.20, 602.96607
2016-09-29, 1, wei_ruo, 28.66, 26.13, -0.11, 26.16, 26.20, 26.40, 26.10, 69854.41, 183426949, 0.61, 1.15, 0.17, 10771.44003
2016-09-30, 1, wei_ruo, 28.66, 26.44, 1.19, 26.13, 26.14, 26.57, 26.14, 75510.05, 199532218, 0.66, 1.65, 0.18, 2664.94012
2016-10-10, 1, wei_ruo, 28.66, 26.94, 1.89, 26.44, 26.56, 27.00, 26.56, 89698.11, 240787249, 0.78, 1.66, 0.22, 653.36299
2016-10-11, 1, wei_ruo, 28.66, 27.07, 0.48, 26.94, 27.14, 27.50, 27.00, 106407.39, 289646215, 0.93, 1.86, 0.26, 2890.16294
2016-10-12, 1, wei_ruo, 28.66, 27.07, 0.00, 27.07, 26.87, 27.11, 26.74, 78596.47, 211471384, 0.69, 1.37, 0.19, 975.65913
2016-10-13, 1, wei_ruo, 28.66, 26.88, -0.70, 27.07, 27.07, 27.09, 26.80, 52198.56, 140513846, 0.46, 1.07, 0.13, 16198.49896
2016-10-14, 1, wei_ruo, 28.52, 26.85, -0.11, 26.88, 26.77, 27.06, 26.56, 56893.08, 152366091, 0.50, 1.86, 0.14, 5545.27211
2016-10-17, 1, wei_ruo, 28.51, 26.43, -1.56, 26.85, 27.16, 27.20, 26.41, 73100.39, 195491858, 0.64, 2.94, 0.18, 2132.28703
2016-10-18, 1, wei_ruo, 28.50, 26.75, 1.21, 26.43, 26.35, 26.77, 26.30, 73954.49, 196482293, 0.65, 1.78, 0.18, 1181.23102
2016-10-19, 1, wei_ruo, 28.48, , , , , , , , , , , , 567.99412
2016-10-20, 1, wei_ruo, 28.47, 26.97, -0.59, 27.13, 27.12, 27.21, 26.92, 70984.39, 191752471, 0.62, 1.07, 0.19, 705.83797
2016-10-21, 1, wei_ruo, 28.46, 26.87, -0.37, 26.97, 26.91, 27.15, 26.53, 69759.73, 187403048, 0.61, 2.30, 0.24, 5023.13805
2016-10-24, 1, wei_ruo, 28.44, 27.27, 1.49, 26.87, 26.87, 27.40, 26.72, 159342.88, 433467942, 1.39, 2.53, 0.94, 608.99401
2016-10-25, 1, wei_ruo, 28.44, 27.15, -0.48, 27.28, 27.29, 27.39, 27.08, 61287.18, 166408595, 0.53, 1.14, 0.36, 4609.7281
2016-10-26, 1, wei_ruo, 28.43, 26.84, -1.14, 27.15, 27.18, 27.25, 26.80, 75344.19, 203076088, 0.66, 1.66, 0.44, 2529.74391
2016-10-27, 1, wei_ruo, 28.42, 27.14, 1.12, 26.84, 26.91, 27.36, 26.79, 91576.63, 248167255, 0.80, 2.12, 0.54, 845.45398
2016-10-28, 1, wei_ruo, 28.41, 26.87, -0.99, 27.14, 27.20, 27.32, 26.81, 73688.84, 199421522, 0.64, 1.88, 0.43, 6129.82082
2016-10-31, 1, wei_ruo, 28.39, 27.32, 1.67, 26.87, 26.84, 27.45, 26.78, 155443.01, 424173897, 1.36, 2.49, 0.92, 616.7829
2016-11-01, 1, wei_ruo, 28.38, 27.45, 0.44, 27.33, 27.45, 27.71, 27.23, 112967.52, 310240723, 0.99, 1.76, 0.67, 2559.21197
2016-11-02, 1, wei_ruo, 28.37, 27.25, -0.73, 27.45, 27.48, 27.87, 27.16, 135193.99, 372240266, 1.18, 2.59, 0.80, 673.46787
2016-11-03, 1, wei_ruo, 28.35, 27.09, -0.59, 27.25, 27.25, 27.39, 26.80, 139693.25, 378073442, 1.22, 2.17, 0.82, 469.58804
2016-11-04, 1, wei_ruo, 28.34, 26.71, -1.40, 27.09, 27.10, 27.18, 26.60, 101582.68, 272522554, 0.89, 2.14, 0.59, 913.10406
2016-11-07, 1, wei_ruo, 28.32, 26.40, -1.16, 26.71, 26.65, 26.86, 26.34, 94741.28, 251536332, 0.83, 1.95, 0.55, 633.15988
2016-11-08, 1, wei_ruo, 28.31, 26.55, 0.57, 26.40, 26.62, 26.85, 26.38, 89895.27, 238912574, 0.78, 1.78, 0.53, 411.515
2016-11-09, 1, wei_ruo, 28.30, 26.26, -1.09, 26.55, 26.51, 26.51, 26.01, 84414.7, 221819545, 0.74, 1.88, 0.49, 575.15597
2016-11-10, 1, wei_ruo, 28.28, 26.60, 1.29, 26.26, 26.45, 26.80, 26.33, 91409.4, 242644014, 0.80, 1.79, 0.54, 1733.181
2016-11-11, 1, wei_ruo, 28.27, 26.78, 0.71, 26.59, 26.60, 26.79, 26.36, 105079.16, 279239467, 0.92, 1.62, 0.61, 3007.59101
2016-11-14, 1, wei_ruo, 28.25, 26.91, 0.49, 26.78, 26.70, 27.15, 26.58, 101604.53, 273052359, 0.89, 2.13, 0.60, 693.56108
2016-11-15, 1, wei_ruo, 28.25, 26.78, -0.59, 26.94, 27.04, 27.04, 26.65, 76372.65, 204333423, 0.67, 1.45, 0.45, 567.60907
2016-11-16, 1, wei_ruo, 28.24, 26.80, 0.07, 26.78, 26.82, 26.95, 26.74, 35064.4, 93981197, 0.31, 0.78, 0.41, 483.47592
2016-11-17, 1, wei_ruo, 28.23, 26.75, -0.71, 26.94, 27.04, 27.04, 26.68, 35963.74, 96361489, 0.31, 1.34, 0.42, 568.54296
2016-11-18, 1, wei_ruo, 28.22, 26.75, -0.71, 26.94, 27.04, 27.04, 26.68, 35963.74, 96361489, 0.31, 1.34, 0.42, 567.49392
2016-11-21, 1, wei_ruo, 28.21, 26.63, 0.30, 26.55, 26.53, 26.80, 26.00, 71560.41, 190245000, 0.62, 3.01, 0.42, 343.38784
2016-11-22, 1, wei_ruo, 28.20, 26.62, -0.04, 26.63, 26.65, 26.71, 26.47, 56827.45, 150874539, 0.50, 0.90, 0.33, 805.27306
2016-11-23, 1, wei_ruo, 28.18, 26.85, 0.86, 26.62, 26.63, 27.14, 26.59, 161052.54, 432252203, 1.41, 2.07, 0.95, 507.31015
2016-11-24, 1, wei_ruo, 28.16, 26.28, -2.09, 26.84, 26.72, 26.74, 26.18, 124564.84, 329137885, 1.09, 2.09, 0.74, 697.40415
2016-11-25, 1, wei_ruo, 28.15, 26.41, 0.49, 26.28, 26.25, 26.64, 26.20, 72613.74, 191746912, 0.63, 1.67, 0.42, 1878.407
2016-11-28, 1, wei_ruo, 28.14, 26.29, -0.45, 26.41, 26.55, 26.67, 26.27, 69088.5, 182564323, 0.60, 1.51, 0.41, 518.70799
2016-11-29, 1, wei_ruo, 28.12, 26.43, 0.46, 26.31, 26.31, 26.82, 26.31, 113419.99, 301346743, 0.99, 1.94, 0.66, 427.47903
2016-11-30, 1, wei_ruo, 28.11, 26.19, -0.91, 26.43, 26.40, 26.40, 26.15, 64546.53, 169321095, 0.56, 0.95, 0.38, 441.82205
2016-12-01, 1, wei_ruo, 28.10, 26.17, -0.11, 26.20, 26.25, 26.37, 26.01, 74650.51, 195548465, 0.65, 1.37, 0.44, 590.64102
2016-12-02, 1, wei_ruo, 28.08, 25.64, -2.03, 26.17, 26.15, 26.24, 25.61, 80210.98, 208076064, 0.70, 2.41, 0.47, 2581.13289
2016-12-05, 1, wei_ruo, 28.07, 25.71, 0.27, 25.64, 25.40, 26.15, 25.33, 63573.3, 164347800, 0.55, 3.20, 0.37, 689.44597
2016-12-06, 1, wei_ruo, 28.06, 25.50, -0.82, 25.71, 25.72, 25.84, 25.50, 49055.92, 125805195, 0.43, 1.32, 0.29, 649.51015
2016-12-07, 1, wei_ruo, 28.05, 25.67, 0.67, 25.50, 25.51, 25.67, 25.51, 50104.61, 128128732, 0.44, 0.63, 0.29, 454.8831
2016-12-08, 1, wei_ruo, 28.04, 25.46, -0.82, 25.67, 25.67, 25.73, 25.42, 55954, 142987539, 0.49, 1.21, 0.33, 454.21219
2016-12-09, 1, wei_ruo, 28.02, 25.09, -1.45, 25.46, 25.45, 25.55, 25.05, 68714.22, 173411349, 0.60, 1.96, 0.40, 603.85203
2016-12-12, 1, wei_ruo, 27.97, 23.53, -6.22, 25.09, 25.20, 25.24, 23.39, 130894.89, 316560270, 1.14, 7.37, 0.77, 2520.504
2016-12-13, 1, wei_ruo, 27.95, 23.83, 1.27, 23.53, 23.53, 24.10, 23.28, 72192.23, 171153847, 0.63, 3.48, 0.42, 899.66893
2016-12-14, 1, wei_ruo, 27.89, 25.20, 5.75, 23.83, 23.81, 26.21, 23.31, 210718.08, 528847993, 1.84, 12.17, 1.23, 398.56505
2016-12-15, 1, wei_ruo, 27.84, 26.80, 6.35, 25.20, 25.01, 27.25, 24.92, 384125.04, 1016357616, 3.35, 9.25, 2.25, 1468.79101
2016-12-16, 1, wei_ruo, 27.82, 26.47, -1.23, 26.80, 26.70, 26.75, 26.14, 193957.45, 512195812, 1.69, 2.28, 1.14, 480.03411
2016-12-19, 2, qing_du, 27.80, 26.44, -0.11, 26.47, 26.41, 26.74, 26.02, 149517.05, 394707834, 1.31, 2.72, 0.88, 610.57496
2016-12-20, 2, qing_du, 27.78, 26.04, -1.51, 26.44, 26.55, 26.68, 25.82, 130540.91, 342463436, 1.14, 3.25, 0.76, 814.87322
2016-12-21, 2, qing_du, 27.75, 26.60, 2.15, 26.04, 26.08, 26.80, 25.80, 223039.46, 588206441, 1.95, 3.84, 1.31, 474.84994
2016-12-22, 2, qing_du, 27.73, 26.07, -1.99, 26.60, 26.30, 26.40, 25.91, 123112.99, 321916247, 1.07, 1.84, 0.72, 472.24998
2016-12-23, 3, zhong_du, 27.72, 25.95, -0.46, 26.07, 25.98, 26.36, 25.80, 93356.63, 243109332, 0.81, 2.15, 0.55, 409.30414
2016-12-26, 2, qing_du, 27.70, 25.53, -1.62, 25.95, 25.89, 25.89, 24.90, 107619.9, 272282036, 0.94, 3.82, 0.63, 561.86414
2016-12-27, 2, qing_du, 27.68, 25.09, -1.72, 25.53, 25.51, 25.51, 25.06, 77101.6, 194706259, 0.67, 1.76, 0.45, 508.93402
2016-12-28, 2, qing_du, 27.67, 25.03, -0.24, 25.09, 25.16, 25.50, 25.00, 68292.27, 172115933, 0.60, 1.99, 0.40, 559.30209
2016-12-30, 1, wei_ruo, 27.64, 24.74, -0.92, 24.97, 25.05, 25.12, 24.73, 59587.99, 148484457, 0.52, 1.56, 0.35, 617.05208
2017-01-03, 1, wei_ruo, 27.61, 24.74, -0.92, 24.97, 25.05, 25.12, 24.73, 59587.99, 148484457, 0.52, 1.56, 0.35, 4600.78788
2017-01-04, 1, wei_ruo, 27.59, 25.58, 0.35, 25.49, 25.50, 25.74, 25.21, 106982.72, 273349687, 0.93, 2.08, 0.63, 513.39316
2017-01-05, 2, qing_du, 27.57, 25.86, 1.09, 25.58, 25.59, 26.18, 25.36, 144461.55, 374316628, 1.26, 3.21, 0.85, 611.89795
2017-01-06, 2, qing_du, 27.56, 25.74, -0.46, 25.86, 26.00, 26.13, 25.57, 102463.79, 264484614, 0.89, 2.17, 0.60, 786.87119
2017-01-09, 2, qing_du, 27.53, 26.59, 3.30, 25.74, 25.69, 26.96, 25.55, 229960.85, 607170453, 2.01, 5.48, 1.35, 668.33901
2017-01-10, 3, zhong_du, 27.52, 26.44, -0.56, 26.59, 26.35, 26.66, 26.26, 75393.22, 199224855, 0.66, 1.50, 0.88, 754.287
2017-01-11, 3, zhong_du, 27.51, 26.44, -0.56, 26.59, 26.35, 26.66, 26.26, 75393.22, 199224855, 0.66, 1.50, 0.88, 524.08504
2017-01-13, 3, zhong_du, 27.48, 26.44, -0.56, 26.59, 26.35, 26.66, 26.26, 75393.22, 199224855, 0.66, 1.50, 0.88, 702.30412
2017-01-16, 2, qing_du, 27.45, 24.78, -2.71, 25.47, 25.00, 25.47, 23.33, 117693.01, 292016576, 1.03, 8.40, 0.69, 622.54906
2017-01-17, 2, qing_du, 27.44, 25.04, 1.05, 24.78, 24.69, 25.13, 24.46, 65887.69, 163633533, 0.58, 2.70, 0.39, 536.87286
2017-01-18, 2, qing_du, 27.43, 26.44, -0.56, 26.59, 26.35, 26.66, 26.26, 75393.22, 199224855, 0.66, 1.50, 0.88, 680.07588
2017-02-07, 3, zhong_du, 27.34, 25.82, 0.62, 25.66, 25.69, 25.91, 25.50, 35820.68, 92121894, 0.31, 1.60, 0.48, 599.06006
2017-02-08, 3, zhong_du, 27.33, 26.13, 1.83, 25.66, 25.69, 26.17, 25.50, 110376.14, 285850434, 0.96, 2.61, 0.65, 2625.7062
2017-02-09, 3, zhong_du, 27.32, 26.00, -0.50, 26.13, 26.12, 26.18, 25.92, 60741.86, 158059355, 0.53, 1.00, 0.46, 560.94098
2017-02-10, 3, zhong_du, 27.31, 25.72, -1.30, 26.06, 26.06, 26.13, 25.70, 76944, 198913152, 0.67, 1.65, 0.45, 2839.35404
2017-02-13, 3, zhong_du, 27.30, 25.70, -0.08, 25.72, 25.73, 25.85, 25.55, 62690.64, 160981099, 0.55, 1.17, 0.37, 4833.2901
2017-02-14, 3, zhong_du, 27.30, 25.66, -0.16, 25.70, 25.69, 25.93, 25.60, 59869.53, 154131659, 0.52, 1.28, 0.35, 618.68
2017-02-15, 3, zhong_du, 27.28, 25.56, -0.39, 25.66, 25.70, 25.89, 25.47, 74938.1, 192302501, 0.65, 1.64, 0.44, 4674.80993
2017-02-16, 3, zhong_du, 27.28, 25.65, 0.35, 25.56, 25.51, 25.85, 25.49, 64494.48, 165117250, 0.56, 1.41, 0.38, 910.4991
2017-02-17, 3, zhong_du, 27.26, 25.75, 0.39, 25.65, 25.51, 25.96, 25.41, 110294.14, 283591370, 0.96, 2.14, 0.65, 2531.55184
2017-02-20, 3, zhong_du, 27.25, 25.98, 0.89, 25.75, 25.91, 26.24, 25.77, 94377.58, 244945424, 0.82, 1.83, 0.55, 712.80909
2017-02-21, 3, zhong_du, 27.24, 25.75, 0.39, 25.65, 25.51, 25.96, 25.41, 110294.14, 283591370, 0.96, 2.14, 0.65, 2919.60502
2017-02-22, 4, gao_du, 27.23, 25.89, -0.61, 26.05, 26.05, 26.13, 25.82, 65100.65, 168838456, 0.57, 1.19, 0.38, 4686.14101
2017-02-23, 4, gao_du, 27.22, 25.58, -1.20, 25.89, 25.94, 25.98, 25.41, 76101.96, 195212996, 0.66, 2.20, 0.45, 4925.349
2017-02-24, 4, gao_du, 27.21, 25.62, 0.16, 25.58, 25.50, 25.72, 25.48, 12101.32, 31024020, 0.11, 0.94, 0.39, 1430.44114
2017-02-27, 3, zhong_du, 27.20, 25.11, -2.11, 25.65, 25.55, 25.59, 25.01, 84317.42, 213236123, 0.74, 2.26, 0.49, 2987.70308
2017-02-28, 3, zhong_du, 27.19, 25.22, 0.44, 25.11, 25.05, 25.28, 25.00, 49242.92, 123708465, 0.43, 1.12, 0.29, 592.51189
2017-03-01, 3, zhong_du, 27.18, 25.42, 0.79, 25.22, 25.24, 25.59, 25.21, 79046.17, 201180937, 0.69, 1.51, 0.46, 544.74592
2017-03-02, 3, zhong_du, 27.17, 25.21, -0.83, 25.42, 25.47, 25.50, 25.14, 51557.61, 130347365, 0.45, 1.42, 0.30, 869.21
2017-03-03, 3, zhong_du, 27.16, 25.52, 1.23, 25.21, 25.22, 25.61, 25.14, 77629.14, 197455493, 0.68, 1.86, 0.45, 4714.89787
2017-03-06, 3, zhong_du, 27.15, 25.71, 0.74, 25.52, 25.57, 25.77, 25.40, 85795.23, 219712959, 0.75, 1.45, 0.50, 4518.01419
2017-03-07, 3, zhong_du, 27.14, 25.67, 0.63, 25.51, 25.55, 25.90, 25.52, 44930.71, 115571986, 0.39, 1.49, 0.58, 4362.17904
2017-03-08, 3, zhong_du, 27.13, 25.46, -0.20, 25.51, 25.55, 25.90, 25.40, 74385.9, 190813818, 0.65, 1.96, 0.44, 823.23599
2017-03-09, 4, gao_du, 27.12, 25.11, -1.37, 25.46, 25.30, 25.45, 25.06, 69532.31, 175317077, 0.61, 1.53, 0.41, 567.75308
2017-03-10, 3, zhong_du, 27.11, 24.90, -0.84, 25.11, 25.09, 25.27, 24.86, 59750.03, 149564485, 0.52, 1.63, 0.35, 780.52115
2017-03-13, 3, zhong_du, 27.09, 25.15, 1.00, 24.90, 24.94, 25.20, 24.93, 83798.47, 209874981, 0.73, 1.08, 0.49, 621.28901
2017-03-14, 3, zhong_du, 27.08, 25.13, -0.08, 25.15, 25.18, 25.37, 24.99, 67240.12, 169222051, 0.59, 1.51, 0.39, 661.98206
2017-03-15, 2, qing_du, 27.07, 24.84, -1.15, 25.13, 25.06, 25.16, 24.82, 68605.14, 170976996, 0.60, 1.35, 0.40, 2535.14695
2017-03-16, 1, wei_ruo, 27.06, 25.04, 0.81, 24.84, 24.90, 25.09, 24.90, 58226, 145564221, 0.51, 0.76, 0.34, 738.04307
2017-03-17, 1, wei_ruo, 27.04, 24.81, -0.92, 25.04, 25.05, 25.28, 24.80, 94614.55, 236915764, 0.83, 1.92, 0.55, 2658.48112
2017-03-20, 1, wei_ruo, 27.03, 24.66, -0.60, 24.81, 24.81, 24.89, 24.50, 63369.45, 156265558, 0.55, 1.57, 0.37, 598.52409
2017-03-21, 1, wei_ruo, 27.02, 24.76, 0.41, 24.66, 24.66, 24.78, 24.60, 37049.97, 91458435, 0.32, 0.73, 0.22, 595.41988
2017-03-22, 1, wei_ruo, 27.00, 24.31, -1.82, 24.76, 24.62, 24.69, 24.28, 67391.57, 164529867, 0.59, 1.66, 0.39, 613.48701
2017-03-23, 1, wei_ruo, 26.99, 24.56, 1.03, 24.31, 24.40, 24.66, 24.22, 64540.22, 158136955, 0.56, 1.81, 0.38, 611.54604
2017-03-24, 1, wei_ruo, 26.98, 24.52, -0.16, 24.56, 24.60, 24.64, 24.34, 40881.36, 99954538, 0.36, 1.22, 0.24, 711.55787
2017-03-27, 1, wei_ruo, 26.97, 24.81, 1.18, 24.52, 24.56, 24.88, 24.56, 73966.93, 183037008, 0.65, 1.31, 0.43, 686.05494
2017-03-28, 1, wei_ruo, 26.96, 24.59, -0.89, 24.81, 24.80, 24.93, 24.58, 47343.29, 117035435, 0.41, 1.41, 0.28, 625.84591
2017-03-29, 1, wei_ruo, 26.95, 24.64, 0.20, 24.59, 24.60, 24.80, 24.56, 48533.44, 119750568, 0.42, 0.98, 0.28, 642.9019
2017-03-30, 1, wei_ruo, 26.93, 24.22, -1.70, 24.64, 24.66, 24.69, 24.20, 59856.55, 145840972, 0.52, 1.99, 0.35, 564.02516
2017-03-31, 1, wei_ruo, 26.92, 24.58, 1.49, 24.22, 24.33, 24.85, 24.32, 86763.57, 213678631, 0.76, 2.19, 0.51, 613.34801
2017-04-05, 1, wei_ruo, 26.90, 24.83, 1.02, 24.58, 24.40, 24.87, 24.30, 75512.34, 186413220, 0.66, 2.32, 0.44, 606.23813
2017-04-06, 1, wei_ruo, 26.89, 24.73, -0.40, 24.83, 24.81, 24.95, 24.63, 55643.94, 137800233, 0.49, 1.29, 0.33, 2596.01092
2017-04-07, 1, wei_ruo, 26.87, 25.03, 1.21, 24.73, 24.80, 25.09, 24.74, 99239.85, 247914646, 0.87, 1.42, 0.58, 584.46407
2017-04-10, 1, wei_ruo, 26.86, 24.80, -0.92, 25.03, 25.09, 25.12, 24.70, 81161.41, 201809836, 0.71, 1.68, 0.47, 622.20383
2017-04-11, 1, wei_ruo, 26.82, 26.30, 6.05, 24.80, 24.75, 26.60, 24.58, 413943.63, 1076800009, 3.61, 8.15, 2.42, 548.66099
2017-04-12, 2, qing_du, 26.81, 25.79, -1.94, 26.30, 26.02, 26.74, 25.73, 234251.12, 612799356, 2.04, 3.84, 1.37, 737.84494
2017-04-13, 2, qing_du, 26.80, 25.60, -0.74, 25.79, 25.79, 25.97, 25.45, 105436.25, 270434065, 0.92, 2.02, 0.62, 641.49714
2017-04-14, 2, qing_du, 26.79, 25.44, -0.63, 25.60, 25.62, 25.98, 25.30, 103620.79, 265622488, 0.90, 2.66, 0.61, 919.91282
2017-04-17, 2, qing_du, 26.77, 24.73, -2.79, 25.44, 25.34, 25.49, 24.00, 89780.03, 223108719, 0.78, 5.86, 0.53, 662.36901
2017-04-18, 1, wei_ruo, 26.76, 24.61, -0.49, 24.73, 24.60, 24.97, 24.58, 59496.24, 147027279, 0.52, 1.58, 0.35, 594.47885
2017-04-19, 1, wei_ruo, 26.74, 24.34, -1.10, 24.61, 24.60, 24.81, 24.05, 73250.54, 179044677, 0.64, 3.09, 0.43, 600.95119
2017-04-20, 1, wei_ruo, 26.73, 24.80, 1.89, 24.34, 24.58, 25.15, 24.43, 94938.7, 235450139, 0.83, 2.96, 0.56, 680.01199
2017-04-21, 1, wei_ruo, 26.71, 24.24, -2.26, 24.80, 24.90, 24.91, 24.18, 69559.66, 170215759, 0.61, 2.94, 0.41, 598.24085
2017-04-24, 1, wei_ruo, 26.70, 23.58, -2.72, 24.24, 24.24, 24.48, 23.51, 62733.55, 149959364, 0.55, 4.00, 0.37, 582.74317
2017-04-25, 1, wei_ruo, 26.68, 23.75, 0.72, 23.58, 23.58, 23.88, 23.33, 59287.73, 140063105, 0.52, 2.33, 0.35, 820.72401
2017-04-26, 1, wei_ruo, 26.67, 23.56, -0.80, 23.75, 23.85, 23.88, 23.51, 52215.36, 123834125, 0.46, 1.56, 0.31, 824.2178
2017-04-27, 1, wei_ruo, 26.64, 23.16, -1.70, 23.56, 23.52, 23.62, 22.20, 92282.21, 211788820, 0.81, 6.03, 0.54, 689.70513
2017-04-28, 1, wei_ruo, 26.63, 23.25, 0.39, 23.16, 23.00, 23.50, 23.00, 31927.71, 74176011, 0.28, 2.16, 0.19, 654.58989
2017-05-02, 1, wei_ruo, 26.61, 22.82, -1.85, 23.25, 23.20, 23.20, 22.73, 50897.21, 116762246, 0.44, 2.02, 0.30, 651.81398
2017-05-03, 1, wei_ruo, 26.59, 23.37, 2.41, 22.82, 22.82, 23.82, 22.67, 87113.03, 203301090, 0.76, 5.04, 0.51, 2701.43199
2017-05-04, 1, wei_ruo, 26.57, 22.98, -1.67, 23.37, 23.40, 23.40, 22.90, 63304.67, 145829260, 0.55, 2.14, 0.37, 645.04004
2017-05-05, 1, wei_ruo, 26.54, 22.35, -2.74, 22.98, 23.10, 23.45, 22.28, 84970.72, 194675379, 0.74, 5.09, 0.50, 530.1559
2017-05-11, 1, wei_ruo, 26.28, 19.51, 1.14, 19.29, 19.19, 19.64, 18.15, 143070.25, 271091502, 1.25, 7.72, 0.84, 658.78415
2017-05-12, 1, wei_ruo, 26.25, 19.08, -2.20, 19.51, 19.35, 19.51, 18.91, 51411.52, 98432246, 0.45, 3.08, 0.30, 585.98804
2017-05-15, 1, wei_ruo, 26.22, 18.81, -1.42, 19.08, 19.09, 19.29, 18.80, 42193.13, 80293814, 0.37, 2.57, 0.25, 717.99183
2017-05-16, 1, wei_ruo, 26.17, 19.12, 1.65, 18.81, 18.82, 19.14, 18.28, 76154.52, 142741858, 0.66, 4.57, 0.45, 60580.03521
2017-05-17, 1, wei_ruo, 26.11, 19.87, 3.92, 19.12, 19.18, 20.55, 19.18, 116989.04, 233806736, 1.02, 7.17, 0.68, 649.88303
2017-05-18, 1, wei_ruo, 26.07, 19.73, -0.70, 19.87, 19.50, 20.16, 19.41, 69234.42, 136863010, 0.60, 3.77, 0.41, 634.58204
2017-05-19, 1, wei_ruo, 26.05, 19.70, -0.15, 19.73, 19.72, 19.95, 19.60, 31824.17, 62784680, 0.28, 1.77, 0.19, 2609.06601
2017-05-22, 1, wei_ruo, 26.03, 19.30, -2.03, 19.70, 19.82, 20.00, 19.26, 41337.23, 81357307, 0.36, 3.76, 0.24, 584.31911
2017-05-23, 1, wei_ruo, 25.99, 18.38, -4.77, 19.30, 19.30, 19.48, 18.20, 57466.84, 108412651, 0.50, 6.63, 0.34, 892.20786
2017-05-24, 1, wei_ruo, 25.95, 18.60, 1.20, 18.38, 18.43, 18.69, 17.90, 53993.08, 99353434, 0.47, 4.30, 0.32, 654.02699
2017-05-25, 1, wei_ruo, 25.92, 18.97, 1.99, 18.60, 18.51, 19.07, 18.35, 53026.67, 99517478, 0.46, 3.87, 0.31, 2542.12618
2017-05-26, 1, wei_ruo, 25.87, 18.76, -1.00, 18.95, 18.82, 18.98, 18.71, 34038.59, 64189800, 0.30, 1.42, 0.20, 1082.63493
2017-05-31, 1, wei_ruo, 25.86, 18.81, 0.27, 18.76, 18.94, 19.20, 18.76, 30882.49, 58605243, 0.27, 2.35, 0.18, 590.92999
2017-06-01, 1, wei_ruo, 25.83, 18.20, -3.24, 18.81, 18.71, 18.84, 18.20, 42135.43, 77808872, 0.37, 3.40, 0.25, 646.49987
2017-06-02, 1, wei_ruo, 25.79, 18.49, 1.59, 18.20, 18.11, 18.64, 17.92, 51451.53, 94173100, 0.45, 3.96, 0.30, 19610.919
2017-06-05, 1, wei_ruo, 25.77, 18.56, 0.38, 18.49, 18.45, 18.82, 18.45, 33094.04, 61642475, 0.29, 2.00, 0.19, 33401.196
2017-06-06, 1, wei_ruo, 25.72, 19.15, 3.18, 18.56, 18.73, 19.50, 18.60, 91188.9, 174833346, 0.80, 4.85, 0.53, 15629.16803
2017-06-07, 1, wei_ruo, 25.68, 19.27, 0.63, 19.15, 19.08, 19.33, 18.98, 73930.07, 142072315, 0.65, 1.83, 0.43, 587.17513
2017-06-08, 1, wei_ruo, 25.64, 19.22, -0.26, 19.27, 19.27, 19.49, 19.10, 68493.33, 132038663, 0.60, 2.02, 0.40, 657.39894
2017-06-09, 1, wei_ruo, 25.61, 19.14, -0.42, 19.22, 19.16, 19.35, 18.98, 49564.16, 94826967, 0.43, 1.93, 0.29, 795.55702
2017-06-12, 1, wei_ruo, 25.58, 18.68, -2.40, 19.14, 19.10, 19.10, 18.61, 47449.6, 89332057, 0.41, 2.56, 0.28, 2728.0798
2017-06-13, 1, wei_ruo, 25.56, 18.82, 0.75, 18.68, 18.63, 18.92, 18.63, 35099.18, 65998637, 0.31, 1.55, 0.21, 4545.11499
2017-06-14, 1, wei_ruo, 25.53, 18.88, 0.32, 18.82, 18.88, 19.25, 18.69, 62160.89, 118216610, 0.54, 2.98, 0.36, 569.76604
2017-06-15, 1, wei_ruo, 25.49, 19.06, 0.95, 18.88, 18.79, 19.20, 18.71, 69266.66, 132153911, 0.60, 2.60, 0.41, 576.998
2017-06-16, 1, wei_ruo, 25.45, 19.24, 0.94, 19.06, 19.05, 19.35, 19.00, 67021.64, 128577175, 0.59, 1.84, 0.39, 621.74201
2017-06-19, 1, wei_ruo, 25.39, 19.76, 2.70, 19.24, 19.30, 20.04, 19.25, 119425.06, 236178927, 1.04, 4.11, 0.70, 1729.03585
2017-06-20, 1, wei_ruo, 25.36, 19.54, -1.11, 19.76, 19.83, 19.83, 19.53, 65759.85, 129263963, 0.57, 1.52, 0.38, 606.64392
2017-06-21, 1, wei_ruo, 25.32, 19.65, 0.56, 19.54, 19.73, 20.18, 19.52, 80346.1, 158736189, 0.70, 3.38, 0.47, 767.63797
2017-06-22, 1, wei_ruo, 25.27, 19.58, -0.36, 19.65, 19.66, 20.05, 19.45, 90883.04, 179238859, 0.79, 3.05, 0.53, 709.18298
2017-06-23, 1, wei_ruo, 25.24, 19.52, -0.31, 19.58, 19.51, 19.73, 19.12, 72325.12, 140314903, 0.63, 3.12, 0.42, 830.92499
2017-06-26, 1, wei_ruo, 25.20, 19.79, 1.38, 19.52, 19.52, 19.80, 19.25, 73821.43, 145339973, 0.64, 2.82, 0.43, 3637.8119
2017-06-27, 1, wei_ruo, 25.15, 20.02, 1.16, 19.79, 19.88, 20.22, 19.81, 116813.24, 234184103, 1.02, 2.07, 0.68, 592.01884
2017-06-28, 1, wei_ruo, 25.11, 19.58, -2.20, 20.02, 19.89, 19.89, 19.49, 87898.54, 172651779, 0.77, 2.00, 0.51, 1560.2479
2017-06-29, 1, wei_ruo, 25.08, 19.74, 0.82, 19.58, 19.57, 19.79, 19.54, 52556.98, 103381203, 0.46, 1.28, 0.31, 655.21193
2017-06-30, 1, wei_ruo, 25.06, 19.57, -0.86, 19.74, 19.65, 19.74, 19.38, 36196.64, 70690422, 0.32, 1.82, 0.21, 581.66504
2017-07-03, 1, wei_ruo, 25.04, 19.59, 0.10, 19.57, 19.48, 19.60, 19.35, 42902.13, 83598035, 0.37, 1.28, 0.25, 643.53991
2017-07-04, 1, wei_ruo, 25.02, 19.75, 0.82, 19.59, 19.60, 19.75, 19.41, 59231.32, 116214109, 0.52, 1.74, 0.35, 639.61411
2017-07-05, 2, qing_du, 24.99, 19.71, -0.20, 19.75, 19.70, 19.79, 19.52, 50505.81, 99323938, 0.44, 1.37, 0.30, 699.43404
2017-07-06, 2, qing_du, 24.97, 19.67, -0.20, 19.71, 19.71, 19.80, 19.38, 57040.78, 111822716, 0.50, 2.13, 0.33, 702.74806
2017-07-07, 2, qing_du, 24.93, 19.78, 0.56, 19.67, 19.66, 19.96, 19.50, 82465.25, 162870300, 0.72, 2.34, 0.48, 622.07389
2017-07-10, 2, qing_du, 24.88, 19.82, 0.20, 19.78, 20.10, 20.26, 19.78, 101864.13, 204008227, 0.89, 2.43, 0.60, 654.76298
2017-07-11, 3, zhong_du, 24.84, 19.93, 0.55, 19.82, 19.73, 20.20, 19.67, 98806.93, 197516886, 0.86, 2.67, 0.58, 618.88599
2017-07-12, 3, zhong_du, 24.80, 19.88, -0.25, 19.93, 19.95, 20.06, 19.29, 98197.09, 192705150, 0.86, 3.86, 0.57, 717.57698
2017-07-13, 3, zhong_du, 24.75, 20.10, 1.11, 19.88, 19.80, 20.11, 19.51, 108888.39, 217104167, 0.95, 3.02, 0.64, 761.44314
2017-07-14, 3, zhong_du, --, 19.93, -0.85, 20.10, 20.01, 20.18, 19.80, 79448.44, 158658644, 0.69, 1.89, 0.46, 554.86798
2017-07-17, 3, zhong_du, --, 18.11, -9.13, 19.93, 19.80, 19.87, 18.10, 125164.89, 235742010, 1.09, 8.88, 0.73, 802.52504
2017-07-18, 2, qing_du, 24.62, 18.42, 1.71, 18.11, 18.12, 18.49, 18.01, 57847.26, 105796552, 0.50, 2.65, 0.34, 2647.35699
2017-07-19, 1, wei_ruo, --, 18.59, 0.92, 18.42, 18.38, 18.77, 18.20, 67581.36, 125377671, 0.59, 3.09, 0.40, 2616.24694
2017-07-20, 1, wei_ruo, --, 18.63, 0.22, 18.59, 18.61, 18.80, 18.55, 54321.38, 101426131, 0.47, 1.34, 0.32, 1367.28215
2017-07-21, 1, wei_ruo, --, 18.69, 0.32, 18.63, 18.52, 18.89, 18.52, 46882.78, 87627219, 0.41, 1.99, 0.27, 513.31997
2017-07-24, 1, wei_ruo, 24.49, 19.19, 2.68, 18.69, 18.69, 19.24, 18.58, 89679.77, 170401941, 0.78, 3.53, 0.52, 839.42699
2017-07-25, 1, wei_ruo, --, 19.18, -0.05, 19.19, 19.43, 19.57, 19.02, 82294.17, 158529387, 0.72, 2.87, 0.48, 688.25603
2017-07-26, 2, qing_du, --, 19.20, 0.10, 19.18, 19.15, 19.32, 18.95, 58417.5, 111679741, 0.51, 1.93, 0.34, 11334.83315
2017-07-27, 2, qing_du, 24.39, 19.28, 0.42, 19.20, 19.20, 19.34, 18.74, 72246.76, 138335212, 0.63, 3.13, 0.42, 1349.39885
2017-07-28, 2, qing_du, 24.37, 19.09, -0.99, 19.28, 19.25, 19.31, 19.09, 46766.49, 89709982, 0.41, 1.14, 0.27, 1059.74603
2017-07-31, 2, qing_du, 24.34, 18.89, -1.05, 19.09, 19.18, 19.24, 18.86, 57016.33, 107973696, 0.50, 1.99, 0.33, 837.94403
2017-08-01, 2, qing_du, 24.31, 18.73, -0.85, 18.89, 18.90, 19.08, 18.69, 58158.81, 109589576, 0.51, 2.06, 0.34, 627.84815
2017-08-02, 1, wei_ruo, 24.28, 18.24, -2.62, 18.73, 18.70, 18.76, 18.21, 75266.17, 138873007, 0.66, 2.94, 0.44, 703.74703
2017-08-03, 1, wei_ruo, 24.25, 18.36, 0.66, 18.24, 18.30, 18.49, 18.22, 42952.55, 78948442, 0.37, 1.48, 0.25, 705.47295
2017-08-04, 1, wei_ruo, 24.15, 19.46, 5.99, 18.36, 18.40, 19.88, 18.39, 245039.83, 472079313, 2.14, 8.12, 1.43, 740.43894
2017-08-07, 1, wei_ruo, 24.11, 19.12, -1.75, 19.46, 19.33, 19.38, 19.05, 92747.33, 177752993, 0.81, 1.70, 0.54, 816.41293
2017-08-08, 2, qing_du, 24.06, 19.29, 0.89, 19.12, 19.10, 19.50, 18.90, 106297.68, 204537084, 0.93, 3.14, 0.62, 644.16289
2017-08-09, 2, qing_du, 24.04, 19.14, -0.78, 19.29, 19.01, 19.40, 19.01, 46071.37, 88472359, 0.40, 2.02, 0.27, 687.91294
2017-08-10, 3, zhong_du, 24.01, 19.28, 0.73, 19.14, 19.16, 19.52, 19.10, 77399.83, 149388882, 0.68, 2.19, 0.45, 1074.51701
2017-08-11, 3, zhong_du, 23.95, 19.30, 0.10, 19.28, 19.34, 19.78, 19.02, 146853.53, 286372548, 1.28, 3.94, 0.86, 1013.88812
2017-08-14, 3, zhong_du, 23.92, 19.51, 1.09, 19.30, 19.21, 19.52, 19.01, 84129.39, 162593504, 0.73, 2.64, 0.49, 2982.99313
2017-08-15, 3, zhong_du, 23.89, 19.55, 0.21, 19.51, 19.49, 19.69, 19.35, 73518.65, 143372194, 0.64, 1.74, 0.43, 2910.30312
2017-08-16, 3, zhong_du, 23.84, 19.85, 1.53, 19.55, 19.52, 20.05, 19.37, 122753.53, 242113238, 1.07, 3.48, 0.72, 549.70098
2017-08-17, 4, gao_du, 23.80, 19.83, -0.10, 19.85, 19.80, 20.28, 19.80, 130406.5, 261148156, 1.14, 2.42, 0.76, 5966.84813
2017-08-18, 4, gao_du, 23.77, 19.45, -1.92, 19.83, 19.70, 19.83, 19.43, 86003.77, 168454117, 0.75, 2.02, 0.50, 2609.00998
2017-08-21, 4, gao_du, 23.75, 19.53, 0.41, 19.45, 19.45, 19.59, 19.32, 55421.64, 107742806, 0.48, 1.39, 0.32, 785.14099
2017-08-22, 3, zhong_du, 23.73, 19.28, -1.28, 19.53, 19.60, 19.64, 19.25, 51977.03, 100679146, 0.45, 2.00, 0.30, 542.8679
2017-08-23, 3, zhong_du, 23.71, 19.27, -0.05, 19.28, 19.22, 19.44, 19.21, 33959.31, 65613756, 0.30, 1.19, 0.20, 939.93998
2017-08-24, 3, zhong_du, 23.70, 19.20, -0.36, 19.27, 19.28, 19.46, 19.16, 39358.35, 75914383, 0.34, 1.56, 0.23, 7931.96321
2017-08-25, 3, zhong_du, 23.68, 19.35, 0.78, 19.20, 19.18, 19.44, 19.14, 41377.14, 80017859, 0.36, 1.56, 0.24, 743.788
2017-08-28, 3, zhong_du, 23.66, 19.65, 1.55, 19.35, 19.39, 19.70, 19.38, 68782.4, 134810746, 0.60, 1.65, 0.40, 788.18703
2017-08-29, 3, zhong_du, 23.63, 19.39, -1.32, 19.65, 19.56, 19.61, 19.32, 62792.66, 121966402, 0.55, 1.48, 0.37, 679.708
2017-08-30, 3, zhong_du, 23.62, 19.49, 0.52, 19.39, 19.35, 19.50, 19.28, 45172.96, 87676877, 0.39, 1.13, 0.26, 677.30618
2017-08-31, 3, zhong_du, 23.60, 19.50, 0.05, 19.49, 19.48, 19.60, 19.34, 41558.7, 80924818, 0.36, 1.33, 0.24, 801.10502
2017-09-01, 3, zhong_du, 23.59, 19.56, 0.31, 19.50, 19.54, 19.62, 19.35, 50972.91, 99137375, 0.44, 1.38, 0.30, 779.845
2017-09-04, 3, zhong_du, 23.55, 19.48, -0.05, 19.49, 19.48, 19.60, 19.34, 26719.92, 52005940, 0.23, 1.33, 0.31, 659.8599
2017-09-05, 3, zhong_du, 23.53, 19.48, -0.05, 19.49, 19.48, 19.60, 19.34, 26719.92, 52005940, 0.23, 1.33, 0.31, 2718.20188
2017-09-06, 4, gao_du, 23.47, 19.48, -0.05, 19.49, 19.48, 19.60, 19.34, 26719.92, 52005940, 0.23, 1.33, 0.31, 612.51783
2017-09-07, 4, gao_du, 23.43, 19.48, -0.05, 19.49, 19.48, 19.60, 19.34, 26719.92, 52005940, 0.23, 1.33, 0.31, 2496.27304
2017-09-08, 4, gao_du, 23.41, 19.73, -0.55, 19.84, 19.88, 20.01, 19.60, 69918.52, 138380151, 0.61, 2.07, 0.41, 681.62107
2017-09-11, 4, gao_du, 23.39, 19.48, -0.05, 19.49, 19.48, 19.60, 19.34, 26719.92, 52005940, 0.23, 1.33, 0.31, 730.65495
2017-09-12, 3, zhong_du, 23.37, 19.82, -0.75, 19.97, 20.01, 20.05, 19.81, 57788.63, 114903840, 0.50, 1.20, 0.34, 668.10417
2017-09-13, 4, gao_du, 23.35, 19.96, 0.71, 19.82, 19.83, 20.18, 19.83, 61132.29, 122369677, 0.53, 1.77, 0.36, 717.50998
2017-09-14, 4, gao_du, 23.34, 19.71, -1.25, 19.96, 19.92, 20.03, 19.67, 51485.59, 101920813, 0.45, 1.80, 0.30, 715.17682
2017-09-15, 4, gao_du, 23.32, 19.79, 0.41, 19.71, 19.76, 20.00, 19.71, 55378.08, 110072731, 0.48, 1.47, 0.32, 1029.217
2017-09-18, 3, zhong_du, 23.31, 19.88, 0.45, 19.79, 19.80, 19.89, 19.60, 36935.89, 72864139, 0.32, 1.47, 0.22, 627.62117
2017-09-19, 4, gao_du, 23.29, 19.89, 0.05, 19.88, 19.82, 20.18, 19.81, 66887.7, 133500407, 0.58, 1.86, 0.39, 797.89805
2017-09-20, 4, gao_du, 23.26, 20.21, 1.61, 19.89, 20.00, 20.25, 19.81, 98593.12, 197771500, 0.86, 2.21, 0.58, 616.10317
2017-09-21, 4, gao_du, 23.24, 19.90, -1.53, 20.21, 20.01, 20.19, 19.89, 64483.48, 129084694, 0.56, 1.48, 0.38, 648.67496
2017-09-22, 4, gao_du, 23.22, 19.94, 0.20, 19.90, 19.91, 20.18, 19.55, 71362.65, 141242043, 0.62, 3.17, 0.42, 642.26699
2017-09-25, 4, gao_du, 23.20, 19.86, -0.40, 19.94, 19.99, 20.22, 19.86, 83531.87, 167653569, 0.73, 1.81, 0.49, 640.91086
2017-09-26, 3, zhong_du, 23.18, 19.78, -0.40, 19.86, 19.84, 19.97, 19.59, 56368.41, 111498494, 0.49, 1.91, 0.33, 350.30293
2017-09-27, 3, zhong_du, 23.17, 19.87, 0.46, 19.78, 19.75, 20.03, 19.75, 42936.82, 85509237, 0.37, 1.42, 0.25, 324.67008
2017-09-28, 3, zhong_du, 23.15, 20.00, 0.65, 19.87, 19.87, 20.12, 19.75, 71321.93, 142464025, 0.62, 1.86, 0.42, 683.71606
2017-09-29, 3, zhong_du, 23.13, 19.97, -0.15, 20.00, 20.10, 20.20, 19.95, 69570.69, 139487242, 0.61, 1.25, 0.41, 846.85493
2017-10-10, 3, zhong_du, 23.10, 20.11, 0.55, 20.00, 19.95, 20.12, 19.95, 59775.74, 119833397, 0.52, 0.85, 0.35, 639.90784
2017-10-12, 4, gao_du, 23.03, 20.42, 1.54, 20.11, 20.06, 20.66, 20.01, 177971.92, 363255314, 1.55, 3.23, 1.04, 1356.7369
2017-10-13, 4, gao_du, 23.02, 20.34, -0.39, 20.42, 20.22, 20.38, 20.18, 75135.26, 152241875, 0.66, 0.98, 0.44, 605.22103
2017-10-16, 4, gao_du, 22.98, 20.43, 0.44, 20.34, 20.29, 20.89, 20.29, 164310.39, 338472840, 1.43, 2.95, 0.96, 656.76284
2017-10-17, 5, qiang_lie, 22.94, 21.00, 2.79, 20.43, 20.44, 21.00, 20.37, 212824.19, 443043171, 1.86, 3.08, 1.25, 608.49595
2017-10-18, 5, qiang_lie, 22.91, 20.98, -0.10, 21.00, 21.08, 21.22, 20.75, 179289.97, 376001217, 1.56, 2.24, 1.05, 734.42698
2017-10-19, 5, qiang_lie, 22.88, 20.15, -3.96, 20.98, 20.83, 20.90, 20.10, 137910.18, 281678956, 1.20, 3.81, 0.81, 591.87603
2017-10-20, 5, qiang_lie, 22.86, 20.33, 0.89, 20.15, 20.25, 20.33, 20.01, 71134.72, 143659819, 0.62, 1.59, 0.42, 2677.56605
2017-10-23, 4, gao_du, 22.84, 19.87, -2.26, 20.33, 20.33, 20.42, 19.81, 103186.32, 206818384, 0.90, 3.00, 0.60, 807.76405
2017-10-24, 3, zhong_du, 22.82, 19.70, -0.86, 19.87, 19.91, 19.97, 19.61, 66592.22, 131545017, 0.58, 1.81, 0.39, 830.2598
2017-10-25, 2, qing_du, 22.81, 19.74, 0.20, 19.70, 19.68, 19.87, 19.65, 46482.34, 91778919, 0.41, 1.12, 0.27, 1043.34617
2017-10-26, 2, qing_du, 22.79, 19.92, 0.91, 19.74, 19.69, 19.96, 19.63, 66224.19, 131070179, 0.58, 1.67, 0.39, 643.51201
2017-10-27, 1, wei_ruo, 22.77, 19.51, -2.06, 19.92, 19.87, 20.03, 19.50, 59203.71, 117009509, 0.52, 2.66, 0.35, 675.29702
2017-10-30, 1, wei_ruo, 22.73, 18.53, -5.02, 19.51, 19.53, 19.55, 18.31, 116064.4, 217516082, 1.01, 6.36, 0.68, 952.39711
2017-10-31, 1, wei_ruo, 22.72, 18.73, 1.08, 18.53, 18.59, 18.75, 18.50, 42791.34, 79809095, 0.37, 1.35, 0.25, 676.89896
2017-11-01, 1, wei_ruo, 22.69, 18.44, -1.55, 18.73, 18.75, 18.84, 18.35, 82729.78, 153567056, 0.72, 2.62, 0.48, 787.32109
2017-11-02, 1, wei_ruo, 22.65, 18.00, -2.39, 18.44, 18.41, 18.42, 17.98, 86322.81, 156213794, 0.75, 2.39, 0.51, 660.02679
2017-11-03, 1, wei_ruo, 22.64, 17.99, -0.06, 18.00, 18.09, 18.12, 17.91, 41140.85, 74127124, 0.36, 1.17, 0.24, 731.68397
2017-11-06, 1, wei_ruo, 22.62, 18.17, 1.00, 17.99, 18.11, 18.24, 18.01, 31517.53, 57235171, 0.28, 1.28, 0.18, 821.13218
2017-11-07, 1, wei_ruo, 22.61, 18.39, 1.21, 18.17, 18.17, 18.44, 18.12, 46451.75, 84996210, 0.41, 1.76, 0.27, 1534.04117
2017-11-08, 1, wei_ruo, 22.59, 18.35, 0.99, 18.17, 18.17, 18.44, 18.12, 29444.75, 53824227, 0.26, 1.76, 0.34, 2684.60298
2017-11-09, 1, wei_ruo, 22.57, 18.35, 0.99, 18.17, 18.17, 18.44, 18.12, 29444.75, 53824227, 0.26, 1.76, 0.34, 2626.405
2017-11-10, 1, wei_ruo, 22.56, 18.35, 0.99, 18.17, 18.17, 18.44, 18.12, 29444.75, 53824227, 0.26, 1.76, 0.34, 670.60089
2017-11-13, 1, wei_ruo, 22.54, 18.06, -0.82, 18.21, 18.21, 18.26, 18.04, 40710.01, 73663132, 0.36, 1.21, 0.96, 642.43293
2017-11-14, 1, wei_ruo, 22.52, 18.27, 1.16, 18.06, 18.10, 18.44, 18.04, 63425.76, 115795970, 0.55, 2.21, 1.43, 706.69603
2017-11-15, 1, wei_ruo, 22.50, 17.94, -1.81, 18.27, 18.27, 18.27, 17.93, 42535.41, 76681263, 0.37, 1.86, 0.89, 616.17208
2017-11-16, 1, wei_ruo, 22.48, 17.51, -2.40, 17.94, 17.94, 18.00, 17.51, 57085.57, 101423236, 0.50, 2.73, 1.25, 5879.43101
2017-11-17, 1, wei_ruo, 22.43, 16.47, -5.94, 17.51, 17.51, 17.63, 16.37, 104099.28, 175793476, 0.91, 7.20, 2.12, 710.21104
2017-11-20, 1, wei_ruo, 22.40, 16.62, 0.91, 16.47, 16.50, 16.67, 16.02, 47553.62, 77612430, 0.42, 3.95, 0.77, 494.11297
2017-11-21, 1, wei_ruo, 22.38, 16.48, -0.84, 16.62, 16.68, 16.80, 16.30, 40666.03, 67223015, 0.35, 3.01, 0.65, 650.32387
2017-11-22, 1, wei_ruo, 22.34, 16.94, 2.79, 16.48, 16.48, 17.22, 16.47, 86404.23, 146239377, 0.75, 4.55, 1.48, 828.81784
2017-11-23, 1, wei_ruo, 22.31, 16.38, -3.31, 16.94, 16.94, 17.07, 16.20, 47027.99, 78559669, 0.41, 5.14, 0.70, 903.09596
2017-11-24, 1, wei_ruo, 22.30, 16.44, 0.37, 16.38, 16.38, 16.52, 16.31, 24696.98, 40597906, 0.22, 1.28, 0.38, 634.28307
2017-11-27, 1, wei_ruo, 22.29, 16.38, -0.36, 16.44, 16.43, 16.76, 16.27, 27174.24, 44871986, 0.24, 2.98, 0.55, 1009.55915
2017-11-28, 1, wei_ruo, 22.28, 16.57, 1.16, 16.38, 16.35, 16.60, 16.33, 21125.66, 34847197, 0.18, 1.65, 0.47, 1249.97497
2017-11-29, 1, wei_ruo, 22.26, 16.50, -0.42, 16.57, 16.57, 16.59, 16.37, 25433.49, 41872486, 0.22, 1.33, 0.62, 3063.29298
2017-11-30, 1, wei_ruo, 22.25, 16.51, 0.06, 16.50, 16.48, 16.78, 16.42, 36197.43, 60117456, 0.32, 2.18, 1.24, 4802.08206
2017-12-01, 1, wei_ruo, 22.23, 16.61, 0.61, 16.51, 16.53, 16.66, 16.30, 25463.18, 42124771, 0.22, 2.18, 0.95, 746.5179
2017-12-04, 1, wei_ruo, 22.22, 16.39, -1.32, 16.61, 16.62, 16.63, 16.37, 26562.29, 43844806, 0.23, 1.57, 0.98, 882.60698
2017-12-05, 1, wei_ruo, 22.19, 16.07, -1.95, 16.39, 16.59, 16.82, 16.06, 56336.44, 92776264, 0.49, 4.64, 2.09, 795.79997
2017-12-06, 1, wei_ruo, 22.17, 16.11, 0.25, 16.07, 16.07, 16.17, 15.82, 44920.27, 71849926, 0.39, 2.18, 1.32, 884.25398
2017-12-07, 1, wei_ruo, 22.14, 16.26, 0.93, 16.11, 16.03, 16.61, 15.99, 61810.93, 101201654, 0.54, 3.85, 1.63, 603.44481
2017-12-08, 1, wei_ruo, 22.12, 16.36, 0.62, 16.26, 16.23, 16.44, 16.20, 34030.22, 55647773, 0.30, 1.48, 0.79, 630.14102
2017-12-11, 1, wei_ruo, 22.10, 16.43, 0.43, 16.36, 16.35, 16.47, 16.25, 33483.78, 54860762, 0.29, 1.34, 0.75, 659.38997
2017-12-12, 1, wei_ruo, 22.09, 16.14, -1.77, 16.43, 16.46, 16.46, 16.13, 29354.39, 47808870, 0.26, 2.01, 0.64, 700.66404
2017-12-13, 1, wei_ruo, 22.07, 16.33, 1.18, 16.14, 16.20, 16.36, 16.13, 25991.55, 42326060, 0.23, 1.43, 0.64, 685.06408
2017-12-14, 1, wei_ruo, 22.05, 16.53, 1.22, 16.33, 16.37, 16.55, 16.32, 40900.79, 67349221, 0.36, 1.41, 1.11, 950.23799
2017-12-15, 1, wei_ruo, 22.03, 16.64, 0.67, 16.53, 16.58, 16.64, 16.36, 42735.95, 70630628, 0.37, 1.69, 1.30, 579.211
2017-12-18, 1, wei_ruo, 22.02, 16.51, -0.78, 16.64, 16.65, 16.75, 16.47, 35360.85, 58638009, 0.31, 1.68, 1.03, 692.23213
2017-12-19, 1, wei_ruo, 22.00, 16.50, -0.06, 16.51, 16.62, 16.62, 16.43, 30075.81, 49624642, 0.26, 1.15, 0.86, 665.55095
2017-12-20, 1, wei_ruo, 21.98, 16.07, -2.61, 16.50, 16.50, 16.50, 16.04, 40008.88, 64849897, 0.35, 2.79, 1.14, 2633.20303
2017-12-21, 1, wei_ruo, 21.96, 15.95, -0.75, 16.07, 16.03, 16.15, 15.65, 46501.08, 74023546, 0.41, 3.11, 1.23, 618.22104
2017-12-22, 1, wei_ruo, 21.94, 15.75, -1.25, 15.95, 15.97, 16.03, 15.68, 36968.31, 58372646, 0.32, 2.19, 0.95, 686.33318
2017-12-25, 1, wei_ruo, 21.91, 15.31, -2.79, 15.75, 15.78, 15.82, 15.24, 56034.47, 86645387, 0.49, 3.68, 1.48, 704.18811
2017-12-26, 1, wei_ruo, 21.89, 15.40, 0.59, 15.31, 15.33, 15.45, 15.23, 29639.41, 45513300, 0.26, 1.44, 0.71, 403.11718
2017-12-27, 1, wei_ruo, 21.87, 15.22, -1.17, 15.40, 15.38, 15.42, 15.15, 40005.79, 61072440, 0.35, 1.75, 0.96, 524.83106
2017-12-29, 1, wei_ruo, 21.83, 15.37, 0.52, 15.29, 15.29, 15.44, 15.25, 36352.85, 55894914, 0.32, 1.24, 0.96, 614.79378
2018-01-03, 1, wei_ruo, 21.78, 15.71, 2.21, 15.37, 15.40, 15.75, 15.38, 51561.95, 80271542, 0.45, 2.41, 1.52, 703.51911
2018-01-04, 1, wei_ruo, 21.76, 15.65, -0.38, 15.71, 15.71, 15.88, 15.56, 39397.37, 61747243, 0.34, 2.04, 1.03, 689.8458
2018-01-05, 1, wei_ruo, 21.74, 15.69, 0.26, 15.65, 15.70, 15.75, 15.54, 43150.99, 67407116, 0.38, 1.34, 1.13, 618.16597
2018-01-08, 1, wei_ruo, 21.72, 15.50, -1.21, 15.69, 15.70, 15.71, 15.40, 37984.3, 58834854, 0.33, 1.98, 0.93, 657.41301
2018-01-09, 1, wei_ruo, 21.69, 15.57, 0.45, 15.50, 15.44, 15.62, 15.44, 41080.19, 63939308, 0.36, 1.16, 0.99, 703.96209
2018-01-10, 1, wei_ruo, 21.66, 15.22, -2.25, 15.57, 15.59, 15.60, 15.15, 59070.84, 90340203, 0.52, 2.89, 1.39, 3430.71699
2018-01-11, 1, wei_ruo, 21.64, 15.31, 0.59, 15.22, 15.18, 15.35, 15.05, 40389.41, 61300847, 0.35, 1.97, 0.92, 727.05793
2018-01-12, 1, wei_ruo, 21.62, 15.11, -1.31, 15.31, 15.28, 15.28, 15.10, 36603.86, 55521444, 0.32, 1.18, 0.83, 649.26195
2018-01-15, 1, wei_ruo, 21.56, 14.27, -5.56, 15.11, 15.08, 15.18, 14.20, 93769.88, 136614774, 0.82, 6.49, 2.18, 619.40694
2018-01-16, 1, wei_ruo, 21.52, 14.10, -1.19, 14.27, 14.17, 14.34, 13.98, 58684.85, 82963156, 0.51, 2.52, 1.08, 527.36998
2018-01-17, 1, wei_ruo, 21.48, 14.12, 0.14, 14.10, 14.10, 14.19, 13.72, 64950.55, 90611499, 0.57, 3.33, 1.13, 701.45512
2018-01-18, 1, wei_ruo, 21.45, 14.02, -0.71, 14.12, 14.12, 14.13, 13.99, 38187.49, 53647591, 0.33, 0.99, 0.65, 861.38296
2018-01-19, 1, wei_ruo, 21.41, 14.19, 1.21, 14.02, 14.09, 14.55, 14.07, 70595.77, 101210893, 0.62, 3.42, 1.21, 572.13998
2018-01-22, 1, wei_ruo, 21.39, 14.35, 1.13, 14.19, 14.14, 14.38, 14.02, 38435.43, 54707134, 0.34, 2.54, 0.59, 827.46291
2018-01-23, 1, wei_ruo, 21.36, 14.40, 0.35, 14.35, 14.32, 14.45, 14.26, 39555.58, 56814227, 0.35, 1.32, 0.73, 823.20499
2018-01-24, 1, wei_ruo, 21.33, 14.49, 0.63, 14.40, 14.41, 14.55, 14.28, 49894.66, 71920869, 0.44, 1.88, 0.99, 623.15202
2018-01-25, 1, wei_ruo, 21.27, 14.75, 1.79, 14.49, 14.47, 15.15, 14.41, 115110.62, 170933759, 1.00, 5.11, 2.43, 2758.14199
2018-01-26, 1, wei_ruo, 21.24, 14.67, -0.54, 14.75, 14.64, 14.84, 14.60, 46346.67, 67985809, 0.40, 1.63, 0.74, 671.59796
2018-01-29, 1, wei_ruo, 21.21, 14.23, -3.00, 14.67, 14.67, 14.74, 14.21, 50050.4, 72131579, 0.44, 3.61, 0.86, 790.07506
2018-01-30, 1, wei_ruo, 21.19, 14.20, -0.21, 14.23, 14.21, 14.36, 14.16, 29541.78, 42094579, 0.26, 1.41, 0.49, 532.56106
2018-01-31, 1, wei_ruo, 21.16, 13.74, -3.24, 14.20, 14.14, 14.19, 13.73, 53230.97, 73899528, 0.46, 3.24, 0.91, 749.73607
2018-02-01, 1, wei_ruo, 21.11, 12.97, -5.60, 13.74, 13.78, 13.84, 12.93, 75518.54, 100204783, 0.66, 6.62, 1.28, 708.89091
2018-02-02, 1, wei_ruo, 21.07, 12.99, 0.15, 12.97, 12.90, 13.14, 12.48, 46509.84, 59786580, 0.41, 5.09, 0.91, 689.7788
2018-02-05, 1, wei_ruo, 21.05, 12.83, -1.23, 12.99, 12.71, 12.96, 12.64, 35570.94, 45587395, 0.31, 2.46, 0.70, 965.73114
2018-02-06, 1, wei_ruo, 20.97, 11.55, -9.98, 12.83, 12.50, 12.65, 11.55, 95310.6, 114857727, 0.83, 8.57, 1.98, 2854.48503
2018-02-07, 1, wei_ruo, 20.90, 11.55, 0.00, 11.55, 11.88, 11.93, 11.03, 83875.38, 96505429, 0.73, 7.79, 1.37, 968.97388
2018-02-08, 1, wei_ruo, 20.84, 11.96, 3.55, 11.55, 11.55, 12.14, 11.40, 75608.63, 90111616, 0.66, 6.41, 0.99, 835.35385
2018-02-09, 1, wei_ruo, 20.78, 11.26, -5.85, 11.96, 11.58, 11.87, 11.07, 77922.52, 89198822, 0.68, 6.69, 0.97, 818.58397
2018-02-12, 1, wei_ruo, 20.74, 11.69, 3.82, 11.26, 11.40, 11.75, 11.39, 51733.1, 60115627, 0.45, 3.20, 0.66, 588.78803
2018-02-13, 1, wei_ruo, 20.68, 11.76, 0.60, 11.69, 11.71, 12.22, 11.71, 71705.3, 85688701, 0.63, 4.36, 1.15, 625.28586
2018-02-14, 1, wei_ruo, 20.65, 11.81, 0.43, 11.76, 11.80, 11.87, 11.62, 35189.86, 41363174, 0.31, 2.13, 0.59, 755.95808
