2015-08-20, 1, wei_ruo, 4.08, 3.87, -1.53, 3.93, 4.08, 4.10, 3.85, 10300637.63, 4095054906, 4.41, 6.36, 0.96, 834.85699
2015-08-21, 1, wei_ruo, 4.07, 3.66, -5.43, 3.87, 3.78, 3.84, 3.63, 8583431.12, 3203384426, 3.68, 5.43, 0.77, 1026.96085
2015-08-25, 1, wei_ruo, 4.00, 2.96, -10.03, 3.29, 2.98, 3.12, 2.96, 7841370.26, 2359658063, 3.36, 4.86, 0.77, 1128.92723
2015-08-26, 1, wei_ruo, 3.96, 2.89, -2.36, 2.96, 3.00, 3.09, 2.80, 9807279.85, 2917325467, 4.20, 9.80, 1.07, 1031.47602
2015-10-29, 1, wei_ruo, 3.37, 3.00, 0.33, 2.99, 3.00, 3.03, 2.98, 3609174.74, 1083815042, 1.55, 1.67, 0.51, 2261.88493
2015-10-30, 1, wei_ruo, 3.37, 2.98, -0.67, 3.00, 3.00, 3.01, 2.96, 3408698.35, 1018541789, 1.46, 1.67, 0.51, 906.322
2015-11-02, 1, wei_ruo, 3.36, 2.89, -3.02, 2.98, 2.94, 2.97, 2.89, 5086382.63, 1490579794, 2.18, 2.68, 0.97, 1317.87801
2015-11-03, 1, wei_ruo, 3.35, 2.89, 0.00, 2.89, 2.89, 2.92, 2.88, 2840320.9, 823054511, 1.22, 1.38, 0.61, 1191.54787
2015-11-04, 1, wei_ruo, 3.37, 3.00, 4.17, 2.88, 2.89, 3.01, 2.89, 6152191.37, 1818565553, 2.63, 4.17, 1.57, 1074.13697
2015-11-05, 1, wei_ruo, 3.36, 3.06, 2.00, 3.00, 3.00, 3.12, 2.99, 12326264.33, 3769660070, 5.28, 4.33, 2.92, 1169.81792
2015-11-06, 1, wei_ruo, 3.35, 3.11, 1.63, 3.06, 3.06, 3.13, 3.05, 10482649.78, 3232487997, 4.49, 2.61, 1.76, 1567.53898
2015-11-09, 2, qing_du, 3.34, 3.12, 0.32, 3.11, 3.09, 3.16, 3.08, 10134436.91, 3167871861, 4.34, 2.57, 1.37, 2936.97619
2015-11-10, 3, zhong_du, 3.33, 3.14, 0.64, 3.12, 3.10, 3.16, 3.09, 8180417.93, 2557552893, 3.50, 2.24, 0.98, 418.54
2015-11-11, 3, zhong_du, 3.33, 3.15, 0.32, 3.14, 3.13, 3.18, 3.11, 7442871.6, 2342179507, 3.19, 2.23, 0.79, 232.47719
2015-11-12, 4, gao_du, 3.32, 3.12, -0.95, 3.15, 3.16, 3.17, 3.08, 7219154.3, 2245641012, 3.09, 2.86, 0.74, 2878.45993
2015-11-13, 4, gao_du, 3.31, 3.06, -1.92, 3.12, 3.09, 3.10, 3.05, 4604921.62, 1415803517, 1.97, 1.60, 0.53, 1065.83095
2015-11-16, 3, zhong_du, 3.31, 3.07, 0.33, 3.06, 3.02, 3.07, 3.01, 3945154.1, 1199096013, 1.69, 1.96, 0.52, 1741.31298
2015-11-17, 3, zhong_du, 3.30, 3.08, 0.33, 3.07, 3.08, 3.14, 3.07, 7507082.46, 2331719801, 3.21, 2.28, 1.20, 926.00584
2015-11-18, 3, zhong_du, 3.30, 3.04, -1.30, 3.08, 3.08, 3.09, 3.03, 4369190.77, 1336697082, 1.87, 1.95, 0.71, 1238.77001
2015-11-19, 3, zhong_du, 3.29, 3.15, 3.62, 3.04, 3.05, 3.17, 3.04, 10342414.28, 3227989991, 4.43, 4.28, 1.87, 16816.22386
2015-11-20, 4, gao_du, 3.28, 3.14, -0.32, 3.15, 3.18, 3.20, 3.12, 8039662.87, 2532810268, 3.44, 2.54, 1.31, 32222.46504
2015-11-23, 4, gao_du, 3.28, 3.09, -1.59, 3.14, 3.14, 3.15, 3.08, 5585386.86, 1737799515, 2.39, 2.23, 0.82, 16527.47917
2015-11-24, 4, gao_du, 3.28, 3.09, 0.00, 3.09, 3.08, 3.09, 3.05, 3646864.66, 1118530985, 1.56, 1.29, 0.51, 2987.83207
2015-11-25, 4, gao_du, 3.27, 3.14, 1.62, 3.09, 3.08, 3.15, 3.06, 5617302.55, 1739128965, 2.41, 2.91, 0.88, 2213.15789
2015-11-26, 4, gao_du, 3.27, 3.08, -1.91, 3.14, 3.12, 3.14, 3.07, 5571621.89, 1729093251, 2.39, 2.23, 0.84, 823.61603
2015-11-27, 4, gao_du, 3.26, 2.93, -4.87, 3.08, 3.07, 3.08, 2.91, 7036640.4, 2115432449, 3.01, 5.52, 1.24, 819.767
2015-11-30, 3, zhong_du, 3.25, 2.93, 0.00, 2.93, 2.94, 2.97, 2.86, 5296537.8, 1548579740, 2.27, 3.75, 0.96, 882.27797
2015-12-01, 2, qing_du, 3.25, 2.94, 0.34, 2.93, 2.93, 2.97, 2.90, 3016088.88, 884154848, 1.29, 2.39, 0.56, 1256.40893
2015-12-02, 1, wei_ruo, 3.24, 3.00, 2.04, 2.94, 2.93, 3.02, 2.91, 4314375.79, 1282056778, 1.85, 3.74, 0.89, 834.86485
2015-12-03, 2, qing_du, 3.26, 3.08, 2.33, 3.01, 3.11, 3.15, 3.07, 7641725.54, 2368706316, 3.27, 2.66, 1.47, 809.4449
2015-12-04, 2, qing_du, 3.25, 3.02, -1.95, 3.08, 3.05, 3.06, 3.01, 4624334.29, 1402347479, 1.98, 1.62, 0.83, 281.5001
2015-12-07, 3, zhong_du, 3.25, 3.03, 0.33, 3.02, 3.02, 3.04, 3.00, 3217866.11, 972489803, 1.38, 1.32, 0.63, 261.06715
2015-12-08, 3, zhong_du, 3.25, 2.96, -2.31, 3.03, 3.01, 3.02, 2.95, 3685032.24, 1096473084, 1.58, 2.31, 0.78, 1854.81405
2015-12-09, 2, qing_du, 3.24, 2.95, -0.34, 2.96, 2.94, 2.97, 2.93, 2509601.65, 740227767, 1.07, 1.35, 0.52, 2189.54206
2015-12-10, 2, qing_du, 3.24, 2.96, 0.34, 2.95, 2.98, 3.02, 2.95, 3563144.02, 1063827383, 1.53, 2.37, 0.82, 824.32103
2015-12-11, 1, wei_ruo, 3.24, 2.95, -0.34, 2.96, 2.94, 2.96, 2.92, 2960308.66, 869561033, 1.27, 1.35, 0.84, 858.62088
2015-12-14, 1, wei_ruo, 3.23, 3.00, 1.69, 2.95, 2.92, 3.00, 2.92, 3291494.57, 975000007, 1.41, 2.71, 1.03, 1351.11189
2015-12-15, 1, wei_ruo, 3.23, 2.97, -1.00, 3.00, 3.00, 3.00, 2.96, 2659055.61, 792741778, 1.14, 1.33, 0.83, 1587.74996
2015-12-16, 1, wei_ruo, 3.23, 2.97, 0.00, 2.97, 2.98, 2.99, 2.95, 2387532.95, 709618497, 1.02, 1.35, 0.80, 1456.53796
2015-12-17, 1, wei_ruo, 3.22, 3.04, 2.36, 2.97, 2.98, 3.04, 2.97, 5708041.26, 1723341594, 2.44, 2.36, 1.92, 819.16404
2015-12-18, 2, qing_du, 3.22, 2.99, -1.64, 3.04, 3.02, 3.04, 2.97, 5776773.32, 1735104696, 2.47, 2.30, 1.70, 813.24577
2015-12-21, 2, qing_du, 3.21, 3.09, 3.34, 2.99, 2.97, 3.12, 2.97, 10432013.09, 3203297709, 4.47, 5.02, 2.63, 1924.29614
2015-12-22, 2, qing_du, 3.21, 3.07, -0.65, 3.09, 3.08, 3.09, 3.05, 5330223.89, 1633795105, 2.28, 1.29, 0.99, 3902.61006
2015-12-23, 3, zhong_du, 3.20, 3.04, -0.98, 3.07, 3.07, 3.08, 3.03, 4857076.65, 1482971680, 2.08, 1.63, 0.82, 2674.62492
2015-12-24, 3, zhong_du, 3.20, 3.03, -0.33, 3.04, 3.04, 3.04, 3.00, 3517486.64, 1061774083, 1.51, 1.32, 0.55, 772.54081
2015-12-25, 2, qing_du, 3.20, 3.03, 0.00, 3.03, 3.04, 3.05, 3.00, 2483248.24, 751579941, 1.06, 1.65, 0.42, 747.79797
2015-12-28, 2, qing_du, 3.20, 2.98, -1.65, 3.03, 3.03, 3.05, 2.98, 3811607.04, 1149092317, 1.63, 2.31, 0.72, 2930.21512
2015-12-29, 2, qing_du, 3.19, 3.00, 0.67, 2.98, 2.98, 3.02, 2.97, 2626214.35, 785091158, 1.12, 1.68, 0.66, 1975.03614
2015-12-30, 1, wei_ruo, 3.19, 2.99, -0.33, 3.00, 3.00, 3.01, 2.98, 2430815.79, 727891932, 1.04, 1.00, 0.61, 2780.33185
2015-12-31, 1, wei_ruo, 3.19, 2.97, -0.67, 2.99, 2.99, 3.00, 2.97, 2798494.44, 835031338, 1.20, 1.00, 0.70, 1687.57701
2016-01-04, 1, wei_ruo, 3.18, 2.78, -6.40, 2.97, 2.97, 2.98, 2.77, 4144472.79, 1205179812, 1.77, 7.07, 1.60, 428.4451
2016-01-05, 1, wei_ruo, 3.17, 2.83, 1.80, 2.78, 2.70, 2.86, 2.68, 6099557.78, 1706985536, 2.61, 6.47, 1.52, 814.93497
2016-01-06, 1, wei_ruo, 3.17, 2.95, 4.24, 2.83, 2.84, 2.96, 2.82, 6078989.14, 1763636855, 2.60, 4.95, 1.52, 962.0502
2016-01-07, 1, wei_ruo, 3.16, 2.72, -7.80, 2.95, 2.92, 2.93, 2.70, 1884829.16, 536098628, 0.81, 7.80, 0.47, 779.52385
2016-01-08, 1, wei_ruo, 3.19, 2.84, 4.41, 2.72, 2.82, 2.88, 2.72, 5944128.54, 1677523528, 2.55, 5.88, 1.49, 939.20112
2016-01-11, 1, wei_ruo, 3.17, 2.75, -3.17, 2.84, 2.80, 2.88, 2.74, 5101857.67, 1431893506, 2.12, 4.93, 1.28, 901.99208
2016-01-12, 1, wei_ruo, 3.16, 2.76, 0.36, 2.75, 2.77, 2.79, 2.72, 3233913.28, 891620414, 1.35, 2.55, 0.81, 2779.36602
2016-01-13, 1, wei_ruo, 3.16, 2.71, -1.81, 2.76, 2.76, 2.80, 2.71, 3351156.68, 924262721, 1.39, 3.26, 0.84, 893.05496
2016-01-14, 1, wei_ruo, 3.15, 2.74, 1.11, 2.71, 2.65, 2.74, 2.62, 3911491.7, 1048263179, 1.63, 4.43, 0.98, 678.11394
2016-01-15, 1, wei_ruo, 3.14, 2.60, -5.11, 2.74, 2.71, 2.72, 2.58, 4732105.66, 1252642069, 1.97, 5.11, 1.18, 2825.20294
2016-01-18, 1, wei_ruo, 3.13, 2.59, -0.38, 2.60, 2.54, 2.63, 2.53, 3425454.24, 884566518, 1.43, 3.85, 0.86, 2901.649
2016-01-19, 1, wei_ruo, 3.12, 2.65, 2.32, 2.59, 2.58, 2.66, 2.56, 3699386.85, 969216338, 1.54, 3.86, 0.92, 2783.93888
2016-01-20, 1, wei_ruo, 3.12, 2.62, -1.13, 2.65, 2.63, 2.65, 2.59, 2961915.01, 777397766, 1.23, 2.26, 0.74, 733.57606
2016-01-21, 1, wei_ruo, 3.11, 2.54, -3.05, 2.62, 2.59, 2.63, 2.53, 2731496.71, 707470905, 1.14, 3.82, 0.68, 966.53104
2016-01-22, 1, wei_ruo, 3.10, 2.56, 0.79, 2.54, 2.57, 2.58, 2.52, 2699823.21, 689327518, 1.12, 2.36, 0.67, 699.12505
2016-01-26, 1, wei_ruo, 3.09, 2.34, -8.95, 2.57, 2.55, 2.56, 2.32, 4556632.6, 1119666988, 1.90, 9.34, 1.14, 2681.05412
2016-01-27, 1, wei_ruo, 3.07, 2.30, -1.71, 2.34, 2.37, 2.38, 2.20, 4735148.26, 1085132071, 1.97, 7.69, 1.18, 2630.38397
2016-01-28, 1, wei_ruo, 3.06, 2.22, -3.48, 2.30, 2.27, 2.31, 2.21, 3152378.41, 714172318, 1.31, 4.35, 0.79, 1862.90312
2016-01-29, 1, wei_ruo, 3.05, 2.28, 2.70, 2.22, 2.20, 2.31, 2.20, 3560077.75, 806663489, 1.48, 4.95, 0.89, 1883.68702
2016-02-01, 1, wei_ruo, 3.04, 2.25, -1.32, 2.28, 2.28, 2.29, 2.23, 2617452.16, 590719866, 1.09, 2.63, 0.65, 3781.89516
2016-02-02, 1, wei_ruo, 3.03, 2.29, 1.78, 2.25, 2.25, 2.31, 2.24, 2478423.67, 567046476, 1.03, 3.11, 0.62, 1937.77108
2016-02-03, 1, wei_ruo, 3.03, 2.28, -0.44, 2.29, 2.27, 2.29, 2.25, 2128585.12, 481943239, 0.89, 1.75, 0.53, 1164.37292
2016-02-04, 1, wei_ruo, 3.02, 2.31, 1.32, 2.28, 2.29, 2.32, 2.29, 2717604.78, 626253672, 1.13, 1.32, 0.68, 947.15118
2016-02-05, 1, wei_ruo, 3.01, 2.30, -0.43, 2.31, 2.30, 2.31, 2.29, 2002908.23, 460365710, 0.83, 0.87, 0.50, 2800.54593
2016-02-15, 1, wei_ruo, 3.00, 2.30, 0.00, 2.30, 2.25, 2.31, 2.23, 2265414.14, 514812849, 0.94, 3.48, 0.57, 2847.66889
2016-02-16, 1, wei_ruo, 3.00, 2.53, 10.00, 2.30, 2.36, 2.53, 2.35, 4233280.76, 1043192600, 1.76, 7.83, 1.06, 912.72688
2016-02-17, 1, wei_ruo, 2.98, 2.65, 4.74, 2.53, 2.64, 2.75, 2.59, 12831408.45, 3405504048, 5.34, 6.32, 3.21, 1024.44601
2016-02-18, 1, wei_ruo, 2.97, 2.61, -1.51, 2.65, 2.63, 2.69, 2.58, 7166376.38, 1883098739, 2.98, 4.15, 1.79, 915.95101
2016-02-19, 1, wei_ruo, 2.96, 2.61, 0.00, 2.61, 2.58, 2.63, 2.58, 2668711.95, 695735357, 1.11, 1.92, 0.84, 732.37085
2016-02-22, 1, wei_ruo, 2.94, 2.64, 1.93, 2.59, 2.62, 2.65, 2.60, 4342189.73, 1140116957, 1.81, 1.93, 0.72, 1892.49897
2016-02-23, 1, wei_ruo, 2.93, 2.60, -1.52, 2.64, 2.64, 2.65, 2.57, 3352089.43, 870885630, 1.40, 3.03, 0.52, 709.20205
2016-02-24, 1, wei_ruo, 2.93, 2.61, 0.38, 2.60, 2.58, 2.62, 2.57, 3010507.37, 781064617, 1.25, 1.92, 0.48, 811.06901
2016-02-25, 1, wei_ruo, 2.92, 2.40, -8.05, 2.61, 2.60, 2.61, 2.36, 5550094.92, 1382760775, 2.31, 9.58, 1.28, 811.74302
2016-02-26, 1, wei_ruo, 2.91, 2.44, 1.67, 2.40, 2.42, 2.47, 2.40, 3385714.68, 826023373, 1.41, 2.92, 0.84, 629.66108
2016-02-29, 1, wei_ruo, 2.90, 2.36, -3.28, 2.44, 2.43, 2.44, 2.30, 3535600.51, 831944161, 1.47, 5.74, 0.90, 997.56098
2016-03-01, 1, wei_ruo, 2.89, 2.44, 3.39, 2.36, 2.38, 2.45, 2.36, 3194615.54, 766558124, 1.33, 3.81, 0.85, 4440.01102
2016-03-02, 1, wei_ruo, 2.89, 2.54, 4.10, 2.44, 2.44, 2.55, 2.42, 5131742.64, 1281423802, 2.14, 5.33, 1.37, 536.67903
2016-03-03, 1, wei_ruo, 2.88, 2.52, -0.79, 2.54, 2.52, 2.56, 2.51, 3950836.04, 1000165830, 1.64, 1.97, 0.95, 1467.76295
2016-03-04, 1, wei_ruo, 2.87, 2.54, 0.79, 2.52, 2.51, 2.60, 2.50, 5838073.25, 1484750532, 2.43, 3.97, 1.52, 1004.55499
2016-03-07, 1, wei_ruo, 2.87, 2.56, 0.79, 2.54, 2.55, 2.59, 2.53, 2875145.72, 737019220, 1.20, 2.36, 0.66, 2600.178
2016-03-08, 1, wei_ruo, 2.86, 2.55, -0.39, 2.56, 2.56, 2.56, 2.48, 2998349.85, 754976979, 1.25, 3.13, 0.71, 1444.51404
2016-03-10, 1, wei_ruo, 2.86, 2.47, -0.80, 2.49, 2.50, 2.52, 2.46, 1659950.07, 413601971, 0.69, 2.41, 0.47, 2612.78701
2016-03-14, 1, wei_ruo, 2.85, 2.52, 2.86, 2.45, 2.47, 2.54, 2.47, 2973671.65, 748026995, 1.24, 2.86, 1.32, 2484.80392
2016-03-15, 1, wei_ruo, 2.85, 2.49, -1.19, 2.52, 2.51, 2.52, 2.48, 1914584.69, 477185185, 0.80, 1.59, 0.84, 569.839
2016-03-16, 2, qing_du, 2.85, 2.48, -0.40, 2.49, 2.50, 2.51, 2.47, 1544048.94, 384152858, 0.64, 1.61, 0.75, 604.82717
2016-03-17, 2, qing_du, 2.84, 2.52, 1.61, 2.48, 2.49, 2.53, 2.48, 2878538.17, 722491256, 1.20, 2.02, 1.46, 1081.76899
2016-03-18, 2, qing_du, 2.84, 2.57, 1.98, 2.52, 2.52, 2.58, 2.52, 4426923.54, 1130299096, 1.84, 2.38, 2.00, 2157.59015
2016-03-21, 2, qing_du, 2.83, 2.60, 1.17, 2.57, 2.58, 2.61, 2.56, 6506414.38, 1682402842, 2.71, 1.95, 2.37, 680.84288
2016-03-22, 3, zhong_du, 2.83, 2.56, -1.54, 2.60, 2.58, 2.59, 2.56, 3250828.03, 834791740, 1.35, 1.15, 0.94, 705.63793
2016-03-23, 3, zhong_du, 2.82, 2.56, 0.00, 2.56, 2.56, 2.57, 2.54, 2327646.5, 594955770, 0.97, 1.17, 0.63, 606.53806
2016-03-24, 3, zhong_du, 2.82, 2.52, -1.56, 2.56, 2.56, 2.56, 2.52, 2783270.18, 708041966, 1.16, 1.56, 0.72, 703.77588
2016-03-25, 3, zhong_du, 2.81, 2.60, 3.17, 2.52, 2.51, 2.64, 2.51, 5644669.75, 1456808152, 2.35, 5.16, 1.46, 650.37203
2016-03-28, 3, zhong_du, 2.81, 2.56, -1.54, 2.60, 2.59, 2.61, 2.55, 3465726.66, 893511601, 1.44, 2.31, 0.84, 2535.22301
2016-03-29, 3, zhong_du, 2.81, 2.52, -1.56, 2.56, 2.56, 2.56, 2.50, 2747694.1, 693728940, 1.14, 2.34, 0.79, 601.02916
2016-03-30, 3, zhong_du, 2.81, 2.57, 1.98, 2.52, 2.53, 2.57, 2.52, 2586408.57, 659364283, 1.08, 1.98, 0.76, 1183.68387
2016-03-31, 3, zhong_du, 2.80, 2.55, -0.78, 2.57, 2.57, 2.58, 2.55, 2277950.68, 583025093, 0.95, 1.17, 0.66, 1031.49796
2016-04-01, 3, zhong_du, 2.80, 2.56, 0.39, 2.55, 2.55, 2.57, 2.52, 2385795.47, 606290787, 0.99, 1.96, 0.71, 3745.579
2016-04-05, 3, zhong_du, 2.80, 2.60, 1.56, 2.56, 2.56, 2.62, 2.54, 4255948.55, 1099167872, 1.77, 3.13, 1.58, 1632.31993
2016-04-06, 3, zhong_du, 2.79, 2.58, -0.77, 2.60, 2.58, 2.59, 2.56, 2933454.58, 755708710, 1.22, 1.15, 1.03, 449.9588
2016-04-07, 3, zhong_du, 2.79, 2.55, -1.16, 2.58, 2.58, 2.59, 2.54, 2675283.66, 684382373, 1.11, 1.94, 0.93, 3335.83212
2016-04-08, 3, zhong_du, 2.79, 2.53, -0.78, 2.55, 2.53, 2.54, 2.51, 2112097.32, 533288263, 0.88, 1.18, 0.73, 1583.77695
2016-04-11, 3, zhong_du, 2.79, 2.57, 1.58, 2.53, 2.54, 2.58, 2.53, 2687893.64, 689416635, 1.12, 1.98, 0.94, 451.95794
2016-04-12, 4, gao_du, 2.78, 2.54, -1.17, 2.57, 2.56, 2.57, 2.53, 1903257.94, 484109976, 0.79, 1.56, 0.65, 639.817
2016-04-13, 4, gao_du, 2.78, 2.57, 1.18, 2.54, 2.55, 2.59, 2.54, 4242039.1, 1092812362, 1.77, 1.97, 1.72, 2941.11991
2016-04-14, 4, gao_du, 2.78, 2.58, 0.39, 2.57, 2.58, 2.59, 2.56, 2875779.27, 741398375, 1.20, 1.17, 1.06, 2503.22199
2016-04-15, 4, gao_du, 2.78, 2.55, -1.16, 2.58, 2.56, 2.57, 2.54, 3027015.96, 772876295, 1.26, 1.16, 1.10, 571.95997
2016-04-18, 4, gao_du, 2.77, 2.52, -1.18, 2.55, 2.54, 2.54, 2.51, 2101806.06, 530079522, 0.87, 1.18, 0.71, 470.94488
2016-04-19, 4, gao_du, 2.77, 2.52, 0.00, 2.52, 2.53, 2.54, 2.51, 1516468.17, 382313672, 0.63, 1.19, 0.54, 524.35303
2016-04-20, 3, zhong_du, 2.77, 2.43, -3.57, 2.52, 2.53, 2.53, 2.38, 4455639.29, 1093878621, 1.85, 5.95, 1.62, 1417.22703
2016-04-21, 3, zhong_du, 2.76, 2.41, -0.82, 2.43, 2.42, 2.44, 2.41, 1918445.68, 465289286, 0.80, 1.23, 0.69, 1024.08099
2016-04-22, 2, qing_du, 2.76, 2.42, 0.41, 2.41, 2.40, 2.42, 2.38, 1835214.94, 440034735, 0.76, 1.66, 0.70, 786.9432
2016-04-25, 1, wei_ruo, 2.76, 2.45, 1.24, 2.42, 2.41, 2.49, 2.39, 2646525.92, 646719253, 1.10, 4.13, 1.12, 399.0252
2016-04-26, 1, wei_ruo, 2.75, 2.44, -0.41, 2.45, 2.44, 2.45, 2.42, 1330520.64, 323291775, 0.55, 1.22, 0.54, 2501.34206
2016-04-27, 1, wei_ruo, 2.75, 2.42, -0.82, 2.44, 2.44, 2.44, 2.41, 1137127.66, 275986014, 0.47, 1.23, 0.47, 2582.70812
2016-04-28, 1, wei_ruo, 2.75, 2.40, -0.83, 2.42, 2.41, 2.42, 2.38, 1536327.3, 368146485, 0.64, 1.65, 0.87, 2741.52994
2016-04-29, 1, wei_ruo, 2.75, 2.39, -0.42, 2.40, 2.39, 2.40, 2.38, 1031074.3, 246340316, 0.43, 0.83, 0.61, 551.193
2016-05-03, 1, wei_ruo, 2.75, 2.43, 1.67, 2.39, 2.39, 2.44, 2.38, 2201490.78, 532498854, 0.92, 2.51, 1.43, 2597.30005
2016-05-04, 1, wei_ruo, 2.74, 2.45, 0.82, 2.43, 2.42, 2.48, 2.41, 3364916.4, 823136130, 1.40, 2.88, 2.32, 387.56609
2016-05-05, 1, wei_ruo, 2.74, 2.43, -0.82, 2.45, 2.44, 2.44, 2.41, 1849511.79, 449023493, 0.77, 1.22, 1.00, 2498.66605
2016-05-06, 1, wei_ruo, 2.73, 2.41, -0.82, 2.43, 2.43, 2.48, 2.40, 3956710.53, 966466294, 1.65, 3.29, 1.98, 1639.86111
2016-05-09, 1, wei_ruo, 2.73, 2.33, -3.32, 2.41, 2.39, 2.40, 2.31, 3144311.7, 736611776, 1.31, 3.73, 1.27, 2508.71611
2016-05-10, 1, wei_ruo, 2.73, 2.33, 0.00, 2.33, 2.33, 2.34, 2.31, 1451687.62, 337976423, 0.60, 1.29, 0.50, 631.75797
2016-05-11, 1, wei_ruo, 2.72, 2.32, -0.43, 2.33, 2.34, 2.34, 2.32, 1431826.84, 333649736, 0.60, 0.86, 0.52, 1894.72294
2016-05-12, 1, wei_ruo, 2.72, 2.31, -0.43, 2.32, 2.31, 2.31, 2.27, 1758250.04, 402769602, 0.73, 1.72, 0.74, 687.42704
2016-05-13, 1, wei_ruo, 2.72, 2.29, -0.87, 2.31, 2.29, 2.31, 2.28, 1153070.53, 264750781, 0.48, 1.30, 0.49, 1630.48697
2016-05-16, 1, wei_ruo, 2.72, 2.31, 0.87, 2.29, 2.29, 2.31, 2.28, 1231603.3, 283048851, 0.51, 1.31, 0.69, 14505.56898
2016-05-17, 1, wei_ruo, 2.72, 2.30, -0.43, 2.31, 2.31, 2.31, 2.29, 963712.67, 221499513, 0.40, 0.87, 0.69, 1474.66803
2016-05-18, 1, wei_ruo, 2.71, 2.29, -0.43, 2.30, 2.29, 2.30, 2.24, 2502627.62, 567068524, 1.04, 2.61, 1.91, 1870.34106
2016-05-19, 1, wei_ruo, 2.71, 2.31, 0.87, 2.29, 2.27, 2.35, 2.27, 2435651.32, 563517826, 1.01, 3.49, 1.60, 2588.22489
2016-05-20, 1, wei_ruo, 2.70, 2.30, -0.43, 2.31, 2.29, 2.30, 2.27, 1544397.61, 353369792, 0.64, 1.30, 0.93, 654.31285
2016-05-23, 1, wei_ruo, 2.70, 2.31, 0.43, 2.30, 2.30, 2.32, 2.29, 1421110.22, 328097401, 0.59, 1.30, 0.82, 4060.79912
2016-05-24, 1, wei_ruo, 2.70, 2.29, -0.87, 2.31, 2.31, 2.31, 2.28, 1368914.9, 313671674, 0.57, 1.30, 0.77, 604.73609
2016-05-25, 1, wei_ruo, 2.70, 2.29, 0.00, 2.29, 2.30, 2.31, 2.28, 1026318.84, 235488887, 0.43, 1.31, 0.58, 4388.96394
2016-05-26, 1, wei_ruo, 2.70, 2.30, 0.44, 2.29, 2.29, 2.30, 2.26, 1721059.4, 392453675, 0.72, 1.75, 0.97, 561.13291
2016-05-27, 1, wei_ruo, 2.69, 2.35, 2.17, 2.30, 2.29, 2.38, 2.28, 5337291.07, 1251403106, 2.22, 4.35, 3.01, 652.15802
2016-05-30, 1, wei_ruo, 2.68, 2.31, -1.70, 2.35, 2.33, 2.35, 2.31, 2528018.68, 587978735, 1.05, 1.70, 1.43, 2495.86916
2016-05-31, 1, wei_ruo, 2.68, 2.37, 2.60, 2.31, 2.32, 2.38, 2.31, 4024738.44, 947976591, 1.67, 3.03, 2.27, 1310.88781
2016-06-01, 1, wei_ruo, 2.67, 2.37, 0.00, 2.37, 2.37, 2.41, 2.36, 3018794.53, 720796507, 1.26, 2.11, 1.70, 2280.10917
2016-06-02, 1, wei_ruo, 2.67, 2.41, 1.69, 2.37, 2.37, 2.42, 2.35, 3090987.25, 739092515, 1.29, 2.95, 1.74, 651.50499
2016-06-03, 1, wei_ruo, 2.67, 2.38, -1.24, 2.41, 2.40, 2.40, 2.36, 2648208.46, 630122370, 1.10, 1.66, 1.49, 1813.28797
2016-06-06, 1, wei_ruo, 2.67, 2.37, -0.42, 2.38, 2.38, 2.39, 2.36, 1485668.08, 352339330, 0.62, 1.26, 0.84, 782.32884
2016-06-07, 1, wei_ruo, 2.66, 2.36, -0.42, 2.37, 2.37, 2.38, 2.35, 1328678.32, 313954220, 0.55, 1.27, 0.75, 3267.51399
2016-06-08, 1, wei_ruo, 2.66, 2.35, -0.42, 2.36, 2.36, 2.37, 2.34, 1221501.03, 287579225, 0.51, 1.27, 0.69, 791.6131
2016-06-13, 1, wei_ruo, 2.66, 2.28, -2.98, 2.35, 2.34, 2.35, 2.28, 2136957.4, 494620597, 0.89, 2.98, 1.20, 653.53918
2016-06-14, 1, wei_ruo, 2.66, 2.28, 0.00, 2.28, 2.28, 2.29, 2.27, 1315939.94, 300014583, 0.55, 0.88, 0.74, 1708.32705
2016-06-15, 1, wei_ruo, 2.65, 2.32, 1.75, 2.28, 2.27, 2.33, 2.26, 1990402.17, 458783563, 0.83, 3.07, 1.12, 2768.27502
2016-06-16, 1, wei_ruo, 2.65, 2.29, -1.29, 2.32, 2.31, 2.32, 2.28, 1381071.79, 317624182, 0.57, 1.72, 0.78, 1305.15194
2016-06-17, 1, wei_ruo, 2.65, 2.30, 0.44, 2.29, 2.29, 2.32, 2.28, 1787060.31, 411738972, 0.74, 1.75, 1.01, 2729.22897
2016-06-20, 1, wei_ruo, 2.65, 2.32, 0.87, 2.30, 2.30, 2.34, 2.28, 2132845.36, 492240784, 0.89, 2.61, 1.20, 744.70496
2016-06-21, 1, wei_ruo, 2.64, 2.30, -0.86, 2.32, 2.33, 2.34, 2.29, 1844327.22, 427248070, 0.77, 2.16, 1.04, 2684.96585
2016-06-22, 1, wei_ruo, 2.64, 2.32, 0.87, 2.30, 2.30, 2.32, 2.29, 1145714.72, 264154173, 0.48, 1.30, 0.65, 911.30018
2016-06-23, 1, wei_ruo, 2.64, 2.29, -1.29, 2.32, 2.31, 2.31, 2.28, 1580314.41, 362666364, 0.66, 1.29, 0.89, 2761.50584
2016-06-24, 1, wei_ruo, 2.64, 2.28, -0.44, 2.29, 2.29, 2.31, 2.26, 2381869.27, 543135114, 0.99, 2.18, 1.34, 600.87895
2016-06-27, 1, wei_ruo, 2.63, 2.30, 0.88, 2.28, 2.27, 2.30, 2.27, 1302307.31, 298170901, 0.54, 1.32, 0.74, 903.09787
2016-06-28, 1, wei_ruo, 2.62, 2.31, 0.87, 2.29, 2.29, 2.31, 2.28, 1789579.32, 410261975, 0.74, 1.31, 1.01, 2743.927
2016-06-30, 1, wei_ruo, 2.62, 2.31, 0.00, 2.31, 2.31, 2.32, 2.30, 1459276.68, 337394183, 0.61, 0.87, 0.82, 1637.41207
2016-07-01, 1, wei_ruo, 2.61, 2.31, 0.00, 2.31, 2.31, 2.32, 2.30, 1419383.74, 327948843, 0.59, 0.87, 0.80, 600.07
2016-07-04, 1, wei_ruo, 2.61, 2.34, 1.30, 2.31, 2.30, 2.37, 2.30, 3918822.75, 914383116, 1.63, 3.03, 2.21, 1649.68801
2016-07-05, 1, wei_ruo, 2.61, 2.34, 0.00, 2.34, 2.34, 2.36, 2.33, 2999053.68, 702670784, 1.25, 1.28, 1.69, 4609.79319
2016-07-06, 1, wei_ruo, 2.60, 2.34, 0.00, 2.34, 2.34, 2.35, 2.32, 2111369.43, 492958260, 0.88, 1.28, 1.19, 18389.04214
2016-07-07, 2, qing_du, 2.60, 2.36, 0.85, 2.34, 2.35, 2.38, 2.34, 3294149.78, 777420983, 1.37, 1.71, 1.86, 2728.78003
2016-07-08, 2, qing_du, 2.60, 2.35, -0.42, 2.36, 2.36, 2.37, 2.34, 1955972.97, 459379293, 0.81, 1.27, 1.10, 754.68087
2016-07-11, 2, qing_du, 2.59, 2.39, 1.70, 2.35, 2.35, 2.44, 2.34, 5678917.22, 1363542375, 2.36, 4.26, 3.20, 698.56811
2016-07-12, 3, zhong_du, 2.59, 2.42, 1.26, 2.39, 2.39, 2.42, 2.37, 3213678.91, 769743492, 1.34, 2.09, 1.81, 16087.53395
2016-07-13, 3, zhong_du, 2.59, 2.42, 0.00, 2.42, 2.41, 2.43, 2.40, 2887708.11, 698060885, 1.20, 1.24, 1.64, 2699.68104
2016-07-14, 3, zhong_du, 2.59, 2.41, -0.41, 2.42, 2.42, 2.42, 2.40, 2142951.95, 516229976, 0.89, 0.83, 1.21, 2769.09614
2016-07-15, 4, gao_du, 2.59, 2.40, -0.41, 2.41, 2.42, 2.43, 2.39, 2594468.89, 625046880, 1.08, 1.66, 1.46, 648.86498
2016-07-18, 4, gao_du, 2.58, 2.37, -1.25, 2.40, 2.39, 2.40, 2.36, 1833806.31, 435425465, 0.76, 1.67, 1.06, 878.75104
2016-07-19, 3, zhong_du, 2.58, 2.37, 0.00, 2.37, 2.36, 2.38, 2.36, 1316023.29, 311788152, 0.55, 0.84, 0.74, 2605.51596
2016-07-20, 3, zhong_du, 2.57, 2.37, 0.00, 2.37, 2.37, 2.38, 2.36, 1062021.64, 251729513, 0.44, 0.84, 0.60, 493.09897
2016-07-21, 3, zhong_du, 2.57, 2.38, 0.42, 2.37, 2.37, 2.39, 2.37, 1693580.26, 402662016, 0.70, 0.84, 0.95, 2811.26189
2016-07-22, 3, zhong_du, 2.57, 2.36, -0.84, 2.38, 2.37, 2.38, 2.36, 1625996.84, 384870494, 0.68, 0.84, 0.92, 670.14503
2016-07-25, 3, zhong_du, 2.57, 2.36, 0.00, 2.36, 2.36, 2.38, 2.35, 1313202.3, 310708928, 0.55, 1.27, 0.74, 18084.85818
2016-07-26, 3, zhong_du, 2.57, 2.38, 0.85, 2.36, 2.36, 2.38, 2.36, 1636005.71, 387937593, 0.68, 0.85, 0.92, 978.19018
2016-07-27, 3, zhong_du, 2.56, 2.35, -1.26, 2.38, 2.38, 2.42, 2.32, 4459490.54, 1059527275, 1.86, 4.20, 2.51, 19975.91019
2016-07-28, 3, zhong_du, 2.56, 2.34, -0.43, 2.35, 2.34, 2.35, 2.32, 2623048.85, 611892741, 1.09, 1.28, 1.48, 18406.27408
2016-07-29, 3, zhong_du, 2.56, 2.33, -0.43, 2.34, 2.34, 2.34, 2.32, 1325677.22, 308645845, 0.55, 0.85, 0.75, 14384.43685
2016-08-01, 3, zhong_du, 2.56, 2.32, -0.43, 2.33, 2.33, 2.34, 2.30, 1630366.61, 378143683, 0.68, 1.72, 0.92, 2659.49798
2016-08-02, 2, qing_du, 2.56, 2.32, 0.00, 2.32, 2.32, 2.33, 2.31, 754352.26, 174950395, 0.31, 0.86, 0.43, 14377.32792
2016-08-03, 2, qing_du, 2.56, 2.32, 0.00, 2.32, 2.32, 2.33, 2.31, 927341.29, 215291600, 0.39, 0.86, 0.54, 2633.10409
2016-08-04, 2, qing_du, 2.57, 2.32, -0.43, 2.33, 2.32, 2.33, 2.31, 941136.41, 218262283, 0.39, 0.86, 0.66, 14555.34291
2016-08-05, 2, qing_du, 2.56, 2.32, 0.00, 2.32, 2.32, 2.33, 2.31, 925151.07, 214659397, 0.39, 0.86, 0.83, 553.76005
2016-08-08, 2, qing_du, 2.56, 2.36, 1.72, 2.32, 2.32, 2.37, 2.32, 3075087.47, 721831737, 1.28, 2.16, 3.09, 3884.55796
2016-08-09, 2, qing_du, 2.56, 2.37, 0.42, 2.36, 2.36, 2.38, 2.35, 2206975.52, 522739144, 0.92, 1.27, 1.68, 18242.97214
2016-08-10, 3, zhong_du, 2.56, 2.37, 0.00, 2.37, 2.37, 2.38, 2.36, 1576922.18, 373816528, 0.66, 0.84, 0.98, 2857.66506
2016-08-11, 3, zhong_du, 2.56, 2.35, -0.84, 2.37, 2.37, 2.38, 2.35, 1593655.28, 376728955, 0.66, 1.27, 0.91, 470.60013
2016-08-15, 3, zhong_du, 2.55, 2.42, 1.68, 2.38, 2.38, 2.43, 2.37, 4603403.91, 1107356774, 1.92, 2.52, 2.18, 623.22712
2016-08-16, 4, gao_du, 2.55, 2.42, 0.00, 2.42, 2.41, 2.43, 2.40, 2585282.76, 624154569, 1.08, 1.24, 1.07, 697.17312
2016-08-17, 5, qiang_lie, 2.55, 2.41, -0.41, 2.42, 2.42, 2.42, 2.40, 1710641.21, 411967907, 0.71, 0.83, 0.69, 14325.39201
2016-08-18, 5, qiang_lie, 2.55, 2.41, 0.00, 2.41, 2.41, 2.42, 2.40, 1795425.38, 432494346, 0.75, 0.83, 0.71, 17709.92517
2016-08-19, 5, qiang_lie, 2.55, 2.40, -0.41, 2.41, 2.41, 2.42, 2.39, 1529364.57, 367249369, 0.64, 1.24, 0.60, 770.80989
2016-08-22, 5, qiang_lie, 2.55, 2.40, 0.00, 2.40, 2.41, 2.41, 2.39, 1588363.07, 381387523, 0.66, 0.83, 0.65, 708.61888
2016-08-23, 5, qiang_lie, 2.55, 2.43, 1.25, 2.40, 2.40, 2.44, 2.39, 4150377.52, 1006315243, 1.73, 2.08, 2.27, 708.09412
2016-08-24, 5, qiang_lie, 2.54, 2.48, 2.06, 2.43, 2.42, 2.51, 2.42, 6835886.94, 1692974027, 2.84, 3.70, 3.17, 1247.24793
2016-08-25, 5, qiang_lie, 2.54, 2.44, -1.61, 2.48, 2.47, 2.47, 2.41, 4451349.94, 1086040591, 1.85, 2.42, 1.41, 622.13612
2016-08-26, 5, qiang_lie, 2.54, 2.45, 0.41, 2.44, 2.44, 2.51, 2.43, 3982696.36, 984902223, 1.66, 3.28, 1.09, 441.957
2016-08-29, 5, qiang_lie, 2.54, 2.45, 0.00, 2.45, 2.45, 2.47, 2.43, 2271987.81, 557191331, 0.95, 1.63, 0.54, 774.54209
2016-08-30, 4, gao_du, 2.54, 2.46, 0.41, 2.45, 2.45, 2.47, 2.43, 2155756.71, 528607562, 0.90, 1.63, 0.50, 537.09102
2016-08-31, 4, gao_du, 2.54, 2.44, -0.81, 2.46, 2.46, 2.47, 2.44, 1546828.61, 378575238, 0.64, 1.22, 0.39, 464.00309
2016-09-01, 4, gao_du, 2.54, 2.40, -1.64, 2.44, 2.44, 2.45, 2.40, 2329362.63, 564759286, 0.97, 2.05, 0.81, 531.7421
2016-09-02, 3, zhong_du, 2.54, 2.41, 0.42, 2.40, 2.41, 2.42, 2.40, 1355235.45, 326297234, 0.56, 0.83, 0.47, 5943.65096
2016-09-05, 3, zhong_du, 2.54, 2.42, 0.41, 2.41, 2.42, 2.43, 2.41, 1395827.01, 337700805, 0.58, 0.83, 0.48, 721.84896
2016-09-06, 3, zhong_du, 2.54, 2.44, -0.81, 2.46, 2.46, 2.47, 2.44, 524657.15, 128557881, 0.22, 1.22, 0.74, 4936.27691
2016-09-07, 3, zhong_du, 2.54, 2.44, -0.81, 2.46, 2.46, 2.47, 2.44, 524657.15, 128557881, 0.22, 1.22, 0.74, 547.52398
2016-09-08, 3, zhong_du, 2.54, 2.42, -0.41, 2.43, 2.43, 2.43, 2.40, 1321790.28, 319230223, 0.55, 1.23, 0.46, 2582.10206
2016-09-09, 3, zhong_du, 2.54, 2.44, -0.81, 2.46, 2.46, 2.47, 2.44, 524657.15, 128557881, 0.22, 1.22, 0.74, 2526.60108
2016-09-12, 3, zhong_du, 2.54, 2.44, -0.81, 2.46, 2.46, 2.47, 2.44, 524657.15, 128557881, 0.22, 1.22, 0.74, 528.44191
2016-09-13, 2, qing_du, 2.54, 2.44, -0.81, 2.46, 2.46, 2.47, 2.44, 524657.15, 128557881, 0.22, 1.22, 0.74, 2488.04903
2016-09-14, 1, wei_ruo, 2.54, 2.34, 0.00, 2.34, 2.33, 2.35, 2.33, 1806993.08, 422239609, 0.75, 0.85, 0.63, 581.72297
2016-09-19, 1, wei_ruo, 2.54, 2.36, 0.85, 2.34, 2.34, 2.36, 2.34, 1185312.28, 278858188, 0.49, 0.85, 0.41, 877.71297
2016-09-20, 1, wei_ruo, 2.54, 2.38, 0.85, 2.36, 2.36, 2.39, 2.34, 1874691.89, 443051477, 0.78, 2.12, 0.65, 4115.36002
2016-09-21, 1, wei_ruo, 2.54, 2.37, -0.42, 2.38, 2.37, 2.39, 2.36, 1324868.64, 314459531, 0.55, 1.26, 0.46, 185.0059
2016-09-22, 2, qing_du, 2.54, 2.42, 2.11, 2.37, 2.38, 2.44, 2.37, 4019190.22, 971148823, 1.67, 2.95, 1.41, 510.42795
2016-09-23, 2, qing_du, 2.54, 2.41, -0.41, 2.42, 2.43, 2.45, 2.40, 1578617.59, 382007717, 0.66, 2.07, 0.55, 734.96985
2016-09-26, 2, qing_du, 2.54, 2.37, -1.66, 2.41, 2.40, 2.41, 2.36, 1789101.33, 426353703, 0.74, 2.07, 0.62, 1640.50007
2016-09-27, 2, qing_du, 2.54, 2.37, 0.00, 2.37, 2.36, 2.38, 2.35, 1036113.49, 244880846, 0.43, 1.27, 0.36, 522.259
2016-09-28, 2, qing_du, 2.54, 2.37, 0.00, 2.37, 2.37, 2.38, 2.35, 1011603.28, 239099444, 0.42, 1.27, 0.35, 626.477
2016-09-29, 1, wei_ruo, 2.54, 2.38, 0.42, 2.37, 2.36, 2.39, 2.36, 1317171.34, 313255091, 0.55, 1.27, 0.46, 2038.07116
2016-09-30, 1, wei_ruo, 2.54, 2.37, -0.42, 2.38, 2.38, 2.38, 2.37, 948709.62, 225108712, 0.39, 0.42, 0.33, 679.56996
2016-10-10, 1, wei_ruo, 2.54, 2.42, 2.11, 2.37, 2.38, 2.42, 2.38, 2626484.67, 632599973, 1.09, 1.69, 0.92, 542.42706
2016-10-11, 2, qing_du, 2.54, 2.48, 2.48, 2.42, 2.42, 2.51, 2.41, 6125390.87, 1515320656, 2.55, 4.13, 2.13, 18390.77806
2016-10-12, 3, zhong_du, 2.54, 2.47, -0.40, 2.48, 2.47, 2.50, 2.46, 2632131.74, 651482668, 1.10, 1.61, 0.92, 568.24207
2016-10-13, 3, zhong_du, 2.54, 2.54, 2.83, 2.47, 2.47, 2.57, 2.47, 7436509.35, 1883135931, 3.09, 4.05, 2.58, 1533.14185
2016-10-14, 4, gao_du, 2.52, 2.55, 0.39, 2.54, 2.53, 2.55, 2.51, 3826528.74, 967187661, 1.59, 1.57, 1.33, 505.20492
2016-10-17, 4, gao_du, 2.52, 2.52, -1.18, 2.55, 2.55, 2.56, 2.51, 1777338.01, 450097059, 0.74, 1.96, 1.23, 2553.61414
2016-10-18, 4, gao_du, 2.52, 2.52, 1.20, 2.49, 2.48, 2.52, 2.47, 2304199.65, 576363242, 0.96, 2.01, 0.80, 1429.22997
2016-10-19, 4, gao_du, 2.52, , , , , , , , , , , , 445.503
2016-10-20, 4, gao_du, 2.52, 2.51, -0.40, 2.52, 2.53, 2.53, 2.49, 1413104.23, 354191536, 0.59, 1.59, 0.63, 2534.67202
2016-10-21, 4, gao_du, 2.52, 2.50, -0.40, 2.51, 2.50, 2.52, 2.49, 1366215.97, 341478434, 0.57, 1.20, 0.67, 432.446
2016-10-24, 4, gao_du, 2.52, 2.52, 0.80, 2.50, 2.50, 2.55, 2.49, 3188947.32, 805547364, 1.33, 2.40, 1.68, 2340.85393
2016-10-25, 4, gao_du, 2.52, 2.52, -0.40, 2.53, 2.53, 2.54, 2.51, 1920104.9, 484387290, 0.80, 1.19, 1.00, 4761.9772
2016-10-26, 4, gao_du, 2.52, 2.52, 0.00, 2.52, 2.52, 2.53, 2.50, 1564094.79, 393167462, 0.65, 1.19, 0.82, 238.95884
2016-10-27, 4, gao_du, 2.52, 2.49, -1.19, 2.52, 2.51, 2.51, 2.48, 1822820.08, 454337590, 0.76, 1.19, 0.96, 640.59615
2016-10-28, 4, gao_du, 2.52, 2.47, -0.80, 2.49, 2.49, 2.51, 2.47, 1758302.61, 437092053, 0.73, 1.61, 0.92, 2504.73499
2016-10-31, 3, zhong_du, 2.52, 2.47, 0.00, 2.47, 2.47, 2.48, 2.46, 1607641.14, 396683940, 0.67, 0.81, 0.85, 511.29889
2016-11-01, 3, zhong_du, 2.52, 2.48, 0.40, 2.47, 2.47, 2.50, 2.46, 1470883.87, 364931158, 0.61, 1.62, 0.77, 675.54808
2016-11-02, 3, zhong_du, 2.52, 2.52, 1.61, 2.48, 2.48, 2.56, 2.47, 4464406.26, 1122922355, 1.86, 3.63, 2.35, 670.63379
2016-11-03, 3, zhong_du, 2.52, 2.53, 0.00, 2.53, 2.51, 2.54, 2.50, 3159195.55, 796672212, 1.31, 1.58, 1.65, 532.56893
2016-11-04, 4, gao_du, 2.52, 2.52, -0.40, 2.53, 2.52, 2.56, 2.51, 2854104, 723146427, 1.19, 1.98, 1.49, 1600.09503
2016-11-07, 4, gao_du, 2.52, 2.66, 5.56, 2.52, 2.53, 2.77, 2.51, 12340685.31, 3257073038, 5.14, 10.32, 6.49, 527.69589
2016-11-08, 4, gao_du, 2.53, 2.67, 0.00, 2.67, 2.66, 2.72, 2.65, 5488259.67, 1473304811, 2.28, 2.62, 2.86, 391.19697
2016-11-09, 5, qiang_lie, 2.54, 2.77, 3.75, 2.67, 2.67, 2.80, 2.66, 10507569.48, 2879476208, 4.37, 5.24, 5.48, 562.08301
2016-11-10, 5, qiang_lie, 2.54, 2.78, 0.36, 2.77, 2.78, 2.81, 2.73, 4686314.49, 1296185050, 1.95, 2.89, 2.47, 2984.44605
2016-11-11, 5, qiang_lie, 2.54, 2.74, -1.08, 2.77, 2.77, 2.79, 2.73, 3951178.26, 1086383825, 1.64, 2.17, 2.06, 744.03906
2016-11-14, 5, qiang_lie, 2.55, 2.74, 0.00, 2.74, 2.74, 2.76, 2.71, 4407123.17, 1202698814, 1.83, 1.82, 2.32, 453.69601
2016-11-15, 5, qiang_lie, 2.55, 2.73, 0.00, 2.73, 2.73, 2.75, 2.71, 1385032.15, 377964085, 0.58, 1.47, 1.44, 527.59004
2016-11-16, 5, qiang_lie, 2.55, 2.80, 2.56, 2.73, 2.73, 2.84, 2.73, 4642098.08, 1297094677, 1.93, 4.03, 4.84, 397.71008
2016-11-17, 5, qiang_lie, 2.56, 2.80, 2.56, 2.73, 2.73, 2.84, 2.73, 4642098.08, 1297094677, 1.93, 4.03, 4.84, 571.99311
2016-11-18, 5, qiang_lie, 2.56, 2.73, 0.00, 2.73, 2.73, 2.75, 2.71, 1385032.15, 377964085, 0.58, 1.47, 1.44, 597.07689
2016-11-21, 5, qiang_lie, 2.56, 2.74, 1.11, 2.71, 2.71, 2.76, 2.70, 2459957.4, 674028021, 1.02, 2.21, 1.28, 339.1819
2016-11-22, 5, qiang_lie, 2.56, 2.79, 1.82, 2.74, 2.74, 2.80, 2.73, 4169587.25, 1158147574, 1.74, 2.55, 2.17, 1928.80106
2016-11-23, 5, qiang_lie, 2.57, 2.75, -1.43, 2.79, 2.79, 2.79, 2.74, 3046426.18, 839894321, 1.27, 1.79, 1.59, 508.6
2016-11-24, 5, qiang_lie, 2.57, 2.72, -1.09, 2.75, 2.74, 2.75, 2.71, 2857503.8, 780796898, 1.19, 1.45, 1.49, 779.037
2016-11-25, 5, qiang_lie, 2.57, 2.78, 2.21, 2.72, 2.72, 2.79, 2.71, 3944557.84, 1085364320, 1.64, 2.94, 2.06, 1020.27106
2016-11-28, 5, qiang_lie, 2.58, 2.85, 2.52, 2.78, 2.78, 2.88, 2.77, 7880265.75, 2237525957, 3.28, 3.96, 4.15, 680.11212
2016-11-29, 5, qiang_lie, 2.59, 2.89, 1.05, 2.86, 2.85, 2.95, 2.84, 8140404.66, 2372709533, 3.39, 3.85, 4.25, 390.1329
2016-11-30, 5, qiang_lie, 2.60, 2.90, 0.35, 2.89, 2.88, 2.93, 2.86, 4528967.8, 1308938115, 1.88, 2.42, 2.38, 358.44493
2016-12-01, 5, qiang_lie, 2.60, 2.90, 0.00, 2.90, 2.91, 2.93, 2.87, 3341406.91, 968228267, 1.39, 2.07, 1.74, 614.91609
2016-12-05, 5, qiang_lie, 2.62, 2.86, -3.70, 2.97, 2.93, 3.03, 2.84, 9561251.47, 2801699454, 3.98, 6.40, 5.03, 688.67087
2016-12-06, 5, qiang_lie, 2.63, 2.85, -0.35, 2.86, 2.84, 2.88, 2.84, 3752206.93, 1071276444, 1.56, 1.40, 1.96, 653.24092
2016-12-07, 5, qiang_lie, 2.63, 2.87, 0.70, 2.85, 2.85, 2.87, 2.81, 2876410.89, 817300137, 1.20, 2.11, 1.50, 475.2481
2016-12-08, 5, qiang_lie, 2.64, 2.93, 2.09, 2.87, 2.87, 2.97, 2.86, 4507944.16, 1323485798, 1.88, 3.83, 2.35, 570.86587
2016-12-09, 5, qiang_lie, 2.64, 2.95, 0.68, 2.93, 2.94, 2.97, 2.91, 2745009.14, 806670752, 1.14, 2.05, 1.43, 500.56911
2016-12-12, 5, qiang_lie, 2.64, 2.85, -3.39, 2.95, 2.96, 2.97, 2.83, 4459334.05, 1287498154, 1.86, 4.75, 2.33, 538.56993
2016-12-13, 5, qiang_lie, 2.65, 2.82, -1.05, 2.85, 2.84, 2.87, 2.77, 4938396.96, 1392994653, 2.06, 3.51, 2.58, 761.21998
2016-12-14, 5, qiang_lie, 2.65, 2.81, -0.35, 2.82, 2.81, 2.85, 2.79, 3445466.99, 973138829, 1.43, 2.13, 1.80, 705.88398
2017-01-10, 5, qiang_lie, 2.72, 3.19, 0.95, 3.16, 3.16, 3.23, 3.15, 2891860.79, 924737639, 1.20, 2.53, 3.02, 496.09017
2017-01-11, 5, qiang_lie, 2.73, 3.19, 0.95, 3.16, 3.16, 3.23, 3.15, 2891860.79, 924737639, 1.20, 2.53, 3.02, 2769.08302
2017-01-13, 5, qiang_lie, 2.76, 3.19, -3.33, 3.30, 3.28, 3.30, 3.17, 4961496.85, 1607313311, 2.06, 3.94, 2.59, 553.29394
2017-01-16, 5, qiang_lie, 2.77, 3.09, -3.13, 3.19, 3.17, 3.21, 3.01, 6624538.47, 2055336491, 2.76, 6.27, 3.46, 874.52102
2017-01-17, 5, qiang_lie, 2.77, 3.19, 0.95, 3.16, 3.16, 3.23, 3.15, 2891860.79, 924737639, 1.20, 2.53, 3.02, 574.646
2017-01-18, 4, gao_du, 2.78, 3.19, 0.95, 3.16, 3.16, 3.23, 3.15, 2891860.79, 924737639, 1.20, 2.53, 3.02, 711.27105
2017-02-07, 5, qiang_lie, 2.85, 3.15, -1.25, 3.19, 3.19, 3.20, 3.13, 1428981.24, 450065407, 0.59, 2.19, 1.66, 2548.74086
2017-02-08, 4, gao_du, 2.86, 3.19, 0.00, 3.19, 3.19, 3.20, 3.13, 2494290.96, 788443546, 1.04, 2.19, 1.30, 550.09484
2017-02-09, 4, gao_du, 2.86, 3.22, 0.94, 3.19, 3.18, 3.26, 3.17, 3703765.86, 1193969759, 1.54, 2.82, 1.93, 558.75707
2017-02-10, 4, gao_du, 2.87, 3.26, 1.24, 3.22, 3.22, 3.28, 3.21, 3126892.11, 1014657135, 1.30, 2.17, 1.63, 564.23998
2017-02-13, 4, gao_du, 2.87, 3.27, 0.31, 3.26, 3.25, 3.29, 3.23, 2801807.45, 912973191, 1.17, 1.84, 1.46, 124684.01194
2017-02-14, 4, gao_du, 2.88, 3.21, -1.83, 3.27, 3.26, 3.28, 3.19, 3709267.89, 1195432002, 1.54, 2.75, 1.93, 563.39407
2017-02-16, 4, gao_du, 2.89, 3.27, 0.62, 3.25, 3.25, 3.28, 3.23, 2596165.14, 844824499, 1.08, 1.54, 1.35, 850.28291
2017-02-17, 4, gao_du, 2.89, 3.22, -1.53, 3.27, 3.26, 3.27, 3.21, 2112333.08, 682943674, 0.88, 1.83, 1.10, 528.43308
2017-02-20, 4, gao_du, 2.89, 3.22, -1.53, 3.27, 3.26, 3.27, 3.21, 2112333.08, 682943674, 0.88, 1.83, 1.10, 550.92692
2017-02-23, 5, qiang_lie, 2.91, 3.33, -0.30, 3.34, 3.33, 3.38, 3.31, 2967507.57, 992602286, 1.23, 2.10, 1.55, 2824.79191
2017-02-24, 5, qiang_lie, 2.92, 3.36, 0.90, 3.33, 3.32, 3.39, 3.32, 727974.12, 244704025, 0.30, 2.10, 2.07, 850.44503
2017-02-27, 5, qiang_lie, 2.92, 3.36, 0.90, 3.33, 3.32, 3.39, 3.32, 727974.12, 244704025, 0.30, 2.10, 2.07, 622.76888
2017-02-28, 5, qiang_lie, 2.92, 3.36, 0.90, 3.33, 3.32, 3.39, 3.32, 727974.12, 244704025, 0.30, 2.10, 2.07, 693.03179
2017-03-01, 5, qiang_lie, 2.93, 3.25, -0.61, 3.27, 3.26, 3.27, 3.22, 2520424.55, 817466115, 1.05, 1.53, 1.31, 527.25601
2017-03-02, 4, gao_du, 2.93, 3.21, -1.23, 3.25, 3.24, 3.26, 3.19, 2446044.53, 788407810, 1.02, 2.15, 1.28, 656.811
2017-03-03, 3, zhong_du, 2.93, 3.22, 0.31, 3.21, 3.19, 3.24, 3.17, 1754031.64, 562570751, 0.73, 2.18, 0.91, 824.90087
2017-03-06, 3, zhong_du, 2.93, 3.21, -0.31, 3.22, 3.24, 3.26, 3.19, 2108743.08, 680353993, 0.88, 2.17, 1.10, 122814.64911
2017-03-07, 3, zhong_du, 2.94, 3.21, -0.31, 3.22, 3.23, 3.23, 3.20, 780867.7, 250432820, 0.32, 0.93, 0.81, 678.56097
2017-03-08, 3, zhong_du, 2.94, 3.20, -0.62, 3.22, 3.23, 3.23, 3.18, 1939712.39, 620585233, 0.81, 1.55, 1.01, 2590.60597
2017-03-09, 3, zhong_du, 2.94, 3.16, -1.25, 3.20, 3.20, 3.20, 3.15, 2034485.53, 645755341, 0.85, 1.56, 1.06, 692.09194
2017-03-10, 3, zhong_du, 2.94, 3.14, -0.63, 3.16, 3.16, 3.18, 3.14, 1805891.48, 570410870, 0.75, 1.27, 0.94, 504.06981
2017-03-13, 2, qing_du, 2.95, 3.20, 1.91, 3.14, 3.13, 3.21, 3.12, 3809816.87, 1206541324, 1.59, 2.87, 1.99, 691.43081
2017-03-14, 2, qing_du, 2.95, 3.18, -0.63, 3.20, 3.20, 3.21, 3.17, 1665887.61, 530833875, 0.69, 1.25, 0.87, 592.41891
2017-03-15, 2, qing_du, 2.95, 3.23, 1.57, 3.18, 3.18, 3.24, 3.17, 2183124.66, 702088954, 0.91, 2.20, 1.14, 740.87906
2017-03-16, 2, qing_du, 2.95, 3.23, 0.00, 3.23, 3.22, 3.25, 3.21, 1441471.76, 465818947, 0.60, 1.24, 0.75, 323.59815
2017-03-17, 2, qing_du, 2.95, 3.19, -1.24, 3.23, 3.23, 3.25, 3.18, 1806419.74, 581793470, 0.75, 2.17, 0.94, 654.02699
2017-03-20, 2, qing_du, 2.96, 3.23, 1.25, 3.19, 3.19, 3.24, 3.18, 2009458.71, 646591918, 0.84, 1.88, 1.05, 546.05484
2017-03-21, 2, qing_du, 2.96, 3.29, 1.86, 3.23, 3.23, 3.30, 3.22, 3730305.77, 1219639346, 1.55, 2.48, 1.95, 562.97612
2017-03-22, 2, qing_du, 2.97, 3.32, 0.91, 3.29, 3.29, 3.34, 3.27, 4497248.14, 1488860371, 1.87, 2.13, 2.35, 607.342
2017-03-23, 3, zhong_du, 2.97, 3.32, 0.00, 3.32, 3.33, 3.35, 3.29, 3304519.15, 1095504609, 1.38, 1.81, 1.72, 572.96515
2017-03-24, 3, zhong_du, 2.98, 3.40, 2.41, 3.32, 3.33, 3.44, 3.32, 6654184.89, 2255521462, 2.77, 3.61, 3.47, 594.57493
2017-03-27, 4, gao_du, 2.99, 3.42, 0.59, 3.40, 3.40, 3.48, 3.40, 4385092.85, 1510779313, 1.82, 2.35, 2.29, 528.71108
2017-03-28, 5, qiang_lie, 3.00, 3.49, 2.05, 3.42, 3.42, 3.49, 3.40, 4276797.31, 1482322706, 1.78, 2.63, 2.23, 622.92004
2017-03-29, 5, qiang_lie, 3.01, 3.48, -0.29, 3.49, 3.49, 3.52, 3.45, 3818963.13, 1329671791, 1.59, 2.01, 1.99, 583.37903
2017-03-30, 5, qiang_lie, 3.02, 3.41, -2.01, 3.48, 3.48, 3.49, 3.40, 5362878.78, 1832972817, 2.23, 2.59, 2.80, 589.51712
2017-03-31, 5, qiang_lie, 3.02, 3.44, 0.88, 3.41, 3.41, 3.45, 3.40, 2413895.26, 828183511, 1.00, 1.47, 1.26, 578.27497
2017-04-05, 5, qiang_lie, 3.03, 3.56, 3.49, 3.44, 3.45, 3.67, 3.44, 5245711.85, 1870294559, 2.18, 6.69, 2.74, 518.24689
2017-04-06, 5, qiang_lie, 3.04, 3.57, 0.28, 3.56, 3.57, 3.59, 3.50, 3060264.41, 1087812696, 0.90, 2.53, 1.60, 577.17419
2017-04-07, 5, qiang_lie, 3.05, 3.66, 2.52, 3.57, 3.55, 3.67, 3.54, 5515473.22, 2006750366, 1.62, 3.64, 2.88, 514.34088
2017-04-10, 5, qiang_lie, 3.07, 3.79, 3.55, 3.66, 3.65, 3.80, 3.64, 7120914.03, 2665760632, 2.10, 4.37, 3.71, 594.84315
2017-04-11, 5, qiang_lie, 3.08, 3.79, 0.00, 3.79, 3.84, 3.89, 3.68, 7778210.07, 2936377469, 2.29, 5.54, 4.06, 530.28989
2017-04-12, 5, qiang_lie, 3.09, 3.72, -1.85, 3.79, 3.77, 3.79, 3.70, 3293414.38, 1233333879, 0.97, 2.37, 1.72, 553.19405
2017-04-13, 5, qiang_lie, 3.10, 3.77, 1.34, 3.72, 3.73, 3.84, 3.72, 3522430.86, 1332260035, 1.04, 3.23, 1.84, 604.37894
2017-04-14, 5, qiang_lie, 3.10, 3.71, -1.59, 3.77, 3.77, 3.77, 3.68, 2784381.37, 1033811673, 0.82, 2.39, 1.45, 602.27489
2017-04-17, 5, qiang_lie, 3.11, 3.71, 0.00, 3.71, 3.71, 3.74, 3.68, 2319738.9, 859870992, 0.68, 1.62, 1.21, 548.40589
2017-04-18, 5, qiang_lie, 3.11, 3.79, 2.16, 3.71, 3.71, 3.81, 3.70, 4190317.38, 1585704697, 1.23, 2.96, 2.19, 641.30688
2017-04-19, 5, qiang_lie, 3.12, 3.73, -1.58, 3.79, 3.79, 3.86, 3.70, 3889572.02, 1461530447, 1.15, 4.22, 2.03, 955.60408
2017-04-20, 5, qiang_lie, 3.13, 3.80, 1.88, 3.73, 3.75, 3.83, 3.72, 4296814.21, 1627176314, 1.27, 2.95, 2.24, 521.37089
2017-04-21, 5, qiang_lie, 3.15, 3.98, 4.74, 3.80, 3.83, 4.05, 3.82, 8101411.23, 3194113950, 2.39, 6.05, 4.23, 513.60202
2017-04-24, 5, qiang_lie, 3.16, 3.92, -1.51, 3.98, 3.97, 4.02, 3.87, 6200645.68, 2444343544, 1.83, 3.77, 3.23, 604.53701
2017-04-25, 5, qiang_lie, 3.18, 3.86, -1.53, 3.92, 3.92, 3.95, 3.82, 5242520.54, 2023141717, 1.54, 3.32, 2.73, 1276.14689
2017-04-26, 5, qiang_lie, 3.19, 4.03, 4.40, 3.86, 3.85, 4.13, 3.84, 7216797.47, 2897810118, 2.05, 7.51, 3.76, 812.94584
2017-04-27, 5, qiang_lie, 3.21, 4.05, 0.50, 4.03, 4.00, 4.05, 3.95, 5488789.28, 2198454078, 1.56, 2.48, 2.86, 606.97508
2017-04-28, 5, qiang_lie, 3.22, 4.03, -0.49, 4.05, 4.12, 4.12, 4.02, 4111001.1, 1671454144, 1.17, 2.47, 2.14, 601.41706
2017-05-02, 5, qiang_lie, 3.23, 4.10, 1.74, 4.03, 4.02, 4.11, 3.96, 5230993.68, 2106870967, 1.49, 3.72, 2.73, 581.30312
2017-05-03, 5, qiang_lie, 3.25, 4.18, 1.95, 4.10, 4.11, 4.20, 4.08, 6110453.56, 2540008686, 1.74, 2.93, 3.19, 552.26707
2017-05-04, 5, qiang_lie, 3.26, 4.15, -0.72, 4.18, 4.16, 4.22, 4.13, 4088055.99, 1703548349, 1.16, 2.15, 2.13, 546.84591
2017-05-05, 5, qiang_lie, 3.26, 4.11, -0.96, 4.15, 4.12, 4.17, 4.11, 2715071.56, 1121549380, 0.77, 1.45, 1.42, 623.61598
2017-05-11, 5, qiang_lie, 3.31, 3.79, -0.52, 3.81, 3.80, 3.88, 3.73, 4884402.03, 1854353282, 1.39, 3.94, 2.55, 731.04787
2017-05-12, 4, gao_du, 3.31, 3.80, 0.26, 3.79, 3.78, 3.84, 3.78, 2189419.91, 832690624, 0.62, 1.58, 1.14, 476.84193
2017-05-15, 4, gao_du, 3.32, 3.88, 2.11, 3.80, 3.86, 3.92, 3.84, 3852428.58, 1492204513, 1.10, 2.11, 2.01, 705.70779
2017-05-17, 5, qiang_lie, 3.35, 4.11, -1.67, 4.18, 4.16, 4.21, 4.09, 5542157.37, 2296732854, 1.58, 2.87, 2.89, 612.64014
2017-05-18, 5, qiang_lie, 3.36, 4.16, 1.22, 4.11, 4.08, 4.20, 4.07, 4141033.22, 1719753065, 1.18, 3.16, 2.16, 578.33314
2017-05-19, 5, qiang_lie, 3.37, 4.15, -0.24, 4.16, 4.14, 4.23, 4.13, 3760092.11, 1568007257, 1.07, 2.40, 1.96, 2632.64489
2017-05-22, 5, qiang_lie, 3.38, 4.12, -0.72, 4.15, 4.16, 4.19, 4.11, 5281918.17, 2187383183, 1.50, 1.93, 2.76, 612.83493
2017-05-23, 5, qiang_lie, 3.39, 3.98, -3.40, 4.12, 4.11, 4.13, 3.94, 7796560.13, 3145390598, 2.22, 4.61, 4.07, 780.67899
2017-05-24, 5, qiang_lie, 3.40, 4.07, 2.26, 3.98, 3.97, 4.08, 3.95, 4868155.91, 1959890457, 1.38, 3.27, 2.54, 574.22614
2017-05-25, 5, qiang_lie, 3.41, 4.06, -0.25, 4.07, 4.06, 4.11, 3.98, 3865984.98, 1561786551, 1.10, 3.19, 2.02, 633.19397
2017-05-26, 5, qiang_lie, 3.42, 4.02, -0.99, 4.06, 4.07, 4.08, 4.00, 3438467.54, 1386651682, 0.98, 1.97, 1.79, 601.32003
2017-05-31, 5, qiang_lie, 3.43, 3.86, -3.98, 4.02, 4.07, 4.10, 3.82, 7539788.29, 2961153889, 2.14, 6.97, 3.93, 558.91919
2017-06-01, 5, qiang_lie, 3.43, 3.86, 0.00, 3.86, 3.86, 3.94, 3.82, 3937211.31, 1525238663, 1.12, 3.11, 2.05, 531.40187
2017-06-02, 4, gao_du, 3.44, 3.89, 0.78, 3.86, 3.86, 3.90, 3.80, 2631428.42, 1014069170, 0.75, 2.59, 1.37, 599.581
2017-06-05, 3, zhong_du, 3.44, 3.89, 0.00, 3.89, 3.89, 3.93, 3.86, 2329730.61, 907436196, 0.66, 1.80, 1.22, 2578.83787
2017-06-06, 3, zhong_du, 3.44, 3.85, -1.03, 3.89, 3.88, 3.89, 3.81, 2615939.35, 1005862801, 0.74, 2.06, 1.36, 589.51116
2017-06-07, 3, zhong_du, 3.45, 3.91, 1.56, 3.85, 3.85, 3.95, 3.82, 5130495.56, 1999385468, 1.46, 3.38, 2.68, 655.85589
2017-06-08, 3, zhong_du, 3.46, 4.02, 2.81, 3.91, 3.89, 4.07, 3.89, 6778341.13, 2720537788, 1.93, 4.60, 3.54, 489.90107
2017-06-09, 4, gao_du, 3.47, 4.05, 0.75, 4.02, 4.04, 4.08, 4.00, 3865301.53, 1559115460, 1.10, 1.99, 2.02, 766.21914
2017-06-12, 4, gao_du, 3.47, 4.00, -1.23, 4.05, 4.05, 4.08, 3.98, 4337780.45, 1744242289, 1.23, 2.47, 2.26, 582.07011
2017-06-13, 4, gao_du, 3.48, 4.00, 0.00, 4.00, 4.00, 4.04, 3.97, 4345796.24, 1740756775, 1.24, 1.75, 2.27, 538.0969
2017-06-14, 4, gao_du, 3.49, 3.90, -2.50, 4.00, 3.99, 4.00, 3.88, 5827164.45, 2285838495, 1.66, 3.00, 3.04, 485.96787
2017-06-15, 4, gao_du, 3.49, 3.90, 0.00, 3.90, 3.89, 3.92, 3.88, 3140842.19, 1224251963, 0.89, 1.03, 1.64, 715.28006
2017-06-16, 3, zhong_du, 3.50, 3.98, 2.05, 3.90, 3.89, 3.98, 3.88, 6493094.31, 2562375299, 1.85, 2.56, 3.39, 556.19907
2017-06-19, 3, zhong_du, 3.51, 3.98, 0.00, 3.98, 3.99, 4.03, 3.95, 4570689.74, 1822686886, 1.30, 2.01, 2.38, 713.64284
2017-06-20, 4, gao_du, 3.52, 4.06, 2.01, 3.98, 3.98, 4.08, 3.96, 6743447.92, 2716516367, 1.92, 3.02, 3.52, 590.90805
2017-06-21, 4, gao_du, 3.52, 4.08, 0.49, 4.06, 4.08, 4.08, 4.02, 4013694.17, 1626412026, 1.14, 1.48, 2.09, 746.82307
2017-06-22, 4, gao_du, 3.53, 3.99, -2.21, 4.08, 4.08, 4.10, 3.98, 5317999.86, 2159156136, 1.51, 2.94, 2.77, 629.00805
2017-06-23, 4, gao_du, 3.54, 4.03, 1.00, 3.99, 3.98, 4.05, 3.97, 4314992.01, 1731801347, 1.23, 2.01, 2.25, 720.66784
2017-06-26, 4, gao_du, 3.56, 4.16, 3.23, 4.03, 4.03, 4.22, 4.02, 10539384.05, 4370758447, 3.00, 4.96, 5.50, 543.679
2017-06-27, 5, qiang_lie, 3.57, 4.15, -0.24, 4.16, 4.17, 4.23, 4.12, 7079520.29, 2951492110, 2.01, 2.64, 3.69, 610.56113
2017-06-28, 5, qiang_lie, 3.58, 4.14, -0.24, 4.15, 4.15, 4.20, 4.12, 4557358.7, 1893057812, 1.30, 1.93, 2.38, 694.12112
2017-06-29, 5, qiang_lie, 3.59, 4.23, 2.17, 4.14, 4.16, 4.23, 4.13, 7454433.91, 3117020869, 2.12, 2.42, 3.89, 4514.21595
2017-06-30, 5, qiang_lie, 3.60, 4.16, -1.65, 4.23, 4.23, 4.26, 4.16, 7569114.13, 3181574730, 2.15, 2.36, 3.95, 602.12207
2017-07-03, 5, qiang_lie, 3.61, 4.12, -0.96, 4.16, 4.16, 4.18, 4.08, 4661893.46, 1922034693, 1.33, 2.40, 2.43, 331.27999
2017-07-04, 5, qiang_lie, 3.62, 4.15, 0.73, 4.12, 4.11, 4.16, 4.06, 4758679.71, 1954691769, 1.35, 2.43, 2.48, 469.89703
2017-07-05, 5, qiang_lie, 3.62, 4.16, 0.24, 4.15, 4.14, 4.16, 4.10, 2921486.85, 1208735202, 0.83, 1.45, 1.52, 683.41589
2017-07-06, 5, qiang_lie, 3.63, 4.14, -0.48, 4.16, 4.15, 4.16, 4.09, 4795852.14, 1980738997, 1.36, 1.68, 2.50, 674.26991
2017-07-07, 5, qiang_lie, 3.64, 4.14, 0.00, 4.14, 4.13, 4.17, 4.11, 4177222.63, 1728860270, 1.19, 1.45, 2.18, 460.38008
2017-07-10, 5, qiang_lie, 3.64, 4.02, -2.90, 4.14, 4.13, 4.14, 4.00, 7037154.65, 2861678069, 2.00, 3.38, 3.67, 537.85801
2017-07-11, 4, gao_du, 3.65, 4.02, 0.00, 4.02, 4.00, 4.05, 4.00, 3287308.46, 1324602036, 0.94, 1.24, 1.71, 685.01401
2017-07-12, 3, zhong_du, 3.66, 3.94, -1.99, 4.02, 4.02, 4.03, 3.89, 7816173.17, 3080119697, 2.22, 3.48, 4.08, 2652.94981
2017-07-13, 3, zhong_du, 3.66, 3.95, 0.25, 3.94, 3.94, 3.96, 3.91, 2785097.49, 1097206092, 0.79, 1.27, 1.45, 1773.94509
2017-07-14, 2, qing_du, --, 4.01, 2.30, 3.92, 3.96, 4.04, 3.94, 4933337.88, 1973551041, 1.40, 2.55, 2.57, 677.665
2017-07-17, 2, qing_du, --, 3.90, -2.74, 4.01, 4.01, 4.02, 3.81, 5735103.25, 2250811184, 1.63, 5.24, 2.99, 662.79292
2017-07-18, 2, qing_du, --, 3.95, 1.28, 3.90, 3.89, 3.97, 3.88, 3205003.56, 1261262449, 0.91, 2.31, 1.67, 1545.37201
2017-07-19, 2, qing_du, --, 4.03, 2.03, 3.95, 3.94, 4.04, 3.93, 4788496.49, 1908243820, 1.36, 2.78, 2.50, 552.9201
2017-07-20, 3, zhong_du, --, 4.03, 0.00, 4.03, 4.03, 4.05, 4.00, 3132186.47, 1259219315, 0.89, 1.24, 1.63, 430.45092
2017-07-21, 3, zhong_du, --, 3.97, -1.49, 4.03, 4.02, 4.03, 3.96, 3093440.37, 1236632129, 0.88, 1.74, 1.61, 1453.52912
2017-07-24, 3, zhong_du, 3.66, 4.03, 1.51, 3.97, 3.96, 4.04, 3.91, 4935940.98, 1967071406, 1.40, 3.27, 2.57, 536.07607
2017-07-25, 3, zhong_du, --, 3.96, -1.74, 4.03, 4.01, 4.03, 3.93, 3853856.57, 1528475190, 1.10, 2.48, 2.01, 823.35019
2017-07-26, 3, zhong_du, --, 3.92, -1.01, 3.96, 3.94, 3.96, 3.89, 4204072.1, 1646488464, 1.20, 1.77, 2.19, 636.7929
2017-07-27, 2, qing_du, 3.67, 3.93, 0.26, 3.92, 3.91, 3.95, 3.89, 2466449.36, 966358538, 0.70, 1.53, 1.29, 715.50202
2017-07-28, 2, qing_du, 3.67, 3.91, -0.51, 3.93, 3.92, 3.93, 3.89, 2356215.7, 921145489, 0.67, 1.02, 1.23, 642.52496
2017-07-31, 1, wei_ruo, 3.67, 3.95, 1.02, 3.91, 3.90, 3.98, 3.89, 3422302.03, 1349441547, 0.97, 2.30, 1.79, 641.64591
2017-08-01, 1, wei_ruo, 3.67, 3.93, -0.51, 3.95, 3.94, 3.96, 3.91, 2653405.59, 1043982036, 0.75, 1.27, 1.38, 1517.03691
2017-08-02, 1, wei_ruo, 3.68, 3.92, -0.25, 3.93, 3.92, 3.95, 3.91, 2001749.93, 786232906, 0.57, 1.02, 1.04, 648.91911
2017-08-03, 1, wei_ruo, 3.68, 3.90, -0.51, 3.92, 3.92, 3.94, 3.88, 2990828.97, 1168498329, 0.85, 1.53, 1.56, 602.4251
2017-08-04, 1, wei_ruo, 3.68, 3.86, -1.03, 3.90, 3.89, 3.91, 3.85, 3665569.33, 1420884994, 1.04, 1.54, 1.91, 290.40599
2017-08-07, 1, wei_ruo, 3.68, 3.89, 0.78, 3.86, 3.85, 3.90, 3.84, 2223352.66, 861813056, 0.63, 1.55, 1.16, 857.64503
2017-08-08, 1, wei_ruo, 3.68, 3.82, -1.80, 3.89, 3.88, 3.89, 3.80, 3977311.35, 1527544057, 1.13, 2.31, 2.07, 462.92496
2017-08-09, 1, wei_ruo, 3.68, 3.79, -0.79, 3.82, 3.81, 3.81, 3.72, 4708531.12, 1773325463, 1.34, 2.36, 2.46, 615.82994
2017-08-10, 1, wei_ruo, 3.68, 3.69, -2.64, 3.79, 3.78, 3.80, 3.67, 4425303.2, 1648335032, 1.26, 3.43, 2.31, 291.8849
2017-08-11, 1, wei_ruo, 3.68, 3.70, 0.27, 3.69, 3.68, 3.73, 3.67, 4052109.47, 1497908114, 1.15, 1.63, 2.11, 620.88799
2017-08-14, 1, wei_ruo, 3.69, 3.81, 2.97, 3.70, 3.70, 3.82, 3.69, 4252460.45, 1602431671, 1.21, 3.51, 2.22, 1185.884
2017-08-15, 1, wei_ruo, 3.69, 3.80, -0.26, 3.81, 3.80, 3.82, 3.77, 2468931.91, 935476552, 0.70, 1.31, 1.29, 2866.64009
2017-08-16, 1, wei_ruo, 3.69, 3.85, 1.32, 3.80, 3.81, 3.87, 3.78, 3219242.67, 1234073995, 0.92, 2.37, 1.68, 676.17798
2017-08-17, 1, wei_ruo, 3.69, 3.83, -0.52, 3.85, 3.85, 3.86, 3.80, 2746777.89, 1049950080, 0.78, 1.56, 1.43, 5558.13694
2017-08-18, 1, wei_ruo, 3.69, 3.82, -0.26, 3.83, 3.81, 3.84, 3.79, 1413223.32, 539356733, 0.40, 1.31, 0.74, 60678.17307
2017-08-21, 1, wei_ruo, 3.69, 3.87, 1.31, 3.82, 3.81, 3.90, 3.81, 3158164.42, 1222394580, 0.90, 2.36, 1.65, 787.16493
2017-08-22, 1, wei_ruo, 3.69, 3.86, -0.26, 3.87, 3.88, 3.90, 3.84, 1786863.59, 690914233, 0.51, 1.55, 0.93, 553.84684
2017-08-23, 1, wei_ruo, 3.69, 3.89, 0.78, 3.86, 3.86, 3.92, 3.85, 2783594.91, 1084129329, 0.79, 1.81, 1.45, 746.58394
2017-08-24, 1, wei_ruo, 3.69, 3.87, -0.51, 3.89, 3.88, 3.89, 3.84, 1767723.57, 682278290, 0.50, 1.29, 0.92, 871.55414
2017-08-25, 1, wei_ruo, 3.70, 3.90, 0.78, 3.87, 3.86, 3.92, 3.85, 2526626.21, 982055590, 0.72, 1.81, 1.32, 732.39517
2017-08-28, 1, wei_ruo, 3.70, 3.92, 0.51, 3.90, 3.89, 3.93, 3.88, 3269940.54, 1277201003, 0.93, 1.28, 1.71, 622.48421
2017-08-29, 1, wei_ruo, 3.70, 3.83, -2.30, 3.92, 3.91, 3.91, 3.82, 4101084.49, 1584366777, 1.17, 2.30, 2.14, 545.65597
2017-08-30, 1, wei_ruo, 3.70, 3.85, 0.52, 3.83, 3.83, 3.87, 3.82, 2799093.04, 1076526905, 0.83, 1.31, 1.46, 579.52118
2017-08-31, 1, wei_ruo, 3.70, 3.83, -0.52, 3.85, 3.85, 3.86, 3.82, 913352.02, 350377142, 0.27, 1.04, 0.95, 650.62499
2017-09-01, 1, wei_ruo, 3.70, 3.83, -0.52, 3.85, 3.85, 3.86, 3.82, 913352.02, 350377142, 0.27, 1.04, 0.95, 3700.037
2017-09-04, 1, wei_ruo, 3.71, 3.90, 1.56, 3.84, 3.83, 3.92, 3.82, 3921960.15, 1521439395, 1.16, 2.60, 2.05, 2816.09011
2017-09-05, 2, qing_du, 3.71, 4.01, 2.82, 3.90, 3.91, 4.03, 3.90, 7908113.31, 3149436135, 2.34, 3.33, 4.13, 1930.10592
2017-09-06, 2, qing_du, 3.71, 4.01, 0.00, 4.01, 4.00, 4.04, 3.98, 3767107.53, 1508197019, 1.11, 1.50, 1.96, 582.88288
2017-09-07, 3, zhong_du, 3.72, 3.83, -0.52, 3.85, 3.85, 3.86, 3.82, 913352.02, 350377142, 0.27, 1.04, 0.95, 1611.12309
2017-09-08, 3, zhong_du, 3.72, 3.97, 0.25, 3.96, 3.96, 4.00, 3.95, 2129570.25, 845912305, 0.63, 1.26, 1.11, 546.09513
2017-09-11, 3, zhong_du, 3.72, 3.97, 0.00, 3.97, 3.97, 3.99, 3.95, 2287255.94, 908088382, 0.68, 1.01, 1.19, 600.88491
2017-09-12, 3, zhong_du, 3.72, 3.92, -1.26, 3.97, 3.98, 3.99, 3.90, 3458514.26, 1359715856, 1.02, 2.27, 1.80, 587.00919
2017-09-13, 3, zhong_du, 3.72, 3.91, -0.26, 3.92, 3.92, 3.94, 3.89, 2257000.27, 883648487, 0.67, 1.28, 1.18, 660.69198
2017-09-14, 3, zhong_du, 3.73, 3.84, -1.79, 3.91, 3.91, 3.92, 3.83, 3445106.22, 1333856473, 1.02, 2.30, 1.80, 680.77016
2017-09-15, 2, qing_du, 3.73, 3.84, 0.00, 3.84, 3.84, 3.86, 3.83, 1953819.5, 751392645, 0.58, 0.78, 1.02, 1020.87498
2017-09-18, 2, qing_du, 3.73, 4.01, 4.43, 3.84, 3.85, 4.01, 3.84, 7829559.46, 3111417069, 2.31, 4.43, 4.08, 570.96004
2017-09-19, 3, zhong_du, 3.74, 4.01, 0.00, 4.01, 4.00, 4.04, 3.97, 5216657.49, 2089914843, 1.54, 1.75, 2.72, 681.47397
2017-09-20, 3, zhong_du, 3.74, 4.00, -0.25, 4.01, 4.02, 4.02, 3.98, 4360728.51, 1743914708, 1.29, 1.00, 2.27, 614.97998
2017-09-21, 4, gao_du, 3.74, 3.96, -1.00, 4.00, 4.00, 4.02, 3.95, 2749941.51, 1093998915, 0.81, 1.75, 1.43, 585.12688
2017-09-22, 4, gao_du, 3.74, 4.00, 1.01, 3.96, 3.96, 4.03, 3.94, 3547071.15, 1412471917, 1.05, 2.27, 1.85, 647.77994
2017-09-25, 4, gao_du, 3.75, 3.99, -0.25, 4.00, 4.02, 4.05, 3.98, 4644909.5, 1863925354, 1.37, 1.75, 2.42, 572.40915
2017-09-26, 5, qiang_lie, 3.76, 4.17, 4.51, 3.99, 3.98, 4.23, 3.98, 12461685.53, 5139203928, 3.68, 6.27, 6.50, 711.62605
2017-09-27, 5, qiang_lie, 3.78, 4.20, 0.72, 4.17, 4.15, 4.30, 4.12, 11296114.96, 4752080702, 3.34, 4.32, 5.89, 882.58386
2017-09-28, 5, qiang_lie, 3.80, 4.49, 6.90, 4.20, 4.20, 4.57, 4.19, 14481710.88, 6338364108, 4.28, 9.05, 7.55, 3103.24097
2017-09-29, 5, qiang_lie, 3.84, 4.40, -2.00, 4.49, 4.50, 4.65, 4.29, 18217356.14, 8087955665, 5.38, 8.02, 9.50, 752.25496
2017-10-10, 5, qiang_lie, 3.90, 4.81, 0.42, 4.79, 4.79, 4.82, 4.67, 10274860.34, 4892472103, 3.03, 3.13, 5.36, 605.78108
2017-10-12, 5, qiang_lie, 3.96, 4.77, 0.85, 4.73, 4.71, 4.93, 4.63, 10970542.23, 5254112182, 3.24, 6.34, 5.72, 771.59595
2017-10-13, 5, qiang_lie, 4.00, 5.10, 6.92, 4.77, 4.83, 5.13, 4.77, 14734930.31, 7315074610, 4.35, 7.55, 7.69, 384.3298
2017-10-16, 5, qiang_lie, 4.06, 5.11, 0.20, 5.10, 5.13, 5.39, 5.07, 17991431.94, 9385877642, 5.31, 6.27, 9.38, 363.77382
2017-10-17, 5, qiang_lie, 4.10, 5.15, 0.78, 5.11, 5.09, 5.24, 5.05, 10127246.2, 5212024056, 2.99, 3.72, 5.28, 589.3929
2017-10-18, 5, qiang_lie, 4.14, 5.29, 2.72, 5.15, 5.15, 5.33, 5.11, 11568864.58, 6063036999, 3.42, 4.27, 6.03, 621.16003
2017-10-19, 5, qiang_lie, 4.17, 5.03, -4.91, 5.29, 5.38, 5.39, 5.01, 13124605.74, 6798872905, 3.88, 7.18, 6.85, 582.25298
2017-10-20, 5, qiang_lie, 4.20, 5.06, 0.60, 5.03, 5.00, 5.14, 4.99, 8238626.61, 4178062104, 2.43, 2.98, 4.30, 532.31096
2017-10-23, 5, qiang_lie, 4.23, 5.25, 3.75, 5.06, 5.11, 5.28, 5.03, 11491177.04, 5917785206, 3.39, 4.94, 5.99, 702.84796
2017-10-24, 5, qiang_lie, 4.25, 5.22, -0.57, 5.25, 5.23, 5.33, 5.16, 8057447.64, 4214785694, 2.38, 3.24, 4.20, 699.93901
2017-10-25, 5, qiang_lie, 4.32, 5.72, 9.58, 5.22, 5.23, 5.72, 5.17, 18039415.42, 9820546339, 5.33, 10.54, 9.41, 2595.75105
2017-10-26, 5, qiang_lie, 4.38, 5.76, 0.70, 5.72, 5.66, 5.78, 5.60, 13772986.26, 7849373405, 4.07, 3.15, 7.18, 596.94409
2017-10-27, 5, qiang_lie, 4.46, 5.92, 2.78, 5.76, 5.80, 6.00, 5.71, 18538246.53, 10898413809, 5.47, 5.03, 9.67, 716.65215
2017-10-30, 5, qiang_lie, 4.59, 6.15, 3.89, 5.92, 6.03, 6.36, 5.92, 25362642.99, 15586897577, 7.49, 7.43, 13.23, 698.59004
2017-10-31, 5, qiang_lie, 4.65, 6.22, 1.14, 6.15, 6.12, 6.27, 6.01, 14283635.69, 8799592777, 4.22, 4.23, 7.45, 641.15906
2017-11-01, 5, qiang_lie, 4.71, 6.19, -0.48, 6.22, 6.22, 6.25, 6.12, 11619615.79, 7190533457, 3.43, 2.09, 6.06, 628.98803
2017-11-02, 5, qiang_lie, 4.78, 5.82, -5.98, 6.19, 6.12, 6.13, 5.77, 22060478.31, 13026597210, 6.52, 5.82, 11.51, 1353.93906
2017-11-03, 5, qiang_lie, 4.85, 6.01, 3.26, 5.82, 5.84, 6.07, 5.81, 17642384.02, 10523806947, 5.21, 4.47, 9.20, 629.24719
2017-11-06, 5, qiang_lie, 4.94, 6.54, 0.00, 6.54, 6.50, 6.58, 6.48, 1436732.95, 938063006, 0.42, 1.53, 35.97, 371.76609
2017-11-07, 5, qiang_lie, 5.03, 0.00, 0.00, 6.53, 0.00, 0.00, 0.00, 0, 0, 0.00, 0.00, 0.00, 771.80195
2017-11-09, 5, qiang_lie, 5.18, 6.52, 0.00, 6.52, 6.50, 6.53, 6.46, 1081096, 702518177, 0.32, 1.07, 1.37, 692.89184
2017-11-10, 5, qiang_lie, 5.24, 6.50, -0.31, 6.52, 6.50, 6.62, 6.43, 14691925.7, 9576100943, 4.34, 2.91, 0.78, 733.75893
2017-11-13, 5, qiang_lie, 5.30, 6.41, -1.38, 6.50, 6.50, 6.64, 6.36, 15746384.91, 10215385297, 4.65, 4.31, 0.86, 1261.32393
2017-11-14, 5, qiang_lie, 5.35, 6.13, -4.37, 6.41, 6.35, 6.43, 6.10, 20317426.4, 12620686580, 6.00, 5.15, 1.17, 727
2017-11-15, 5, qiang_lie, 5.38, 6.22, 1.47, 6.13, 6.17, 6.33, 6.12, 12746063.57, 7916341712, 3.76, 3.43, 0.74, 608.95896
2017-11-16, 5, qiang_lie, 5.44, 6.42, 3.22, 6.22, 6.18, 6.45, 6.02, 19959584.31, 12503155435, 5.89, 6.91, 1.24, 726.80902
2017-11-17, 5, qiang_lie, 5.49, 6.18, -3.74, 6.42, 6.40, 6.59, 6.17, 18859630.55, 12051990116, 5.57, 6.54, 1.13, 632.83587
2017-11-20, 5, qiang_lie, 5.52, 6.27, 1.46, 6.18, 6.08, 6.29, 6.01, 15311331.38, 9415580668, 4.52, 4.53, 0.87, 1644.73605
2017-11-21, 5, qiang_lie, 5.60, 6.67, 6.38, 6.27, 6.24, 6.75, 6.21, 25979413.78, 16722931313, 7.67, 8.61, 1.49, 603.24883
2017-11-22, 5, qiang_lie, 5.66, 6.48, -2.85, 6.67, 6.50, 6.63, 6.36, 22875733.59, 14859107132, 6.76, 4.05, 1.23, 583.20808
2017-11-23, 5, qiang_lie, 5.69, 6.06, -6.48, 6.48, 6.37, 6.45, 6.04, 19350333.02, 12000501328, 5.71, 6.33, 0.94, 828.21584
2017-11-24, 5, qiang_lie, 5.70, 5.78, -4.62, 6.06, 6.01, 6.15, 5.78, 15840922.78, 9442537678, 4.68, 6.11, 0.77, 644.26684
2017-11-27, 5, qiang_lie, 5.67, 5.22, -9.69, 5.78, 5.55, 5.57, 5.20, 25011258.48, 13405957490, 7.39, 6.40, 1.26, 594.43998
2017-11-28, 4, gao_du, 5.66, 5.39, 3.26, 5.22, 5.30, 5.42, 5.26, 14424132.86, 7733234189, 4.26, 3.07, 0.66, 516.83712
2017-11-29, 3, zhong_du, 5.65, 5.41, 0.37, 5.39, 5.41, 5.48, 5.31, 10443576.66, 5642922123, 3.08, 3.15, 0.54, 381.19507
2017-11-30, 3, zhong_du, 5.64, 5.34, -1.29, 5.41, 5.30, 5.48, 5.26, 8789504.43, 4722748943, 2.60, 4.07, 0.52, 538.35297
2017-12-01, 3, zhong_du, 5.64, 5.38, 0.75, 5.34, 5.34, 5.45, 5.29, 7818463.1, 4212425141, 2.31, 3.00, 0.52, 751.59502
2017-12-04, 3, zhong_du, 5.63, 5.60, 4.09, 5.38, 5.42, 5.71, 5.42, 12986355.72, 7252842807, 3.84, 5.39, 0.98, 390.82909
2017-12-05, 3, zhong_du, 5.63, 5.62, 0.36, 5.60, 5.56, 5.77, 5.54, 11405909.53, 6444607648, 3.37, 4.11, 1.05, 627.48694
2017-12-06, 3, zhong_du, 5.63, 5.71, 1.60, 5.62, 5.62, 5.73, 5.42, 12271790.64, 6872499882, 3.62, 5.52, 1.19, 818.14694
2017-12-07, 3, zhong_du, 5.63, 5.58, -2.28, 5.71, 5.68, 5.69, 5.58, 7116014.49, 4004938001, 2.10, 1.93, 0.67, 591.23302
2017-12-08, 3, zhong_du, 5.63, 5.67, 1.61, 5.58, 5.55, 5.73, 5.51, 8465574.22, 4774627031, 2.50, 3.94, 0.82, 582.84688
2017-12-11, 3, zhong_du, 5.64, 5.80, 2.29, 5.67, 5.67, 5.81, 5.63, 10867054.37, 6240187767, 3.21, 3.17, 1.04, 655.10702
2017-12-12, 3, zhong_du, 5.64, 5.73, -1.21, 5.80, 5.79, 5.85, 5.72, 7784105.79, 4500777203, 2.30, 2.24, 0.78, 2637.02917
2017-12-13, 2, qing_du, 5.64, 5.79, 1.05, 5.73, 5.71, 5.83, 5.70, 6811756.3, 3931725760, 2.01, 2.27, 0.73, 555.5799
2017-12-14, 2, qing_du, 5.64, 5.80, 0.17, 5.79, 5.80, 5.84, 5.75, 6000925.96, 3477763445, 1.77, 1.55, 0.73, 686.16605
2017-12-15, 2, qing_du, 5.64, 5.52, -4.83, 5.80, 5.78, 5.78, 5.50, 12431361.2, 6969815553, 3.67, 4.83, 1.56, 586.447
2017-12-18, 2, qing_du, 5.64, 5.53, 0.18, 5.52, 5.49, 5.62, 5.46, 6089062.26, 3376627869, 1.80, 2.90, 0.69, 798.78712
2017-12-19, 2, qing_du, 5.64, 5.65, 2.17, 5.53, 5.52, 5.66, 5.52, 6761044.85, 3791189876, 2.00, 2.53, 0.86, 596.46487
2017-12-20, 1, wei_ruo, 5.64, 5.66, 0.18, 5.65, 5.64, 5.70, 5.58, 6547997.19, 3701960256, 1.93, 2.12, 0.86, 2593.87898
2017-12-21, 1, wei_ruo, 5.65, 5.91, 4.42, 5.66, 5.68, 5.97, 5.61, 13368509.05, 7757157253, 3.95, 6.36, 1.77, 1417.46902
2017-12-22, 2, qing_du, 5.66, 5.92, 0.17, 5.91, 5.95, 5.98, 5.88, 8213047.77, 4866347335, 2.43, 1.69, 0.91, 570.87207
2017-12-25, 2, qing_du, 5.66, 5.86, -1.01, 5.92, 5.93, 5.97, 5.81, 6930017.56, 4074699700, 2.05, 2.70, 0.85, 529.44994
2017-12-26, 2, qing_du, 5.66, 5.81, -0.85, 5.86, 5.89, 5.90, 5.69, 7741395.5, 4473666056, 2.29, 3.58, 0.93, 356.23598
2017-12-27, 2, qing_du, 5.67, 5.75, -1.03, 5.81, 5.79, 5.92, 5.71, 8416398.8, 4897564456, 2.49, 3.61, 0.98, 471.77505
2017-12-29, 1, wei_ruo, 5.67, 5.73, -1.04, 5.79, 5.83, 5.85, 5.66, 8084035.77, 4627432554, 2.39, 3.28, 1.16, 484.93004
2018-01-03, 1, wei_ruo, 5.67, 5.77, 0.70, 5.73, 5.75, 5.84, 5.65, 9207045.39, 5295716777, 2.72, 3.32, 1.28, 1402.10104
2018-01-04, 1, wei_ruo, 5.68, 5.72, -0.87, 5.77, 5.73, 5.77, 5.69, 5859185.87, 3352707441, 1.73, 1.39, 0.78, 729.388
2018-01-05, 1, wei_ruo, 5.67, 5.58, -2.45, 5.72, 5.74, 5.74, 5.56, 10108734.95, 5677961467, 2.99, 3.15, 1.45, 614.51101
2018-01-08, 1, wei_ruo, 5.67, 5.58, 0.00, 5.58, 5.56, 5.62, 5.42, 10202984.66, 5621245375, 3.01, 3.58, 1.32, 518.15391
2018-01-09, 1, wei_ruo, 5.68, 6.01, 7.71, 5.58, 5.55, 6.03, 5.55, 20554354.81, 11951942255, 6.07, 8.60, 2.36, 495.76902
2018-01-10, 1, wei_ruo, 5.70, 6.09, 1.33, 6.01, 5.98, 6.13, 5.93, 17324211.67, 10485666288, 5.12, 3.33, 1.55, 846.28105
2018-01-11, 1, wei_ruo, 5.71, 6.09, 0.00, 6.09, 6.06, 6.13, 6.00, 8752382.54, 5308262695, 2.58, 2.13, 0.68, 601.60494
2018-01-12, 2, qing_du, 5.72, 6.07, -0.33, 6.09, 6.11, 6.15, 6.03, 8191716.55, 4983461714, 2.42, 1.97, 0.61, 692.976
2018-01-15, 3, zhong_du, 5.75, 6.27, 3.29, 6.07, 6.09, 6.45, 6.04, 17782166.99, 11197016484, 5.25, 6.75, 1.37, 497.06101
2018-01-16, 3, zhong_du, 5.77, 6.39, 1.91, 6.27, 6.34, 6.43, 6.26, 11058186.34, 7028685044, 3.27, 2.71, 0.76, 452.96502
2018-01-17, 4, gao_du, 5.79, 6.36, -0.47, 6.39, 6.51, 6.55, 6.11, 15130205.51, 9607347330, 4.47, 6.89, 1.20, 578.41492
2018-01-18, 4, gao_du, 5.80, 6.36, 0.00, 6.36, 6.32, 6.44, 6.25, 7360829.65, 4666993931, 2.17, 2.99, 0.61, 361.98497
2018-01-19, 4, gao_du, 5.84, 6.65, 4.56, 6.36, 6.38, 6.67, 6.34, 16290851.13, 10683186387, 4.81, 5.19, 1.37, 468.09411
2018-01-22, 4, gao_du, 5.86, 6.65, 0.00, 6.65, 6.62, 6.67, 6.52, 10263976.54, 6783879469, 3.03, 2.26, 0.76, 489.07685
2018-01-23, 5, qiang_lie, 5.89, 6.49, -2.41, 6.65, 6.66, 6.68, 6.46, 11491061.66, 7529075289, 3.39, 3.31, 0.96, 637.51316
2018-01-24, 5, qiang_lie, 5.91, 6.55, 0.92, 6.49, 6.43, 6.57, 6.17, 14544178.27, 9235769713, 4.30, 6.16, 1.20, 584.2731
2018-01-25, 5, qiang_lie, 5.92, 6.33, -3.36, 6.55, 6.51, 6.55, 6.32, 8780923.49, 5658415699, 2.59, 3.51, 0.73, 481.76122
2018-01-26, 4, gao_du, 5.93, 6.28, -0.79, 6.33, 6.28, 6.41, 6.25, 7043021.14, 4450188909, 2.08, 2.53, 0.57, 579.73194
2018-01-29, 4, gao_du, 5.94, 6.04, -3.82, 6.28, 6.08, 6.22, 5.98, 14223388.97, 8654648058, 4.20, 3.82, 1.36, 747.12706
2018-01-30, 3, zhong_du, 5.94, 6.07, 0.50, 6.04, 6.04, 6.14, 6.02, 6109361.96, 3714733716, 1.80, 1.99, 0.54, 330.62792
2018-01-31, 3, zhong_du, 5.94, 6.08, 0.16, 6.07, 6.02, 6.14, 6.01, 5631530.39, 3430377558, 1.66, 2.14, 0.56, 617.52486
2018-02-01, 2, qing_du, 5.93, 5.67, -6.74, 6.08, 6.08, 6.08, 5.56, 15090671.66, 8704590301, 4.46, 8.55, 1.81, 537.87804
2018-02-02, 2, qing_du, 5.93, 5.68, 0.18, 5.67, 5.65, 5.75, 5.60, 7582205.29, 4302000386, 2.24, 2.65, 0.79, 612.47802
2018-02-05, 1, wei_ruo, 5.92, 5.72, 0.70, 5.68, 5.60, 5.74, 5.52, 5484635.51, 3111795484, 1.62, 3.87, 0.56, 687.747
2018-02-06, 1, wei_ruo, 5.91, 5.36, -6.29, 5.72, 5.58, 5.65, 5.36, 9191808.06, 5050850461, 2.71, 5.07, 1.15, 460.08396
2018-02-07, 1, wei_ruo, 5.90, 5.40, 0.75, 5.36, 5.50, 5.60, 5.33, 8145268.04, 4458303463, 2.41, 5.04, 0.95, 738.67202
2018-02-08, 1, wei_ruo, 5.89, 5.58, 3.33, 5.40, 5.38, 5.58, 5.37, 7068843.72, 3898623796, 2.09, 3.89, 0.90, 676.47505
2018-02-09, 1, wei_ruo, 5.87, 5.19, -6.99, 5.58, 5.42, 5.47, 5.09, 10513528.08, 5567454301, 3.10, 6.81, 1.36, 661.85308
2018-02-12, 1, wei_ruo, 5.86, 5.37, 3.47, 5.19, 5.27, 5.44, 5.23, 6600097.25, 3507426593, 1.95, 4.05, 0.76, 634.83095
2018-02-13, 1, wei_ruo, 5.85, 5.53, 2.98, 5.37, 5.45, 5.65, 5.39, 7424838.78, 4099804582, 2.19, 4.84, 0.91, 524.683
2018-02-14, 1, wei_ruo, 5.85, 5.53, 0.00, 5.53, 5.53, 5.56, 5.45, 3563693.9, 1964891347, 1.05, 1.99, 0.51, 2711.86686
