2015-08-20, 2, qing_du, 16.34, 14.01, -6.41, 14.97, 15.00, 15.00, 14.00, 98384.02, 142742226, 2.91, 6.68, 0.51, 795.434
2015-08-21, 1, wei_ruo, 16.23, 12.88, -8.07, 14.01, 13.80, 13.95, 12.81, 116817.4, 156458194, 3.45, 8.14, 0.67, 1039.90102
2015-08-25, 1, wei_ruo, 16.13, 10.43, -10.01, 11.59, 10.43, 10.43, 10.43, 23124, 24118332, 0.68, 0.00, 0.18, 1276.43895
2015-08-26, 1, wei_ruo, 15.62, 9.39, -9.97, 10.43, 9.80, 10.45, 9.39, 271070.7, 263098122, 8.01, 10.16, 3.08, 1073.07291
2015-10-29, 3, zhong_du, 13.23, 15.06, 2.52, 14.69, 14.97, 15.16, 13.85, 141741.64, 206114912, 4.19, 8.92, 0.85, 1080.84702
2015-10-30, 3, zhong_du, 13.26, 14.50, -3.72, 15.06, 14.97, 14.97, 14.38, 77371.05, 113345568, 2.29, 3.92, 0.51, 1081.34007
2015-11-02, 3, zhong_du, 13.27, 13.86, -4.41, 14.50, 14.20, 14.55, 13.80, 68081.92, 96521712, 2.01, 5.17, 0.57, 2998.99101
2015-11-03, 3, zhong_du, 13.29, 13.94, 0.58, 13.86, 14.05, 14.27, 13.81, 59639.54, 83804645, 1.76, 3.32, 0.58, 1222.70608
2015-11-04, 3, zhong_du, 13.41, 15.22, 9.18, 13.94, 14.60, 15.33, 14.50, 247872.8, 373889093, 7.32, 5.95, 2.79, 1287.26006
2015-11-05, 3, zhong_du, 13.47, 14.63, -3.88, 15.22, 14.71, 15.10, 14.48, 150258.04, 222341614, 4.44, 4.07, 1.26, 1274.03021
2015-11-06, 4, gao_du, 13.51, 14.86, 1.57, 14.63, 14.55, 15.00, 14.55, 88578.76, 131507263, 2.62, 3.08, 0.73, 1450.64592
2015-11-09, 4, gao_du, 13.56, 15.04, 1.21, 14.86, 14.75, 15.20, 14.60, 130701.56, 195015902, 3.86, 4.04, 1.06, 1179.30317
2015-11-10, 4, gao_du, 13.67, 15.62, 3.86, 15.04, 15.03, 15.98, 14.80, 182325.26, 282488475, 5.39, 7.85, 1.35, 406.08907
2015-11-11, 5, qiang_lie, 13.67, 16.34, 4.61, 15.62, 15.61, 16.90, 15.20, 150380.13, 241919224, 4.44, 10.88, 0.94, 254.17113
2015-11-12, 5, qiang_lie, 13.86, 15.88, -2.82, 16.34, 16.22, 16.55, 15.58, 121958.3, 195641407, 3.60, 5.94, 0.87, 1007.75099
2015-11-13, 5, qiang_lie, 13.90, 15.12, -4.79, 15.88, 15.60, 15.77, 15.10, 95244.43, 146309372, 2.81, 4.22, 0.71, 1212.19802
2015-11-16, 5, qiang_lie, 13.92, 15.27, 0.99, 15.12, 14.90, 15.48, 14.61, 65443.29, 98893230, 1.47, 5.75, 0.48, 969.07401
2015-11-17, 5, qiang_lie, 13.95, 14.75, -3.41, 15.27, 15.48, 15.48, 14.60, 103126.65, 156039462, 2.32, 5.76, 0.84, 1027.62318
2015-11-18, 5, qiang_lie, 13.96, 14.32, -2.92, 14.75, 14.75, 14.98, 14.28, 64588.66, 94003521, 1.45, 4.75, 0.60, 1293.05291
2015-11-19, 4, gao_du, 13.97, 14.68, 2.51, 14.32, 14.36, 14.76, 14.33, 54001.14, 78500264, 1.21, 3.00, 0.60, 16864.15482
2015-11-20, 4, gao_du, 13.98, 15.07, 2.66, 14.68, 14.69, 15.18, 14.45, 72423.67, 107747200, 1.63, 4.97, 0.95, 16849.10512
2015-11-23, 5, qiang_lie, 14.08, 16.58, 10.02, 15.07, 15.12, 16.58, 15.12, 195592.61, 321324434, 4.39, 9.69, 2.72, 16576.08199
2015-11-24, 5, qiang_lie, 14.16, 16.38, -1.21, 16.58, 16.79, 17.05, 15.90, 154897.06, 252892352, 3.48, 6.94, 1.58, 1168.11895
2015-11-25, 5, qiang_lie, 14.22, 16.59, 1.28, 16.38, 16.20, 16.74, 16.00, 115716.49, 191153223, 2.60, 4.52, 1.07, 1005.78499
2015-11-26, 5, qiang_lie, 14.26, 15.88, -4.28, 16.59, 16.60, 16.70, 15.66, 109345.94, 176688291, 2.46, 6.27, 0.92, 890.58995
2015-11-27, 5, qiang_lie, 14.28, 14.91, -6.11, 15.88, 15.78, 16.20, 14.60, 97916.27, 152284806, 2.20, 10.08, 0.76, 898.00191
2015-11-30, 5, qiang_lie, 14.29, 14.54, -2.48, 14.91, 15.00, 15.09, 13.68, 102019.53, 146406269, 2.29, 9.46, 0.76, 2167.2821
2015-12-01, 5, qiang_lie, 14.29, 14.40, -0.96, 14.54, 14.60, 14.78, 14.10, 49783.14, 72182218, 1.12, 4.68, 0.48, 1035.62498
2015-12-02, 4, gao_du, 14.29, 14.06, -3.03, 14.50, 14.48, 14.64, 13.65, 68990.74, 97307048, 1.55, 6.83, 0.78, 1012.67791
2015-12-03, 4, gao_du, 14.53, 14.90, 4.63, 14.24, 14.36, 15.13, 14.27, 59269.79, 87614917, 1.33, 6.04, 0.67, 832.16
2015-12-04, 3, zhong_du, 14.54, 14.85, -0.34, 14.90, 14.91, 15.20, 14.65, 51059.27, 76015226, 1.15, 3.69, 0.66, 553.05314
2015-12-07, 3, zhong_du, 14.54, 14.85, 0.00, 14.85, 14.79, 15.00, 13.85, 48236.66, 71354822, 1.08, 7.74, 0.70, 624.84598
2015-12-08, 3, zhong_du, 14.54, 14.47, -2.56, 14.85, 14.64, 15.14, 14.42, 59627.06, 88128800, 1.34, 4.85, 1.03, 805.26018
2015-12-09, 3, zhong_du, 14.54, 14.06, -2.83, 14.47, 14.45, 14.55, 13.88, 55072.78, 77864888, 1.24, 4.63, 0.95, 656.79121
2015-12-10, 2, qing_du, 14.53, 14.06, 0.00, 14.06, 14.10, 14.55, 14.00, 44858.56, 63836666, 1.01, 3.91, 0.83, 807.01804
2015-12-11, 1, wei_ruo, 14.53, 14.19, 0.92, 14.06, 14.01, 14.38, 14.01, 38979, 55511070, 0.88, 2.63, 0.75, 935.63509
2015-12-14, 1, wei_ruo, 14.53, 14.35, 1.13, 14.19, 14.08, 14.37, 13.85, 47969.46, 67388609, 1.08, 3.66, 0.97, 935.71687
2015-12-15, 1, wei_ruo, 14.53, 15.08, 5.09, 14.35, 14.26, 15.17, 14.26, 84027.23, 124509926, 1.89, 6.34, 1.70, 1211.64298
2015-12-16, 1, wei_ruo, 14.55, 15.17, 0.60, 15.08, 15.09, 15.71, 14.90, 89121.81, 136933519, 2.00, 5.37, 1.64, 904.27709
2015-12-17, 2, qing_du, 14.57, 15.40, 1.52, 15.17, 15.15, 15.68, 15.15, 89982.85, 139081864, 2.02, 3.49, 1.48, 782.70197
2015-12-18, 2, qing_du, 14.57, 15.06, -2.21, 15.40, 15.40, 15.45, 15.00, 62047.43, 93993623, 1.39, 2.92, 0.89, 865.08608
2015-12-21, 2, qing_du, 14.58, 15.28, 1.46, 15.06, 14.91, 15.46, 14.90, 69317.51, 105075886, 1.56, 3.72, 0.93, 1119.29703
2015-12-22, 2, qing_du, 14.60, 15.43, 0.98, 15.28, 15.30, 15.57, 15.25, 64354.66, 99382019, 1.45, 2.09, 0.82, 1693.75801
2015-12-23, 2, qing_du, 14.60, 15.06, -2.40, 15.43, 15.50, 15.53, 15.05, 45974.96, 70081065, 1.03, 3.11, 0.61, 1077.45814
2015-12-24, 2, qing_du, 14.61, 14.98, -0.53, 15.06, 15.00, 15.18, 14.87, 43912.37, 65871544, 0.99, 2.06, 0.66, 643.35585
2015-12-25, 2, qing_du, 14.64, 15.76, 5.21, 14.98, 15.04, 16.48, 15.04, 112034.53, 178211096, 2.52, 9.61, 1.96, 848.57512
2015-12-28, 2, qing_du, 14.65, 15.10, -4.19, 15.76, 15.90, 16.08, 15.08, 89044.76, 138758898, 2.00, 6.35, 1.33, 1131.01411
2015-12-29, 2, qing_du, 14.66, 15.50, 2.65, 15.10, 15.00, 15.50, 14.88, 53262.86, 81108944, 1.20, 4.11, 0.75, 1195.80102
2015-12-30, 2, qing_du, 14.69, 15.85, 2.26, 15.50, 15.64, 16.20, 15.51, 103894.67, 165392910, 2.33, 4.45, 1.46, 2904.33598
2015-12-31, 2, qing_du, 14.70, 15.88, 0.19, 15.85, 15.85, 15.92, 15.30, 66128.03, 103584214, 1.48, 3.91, 0.93, 993.35504
2016-01-04, 2, qing_du, 14.71, 14.30, -9.95, 15.88, 15.77, 16.38, 14.29, 72024.58, 111858324, 1.62, 13.16, 1.01, 3376.52683
2016-01-05, 2, qing_du, 14.69, 14.30, 0.00, 14.30, 13.30, 14.45, 13.02, 92207.55, 128129219, 2.07, 10.00, 1.30, 2840.31916
2016-01-06, 1, wei_ruo, 14.69, 14.47, 1.19, 14.30, 14.40, 14.97, 14.20, 74539.06, 108034821, 1.67, 5.38, 1.05, 1242.414
2016-01-07, 1, wei_ruo, 14.68, 13.08, -9.61, 14.47, 14.28, 14.28, 13.03, 16700, 22621141, 0.37, 8.64, 0.23, 1014.55998
2016-01-08, 1, wei_ruo, 14.72, 12.30, -5.96, 13.08, 13.61, 13.65, 11.78, 112563.61, 143086429, 2.53, 14.30, 1.58, 1106.61697
2016-01-11, 1, wei_ruo, 14.60, 11.07, -10.00, 12.30, 11.99, 11.99, 11.07, 88963.69, 102040985, 2.00, 7.48, 1.25, 1580.46603
2016-01-12, 1, wei_ruo, 14.54, 10.75, -2.89, 11.07, 10.90, 11.30, 10.37, 67997.25, 73547707, 1.53, 8.40, 0.96, 1029.06895
2016-01-13, 1, wei_ruo, 14.48, 9.76, -9.21, 10.75, 10.79, 11.00, 9.71, 58801.12, 61210470, 1.32, 12.00, 0.83, 917.5899
2016-01-14, 1, wei_ruo, 14.40, 10.09, 3.38, 9.76, 9.65, 10.23, 9.46, 77534.15, 77110279, 1.74, 7.89, 1.09, 806.39005
2016-01-15, 1, wei_ruo, 14.35, 9.91, -1.78, 10.09, 10.19, 10.30, 9.68, 55775.68, 55889994, 1.25, 6.14, 0.78, 1670.49098
2016-01-18, 1, wei_ruo, 14.29, 10.44, 5.35, 9.91, 9.59, 10.55, 9.59, 62880.18, 64273797, 1.41, 9.69, 0.88, 1242.94305
2016-01-19, 1, wei_ruo, 14.24, 10.75, 2.97, 10.44, 10.43, 10.84, 10.28, 54793.53, 58144273, 1.23, 5.36, 0.77, 1012.40015
2016-01-20, 1, wei_ruo, 14.20, 10.37, -3.53, 10.75, 10.60, 10.86, 10.33, 55445.43, 58512484, 1.25, 4.93, 0.78, 759.97996
2016-01-21, 1, wei_ruo, 14.14, 9.95, -4.05, 10.37, 10.15, 10.55, 9.83, 62069.27, 63443657, 1.39, 6.94, 0.87, 2700.42801
2016-01-22, 1, wei_ruo, 14.08, 9.97, 0.20, 9.95, 10.18, 10.20, 9.55, 64668.75, 63787000, 1.45, 6.53, 0.91, 797.33396
2016-01-26, 1, wei_ruo, 13.95, 9.45, -6.34, 10.09, 10.00, 10.47, 9.20, 77705.46, 77509297, 1.74, 12.59, 1.09, 783.35404
2016-01-27, 1, wei_ruo, 13.87, 9.18, -2.86, 9.45, 9.40, 9.55, 8.68, 75692.31, 69086524, 1.70, 9.21, 1.07, 1312.61611
2016-01-28, 1, wei_ruo, 13.59, 8.26, -10.02, 9.18, 9.00, 9.00, 8.26, 235107.37, 198989229, 5.28, 8.06, 3.31, 828.28093
2016-02-19, 1, wei_ruo, 13.58, 9.09, 10.05, 8.26, 9.09, 9.09, 9.09, 7241.89, 6582878, 0.16, 0.00, 0.13, 1000.16594
2016-02-22, 1, wei_ruo, 13.58, 10.00, 10.01, 9.09, 10.00, 10.00, 10.00, 23829.4, 23829400, 0.54, 0.00, 0.26, 2856.21214
2016-02-23, 1, wei_ruo, 13.22, 11.00, 10.00, 10.00, 10.48, 11.00, 10.32, 539854.14, 584904265, 12.12, 6.80, 6.43, 816.12587
2016-02-24, 1, wei_ruo, 12.97, 10.87, -1.18, 11.00, 11.23, 11.48, 10.45, 496478.52, 545583346, 11.15, 9.36, 2.81, 2851.29714
2016-02-25, 1, wei_ruo, 12.78, 9.78, -10.03, 10.87, 10.50, 10.60, 9.78, 282028.2, 286633979, 6.33, 7.54, 1.08, 833.47392
2016-02-26, 1, wei_ruo, 12.62, 9.45, -3.37, 9.78, 9.60, 9.75, 9.13, 225406.6, 212345410, 5.06, 6.34, 0.84, 712.71396
2016-02-29, 1, wei_ruo, 12.50, 8.55, -9.52, 9.45, 9.44, 9.44, 8.51, 138293.26, 120874922, 3.11, 9.84, 0.44, 2081.70605
2016-03-01, 1, wei_ruo, 12.39, 8.75, 2.34, 8.55, 8.56, 8.89, 8.32, 130489.02, 112909922, 2.93, 6.67, 0.39, 2736.16195
2016-03-02, 1, wei_ruo, 12.26, 9.24, 5.60, 8.75, 8.78, 9.37, 8.69, 165545.05, 149152607, 3.72, 7.77, 0.65, 795.22991
2016-03-03, 1, wei_ruo, 12.15, 9.23, -0.11, 9.24, 9.24, 9.51, 9.14, 175526.1, 162774082, 3.94, 4.00, 0.93, 778.98288
2016-03-04, 1, wei_ruo, 12.00, 9.13, -1.08, 9.23, 9.11, 9.21, 8.40, 201181.21, 179363671, 4.52, 8.78, 1.20, 2094.05184
2016-03-07, 1, wei_ruo, 11.92, 9.29, 1.75, 9.13, 9.43, 9.88, 9.20, 137249.24, 129135603, 3.08, 7.45, 0.85, 658.02503
2016-03-08, 1, wei_ruo, 11.84, 9.44, 1.61, 9.29, 9.17, 9.44, 8.76, 129814.36, 118148013, 2.91, 7.32, 0.80, 2388.32903
2016-03-09, 1, wei_ruo, 11.80, 9.07, -3.92, 9.44, 9.23, 9.32, 9.00, 77684.88, 71085667, 1.74, 3.39, 0.48, 6697.97397
2016-03-10, 1, wei_ruo, 11.76, 8.88, -2.09, 9.07, 9.11, 9.16, 8.83, 58056.89, 52320061, 1.30, 3.64, 0.40, 557.38997
2016-03-11, 1, wei_ruo, 11.70, 9.06, 2.03, 8.88, 8.71, 9.09, 8.60, 85710.96, 76577787, 1.92, 5.52, 0.71, 899.85514
2016-03-14, 1, wei_ruo, 11.63, 9.54, 5.30, 9.06, 9.21, 9.80, 9.11, 149925.77, 142269435, 3.37, 7.62, 1.53, 887.34794
2016-03-15, 1, wei_ruo, 11.59, 9.36, -1.89, 9.54, 9.52, 9.54, 9.33, 76328.85, 71997882, 1.71, 2.20, 0.76, 917.95397
2016-03-16, 1, wei_ruo, 11.56, 9.17, -2.03, 9.36, 9.37, 9.49, 9.12, 61148.87, 56749448, 1.37, 3.95, 0.68, 618.7861
2016-03-17, 1, wei_ruo, 11.51, 9.52, 3.82, 9.17, 9.27, 9.65, 9.18, 107985.62, 102101443, 2.42, 5.13, 1.25, 774.99294
2016-03-18, 1, wei_ruo, 11.44, 9.96, 4.62, 9.52, 9.53, 10.03, 9.47, 169043.13, 166963428, 3.80, 5.88, 1.76, 2527.50301
2016-03-21, 1, wei_ruo, 11.41, 10.24, 2.81, 9.96, 10.03, 10.44, 10.03, 127659.58, 130711982, 2.87, 4.12, 1.13, 673.18296
2016-03-22, 1, wei_ruo, 11.38, 10.35, 1.07, 10.24, 10.11, 10.57, 10.03, 122045.76, 126755500, 2.74, 5.27, 1.13, 2646.70014
2016-03-23, 1, wei_ruo, 11.36, 10.34, -0.10, 10.35, 10.27, 10.50, 10.12, 88922, 91433569, 2.00, 3.67, 0.76, 692.0588
2016-03-24, 1, wei_ruo, 11.32, 9.90, -4.26, 10.34, 10.18, 10.24, 9.90, 114432.62, 115068465, 2.57, 3.29, 0.93, 1050.4539
2016-03-25, 1, wei_ruo, 11.29, 10.00, 1.01, 9.90, 9.90, 10.12, 9.80, 100195.84, 99690386, 2.25, 3.23, 0.81, 2751.83797
2016-03-28, 1, wei_ruo, 11.26, 9.87, -1.30, 10.00, 10.01, 10.23, 9.82, 104095.49, 104783202, 2.34, 4.10, 0.94, 3674.40987
2016-03-29, 1, wei_ruo, 11.24, 9.65, -2.23, 9.87, 9.88, 9.95, 9.56, 61786.11, 59942457, 1.39, 3.95, 0.58, 884.377
2016-03-30, 1, wei_ruo, 11.22, 10.04, 4.04, 9.65, 9.77, 10.04, 9.70, 83500.7, 82431437, 1.87, 3.52, 0.89, 1421.64683
2016-03-31, 1, wei_ruo, 11.20, 10.08, 0.40, 10.04, 10.16, 10.22, 9.96, 82195.5, 82699873, 1.85, 2.59, 0.89, 2975.99387
2016-04-01, 1, wei_ruo, 11.17, 9.99, -0.89, 10.08, 10.02, 10.04, 9.70, 72357.47, 71581886, 1.62, 3.37, 0.84, 1261.38997
2016-04-05, 1, wei_ruo, 11.15, 10.26, 2.70, 9.99, 9.99, 10.30, 9.95, 109736.9, 111557273, 2.46, 3.50, 1.36, 610.10194
2016-04-06, 2, qing_du, 11.13, 10.50, 2.34, 10.26, 10.15, 10.50, 10.12, 131115.99, 135023432, 2.94, 3.70, 1.60, 2511.5211
2016-04-07, 2, qing_du, 11.10, 10.07, -4.10, 10.50, 10.61, 10.67, 10.07, 142102.9, 145321942, 3.19, 5.71, 1.48, 4471.66991
2016-04-08, 2, qing_du, 11.08, 9.93, -1.39, 10.07, 10.00, 10.00, 9.80, 82214.68, 81509611, 1.85, 1.99, 0.76, 661.7291
2016-04-11, 2, qing_du, 11.06, 10.20, 2.72, 9.93, 10.00, 10.33, 10.00, 87193.05, 88735387, 1.96, 3.32, 0.81, 2427.47688
2016-04-12, 2, qing_du, 11.03, 10.77, 5.59, 10.20, 10.16, 10.80, 10.11, 233434.04, 244504503, 5.24, 6.76, 2.11, 1620.40997
2016-04-13, 2, qing_du, 11.03, 10.76, -0.09, 10.77, 10.80, 11.22, 10.70, 215132.98, 234271383, 4.83, 4.83, 1.59, 2623.59095
2016-04-14, 3, zhong_du, 11.02, 10.96, 1.86, 10.76, 10.85, 11.10, 10.80, 158868.39, 173979017, 3.57, 2.79, 1.05, 2539.05797
2016-04-15, 3, zhong_du, 11.08, 12.06, 10.04, 10.96, 10.89, 12.06, 10.89, 354471.66, 412818334, 7.96, 10.68, 2.28, 270.50495
2016-04-18, 4, gao_du, 11.19, 12.47, 3.40, 12.06, 12.07, 12.47, 11.86, 432347.77, 525578661, 9.71, 5.06, 2.06, 334.53202
2016-04-19, 5, qiang_lie, 11.31, 12.69, 1.76, 12.47, 12.31, 12.95, 12.03, 374345.7, 464398075, 8.41, 7.38, 1.34, 453.56393
2016-04-20, 5, qiang_lie, 11.35, 11.54, -9.06, 12.69, 12.69, 12.69, 11.42, 309015.56, 367890212, 6.94, 10.01, 1.01, 541.07189
2016-04-21, 4, gao_du, 11.34, 11.22, -2.77, 11.54, 11.40, 11.53, 11.13, 171441.7, 194209484, 3.85, 3.47, 0.53, 652.49705
2016-04-22, 3, zhong_du, 11.34, 11.21, -0.09, 11.22, 11.10, 11.40, 11.00, 130824.16, 146226554, 2.94, 3.57, 0.40, 2057.68704
2016-04-25, 3, zhong_du, 11.33, 11.08, -1.16, 11.21, 11.10, 11.20, 10.72, 112338.45, 122983985, 2.52, 4.28, 0.40, 1866.5061
2016-04-26, 3, zhong_du, 11.34, 11.79, 6.41, 11.08, 11.01, 11.80, 10.98, 179692.54, 204820058, 4.03, 7.40, 0.82, 12657.78899
2016-04-27, 3, zhong_du, 11.35, 11.53, -2.21, 11.79, 11.72, 12.06, 11.41, 133178.91, 155559067, 2.99, 5.51, 0.74, 1582.16691
2016-04-28, 3, zhong_du, 11.35, 11.30, -1.99, 11.53, 11.44, 11.63, 10.98, 111946.02, 125839725, 2.51, 5.64, 0.77, 602.30494
2016-04-29, 3, zhong_du, 11.35, 11.35, 0.44, 11.30, 11.20, 11.48, 11.06, 88893.16, 99804623, 2.00, 3.72, 0.67, 687.90197
2016-05-03, 3, zhong_du, 11.35, 11.68, 2.91, 11.35, 11.25, 11.69, 11.13, 113633.56, 130961353, 2.55, 4.93, 0.91, 2492.7671
2016-05-04, 3, zhong_du, 11.36, 11.46, -1.88, 11.68, 11.64, 11.82, 11.35, 124272.82, 143247832, 2.79, 4.02, 0.99, 434.77511
2016-05-05, 3, zhong_du, 11.36, 11.44, -0.17, 11.46, 11.46, 11.59, 11.30, 89345.66, 102003137, 2.01, 2.53, 0.78, 1027.93908
2016-05-06, 3, zhong_du, 11.33, 10.40, -9.09, 11.44, 11.43, 11.55, 10.35, 208818.27, 228134252, 4.69, 10.49, 1.98, 739.01391
2016-05-09, 3, zhong_du, 11.29, 9.75, -6.25, 10.40, 10.23, 10.24, 9.61, 112137.45, 110744702, 2.52, 6.06, 0.90, 977.96607
2016-05-10, 2, qing_du, 11.27, 9.82, 0.72, 9.75, 9.79, 9.94, 9.70, 70671.01, 69328022, 1.59, 2.46, 0.55, 4504.20189
2016-05-11, 1, wei_ruo, 11.25, 9.48, -3.46, 9.82, 9.90, 9.98, 9.48, 63064.25, 60924540, 1.42, 5.09, 0.52, 662.05406
2016-05-12, 1, wei_ruo, 11.22, 9.51, 0.32, 9.48, 9.30, 9.66, 9.05, 75753.53, 71052652, 1.70, 6.43, 0.70, 631.88386
2016-05-13, 1, wei_ruo, 11.20, 9.49, -0.21, 9.51, 9.48, 9.64, 9.39, 41934.8, 39917941, 0.94, 2.63, 0.40, 879.82583
2016-05-16, 1, wei_ruo, 11.18, 9.89, 4.21, 9.49, 9.48, 9.91, 9.39, 63096.14, 60957851, 1.42, 5.48, 0.87, 3986.95517
2016-05-17, 1, wei_ruo, 11.16, 9.86, -0.30, 9.89, 9.88, 9.97, 9.75, 48118.65, 47405129, 1.08, 2.22, 0.76, 461.38811
2016-05-18, 1, wei_ruo, 11.14, 9.49, -3.75, 9.86, 9.80, 9.82, 9.41, 58924.14, 56248948, 1.32, 4.16, 1.01, 1302.22797
2016-05-19, 1, wei_ruo, 11.13, 9.54, 0.53, 9.49, 9.49, 9.90, 9.47, 43668.8, 42300425, 0.98, 4.53, 0.76, 2620.21184
2016-05-20, 1, wei_ruo, 11.12, 9.81, 2.83, 9.54, 9.38, 9.81, 9.35, 33554.25, 32303165, 0.75, 4.82, 0.66, 2752.9552
2016-05-23, 1, wei_ruo, 11.11, 9.87, 0.61, 9.81, 9.90, 9.96, 9.60, 41584.53, 40945321, 0.93, 3.67, 0.84, 976.11213
2016-05-24, 1, wei_ruo, 11.10, 9.70, -1.72, 9.87, 9.88, 9.88, 9.63, 30105.71, 29256704, 0.68, 2.53, 0.67, 5520.72191
2016-05-25, 1, wei_ruo, 11.08, 9.60, -1.03, 9.70, 9.79, 9.85, 9.55, 41367.83, 40145825, 0.93, 3.09, 0.92, 4364.49409
2016-05-26, 1, wei_ruo, 11.07, 9.58, -0.21, 9.60, 9.60, 9.71, 9.30, 37769.61, 35688099, 0.85, 4.27, 0.84, 3903.08595
2016-05-27, 1, wei_ruo, 11.06, 9.60, 0.21, 9.58, 9.58, 9.68, 9.53, 28380.66, 27257396, 0.64, 1.57, 0.63, 9734.53021
2016-05-30, 1, wei_ruo, 11.05, 9.59, -0.10, 9.60, 9.60, 9.78, 9.47, 31642.64, 30480760, 0.71, 3.23, 0.70, 611.00602
2016-05-31, 1, wei_ruo, 11.03, 10.19, 6.26, 9.59, 9.58, 10.30, 9.58, 98262.37, 98291264, 2.21, 7.51, 2.18, 2737.71596
2016-06-01, 1, wei_ruo, 11.02, 10.06, -1.28, 10.19, 10.18, 10.29, 10.03, 62186.94, 63201550, 1.40, 2.55, 1.38, 3566.91289
2016-06-02, 1, wei_ruo, 11.02, 10.82, 7.55, 10.06, 10.02, 10.86, 10.01, 100331.78, 104319928, 2.25, 8.45, 2.22, 1014.79506
2016-06-03, 1, wei_ruo, 11.00, 10.65, -1.57, 10.82, 10.69, 10.78, 10.50, 64813.4, 68965950, 1.46, 2.59, 1.43, 6061.76901
2016-06-06, 1, wei_ruo, 11.00, 10.55, -0.94, 10.65, 10.63, 10.76, 10.42, 48631.11, 51378005, 1.09, 3.19, 1.08, 1456.40302
2016-06-07, 1, wei_ruo, 10.99, 10.56, 0.09, 10.55, 10.65, 10.66, 10.45, 44632.12, 47049103, 1.00, 1.99, 0.99, 7252.1112
2016-06-08, 1, wei_ruo, 10.98, 10.30, -2.46, 10.56, 10.55, 10.55, 10.12, 72701.6, 74961997, 1.63, 4.07, 1.61, 11368.12687
2016-06-13, 1, wei_ruo, 10.96, 10.03, -2.62, 10.30, 10.15, 10.52, 10.03, 90306.52, 92592905, 2.03, 4.76, 2.00, 734.50494
2016-06-14, 1, wei_ruo, 10.95, 9.96, -0.70, 10.03, 10.01, 10.09, 9.72, 68218.99, 67427321, 1.53, 3.69, 1.51, 7600.68488
2016-06-15, 1, wei_ruo, 10.93, 10.21, 2.51, 9.96, 9.80, 10.30, 9.75, 78567.25, 79876313, 1.76, 5.52, 1.74, 3066.26701
2016-06-16, 1, wei_ruo, 10.92, 10.24, 0.29, 10.21, 10.21, 10.36, 10.11, 69989.43, 71867818, 1.57, 2.45, 1.55, 6344.31982
2016-06-17, 1, wei_ruo, 10.91, 10.53, 2.83, 10.24, 10.36, 10.57, 10.26, 75590.91, 78888536, 1.70, 3.03, 1.67, 2809.87787
2016-06-20, 1, wei_ruo, 10.91, 10.53, 2.83, 10.24, 10.36, 10.57, 10.26, 75590.91, 78888536, 1.70, 3.03, 1.67, 3942.698
2016-06-21, 1, wei_ruo, 10.90, 10.18, -2.49, 10.44, 10.47, 10.57, 10.12, 55204.48, 57356490, 1.24, 4.31, 1.22, 735.42404
2016-06-22, 1, wei_ruo, 10.90, 10.44, 2.55, 10.18, 10.06, 10.44, 10.06, 37627.33, 38842663, 0.84, 3.73, 0.83, 878.92604
2016-06-23, 1, wei_ruo, 10.89, 10.54, 0.96, 10.44, 10.44, 10.70, 10.42, 69176.83, 73064555, 1.55, 2.68, 1.53, 1152.57502
2016-06-24, 1, wei_ruo, 10.88, 10.38, -1.52, 10.54, 10.56, 10.68, 9.93, 78654.94, 81706321, 1.77, 7.12, 1.74, 2733.86598
2016-06-27, 1, wei_ruo, 10.87, 10.59, 2.02, 10.38, 10.25, 10.62, 10.20, 71583.52, 74834602, 1.61, 4.05, 1.60, 2009.98688
2016-06-28, 2, qing_du, 10.87, 10.79, 1.79, 10.60, 10.58, 10.82, 10.51, 82705.77, 88380884, 1.86, 2.92, 1.83, 994.43889
2016-06-30, 3, zhong_du, 10.87, 10.85, 1.12, 10.73, 10.73, 11.04, 10.68, 97284.84, 105893886, 2.18, 3.36, 2.15, 1292.66286
2016-07-01, 4, gao_du, 10.90, 11.84, 9.12, 10.85, 10.81, 11.94, 10.76, 252731.28, 287152960, 5.68, 10.88, 5.60, 1171.66114
2016-07-04, 4, gao_du, 10.95, 11.62, -1.86, 11.84, 11.41, 11.92, 11.37, 262749.35, 305668891, 5.90, 4.65, 5.82, 967.06295
2016-07-05, 4, gao_du, 10.96, 11.35, -2.32, 11.62, 11.52, 11.59, 11.29, 139891.1, 159471268, 3.14, 2.58, 3.10, 4692.33894
2016-07-06, 4, gao_du, 10.99, 11.57, 1.94, 11.35, 11.54, 11.92, 11.46, 155741.49, 180922084, 3.50, 4.05, 3.45, 4592.67092
2016-07-07, 4, gao_du, 10.99, 11.31, -2.25, 11.57, 11.52, 11.52, 11.17, 103185.3, 116632043, 2.32, 3.03, 2.28, 6383.533
2016-07-08, 4, gao_du, 11.00, 11.40, 0.80, 11.31, 11.31, 11.50, 11.19, 79859.1, 90485280, 1.79, 2.74, 1.77, 10640.10382
2016-07-11, 4, gao_du, 11.01, 11.21, -1.67, 11.40, 11.40, 11.49, 11.21, 89129.86, 101124301, 2.00, 2.46, 1.97, 3069.86213
2016-07-12, 4, gao_du, 11.01, 11.43, 1.96, 11.21, 11.22, 11.43, 10.99, 97171.99, 109462151, 2.18, 3.93, 2.17, 26679.88491
2016-07-13, 4, gao_du, 11.03, 11.62, 1.48, 11.45, 11.50, 11.82, 11.36, 139797.76, 162133618, 3.14, 4.02, 3.09, 4944.67616
2016-07-14, 4, gao_du, 11.05, 11.81, 1.64, 11.62, 11.57, 11.88, 11.52, 109288.33, 128160670, 2.45, 3.10, 2.42, 4393.30196
2016-07-15, 5, qiang_lie, 11.08, 12.16, 2.96, 11.81, 11.83, 12.19, 11.58, 143730.42, 171902308, 3.23, 5.17, 3.18, 920.403
2016-07-18, 5, qiang_lie, 11.10, 11.84, -2.63, 12.16, 12.16, 12.17, 11.80, 86957.96, 103926395, 1.95, 3.04, 1.97, 1012.10308
2016-07-19, 5, qiang_lie, 11.11, 11.93, 0.68, 11.85, 11.85, 11.94, 11.78, 60441.35, 71671332, 1.36, 1.35, 1.34, 18261.24191
2016-07-20, 5, qiang_lie, 11.12, 11.77, -1.34, 11.93, 11.88, 11.98, 11.71, 76044.89, 90090726, 1.71, 2.26, 1.68, 2577.83699
2016-07-21, 5, qiang_lie, 11.14, 11.89, 1.02, 11.77, 11.78, 12.08, 11.71, 72753.02, 86613590, 1.63, 3.14, 1.61, 3001.73807
2016-07-22, 5, qiang_lie, 11.15, 11.74, -1.26, 11.89, 11.86, 12.00, 11.73, 56370.49, 66797799, 1.27, 2.27, 1.25, 2854.83193
2016-07-25, 5, qiang_lie, 11.16, 11.75, 0.09, 11.74, 11.79, 11.89, 11.58, 64720.89, 75896552, 1.45, 2.64, 1.43, 4804.54898
2016-07-26, 5, qiang_lie, 11.16, 11.82, 0.60, 11.75, 11.71, 11.83, 11.70, 42687.5, 50225474, 0.96, 1.11, 0.95, 789.54315
2016-07-27, 5, qiang_lie, 11.17, 11.03, -6.68, 11.82, 11.82, 11.86, 10.85, 92127.12, 104615809, 2.07, 8.54, 2.04, 6497.98012
2016-07-28, 5, qiang_lie, 11.16, 11.02, -0.09, 11.03, 11.05, 11.15, 10.72, 48070.04, 52712917, 1.08, 3.90, 1.06, 999.86506
2016-07-29, 4, gao_du, 11.16, 11.01, -0.09, 11.02, 11.10, 11.17, 10.82, 40017.58, 44112181, 0.90, 3.18, 0.89, 14572.08705
2016-08-01, 3, zhong_du, 11.16, 10.90, -1.00, 11.01, 10.99, 11.00, 10.74, 30214.62, 32768043, 0.68, 2.36, 0.67, 4421.91815
2016-08-02, 3, zhong_du, 11.16, 11.13, 2.11, 10.90, 10.90, 11.18, 10.84, 32716.54, 36113145, 0.73, 3.12, 0.72, 15242.30599
2016-08-03, 3, zhong_du, 11.16, 11.12, -0.09, 11.13, 11.14, 11.16, 11.01, 17372.01, 19305978, 0.39, 1.35, 0.41, 4778.15485
2016-08-04, 3, zhong_du, 11.16, 11.26, 1.26, 11.12, 11.19, 11.33, 11.08, 30935.33, 34672646, 0.69, 2.25, 0.92, 14650.06185
2016-08-05, 3, zhong_du, 11.16, 11.06, -1.78, 11.26, 11.30, 11.32, 11.01, 20736.67, 23251684, 0.47, 2.75, 0.66, 1079.24891
2016-08-08, 4, gao_du, 11.16, 11.27, 1.90, 11.06, 11.06, 11.34, 11.01, 26347.67, 29567800, 0.59, 2.98, 0.92, 68180.87888
2016-08-09, 4, gao_du, 11.16, 11.30, 0.27, 11.27, 11.35, 11.38, 11.21, 22165.36, 24979674, 0.50, 1.51, 0.87, 18210.62613
2016-08-10, 4, gao_du, 11.16, 11.16, -1.24, 11.30, 11.30, 11.31, 11.02, 29210.85, 32690083, 0.66, 2.57, 1.25, 4492.65289
2016-08-11, 4, gao_du, 11.16, 11.00, -1.61, 11.18, 11.20, 11.22, 10.99, 27359.22, 30360213, 0.61, 2.06, 1.05, 555.29499
2016-08-15, 4, gao_du, 11.16, 11.50, 1.59, 11.32, 11.33, 11.62, 11.26, 49535.9, 56813263, 1.11, 3.18, 1.58, 594.05422
2016-08-16, 4, gao_du, 11.17, 11.77, 2.35, 11.50, 11.47, 11.82, 11.44, 72665.52, 84616121, 1.63, 3.30, 2.02, 16873.11912
2016-08-17, 4, gao_du, 11.18, 11.80, 0.25, 11.77, 11.76, 11.88, 11.58, 50381.3, 58955985, 1.13, 2.55, 1.09, 14536.54623
2016-08-18, 5, qiang_lie, 11.18, 12.07, 2.46, 11.78, 11.81, 12.10, 11.72, 94004.54, 112376679, 2.11, 3.23, 1.87, 15379.89807
2016-08-19, 5, qiang_lie, 11.20, 12.27, 1.66, 12.07, 12.07, 12.68, 11.98, 99907.17, 123054422, 2.24, 5.80, 1.58, 612.40697
2016-08-22, 5, qiang_lie, 11.22, 12.38, 0.57, 12.31, 12.32, 12.38, 12.14, 51651.58, 63277645, 1.16, 1.95, 0.70, 630.07498
2016-08-23, 5, qiang_lie, 11.23, 12.21, -1.37, 12.38, 12.39, 12.39, 12.00, 54283.54, 66057630, 1.22, 3.15, 0.74, 521.18301
2016-08-24, 5, qiang_lie, 11.23, 12.04, -1.39, 12.21, 12.16, 12.24, 12.02, 32179.19, 39005992, 0.72, 1.80, 0.46, 5035.47502
2016-08-25, 5, qiang_lie, 11.27, 12.36, 2.66, 12.04, 12.08, 12.75, 12.01, 127927.28, 158327177, 2.87, 6.15, 1.92, 576.74885
2016-08-26, 5, qiang_lie, 11.28, 12.33, -0.24, 12.36, 12.30, 12.33, 12.10, 68916.15, 84078394, 1.55, 1.86, 0.94, 547.67799
2016-08-29, 5, qiang_lie, 11.29, 12.31, -0.16, 12.33, 12.27, 12.35, 12.15, 49655.81, 60845074, 1.12, 1.62, 0.74, 672.13392
2016-08-30, 5, qiang_lie, 11.30, 12.27, -0.32, 12.31, 12.35, 12.44, 12.15, 43009.49, 52908986, 0.97, 2.36, 0.65, 567.55805
2016-08-31, 5, qiang_lie, 11.31, 12.03, -1.96, 12.27, 12.18, 12.27, 11.91, 42484.43, 51256393, 0.95, 2.93, 0.66, 870.17298
2016-09-01, 5, qiang_lie, 11.31, 11.99, -2.28, 12.27, 12.18, 12.27, 11.91, 17528, 21165124, 0.39, 2.93, 1.56, 843.80293
2016-09-02, 5, qiang_lie, 11.31, 13.19, 10.01, 11.99, 12.08, 13.19, 12.03, 218264.86, 275121591, 4.90, 9.67, 3.29, 9748.68298
2016-09-05, 5, qiang_lie, 11.31, 11.99, -2.28, 12.27, 12.18, 12.27, 11.91, 17528, 21165124, 0.39, 2.93, 1.56, 690.16004
2016-09-06, 5, qiang_lie, 11.31, 14.05, 0.93, 13.92, 14.12, 14.18, 13.57, 171314.02, 237039177, 3.85, 4.38, 2.58, 8112.87308
2016-09-07, 5, qiang_lie, 11.31, 13.92, -0.93, 14.05, 13.98, 14.19, 13.77, 160057.9, 224256130, 3.59, 2.99, 2.41, 594.1298
2016-09-08, 5, qiang_lie, 11.31, 11.99, -2.28, 12.27, 12.18, 12.27, 11.91, 17528, 21165124, 0.39, 2.93, 1.56, 785.08902
2016-09-09, 5, qiang_lie, 11.31, 11.99, -2.28, 12.27, 12.18, 12.27, 11.91, 17528, 21165124, 0.39, 2.93, 1.56, 4622.051
2016-09-12, 5, qiang_lie, 11.31, 14.33, 0.49, 14.26, 13.83, 14.55, 13.79, 118297.94, 167137474, 2.66, 5.33, 1.78, 2649.34492
2016-09-13, 5, qiang_lie, 11.31, 14.06, -1.88, 14.33, 14.39, 14.92, 13.66, 114804.21, 162190694, 2.58, 8.79, 1.73, 2596.47298
2016-09-14, 5, qiang_lie, 11.31, 13.62, -3.13, 14.06, 13.74, 14.00, 13.45, 72551.86, 99768955, 1.63, 3.91, 1.09, 645.96295
2016-09-19, 5, qiang_lie, 11.31, 14.98, 9.99, 13.62, 13.62, 14.98, 13.56, 190527.19, 278249481, 4.28, 10.43, 2.91, 727.72217
2016-09-20, 5, qiang_lie, 11.31, 14.96, -0.13, 14.98, 15.15, 15.34, 14.56, 173337, 259999773, 3.89, 5.21, 2.61, 520.34211
2016-09-21, 5, qiang_lie, 11.31, 15.01, 0.33, 14.96, 14.99, 15.27, 14.64, 109134.63, 163327225, 2.45, 4.21, 1.64, 2577.01206
2016-09-22, 5, qiang_lie, 11.31, 15.18, 1.13, 15.01, 15.08, 15.58, 14.85, 118590.34, 180700060, 2.66, 4.86, 1.79, 541.0831
2016-09-23, 5, qiang_lie, 11.31, 15.37, 1.25, 15.18, 15.00, 15.37, 14.86, 92463.41, 139489593, 2.08, 3.36, 1.39, 2575.62304
2016-09-26, 5, qiang_lie, 11.31, 14.85, -3.38, 15.37, 15.26, 15.50, 14.85, 79654.46, 121149641, 1.79, 4.23, 1.20, 797.85395
2016-09-27, 5, qiang_lie, 11.31, 14.90, 0.34, 14.85, 14.76, 14.95, 14.48, 65893.78, 96968356, 1.48, 3.16, 0.99, 670.89319
2016-09-28, 5, qiang_lie, 11.31, 15.42, 3.49, 14.90, 14.91, 15.65, 14.86, 104938.73, 160244165, 2.36, 5.30, 1.58, 2707.515
2016-09-29, 5, qiang_lie, 11.31, 15.30, -0.78, 15.42, 15.39, 15.70, 15.21, 50953.35, 78760669, 1.14, 3.18, 0.77, 4607.50413
2016-09-30, 5, qiang_lie, 11.31, 15.61, 2.03, 15.30, 15.20, 15.88, 15.15, 79531.78, 124182706, 1.79, 4.77, 1.20, 747.84994
2016-10-10, 5, qiang_lie, 11.31, 15.57, -0.26, 15.61, 15.61, 15.73, 15.00, 116127.72, 177704717, 2.61, 4.68, 1.75, 653.69987
2016-10-11, 5, qiang_lie, 11.31, 15.44, -0.83, 15.57, 15.52, 15.98, 15.22, 75555.63, 117860214, 1.70, 4.88, 1.14, 1027.31299
2016-10-12, 5, qiang_lie, 11.31, 15.15, -1.88, 15.44, 15.35, 15.56, 15.14, 63960.3, 97966957, 1.44, 2.72, 0.96, 952.37494
2016-10-13, 5, qiang_lie, 11.31, 15.37, 1.45, 15.15, 15.15, 15.65, 14.93, 64222.29, 98879937, 1.44, 4.75, 0.97, 8091.65287
2016-10-14, 5, qiang_lie, 12.93, 15.16, -1.37, 15.37, 15.35, 15.50, 14.94, 80560.86, 121772201, 1.81, 3.64, 1.21, 3790.41791
2016-10-17, 5, qiang_lie, 13.01, 15.45, 1.91, 15.16, 15.41, 16.05, 15.16, 137097.22, 213769823, 3.08, 5.87, 2.06, 2738.53517
2016-10-18, 5, qiang_lie, 13.18, 17.00, 10.03, 15.45, 15.30, 17.00, 15.30, 226123.13, 372396136, 5.08, 11.00, 3.41, 529.29711
2016-10-19, 5, qiang_lie, 13.27, , , , , , , , , , , , 531.54802
2016-10-20, 5, qiang_lie, 13.36, 16.50, -1.02, 16.67, 16.82, 17.06, 16.48, 114212.33, 191273954, 2.56, 3.48, 1.22, 4611.60994
2016-10-21, 5, qiang_lie, 13.41, 16.70, 1.21, 16.50, 16.54, 16.80, 16.20, 76801.47, 126658250, 1.72, 3.64, 0.72, 6487.76889
2016-10-24, 5, qiang_lie, 13.46, 16.62, -0.48, 16.70, 16.65, 16.83, 16.36, 57737.88, 95905209, 1.30, 2.81, 0.51, 578.28307
2016-10-25, 5, qiang_lie, 13.50, 16.67, 0.30, 16.62, 16.62, 16.79, 16.35, 62611.95, 103312514, 1.41, 2.65, 0.55, 19872.98298
2016-10-26, 5, qiang_lie, 13.60, 17.04, 2.22, 16.67, 16.72, 17.48, 16.52, 128135.88, 218650462, 2.88, 5.76, 1.13, 610.81004
2016-10-27, 5, qiang_lie, 13.66, 16.70, -2.00, 17.04, 17.03, 17.11, 16.52, 84862.75, 141473983, 1.91, 3.46, 0.75, 2672.89782
2016-10-28, 5, qiang_lie, 13.69, 16.65, -0.30, 16.70, 16.60, 16.70, 16.42, 44780.4, 74219951, 1.01, 1.68, 0.39, 26865.16595
2016-10-31, 5, qiang_lie, 13.73, 16.76, 0.66, 16.65, 16.66, 17.11, 16.58, 48101.4, 81158712, 1.08, 3.18, 0.42, 563.591
2016-11-01, 5, qiang_lie, 13.78, 16.69, -0.42, 16.76, 16.67, 17.12, 16.58, 82055.72, 138116508, 1.84, 3.22, 0.73, 527.76003
2016-11-02, 5, qiang_lie, 13.91, 15.22, -8.86, 16.70, 16.55, 16.78, 15.03, 291220.23, 453637147, 6.54, 10.48, 2.58, 697.87097
2016-11-03, 5, qiang_lie, 13.94, 15.21, -0.07, 15.22, 15.01, 15.38, 14.80, 139004.78, 210620058, 3.12, 3.81, 1.22, 553.4091
2016-11-04, 5, qiang_lie, 13.96, 15.19, -0.13, 15.21, 15.27, 15.32, 15.07, 41696.34, 63312437, 0.94, 1.64, 0.37, 519.39988
2016-11-07, 4, gao_du, 13.97, 15.05, -0.99, 15.20, 15.20, 15.32, 15.02, 40396.16, 60999376, 0.91, 1.97, 0.36, 660.1882
2016-11-08, 3, zhong_du, 14.00, 15.69, 4.39, 15.03, 15.15, 15.88, 15.05, 102655.02, 160219853, 2.31, 5.52, 0.90, 404.68502
2016-11-09, 4, gao_du, 14.04, 15.79, 0.64, 15.69, 15.70, 16.11, 15.33, 80009.66, 126535392, 1.80, 4.97, 0.70, 1143.26
2016-11-10, 4, gao_du, 14.05, 15.70, -0.57, 15.79, 15.82, 15.95, 15.57, 46206.62, 72594330, 1.04, 2.41, 0.41, 804.7719
2016-11-11, 4, gao_du, 14.07, 15.80, 0.57, 15.71, 15.61, 15.97, 15.56, 51956.74, 81863041, 1.17, 2.61, 0.46, 2842.07487
2016-11-14, 4, gao_du, 14.09, 15.78, -0.13, 15.80, 15.80, 15.88, 15.59, 47407.27, 74383901, 1.06, 1.84, 0.42, 491.76621
2016-11-15, 4, gao_du, 14.16, 15.96, 1.01, 15.80, 15.85, 16.70, 15.68, 142946.66, 230277298, 3.21, 6.46, 1.27, 587.58497
2016-11-16, 4, gao_du, 14.21, 16.02, 1.39, 15.80, 15.85, 16.70, 15.68, 92556.71, 149434006, 2.08, 6.46, 1.63, 464.45203
2016-11-17, 4, gao_du, 14.28, 16.02, 1.39, 15.80, 15.85, 16.70, 15.68, 92556.71, 149434006, 2.08, 6.46, 1.63, 569.40508
2016-11-18, 4, gao_du, 14.33, 16.18, 1.31, 15.97, 15.92, 16.41, 15.92, 44143.91, 71544012, 0.99, 3.07, 0.78, 646.91401
2016-11-21, 4, gao_du, 14.35, 16.20, 0.87, 16.06, 16.00, 16.34, 15.20, 63568.85, 102574557, 1.43, 7.10, 0.56, 394.45591
2016-11-22, 4, gao_du, 14.39, 16.21, 0.06, 16.20, 15.96, 16.68, 15.96, 89317.86, 146529616, 2.01, 4.44, 0.79, 883.05306
2016-11-23, 4, gao_du, 14.41, 16.12, -0.56, 16.21, 16.30, 16.30, 16.06, 49769.81, 80597918, 1.12, 1.48, 0.44, 560.38713
2016-11-24, 3, zhong_du, 14.42, 16.04, -0.50, 16.12, 16.10, 16.29, 15.93, 41590.38, 66764523, 0.93, 2.23, 0.37, 563.54094
2016-11-25, 3, zhong_du, 14.45, 15.69, -2.18, 16.04, 16.02, 16.12, 15.57, 96496.84, 151658185, 2.17, 3.43, 0.86, 1080.69611
2016-11-28, 3, zhong_du, 14.48, 15.17, -3.31, 15.69, 15.51, 15.82, 15.10, 108662.66, 167881824, 2.44, 4.59, 0.96, 510.69093
2016-11-29, 2, qing_du, 14.49, 14.90, -1.59, 15.14, 15.13, 15.44, 14.90, 66528.76, 100434754, 1.49, 3.57, 0.59, 404.15692
2016-11-30, 1, wei_ruo, 14.49, 14.67, -1.54, 14.90, 14.90, 15.07, 14.63, 47961.04, 70867369, 1.08, 2.95, 0.43, 489.851
2016-12-01, 1, wei_ruo, 14.49, 14.70, 0.34, 14.65, 14.75, 15.05, 14.65, 55965.53, 83143096, 1.26, 2.73, 0.49, 918.47801
2016-12-02, 1, wei_ruo, 14.49, 14.51, -1.29, 14.70, 14.80, 14.87, 14.44, 49276.54, 72092164, 1.11, 2.93, 0.43, 2610.94308
2016-12-05, 1, wei_ruo, 14.49, 14.57, 0.41, 14.51, 14.49, 14.93, 14.26, 44294.11, 64846686, 0.99, 4.62, 0.39, 772.19296
2016-12-06, 1, wei_ruo, 14.49, 14.45, -0.82, 14.57, 14.57, 14.80, 14.35, 35792.93, 51819631, 0.80, 3.09, 0.31, 700.72794
2016-12-07, 1, wei_ruo, 14.50, 14.46, 0.07, 14.45, 14.45, 14.75, 14.32, 38786.48, 56063041, 0.87, 2.98, 0.34, 484.67708
2016-12-08, 1, wei_ruo, 14.50, 14.68, 1.52, 14.46, 14.46, 14.82, 14.46, 37316.06, 54805962, 0.84, 2.49, 0.33, 527.79317
2016-12-09, 1, wei_ruo, 14.50, 14.49, -1.29, 14.68, 14.69, 14.71, 14.40, 28975.25, 42243383, 0.65, 2.11, 0.25, 657.0189
2016-12-12, 1, wei_ruo, 14.49, 13.67, -5.66, 14.49, 14.55, 14.55, 13.51, 68396.32, 94812287, 1.54, 7.18, 0.60, 495.543
2016-12-13, 1, wei_ruo, 14.48, 13.52, -1.10, 13.67, 13.65, 13.65, 13.36, 27237.78, 36726205, 0.61, 2.12, 0.24, 812.52909
2016-12-14, 1, wei_ruo, 14.48, 13.53, 0.07, 13.52, 13.70, 13.75, 13.50, 25104.73, 34227886, 0.56, 1.85, 0.22, 735.77881
2016-12-15, 1, wei_ruo, 14.47, 13.56, 0.22, 13.53, 13.40, 13.72, 13.30, 20968.78, 28450221, 0.47, 3.10, 0.18, 573.73405
2016-12-16, 1, wei_ruo, 14.47, 13.88, 2.36, 13.56, 13.65, 13.99, 13.42, 28076.04, 38803810, 0.63, 4.20, 0.25, 574.25213
2016-12-19, 1, wei_ruo, 14.48, 15.27, 10.01, 13.88, 13.90, 15.27, 13.72, 127087.66, 188507800, 2.85, 11.17, 1.12, 635.68997
2016-12-20, 1, wei_ruo, 14.49, 14.66, -3.99, 15.27, 15.19, 15.37, 14.55, 109376.31, 162729500, 2.46, 5.37, 0.96, 558.48718
2016-12-21, 1, wei_ruo, 14.49, 14.67, 0.07, 14.66, 14.80, 14.98, 14.42, 73334.58, 107661105, 1.65, 3.82, 0.65, 532.9299
2016-12-22, 1, wei_ruo, 14.49, 14.55, -0.82, 14.67, 14.58, 15.12, 14.50, 59916.39, 88596643, 1.35, 4.23, 0.53, 817.26599
2016-12-23, 1, wei_ruo, 14.49, 14.81, 1.79, 14.55, 14.45, 14.89, 14.45, 38021.71, 55763815, 0.85, 3.02, 0.33, 319.95606
2016-12-26, 1, wei_ruo, 14.49, 14.80, -0.07, 14.81, 14.75, 14.88, 14.52, 21566.84, 31662139, 0.48, 2.43, 0.19, 614.74299
2016-12-27, 1, wei_ruo, 14.50, 14.75, -0.34, 14.80, 14.80, 15.08, 14.65, 32175.24, 47880075, 0.72, 2.91, 0.28, 1533.19597
2016-12-28, 1, wei_ruo, 14.50, 14.83, 0.54, 14.75, 14.70, 15.00, 14.56, 29001.3, 43047941, 0.65, 2.98, 0.26, 585.61802
2016-12-30, 1, wei_ruo, 14.53, 15.27, -0.72, 15.38, 15.32, 15.64, 15.23, 48245.3, 74312774, 1.08, 2.67, 0.42, 637.89701
2017-01-04, 2, qing_du, 14.55, 15.35, -0.32, 15.40, 15.40, 15.54, 15.21, 39956.01, 61043077, 0.90, 2.14, 0.35, 569.79799
2017-01-05, 2, qing_du, 14.56, 15.59, 1.56, 15.35, 15.25, 15.67, 15.13, 59768.45, 91937959, 1.34, 3.52, 0.53, 577.23689
2017-01-10, 2, qing_du, 14.58, 17.15, 10.01, 15.59, 17.15, 17.15, 17.15, 26752.24, 45880092, 0.60, 0.00, 0.24, 498.19589
2017-01-11, 3, zhong_du, 14.85, 17.82, 3.91, 17.15, 17.50, 18.59, 16.79, 386710.25, 676240697, 8.68, 10.50, 3.40, 645.11991
2017-01-13, 3, zhong_du, 15.00, 16.76, -2.56, 17.20, 17.03, 17.10, 16.21, 138352.9, 229626028, 3.11, 5.17, 1.22, 1437.00004
2017-01-16, 3, zhong_du, 15.02, 17.15, 10.01, 15.59, 17.15, 17.15, 17.15, 24895.68, 42696091, 0.56, 0.00, 0.44, 589.09297
2017-01-17, 2, qing_du, 15.04, 16.38, 4.53, 15.67, 15.66, 16.48, 15.60, 68734.46, 110450010, 1.54, 5.62, 0.60, 611.56893
2017-01-18, 2, qing_du, 15.06, 16.54, 0.98, 16.38, 16.40, 16.69, 16.06, 57562.97, 94471355, 1.29, 3.85, 0.51, 2700.5589
2017-02-07, 3, zhong_du, 15.14, 16.13, -0.43, 16.20, 16.20, 16.27, 16.03, 13949.66, 22488282, 0.31, 1.48, 0.27, 3111.938
2017-02-08, 3, zhong_du, 15.15, 16.26, 0.37, 16.20, 16.20, 16.35, 16.03, 28020.41, 45376830, 0.63, 1.98, 0.25, 2671.09513
2017-02-09, 3, zhong_du, 15.17, 16.80, 3.32, 16.26, 16.22, 16.93, 16.20, 43537.01, 72085650, 0.98, 4.49, 0.49, 957.92103
2017-02-10, 3, zhong_du, 15.18, 16.66, -1.01, 16.83, 16.91, 16.91, 16.55, 40365.67, 67213860, 0.91, 2.14, 0.36, 634.31001
2017-02-13, 3, zhong_du, 15.19, 16.63, -0.18, 16.66, 16.51, 16.75, 16.45, 27615.97, 45830126, 0.62, 1.80, 0.24, 4785.30812
2017-02-14, 3, zhong_du, 15.21, 17.01, 2.29, 16.63, 16.60, 17.11, 16.54, 47178.08, 79485425, 1.06, 3.43, 0.42, 594.46502
2017-02-15, 3, zhong_du, 15.24, 17.03, 0.12, 17.01, 17.01, 17.44, 16.95, 66915.95, 115060058, 1.50, 2.88, 0.59, 4605.1259
2017-02-16, 3, zhong_du, 15.26, 17.13, 0.59, 17.03, 16.91, 17.38, 16.85, 46150.76, 79149313, 1.04, 3.11, 0.41, 2870.87893
2017-02-17, 4, gao_du, 15.28, 17.32, 1.11, 17.13, 17.20, 17.55, 16.97, 54433.42, 94381965, 1.22, 3.39, 0.48, 577.19612
2017-02-20, 4, gao_du, 15.33, 17.73, 2.37, 17.32, 17.35, 17.95, 17.33, 84122.39, 149206207, 1.89, 3.58, 0.74, 634.40299
2017-02-21, 4, gao_du, 15.35, 17.64, -0.51, 17.73, 17.75, 17.80, 17.42, 48622.46, 85480431, 1.09, 2.14, 0.43, 2651.49307
2017-02-22, 4, gao_du, 15.37, 17.61, -0.17, 17.64, 17.64, 17.82, 17.50, 33353.72, 58893972, 0.75, 1.81, 0.29, 4886.34086
2017-02-23, 4, gao_du, 15.39, 17.37, -1.36, 17.61, 17.68, 17.69, 17.25, 42057.7, 73217775, 0.94, 2.50, 0.37, 4851.41206
2017-02-24, 4, gao_du, 15.41, 17.26, -0.63, 17.37, 17.37, 17.40, 17.26, 4867.37, 8427506, 0.11, 0.81, 0.23, 1135.10299
2017-02-27, 4, gao_du, 15.43, 17.26, -0.63, 17.37, 17.37, 17.40, 17.26, 4867.37, 8427506, 0.11, 0.81, 0.23, 1316.92195
2017-02-28, 4, gao_du, 15.44, 17.15, -1.44, 17.40, 17.39, 17.43, 17.11, 28795.78, 49631468, 0.65, 1.84, 0.25, 775.30408
2017-03-01, 4, gao_du, 15.45, 17.20, 0.29, 17.15, 17.05, 17.36, 17.05, 22768.99, 39244574, 0.51, 1.81, 0.20, 591.24303
2017-03-02, 4, gao_du, 15.46, 17.09, -0.64, 17.20, 17.20, 17.34, 17.05, 23173.73, 39834627, 0.52, 1.69, 0.20, 828.9032
2017-03-03, 3, zhong_du, 15.46, 17.00, -0.53, 17.09, 17.02, 17.19, 16.98, 17800.42, 30410349, 0.40, 1.23, 0.16, 4860.08501
2017-03-06, 3, zhong_du, 15.49, 17.50, 2.94, 17.00, 17.39, 17.59, 17.06, 48612.9, 84458281, 1.09, 3.12, 0.43, 4635.46705
2017-03-07, 3, zhong_du, 15.50, 17.60, -0.06, 17.61, 17.60, 17.76, 17.50, 14733.76, 25936121, 0.33, 1.48, 0.26, 1306.34904
2017-03-08, 4, gao_du, 15.51, 17.54, -0.40, 17.61, 17.60, 17.76, 17.50, 25623.55, 45043234, 0.58, 1.48, 0.23, 773.34809
2017-03-09, 4, gao_du, 15.53, 17.22, -1.82, 17.54, 17.44, 17.63, 17.20, 36168.8, 62807777, 0.81, 2.45, 0.32, 629.22382
2017-03-10, 4, gao_du, 15.53, 17.30, 0.46, 17.22, 17.46, 17.46, 17.20, 14254.69, 24661519, 0.32, 1.51, 0.13, 565.29593
2017-03-13, 5, qiang_lie, 15.54, 17.35, 0.29, 17.30, 17.31, 17.44, 17.17, 28271.12, 49054256, 0.63, 1.56, 0.25, 635.4661
2017-03-14, 5, qiang_lie, 15.57, 17.75, 2.31, 17.35, 17.34, 17.85, 17.23, 49235.73, 86567488, 1.11, 3.57, 0.43, 596.99202
2017-03-15, 5, qiang_lie, 15.58, 17.55, -1.13, 17.75, 17.85, 17.85, 17.38, 34291.46, 60223794, 0.77, 2.65, 0.30, 634.45497
2017-03-16, 5, qiang_lie, 15.60, 17.56, 0.06, 17.55, 17.56, 17.68, 17.45, 30528.69, 53548651, 0.69, 1.31, 0.27, 604.3489
2017-03-17, 5, qiang_lie, 15.61, 17.53, -0.17, 17.56, 17.56, 17.68, 17.42, 25992.8, 45495191, 0.58, 1.48, 0.23, 608.24013
2017-03-20, 5, qiang_lie, 15.62, 17.39, -0.80, 17.53, 17.64, 17.68, 17.30, 31236.22, 54425550, 0.70, 2.17, 0.27, 652.72403
2017-03-21, 5, qiang_lie, 15.63, 17.40, 0.06, 17.39, 17.25, 17.60, 17.25, 33485.16, 58162369, 0.75, 2.01, 0.29, 655.24101
2017-03-22, 5, qiang_lie, 15.65, 17.02, -2.18, 17.40, 17.30, 17.48, 16.88, 56000.47, 95737889, 1.26, 3.45, 0.49, 597.39518
2017-03-23, 4, gao_du, 15.66, 17.14, 0.71, 17.02, 17.01, 17.19, 16.90, 31162.76, 53241376, 0.70, 1.70, 0.27, 661.26013
2017-03-24, 4, gao_du, 15.67, 16.97, -0.99, 17.14, 17.19, 17.19, 16.84, 35500.64, 60227142, 0.80, 2.04, 0.31, 621.37914
2017-03-27, 3, zhong_du, 15.68, 16.85, -0.71, 16.97, 17.11, 17.11, 16.69, 32236.33, 54169682, 0.72, 2.47, 0.28, 654.47402
2017-03-28, 3, zhong_du, 15.69, 16.88, 0.18, 16.85, 16.97, 16.97, 16.65, 11964.14, 20103340, 0.27, 1.90, 0.11, 746.85907
2017-03-29, 3, zhong_du, 15.69, 16.70, -1.07, 16.88, 16.88, 16.92, 16.68, 18872.92, 31635663, 0.42, 1.42, 0.17, 604.16913
2017-03-30, 2, qing_du, 15.70, 16.70, 0.00, 16.70, 16.85, 17.06, 16.51, 32513.3, 54659373, 0.73, 3.29, 0.29, 607.73301
2017-03-31, 2, qing_du, 15.70, 16.70, 0.00, 16.70, 16.83, 16.84, 16.56, 20350.86, 33828525, 0.46, 1.68, 0.18, 579.54001
2017-04-05, 2, qing_du, 15.80, 17.47, 4.61, 16.70, 17.98, 18.37, 17.33, 206148.67, 364266329, 4.63, 6.23, 1.81, 625.23818
2017-04-06, 2, qing_du, 15.82, 16.95, -2.98, 17.47, 17.40, 17.40, 16.50, 99594.23, 169272904, 2.24, 5.15, 0.88, 659.89399
2017-04-07, 2, qing_du, 15.84, 17.03, 0.47, 16.95, 16.77, 17.16, 16.57, 61015.73, 102767293, 1.37, 3.48, 0.54, 675.77195
2017-04-10, 2, qing_du, 15.88, 17.63, 3.52, 17.03, 17.03, 17.70, 16.66, 136862.59, 239305396, 3.07, 6.11, 1.20, 649.48487
2017-04-11, 2, qing_du, 15.95, 17.87, 1.36, 17.63, 17.45, 18.39, 17.41, 154835.18, 276322532, 3.48, 5.56, 1.36, 590.20305
2017-04-12, 3, zhong_du, 15.98, 17.00, -4.87, 17.87, 17.68, 17.70, 16.90, 100601.51, 173333569, 2.26, 4.48, 0.89, 692.1351
2017-04-13, 3, zhong_du, 16.00, 16.71, -1.71, 17.00, 16.99, 17.00, 16.59, 100517.59, 167953433, 2.26, 2.41, 0.88, 654.05917
2017-11-01, 2, qing_du, 15.95, 15.00, -10.02, 16.67, 15.00, 15.00, 15.00, 37886, 56829000, 0.85, 0.00, 0.33, 772.18318
2017-11-02, 1, wei_ruo, 15.88, 13.68, -8.80, 15.00, 13.95, 14.53, 13.51, 156978.91, 219457503, 3.52, 6.80, 1.38, 773.92292
2017-11-03, 1, wei_ruo, 15.84, 13.58, -0.73, 13.68, 13.38, 13.97, 13.38, 72646.57, 99105491, 1.63, 4.31, 0.64, 826.43509
2017-11-06, 1, wei_ruo, 15.81, 0.00, 0.00, 13.31, 0.00, 0.00, 0.00, 0, 0, 0.00, 0.00, 0.00, 193504.24004
2017-11-07, 1, wei_ruo, 15.77, 0.00, 0.00, 13.58, 0.00, 0.00, 0.00, 0, 0, 0.00, 0.00, 0.00, 848.0711
2017-11-08, 1, wei_ruo, 15.75, 13.05, -1.95, 13.31, 13.38, 13.38, 12.90, 37695.73, 49280584, 0.85, 3.61, 0.66, 1255.42092
2017-11-10, 1, wei_ruo, 15.72, 13.05, -1.95, 13.31, 13.38, 13.38, 12.90, 37695.73, 49280584, 0.85, 3.61, 0.66, 932.74403
2017-11-13, 1, wei_ruo, 15.70, 13.16, -0.98, 13.29, 13.31, 13.33, 12.99, 37412.42, 48897548, 0.84, 2.56, 0.83, 699.51606
2017-11-14, 1, wei_ruo, 15.68, 12.97, -1.44, 13.16, 13.16, 13.16, 12.80, 38540.44, 49768351, 0.87, 2.74, 0.93, 934.84902
2017-11-15, 1, wei_ruo, 15.65, 12.57, -3.08, 12.97, 12.97, 12.97, 12.41, 42651.62, 53825872, 0.96, 4.32, 1.22, 1047.99509
2017-11-16, 1, wei_ruo, 15.63, 12.65, 0.64, 12.57, 12.56, 12.87, 12.39, 25237.49, 31960642, 0.57, 3.82, 0.70, 1480.54194
2017-11-17, 1, wei_ruo, 15.61, 12.48, -1.34, 12.65, 12.74, 12.79, 12.10, 26393.71, 33074205, 0.59, 5.45, 0.75, 781.49486
2017-11-20, 1, wei_ruo, 15.59, 12.70, 1.76, 12.48, 12.48, 12.77, 11.61, 34616.08, 42499755, 0.78, 9.29, 1.02, 682.12199
2017-11-21, 1, wei_ruo, 15.56, 13.12, 3.31, 12.70, 12.68, 13.35, 12.51, 37868.99, 49105783, 0.85, 6.61, 1.13, 1359.22599
2017-11-22, 1, wei_ruo, 15.55, 12.95, -1.30, 13.12, 13.25, 13.25, 12.88, 22979.58, 29949935, 0.52, 2.82, 0.69, 1612.59699
2017-11-23, 1, wei_ruo, 15.54, 12.65, -2.32, 12.95, 12.92, 13.17, 12.65, 15602.95, 20230305, 0.35, 4.02, 0.53, 773.69308
2017-11-24, 1, wei_ruo, 15.53, 12.77, 0.95, 12.65, 12.57, 12.92, 12.45, 13342.56, 16958480, 0.30, 3.72, 0.49, 801.58401
2017-11-27, 1, wei_ruo, 15.50, 13.44, 5.25, 12.77, 12.83, 13.45, 12.57, 71316.45, 92735520, 1.60, 6.89, 2.87, 637.96496
2017-11-28, 1, wei_ruo, 15.46, 13.34, -0.74, 13.44, 13.44, 13.69, 13.14, 64054.08, 86221404, 1.44, 4.09, 1.99, 665.73286
2017-11-29, 1, wei_ruo, 15.45, 13.14, -1.50, 13.34, 13.20, 13.28, 12.95, 27657.91, 36290148, 0.62, 2.47, 0.74, 655.77507
2017-11-30, 1, wei_ruo, 15.40, 13.82, 5.18, 13.14, 13.11, 13.83, 12.88, 105403.16, 141466920, 2.37, 7.23, 2.75, 2589.329
2017-12-01, 1, wei_ruo, 15.38, 14.13, 2.24, 13.82, 13.61, 14.30, 13.58, 75093.91, 105053296, 1.69, 5.21, 1.33, 627.59209
2017-12-04, 1, wei_ruo, 15.37, 13.85, -1.98, 14.13, 14.00, 14.07, 13.76, 29887.62, 41515856, 0.67, 2.19, 0.44, 830.31893
2017-12-05, 1, wei_ruo, 15.36, 13.85, 0.00, 13.85, 13.80, 13.95, 13.50, 24269, 33317997, 0.54, 3.25, 0.40, 872.51902
2017-12-06, 1, wei_ruo, 15.35, 13.98, 0.94, 13.85, 13.71, 14.07, 13.69, 46147.43, 64149891, 1.04, 2.74, 0.88, 637.73799
2017-12-07, 1, wei_ruo, 15.33, 13.85, -0.93, 13.98, 13.83, 14.26, 13.73, 46569.84, 64980541, 1.05, 3.79, 0.83, 4102.93913
2017-12-08, 1, wei_ruo, 15.32, 13.84, -0.07, 13.85, 13.83, 13.86, 13.65, 25812, 35525089, 0.58, 1.52, 0.58, 624.35102
2017-12-11, 1, wei_ruo, 15.30, 14.41, 4.12, 13.84, 13.83, 14.81, 13.83, 107044.91, 152137484, 2.40, 7.08, 3.10, 761.7631
2017-12-12, 1, wei_ruo, 15.29, 14.25, -1.11, 14.41, 14.59, 14.59, 14.06, 62475.91, 89371226, 1.40, 3.68, 1.25, 681.24795
2017-12-13, 1, wei_ruo, 15.28, 14.27, 0.14, 14.25, 14.32, 14.40, 14.17, 28352.55, 40479449, 0.64, 1.61, 0.49, 643.02206
2017-12-14, 1, wei_ruo, 15.28, 14.15, -0.84, 14.27, 14.27, 14.31, 14.05, 16159, 22851292, 0.36, 1.82, 0.30, 2870.83101
2017-12-15, 1, wei_ruo, 15.27, 14.00, -1.06, 14.15, 14.01, 14.13, 13.71, 31305.29, 43572486, 0.70, 2.97, 0.65, 558.25806
2017-12-18, 1, wei_ruo, 15.26, 13.74, -1.86, 14.00, 13.98, 13.98, 13.57, 26734.57, 36631500, 0.60, 2.93, 0.54, 639.58287
2017-12-19, 1, wei_ruo, 15.25, 13.81, 0.51, 13.74, 13.58, 13.81, 13.58, 20680.3, 28329853, 0.46, 1.67, 0.63, 821.01083
2017-12-20, 1, wei_ruo, 15.25, 13.69, -0.87, 13.81, 13.76, 13.80, 13.51, 13420.02, 18308351, 0.30, 2.10, 0.54, 764.5762
2017-12-21, 1, wei_ruo, 15.24, 13.55, -1.02, 13.69, 13.66, 13.83, 13.48, 26608.01, 36368780, 0.60, 2.56, 1.23, 1347.84794
2017-12-22, 2, qing_du, 15.23, 13.88, 2.44, 13.55, 13.51, 13.90, 13.41, 29843.8, 41127380, 0.48, 3.62, 1.26, 713.07707
2017-12-25, 2, qing_du, 15.21, 13.75, -0.94, 13.88, 13.72, 14.01, 13.40, 45405, 62551762, 0.73, 4.39, 1.94, 2684.479
2017-12-26, 2, qing_du, 15.21, 13.63, -0.87, 13.75, 13.76, 13.80, 13.63, 11251.51, 15397945, 0.18, 1.24, 0.41, 490.50403
2017-12-27, 2, qing_du, 15.20, 13.60, -0.22, 13.63, 13.62, 13.75, 13.30, 36556.45, 49572484, 0.59, 3.30, 1.44, 516.35504
2017-12-29, 2, qing_du, 15.19, 13.34, 0.00, 13.34, 13.49, 13.49, 13.11, 11562.54, 15332186, 0.19, 2.85, 0.47, 761.38997
2018-01-03, 2, qing_du, 15.19, 13.49, 1.12, 13.34, 13.33, 13.59, 13.00, 14170.91, 19013281, 0.23, 4.42, 0.79, 798.91491
2018-01-04, 2, qing_du, 15.18, 13.53, 0.30, 13.49, 13.49, 13.56, 13.31, 26521.21, 35711327, 0.43, 1.85, 1.43, 662.77695
2018-01-05, 2, qing_du, 15.17, 13.31, -1.63, 13.53, 13.49, 13.49, 13.26, 14599.86, 19470427, 0.23, 1.70, 0.88, 616.30607
2018-01-08, 2, qing_du, 15.16, 13.48, 1.28, 13.31, 13.22, 13.59, 12.95, 37071.45, 48910994, 0.60, 4.81, 2.56, 612.40911
2018-01-09, 2, qing_du, 15.16, 13.30, -1.34, 13.48, 13.43, 13.55, 13.25, 11888, 15887022, 0.19, 2.23, 0.57, 608.17599
2018-01-10, 2, qing_du, 15.16, 13.28, -0.15, 13.30, 13.42, 13.43, 13.11, 8808.29, 11666762, 0.14, 2.41, 0.42, 662.02903
2018-01-11, 1, wei_ruo, 15.15, 13.27, -0.08, 13.28, 13.13, 13.30, 13.01, 11103.03, 14602926, 0.18, 2.18, 0.56, 635.47206
2018-01-12, 1, wei_ruo, 15.15, 13.24, -0.23, 13.27, 13.28, 13.30, 13.12, 7607.6, 10063592, 0.12, 1.36, 0.46, 695.07408
2018-01-15, 1, wei_ruo, 15.14, 13.03, -1.59, 13.24, 13.19, 13.25, 12.80, 37507.71, 48888157, 0.60, 3.40, 2.45, 776.32093
2018-01-16, 1, wei_ruo, 15.13, 12.96, -0.54, 13.03, 13.00, 13.04, 12.79, 11873, 15298272, 0.19, 1.92, 0.77, 614.53986
2018-01-17, 1, wei_ruo, 15.13, 12.75, -1.62, 12.96, 12.82, 12.85, 12.46, 18805.34, 23720164, 0.30, 3.01, 1.22, 700.39797
2018-01-18, 1, wei_ruo, 15.12, 12.82, 0.55, 12.75, 12.69, 13.21, 12.51, 20446.71, 26309831, 0.33, 5.49, 1.19, 666.38589
2018-01-19, 1, wei_ruo, 15.12, 12.74, -0.62, 12.82, 12.71, 12.89, 12.68, 7016.33, 8961234, 0.11, 1.64, 0.36, 673.18296
2018-01-22, 1, wei_ruo, 15.11, 12.84, 0.78, 12.74, 12.59, 12.94, 12.59, 9706.53, 12407619, 0.16, 2.75, 0.51, 707.43704
2018-01-23, 1, wei_ruo, 15.10, 12.85, 0.08, 12.84, 12.92, 12.92, 12.39, 39897, 50435315, 0.64, 4.13, 2.94, 2643.72993
2018-01-24, 1, wei_ruo, 15.09, 12.80, -0.39, 12.85, 12.52, 12.85, 12.50, 17813, 22605883, 0.29, 2.72, 0.93, 643.25595
2018-01-25, 1, wei_ruo, 15.08, 12.79, -0.08, 12.80, 12.78, 12.81, 12.57, 24321, 30898183, 0.39, 1.88, 1.28, 2557.36184
2018-01-26, 1, wei_ruo, 15.07, 12.81, 0.16, 12.79, 12.70, 12.82, 12.59, 23906.94, 30278292, 0.38, 1.80, 1.21, 680.73702
2018-01-29, 1, wei_ruo, 15.06, 12.85, 0.31, 12.81, 12.72, 12.85, 12.56, 27749.47, 35318096, 0.45, 2.26, 1.20, 908.42605
2018-01-30, 1, wei_ruo, 15.05, 12.85, 0.00, 12.85, 12.70, 12.85, 12.65, 29754.84, 37896500, 0.48, 1.56, 1.11, 519.52505
2018-01-31, 1, wei_ruo, 15.04, 12.86, 0.08, 12.85, 12.80, 12.86, 12.61, 25235.5, 32260044, 0.41, 1.95, 1.02, 1688.58695
2018-02-01, 1, wei_ruo, 15.03, 12.91, 0.39, 12.86, 12.66, 12.96, 12.63, 19630.98, 25064845, 0.32, 2.57, 0.75, 694.7031
2018-02-02, 1, wei_ruo, 15.02, 12.90, -0.08, 12.91, 12.82, 12.90, 12.68, 27927.53, 35643018, 0.45, 1.70, 1.11, 692.95692
2018-02-05, 1, wei_ruo, 15.01, 12.98, 0.62, 12.90, 12.78, 12.98, 12.68, 32152.04, 41226111, 0.52, 2.33, 1.23, 1048.9819
2018-02-06, 1, wei_ruo, 15.00, 12.57, -3.16, 12.98, 12.80, 12.84, 12.34, 33383.91, 42267808, 0.54, 3.85, 1.24, 120622.00308
2018-02-07, 1, wei_ruo, 14.99, 12.55, -0.16, 12.57, 12.52, 12.71, 11.50, 30195.72, 37140578, 0.49, 9.63, 1.09, 1075.89197
2018-02-08, 1, wei_ruo, 14.97, 12.57, 0.16, 12.55, 12.55, 12.60, 12.20, 32742.41, 40725741, 0.53, 3.19, 1.05, 883.07786
2018-02-09, 1, wei_ruo, 14.96, 12.57, 0.00, 12.57, 12.37, 12.57, 12.06, 28318, 34966181, 0.46, 4.06, 0.91, 1128.93796
2018-02-12, 1, wei_ruo, 14.95, 12.81, 1.91, 12.57, 12.67, 12.85, 12.60, 27169.55, 34649286, 0.44, 1.99, 0.89, 842.43917
2018-02-13, 1, wei_ruo, 14.94, 12.73, -0.62, 12.81, 12.95, 13.05, 12.73, 30384.33, 39073677, 0.49, 2.50, 1.10, 687.67309
2018-02-14, 1, wei_ruo, 14.94, 12.80, 0.55, 12.73, 12.80, 12.90, 12.76, 12858, 16494564, 0.21, 1.10, 0.45, 2722.89109
