2015-08-20, 3, zhong_du, 8.75, 9.00, -1.85, 9.17, 9.06, 9.51, 8.80, 653912.68, 600375456, 4.47, 7.74, 0.84, 888.201
2015-08-21, 3, zhong_du, 8.74, 8.30, -7.78, 9.00, 8.72, 8.95, 8.27, 545664.76, 470455013, 3.73, 7.56, 0.68, 1166.31484
2015-08-24, 3, zhong_du, 8.72, 7.47, -10.00, 8.30, 7.70, 8.08, 7.47, 392591.43, 296773451, 2.68, 7.35, 0.52, 2915.99488
2015-08-25, 3, zhong_du, 8.66, 6.72, -10.04, 7.47, 6.72, 6.98, 6.72, 418089.25, 282664301, 2.86, 3.48, 0.66, 1290.5829
2015-08-26, 2, qing_du, 8.56, 6.05, -9.97, 6.72, 6.80, 7.00, 6.05, 669557.37, 438726813, 4.57, 14.14, 1.24, 1064.46195
2015-10-29, 3, zhong_du, 7.09, 6.74, 1.35, 6.65, 6.71, 6.83, 6.64, 338429.79, 227852972, 2.31, 2.86, 0.62, 2098.00982
2015-10-30, 3, zhong_du, 7.08, 6.67, -1.04, 6.74, 6.68, 6.78, 6.58, 333183.36, 223082826, 2.28, 2.97, 0.62, 1026.41916
2015-11-02, 3, zhong_du, 7.07, 6.58, -1.35, 6.67, 6.56, 6.71, 6.51, 234712.81, 155451912, 1.60, 3.00, 0.47, 1224.83897
2015-11-03, 3, zhong_du, 7.06, 6.54, -0.61, 6.58, 6.62, 6.65, 6.51, 193247.85, 127008596, 1.32, 2.13, 0.47, 1842.66496
2015-11-04, 3, zhong_du, 7.05, 6.86, 4.89, 6.54, 6.56, 6.87, 6.54, 479394.1, 323331335, 3.27, 5.05, 1.51, 985.79407
2015-11-05, 3, zhong_du, 7.05, 6.98, 1.75, 6.86, 6.84, 7.08, 6.82, 754940.6, 526097189, 5.16, 3.79, 2.39, 1600.90208
2015-11-06, 3, zhong_du, 7.05, 7.10, 1.72, 6.98, 6.98, 7.13, 6.93, 585454.8, 413978223, 4.00, 2.87, 1.47, 3097.77594
2015-11-09, 4, gao_du, 7.05, 7.11, 0.14, 7.10, 7.09, 7.27, 6.99, 691446.11, 492875714, 4.72, 3.94, 1.54, 1149.03402
2015-11-10, 5, qiang_lie, 7.06, 7.17, 0.84, 7.11, 7.10, 7.27, 7.05, 552673.24, 395019526, 3.77, 3.09, 1.02, 408.55479
2015-11-11, 5, qiang_lie, 7.06, 7.16, -0.14, 7.17, 7.14, 7.18, 7.08, 470205.25, 335363975, 3.21, 1.39, 0.77, 234.26509
2015-11-12, 5, qiang_lie, 7.07, 7.37, 2.93, 7.16, 7.17, 7.47, 7.14, 828687.24, 602656262, 5.66, 4.61, 1.36, 922.17207
2015-11-13, 5, qiang_lie, 7.08, 7.12, -3.39, 7.37, 7.27, 7.33, 7.09, 450366.86, 324381162, 3.08, 3.26, 0.72, 954.86593
2015-11-16, 5, qiang_lie, 7.08, 7.17, 0.70, 7.12, 6.96, 7.17, 6.91, 350222.86, 247360693, 2.39, 3.65, 0.58, 2784.24811
2015-11-17, 5, qiang_lie, 7.08, 7.18, 0.14, 7.17, 7.25, 7.36, 7.16, 499544.65, 362238712, 3.41, 2.79, 0.94, 2962.32986
2015-11-18, 5, qiang_lie, 7.09, 7.18, 0.00, 7.18, 7.21, 7.30, 7.12, 389630.48, 280832738, 2.66, 2.51, 0.75, 1219.00702
2015-11-19, 5, qiang_lie, 7.09, 7.28, 1.39, 7.18, 7.28, 7.29, 7.16, 350332.85, 253653448, 2.39, 1.81, 0.70, 16907.27305
2015-11-20, 5, qiang_lie, 7.10, 7.38, 1.37, 7.28, 7.29, 7.44, 7.24, 493562.43, 361795353, 3.37, 2.75, 1.21, 1505.06496
2015-11-23, 5, qiang_lie, 7.10, 7.21, -2.30, 7.38, 7.36, 7.38, 7.19, 474161.69, 346375674, 3.24, 2.57, 1.14, 16690.6321
2015-11-24, 5, qiang_lie, 7.11, 7.22, 0.14, 7.21, 7.21, 7.24, 7.07, 278577.01, 199324366, 1.90, 2.36, 0.63, 1124.89295
2015-11-25, 5, qiang_lie, 7.11, 7.24, 0.28, 7.22, 7.19, 7.25, 7.14, 301236.71, 216959049, 2.06, 1.52, 0.76, 963.00292
2015-11-26, 5, qiang_lie, 7.11, 7.17, -0.97, 7.24, 7.25, 7.30, 7.15, 367511.23, 265997965, 2.51, 2.07, 0.97, 833.4291
2015-11-27, 5, qiang_lie, 7.10, 6.62, -7.67, 7.17, 7.14, 7.17, 6.53, 456532.85, 316639124, 3.12, 8.93, 1.19, 877.35295
2015-11-30, 4, gao_du, 7.09, 6.68, 0.91, 6.62, 6.66, 6.76, 6.31, 302529.38, 198587617, 2.07, 6.80, 0.81, 1378.64304
2015-12-01, 3, zhong_du, 7.08, 6.96, 4.19, 6.68, 6.69, 7.08, 6.60, 403194.75, 275896713, 2.75, 7.19, 1.18, 2068.22205
2015-12-02, 3, zhong_du, 7.08, 6.92, -0.57, 6.96, 6.87, 6.94, 6.70, 298283.52, 203971667, 2.04, 3.45, 0.81, 996.80591
2015-12-03, 3, zhong_du, 7.15, 7.03, 1.59, 6.92, 6.91, 7.08, 6.88, 271344.07, 188961225, 1.85, 2.89, 0.74, 1068.95685
2015-12-04, 4, gao_du, 7.15, 6.96, -1.00, 7.03, 6.99, 7.09, 6.90, 283509.09, 198236542, 1.94, 2.70, 0.82, 591.48216
2015-12-07, 4, gao_du, 7.14, 7.00, 0.57, 6.96, 6.97, 7.03, 6.93, 211423.16, 147614879, 1.44, 1.44, 0.68, 643.11385
2015-12-08, 4, gao_du, 7.14, 6.73, -3.86, 7.00, 6.93, 6.93, 6.70, 249343.82, 169449862, 1.70, 3.29, 0.85, 765.37013
2015-12-09, 3, zhong_du, 7.13, 6.70, -0.45, 6.73, 6.71, 6.79, 6.68, 144225.99, 97089746, 0.99, 1.63, 0.55, 651.20506
2015-12-10, 3, zhong_du, 7.13, 6.63, -1.04, 6.70, 6.72, 6.77, 6.60, 141718.72, 95057027, 0.97, 2.54, 0.61, 880.723
2015-12-11, 2, qing_du, 7.12, 6.54, -1.36, 6.63, 6.62, 6.62, 6.45, 169455.91, 110564862, 1.16, 2.56, 0.82, 986.00292
2015-12-14, 2, qing_du, 7.12, 6.78, 3.67, 6.54, 6.48, 6.78, 6.45, 178029.63, 118111567, 1.22, 5.05, 0.97, 855.49116
2015-12-15, 2, qing_du, 7.11, 6.78, 0.00, 6.78, 6.76, 6.82, 6.73, 148163.29, 100372815, 1.01, 1.33, 0.84, 2938.61508
2015-12-16, 2, qing_du, 7.11, 6.76, -0.29, 6.78, 6.80, 6.85, 6.75, 148262.59, 100806162, 1.01, 1.47, 0.95, 1214.65588
2015-12-17, 2, qing_du, 7.11, 6.90, 2.07, 6.76, 6.80, 6.92, 6.80, 247912.63, 170628076, 1.69, 1.78, 1.58, 2763.18693
2015-12-18, 2, qing_du, 7.10, 6.86, -0.58, 6.90, 6.89, 6.96, 6.85, 190237.52, 131164284, 1.30, 1.59, 1.07, 801.84603
2015-12-21, 3, zhong_du, 7.10, 6.98, 1.75, 6.86, 6.83, 7.03, 6.83, 327126.88, 227652008, 2.23, 2.92, 1.79, 1151.92294
2015-12-22, 3, zhong_du, 7.10, 7.07, 1.29, 6.98, 7.04, 7.10, 6.98, 300580.77, 211850212, 2.05, 1.72, 1.42, 1574.58997
2015-12-23, 3, zhong_du, 7.10, 7.05, -0.28, 7.07, 7.08, 7.15, 7.01, 340915.43, 241432645, 2.33, 1.98, 1.40, 1507.16496
2015-12-24, 3, zhong_du, 7.10, 7.00, -0.71, 7.05, 7.03, 7.05, 6.88, 228512.34, 159279168, 1.56, 2.41, 0.81, 2073.50683
2015-12-25, 3, zhong_du, 7.10, 7.09, 1.29, 7.00, 6.96, 7.14, 6.92, 301872.76, 213694269, 2.06, 3.14, 1.09, 825.037
2015-12-28, 3, zhong_du, 7.09, 6.91, -2.54, 7.09, 7.13, 7.17, 6.89, 365355.24, 257189812, 2.50, 3.95, 1.22, 1000.74601
2015-12-29, 3, zhong_du, 7.09, 6.98, 1.01, 6.91, 6.90, 6.98, 6.84, 241232.87, 166621567, 1.65, 2.03, 0.78, 2905.63893
2015-12-30, 3, zhong_du, 7.09, 7.08, 1.43, 6.98, 6.98, 7.13, 6.97, 285709.83, 201901376, 1.95, 2.29, 0.93, 2803.545
2015-12-31, 3, zhong_du, 7.09, 6.93, -2.12, 7.08, 7.07, 7.08, 6.90, 249856.88, 174770459, 1.71, 2.54, 0.81, 962.78501
2016-01-04, 2, qing_du, 7.08, 6.34, -8.51, 6.93, 6.94, 6.97, 6.30, 206785, 139183612, 1.41, 9.67, 0.67, 1250.89502
2016-01-05, 2, qing_du, 7.07, 6.37, 0.47, 6.34, 6.20, 6.51, 6.13, 245623.75, 155678298, 1.68, 5.99, 0.80, 873.02303
2016-01-06, 1, wei_ruo, 7.06, 6.60, 3.61, 6.37, 6.38, 6.62, 6.30, 232847.76, 150951541, 1.59, 5.02, 0.76, 1012.92992
2016-01-07, 1, wei_ruo, 7.05, 6.01, -8.94, 6.60, 6.52, 6.52, 5.98, 69812, 43798330, 0.48, 8.18, 0.23, 762.9168
2016-01-08, 1, wei_ruo, 7.07, 6.17, 2.66, 6.01, 6.23, 6.26, 5.87, 260013.06, 160047771, 1.78, 6.49, 0.85, 1484.19404
2016-01-11, 1, wei_ruo, 7.03, 5.67, -8.10, 6.17, 6.07, 6.18, 5.62, 261076.47, 155168130, 1.78, 9.08, 0.85, 1422.36304
2016-01-12, 1, wei_ruo, 7.01, 5.74, 1.23, 5.67, 5.71, 5.83, 5.63, 150020.82, 86094020, 1.02, 3.53, 0.49, 997.67494
2016-01-13, 1, wei_ruo, 7.00, 5.57, -2.96, 5.74, 5.80, 5.83, 5.57, 167370.16, 95760862, 1.14, 4.53, 0.54, 865.64898
2016-01-14, 1, wei_ruo, 6.98, 5.68, 1.97, 5.57, 5.45, 5.73, 5.28, 212281.02, 117150602, 1.45, 8.08, 0.69, 2766.46399
2016-01-15, 1, wei_ruo, 6.96, 5.39, -5.11, 5.68, 5.63, 5.68, 5.32, 184265.66, 101707233, 1.26, 6.34, 0.60, 1023.87786
2016-01-18, 1, wei_ruo, 6.94, 5.40, 0.19, 5.39, 5.30, 5.51, 5.23, 135109.57, 73214292, 0.92, 5.19, 0.44, 11889.39214
2016-01-19, 1, wei_ruo, 6.92, 5.60, 3.70, 5.40, 5.40, 5.61, 5.38, 213519.26, 117735952, 1.46, 4.26, 0.69, 867.414
2016-01-20, 1, wei_ruo, 6.91, 5.50, -1.79, 5.60, 5.57, 5.62, 5.45, 173353.15, 96030505, 1.18, 3.04, 0.56, 784.71303
2016-01-21, 1, wei_ruo, 6.89, 5.34, -2.91, 5.50, 5.45, 5.60, 5.34, 187830.96, 102518599, 1.28, 4.73, 0.61, 739.40301
2016-01-22, 1, wei_ruo, 6.87, 5.41, 1.31, 5.34, 5.41, 5.45, 5.29, 129045.52, 69437200, 0.88, 3.00, 0.42, 837.80599
2016-01-26, 1, wei_ruo, 6.83, 4.95, -9.67, 5.48, 5.41, 5.45, 4.93, 281860.78, 146302439, 1.93, 9.49, 0.92, 1773.06199
2016-01-27, 1, wei_ruo, 6.80, 4.89, -1.21, 4.95, 4.98, 5.03, 4.66, 221144.23, 107661713, 1.51, 7.47, 0.72, 3277.1759
2016-01-28, 1, wei_ruo, 6.78, 4.68, -4.29, 4.89, 4.84, 4.95, 4.67, 146510.3, 70578086, 1.00, 5.73, 0.48, 806.08201
2016-01-29, 1, wei_ruo, 6.76, 4.88, 4.27, 4.68, 4.70, 4.93, 4.67, 152436.88, 73528067, 1.04, 5.56, 0.50, 1428.36404
2016-02-01, 1, wei_ruo, 6.74, 4.85, -0.61, 4.88, 4.88, 4.91, 4.78, 121027.1, 58737239, 0.83, 2.66, 0.39, 843.21594
2016-02-02, 1, wei_ruo, 6.72, 4.97, 2.47, 4.85, 4.85, 5.00, 4.85, 135389.18, 67013735, 0.92, 3.09, 0.44, 953.27902
2016-02-03, 1, wei_ruo, 6.71, 4.96, -0.20, 4.97, 4.91, 4.98, 4.88, 111760.7, 55038939, 0.76, 2.01, 0.36, 1196.20991
2016-02-04, 1, wei_ruo, 6.69, 5.04, 1.61, 4.96, 4.98, 5.05, 4.96, 169831.17, 85150581, 1.16, 1.81, 0.55, 3219.76304
2016-02-05, 1, wei_ruo, 6.67, 4.93, -2.18, 5.04, 5.04, 5.05, 4.92, 151107.59, 75285494, 1.03, 2.58, 0.49, 879.61912
2016-02-15, 1, wei_ruo, 6.66, 4.87, -1.22, 4.93, 4.78, 4.91, 4.78, 105706.9, 51193874, 0.72, 2.64, 0.34, 3278.27501
2016-02-16, 1, wei_ruo, 6.64, 5.09, 4.52, 4.87, 4.92, 5.09, 4.91, 182879.64, 91827780, 1.25, 3.70, 0.59, 2964.25915
2016-02-17, 1, wei_ruo, 6.62, 5.13, 0.79, 5.09, 5.05, 5.13, 5.05, 218450.25, 111250409, 1.49, 1.57, 0.71, 1489.48884
2016-02-18, 1, wei_ruo, 6.60, 5.16, 0.58, 5.13, 5.18, 5.23, 5.13, 216010.62, 111827133, 1.48, 1.95, 0.70, 933.21991
2016-02-19, 1, wei_ruo, 6.59, 5.18, 0.39, 5.16, 5.13, 5.21, 5.11, 99893.31, 51548016, 0.68, 1.94, 0.41, 2078.8939
2016-02-22, 1, wei_ruo, 6.57, 5.42, 4.84, 5.17, 5.22, 5.42, 5.19, 308065.44, 164127675, 2.10, 4.45, 1.81, 915.60984
2016-02-23, 1, wei_ruo, 6.51, 5.58, 2.95, 5.42, 5.52, 5.74, 5.46, 558623.56, 311834535, 3.82, 5.17, 2.65, 2710.76703
2016-02-24, 1, wei_ruo, 6.49, 5.53, -0.90, 5.58, 5.45, 5.56, 5.40, 285671.83, 156674270, 1.95, 2.87, 1.00, 3142.1051
2016-02-25, 1, wei_ruo, 6.46, 5.00, -9.58, 5.53, 5.48, 5.53, 4.98, 350688.74, 183898867, 2.40, 9.95, 1.17, 859.61413
2016-02-26, 1, wei_ruo, 6.44, 5.11, 2.20, 5.00, 5.10, 5.15, 4.99, 184146.12, 93712445, 1.26, 3.20, 0.56, 836.53402
2016-02-29, 1, wei_ruo, 6.42, 4.93, -3.52, 5.11, 5.10, 5.11, 4.81, 216884.17, 106815713, 1.48, 5.87, 0.64, 1032.45997
2016-03-01, 1, wei_ruo, 6.41, 5.07, 2.84, 4.93, 4.96, 5.09, 4.90, 150874.5, 75401157, 1.03, 3.85, 0.47, 1082.03602
2016-03-02, 1, wei_ruo, 6.39, 5.35, 5.52, 5.07, 5.10, 5.37, 5.09, 264986.51, 138900716, 1.81, 5.52, 1.12, 564.23998
2016-03-03, 1, wei_ruo, 6.36, 5.42, 1.31, 5.35, 5.42, 5.52, 5.36, 364524.15, 197941530, 2.49, 2.99, 1.56, 3583.4341
2016-03-04, 1, wei_ruo, 6.34, 5.27, -2.77, 5.42, 5.44, 5.44, 5.18, 274805.86, 146213228, 1.88, 4.80, 1.16, 3169.61503
2016-03-07, 1, wei_ruo, 6.33, 5.40, 2.47, 5.27, 5.34, 5.44, 5.32, 189710.47, 102028552, 1.30, 2.28, 0.75, 1809.64303
2016-03-08, 1, wei_ruo, 6.32, 5.39, -0.19, 5.40, 5.39, 5.39, 5.19, 205230.86, 108582557, 1.40, 3.70, 0.82, 544.10696
2016-03-09, 1, wei_ruo, 6.30, 5.22, -3.15, 5.39, 5.30, 5.34, 5.18, 168621.95, 88499926, 1.15, 2.97, 0.65, 1900.702
2016-03-10, 1, wei_ruo, 6.29, 5.15, -1.34, 5.22, 5.23, 5.29, 5.14, 119646.9, 62349074, 0.82, 2.87, 0.50, 575.20199
2016-03-11, 1, wei_ruo, 6.28, 5.12, -0.58, 5.15, 5.14, 5.16, 5.03, 115987.58, 59147832, 0.79, 2.52, 0.61, 884.35292
2016-03-14, 1, wei_ruo, 6.27, 5.29, 3.32, 5.12, 5.18, 5.34, 5.16, 182712.44, 96517139, 1.25, 3.52, 1.14, 4628.32904
2016-03-15, 1, wei_ruo, 6.26, 5.22, -1.32, 5.29, 5.26, 5.29, 5.18, 119790.64, 62688230, 0.82, 2.08, 0.76, 719.46383
2016-03-16, 1, wei_ruo, 6.25, 5.18, -0.77, 5.22, 5.25, 5.27, 5.15, 129909.61, 67610317, 0.89, 2.30, 0.92, 1083.48584
2016-03-17, 1, wei_ruo, 6.24, 5.32, 2.70, 5.18, 5.20, 5.38, 5.19, 222914.52, 117813775, 1.52, 3.67, 1.67, 2324.45407
2016-03-18, 1, wei_ruo, 6.22, 5.45, 2.44, 5.32, 5.33, 5.46, 5.31, 311402.09, 168438764, 2.13, 2.82, 2.02, 1145.72978
2016-03-21, 2, qing_du, 6.20, 5.54, 1.65, 5.45, 5.46, 5.54, 5.45, 361634.9, 198833775, 2.47, 1.65, 1.87, 632.164
2016-03-22, 2, qing_du, 6.19, 5.46, -1.44, 5.54, 5.50, 5.52, 5.45, 224989.01, 123403784, 1.54, 1.26, 0.98, 2690.22107
2016-03-23, 3, zhong_du, 6.18, 5.49, 0.55, 5.46, 5.43, 5.51, 5.43, 197656.72, 108000881, 1.35, 1.47, 0.79, 719.50102
2016-03-24, 3, zhong_du, 6.17, 5.39, -1.82, 5.49, 5.46, 5.47, 5.38, 226637.69, 122873478, 1.55, 1.64, 0.86, 777.4992
2016-03-25, 3, zhong_du, 6.16, 5.42, 0.56, 5.39, 5.39, 5.44, 5.37, 133096.14, 71927907, 0.91, 1.30, 0.50, 3479.79188
2016-03-28, 3, zhong_du, 6.15, 5.41, -0.18, 5.42, 5.44, 5.51, 5.39, 216382.09, 118381547, 1.48, 2.21, 0.95, 4477.84615
2016-03-29, 3, zhong_du, 6.14, 5.28, -2.40, 5.41, 5.41, 5.42, 5.26, 162220.97, 86593269, 1.11, 2.96, 0.81, 778.79119
2016-03-30, 3, zhong_du, 6.14, 5.44, 3.03, 5.28, 5.33, 5.46, 5.31, 179172.34, 96615868, 1.22, 2.84, 0.96, 1153.1899
2016-03-31, 3, zhong_du, 6.13, 5.47, 0.55, 5.44, 5.46, 5.48, 5.42, 179914.05, 98135974, 1.23, 1.10, 0.98, 934.79085
2016-04-01, 3, zhong_du, 6.12, 5.46, -0.18, 5.47, 5.44, 5.49, 5.34, 174221.88, 94614395, 1.19, 2.74, 1.00, 1073.92192
2016-04-05, 3, zhong_du, 6.11, 5.56, 1.83, 5.46, 5.46, 5.58, 5.43, 237378.15, 131081878, 1.62, 2.75, 1.30, 2482.73706
2016-04-06, 3, zhong_du, 6.10, 5.56, 0.00, 5.56, 5.55, 5.63, 5.51, 224634.36, 125041090, 1.53, 2.16, 1.20, 1176.43595
2016-04-07, 4, gao_du, 6.09, 5.51, -0.90, 5.56, 5.60, 5.64, 5.51, 243747.85, 135968672, 1.66, 2.34, 1.22, 1323.81487
2016-04-08, 4, gao_du, 6.08, 5.44, -1.27, 5.51, 5.49, 5.51, 5.37, 171168.03, 93013062, 1.17, 2.54, 0.81, 2059.28302
2016-04-11, 4, gao_du, 6.08, 5.56, 2.21, 5.44, 5.48, 5.58, 5.48, 217821.6, 120795703, 1.49, 1.84, 1.04, 569.98801
2016-04-12, 4, gao_du, 6.07, 5.48, -1.44, 5.56, 5.56, 5.57, 5.43, 166321.79, 91247033, 1.14, 2.52, 0.76, 2312.27398
2016-04-13, 4, gao_du, 6.06, 5.62, 2.55, 5.48, 5.50, 5.68, 5.50, 389461.82, 218475357, 2.66, 3.28, 1.90, 686.19585
2016-04-14, 5, qiang_lie, 6.05, 5.67, 0.89, 5.62, 5.62, 5.69, 5.60, 238178.74, 134318380, 1.63, 1.60, 1.00, 1302.51789
2016-04-15, 5, qiang_lie, 6.04, 5.54, -2.29, 5.67, 5.57, 5.62, 5.52, 364881.97, 202762953, 2.49, 1.76, 1.54, 632.22718
2016-04-18, 5, qiang_lie, 6.03, 5.46, -1.44, 5.54, 5.51, 5.51, 5.42, 190462.01, 104045610, 1.30, 1.62, 0.69, 896.18587
2016-04-19, 5, qiang_lie, 6.03, 5.47, 0.18, 5.46, 5.47, 5.51, 5.44, 132000.04, 72129882, 0.90, 1.28, 0.49, 804.57115
2016-04-20, 4, gao_du, 6.01, 5.12, -6.40, 5.47, 5.48, 5.50, 5.00, 326686.62, 170601911, 2.23, 9.14, 1.24, 2591.87508
2016-04-21, 3, zhong_du, 6.00, 5.10, -0.39, 5.12, 5.11, 5.19, 5.08, 148971.55, 76524882, 1.02, 2.15, 0.59, 555.28212
2016-04-22, 2, qing_du, 5.99, 5.13, 0.59, 5.10, 5.08, 5.14, 5.05, 96186.05, 49016139, 0.66, 1.76, 0.41, 251.70207
2016-04-25, 1, wei_ruo, 5.99, 5.10, -0.58, 5.13, 5.13, 5.14, 5.02, 107975.69, 54764376, 0.74, 2.34, 0.60, 446.44403
2016-04-26, 1, wei_ruo, 5.98, 5.13, 0.59, 5.10, 5.09, 5.13, 5.05, 151724.28, 77310548, 1.04, 1.57, 0.93, 7851.39704
2016-04-27, 1, wei_ruo, 5.97, 5.10, -0.58, 5.13, 5.13, 5.17, 5.09, 120535.95, 61824493, 0.82, 1.56, 0.72, 1243.64305
2016-04-28, 1, wei_ruo, 5.96, 5.02, -1.57, 5.10, 5.10, 5.13, 4.96, 149235.45, 75011956, 1.02, 3.33, 1.19, 2697.47806
2016-04-29, 1, wei_ruo, 5.95, 5.03, 0.20, 5.02, 5.00, 5.10, 4.98, 92483.11, 46587407, 0.63, 2.39, 0.74, 638.78894
2016-05-03, 1, wei_ruo, 5.94, 5.14, 2.19, 5.03, 5.05, 5.14, 5.00, 170940.58, 87187323, 1.17, 2.78, 1.37, 537.66704
2016-05-04, 1, wei_ruo, 5.94, 5.13, -0.19, 5.14, 5.11, 5.16, 5.09, 126496.36, 64869057, 0.86, 1.36, 0.92, 427.51789
2016-05-05, 1, wei_ruo, 5.93, 5.13, 0.00, 5.13, 5.10, 5.14, 5.08, 101976.38, 52141865, 0.70, 1.17, 0.77, 524.87803
2016-05-06, 1, wei_ruo, 5.92, 4.94, -3.70, 5.13, 5.14, 5.15, 4.92, 208248.71, 104811019, 1.42, 4.48, 1.62, 2669.74688
2016-05-09, 1, wei_ruo, 5.91, 4.78, -3.24, 4.94, 4.93, 4.94, 4.75, 157857.58, 76154861, 1.08, 3.85, 1.13, 220.5801
2016-05-10, 1, wei_ruo, 5.90, 4.78, 0.00, 4.78, 4.79, 4.81, 4.75, 75165.57, 35932960, 0.51, 1.26, 0.49, 3596.60506
2016-05-11, 1, wei_ruo, 5.89, 4.76, -0.42, 4.78, 4.81, 4.82, 4.74, 92094.28, 43966903, 0.63, 1.67, 0.69, 818.19201
2016-05-12, 1, wei_ruo, 5.88, 4.68, -1.68, 4.76, 4.71, 4.72, 4.62, 173130.72, 80651573, 1.18, 2.10, 1.36, 4397.03417
2016-05-13, 1, wei_ruo, 5.86, 4.61, -1.50, 4.68, 4.66, 4.69, 4.58, 176789.11, 82061908, 1.21, 2.35, 1.25, 808.67004
2016-05-16, 1, wei_ruo, 5.85, 4.65, 0.87, 4.61, 4.60, 4.66, 4.57, 136730.82, 63176347, 0.93, 1.95, 1.01, 4726.408
2016-05-17, 1, wei_ruo, 5.84, 4.65, 0.00, 4.65, 4.65, 4.67, 4.61, 102693.9, 47660015, 0.70, 1.29, 0.79, 445.122
2016-05-18, 1, wei_ruo, 5.82, 4.43, -4.73, 4.65, 4.62, 4.63, 4.38, 247226.15, 110668116, 1.69, 5.38, 1.81, 836.07721
2016-05-19, 1, wei_ruo, 5.80, 4.42, -0.23, 4.43, 4.43, 4.51, 4.41, 174506.96, 77720798, 1.19, 2.26, 1.04, 2455.549
2016-05-20, 1, wei_ruo, 5.79, 4.44, 0.45, 4.42, 4.38, 4.44, 4.36, 116919.55, 51476779, 0.80, 1.81, 0.70, 1965.57999
2016-05-23, 1, wei_ruo, 5.78, 4.48, 0.90, 4.44, 4.43, 4.50, 4.43, 120713.1, 53998195, 0.82, 1.58, 0.78, 3965.35897
2016-05-24, 1, wei_ruo, 5.77, 4.45, -0.67, 4.48, 4.48, 4.48, 4.40, 109366.21, 48487936, 0.75, 1.79, 0.72, 4974.751
2016-05-25, 1, wei_ruo, 5.76, 4.44, -0.22, 4.45, 4.48, 4.49, 4.43, 85668.58, 38227336, 0.59, 1.35, 0.56, 1413.12099
2016-05-26, 1, wei_ruo, 5.75, 4.46, 0.45, 4.44, 4.45, 4.47, 4.36, 113056.51, 49936105, 0.77, 2.48, 0.74, 7577.83699
2016-05-27, 1, wei_ruo, 5.75, 4.46, 0.00, 4.46, 4.44, 4.47, 4.42, 96147.25, 42785795, 0.66, 1.12, 0.63, 14698.93193
2016-05-30, 1, wei_ruo, 5.74, 4.44, -0.45, 4.46, 4.45, 4.47, 4.39, 102208.61, 45349049, 0.70, 1.79, 0.67, 585.66189
2016-05-31, 1, wei_ruo, 5.72, 4.62, 4.05, 4.44, 4.45, 4.63, 4.44, 231249.67, 105416198, 1.58, 4.28, 1.52, 2569.61894
2016-06-01, 1, wei_ruo, 5.70, 4.59, -0.65, 4.62, 4.60, 4.63, 4.57, 178187.81, 81890119, 1.22, 1.30, 1.17, 604.7039
2016-06-02, 1, wei_ruo, 5.70, 4.61, 0.44, 4.59, 4.59, 4.61, 4.57, 116740.66, 53603071, 0.80, 0.87, 0.77, 7197.86215
2016-06-03, 1, wei_ruo, 5.68, 4.61, 0.00, 4.61, 4.61, 4.63, 4.57, 152397.65, 70154635, 1.04, 1.30, 1.00, 18298.36011
2016-06-06, 1, wei_ruo, 5.67, 4.61, 0.00, 4.61, 4.61, 4.63, 4.59, 138282.78, 63727227, 0.94, 0.87, 0.91, 752.985
2016-06-07, 1, wei_ruo, 5.67, 4.60, -0.22, 4.61, 4.62, 4.63, 4.57, 91389.3, 41981607, 0.62, 1.30, 0.60, 20043.75601
2016-06-08, 1, wei_ruo, 5.66, 4.56, -0.87, 4.60, 4.60, 4.60, 4.53, 95882.45, 43724557, 0.65, 1.52, 0.63, 3654.1369
2016-06-13, 1, wei_ruo, 5.65, 4.37, -4.17, 4.56, 4.50, 4.51, 4.37, 167793.29, 74754088, 1.15, 3.07, 1.10, 7756.13809
2016-06-14, 1, wei_ruo, 5.64, 4.35, -0.46, 4.37, 4.36, 4.39, 4.32, 124380.39, 54140968, 0.85, 1.60, 0.82, 3753.94297
2016-06-15, 1, wei_ruo, 5.62, 4.46, 2.53, 4.35, 4.33, 4.49, 4.31, 184556.49, 81770240, 1.26, 4.14, 1.21, 2462.55422
2016-06-16, 1, wei_ruo, 5.61, 4.38, -1.79, 4.46, 4.45, 4.46, 4.38, 116421.44, 51387627, 0.80, 1.79, 0.76, 7661.65805
2016-06-17, 1, wei_ruo, 5.60, 4.44, 1.37, 4.38, 4.39, 4.48, 4.38, 139799.51, 62124090, 0.95, 2.28, 0.92, 2832.52001
2016-06-20, 1, wei_ruo, 5.59, 4.44, 1.37, 4.38, 4.39, 4.48, 4.38, 139799.51, 62124090, 0.95, 2.28, 0.92, 6708.04977
2016-06-21, 1, wei_ruo, 5.58, 4.42, -0.90, 4.46, 4.48, 4.50, 4.41, 136143.88, 60651766, 0.93, 2.02, 0.89, 951.31612
2016-06-22, 1, wei_ruo, 5.57, 4.46, 0.90, 4.42, 4.40, 4.46, 4.39, 95422.7, 42364589, 0.65, 1.58, 0.63, 2856.85301
2016-06-23, 1, wei_ruo, 5.56, 4.44, -0.45, 4.46, 4.45, 4.47, 4.41, 82364.01, 36593829, 0.56, 1.35, 0.54, 1700.24991
2016-06-24, 1, wei_ruo, 5.55, 4.36, -1.80, 4.44, 4.44, 4.47, 4.32, 171813.16, 75498551, 1.17, 3.38, 1.13, 2083.97913
2016-06-27, 1, wei_ruo, 5.54, 4.43, 1.61, 4.36, 4.34, 4.44, 4.34, 110571.09, 48757448, 0.76, 2.29, 0.73, 1002.38705
2016-06-28, 1, wei_ruo, 5.53, 4.47, 0.90, 4.43, 4.40, 4.48, 4.40, 128069.98, 56910793, 0.87, 1.81, 0.84, 2190.10186
2016-06-30, 1, wei_ruo, 5.51, 4.52, 0.67, 4.49, 4.49, 4.53, 4.46, 175558.72, 78885101, 1.20, 1.56, 1.15, 868.18194
2016-07-01, 1, wei_ruo, 5.50, 4.50, -0.44, 4.52, 4.52, 4.54, 4.49, 116279.63, 52458350, 0.79, 1.11, 0.76, 706.09093
2016-07-04, 1, wei_ruo, 5.49, 4.58, 1.78, 4.50, 4.49, 4.60, 4.48, 188087.69, 85805170, 1.28, 2.67, 1.23, 825.15097
2016-07-05, 1, wei_ruo, 5.48, 4.66, 1.75, 4.58, 4.58, 4.67, 4.56, 232455.43, 107654286, 1.59, 2.40, 1.53, 2518.07499
2016-07-06, 2, qing_du, 5.47, 4.64, -0.43, 4.66, 4.63, 4.66, 4.61, 170004.37, 78775187, 1.16, 1.07, 1.12, 4628.932
2016-07-07, 3, zhong_du, 5.46, 4.63, -0.22, 4.64, 4.64, 4.67, 4.59, 182148.73, 84175018, 1.24, 1.72, 1.20, 1073.16303
2016-07-08, 3, zhong_du, 5.45, 4.61, -0.43, 4.63, 4.62, 4.64, 4.59, 110790.23, 51119059, 0.76, 1.08, 0.73, 14959.00512
2016-07-11, 3, zhong_du, 5.44, 4.63, 0.43, 4.61, 4.62, 4.67, 4.62, 166323.41, 77243916, 1.14, 1.08, 1.09, 1111.47118
2016-07-12, 3, zhong_du, 5.43, 4.71, 1.73, 4.63, 4.62, 4.72, 4.60, 218480.62, 101759655, 1.49, 2.59, 1.45, 19993.27898
2016-07-13, 3, zhong_du, 5.42, 4.75, 0.85, 4.71, 4.72, 4.77, 4.70, 180752.08, 85584887, 1.23, 1.49, 1.20, 16316.48803
2016-07-14, 4, gao_du, 5.41, 4.76, 0.21, 4.75, 4.74, 4.78, 4.72, 143453.89, 68170422, 0.98, 1.26, 0.94, 768.31102
2016-07-15, 4, gao_du, 5.41, 4.73, -0.63, 4.76, 4.76, 4.77, 4.72, 103648.64, 49086742, 0.71, 1.05, 0.68, 700.81282
2016-07-18, 4, gao_du, 5.40, 4.69, -0.85, 4.73, 4.73, 4.73, 4.68, 100797.59, 47388696, 0.69, 1.06, 0.68, 2763.58509
2016-07-19, 4, gao_du, 5.40, 4.72, 0.64, 4.69, 4.69, 4.73, 4.67, 89801.53, 42164864, 0.61, 1.28, 0.59, 528.29909
2016-07-20, 4, gao_du, 5.39, 4.70, -0.42, 4.72, 4.72, 4.77, 4.69, 148157.6, 70019883, 1.01, 1.69, 0.98, 571.66314
2016-07-21, 4, gao_du, 5.38, 4.70, 0.00, 4.70, 4.69, 4.74, 4.69, 93226.07, 43991371, 0.64, 1.06, 0.61, 3193.79306
2016-07-22, 4, gao_du, 5.37, 4.65, -1.06, 4.70, 4.70, 4.71, 4.64, 101680.21, 47577885, 0.69, 1.49, 0.67, 2652.06003
2016-07-25, 4, gao_du, 5.37, 4.66, 0.22, 4.65, 4.66, 4.69, 4.64, 97989.78, 45736058, 0.67, 1.08, 0.64, 18222.44596
2016-07-26, 4, gao_du, 5.36, 4.72, 1.29, 4.66, 4.66, 4.72, 4.64, 115760.7, 54266548, 0.79, 1.72, 0.76, 773.38696
2016-07-27, 4, gao_du, 5.35, 4.58, -2.97, 4.72, 4.73, 4.75, 4.52, 206845.32, 95990786, 1.41, 4.87, 1.36, 6600.90494
2016-07-28, 4, gao_du, 5.35, 4.59, 0.22, 4.58, 4.57, 4.60, 4.55, 105641.18, 48326949, 0.72, 1.09, 0.69, 2779.20794
2016-07-29, 3, zhong_du, 5.34, 4.57, -0.44, 4.59, 4.59, 4.60, 4.55, 102266, 46763211, 0.70, 1.09, 0.67, 14444.39983
2016-08-01, 3, zhong_du, 5.33, 4.62, 1.09, 4.57, 4.56, 4.62, 4.47, 191236.97, 86604162, 1.31, 3.28, 1.25, 3006.81901
2016-08-02, 3, zhong_du, 5.32, 4.64, 0.43, 4.62, 4.60, 4.64, 4.57, 225893.51, 103960823, 1.54, 1.52, 1.48, 16176.12481
2016-08-03, 4, gao_du, 5.30, 4.85, 4.53, 4.64, 4.61, 4.96, 4.60, 626679.92, 302574840, 4.28, 7.76, 3.54, 5382.70903
2016-08-04, 4, gao_du, 5.30, 4.82, -0.82, 4.86, 4.82, 4.85, 4.78, 288089.2, 138462324, 1.97, 1.44, 1.14, 14529.00314
2016-08-05, 5, qiang_lie, 5.29, 4.83, 0.21, 4.82, 4.82, 4.90, 4.81, 266873.68, 129237629, 1.82, 1.87, 0.98, 776.29709
2016-08-08, 5, qiang_lie, 5.28, 4.83, 0.00, 4.83, 4.84, 4.86, 4.76, 230093.71, 110496379, 1.57, 2.07, 0.75, 2475.1122
2016-08-09, 5, qiang_lie, 5.28, 4.81, -0.41, 4.83, 4.82, 4.83, 4.78, 199009.5, 95590361, 1.36, 1.04, 0.61, 2558.68912
2016-08-10, 5, qiang_lie, 5.27, 4.77, -0.83, 4.81, 4.81, 4.82, 4.76, 215777.68, 103401025, 1.47, 1.25, 0.68, 7715.66582
2016-08-11, 5, qiang_lie, 5.26, 4.72, -1.05, 4.77, 4.76, 4.80, 4.72, 181169.86, 86346963, 1.24, 1.68, 0.75, 863.17492
2016-08-15, 5, qiang_lie, 5.25, 4.86, 1.67, 4.78, 4.81, 4.87, 4.79, 323216.97, 156360498, 2.21, 1.67, 1.71, 670.259
2016-08-16, 5, qiang_lie, 5.24, 4.85, -0.21, 4.86, 4.87, 4.89, 4.85, 203649.27, 99087179, 1.39, 0.82, 0.98, 624.94922
2016-08-17, 5, qiang_lie, 5.24, 4.91, 1.24, 4.85, 4.86, 4.92, 4.84, 225633.14, 110135075, 1.54, 1.65, 1.08, 14424.20411
2016-08-18, 5, qiang_lie, 5.23, 4.89, -0.41, 4.91, 4.91, 4.93, 4.86, 189027.93, 92519304, 1.29, 1.43, 0.90, 14418.89596
2016-08-19, 5, qiang_lie, 5.23, 4.86, -0.61, 4.89, 4.88, 4.90, 4.84, 138870.8, 67497681, 0.95, 1.23, 0.66, 827.88205
2016-08-22, 5, qiang_lie, 5.23, 4.85, -0.21, 4.86, 4.86, 4.88, 4.84, 116605.22, 56668192, 0.80, 0.82, 0.54, 1164.28089
2016-08-23, 5, qiang_lie, 5.22, 4.90, 1.03, 4.85, 4.84, 4.92, 4.84, 215466.28, 105290554, 1.47, 1.65, 1.24, 598.48785
2016-08-24, 5, qiang_lie, 5.22, 4.85, -1.02, 4.90, 4.90, 4.91, 4.83, 185591.73, 90266739, 1.27, 1.63, 1.06, 1102
2016-08-25, 5, qiang_lie, 5.21, 4.80, -0.83, 4.84, 4.83, 4.84, 4.77, 160784.48, 77148196, 1.10, 1.45, 0.95, 18039.14881
2016-08-26, 5, qiang_lie, 5.21, 4.81, 0.21, 4.80, 4.80, 4.84, 4.79, 143496.71, 69103586, 0.98, 1.04, 0.88, 475.9438
2016-08-29, 5, qiang_lie, 5.21, 4.82, 0.21, 4.81, 4.79, 4.84, 4.79, 96111.66, 46312360, 0.66, 1.04, 0.58, 742.85507
2016-08-30, 5, qiang_lie, 5.20, 4.83, 0.21, 4.82, 4.82, 4.84, 4.81, 106218.43, 51254916, 0.73, 0.62, 0.66, 523.417
2016-08-31, 5, qiang_lie, 5.20, 4.81, -0.41, 4.83, 4.83, 4.84, 4.80, 93226.24, 44877769, 0.64, 0.83, 0.67, 712.41188
2016-09-01, 5, qiang_lie, 5.20, 4.80, -0.21, 4.81, 4.82, 4.86, 4.79, 204477.28, 98486577, 1.40, 1.46, 1.70, 601.62711
2016-09-02, 5, qiang_lie, 5.20, 4.78, -0.42, 4.80, 4.80, 4.82, 4.74, 135338, 64802860, 0.92, 1.67, 1.13, 4775.49195
2016-09-05, 4, gao_du, 5.20, 4.81, 0.63, 4.78, 4.80, 4.83, 4.78, 126023.84, 60570189, 0.86, 1.05, 1.05, 604.03514
2016-09-06, 4, gao_du, 5.20, 4.85, 0.83, 4.81, 4.80, 4.85, 4.78, 143903.37, 69341600, 0.98, 1.46, 1.20, 10060.02617
2016-09-07, 5, qiang_lie, 5.20, 4.87, 0.41, 4.85, 4.85, 4.91, 4.83, 231990.72, 113046711, 1.58, 1.65, 1.93, 553.67708
2016-09-08, 5, qiang_lie, 5.20, 4.82, -0.21, 4.83, 4.83, 4.84, 4.81, 18073.82, 8712579, 0.12, 0.62, 0.74, 17225.32892
2016-09-09, 5, qiang_lie, 5.20, 4.82, -0.21, 4.83, 4.83, 4.84, 4.81, 18073.82, 8712579, 0.12, 0.62, 0.74, 2603.99199
2016-09-12, 5, qiang_lie, 5.20, 4.73, -2.47, 4.85, 4.77, 4.82, 4.73, 189833.32, 90589926, 1.30, 1.86, 1.58, 2483.85191
2016-09-13, 5, qiang_lie, 5.20, 4.78, 1.06, 4.73, 4.75, 4.79, 4.74, 94428.45, 45014415, 0.65, 1.06, 0.79, 3287.07504
2016-09-14, 4, gao_du, 5.20, 4.82, -0.21, 4.83, 4.83, 4.84, 4.81, 18073.82, 8712579, 0.12, 0.62, 0.74, 753.19886
2016-09-19, 4, gao_du, 5.20, 4.80, 0.63, 4.77, 4.77, 4.81, 4.76, 87084.47, 41706518, 0.59, 1.05, 0.74, 943.71414
2016-09-20, 4, gao_du, 5.20, 4.79, -0.21, 4.80, 4.81, 4.81, 4.78, 72566.01, 34766358, 0.50, 0.63, 0.60, 2473.00887
2016-09-21, 4, gao_du, 5.20, 4.85, 1.25, 4.79, 4.79, 4.86, 4.78, 167902.33, 81099806, 1.15, 1.67, 1.41, 3093.73307
2016-09-22, 4, gao_du, 5.20, 4.85, 0.00, 4.85, 4.86, 4.89, 4.84, 125819.01, 61161585, 0.86, 1.03, 1.05, 497.298
2016-09-23, 4, gao_du, 5.20, 4.85, 0.00, 4.85, 4.85, 4.88, 4.84, 106605.01, 51797564, 0.73, 0.82, 0.90, 795.53795
2016-09-26, 4, gao_du, 5.20, 4.73, -2.67, 4.86, 4.85, 4.86, 4.73, 140899.18, 67636062, 0.96, 2.67, 1.17, 770.59603
2016-09-27, 3, zhong_du, 5.20, 4.82, 1.90, 4.73, 4.74, 4.83, 4.72, 157793.1, 75422606, 1.08, 2.33, 1.32, 747.16997
2016-09-28, 3, zhong_du, 5.20, 4.92, 2.07, 4.82, 4.82, 4.94, 4.80, 305211.54, 148952508, 2.08, 2.90, 2.54, 647.23396
2016-09-29, 3, zhong_du, 5.20, 4.91, -0.20, 4.92, 4.94, 4.94, 4.88, 181758.17, 89115452, 1.24, 1.22, 1.52, 14564.50415
2016-09-30, 5, qiang_lie, 5.20, 4.99, 1.63, 4.91, 4.89, 5.02, 4.88, 244755.08, 120754806, 1.67, 2.85, 2.06, 693.95709
2016-10-10, 5, qiang_lie, 5.20, 5.05, 1.20, 4.99, 5.02, 5.08, 4.98, 291363.29, 146234426, 1.99, 2.00, 2.43, 18217.05413
2016-10-11, 5, qiang_lie, 5.20, 5.02, -0.59, 5.05, 5.05, 5.05, 5.00, 163352.81, 82061478, 1.12, 0.99, 1.36, 16549.65901
2016-10-12, 5, qiang_lie, 5.20, 5.00, -0.40, 5.02, 5.01, 5.02, 4.95, 210046.03, 104656996, 1.43, 1.39, 1.77, 427.70886
2016-10-13, 5, qiang_lie, 5.20, 5.01, 0.20, 5.00, 4.99, 5.03, 4.96, 139951.05, 70018685, 0.96, 1.40, 1.18, 12409.07097
2016-10-14, 5, qiang_lie, 5.13, 5.03, 0.40, 5.01, 5.00, 5.05, 4.97, 179316.45, 89975897, 1.22, 1.60, 1.49, 1359.99584
2016-10-17, 5, qiang_lie, 5.12, 4.94, -1.79, 5.03, 5.03, 5.04, 4.94, 175530.81, 87640076, 1.20, 1.99, 1.46, 822.77203
2016-10-18, 5, qiang_lie, 5.12, 5.03, 0.00, 5.03, 5.03, 5.04, 5.00, 62065.95, 31133676, 0.42, 0.80, 1.03, 1063.24792
2016-10-19, 5, qiang_lie, 5.12, , , , , , , , , , , , 446.8708
2016-10-20, 5, qiang_lie, 5.12, 4.98, -0.60, 5.01, 5.01, 5.01, 4.98, 105772.71, 52797955, 0.72, 0.60, 0.92, 4791.02707
2016-10-21, 5, qiang_lie, 5.12, 5.00, 0.40, 4.98, 4.99, 5.03, 4.96, 137238.02, 68582606, 0.94, 1.41, 1.18, 9935.27603
2016-10-24, 5, qiang_lie, 5.12, 5.06, 1.20, 5.00, 5.00, 5.08, 5.00, 224481.55, 113414969, 1.53, 1.60, 1.85, 603.21498
2016-10-25, 5, qiang_lie, 5.12, 5.08, 0.40, 5.06, 5.06, 5.12, 5.05, 184427.17, 93705871, 1.26, 1.38, 1.50, 6073.0989
2016-10-26, 5, qiang_lie, 5.12, 5.06, -0.39, 5.08, 5.06, 5.11, 5.04, 138706.59, 70159700, 0.95, 1.38, 1.13, 17176.46599
2016-10-27, 5, qiang_lie, 5.12, 5.03, -0.59, 5.06, 5.05, 5.06, 5.00, 130626.73, 65743580, 0.89, 1.19, 1.08, 2772.06898
2016-10-28, 5, qiang_lie, 5.12, 5.19, 3.18, 5.03, 5.04, 5.29, 5.04, 785797.1, 408089227, 5.37, 4.97, 6.41, 18233.47902
2016-10-31, 5, qiang_lie, 5.13, 5.31, 2.31, 5.19, 5.21, 5.40, 5.20, 711993.97, 378010695, 4.86, 3.85, 5.81, 638.97395
2016-11-01, 5, qiang_lie, 5.13, 5.25, -1.13, 5.31, 5.30, 5.32, 5.21, 316316.88, 166101724, 2.16, 2.07, 2.60, 551.08285
2016-11-02, 5, qiang_lie, 5.13, 5.26, 0.00, 5.26, 5.26, 5.35, 5.23, 299391, 158417632, 2.05, 2.28, 2.46, 473.32215
2016-11-03, 5, qiang_lie, 5.14, 5.30, 0.95, 5.25, 5.23, 5.31, 5.16, 376835.98, 197544809, 2.57, 2.86, 3.07, 501.18494
2016-11-04, 5, qiang_lie, 5.14, 5.23, -1.32, 5.30, 5.26, 5.27, 5.18, 274671.58, 143384302, 1.88, 1.70, 2.24, 1678.5121
2016-11-07, 5, qiang_lie, 5.15, 5.41, 3.44, 5.23, 5.23, 5.44, 5.19, 601340.11, 322206140, 4.11, 4.78, 4.94, 672.68181
2016-11-08, 5, qiang_lie, 5.16, 5.43, 0.18, 5.42, 5.40, 5.48, 5.35, 360466.86, 195315309, 2.46, 2.40, 2.96, 389.89902
2016-11-09, 5, qiang_lie, 5.16, 5.38, -1.10, 5.44, 5.42, 5.45, 5.20, 384702.89, 205377771, 2.63, 4.60, 3.14, 2265.347
2016-11-10, 5, qiang_lie, 5.17, 5.43, 0.93, 5.38, 5.40, 5.46, 5.37, 318092.96, 172765161, 2.17, 1.67, 2.62, 824.296
2016-11-11, 5, qiang_lie, 5.18, 5.53, 1.65, 5.44, 5.46, 5.57, 5.39, 424884.08, 232528090, 2.90, 3.31, 3.46, 1275.52915
2016-11-14, 5, qiang_lie, 5.19, 5.61, 1.45, 5.53, 5.50, 5.66, 5.47, 423648.87, 236544615, 2.89, 3.44, 3.48, 461.81202
2016-11-15, 5, qiang_lie, 5.19, 5.57, -1.42, 5.65, 5.65, 5.65, 5.53, 227206.91, 126769453, 1.55, 2.12, 1.88, 545.31693
2016-11-16, 5, qiang_lie, 5.20, 5.52, -0.90, 5.57, 5.57, 5.59, 5.48, 125226.18, 69210365, 0.86, 1.97, 2.04, 719.03396
2016-11-17, 5, qiang_lie, 5.21, 5.52, -0.90, 5.57, 5.57, 5.59, 5.48, 125226.18, 69210365, 0.86, 1.97, 2.04, 574.46003
2016-11-18, 5, qiang_lie, 5.21, 5.52, -0.90, 5.57, 5.57, 5.59, 5.48, 125226.18, 69210365, 0.86, 1.97, 2.04, 577.79598
2016-11-21, 5, qiang_lie, 5.21, 5.48, 0.00, 5.48, 5.45, 5.54, 5.42, 205862.36, 113126134, 1.41, 2.19, 1.68, 593.28103
2016-11-22, 5, qiang_lie, 5.22, 5.50, 0.36, 5.48, 5.46, 5.53, 5.46, 252257.26, 138359836, 1.72, 1.28, 2.06, 762.06207
2016-11-23, 5, qiang_lie, 5.22, 5.44, -1.09, 5.50, 5.50, 5.52, 5.42, 234392.1, 127979038, 1.60, 1.82, 1.94, 551.19181
2016-11-24, 5, qiang_lie, 5.23, 5.45, 0.18, 5.44, 5.44, 5.48, 5.41, 161986.2, 88234192, 1.11, 1.29, 1.34, 721.51017
2016-11-25, 5, qiang_lie, 5.23, 5.39, -1.10, 5.45, 5.44, 5.46, 5.33, 193182.87, 103948747, 1.32, 2.39, 1.59, 665.34901
2016-11-28, 5, qiang_lie, 5.23, 5.41, 0.19, 5.40, 5.41, 5.44, 5.38, 207244.36, 112204539, 1.42, 1.11, 1.71, 468.38093
2016-11-29, 5, qiang_lie, 5.24, 5.43, 0.37, 5.41, 5.42, 5.51, 5.39, 271806.03, 148263253, 1.86, 2.22, 2.23, 352.01001
2016-11-30, 5, qiang_lie, 5.24, 5.35, -1.29, 5.42, 5.41, 5.43, 5.33, 215207.96, 115693602, 1.47, 1.85, 1.77, 2453.08614
2016-12-01, 5, qiang_lie, 5.24, 5.39, 0.75, 5.35, 5.34, 5.42, 5.34, 170585.71, 91832742, 1.17, 1.50, 1.39, 2587.02087
2016-12-02, 5, qiang_lie, 5.24, 5.35, -0.74, 5.39, 5.40, 5.40, 5.33, 133508.36, 71601584, 0.91, 1.30, 1.09, 619.51804
2016-12-05, 5, qiang_lie, 5.24, 5.39, 0.75, 5.35, 5.32, 5.47, 5.28, 248276.84, 133616012, 1.70, 3.55, 2.04, 739.00294
2016-12-06, 4, gao_du, 5.24, 5.36, -0.37, 5.38, 5.39, 5.43, 5.33, 102467.55, 55080844, 0.70, 1.86, 0.84, 612.463
2016-12-07, 4, gao_du, 5.24, 5.40, 0.75, 5.36, 5.35, 5.41, 5.34, 144105.51, 77486501, 0.98, 1.31, 1.17, 469.21897
2016-12-08, 4, gao_du, 5.25, 5.39, -0.19, 5.40, 5.40, 5.42, 5.36, 129851.06, 69995238, 0.89, 1.11, 1.06, 179.04186
2016-12-09, 4, gao_du, 5.25, 5.44, 0.93, 5.39, 5.39, 5.44, 5.38, 190243.29, 102941155, 1.30, 1.11, 1.55, 590.15393
2016-12-12, 4, gao_du, 5.25, 5.30, -2.57, 5.44, 5.44, 5.56, 5.26, 346679.34, 188122455, 2.37, 5.51, 2.83, 458.79197
2016-12-13, 4, gao_du, 5.25, 5.35, 0.94, 5.30, 5.23, 5.38, 5.21, 158232.72, 83922518, 1.08, 3.21, 1.29, 694.71288
2016-12-14, 4, gao_du, 5.26, 5.49, 2.62, 5.35, 5.34, 5.63, 5.33, 594432.32, 329351134, 4.06, 5.61, 4.85, 409.52611
2016-12-15, 4, gao_du, 5.27, 5.51, 0.36, 5.49, 5.48, 5.59, 5.45, 313357.98, 173213371, 2.14, 2.55, 2.55, 567.32488
2016-12-16, 5, qiang_lie, 5.27, 5.54, 0.54, 5.51, 5.57, 5.65, 5.51, 355211.73, 198373892, 2.43, 2.54, 2.90, 528.3649
2016-12-19, 5, qiang_lie, 5.29, 5.78, 4.33, 5.54, 5.55, 5.85, 5.49, 516997.11, 295384912, 3.53, 6.50, 4.22, 630.5418
2016-12-20, 5, qiang_lie, 5.30, 5.64, -2.42, 5.78, 5.71, 5.76, 5.61, 334309.03, 189561197, 2.28, 2.60, 2.73, 627.65813
2016-12-21, 5, qiang_lie, 5.30, 5.69, 0.89, 5.64, 5.68, 5.74, 5.62, 234914.2, 133443191, 1.60, 2.13, 1.92, 542.28711
2016-12-22, 5, qiang_lie, 5.31, 5.71, 0.35, 5.69, 5.65, 5.77, 5.55, 318071.28, 180673891, 2.17, 3.87, 2.59, 482.85604
2016-12-23, 5, qiang_lie, 5.32, 5.74, 0.53, 5.71, 5.69, 5.78, 5.68, 279325.11, 160372542, 1.91, 1.75, 2.28, 437.03485
2016-12-26, 5, qiang_lie, 5.33, 5.72, -0.35, 5.74, 5.78, 5.78, 5.58, 190401.43, 108010040, 1.30, 3.48, 1.55, 536.32593
2016-12-27, 5, qiang_lie, 5.33, 5.63, -1.57, 5.72, 5.70, 5.72, 5.60, 171411.41, 96843787, 1.17, 2.10, 1.40, 570.26982
2016-12-28, 5, qiang_lie, 5.34, 5.82, 3.37, 5.63, 5.67, 5.95, 5.63, 477251.33, 276822047, 3.26, 5.68, 3.89, 595.29209
2016-12-30, 5, qiang_lie, 5.36, 5.59, -0.89, 5.64, 5.66, 5.71, 5.59, 210506, 118784666, 1.44, 2.13, 1.72, 545.81308
2017-01-04, 4, gao_du, 5.37, 5.78, 2.48, 5.64, 5.64, 5.78, 5.63, 375231.99, 214949291, 2.56, 2.66, 3.06, 635.15687
2017-01-05, 4, gao_du, 5.38, 5.74, -0.69, 5.78, 5.76, 5.90, 5.72, 376577.78, 218633467, 2.57, 3.11, 3.07, 606.23407
2017-01-06, 4, gao_du, 5.40, 5.87, 2.26, 5.74, 5.73, 5.94, 5.70, 507822.15, 296309731, 3.47, 4.18, 4.14, 964.11109
2017-01-09, 5, qiang_lie, 5.41, 5.95, 1.36, 5.87, 5.89, 5.95, 5.78, 430466.26, 253183181, 2.94, 2.90, 3.51, 570.35995
2017-01-10, 5, qiang_lie, 5.42, 5.90, -0.84, 5.95, 5.91, 5.95, 5.85, 157804.43, 93016922, 1.08, 1.68, 2.57, 481.13918
2017-01-11, 5, qiang_lie, 5.43, 5.81, -1.36, 5.89, 5.88, 5.92, 5.79, 226509.8, 132244155, 1.55, 2.21, 1.85, 3580.12986
2017-01-13, 5, qiang_lie, 5.43, 5.90, -0.84, 5.95, 5.91, 5.95, 5.85, 157804.43, 93016922, 1.08, 1.68, 2.57, 531.07595
2017-01-16, 4, gao_du, 5.44, 5.43, -4.06, 5.66, 5.65, 5.68, 5.21, 302959.9, 165978204, 2.07, 8.30, 2.47, 467.52691
2017-01-17, 3, zhong_du, 5.44, 5.49, 1.10, 5.43, 5.39, 5.49, 5.39, 111416.42, 60611395, 0.76, 1.84, 0.91, 640.275
2017-01-18, 3, zhong_du, 5.44, 5.90, -0.84, 5.95, 5.91, 5.95, 5.85, 157804.43, 93016922, 1.08, 1.68, 2.57, 711.6549
2017-02-07, 3, zhong_du, 5.44, 5.66, -0.35, 5.68, 5.68, 5.69, 5.61, 46856.19, 26447344, 0.32, 1.41, 0.87, 2739.95495
2017-02-08, 3, zhong_du, 5.44, 5.70, 0.35, 5.68, 5.68, 5.70, 5.61, 109303.34, 61876536, 0.75, 1.58, 0.89, 4600.97885
2017-02-09, 3, zhong_du, 5.45, 5.69, -0.18, 5.70, 5.71, 5.72, 5.67, 104257.01, 59388715, 0.71, 0.88, 1.09, 542.20104
2017-02-10, 3, zhong_du, 5.45, 5.70, -0.18, 5.71, 5.71, 5.73, 5.65, 257816.24, 146632396, 1.76, 1.40, 2.10, 5526.19195
2017-02-13, 3, zhong_du, 5.46, 5.84, 2.46, 5.70, 5.74, 5.86, 5.72, 372431.06, 215845864, 2.54, 2.46, 3.04, 4650.62785
2017-02-14, 4, gao_du, 5.46, 5.78, -1.03, 5.84, 5.82, 5.82, 5.73, 182502.71, 105339513, 1.25, 1.54, 1.49, 632.48992
2017-02-15, 4, gao_du, 5.47, 5.70, -1.38, 5.78, 5.79, 5.82, 5.69, 199568.77, 114925153, 1.36, 2.25, 1.63, 4782.25708
2017-02-16, 4, gao_du, 5.47, 5.76, 1.05, 5.70, 5.70, 5.79, 5.68, 142791.84, 82105362, 0.98, 1.93, 1.16, 2787.65011
2017-02-17, 4, gao_du, 5.48, 5.75, -0.17, 5.76, 5.79, 5.88, 5.74, 244642.53, 142143773, 1.67, 2.43, 1.99, 529.50883
2017-02-20, 4, gao_du, 5.48, 5.75, -0.17, 5.76, 5.79, 5.88, 5.74, 244642.53, 142143773, 1.67, 2.43, 1.99, 631.35505
2017-02-21, 4, gao_du, 5.49, 5.90, 0.34, 5.88, 5.87, 5.90, 5.83, 224756.08, 132007160, 1.54, 1.19, 1.83, 1005.82099
2017-02-22, 5, qiang_lie, 5.50, 5.90, 0.00, 5.90, 5.90, 5.94, 5.85, 253411.12, 149532530, 1.73, 1.53, 2.07, 4699.21398
2017-02-23, 5, qiang_lie, 5.50, 5.86, -0.68, 5.90, 5.90, 5.91, 5.83, 169689.15, 99326484, 1.16, 1.36, 1.38, 4669.26098
2017-02-24, 5, qiang_lie, 5.51, 5.87, 0.17, 5.86, 5.86, 5.91, 5.84, 44061.27, 25908708, 0.30, 1.19, 1.96, 3807.41715
2017-02-27, 5, qiang_lie, 5.60, 5.87, 0.17, 5.86, 5.86, 5.91, 5.84, 44061.27, 25908708, 0.30, 1.19, 1.96, 2526.0849
2017-02-28, 5, qiang_lie, 5.67, 6.39, -1.54, 6.49, 6.53, 6.66, 6.26, 1193195.32, 767452727, 8.15, 6.16, 9.73, 818.19105
2017-03-01, 5, qiang_lie, 5.72, 6.37, -0.31, 6.39, 6.29, 6.54, 6.28, 892830.5, 573767271, 6.10, 4.07, 7.28, 509.62114
2017-03-02, 5, qiang_lie, 5.74, 6.28, -1.41, 6.37, 6.35, 6.44, 6.23, 621133.01, 391665291, 4.24, 3.30, 5.06, 933.95901
2017-03-03, 5, qiang_lie, 5.76, 6.33, 0.80, 6.28, 6.25, 6.36, 6.23, 359014.1, 226156721, 2.45, 2.07, 2.93, 4875.60391
2017-03-06, 5, qiang_lie, 5.77, 6.37, 0.63, 6.33, 6.30, 6.41, 6.23, 332092.04, 210464436, 2.27, 2.84, 2.71, 4431.57601
2017-03-07, 4, gao_du, 5.78, 6.08, -0.98, 6.14, 6.16, 6.17, 6.03, 219509.99, 133472016, 1.50, 2.28, 3.58, 706.57706
2017-03-08, 4, gao_du, 5.79, 6.15, 0.16, 6.14, 6.16, 6.23, 6.03, 366087.99, 223500305, 2.50, 3.26, 2.98, 705.34515
2017-03-09, 4, gao_du, 5.80, 6.05, -1.63, 6.15, 6.14, 6.14, 6.03, 245602.67, 149169437, 1.68, 1.79, 2.00, 2648.3252
2017-03-10, 3, zhong_du, 5.80, 6.06, 0.17, 6.05, 6.06, 6.13, 6.03, 207482.82, 126026386, 1.42, 1.65, 1.69, 560.22501
2017-03-13, 3, zhong_du, 5.81, 6.13, 1.16, 6.06, 6.06, 6.15, 5.93, 355819.46, 215513162, 2.43, 3.63, 2.90, 656.39305
2017-03-14, 3, zhong_du, 5.81, 6.03, -1.63, 6.13, 6.11, 6.14, 6.02, 191354.14, 116010746, 1.31, 1.96, 1.56, 2583.86207
2017-03-15, 3, zhong_du, 5.81, 5.93, -1.66, 6.03, 6.02, 6.06, 5.89, 235951.47, 140664185, 1.61, 2.82, 1.92, 617.7702
2017-03-16, 3, zhong_du, 5.82, 5.99, 1.01, 5.93, 5.96, 6.02, 5.96, 157317.92, 94338191, 1.07, 1.01, 1.28, 538.08498
2017-03-17, 3, zhong_du, 5.82, 5.92, -1.17, 5.99, 6.02, 6.07, 5.90, 229742.86, 137732344, 1.57, 2.84, 1.87, 621.91606
2017-03-20, 3, zhong_du, 5.82, 5.86, -1.01, 5.92, 5.91, 5.96, 5.80, 243509.76, 143150767, 1.66, 2.70, 1.99, 637.95185
2017-03-21, 2, qing_du, 5.82, 5.86, 0.00, 5.86, 5.87, 5.89, 5.80, 193624.45, 112939558, 1.32, 1.54, 1.58, 598.76895
2017-03-22, 2, qing_du, 5.82, 5.89, 0.51, 5.86, 5.84, 5.89, 5.80, 171621.54, 100235610, 1.17, 1.54, 1.40, 639.63699
2017-03-23, 2, qing_du, 5.82, 5.78, -1.87, 5.89, 5.88, 5.92, 5.75, 261048.87, 152102125, 1.78, 2.89, 2.13, 614.75396
2017-03-24, 2, qing_du, 5.82, 5.82, 0.69, 5.78, 5.78, 5.84, 5.76, 245341.83, 142328026, 1.68, 1.38, 2.00, 606.09293
2017-03-27, 2, qing_du, 5.82, 5.84, 0.34, 5.82, 5.82, 5.85, 5.76, 261348.17, 151849690, 1.79, 1.55, 2.13, 607.92708
2017-03-28, 1, wei_ruo, 5.82, 5.84, 0.00, 5.84, 5.83, 5.85, 5.80, 151144.24, 87918089, 1.03, 0.86, 1.23, 1126.21593
2017-03-29, 1, wei_ruo, 5.82, 5.85, 0.17, 5.84, 5.85, 5.90, 5.81, 218558.96, 128147881, 1.49, 1.54, 1.78, 672.77884
2017-03-30, 1, wei_ruo, 5.82, 5.65, -3.42, 5.85, 5.84, 5.85, 5.65, 286519.42, 164306469, 1.96, 3.42, 2.34, 557.88708
2017-03-31, 1, wei_ruo, 5.82, 5.62, -0.53, 5.65, 5.65, 5.68, 5.59, 141881.15, 80027073, 0.97, 1.59, 1.16, 672.63103
2017-04-05, 1, wei_ruo, 5.82, 5.75, 2.31, 5.62, 5.65, 5.77, 5.65, 153245.52, 87803952, 1.05, 2.14, 1.25, 601.34006
2017-04-06, 1, wei_ruo, 5.82, 5.85, 1.74, 5.75, 5.78, 5.86, 5.73, 235799.19, 136748437, 1.61, 2.26, 1.92, 687.82997
2017-04-07, 1, wei_ruo, 5.82, 6.00, 2.56, 5.85, 5.84, 6.02, 5.82, 477810.31, 284927488, 3.26, 3.42, 3.90, 608.47998
2017-04-10, 1, wei_ruo, 5.82, 5.96, -0.67, 6.00, 5.95, 6.06, 5.88, 316332.02, 188341152, 2.16, 3.00, 2.58, 629.22215
2017-04-11, 1, wei_ruo, 5.83, 6.06, 1.68, 5.96, 6.22, 6.29, 6.03, 561705.7, 343017788, 3.84, 4.36, 4.58, 527.40812
2017-04-12, 1, wei_ruo, 5.84, 5.93, -2.15, 6.06, 6.07, 6.07, 5.93, 328435.22, 196644456, 2.24, 2.31, 2.68, 624.81785
2017-04-13, 1, wei_ruo, 5.84, 5.97, 0.67, 5.93, 5.91, 6.04, 5.90, 178446.67, 106798673, 1.22, 2.36, 1.45, 747.74098
2017-04-14, 1, wei_ruo, 5.84, 5.96, -0.17, 5.97, 5.98, 6.02, 5.93, 188015.21, 112536427, 1.28, 1.51, 1.53, 609.28082
2017-04-17, 1, wei_ruo, 5.84, 6.03, 1.17, 5.96, 5.99, 6.06, 5.96, 220216.49, 132312552, 1.50, 1.68, 1.80, 650.7771
2017-04-18, 1, wei_ruo, 5.85, 6.11, 1.33, 6.03, 6.09, 6.24, 6.08, 539140.99, 332634527, 3.68, 2.65, 4.40, 717.30995
2017-04-19, 1, wei_ruo, 5.87, 6.30, 3.11, 6.11, 6.11, 6.38, 6.08, 665684.32, 416477745, 4.55, 4.91, 5.43, 792.58394
2017-04-20, 2, qing_du, 5.89, 6.36, 0.95, 6.30, 6.31, 6.45, 6.21, 583207.37, 369338448, 3.98, 3.81, 4.76, 671.978
2017-04-21, 3, zhong_du, 5.90, 6.29, -1.10, 6.36, 6.34, 6.45, 6.27, 340997.1, 216118028, 2.33, 2.83, 2.78, 681.13017
2017-04-24, 3, zhong_du, 5.91, 6.08, -3.34, 6.29, 6.25, 6.27, 6.07, 398227.74, 245118529, 2.72, 3.18, 3.25, 655.99704
2017-04-25, 3, zhong_du, 5.92, 6.34, 4.28, 6.08, 6.08, 6.37, 6.08, 516582.46, 324085544, 3.53, 4.77, 4.21, 604.41899
2017-04-26, 3, zhong_du, 5.93, 6.31, -0.47, 6.34, 6.37, 6.42, 6.29, 370343.58, 234687408, 2.53, 2.05, 3.02, 856.81987
2017-04-27, 3, zhong_du, 5.95, 6.49, 2.85, 6.31, 6.30, 6.53, 6.22, 597322.28, 383605576, 4.08, 4.91, 4.87, 708.0369
2017-04-28, 4, gao_du, 5.96, 6.45, -0.62, 6.49, 6.44, 6.51, 6.38, 340168.72, 218892831, 2.32, 2.00, 2.77, 645.55407
2017-05-02, 4, gao_du, 5.98, 6.38, -1.09, 6.45, 6.47, 6.64, 6.36, 480343.43, 310422403, 3.28, 4.34, 3.92, 629.12297
2017-05-03, 4, gao_du, 5.99, 6.39, 0.16, 6.38, 6.35, 6.43, 6.27, 352221.9, 223255796, 2.41, 2.51, 2.87, 888.91196
2017-05-04, 3, zhong_du, 5.99, 6.24, -2.35, 6.39, 6.37, 6.40, 6.22, 293371.58, 185428683, 2.00, 2.82, 2.39, 541.6019
2017-05-05, 3, zhong_du, 6.00, 6.13, -1.76, 6.24, 6.22, 6.26, 6.08, 307159.78, 189385207, 2.10, 2.88, 2.50, 693.27092
2017-05-11, 2, qing_du, 6.00, 6.07, 0.50, 6.04, 6.01, 6.07, 5.88, 274932.2, 164807121, 1.88, 3.15, 2.24, 566.29801
2017-05-12, 2, qing_du, 6.00, 5.97, -1.65, 6.07, 6.06, 6.09, 5.97, 210075, 126536670, 1.43, 1.98, 1.71, 671.37909
2017-05-15, 2, qing_du, 6.00, 5.97, 0.00, 5.97, 5.99, 6.03, 5.96, 127264.79, 76221909, 0.87, 1.17, 1.04, 694.03315
2017-05-17, 2, qing_du, 6.01, 6.20, 0.00, 6.20, 6.18, 6.30, 6.17, 251683.83, 156740835, 1.72, 2.10, 2.05, 627.04706
2017-05-18, 2, qing_du, 6.01, 6.25, 0.81, 6.20, 6.14, 6.34, 6.11, 272882.76, 170708864, 1.86, 3.71, 2.22, 573.81392
2017-05-19, 3, zhong_du, 6.02, 6.24, -0.16, 6.25, 6.25, 6.31, 6.19, 161461.74, 100724271, 1.10, 1.92, 1.32, 983.30998
2017-05-22, 3, zhong_du, 6.02, 6.15, -1.44, 6.24, 6.26, 6.28, 6.10, 202534.77, 125155236, 1.38, 2.88, 1.65, 590.78407
2017-05-23, 3, zhong_du, 6.02, 5.97, -2.93, 6.15, 6.13, 6.14, 5.96, 200261.86, 121080556, 1.37, 2.93, 1.63, 804.00705
2017-05-24, 3, zhong_du, 6.02, 6.05, 1.34, 5.97, 5.95, 6.06, 5.82, 193257.01, 115320799, 1.32, 4.02, 1.58, 661.16285
2017-05-25, 2, qing_du, 6.02, 6.22, 2.81, 6.05, 6.05, 6.25, 5.94, 279575.93, 170484050, 1.91, 5.12, 2.28, 2647.47095
2017-05-26, 2, qing_du, 6.02, 6.14, -1.29, 6.22, 6.18, 6.25, 6.13, 188079.44, 116297218, 1.28, 1.93, 1.53, 662.79817
2017-05-31, 2, qing_du, 6.02, 6.15, 0.16, 6.14, 6.23, 6.25, 6.14, 184733.91, 114358774, 1.26, 1.79, 1.51, 674.44801
2017-06-01, 2, qing_du, 6.02, 5.96, -3.09, 6.15, 6.14, 6.17, 5.93, 260544.8, 157349790, 1.78, 3.90, 2.12, 1077.08883
2017-06-02, 2, qing_du, 6.02, 6.05, 1.51, 5.96, 5.92, 6.09, 5.91, 190577.74, 114481291, 1.30, 3.02, 1.55, 903.71895
2017-06-05, 1, wei_ruo, 6.02, 6.03, -0.33, 6.05, 6.08, 6.09, 6.01, 150556.22, 91030088, 1.03, 1.32, 1.23, 1218.75811
2017-06-06, 1, wei_ruo, 6.02, 6.04, 0.17, 6.03, 6.01, 6.06, 6.01, 112455.94, 67830625, 0.77, 0.83, 0.92, 35730.49402
2017-06-07, 1, wei_ruo, 6.03, 6.18, 2.32, 6.04, 6.04, 6.20, 6.03, 266042.69, 163449039, 1.82, 2.81, 2.17, 691.91623
2017-06-08, 2, qing_du, 6.03, 6.22, 0.65, 6.18, 6.18, 6.22, 6.15, 205607.55, 127276874, 1.40, 1.13, 1.68, 616.37497
2017-06-09, 2, qing_du, 6.03, 6.23, 0.16, 6.22, 6.21, 6.26, 6.16, 187358.24, 116324721, 1.28, 1.61, 1.53, 852.35
2017-06-12, 2, qing_du, 6.04, 6.33, 1.61, 6.23, 6.22, 6.40, 6.18, 445544.41, 281468394, 3.04, 3.53, 3.63, 513.92698
2017-06-13, 3, zhong_du, 6.04, 6.35, 0.32, 6.33, 6.32, 6.38, 6.28, 253827.27, 160596470, 1.73, 1.58, 2.07, 1396.16895
2017-06-14, 3, zhong_du, 6.05, 6.26, -1.42, 6.35, 6.34, 6.35, 6.26, 204573.93, 128874734, 1.40, 1.42, 1.67, 2611.99498
2017-06-15, 3, zhong_du, 6.06, 6.44, 2.88, 6.26, 6.26, 6.45, 6.26, 364106.73, 232815744, 2.49, 3.04, 2.97, 585.83784
2017-06-16, 3, zhong_du, 6.06, 6.39, -0.78, 6.44, 6.43, 6.45, 6.35, 192166.61, 122664130, 1.31, 1.55, 1.57, 668.31207
2017-06-19, 3, zhong_du, 6.06, 6.41, 0.31, 6.39, 6.36, 6.43, 6.33, 167135.7, 106837847, 1.14, 1.56, 1.36, 761.18517
2017-06-20, 3, zhong_du, 6.07, 6.36, -0.78, 6.41, 6.41, 6.53, 6.34, 275194.88, 176938365, 1.88, 2.96, 2.24, 640.23519
2017-06-21, 3, zhong_du, 6.08, 6.55, 2.99, 6.36, 6.36, 6.57, 6.34, 411794.19, 265890198, 2.81, 3.62, 3.36, 782.9442
2017-06-22, 3, zhong_du, 6.09, 6.37, -2.75, 6.55, 6.52, 6.63, 6.36, 346270.61, 225197271, 2.37, 4.12, 2.82, 608.531
2017-06-23, 4, gao_du, 6.11, 6.70, 5.18, 6.37, 6.37, 6.79, 6.37, 600814.86, 396315423, 4.10, 6.59, 4.90, 1240.02814
2017-06-26, 4, gao_du, 6.15, 6.90, 2.99, 6.70, 6.75, 6.93, 6.66, 667428.56, 455111305, 4.56, 4.03, 5.44, 3676.02396
2017-06-27, 5, qiang_lie, 6.16, 6.87, -0.43, 6.90, 6.84, 6.94, 6.79, 377957.03, 259311671, 2.58, 2.17, 3.08, 541.94903
2017-06-28, 5, qiang_lie, 6.19, 6.94, 1.02, 6.87, 6.87, 7.07, 6.85, 513857.48, 358824781, 3.51, 3.20, 4.19, 773.3748
2017-06-29, 5, qiang_lie, 6.21, 6.97, 0.43, 6.94, 6.94, 7.00, 6.88, 259032.64, 179794084, 1.77, 1.73, 2.11, 3615.71193
2017-06-30, 5, qiang_lie, 6.22, 6.90, -1.00, 6.97, 6.93, 7.04, 6.90, 308187.52, 214275405, 2.11, 2.01, 2.51, 617.86604
2017-07-03, 5, qiang_lie, 6.25, 7.05, 2.17, 6.90, 6.92, 7.09, 6.81, 541487.75, 375548643, 3.70, 4.06, 4.42, 600.52299
2017-07-04, 5, qiang_lie, 6.27, 7.02, -0.43, 7.05, 7.03, 7.17, 6.99, 390192.92, 276170533, 2.67, 2.55, 3.18, 592.52
2017-07-05, 5, qiang_lie, 6.29, 7.07, 0.71, 7.02, 7.03, 7.07, 6.95, 334635.82, 234798310, 2.29, 1.71, 2.73, 659.95812
2017-07-06, 5, qiang_lie, 6.31, 6.91, -2.26, 7.07, 6.98, 7.02, 6.83, 532985.56, 369774376, 3.64, 2.69, 4.35, 2043.42699
2017-07-07, 5, qiang_lie, 6.34, 7.19, 4.05, 6.91, 6.87, 7.21, 6.87, 584674.86, 415041266, 3.99, 4.92, 4.77, 657.10807
2017-07-10, 5, qiang_lie, 6.37, 7.13, -0.83, 7.19, 7.16, 7.33, 7.11, 489186.26, 353141275, 3.34, 3.06, 3.99, 2631.85215
2017-07-11, 5, qiang_lie, 6.39, 7.00, -1.82, 7.13, 7.12, 7.16, 6.96, 376755.61, 266283789, 2.57, 2.81, 3.07, 777.91405
2017-07-12, 5, qiang_lie, 6.40, 7.01, 0.14, 7.00, 7.01, 7.07, 6.81, 345449.39, 239914139, 2.36, 3.71, 2.82, 598.22702
2017-07-13, 5, qiang_lie, 6.41, 6.94, -1.00, 7.01, 6.95, 7.07, 6.89, 322259.32, 225645726, 2.20, 2.57, 2.63, 669.02184
2017-07-14, 5, qiang_lie, --, 7.02, 1.15, 6.94, 6.93, 7.10, 6.92, 286149.41, 201115131, 1.95, 2.59, 2.33, 595.32595
2017-07-17, 5, qiang_lie, --, 6.67, -4.99, 7.02, 7.00, 7.03, 6.60, 423862.45, 289033108, 2.90, 6.13, 3.46, 801.37897
2017-07-18, 5, qiang_lie, 6.44, 6.93, 3.90, 6.67, 6.63, 6.93, 6.62, 286374.05, 194806094, 1.96, 4.65, 2.33, 793.97893
2017-07-19, 5, qiang_lie, --, 7.25, 4.62, 6.93, 6.93, 7.28, 6.92, 640094.76, 457721195, 4.37, 5.19, 5.22, 1120.38016
2017-07-20, 5, qiang_lie, --, 7.26, 0.14, 7.25, 7.23, 7.35, 7.15, 503418.57, 364793514, 3.44, 2.76, 4.10, 460.33788
2017-07-21, 5, qiang_lie, --, 7.36, 1.38, 7.26, 7.34, 7.59, 7.30, 703312.44, 522575709, 4.80, 3.99, 5.73, 495.28503
2017-07-24, 5, qiang_lie, 6.67, 8.00, 8.70, 7.36, 7.50, 8.10, 7.50, 1424531.75, 1124518167, 9.73, 8.15, 11.62, 32536.13305
2017-07-25, 5, qiang_lie, --, 8.29, 3.63, 8.00, 8.00, 8.46, 7.91, 1396905.55, 1142168454, 9.54, 6.88, 11.39, 752.46
2017-07-26, 5, qiang_lie, --, 9.04, 9.05, 8.29, 8.20, 9.12, 8.08, 1602366.3, 1376424683, 10.95, 12.55, 13.07, 2978.15418
2017-07-27, 5, qiang_lie, 7.29, 8.90, -1.55, 9.04, 9.08, 9.60, 8.69, 1873206.49, 1718217864, 12.80, 10.07, 15.27, 811.16581
2017-07-28, 5, qiang_lie, 7.48, 9.34, 4.94, 8.90, 8.88, 9.36, 8.73, 1521884.52, 1375192613, 10.40, 7.08, 12.41, 630.99408
2017-07-31, 5, qiang_lie, 7.70, 9.40, 0.64, 9.34, 9.15, 9.65, 8.95, 1741168.49, 1616163825, 11.89, 7.49, 14.20, 778.92709
2017-08-01, 5, qiang_lie, 7.84, 8.89, -5.43, 9.40, 9.28, 9.59, 8.76, 1455542.71, 1321946350, 9.94, 8.83, 11.87, 652.73094
2017-08-02, 5, qiang_lie, 7.93, 8.80, -1.01, 8.89, 8.89, 9.14, 8.66, 1202941.1, 1063443775, 8.22, 5.40, 9.81, 660.91418
2017-08-03, 5, qiang_lie, 7.98, 8.89, 1.02, 8.80, 8.75, 8.93, 8.68, 876029.17, 771820696, 5.98, 2.84, 7.14, 577.74997
2017-08-04, 5, qiang_lie, 8.07, 9.00, 1.24, 8.89, 8.85, 9.32, 8.70, 1266356.62, 1145674445, 8.65, 6.97, 10.33, 628.20101
2017-08-07, 5, qiang_lie, 8.11, 8.74, -2.89, 9.00, 8.90, 8.95, 8.31, 958742.99, 825253347, 6.55, 7.11, 7.82, 601.24898
2017-08-08, 5, qiang_lie, 8.15, 8.80, 0.69, 8.74, 8.76, 9.10, 8.60, 813915.05, 723196239, 5.56, 5.72, 6.64, 522.34983
2017-08-09, 5, qiang_lie, 8.19, 9.05, 2.84, 8.80, 8.75, 9.05, 8.70, 709466.83, 632003269, 4.85, 3.98, 5.78, 619.52591
2017-08-10, 5, qiang_lie, 8.25, 9.20, 1.66, 9.05, 9.10, 9.34, 9.00, 928435, 852073873, 6.34, 3.76, 7.57, 751.34683
2017-08-11, 5, qiang_lie, 8.26, 8.30, -9.78, 9.20, 9.00, 9.05, 8.28, 767893.45, 667975645, 5.25, 8.37, 6.26, 744.20285
2017-08-14, 5, qiang_lie, 8.27, 8.36, 0.72, 8.30, 8.29, 8.62, 8.21, 586827.16, 494111172, 4.01, 4.94, 4.78, 768.12196
2017-08-15, 5, qiang_lie, 8.29, 8.88, 6.22, 8.36, 8.43, 8.95, 8.40, 648579.78, 562582360, 4.43, 6.58, 5.29, 866.11319
2017-08-16, 5, qiang_lie, 8.32, 8.88, 0.00, 8.88, 8.99, 9.07, 8.61, 678944.33, 599838643, 4.64, 5.18, 5.54, 750.10014
2017-08-17, 5, qiang_lie, 8.34, 9.05, 1.91, 8.88, 8.90, 9.16, 8.77, 603764.81, 542012551, 4.12, 4.39, 4.92, 3711.75504
2017-08-18, 5, qiang_lie, 8.39, 9.12, 0.77, 9.05, 8.87, 9.33, 8.83, 814726.7, 744673564, 5.57, 5.52, 6.64, 862.30993
2017-08-21, 5, qiang_lie, 8.41, 9.11, -0.11, 9.12, 9.04, 9.18, 8.94, 482388.25, 437431663, 3.30, 2.63, 3.93, 832.97205
2017-08-22, 5, qiang_lie, 8.43, 8.84, -2.96, 9.11, 9.10, 9.11, 8.81, 465401.1, 415351249, 3.18, 3.29, 3.79, 691.63203
2017-08-23, 5, qiang_lie, 8.43, 8.68, -1.81, 8.84, 8.83, 9.03, 8.63, 392492.01, 346155149, 2.68, 4.52, 3.20, 747.9558
2017-08-24, 5, qiang_lie, 8.44, 8.58, -1.15, 8.68, 8.67, 8.78, 8.53, 319549.84, 276499870, 2.18, 2.88, 2.61, 697.23582
2017-08-25, 5, qiang_lie, 8.45, 8.74, 1.86, 8.58, 8.60, 8.85, 8.59, 350858.14, 307182519, 2.40, 3.03, 2.86, 755.64003
2017-08-28, 5, qiang_lie, 8.47, 9.10, 4.12, 8.74, 8.75, 9.23, 8.72, 518856.74, 466166720, 3.54, 5.84, 4.23, 893.44311
2017-08-29, 5, qiang_lie, 8.48, 8.99, -1.21, 9.10, 9.11, 9.24, 8.93, 454043.61, 413268419, 3.10, 3.41, 3.70, 688.17997
2017-08-30, 5, qiang_lie, 8.57, 9.74, 8.34, 8.99, 8.99, 9.89, 8.99, 1200346.51, 1147946543, 8.20, 10.01, 9.79, 606.73785
2017-08-31, 5, qiang_lie, 8.66, 9.58, -1.64, 9.74, 9.76, 9.85, 9.51, 480252.56, 463085666, 3.28, 3.49, 7.83, 714.01501
2017-09-01, 5, qiang_lie, 8.75, 9.58, -1.64, 9.74, 9.76, 9.85, 9.51, 480252.56, 463085666, 3.28, 3.49, 7.83, 1206.40397
2017-09-04, 5, qiang_lie, 8.81, 9.58, -1.64, 9.74, 9.76, 9.85, 9.51, 480252.56, 463085666, 3.28, 3.49, 7.83, 658.48994
2017-09-05, 5, qiang_lie, 8.85, 9.84, -1.70, 10.01, 9.95, 10.08, 9.72, 499019.39, 491096861, 3.41, 3.60, 4.07, 562.91199
2017-09-06, 5, qiang_lie, 8.88, 9.58, -1.64, 9.74, 9.76, 9.85, 9.51, 480252.56, 463085666, 3.28, 3.49, 7.83, 663.26094
2017-09-07, 5, qiang_lie, 8.92, 9.58, -1.64, 9.74, 9.76, 9.85, 9.51, 480252.56, 463085666, 3.28, 3.49, 7.83, 735.96215
2017-09-08, 5, qiang_lie, 8.94, 9.62, -0.62, 9.68, 9.65, 9.83, 9.58, 386122.49, 374320846, 2.64, 2.58, 3.15, 639.75906
2017-09-11, 5, qiang_lie, 8.95, 9.58, -1.64, 9.74, 9.76, 9.85, 9.51, 480252.56, 463085666, 3.28, 3.49, 7.83, 716.66098
2017-09-12, 5, qiang_lie, 9.02, 9.99, 2.99, 9.70, 9.87, 10.35, 9.87, 906556, 916917693, 6.19, 4.95, 7.39, 2843.85109
2017-09-13, 5, qiang_lie, 9.08, 10.21, 2.20, 9.99, 10.02, 10.37, 9.98, 660665.21, 674773195, 4.51, 3.90, 5.39, 4617.60211
2017-09-14, 5, qiang_lie, 9.11, 10.18, -0.29, 10.21, 10.19, 10.34, 10.00, 479756.63, 487831375, 3.28, 3.33, 3.91, 628.99899
2017-09-15, 5, qiang_lie, 9.14, 9.70, -4.72, 10.18, 10.13, 10.17, 9.58, 657341.52, 643442047, 4.49, 5.80, 5.36, 941.93697
2017-09-18, 5, qiang_lie, 9.15, 9.78, 0.82, 9.70, 9.60, 9.82, 9.57, 276135.27, 268989379, 1.89, 2.58, 2.25, 674.89314
2017-09-19, 5, qiang_lie, 9.17, 9.67, -1.12, 9.78, 9.82, 9.93, 9.61, 284644.19, 277596193, 1.94, 3.27, 2.32, 778.95308
2017-09-20, 5, qiang_lie, 9.18, 9.89, 2.28, 9.67, 9.71, 9.94, 9.59, 364742.09, 355733773, 2.49, 3.62, 2.97, 923.03395
2017-09-21, 5, qiang_lie, 9.21, 9.79, -1.01, 9.89, 9.89, 10.28, 9.79, 597900.78, 601269752, 4.08, 4.95, 4.88, 679.86798
2017-09-22, 5, qiang_lie, 9.23, 9.79, 0.00, 9.79, 9.70, 9.87, 9.49, 404799.94, 391987672, 2.77, 3.88, 3.30, 672.85895
2017-09-25, 5, qiang_lie, 9.25, 9.93, 1.43, 9.79, 9.75, 10.12, 9.75, 538833.11, 539647945, 3.68, 3.78, 4.39, 1064.50391
2017-09-26, 5, qiang_lie, 9.39, 10.92, 9.97, 9.93, 10.30, 10.92, 10.21, 1425031.6, 1527686243, 9.73, 7.15, 11.62, 598.54102
2017-09-27, 5, qiang_lie, 9.58, 11.49, 5.22, 10.92, 10.99, 11.55, 10.80, 1428321.42, 1600319116, 9.76, 6.87, 11.65, 665.51304
2017-09-28, 5, qiang_lie, 9.67, 11.20, -2.52, 11.49, 11.40, 11.44, 11.15, 784457.53, 884168281, 5.36, 2.52, 6.40, 629.43983
2017-09-29, 5, qiang_lie, 9.73, 11.12, -0.71, 11.20, 11.29, 11.33, 11.01, 662312.02, 736514446, 4.52, 2.86, 5.40, 767.46297
2017-10-10, 5, qiang_lie, 9.84, 11.10, -1.42, 11.26, 11.16, 11.30, 10.97, 490568.99, 543419688, 3.35, 2.93, 4.00, 605.10015
2017-10-12, 5, qiang_lie, 9.90, 10.82, 0.09, 10.81, 10.77, 10.95, 10.67, 340964.47, 368037679, 2.33, 2.59, 2.78, 700.49191
2017-10-13, 5, qiang_lie, 9.92, 10.86, 0.37, 10.82, 10.79, 10.96, 10.70, 316355.66, 342506133, 2.16, 2.40, 2.58, 699.893
2017-10-16, 5, qiang_lie, 9.94, 10.51, -3.22, 10.86, 10.87, 10.87, 10.49, 398679.6, 423464892, 2.72, 3.50, 3.25, 1022.40586
2017-10-17, 5, qiang_lie, 9.97, 10.92, 3.90, 10.51, 10.54, 10.93, 10.52, 413235.97, 445677773, 2.82, 3.90, 3.37, 1015.50698
2017-10-18, 5, qiang_lie, 9.98, 10.58, -3.11, 10.92, 10.84, 10.94, 10.55, 331492.23, 355320141, 2.26, 3.57, 2.70, 655.50208
2017-10-19, 5, qiang_lie, 9.98, 9.87, -6.71, 10.58, 10.46, 10.50, 9.62, 667514.58, 665880928, 4.56, 8.32, 5.44, 2509.13596
2017-10-20, 5, qiang_lie, 9.99, 10.17, 3.04, 9.87, 9.81, 10.18, 9.76, 281644.97, 282193799, 1.92, 4.26, 2.30, 2866.36901
2017-10-23, 4, gao_du, 10.00, 10.55, 3.74, 10.17, 10.16, 10.59, 10.12, 353421.23, 369623858, 2.41, 4.62, 2.88, 932.724
2017-10-24, 4, gao_du, 10.03, 10.82, 2.56, 10.55, 10.47, 11.24, 10.47, 604015.53, 659123338, 4.13, 7.30, 4.92, 840.43288
2017-10-25, 4, gao_du, 10.08, 10.95, 1.20, 10.82, 11.30, 11.40, 10.90, 623711.41, 694382425, 4.26, 4.62, 5.09, 740.59105
2017-10-26, 5, qiang_lie, 10.18, 11.96, 9.22, 10.95, 11.09, 12.01, 11.06, 990685.71, 1149174154, 6.77, 8.68, 8.08, 662.33301
2017-10-27, 5, qiang_lie, 10.25, 11.66, -2.51, 11.96, 11.91, 11.96, 11.59, 625814.68, 734759868, 4.27, 3.09, 5.10, 655.98202
2017-10-30, 5, qiang_lie, 10.30, 11.66, 0.00, 11.66, 11.77, 11.99, 11.38, 524622.75, 615555499, 3.58, 5.23, 4.28, 2832.26991
2017-10-31, 5, qiang_lie, 10.34, 11.56, -0.86, 11.66, 11.63, 11.74, 11.22, 454368.85, 519948395, 3.10, 4.46, 3.70, 467.23485
2017-11-01, 5, qiang_lie, 10.39, 11.75, 1.64, 11.56, 11.50, 11.95, 11.46, 494145.23, 582537202, 3.38, 4.24, 4.03, 815.42087
2017-11-02, 5, qiang_lie, 10.42, 11.41, -2.89, 11.75, 11.79, 11.95, 11.41, 453049.19, 530532373, 3.09, 4.60, 3.69, 840.22307
2017-11-03, 5, qiang_lie, 10.45, 11.49, 0.70, 11.41, 11.37, 11.67, 11.30, 398435.09, 457722400, 2.72, 3.24, 3.25, 815.39702
2017-11-06, 5, qiang_lie, 10.52, 12.15, 5.74, 11.49, 11.55, 12.31, 11.46, 660458.02, 791443226, 4.51, 7.40, 5.39, 60690.34314
2017-11-08, 5, qiang_lie, 10.62, 0.00, 0.00, 12.08, 0.00, 0.00, 0.00, 0, 0, 0.00, 0.00, 0.00, 60780.11513
2017-11-10, 5, qiang_lie, 10.76, 12.93, 2.13, 12.66, 12.69, 13.10, 12.48, 500596.27, 639640916, 3.42, 4.90, 1.03, 775.6021
2017-11-13, 5, qiang_lie, 10.89, 12.79, -1.08, 12.93, 12.03, 12.82, 11.74, 1133650.65, 1388192121, 7.74, 8.35, 2.25, 1243.49308
2017-11-14, 5, qiang_lie, 11.00, 12.68, -0.86, 12.79, 12.58, 13.46, 12.48, 799910.84, 1039050389, 5.46, 7.66, 1.34, 738.6229
2017-11-15, 5, qiang_lie, 11.09, 13.30, 4.89, 12.68, 12.70, 13.32, 12.39, 698985.82, 902990576, 4.77, 7.33, 1.06, 631.08301
2017-11-16, 5, qiang_lie, 11.21, 13.77, 3.53, 13.30, 13.30, 13.93, 13.01, 701927.58, 947537421, 4.79, 6.92, 0.97, 60688.61318
2017-11-17, 5, qiang_lie, 11.37, 13.75, -0.15, 13.77, 13.68, 14.48, 13.60, 866747.36, 1221071580, 5.92, 6.39, 1.13, 638.41891
2017-11-20, 5, qiang_lie, 11.54, 15.00, 9.09, 13.75, 13.71, 15.00, 13.48, 797864.58, 1141575966, 5.45, 11.05, 0.95, 539.28685
2017-11-21, 5, qiang_lie, 11.76, 15.14, 0.93, 15.00, 15.00, 15.33, 14.48, 942483.78, 1402914663, 6.44, 5.67, 1.22, 607.59783
2017-11-22, 5, qiang_lie, 11.91, 14.77, -2.44, 15.14, 15.00, 15.20, 14.45, 716290.89, 1060168073, 4.89, 4.95, 0.89, 700.05989
2017-11-23, 5, qiang_lie, 12.04, 13.90, -5.89, 14.77, 14.56, 14.70, 13.65, 836901.01, 1181541570, 5.72, 7.11, 1.04, 4621.52505
2017-11-24, 5, qiang_lie, 12.11, 13.70, -1.44, 13.90, 13.85, 14.23, 13.46, 586149.69, 813328940, 4.00, 5.54, 0.70, 777.60696
2017-11-27, 5, qiang_lie, 12.18, 13.98, 2.04, 13.70, 13.71, 14.08, 13.21, 600763.32, 823897706, 4.10, 6.35, 0.77, 771.97289
2017-11-28, 5, qiang_lie, 12.31, 14.97, 7.08, 13.98, 13.89, 15.12, 13.80, 827383.15, 1211715904, 5.65, 9.44, 1.12, 696.73586
2017-11-29, 5, qiang_lie, 12.50, 15.55, 3.87, 14.97, 14.91, 15.75, 14.90, 881863.03, 1358610105, 6.02, 5.68, 1.24, 762.46119
2017-11-30, 5, qiang_lie, 12.71, 16.40, 5.47, 15.55, 15.47, 16.58, 15.24, 853176.05, 1367963360, 5.83, 8.62, 1.14, 2589.3569
2017-12-01, 5, qiang_lie, 12.86, 15.95, -2.74, 16.40, 16.45, 16.64, 15.71, 660712.48, 1062926405, 4.51, 5.67, 0.88, 592.81301
2017-12-04, 5, qiang_lie, 13.07, 17.42, 9.22, 15.95, 15.81, 17.42, 15.81, 777929.65, 1309794457, 5.31, 10.09, 1.02, 834.9781
2017-12-05, 5, qiang_lie, 13.28, 15.68, -9.99, 17.42, 16.96, 17.24, 15.68, 939803.56, 1533072613, 6.42, 8.96, 1.17, 929.02422
2017-12-06, 5, qiang_lie, 13.42, 16.12, 2.81, 15.68, 15.47, 16.34, 15.10, 818755.76, 1296059044, 5.59, 7.91, 1.00, 1060.35805
2017-12-07, 5, qiang_lie, 13.58, 15.84, -1.74, 16.12, 15.85, 17.04, 15.79, 851567.21, 1400659357, 5.82, 7.75, 1.05, 580.3721
2017-12-08, 5, qiang_lie, 13.69, 15.67, -1.07, 15.84, 15.84, 16.23, 15.24, 747540.83, 1172598037, 5.11, 6.25, 0.92, 653.97406
2017-12-11, 5, qiang_lie, 13.79, 16.16, 3.13, 15.67, 15.68, 16.24, 15.41, 621802.9, 985698329, 4.25, 5.30, 0.75, 584.98192
2017-12-12, 5, qiang_lie, 13.90, 16.34, 1.11, 16.16, 16.11, 16.86, 16.11, 630599.75, 1037196730, 4.31, 4.64, 0.79, 726.66883
2017-12-13, 5, qiang_lie, 14.02, 16.97, 3.86, 16.34, 16.35, 17.08, 16.19, 607761.05, 1015177426, 4.15, 5.45, 0.83, 595.8271
2017-12-14, 5, qiang_lie, 14.15, 16.87, -0.59, 16.97, 17.17, 17.34, 16.65, 630652.52, 1069091865, 4.31, 4.07, 0.91, 726.30692
2017-12-15, 5, qiang_lie, 14.25, 16.04, -4.92, 16.87, 16.77, 17.05, 15.75, 685264.8, 1112337883, 4.68, 7.71, 1.06, 970.03698
2017-12-18, 5, qiang_lie, 14.29, 14.83, -7.54, 16.04, 16.04, 16.10, 14.66, 640823.79, 979747984, 4.38, 8.98, 1.01, 425.78101
2017-12-19, 5, qiang_lie, 14.33, 15.70, 5.87, 14.83, 15.00, 15.70, 14.90, 607774.82, 936743953, 4.15, 5.39, 0.95, 733.05106
2017-12-20, 5, qiang_lie, 14.37, 15.55, -0.96, 15.70, 15.55, 15.78, 15.10, 470193.15, 728148380, 3.21, 4.33, 0.74, 2942.47508
2017-12-21, 5, qiang_lie, 14.43, 16.25, 4.50, 15.55, 15.62, 16.41, 15.42, 559647.49, 891351858, 3.82, 6.37, 0.92, 1144.99998
2017-12-22, 5, qiang_lie, 14.50, 16.26, 0.06, 16.25, 16.26, 16.70, 16.21, 466961.99, 765242012, 3.19, 3.02, 0.79, 622.3011
2017-12-25, 5, qiang_lie, 14.55, 16.50, 1.48, 16.26, 16.29, 16.52, 16.00, 456665.29, 745268356, 3.12, 3.20, 0.83, 695.467
2017-12-26, 5, qiang_lie, 14.61, 15.77, -4.42, 16.50, 16.51, 16.60, 15.54, 620602.95, 988802067, 4.24, 6.42, 1.21, 527.426
2017-12-27, 5, qiang_lie, 14.65, 15.50, -1.71, 15.77, 15.70, 16.10, 15.39, 438729.31, 689891992, 3.00, 4.50, 0.85, 520.09821
2017-12-29, 5, qiang_lie, 14.70, 16.90, 6.16, 15.92, 15.99, 17.34, 15.98, 757629.4, 1272969342, 5.18, 8.54, 1.55, 621.22393
2018-01-03, 5, qiang_lie, 14.90, 17.15, 1.48, 16.90, 17.13, 17.20, 16.60, 638103.54, 1077804063, 4.36, 3.55, 1.16, 726.76396
2018-01-04, 5, qiang_lie, 15.08, 18.04, 5.19, 17.15, 17.17, 18.48, 16.91, 887199.19, 1583626872, 6.06, 9.15, 1.61, 971.96794
2018-01-05, 5, qiang_lie, 15.17, 17.98, -0.33, 18.04, 17.85, 18.28, 17.81, 468611.05, 843262294, 3.20, 2.61, 0.73, 742.36012
2018-01-08, 5, qiang_lie, 15.33, 18.68, 3.89, 17.98, 17.99, 18.86, 17.81, 682480.45, 1253404796, 4.66, 5.84, 1.06, 648.86904
2018-01-09, 5, qiang_lie, 15.42, 18.37, -1.66, 18.68, 18.50, 18.58, 18.01, 461303.57, 843013030, 3.15, 3.05, 0.67, 667.60898
2018-01-10, 5, qiang_lie, 15.49, 17.98, -2.12, 18.37, 18.26, 18.27, 17.81, 394597.99, 710140772, 2.70, 2.50, 0.63, 2542.86695
2018-01-11, 5, qiang_lie, 15.59, 18.51, 2.95, 17.98, 17.91, 18.88, 17.70, 522358.73, 964061702, 3.57, 6.56, 0.90, 684.09705
2018-01-12, 5, qiang_lie, 15.67, 18.13, -2.05, 18.51, 18.45, 18.70, 17.90, 403101.12, 731339469, 2.75, 4.32, 0.80, 743.06393
2018-01-15, 5, qiang_lie, 15.73, 17.76, -2.04, 18.13, 18.00, 18.48, 17.60, 440299.3, 789762693, 3.01, 4.85, 0.89, 558.30812
2018-01-16, 5, qiang_lie, 15.83, 18.58, 4.62, 17.76, 17.79, 18.64, 17.79, 541583.88, 993034497, 3.70, 4.79, 1.22, 644.69981
2018-01-17, 5, qiang_lie, 15.91, 18.34, -1.29, 18.58, 18.58, 18.66, 17.91, 453619.48, 830921102, 3.10, 4.04, 0.99, 632.1919
2018-01-18, 5, qiang_lie, 16.05, 19.46, 6.11, 18.34, 18.40, 19.46, 18.40, 674142.27, 1286745058, 4.60, 5.78, 1.44, 451.96414
2018-01-19, 5, qiang_lie, 16.14, 19.28, -0.92, 19.46, 19.23, 19.44, 19.06, 394495.88, 759066434, 2.69, 1.95, 0.78, 1109.80392
2018-01-22, 5, qiang_lie, 16.27, 20.16, 4.56, 19.28, 19.44, 20.34, 19.42, 500034.15, 1001870604, 3.42, 4.77, 1.00, 686.26189
2018-01-23, 5, qiang_lie, 16.40, 20.20, 0.20, 20.16, 20.06, 20.66, 19.97, 475477.89, 964315729, 3.25, 3.42, 0.93, 916.55803
2018-01-24, 5, qiang_lie, 16.54, 20.78, 2.87, 20.20, 20.06, 21.14, 20.05, 474656.9, 979717410, 3.24, 5.40, 0.95, 633.63409
2018-01-25, 5, qiang_lie, 16.73, 21.10, 1.54, 20.78, 20.78, 21.58, 20.31, 610635.41, 1286349141, 4.17, 6.11, 1.21, 782.53794
2018-01-26, 5, qiang_lie, 16.87, 20.99, -0.52, 21.10, 21.17, 21.23, 20.17, 507878.77, 1052418612, 3.47, 5.02, 1.03, 630.10192
2018-01-29, 5, qiang_lie, 17.08, 21.32, 1.57, 20.99, 21.70, 22.35, 21.23, 653364.39, 1428439949, 4.46, 5.34, 1.27, 745.31221
2018-01-30, 5, qiang_lie, 17.37, 23.28, 9.19, 21.32, 21.59, 23.38, 21.57, 742671.62, 1679219233, 5.07, 8.49, 1.36, 910.77995
2018-01-31, 5, qiang_lie, 17.73, 22.59, -2.96, 23.28, 23.00, 24.38, 22.05, 942972.59, 2166617186, 6.44, 10.01, 1.58, 709.14698
2018-02-01, 5, qiang_lie, 17.95, 22.88, 1.28, 22.59, 22.88, 23.49, 22.34, 612182.89, 1402925452, 4.18, 5.09, 0.89, 815.37414
2018-02-02, 5, qiang_lie, 18.18, 23.89, 4.41, 22.88, 22.50, 23.99, 21.53, 650898.11, 1497731578, 4.45, 10.75, 0.94, 790.18903
2018-02-05, 5, qiang_lie, 18.45, 24.90, 4.23, 23.89, 23.29, 24.96, 23.16, 648181.87, 1581251144, 4.43, 7.53, 0.90, 917.14311
2018-02-06, 5, qiang_lie, 18.74, 23.44, -5.86, 24.90, 24.40, 25.10, 23.22, 777855.08, 1875228350, 5.31, 7.55, 1.08, 668.80393
2018-02-07, 5, qiang_lie, 19.06, 21.10, -9.98, 23.44, 24.20, 24.88, 21.10, 1272183.16, 2940991708, 8.69, 16.13, 1.75, 717.51499
2018-02-08, 5, qiang_lie, 19.17, 21.00, -0.47, 21.10, 20.62, 21.11, 19.78, 1028494.57, 2099453484, 7.03, 6.30, 0.98, 772.88795
2018-02-09, 5, qiang_lie, 19.17, 18.90, -10.00, 21.00, 19.90, 20.08, 18.90, 608821.98, 1175104013, 4.16, 5.62, 0.52, 872.46299
2018-02-12, 4, gao_du, 19.17, 19.50, 3.17, 18.90, 18.50, 20.00, 17.98, 812573.18, 1544843625, 5.55, 10.69, 0.89, 715.832
2018-02-13, 4, gao_du, 19.24, 20.86, 6.97, 19.50, 19.93, 21.18, 19.65, 772670.29, 1582813650, 5.28, 7.85, 1.06, 642.18688
2018-02-14, 4, gao_du, 19.32, 21.28, 2.01, 20.86, 20.86, 21.65, 20.83, 577215.3, 1225182265, 3.94, 3.93, 0.72, 695.64009
