2015-08-20, 3, zhong_du, 8.88, 8.65, -2.15, 8.84, 8.69, 9.28, 8.52, 399408.35, 358624022, 5.74, 8.60, 1.07, 771.98601
2015-08-21, 3, zhong_du, 8.85, 7.91, -8.55, 8.65, 8.40, 8.60, 7.88, 275837.85, 227515816, 3.97, 8.32, 0.69, 1046.808
2015-08-25, 2, qing_du, 8.74, 6.41, -9.97, 7.12, 6.41, 6.66, 6.41, 213831.81, 137830195, 3.07, 3.51, 0.66, 1223.74892
2015-08-26, 2, qing_du, 8.63, 5.95, -7.18, 6.41, 6.22, 6.74, 5.91, 306556.92, 193909103, 4.41, 12.95, 1.11, 1001.39093
2015-10-29, 5, qiang_lie, 9.02, 10.17, -2.96, 10.48, 10.44, 10.88, 10.00, 806608.13, 838067635, 11.60, 8.40, 1.01, 855.00193
2015-10-30, 5, qiang_lie, 9.11, 9.87, -2.95, 10.17, 10.18, 10.39, 9.68, 651255.29, 654480164, 9.36, 6.98, 0.78, 887.82287
2015-11-02, 4, gao_du, 9.12, 8.96, -9.22, 9.87, 9.52, 9.64, 8.88, 634439.68, 586535982, 9.12, 7.70, 0.74, 1276.39604
2015-11-03, 4, gao_du, 9.11, 9.09, 1.45, 8.96, 9.01, 9.28, 8.78, 369621.14, 336106571, 5.31, 5.58, 0.42, 1173.42305
2015-11-04, 3, zhong_du, 9.14, 9.62, 5.83, 9.09, 9.08, 9.70, 9.03, 476192.8, 448446480, 6.85, 7.37, 0.66, 1224.98488
2015-11-05, 3, zhong_du, 9.16, 9.35, -2.81, 9.62, 9.62, 9.65, 9.25, 509614.81, 480706520, 7.33, 4.16, 0.87, 1436.86104
2015-11-06, 3, zhong_du, 9.17, 9.43, 0.86, 9.35, 9.35, 9.59, 9.35, 387546.94, 366652247, 5.57, 2.57, 0.73, 1147.89104
2015-11-09, 4, gao_du, 9.21, 9.74, 3.29, 9.43, 9.20, 9.87, 9.13, 543597.61, 520792598, 7.82, 7.85, 1.14, 17147.11881
2015-11-10, 4, gao_du, 9.28, 10.16, 4.31, 9.74, 9.58, 10.19, 9.51, 719297.26, 710632167, 10.34, 6.98, 1.57, 384.96017
2015-11-11, 4, gao_du, 9.28, 10.08, -0.79, 10.16, 10.50, 10.65, 9.90, 640519.44, 651769487, 9.21, 7.38, 1.21, 271.35301
2015-11-12, 5, qiang_lie, 9.43, 10.15, 0.69, 10.08, 10.00, 10.31, 9.91, 566405.2, 574358038, 8.14, 3.97, 1.01, 860.2562
2015-11-13, 5, qiang_lie, 9.56, 11.17, 10.05, 10.15, 11.17, 11.17, 11.01, 545234.87, 608895243, 7.84, 1.58, 0.95, 1152.58408
2015-11-16, 5, qiang_lie, 9.85, 11.32, 1.34, 11.17, 11.19, 11.68, 11.03, 1127985.31, 1281096079, 16.22, 5.82, 1.87, 279.459
2015-11-17, 5, qiang_lie, 10.00, 10.85, -4.15, 11.32, 11.43, 11.50, 10.79, 855239.75, 948597985, 12.30, 6.27, 1.19, 1028.04494
2015-11-18, 5, qiang_lie, 10.03, 10.26, -5.44, 10.85, 10.72, 10.80, 10.23, 551874.36, 577925307, 7.93, 5.25, 0.74, 1220.227
2015-11-19, 5, qiang_lie, 10.05, 10.58, 3.12, 10.26, 10.25, 10.65, 10.20, 357102.4, 373230717, 5.13, 4.39, 0.49, 17483.88195
2015-11-20, 5, qiang_lie, 10.08, 10.45, -1.23, 10.58, 10.50, 10.70, 10.30, 332833.67, 347865810, 4.79, 3.78, 0.48, 16497.74003
2015-11-23, 5, qiang_lie, 10.10, 10.42, -0.29, 10.45, 10.45, 10.81, 10.32, 358918.36, 379545212, 5.16, 4.69, 0.56, 32279.24204
2015-11-24, 5, qiang_lie, 10.11, 10.46, 0.38, 10.42, 10.33, 10.48, 10.16, 232720.88, 239175106, 3.35, 3.07, 0.47, 1039.97517
2015-11-25, 5, qiang_lie, 10.13, 10.66, 1.91, 10.46, 10.41, 10.79, 10.32, 390659.48, 413655661, 5.62, 4.49, 1.07, 1387.02893
2015-11-26, 5, qiang_lie, 10.19, 10.72, 0.56, 10.66, 10.59, 11.23, 10.59, 564369.41, 613397186, 8.11, 6.00, 1.69, 1276.52001
2015-11-27, 5, qiang_lie, 10.18, 9.65, -9.98, 10.72, 10.50, 10.62, 9.65, 491175.82, 496355738, 7.06, 9.05, 1.31, 934.13591
2015-11-30, 5, qiang_lie, 10.14, 9.50, -1.55, 9.65, 9.50, 9.75, 8.81, 315891.63, 295362639, 4.54, 9.74, 0.78, 922.79005
2015-12-01, 4, gao_du, 10.11, 9.21, -3.05, 9.50, 9.40, 9.53, 9.21, 211139.24, 197711443, 3.04, 3.37, 0.60, 1201.34687
2015-12-02, 3, zhong_du, 10.10, 9.49, 1.06, 9.39, 9.43, 9.66, 9.20, 206609.8, 196003072, 2.97, 4.90, 0.56, 934.47709
2015-12-03, 3, zhong_du, 10.17, 9.82, 3.04, 9.53, 9.70, 9.98, 9.51, 246134.48, 239381379, 3.54, 4.93, 0.67, 861.08613
2015-12-04, 3, zhong_du, 10.14, 9.51, -3.16, 9.82, 9.67, 9.79, 9.41, 218522.2, 209579940, 3.14, 3.87, 0.72, 943.51506
2015-12-07, 3, zhong_du, 10.12, 9.59, 0.84, 9.51, 9.45, 9.61, 9.45, 147749.11, 140786106, 2.12, 1.68, 0.59, 654.10209
2015-12-08, 3, zhong_du, 10.10, 9.32, -2.82, 9.59, 9.55, 9.72, 9.29, 211961.45, 201657127, 3.05, 4.48, 0.98, 764.27698
2015-12-09, 3, zhong_du, 10.08, 9.45, 1.39, 9.32, 9.18, 9.61, 9.12, 205157.29, 192282407, 2.95, 5.26, 0.97, 2524.91093
2015-12-10, 2, qing_du, 10.06, 9.11, -3.60, 9.45, 9.37, 9.48, 9.07, 189702.85, 175263101, 2.73, 4.34, 0.92, 865.84902
2015-12-11, 2, qing_du, 10.04, 9.14, 0.33, 9.11, 9.10, 9.14, 8.88, 155532.2, 139892353, 2.24, 2.85, 0.80, 1233.73795
2015-12-14, 1, wei_ruo, 10.02, 9.37, 2.52, 9.14, 9.08, 9.39, 8.96, 164200.1, 151155723, 2.36, 4.70, 0.90, 1174.39795
2015-12-15, 1, wei_ruo, 10.00, 9.39, 0.21, 9.37, 9.45, 9.54, 9.32, 167757.54, 157868741, 2.41, 2.35, 0.91, 2725.35706
2015-12-16, 1, wei_ruo, 9.99, 9.31, -0.85, 9.39, 9.42, 9.46, 9.29, 140110.46, 131244244, 2.01, 1.81, 0.79, 1910.44188
2015-12-17, 1, wei_ruo, 9.97, 9.58, 2.90, 9.31, 9.37, 9.69, 9.37, 262355.14, 250693250, 3.77, 3.44, 1.61, 860.5659
2015-12-18, 1, wei_ruo, 9.96, 9.42, -1.67, 9.58, 9.59, 9.64, 9.35, 179371.3, 170068902, 2.58, 3.03, 1.01, 270.5071
2015-12-21, 1, wei_ruo, 9.95, 9.50, 0.85, 9.42, 9.44, 9.55, 9.35, 165006.56, 156222008, 2.37, 2.12, 0.90, 439.33797
2015-12-22, 1, wei_ruo, 9.94, 9.55, 0.53, 9.50, 9.57, 9.61, 9.44, 156182.68, 148684588, 2.25, 1.79, 0.85, 834.25283
2015-12-23, 1, wei_ruo, 9.93, 9.47, -0.84, 9.55, 9.55, 9.66, 9.40, 208497.21, 199494821, 3.00, 2.72, 1.15, 798.21706
2015-12-24, 1, wei_ruo, 9.92, 9.33, -1.48, 9.47, 9.43, 9.51, 9.25, 136881.28, 128203694, 1.97, 2.75, 0.70, 1061.39898
2015-12-25, 1, wei_ruo, 9.90, 9.63, 3.22, 9.33, 9.34, 9.77, 9.33, 304160.19, 293384367, 4.37, 4.72, 1.80, 1072.56794
2015-12-28, 1, wei_ruo, 9.89, 9.33, -3.12, 9.63, 9.65, 9.74, 9.30, 238507.69, 228148032, 3.43, 4.57, 1.23, 2941.61797
2015-12-29, 1, wei_ruo, 9.87, 9.42, 0.96, 9.33, 9.26, 9.46, 9.10, 168091.56, 155935937, 2.42, 3.86, 0.80, 932.52993
2015-12-30, 1, wei_ruo, 9.86, 9.74, 3.40, 9.42, 9.41, 9.89, 9.36, 319175.15, 309219786, 4.59, 5.63, 1.53, 2836.73191
2015-12-31, 1, wei_ruo, 9.86, 9.56, -1.85, 9.74, 9.66, 9.74, 9.55, 185399.11, 178685158, 2.67, 1.95, 0.89, 950.27208
2016-01-04, 1, wei_ruo, 9.83, 8.60, -10.04, 9.56, 9.52, 9.56, 8.60, 173892.2, 156463389, 2.50, 10.04, 1.29, 482.831
2016-01-05, 1, wei_ruo, 9.78, 8.19, -4.77, 8.60, 8.04, 8.59, 7.76, 232341.92, 190150345, 3.34, 9.65, 1.11, 1845.07203
2016-01-06, 1, wei_ruo, 9.74, 8.30, 1.34, 8.19, 8.23, 8.32, 8.10, 168811.78, 138976526, 2.43, 2.69, 0.81, 1007.05194
2016-01-07, 1, wei_ruo, 9.73, 7.47, -10.00, 8.30, 8.18, 8.18, 7.47, 47827, 37206153, 0.69, 8.55, 1.90, 1024.24812
2016-01-08, 1, wei_ruo, 9.73, 7.48, 0.13, 7.47, 7.69, 7.75, 6.90, 191015.06, 142871546, 2.75, 11.38, 0.91, 1039.55913
2016-01-11, 1, wei_ruo, 9.59, 6.73, -10.03, 7.48, 7.30, 7.35, 6.73, 192586.92, 134916175, 2.77, 8.29, 0.92, 994.41218
2016-01-12, 1, wei_ruo, 9.53, 6.81, 1.19, 6.73, 6.73, 6.93, 6.51, 128480.93, 86843276, 1.85, 6.24, 0.62, 904.23703
2016-01-13, 1, wei_ruo, 9.48, 6.48, -4.85, 6.81, 6.82, 6.94, 6.48, 124934.4, 84298218, 1.80, 6.75, 0.60, 905.22909
2016-01-14, 1, wei_ruo, 9.42, 6.71, 3.55, 6.48, 6.20, 6.77, 6.08, 145835.15, 95153757, 2.10, 10.65, 0.70, 684.99303
2016-01-15, 1, wei_ruo, 9.36, 6.35, -5.37, 6.71, 6.70, 6.77, 6.31, 133560.2, 87630830, 1.92, 6.86, 0.64, 941.69211
2016-01-18, 1, wei_ruo, 9.31, 6.51, 2.52, 6.35, 6.18, 6.65, 6.10, 124021.54, 80373054, 1.78, 8.66, 0.59, 1111.20796
2016-01-19, 1, wei_ruo, 9.25, 6.90, 5.99, 6.51, 6.58, 6.94, 6.48, 169769.19, 114139314, 2.44, 7.07, 0.81, 2729.1441
2016-01-20, 1, wei_ruo, 9.20, 6.81, -1.30, 6.90, 6.80, 6.99, 6.70, 147351.68, 101055054, 2.12, 4.20, 0.71, 2719.63096
2016-01-21, 1, wei_ruo, 9.15, 6.52, -4.26, 6.81, 6.56, 6.92, 6.52, 130772.69, 87832136, 1.88, 5.87, 0.63, 1195.02711
2016-01-22, 1, wei_ruo, 9.11, 6.60, 1.23, 6.52, 6.60, 6.65, 6.40, 111450.43, 72892590, 1.60, 3.83, 0.53, 757.31897
2016-01-26, 1, wei_ruo, 8.99, 6.12, -10.00, 6.80, 6.74, 6.77, 6.12, 177509.35, 114177868, 2.55, 9.56, 0.85, 2928.09916
2016-01-27, 1, wei_ruo, 8.92, 6.07, -0.82, 6.12, 6.12, 6.18, 5.56, 151845.89, 89681788, 2.18, 10.13, 0.73, 1806.32305
2016-01-28, 1, wei_ruo, 8.88, 5.65, -6.92, 6.07, 5.96, 6.06, 5.65, 106274.93, 62299384, 1.53, 6.75, 0.51, 3971.19713
2016-01-29, 1, wei_ruo, 8.82, 5.92, 4.78, 5.65, 5.66, 5.99, 5.66, 116108.52, 68225898, 1.67, 5.84, 0.56, 1173.41495
2016-02-01, 1, wei_ruo, 8.78, 5.93, 0.17, 5.92, 5.92, 6.08, 5.80, 106580.59, 63481848, 1.53, 4.73, 0.51, 1175.57716
2016-02-02, 1, wei_ruo, 8.74, 6.13, 3.37, 5.93, 5.98, 6.20, 5.98, 100918.19, 61855276, 1.45, 3.71, 0.48, 939.3208
2016-02-03, 1, wei_ruo, 8.71, 6.18, 0.82, 6.13, 6.13, 6.25, 6.00, 96971.76, 59028669, 1.39, 4.08, 0.46, 1216.74013
2016-02-04, 1, wei_ruo, 8.66, 6.26, 1.29, 6.18, 6.20, 6.35, 6.18, 118128.3, 74017573, 1.70, 2.75, 0.57, 1680.73702
2016-02-05, 1, wei_ruo, 8.64, 6.20, -0.96, 6.26, 6.25, 6.32, 6.20, 77817.82, 48637019, 1.12, 1.92, 0.37, 830.09386
2016-02-15, 1, wei_ruo, 8.61, 6.14, -0.97, 6.20, 5.97, 6.20, 5.81, 69430.8, 42156089, 1.00, 6.29, 0.33, 1233.93202
2016-02-16, 1, wei_ruo, 8.57, 6.43, 4.72, 6.14, 6.23, 6.45, 6.20, 142312.04, 90457583, 2.05, 4.07, 0.68, 899.894
2016-02-17, 1, wei_ruo, 8.52, 6.57, 2.18, 6.43, 6.40, 6.58, 6.36, 162059.36, 105166168, 2.33, 3.42, 0.78, 1069.28921
2016-02-18, 1, wei_ruo, 8.47, 6.49, -1.22, 6.57, 6.63, 6.68, 6.48, 150575.38, 98769455, 2.16, 3.04, 0.72, 1019.79089
2016-02-19, 1, wei_ruo, 8.45, 6.55, 0.92, 6.49, 6.50, 6.65, 6.46, 95637.92, 62789731, 1.37, 2.93, 0.58, 4449.82815
2016-02-22, 1, wei_ruo, 8.44, 7.19, 9.94, 6.54, 6.64, 7.19, 6.59, 254196.49, 176939353, 3.65, 9.17, 1.96, 3188.5941
2016-02-23, 1, wei_ruo, 8.30, 7.26, 0.97, 7.19, 7.41, 7.51, 7.06, 492294.96, 358912328, 7.08, 6.26, 2.96, 1085.47187
2016-02-24, 1, wei_ruo, 8.25, 7.56, 4.13, 7.26, 7.27, 7.68, 7.13, 439816.31, 324093758, 6.32, 7.58, 1.86, 1082.01814
2016-02-25, 1, wei_ruo, 8.17, 6.81, -9.92, 7.56, 7.64, 7.64, 6.80, 497522.02, 360227843, 7.15, 11.11, 1.70, 566.02812
2016-02-26, 1, wei_ruo, 8.12, 6.90, 1.32, 6.81, 6.85, 7.00, 6.70, 253770.07, 174619304, 3.65, 4.41, 0.70, 667.15384
2016-02-29, 1, wei_ruo, 8.07, 6.24, -9.57, 6.90, 6.90, 6.90, 6.21, 217677.62, 138550139, 3.13, 10.00, 0.56, 2962.58307
2016-03-01, 1, wei_ruo, 8.03, 6.46, 3.53, 6.24, 6.30, 6.51, 6.16, 157889.05, 100528142, 2.27, 5.61, 0.42, 715.70992
2016-03-02, 1, wei_ruo, 7.99, 6.83, 5.73, 6.46, 6.41, 6.92, 6.40, 202017.87, 134993684, 2.90, 8.05, 0.64, 883.97503
2016-03-03, 1, wei_ruo, 7.95, 6.96, 1.90, 6.83, 6.84, 7.15, 6.78, 269256.93, 188571525, 3.87, 5.42, 1.01, 574.97406
2016-03-04, 1, wei_ruo, 7.91, 6.68, -4.02, 6.96, 6.90, 7.15, 6.51, 247966.75, 171069749, 3.56, 9.20, 1.13, 851.76587
2016-03-07, 1, wei_ruo, 7.89, 6.88, 2.99, 6.68, 6.78, 6.96, 6.73, 147672.51, 101321399, 2.12, 3.44, 0.67, 1065.9709
2016-03-08, 1, wei_ruo, 7.85, 7.10, 3.20, 6.88, 6.93, 7.17, 6.52, 241767.7, 166319431, 3.48, 9.45, 1.18, 556.42986
2016-03-10, 2, qing_du, 7.81, 6.88, 0.44, 6.85, 6.86, 7.15, 6.84, 179402.49, 125006983, 2.58, 4.53, 0.85, 2072.31092
2016-03-14, 2, qing_du, 7.76, 6.94, 3.12, 6.73, 6.80, 7.13, 6.80, 212876.35, 148432428, 3.06, 4.90, 1.25, 2963.99093
2016-03-15, 2, qing_du, 7.74, 7.00, 0.86, 6.94, 6.94, 7.18, 6.90, 219616.91, 154611451, 3.16, 4.03, 1.20, 722.11194
2016-03-16, 2, qing_du, 7.72, 6.91, -1.29, 7.00, 7.06, 7.09, 6.86, 141962.75, 98873259, 2.04, 3.29, 0.79, 577.62289
2016-03-17, 2, qing_du, 7.70, 7.13, 3.18, 6.91, 6.96, 7.15, 6.90, 231855.21, 163986215, 3.33, 3.62, 1.30, 809.75199
2016-03-18, 3, zhong_du, 7.68, 7.38, 3.51, 7.13, 7.18, 7.44, 7.16, 338934.52, 247535308, 4.87, 3.93, 1.79, 972.69988
2016-03-21, 3, zhong_du, 7.67, 7.50, 1.63, 7.38, 7.48, 7.53, 7.26, 338790.03, 251198951, 4.87, 3.66, 1.48, 2607.1279
2016-03-22, 3, zhong_du, 7.66, 7.34, -2.13, 7.50, 7.40, 7.43, 7.30, 240445.65, 177045960, 3.46, 1.73, 0.95, 2635.36692
2016-03-23, 4, gao_du, 7.66, 7.54, 2.72, 7.34, 7.36, 7.85, 7.31, 347258.53, 261953577, 4.99, 7.36, 1.34, 1604.57706
2016-03-24, 4, gao_du, 7.65, 7.31, -3.05, 7.54, 7.40, 7.67, 7.30, 294268.21, 220121915, 4.23, 4.91, 0.98, 748.62289
2016-03-25, 4, gao_du, 7.64, 7.38, 0.96, 7.31, 7.29, 7.42, 7.25, 139644.37, 102355927, 2.01, 2.33, 0.45, 2691.87188
2016-03-28, 4, gao_du, 7.63, 7.33, -0.68, 7.38, 7.40, 7.50, 7.28, 168006.38, 124491350, 2.42, 2.98, 0.62, 1167.80901
2016-03-29, 3, zhong_du, 7.62, 7.07, -3.55, 7.33, 7.33, 7.37, 7.00, 177853.52, 126702043, 2.56, 5.05, 0.75, 1181.93889
2016-03-30, 3, zhong_du, 7.61, 7.32, 3.54, 7.07, 7.15, 7.33, 7.12, 160201.44, 115629756, 2.30, 2.97, 0.71, 1109.62892
2016-03-31, 3, zhong_du, 7.61, 7.37, 0.68, 7.32, 7.32, 7.49, 7.31, 180755.45, 133554464, 2.60, 2.46, 0.96, 872.31398
2016-04-01, 4, gao_du, 7.60, 7.31, -0.81, 7.37, 7.35, 7.38, 7.10, 148012.76, 107222018, 2.13, 3.80, 0.90, 2607.29289
2016-04-05, 4, gao_du, 7.60, 7.53, 3.01, 7.31, 7.37, 7.54, 7.31, 207339.85, 154527092, 2.98, 3.15, 1.24, 2469.2781
2016-04-06, 4, gao_du, 7.59, 7.58, 0.66, 7.53, 7.49, 7.65, 7.42, 237543.05, 179350990, 3.42, 3.05, 1.36, 2091.24017
2016-04-07, 4, gao_du, 7.59, 7.41, -2.24, 7.58, 7.60, 7.63, 7.40, 212463.45, 159502518, 3.05, 3.03, 1.14, 739.2571
2016-04-08, 5, qiang_lie, 7.58, 7.27, -1.89, 7.41, 7.44, 7.50, 7.15, 192478.83, 141064626, 2.77, 4.72, 0.98, 701.3309
2016-04-11, 4, gao_du, 7.58, 7.43, 2.20, 7.27, 7.31, 7.49, 7.30, 148447.93, 110094563, 2.13, 2.61, 0.74, 2504.32205
2016-04-12, 4, gao_du, 7.58, 7.49, 0.81, 7.43, 7.51, 7.62, 7.34, 194361.06, 145476023, 2.79, 3.77, 0.97, 2452.26598
2016-04-13, 5, qiang_lie, 7.58, 7.55, 0.80, 7.49, 7.65, 7.70, 7.54, 318828.86, 243221211, 4.58, 2.14, 1.62, 2564.76712
2016-04-14, 5, qiang_lie, 7.58, 7.59, 0.53, 7.55, 7.56, 7.62, 7.46, 169724.84, 127915158, 2.44, 2.12, 0.80, 4035.31504
2016-04-15, 5, qiang_lie, 7.58, 7.54, -0.66, 7.59, 7.60, 7.60, 7.47, 121338.54, 91306660, 1.74, 1.71, 0.59, 231.84299
2016-04-18, 5, qiang_lie, 7.58, 7.73, 2.52, 7.54, 7.59, 7.77, 7.52, 362572.81, 277348724, 5.21, 3.32, 1.90, 328.6891
2016-04-19, 5, qiang_lie, 7.58, 7.60, -1.68, 7.73, 7.72, 7.74, 7.54, 233259.77, 177957665, 3.35, 2.59, 1.00, 1440.346
2016-04-20, 5, qiang_lie, 7.57, 7.03, -7.50, 7.60, 7.61, 7.65, 6.92, 308577.32, 223158996, 4.44, 9.61, 1.28, 479.89988
2016-04-21, 5, qiang_lie, 7.55, 6.91, -1.71, 7.03, 7.06, 7.12, 6.89, 153364.21, 107915042, 2.20, 3.27, 0.64, 580.20711
2016-04-22, 3, zhong_du, 7.54, 7.00, 1.30, 6.91, 6.85, 7.00, 6.77, 100966.72, 69759269, 1.45, 3.33, 0.43, 1499.33791
2016-04-25, 3, zhong_du, 7.54, 6.95, -0.71, 7.00, 6.97, 7.04, 6.88, 65284.89, 45428255, 0.94, 2.29, 0.28, 428.84493
2016-04-26, 3, zhong_du, 7.53, 7.07, 1.73, 6.95, 6.95, 7.10, 6.94, 83159.72, 58484783, 1.20, 2.30, 0.48, 8648.08607
2016-04-27, 2, qing_du, 7.52, 7.02, -0.71, 7.07, 7.08, 7.15, 7.00, 98168.31, 69555143, 1.41, 2.12, 0.69, 654.59013
2016-04-28, 2, qing_du, 7.52, 6.94, -1.14, 7.02, 7.06, 7.06, 6.76, 103404, 71154422, 1.49, 4.27, 1.03, 2662.29391
2016-04-29, 2, qing_du, 7.51, 6.87, -1.01, 6.94, 6.88, 6.93, 6.81, 73242.82, 50309955, 1.05, 1.73, 0.81, 705.07312
2016-05-03, 2, qing_du, 7.50, 7.07, 2.91, 6.87, 6.89, 7.08, 6.84, 90475.7, 63351451, 1.30, 3.49, 1.07, 4104.89798
2016-05-04, 2, qing_du, 7.50, 7.06, -0.14, 7.07, 7.00, 7.17, 7.00, 109524.79, 77740222, 1.57, 2.40, 1.22, 407.27806
2016-05-05, 2, qing_du, 7.49, 7.11, 0.71, 7.06, 7.02, 7.11, 7.01, 88524.43, 62508005, 1.27, 1.42, 0.93, 468.41812
2016-05-06, 2, qing_du, 7.48, 6.80, -4.36, 7.11, 7.13, 7.15, 6.80, 143395.14, 99654388, 2.06, 4.92, 1.54, 2604.27094
2016-05-09, 1, wei_ruo, 7.46, 6.40, -5.88, 6.80, 6.74, 6.75, 6.37, 131323.44, 85372108, 1.89, 5.59, 1.30, 816.84899
2016-05-10, 1, wei_ruo, 7.45, 6.40, 0.00, 6.40, 6.44, 6.49, 6.39, 55758.63, 35900725, 0.80, 1.56, 0.49, 3189.31103
2016-05-11, 1, wei_ruo, 7.44, 6.34, -0.94, 6.40, 6.48, 6.50, 6.33, 70237.4, 45233142, 1.01, 2.66, 0.66, 870.51201
2016-05-12, 1, wei_ruo, 7.43, 6.36, 0.32, 6.34, 6.20, 6.38, 6.11, 72684.16, 45501869, 1.04, 4.26, 0.74, 649.20902
2016-05-13, 1, wei_ruo, 7.42, 6.32, -0.63, 6.36, 6.30, 6.48, 6.28, 64645.81, 41188667, 0.93, 3.14, 0.68, 1035.93779
2016-05-16, 1, wei_ruo, 7.41, 6.42, 1.58, 6.32, 6.31, 6.42, 6.21, 78858.05, 49882806, 1.13, 3.32, 1.00, 14520.37907
2016-05-17, 1, wei_ruo, 7.39, 6.42, 0.00, 6.42, 6.39, 6.52, 6.37, 97457.78, 62855095, 1.40, 2.34, 1.42, 490.19909
2016-05-18, 1, wei_ruo, 7.38, 6.20, -3.43, 6.42, 6.38, 6.40, 6.13, 82481.04, 51352813, 1.19, 4.21, 1.07, 2776.13807
2016-05-19, 1, wei_ruo, 7.37, 6.23, 0.48, 6.20, 6.24, 6.32, 6.21, 61576.14, 38609535, 0.89, 1.77, 0.78, 2839.21194
2016-05-20, 1, wei_ruo, 7.35, 6.40, 2.73, 6.23, 6.19, 6.59, 6.10, 123977.53, 79136673, 1.78, 7.87, 1.61, 2450.71101
2016-05-23, 1, wei_ruo, 7.34, 6.43, 0.47, 6.40, 6.37, 6.45, 6.33, 94570.88, 60540306, 1.36, 1.88, 1.06, 2881.66809
2016-05-24, 1, wei_ruo, 7.32, 6.50, 1.09, 6.43, 6.42, 6.59, 6.42, 162465.54, 105773403, 2.34, 2.64, 1.77, 1311.92398
2016-05-25, 1, wei_ruo, 7.31, 6.40, -1.54, 6.50, 6.52, 6.54, 6.38, 94185.69, 60748857, 1.35, 2.46, 1.02, 975.5919
2016-05-26, 1, wei_ruo, 7.30, 6.35, -0.78, 6.40, 6.44, 6.44, 6.18, 80288.29, 50519033, 1.15, 4.06, 0.87, 5215.92999
2016-05-27, 1, wei_ruo, 7.29, 6.33, -0.31, 6.35, 6.37, 6.38, 6.31, 56411.53, 35796562, 0.81, 1.10, 0.61, 2226.56512
2016-05-30, 1, wei_ruo, 7.28, 6.29, -0.63, 6.33, 6.30, 6.37, 6.21, 43019.62, 27045265, 0.62, 2.53, 0.47, 543.04099
2016-05-31, 1, wei_ruo, 7.27, 6.54, 3.97, 6.29, 6.29, 6.55, 6.29, 141746.69, 91747311, 2.04, 4.13, 1.54, 3622.41006
2016-06-01, 1, wei_ruo, 7.25, 6.54, 0.00, 6.54, 6.55, 6.62, 6.53, 121167.46, 79605693, 1.74, 1.38, 1.32, 2062.82997
2016-06-02, 1, wei_ruo, 7.24, 6.69, 2.29, 6.54, 6.52, 6.74, 6.50, 151635.47, 100655231, 2.18, 3.67, 1.65, 3377.22397
2016-06-03, 1, wei_ruo, 7.22, 6.67, -0.30, 6.69, 6.68, 6.78, 6.60, 104532.69, 69813989, 1.50, 2.69, 1.14, 2548.93684
2016-06-06, 1, wei_ruo, 7.22, 6.66, -0.15, 6.67, 6.68, 6.69, 6.61, 80736.55, 53626382, 1.16, 1.20, 0.88, 2410.54606
2016-06-07, 1, wei_ruo, 7.21, 6.85, 2.85, 6.66, 6.65, 6.85, 6.59, 157979.39, 106548228, 2.27, 3.90, 1.72, 3267.18497
2016-06-08, 1, wei_ruo, 7.20, 6.71, -2.04, 6.85, 6.80, 6.83, 6.62, 133373.16, 89520287, 1.92, 3.07, 1.45, 725.564
2016-06-13, 1, wei_ruo, 7.18, 6.47, -3.58, 6.71, 6.62, 6.95, 6.46, 233024.63, 157290145, 3.35, 7.30, 2.53, 1163.05017
2016-06-14, 1, wei_ruo, 7.16, 6.42, -0.77, 6.47, 6.37, 6.54, 6.21, 118285.47, 75599355, 1.70, 5.10, 1.29, 3701.73597
2016-06-15, 1, wei_ruo, 7.15, 7.06, 9.97, 6.42, 6.34, 7.06, 6.32, 201066.75, 138733914, 2.89, 11.53, 2.19, 4680.27806
2016-06-16, 1, wei_ruo, 7.18, 7.28, 3.12, 7.06, 7.38, 7.65, 7.23, 668142.3, 493635504, 9.61, 5.95, 7.26, 2820.23001
2016-06-17, 2, qing_du, 7.24, 7.76, 6.59, 7.28, 7.40, 8.01, 7.24, 868181.52, 669497289, 12.48, 10.58, 9.44, 5632.18904
2016-06-20, 3, zhong_du, 7.26, 7.76, 6.59, 7.28, 7.40, 8.01, 7.24, 868181.52, 669497289, 12.48, 10.58, 9.44, 2865.96394
2016-06-21, 3, zhong_du, 7.27, 7.28, -3.70, 7.56, 7.64, 7.69, 7.20, 381860.92, 284260490, 5.49, 6.48, 4.15, 6330.85299
2016-06-22, 3, zhong_du, 7.28, 7.58, 4.12, 7.28, 7.30, 7.64, 7.28, 373872.15, 279124382, 5.38, 4.95, 4.06, 1481.46701
2016-06-23, 3, zhong_du, 7.29, 7.48, -1.32, 7.58, 7.51, 7.65, 7.34, 314415.65, 234885802, 4.52, 4.09, 3.42, 2985.51202
2016-06-24, 3, zhong_du, 7.29, 7.39, -1.20, 7.48, 7.35, 7.59, 7.02, 324346.57, 239036154, 4.66, 7.62, 3.53, 666.49389
2016-06-27, 3, zhong_du, 7.30, 7.59, 2.71, 7.39, 7.37, 7.59, 7.30, 260988.66, 195860135, 3.75, 3.92, 2.84, 927.11902
2016-06-28, 3, zhong_du, 7.33, 7.77, 2.37, 7.59, 7.58, 7.95, 7.52, 413423.81, 321924771, 5.94, 5.67, 4.49, 777.807
2016-06-30, 3, zhong_du, 7.35, 7.61, -0.65, 7.66, 7.66, 7.75, 7.52, 201594.66, 153877185, 2.90, 3.00, 2.19, 1200.78897
2016-07-01, 3, zhong_du, 7.35, 7.48, -1.71, 7.61, 7.60, 7.72, 7.41, 175631.33, 132793344, 2.53, 4.07, 1.91, 623.08097
2016-07-04, 3, zhong_du, 7.36, 7.68, 2.67, 7.48, 7.41, 7.68, 7.36, 192952.68, 146561472, 2.77, 4.28, 2.10, 2845.04604
2016-07-05, 3, zhong_du, 7.37, 7.67, -0.13, 7.68, 7.68, 7.74, 7.61, 168918.74, 129550073, 2.43, 1.69, 1.84, 2648.86403
2016-07-06, 4, gao_du, 7.37, 7.58, -1.17, 7.67, 7.67, 7.69, 7.50, 183376.19, 138942689, 2.64, 2.48, 1.99, 18592.99898
2016-07-07, 4, gao_du, 7.40, 7.83, 3.30, 7.58, 7.53, 7.94, 7.46, 463027.52, 360374132, 6.66, 6.33, 5.03, 3121.35386
2016-07-08, 4, gao_du, 7.41, 7.60, -2.94, 7.83, 7.79, 7.81, 7.60, 223696.98, 171328288, 3.22, 2.68, 2.43, 3163.37991
2016-07-11, 4, gao_du, 7.41, 7.54, -0.79, 7.60, 7.59, 7.70, 7.50, 203640.66, 154526750, 2.93, 2.63, 2.21, 21988.06715
2016-07-12, 4, gao_du, 7.41, 7.56, 0.27, 7.54, 7.56, 7.61, 7.31, 209748.65, 156438032, 3.02, 3.98, 2.31, 19645.24007
2016-07-13, 4, gao_du, 7.42, 7.58, 0.13, 7.57, 7.56, 7.63, 7.51, 145680.25, 110498486, 2.09, 1.59, 1.58, 21754.47702
2016-07-14, 4, gao_du, 7.42, 7.64, 0.79, 7.58, 7.61, 7.73, 7.56, 193321.16, 148010108, 2.78, 2.24, 2.10, 4385.71191
2016-07-15, 4, gao_du, 7.43, 7.56, -1.05, 7.64, 7.67, 7.68, 7.55, 108810.49, 82663017, 1.56, 1.70, 1.18, 2841.26115
2016-07-18, 4, gao_du, 7.43, 7.47, -1.19, 7.56, 7.58, 7.58, 7.40, 113416.71, 84859071, 1.63, 2.38, 1.23, 1064.7819
2016-07-19, 5, qiang_lie, 7.43, 7.55, 1.07, 7.47, 7.48, 7.55, 7.41, 88404.49, 66113403, 1.27, 1.87, 0.96, 907.83286
2016-07-20, 5, qiang_lie, 7.43, 7.55, 0.00, 7.55, 7.53, 7.63, 7.53, 100181.53, 75987619, 1.44, 1.32, 1.09, 487.49495
2016-07-21, 5, qiang_lie, 7.43, 7.53, -0.26, 7.55, 7.55, 7.64, 7.52, 101602.97, 77094708, 1.46, 1.59, 1.10, 4863.09791
2016-07-22, 5, qiang_lie, 7.43, 7.30, -3.05, 7.53, 7.55, 7.57, 7.30, 155137.4, 114777131, 2.23, 3.59, 1.69, 3818.95018
2016-07-25, 4, gao_du, 7.43, 7.32, 0.27, 7.30, 7.26, 7.35, 7.18, 69508.24, 50644078, 1.00, 2.33, 0.76, 4577.53921
2016-07-26, 4, gao_du, 7.43, 7.43, 1.50, 7.32, 7.32, 7.47, 7.32, 81549.66, 60328782, 1.17, 2.05, 0.89, 768.12291
2016-07-27, 4, gao_du, 7.42, 7.01, -5.65, 7.43, 7.42, 7.45, 6.95, 173730.19, 123697911, 2.50, 6.73, 1.89, 36433.32386
2016-07-28, 4, gao_du, 7.42, 7.05, 0.57, 7.01, 7.02, 7.17, 6.95, 123191.31, 86978587, 1.77, 3.14, 1.34, 2870.46504
2016-07-29, 3, zhong_du, 7.41, 6.93, -1.70, 7.05, 7.02, 7.10, 6.93, 75652.75, 53020865, 1.09, 2.41, 0.82, 14316.66803
2016-08-01, 3, zhong_du, 7.40, 6.70, -3.32, 6.93, 6.92, 6.92, 6.60, 121534.61, 81294070, 1.75, 4.62, 1.32, 6734.02691
2016-08-02, 3, zhong_du, 7.39, 6.75, 0.75, 6.70, 6.70, 6.75, 6.68, 54614.39, 36685334, 0.79, 1.04, 0.59, 14387.6071
2016-08-03, 2, qing_du, 7.39, 6.79, 0.59, 6.75, 6.74, 6.83, 6.70, 56038.09, 38010675, 0.81, 1.93, 0.67, 2663.07592
2016-08-04, 2, qing_du, 7.38, 6.87, 1.18, 6.79, 6.77, 6.92, 6.77, 85798.93, 58890174, 1.23, 2.21, 1.11, 14416.86797
2016-08-05, 1, wei_ruo, 7.36, 6.76, -1.31, 6.85, 6.80, 6.88, 6.76, 63980.44, 43612684, 0.92, 1.75, 0.78, 663.19895
2016-08-08, 1, wei_ruo, 7.35, 6.99, 3.40, 6.76, 6.77, 7.02, 6.77, 88699.07, 61047916, 1.28, 3.70, 1.25, 3093.21284
2016-08-09, 1, wei_ruo, 7.35, 7.09, 1.43, 6.99, 6.99, 7.11, 6.94, 105734.35, 73872969, 1.52, 2.43, 1.51, 4563.86685
2016-08-10, 2, qing_du, 7.34, 7.00, -1.27, 7.09, 7.08, 7.08, 6.99, 78389.92, 55186703, 1.13, 1.27, 0.98, 3448.35305
2016-08-11, 2, qing_du, 7.34, 6.87, -1.86, 7.00, 7.00, 7.00, 6.87, 55724.56, 38607299, 0.80, 1.86, 0.66, 457.70597
2016-08-15, 1, wei_ruo, 7.33, 7.07, 1.73, 6.95, 6.95, 7.10, 6.93, 98589.91, 69548601, 1.42, 2.45, 1.30, 643.84484
2016-08-16, 1, wei_ruo, 7.33, 7.12, 0.56, 7.08, 7.09, 7.16, 7.06, 105151.07, 74819586, 1.51, 1.41, 1.33, 2599.83397
2016-08-17, 2, qing_du, 7.33, 7.11, -0.14, 7.12, 7.15, 7.16, 7.06, 63425.08, 45068177, 0.91, 1.40, 0.81, 14339.24007
2016-08-18, 2, qing_du, 7.32, 7.11, 0.00, 7.11, 7.13, 7.18, 7.07, 80667.91, 57449453, 1.16, 1.55, 1.07, 17545.77899
2016-08-19, 2, qing_du, 7.32, 7.09, -0.28, 7.11, 7.13, 7.13, 7.04, 56660.55, 40116484, 0.81, 1.27, 0.71, 2508.33988
2016-08-22, 2, qing_du, 7.32, 7.07, -0.14, 7.08, 7.08, 7.20, 7.06, 55904.81, 39738984, 0.80, 1.98, 0.69, 3320.94002
2016-08-23, 2, qing_du, 7.32, 6.99, -1.13, 7.07, 7.07, 7.10, 6.94, 91872.26, 64253587, 1.32, 2.26, 1.28, 586.69806
2016-08-24, 1, wei_ruo, 7.31, 7.04, 0.72, 6.99, 7.00, 7.08, 7.00, 59893.27, 42211046, 0.86, 1.14, 0.87, 2820.03689
2016-08-25, 1, wei_ruo, 7.31, 6.95, -1.28, 7.04, 7.01, 7.01, 6.89, 76031.96, 52695655, 1.09, 1.70, 1.11, 1129.38094
2016-08-26, 1, wei_ruo, 7.31, 6.99, 0.58, 6.95, 6.94, 7.06, 6.94, 63817.44, 44685691, 0.92, 1.73, 0.94, 526.85595
2016-08-29, 1, wei_ruo, 7.30, 6.99, 0.00, 6.99, 6.98, 7.03, 6.93, 46143.54, 32265781, 0.66, 1.43, 0.66, 729.68102
2016-08-30, 1, wei_ruo, 7.30, 7.05, 0.86, 6.99, 7.05, 7.14, 7.03, 113721.79, 80716820, 1.63, 1.57, 1.68, 2442.25502
2016-08-31, 1, wei_ruo, 7.30, 6.99, -0.85, 7.05, 7.05, 7.10, 6.97, 23600.33, 16550762, 0.34, 1.84, 1.87, 4703.578
2016-09-01, 1, wei_ruo, 7.29, 6.95, -1.14, 7.03, 7.02, 7.03, 6.95, 62616.25, 43747121, 0.90, 1.14, 0.84, 1193.17603
2016-09-02, 1, wei_ruo, 7.29, 6.95, 0.00, 6.95, 6.94, 7.03, 6.91, 50476.64, 35124738, 0.73, 1.73, 0.68, 5957.74484
2016-09-05, 1, wei_ruo, 7.29, 6.99, -0.85, 7.05, 7.05, 7.10, 6.97, 23600.33, 16550762, 0.34, 1.84, 1.87, 602.91815
2016-09-06, 1, wei_ruo, 7.29, 6.99, -0.85, 7.05, 7.05, 7.10, 6.97, 23600.33, 16550762, 0.34, 1.84, 1.87, 4954.33307
2016-09-07, 1, wei_ruo, 7.29, 6.99, -0.85, 7.05, 7.05, 7.10, 6.97, 23600.33, 16550762, 0.34, 1.84, 1.87, 523.92077
2016-09-08, 1, wei_ruo, 7.29, 7.13, 0.42, 7.10, 7.20, 7.26, 7.10, 123950.95, 89088041, 1.78, 2.25, 1.66, 2565.01508
2016-09-09, 2, qing_du, 7.29, 7.30, 2.38, 7.13, 7.10, 7.60, 7.09, 333840.94, 247293080, 4.80, 7.15, 4.48, 4597.32509
2016-09-12, 2, qing_du, 7.29, 6.90, -5.48, 7.30, 7.09, 7.10, 6.87, 217669.49, 151695065, 3.13, 3.15, 2.92, 738.20806
2016-09-13, 2, qing_du, 7.29, 6.93, 0.43, 6.90, 6.96, 6.98, 6.85, 83615.84, 57781634, 1.20, 1.88, 1.12, 2680.17292
2016-09-14, 1, wei_ruo, 7.29, 6.99, -0.85, 7.05, 7.05, 7.10, 6.97, 23600.33, 16550762, 0.34, 1.84, 1.87, 1173.08593
2016-09-19, 1, wei_ruo, 7.29, 6.92, 0.87, 6.86, 6.87, 6.95, 6.81, 91431.52, 62767491, 1.31, 2.04, 1.24, 780.15685
2016-09-20, 1, wei_ruo, 7.29, 6.85, -0.87, 6.91, 6.90, 6.91, 6.82, 65163.46, 44684035, 0.94, 1.30, 0.87, 513.39507
2016-09-21, 1, wei_ruo, 7.29, 6.86, 0.15, 6.85, 6.82, 6.89, 6.82, 46599.21, 31988495, 0.67, 1.02, 0.62, 2586.91001
2016-09-22, 1, wei_ruo, 7.29, 6.88, 0.29, 6.86, 6.92, 6.92, 6.85, 70504.3, 48575657, 1.01, 1.02, 0.95, 586.27582
2016-09-23, 1, wei_ruo, 7.29, 6.87, -0.15, 6.88, 6.85, 6.91, 6.84, 52580.56, 36173978, 0.76, 1.02, 0.70, 2113.168
2016-09-26, 1, wei_ruo, 7.29, 6.70, -2.47, 6.87, 6.84, 6.88, 6.66, 86542.51, 58661457, 1.24, 3.20, 1.16, 692.91401
2016-09-27, 1, wei_ruo, 7.29, 6.71, 0.15, 6.70, 6.71, 6.72, 6.55, 69518.3, 46276192, 1.00, 2.54, 0.93, 1280.84397
2016-09-28, 1, wei_ruo, 7.29, 6.76, 0.75, 6.71, 6.75, 6.81, 6.68, 61732.57, 41668951, 0.89, 1.94, 0.83, 582.80611
2016-09-29, 1, wei_ruo, 7.29, 6.73, -0.44, 6.76, 6.78, 6.83, 6.71, 46423.2, 31497037, 0.67, 1.78, 0.62, 7330.16586
2016-09-30, 1, wei_ruo, 7.29, 6.76, 0.45, 6.73, 6.73, 6.78, 6.72, 43087.11, 29112317, 0.62, 0.89, 0.58, 676.04303
2016-10-10, 1, wei_ruo, 7.29, 6.89, 1.92, 6.76, 6.82, 6.90, 6.81, 61709.09, 42375371, 0.89, 1.33, 0.83, 622.21289
2016-10-11, 1, wei_ruo, 7.29, 6.91, 0.29, 6.89, 6.91, 6.94, 6.87, 61350.94, 42363650, 0.88, 1.02, 0.82, 849.8652
2016-10-12, 1, wei_ruo, 7.29, 6.92, 0.14, 6.91, 6.90, 6.93, 6.86, 57844.97, 39952115, 0.83, 1.01, 0.78, 413.70988
2016-10-13, 1, wei_ruo, 7.29, 6.91, -0.14, 6.92, 6.94, 6.94, 6.89, 48394.7, 33457110, 0.70, 0.72, 0.65, 3660.00295
2016-10-14, 1, wei_ruo, 7.21, 6.89, -0.29, 6.91, 6.88, 6.91, 6.85, 40367.17, 27769285, 0.58, 0.87, 0.54, 18566.49208
2016-10-17, 1, wei_ruo, 7.21, 6.89, 0.00, 6.89, 6.90, 6.91, 6.87, 24339, 16776299, 0.35, 0.58, 0.65, 4780.36308
2016-10-18, 1, wei_ruo, 7.20, 6.99, 2.34, 6.83, 6.82, 7.08, 6.82, 168629.71, 117742422, 2.42, 3.81, 2.26, 4466.95495
2016-10-19, 1, wei_ruo, 7.20, , , , , , , , , , , , 3523.64898
2016-10-20, 1, wei_ruo, 7.20, 6.99, 0.43, 6.96, 6.94, 7.01, 6.93, 76396.73, 53261828, 1.10, 1.15, 0.76, 579.0801
2016-10-21, 1, wei_ruo, 7.19, 6.93, -0.86, 6.99, 6.99, 7.01, 6.86, 63829.57, 44377898, 0.92, 2.15, 0.60, 9193.72106
2016-10-24, 1, wei_ruo, 7.19, 6.99, 0.87, 6.93, 6.98, 7.01, 6.93, 89849.84, 62727129, 1.29, 1.15, 0.95, 645.73288
2016-10-25, 1, wei_ruo, 7.19, 7.05, 0.86, 6.99, 6.99, 7.12, 6.98, 100029.34, 70664095, 1.44, 2.00, 1.04, 1384.31692
2016-10-26, 1, wei_ruo, 7.19, 7.00, -0.71, 7.05, 7.05, 7.07, 6.98, 74998.27, 52592312, 1.08, 1.28, 0.78, 590.55185
2016-10-27, 1, wei_ruo, 7.18, 7.01, 0.14, 7.00, 7.03, 7.05, 6.97, 54191.43, 37941033, 0.78, 1.14, 0.57, 672.94312
2016-10-28, 1, wei_ruo, 7.18, 6.92, -1.28, 7.01, 7.01, 7.04, 6.91, 64232.25, 44853130, 0.92, 1.85, 0.67, 7152.29702
2016-10-31, 1, wei_ruo, 7.18, 7.01, 1.30, 6.92, 6.92, 7.02, 6.87, 67399.49, 46865467, 0.97, 2.17, 0.70, 533.28514
2016-11-01, 1, wei_ruo, 7.18, 7.05, 0.57, 7.01, 7.01, 7.05, 6.96, 68711.4, 48300539, 0.99, 1.28, 0.72, 518.01395
2016-11-02, 1, wei_ruo, 7.18, 6.96, -1.28, 7.05, 7.04, 7.09, 6.96, 80670.2, 56795716, 1.16, 1.84, 0.85, 470.25204
2016-11-03, 1, wei_ruo, 7.18, 7.03, 0.86, 6.97, 6.95, 7.06, 6.95, 80369.34, 56437563, 1.16, 1.58, 0.84, 595.80588
2016-11-04, 1, wei_ruo, 7.18, 7.10, 1.00, 7.03, 7.22, 7.38, 7.08, 279282.66, 201933054, 4.02, 4.27, 2.93, 703.01104
2016-11-07, 1, wei_ruo, 7.17, 7.05, -0.70, 7.10, 7.04, 7.10, 6.96, 145226.54, 102147471, 2.09, 1.97, 1.51, 667.56487
2016-11-08, 1, wei_ruo, 7.17, 7.10, 0.71, 7.05, 7.07, 7.17, 7.06, 112114.62, 79797296, 1.61, 1.56, 1.18, 440.23585
2016-11-09, 2, qing_du, 7.17, 7.00, -1.27, 7.09, 7.06, 7.11, 6.96, 112013.02, 78830323, 1.61, 2.12, 1.17, 1730.49593
2016-11-10, 2, qing_du, 7.17, 7.11, 1.57, 7.00, 7.04, 7.13, 7.04, 120928.33, 85809350, 1.74, 1.29, 1.28, 668.19501
2016-11-11, 2, qing_du, 7.17, 7.16, 0.56, 7.12, 7.13, 7.17, 7.09, 119144.49, 84888905, 1.71, 1.12, 1.24, 781.72398
2016-11-14, 3, zhong_du, 7.17, 7.20, 0.56, 7.16, 7.11, 7.20, 7.11, 129888.32, 93082988, 1.87, 1.26, 1.36, 504.00901
2016-11-15, 3, zhong_du, 7.17, 7.23, 0.42, 7.20, 7.20, 7.26, 7.17, 110480.25, 79745180, 1.59, 1.25, 1.16, 499.39513
2016-11-16, 3, zhong_du, 7.17, 7.22, 0.28, 7.20, 7.20, 7.26, 7.17, 61811.41, 44620450, 0.89, 1.25, 1.29, 411.129
2016-11-17, 3, zhong_du, 7.17, 7.17, -0.83, 7.23, 7.23, 7.26, 7.16, 57555.25, 41409962, 0.83, 1.38, 1.20, 592.00287
2016-11-18, 3, zhong_du, 7.17, 7.22, 0.28, 7.20, 7.20, 7.26, 7.17, 61811.41, 44620450, 0.89, 1.25, 1.29, 2535.393
2016-11-21, 3, zhong_du, 7.17, 7.13, 0.42, 7.10, 7.08, 7.16, 7.06, 70561.41, 50259400, 1.01, 1.41, 0.74, 334.82981
2016-11-22, 3, zhong_du, 7.17, 7.21, 1.12, 7.13, 7.12, 7.22, 7.10, 109795.67, 78625437, 1.58, 1.68, 1.14, 727.58603
2016-11-23, 3, zhong_du, 7.17, 7.17, -0.55, 7.21, 7.20, 7.23, 7.13, 107809.04, 77605746, 1.55, 1.39, 1.14, 522.68505
2016-11-24, 3, zhong_du, 7.17, 7.16, -0.14, 7.17, 7.16, 7.21, 7.11, 75109.81, 53845569, 1.08, 1.39, 0.78, 565.48119
2016-11-25, 3, zhong_du, 7.17, 7.11, -0.70, 7.16, 7.16, 7.17, 6.98, 116146.85, 82002248, 1.67, 2.65, 1.21, 566.07819
2016-11-28, 3, zhong_du, 7.17, 7.09, -0.28, 7.11, 7.10, 7.14, 7.05, 93474.45, 66403598, 1.34, 1.27, 0.98, 500.38099
2016-11-29, 3, zhong_du, 7.16, 7.08, -0.14, 7.09, 7.08, 7.19, 7.06, 118166.65, 84264125, 1.70, 1.83, 1.23, 357.11718
2016-11-30, 3, zhong_du, 7.16, 7.09, 0.14, 7.08, 7.08, 7.16, 7.06, 96322.3, 68542228, 1.38, 1.41, 1.01, 484.20405
2016-12-01, 3, zhong_du, 7.16, 7.15, 0.70, 7.10, 7.09, 7.15, 7.08, 79277.16, 56473789, 1.14, 0.99, 0.83, 2404.1431
2016-12-05, 2, qing_du, 7.16, 6.83, -1.73, 6.95, 6.91, 6.95, 6.80, 75549.41, 51905560, 1.09, 2.16, 0.79, 719.47885
2016-12-06, 1, wei_ruo, 7.16, 6.93, 1.46, 6.83, 6.88, 7.12, 6.84, 89741.61, 62908173, 1.29, 4.10, 0.93, 727.91791
2016-12-07, 1, wei_ruo, 7.15, 6.99, 0.87, 6.93, 6.89, 7.01, 6.88, 39358.34, 27407116, 0.57, 1.88, 0.41, 467.28897
2016-12-08, 1, wei_ruo, 7.15, 6.90, -1.29, 6.99, 7.00, 7.03, 6.88, 68113.01, 47306742, 0.98, 2.15, 0.71, 480.62491
2016-12-09, 1, wei_ruo, 7.15, 6.87, -0.43, 6.90, 6.91, 6.94, 6.85, 39306.64, 27101960, 0.57, 1.30, 0.41, 578.71509
2016-12-12, 1, wei_ruo, 7.14, 6.62, -3.64, 6.87, 6.87, 6.90, 6.56, 91343.42, 61241974, 1.31, 4.95, 0.95, 602.74601
2016-12-13, 1, wei_ruo, 7.14, 6.71, 1.36, 6.62, 6.62, 6.76, 6.56, 61307.04, 40875113, 0.88, 3.02, 0.64, 817.3089
2016-12-14, 1, wei_ruo, 7.14, 6.65, -0.89, 6.71, 6.68, 6.71, 6.60, 45820.9, 30510605, 0.66, 1.64, 0.48, 654.73008
2017-02-07, 1, wei_ruo, 7.06, 6.98, -0.43, 7.01, 6.97, 7.01, 6.95, 29709.4, 20743723, 0.43, 0.86, 0.67, 421.41914
2017-02-08, 2, qing_du, 7.06, 7.02, 0.14, 7.01, 6.97, 7.03, 6.95, 70290.49, 49191383, 1.01, 1.14, 0.73, 664.72793
2017-02-09, 2, qing_du, 7.06, 7.07, 0.71, 7.02, 7.02, 7.09, 6.99, 108105.59, 76200070, 1.55, 1.42, 1.13, 569.79299
2017-02-10, 3, zhong_du, 7.05, 6.98, -1.27, 7.07, 7.06, 7.09, 6.98, 121438.74, 85441093, 1.75, 1.56, 1.26, 582.60703
2017-02-13, 3, zhong_du, 7.06, 7.11, 1.86, 6.98, 6.99, 7.14, 6.98, 146691.29, 103834675, 2.11, 2.29, 1.53, 4572.62397
2017-02-14, 3, zhong_du, 7.06, 7.06, -0.70, 7.11, 7.09, 7.11, 7.02, 73064.44, 51549694, 1.05, 1.27, 0.76, 609.46584
2017-02-15, 3, zhong_du, 7.05, 6.97, -1.27, 7.06, 7.05, 7.09, 6.95, 89107.45, 62622702, 1.28, 1.98, 0.93, 16193.9919
2017-02-16, 3, zhong_du, 7.05, 7.11, 2.01, 6.97, 6.98, 7.11, 6.94, 121524.91, 85511554, 1.75, 2.44, 1.27, 752.57707
2017-02-17, 3, zhong_du, 7.06, 7.10, -0.14, 7.11, 7.09, 7.34, 7.06, 232827.94, 166975923, 3.35, 3.94, 2.43, 626.24717
2017-02-20, 3, zhong_du, 7.06, 7.17, 0.99, 7.10, 7.07, 7.21, 7.06, 119633.4, 85297278, 1.72, 2.11, 1.25, 628.01909
2017-02-21, 3, zhong_du, 7.06, 7.10, -0.14, 7.11, 7.09, 7.34, 7.06, 232827.94, 166975923, 3.35, 3.94, 2.43, 872.298
2017-02-23, 4, gao_du, 7.08, 7.23, -1.63, 7.35, 7.35, 7.35, 7.15, 174653.91, 126403102, 2.51, 2.72, 1.82, 1681.19097
2017-02-24, 4, gao_du, 7.08, 7.24, 0.14, 7.23, 7.22, 7.24, 7.16, 92742.49, 66821424, 1.33, 1.11, 0.97, 2500.46992
2017-02-27, 4, gao_du, 7.08, 7.13, -1.52, 7.24, 7.24, 7.26, 7.12, 79993.9, 57463098, 1.15, 1.93, 0.83, 1701.17497
2017-02-28, 4, gao_du, 7.08, 7.22, -0.14, 7.23, 7.22, 7.23, 7.18, 21999.25, 15832861, 0.32, 0.69, 1.25, 666.68606
2017-03-01, 3, zhong_du, 7.08, 7.19, 0.42, 7.16, 7.17, 7.25, 7.14, 84630.4, 60933332, 1.22, 1.54, 0.88, 577.32987
2017-03-02, 3, zhong_du, 7.08, 7.04, -2.09, 7.19, 7.19, 7.22, 7.03, 103065.06, 73361586, 1.48, 2.64, 1.07, 859.14898
2017-03-03, 3, zhong_du, 7.08, 7.04, 0.00, 7.04, 7.04, 7.08, 6.97, 57925.63, 40795352, 0.83, 1.56, 0.60, 831.05302
2017-03-06, 3, zhong_du, 7.08, 7.20, 2.27, 7.04, 7.03, 7.22, 7.00, 141953.76, 101486592, 2.04, 3.13, 1.48, 3014.19091
2017-03-07, 3, zhong_du, 7.08, 7.10, -0.56, 7.14, 7.12, 7.16, 7.08, 26968.06, 19171918, 0.39, 1.12, 0.56, 870.76402
2017-03-08, 3, zhong_du, 7.08, 7.08, -0.84, 7.14, 7.12, 7.16, 7.06, 51623.27, 36641700, 0.74, 1.40, 0.54, 946.4159
2017-03-09, 3, zhong_du, 7.08, 7.09, 0.14, 7.08, 7.08, 7.13, 7.05, 61006.75, 43215421, 0.88, 1.13, 0.64, 551.15199
2017-03-10, 3, zhong_du, 7.08, 6.96, -1.83, 7.09, 7.09, 7.12, 6.96, 119522.24, 83818002, 1.72, 2.26, 1.25, 573.45104
2017-03-13, 3, zhong_du, 7.08, 7.01, 0.72, 6.96, 6.94, 7.02, 6.89, 91483.68, 63581873, 1.32, 1.87, 0.95, 626.69206
2017-03-14, 3, zhong_du, 7.08, 6.97, -0.57, 7.01, 7.02, 7.03, 6.95, 40479.4, 28270606, 0.58, 1.14, 0.42, 573.86494
2017-03-15, 3, zhong_du, 7.08, 6.98, 0.14, 6.97, 6.94, 7.01, 6.94, 46140.7, 32181846, 0.66, 1.00, 0.48, 1739.47191
2017-03-16, 3, zhong_du, 7.08, 7.03, 0.72, 6.98, 6.96, 7.07, 6.95, 61587.61, 43242509, 0.89, 1.72, 0.64, 4599.16782
2017-03-17, 3, zhong_du, 7.08, 6.98, -0.71, 7.03, 7.04, 7.07, 6.97, 92925.92, 65304662, 1.34, 1.42, 0.97, 524.67203
2017-03-20, 3, zhong_du, 7.08, 6.97, -0.14, 6.98, 6.98, 7.01, 6.92, 69002.78, 48027941, 0.99, 1.29, 0.72, 609.07817
2017-03-21, 2, qing_du, 7.08, 7.01, 0.57, 6.97, 6.97, 7.05, 6.95, 67659.52, 47438368, 0.97, 1.43, 0.70, 593.6811
2017-03-22, 2, qing_du, 7.08, 7.06, 0.71, 7.01, 7.09, 7.14, 6.95, 195886.5, 138309778, 2.82, 2.71, 2.04, 536.7651
2017-03-23, 2, qing_du, 7.08, 6.98, -1.13, 7.06, 7.01, 7.04, 6.90, 92611.71, 64759686, 1.33, 1.98, 0.96, 610.84294
2017-03-24, 2, qing_du, 7.07, 6.97, -0.14, 6.98, 6.94, 7.00, 6.94, 65470.86, 45573762, 0.94, 0.86, 0.68, 622.1869
2017-03-27, 1, wei_ruo, 7.07, 6.96, -0.14, 6.97, 6.99, 7.00, 6.95, 58647.91, 40882783, 0.84, 0.72, 0.61, 580.14107
2017-03-28, 1, wei_ruo, 7.07, 7.02, 0.86, 6.96, 6.98, 7.09, 6.94, 98140.64, 68735652, 1.41, 2.16, 1.02, 621.82784
2017-03-29, 1, wei_ruo, 7.07, 6.87, -2.14, 7.02, 7.01, 7.04, 6.87, 108093.75, 74942385, 1.55, 2.42, 1.13, 626.03402
2017-03-30, 1, wei_ruo, 7.07, 6.71, -2.33, 6.87, 6.87, 6.91, 6.68, 107060.55, 72343064, 1.54, 3.35, 1.12, 759.52792
2017-03-31, 1, wei_ruo, 7.06, 6.76, 0.75, 6.71, 6.71, 6.78, 6.70, 47737.74, 32147703, 0.69, 1.19, 0.50, 557.38616
2017-04-05, 1, wei_ruo, 7.06, 6.86, 1.48, 6.76, 6.76, 6.89, 6.76, 72878.71, 49846989, 1.05, 1.92, 0.76, 629.54712
2017-04-06, 1, wei_ruo, 7.06, 6.84, -0.29, 6.86, 6.86, 6.88, 6.80, 75948.14, 51849030, 1.09, 1.17, 0.79, 611.36484
2017-04-07, 1, wei_ruo, 7.06, 6.82, -0.29, 6.84, 6.82, 6.85, 6.80, 65239.78, 44477786, 0.94, 0.73, 0.68, 596.85111
2017-04-10, 1, wei_ruo, 7.05, 6.78, -0.59, 6.82, 6.82, 6.87, 6.76, 58537.88, 39886713, 0.84, 1.61, 0.61, 607.24616
2017-04-11, 1, wei_ruo, 7.05, 6.84, 0.88, 6.78, 6.76, 6.85, 6.74, 73469.66, 49951751, 1.06, 1.62, 0.77, 636.69705
2017-04-12, 1, wei_ruo, 7.05, 6.75, -1.32, 6.84, 6.82, 6.84, 6.71, 74164.31, 50288160, 1.07, 1.90, 0.77, 894.63997
2017-04-13, 1, wei_ruo, 7.05, 6.74, -0.15, 6.75, 6.70, 6.79, 6.66, 59084.1, 39821937, 0.85, 1.93, 0.62, 636.55281
2017-04-14, 1, wei_ruo, 7.04, 6.60, -2.08, 6.74, 6.74, 6.74, 6.58, 76030.25, 50493194, 1.09, 2.37, 0.79, 628.62206
2017-04-17, 1, wei_ruo, 7.04, 6.46, -2.12, 6.60, 6.61, 6.61, 6.42, 64915, 42277469, 0.93, 2.88, 0.68, 1597.84985
2017-04-18, 1, wei_ruo, 7.03, 6.41, -0.77, 6.46, 6.50, 6.55, 6.40, 46190.86, 29954061, 0.66, 2.32, 0.48, 650.47598
2017-04-19, 1, wei_ruo, 7.02, 6.28, -2.03, 6.41, 6.39, 6.40, 6.15, 78072.74, 48878657, 1.12, 3.90, 0.81, 629.37403
2017-04-20, 1, wei_ruo, 7.02, 6.22, -0.96, 6.28, 6.32, 6.32, 6.19, 61391.11, 38388230, 0.88, 2.07, 0.64, 708.76098
2017-04-21, 1, wei_ruo, 7.01, 6.13, -1.45, 6.22, 6.28, 6.28, 6.09, 56845.16, 35093652, 0.82, 3.05, 0.59, 553.84398
2017-04-24, 1, wei_ruo, 7.00, 5.94, -3.10, 6.13, 6.12, 6.17, 5.92, 58388.38, 35117287, 0.84, 4.08, 0.61, 631.93583
2017-04-25, 1, wei_ruo, 7.00, 5.96, 0.34, 5.94, 5.94, 6.03, 5.93, 44091.93, 26353666, 0.63, 1.68, 0.46, 644.31906
2017-04-26, 1, wei_ruo, 6.99, 5.93, -0.50, 5.96, 6.00, 6.00, 5.92, 25762.68, 15339679, 0.37, 1.34, 0.27, 819.11898
2017-04-27, 1, wei_ruo, 6.98, 5.88, -0.84, 5.93, 5.92, 5.92, 5.60, 78565.97, 45393339, 1.13, 5.40, 0.82, 644.22989
2017-04-28, 1, wei_ruo, 6.97, 5.96, 1.36, 5.88, 5.82, 5.98, 5.82, 47689.33, 28243984, 0.69, 2.72, 0.50, 649.70493
2017-05-02, 1, wei_ruo, 6.97, 5.97, 0.17, 5.96, 6.01, 6.06, 5.95, 29237.38, 17543714, 0.42, 1.85, 0.30, 677.15001
2017-05-03, 1, wei_ruo, 6.96, 5.89, -1.34, 5.97, 5.94, 5.97, 5.80, 48543.38, 28600033, 0.70, 2.85, 0.51, 2754.83894
2017-05-04, 1, wei_ruo, 6.95, 5.85, -0.68, 5.89, 5.91, 5.91, 5.80, 32848.85, 19247497, 0.47, 1.87, 0.34, 579.90789
2017-05-05, 1, wei_ruo, 6.95, 5.69, -2.74, 5.85, 5.82, 5.84, 5.68, 43741.71, 25163150, 0.63, 2.74, 0.46, 632.38311
2017-05-11, 1, wei_ruo, 6.91, 5.29, -2.04, 5.40, 5.40, 5.42, 5.10, 72593.36, 38191922, 1.04, 5.93, 0.76, 727.736
2017-05-12, 1, wei_ruo, 6.90, 5.24, -0.95, 5.29, 5.32, 5.32, 5.18, 32561.66, 17056328, 0.47, 2.65, 0.34, 590.01279
2017-05-15, 1, wei_ruo, 6.89, 5.17, -1.34, 5.24, 5.26, 5.29, 5.15, 35697.15, 18642367, 0.51, 2.67, 0.37, 595.93987
2017-05-17, 1, wei_ruo, 6.86, 5.35, 0.94, 5.30, 5.30, 5.40, 5.25, 59630.5, 31952330, 0.86, 2.83, 0.62, 586.32278
2017-05-18, 1, wei_ruo, 6.85, 5.33, -0.37, 5.35, 5.29, 5.40, 5.27, 32711.79, 17536255, 0.47, 2.43, 0.34, 736.78994
2017-05-19, 1, wei_ruo, 6.85, 5.33, 0.00, 5.33, 5.34, 5.35, 5.29, 29048.42, 15452307, 0.42, 1.13, 0.30, 2675.12298
2017-05-22, 1, wei_ruo, 6.84, 5.18, -2.81, 5.33, 5.30, 5.34, 5.13, 44458.36, 23162418, 0.64, 3.94, 0.46, 659.15489
2017-05-23, 1, wei_ruo, 6.82, 5.03, -2.90, 5.18, 5.21, 5.29, 5.00, 54528.43, 27961114, 0.78, 5.60, 0.57, 824.33009
2017-05-24, 1, wei_ruo, 6.81, 5.05, 0.40, 5.03, 5.00, 5.09, 4.91, 44812.35, 22435260, 0.64, 3.58, 0.47, 618.76893
2017-05-25, 1, wei_ruo, 6.80, 5.12, 1.39, 5.05, 5.06, 5.19, 5.00, 52619.12, 26853940, 0.76, 3.76, 0.55, 631.65116
2017-05-26, 1, wei_ruo, 6.79, 5.08, -0.78, 5.12, 5.15, 5.16, 5.08, 32832.03, 16780924, 0.47, 1.56, 0.34, 671.35787
2017-05-31, 1, wei_ruo, 6.78, 5.10, 0.39, 5.08, 5.15, 5.17, 5.10, 32841.9, 16874780, 0.47, 1.38, 0.34, 641.92295
2017-06-01, 1, wei_ruo, 6.77, 5.02, -1.57, 5.10, 5.08, 5.11, 4.98, 36197.83, 18280357, 0.52, 2.55, 0.38, 622.49994
2017-06-02, 1, wei_ruo, 6.76, 5.08, 1.20, 5.02, 5.01, 5.09, 4.95, 39749.27, 20005106, 0.57, 2.79, 0.41, 606.63295
2017-06-05, 1, wei_ruo, 6.76, 5.11, 0.59, 5.08, 5.08, 5.14, 5.08, 28127.6, 14359468, 0.40, 1.18, 0.29, 2612.68497
2017-06-06, 1, wei_ruo, 6.75, 5.15, 0.78, 5.11, 5.11, 5.17, 5.09, 30469.93, 15664434, 0.44, 1.57, 0.32, 30695.14298
2017-06-07, 1, wei_ruo, 6.74, 5.25, 1.94, 5.15, 5.15, 5.27, 5.12, 52026.17, 27154643, 0.75, 2.91, 0.54, 638.70382
2017-06-08, 1, wei_ruo, 6.73, 5.24, -0.19, 5.25, 5.25, 5.28, 5.21, 44524.2, 23373553, 0.64, 1.33, 0.46, 589.2539
2017-06-09, 1, wei_ruo, 6.72, 5.27, 0.57, 5.24, 5.23, 5.28, 5.18, 34358.09, 17947510, 0.49, 1.91, 0.36, 807.57403
2017-06-12, 1, wei_ruo, 6.71, 5.15, -2.28, 5.27, 5.25, 5.25, 5.14, 29675.7, 15391292, 0.43, 2.09, 0.31, 632.04098
2017-06-13, 1, wei_ruo, 6.71, 5.25, 1.94, 5.15, 5.15, 5.30, 5.13, 42601.86, 22332530, 0.61, 3.30, 0.44, 643.65816
2017-06-14, 1, wei_ruo, 6.67, 5.40, 2.86, 5.25, 5.28, 5.70, 5.25, 169992.93, 93007374, 2.44, 8.57, 1.77, 630.00393
2017-06-15, 1, wei_ruo, 6.66, 5.40, 0.00, 5.40, 5.36, 5.43, 5.32, 78857.27, 42404281, 1.13, 2.04, 0.82, 608.94012
2017-06-16, 1, wei_ruo, 6.65, 5.34, -1.11, 5.40, 5.37, 5.42, 5.32, 48712.95, 26102444, 0.70, 1.85, 0.51, 1495.22305
2017-06-19, 1, wei_ruo, 6.65, 5.36, 0.37, 5.34, 5.35, 5.38, 5.32, 29175.4, 15604651, 0.42, 1.12, 0.30, 780.13802
2017-06-20, 1, wei_ruo, 6.64, 5.36, 0.00, 5.36, 5.38, 5.41, 5.35, 36434.22, 19591526, 0.52, 1.12, 0.38, 583.2479
2017-06-21, 1, wei_ruo, 6.63, 5.35, -0.19, 5.36, 5.36, 5.39, 5.30, 33058.36, 17648671, 0.48, 1.68, 0.34, 790.66801
2017-06-22, 1, wei_ruo, 6.62, 5.25, -1.87, 5.35, 5.34, 5.37, 5.25, 43102, 22953337, 0.62, 2.24, 0.45, 656.50702
2017-06-23, 1, wei_ruo, 6.62, 5.24, -0.19, 5.25, 5.24, 5.28, 5.14, 38892.43, 20264407, 0.56, 2.67, 0.41, 771.39115
2017-06-26, 1, wei_ruo, 6.61, 5.33, 1.72, 5.24, 5.25, 5.33, 5.25, 34254.35, 18151271, 0.49, 1.53, 0.36, 3923.25616
2017-06-27, 1, wei_ruo, 6.60, 5.33, 0.00, 5.33, 5.34, 5.41, 5.29, 57086.24, 30574386, 0.82, 2.25, 0.59, 664.747
2017-06-28, 1, wei_ruo, 6.59, 5.32, -0.19, 5.33, 5.32, 5.36, 5.30, 26517.8, 14130045, 0.38, 1.13, 0.28, 798.95711
2017-06-29, 1, wei_ruo, 6.59, 5.34, 0.38, 5.32, 5.31, 5.36, 5.30, 30537.92, 16297803, 0.44, 1.13, 0.32, 6637.07495
2017-06-30, 1, wei_ruo, 6.58, 5.32, -0.37, 5.34, 5.32, 5.37, 5.27, 30941.18, 16446876, 0.44, 1.87, 0.32, 594.90299
2017-07-03, 1, wei_ruo, 6.58, 5.37, 0.94, 5.32, 5.32, 5.37, 5.30, 36521, 19489344, 0.53, 1.32, 0.38, 2263.55505
2017-07-04, 1, wei_ruo, 6.57, 5.36, -0.19, 5.37, 5.37, 5.38, 5.33, 20599, 11029378, 0.30, 0.93, 0.21, 2621.15788
2017-07-05, 1, wei_ruo, 6.57, 5.39, 0.56, 5.36, 5.35, 5.40, 5.32, 40412.05, 21689337, 0.58, 1.49, 0.42, 684.67093
2017-07-06, 2, qing_du, 6.56, 5.39, 0.00, 5.39, 5.38, 5.44, 5.35, 54830.51, 29601534, 0.79, 1.67, 0.57, 891.31117
2017-07-07, 2, qing_du, 6.55, 5.41, 0.37, 5.39, 5.36, 5.42, 5.35, 46658.05, 25117652, 0.67, 1.30, 0.49, 595.30687
2017-07-10, 2, qing_du, 6.54, 5.39, -0.37, 5.41, 5.41, 5.43, 5.37, 39136.21, 21131107, 0.56, 1.11, 0.41, 594.61308
2017-07-11, 2, qing_du, 6.54, 5.33, -1.11, 5.39, 5.38, 5.40, 5.31, 43621.47, 23389616, 0.63, 1.67, 0.45, 1724.32208
2017-07-12, 2, qing_du, 6.52, 5.19, -2.63, 5.33, 5.31, 5.33, 5.14, 77004.58, 40113774, 1.11, 3.56, 0.80, 4630.92899
2017-07-13, 1, wei_ruo, 6.51, 5.21, 0.39, 5.19, 5.18, 5.24, 5.17, 35440.13, 18426258, 0.51, 1.35, 0.37, 2722.05901
2017-07-14, 1, wei_ruo, --, 5.16, -0.96, 5.21, 5.21, 5.23, 5.14, 40804.32, 21078141, 0.59, 1.73, 0.43, 635.03313
2017-07-17, 1, wei_ruo, --, 4.74, -8.14, 5.16, 5.11, 5.13, 4.70, 89603.01, 44204201, 1.29, 8.33, 0.93, 746.62018
2017-07-18, 1, wei_ruo, 6.47, 4.75, 0.21, 4.74, 4.69, 4.76, 4.63, 67613.86, 31773387, 0.97, 2.74, 0.70, 2540.78102
2017-07-19, 1, wei_ruo, --, 4.81, 1.26, 4.75, 4.75, 4.83, 4.70, 50879.01, 24283968, 0.73, 2.74, 0.53, 622.31588
2017-07-20, 1, wei_ruo, --, 4.89, 1.66, 4.81, 4.80, 4.98, 4.78, 65404.49, 32031320, 0.94, 4.16, 0.68, 551.55182
2017-07-21, 1, wei_ruo, --, 4.91, 0.41, 4.89, 4.90, 4.94, 4.86, 26743.61, 13146303, 0.38, 1.64, 0.28, 638.273
2017-07-24, 1, wei_ruo, 6.43, 4.99, 1.63, 4.91, 4.95, 5.01, 4.95, 40463, 20165921, 0.58, 1.22, 0.42, 574.12601
2017-07-25, 1, wei_ruo, --, 4.94, -1.00, 4.99, 4.99, 5.00, 4.90, 27832.54, 13739909, 0.40, 2.00, 0.29, 816.33115
2017-07-26, 1, wei_ruo, --, 4.90, -0.81, 4.94, 4.94, 4.95, 4.88, 24375.24, 11950661, 0.35, 1.42, 0.25, 754.68898
2017-07-27, 1, wei_ruo, 6.41, 5.00, 2.04, 4.90, 4.92, 5.01, 4.89, 44572.27, 22195192, 0.64, 2.45, 0.46, 735.61311
2017-07-28, 1, wei_ruo, 6.40, 4.99, -0.20, 5.00, 4.99, 5.04, 4.97, 24089.09, 12030433, 0.35, 1.40, 0.25, 597.79
2017-07-31, 1, wei_ruo, 6.40, 5.01, 0.40, 4.99, 4.99, 5.05, 4.98, 31062.53, 15554150, 0.45, 1.40, 0.32, 740.71884
2017-08-01, 1, wei_ruo, 6.38, 5.08, 1.40, 5.01, 5.02, 5.16, 4.94, 60585.1, 30540861, 0.87, 4.39, 0.63, 715.43312
2017-08-02, 1, wei_ruo, 6.37, 5.00, -1.57, 5.08, 5.07, 5.07, 4.99, 43542.4, 21860514, 0.63, 1.57, 0.45, 2946.90609
2017-08-03, 1, wei_ruo, 6.37, 5.01, 0.20, 5.00, 5.00, 5.03, 4.98, 28339.96, 14180014, 0.41, 1.00, 0.30, 821.82407
2017-08-04, 1, wei_ruo, 6.36, 4.96, -1.00, 5.01, 4.99, 5.01, 4.93, 56352.24, 27963336, 0.81, 1.60, 0.59, 783.05221
2017-08-07, 1, wei_ruo, 6.35, 4.99, 0.60, 4.96, 4.96, 5.02, 4.94, 35982.3, 17958070, 0.52, 1.61, 0.37, 764.69088
2017-08-08, 1, wei_ruo, 6.34, 5.03, 0.80, 4.99, 4.99, 5.04, 4.97, 40899.3, 20465167, 0.59, 1.40, 0.43, 619.95006
2017-08-09, 1, wei_ruo, 6.34, 5.01, -0.40, 5.03, 5.03, 5.03, 4.97, 37487.72, 18733425, 0.54, 1.19, 0.39, 1119.52806
2017-08-10, 1, wei_ruo, 6.33, 4.92, -1.80, 5.01, 4.99, 5.00, 4.89, 40769.75, 20142613, 0.59, 2.20, 0.42, 687.74486
2017-08-11, 1, wei_ruo, 6.32, 4.82, -2.03, 4.92, 4.92, 4.92, 4.82, 31319.12, 15272997, 0.45, 2.03, 0.33, 740.89003
2017-08-14, 1, wei_ruo, 6.31, 4.90, 1.66, 4.82, 4.82, 4.91, 4.82, 30591.65, 14914195, 0.44, 1.87, 0.32, 820.24789
2017-08-15, 1, wei_ruo, 6.31, 4.89, -0.20, 4.90, 4.92, 4.92, 4.86, 24790.39, 12113969, 0.36, 1.22, 0.26, 806.82492
2017-08-16, 1, wei_ruo, 6.30, 4.96, 1.43, 4.89, 4.90, 4.98, 4.89, 45819, 22682952, 0.66, 1.84, 0.48, 737.60605
2017-08-17, 1, wei_ruo, 6.29, 5.01, 1.01, 4.96, 4.95, 5.02, 4.93, 46077.85, 22933620, 0.66, 1.81, 0.48, 12507.43604
2017-08-18, 1, wei_ruo, 6.29, 5.00, -0.20, 5.01, 4.98, 5.02, 4.94, 33827.86, 16876550, 0.49, 1.60, 0.35, 2690.7599
2017-08-21, 1, wei_ruo, 6.28, 5.05, 1.00, 5.00, 5.00, 5.05, 4.98, 42208, 21202573, 0.61, 1.40, 0.44, 769.99402
2017-08-22, 1, wei_ruo, 6.27, 5.00, -0.99, 5.05, 5.05, 5.05, 4.97, 33443.76, 16741883, 0.48, 1.58, 0.35, 2674.14999
2017-08-23, 1, wei_ruo, 6.26, 5.03, 0.60, 5.00, 5.02, 5.09, 4.98, 56661.42, 28534162, 0.81, 2.20, 0.59, 739.8181
2017-08-24, 1, wei_ruo, 6.26, 4.96, -1.39, 5.03, 5.02, 5.06, 4.96, 29164.02, 14545895, 0.42, 1.99, 0.30, 645.78795
2017-08-25, 1, wei_ruo, 6.25, 5.01, 1.01, 4.96, 4.97, 5.03, 4.95, 38189.26, 19112392, 0.55, 1.61, 0.40, 895.91098
2017-08-28, 1, wei_ruo, 6.24, 5.06, 1.00, 5.01, 5.05, 5.08, 5.03, 51547.29, 26041290, 0.74, 1.00, 0.54, 830.48916
2017-08-29, 2, qing_du, 6.23, 5.06, 0.00, 5.06, 5.06, 5.08, 5.04, 37186.37, 18822192, 0.53, 0.79, 0.39, 648.23103
2017-08-30, 2, qing_du, 6.22, 5.12, 1.19, 5.06, 5.06, 5.17, 5.06, 81093.72, 41522503, 1.17, 2.17, 0.84, 742.35606
2017-08-31, 3, zhong_du, 6.21, 5.12, 0.00, 5.12, 5.12, 5.14, 5.10, 25034, 12795700, 0.36, 0.78, 0.52, 725.01779
2017-09-01, 3, zhong_du, 6.21, 5.16, 0.58, 5.13, 5.12, 5.18, 5.10, 52931.3, 27238507, 0.76, 1.56, 0.55, 2661.41081
2017-09-04, 4, gao_du, 6.20, 5.21, 0.97, 5.16, 5.14, 5.24, 5.14, 60553.18, 31481824, 0.87, 1.94, 0.63, 930.94087
2017-09-05, 4, gao_du, 6.19, 5.18, -0.58, 5.21, 5.23, 5.23, 5.15, 37982.22, 19662585, 0.55, 1.54, 0.40, 1293.05482
2017-09-06, 5, qiang_lie, 6.18, 5.17, -0.19, 5.18, 5.15, 5.17, 5.10, 51715.59, 26565673, 0.74, 1.35, 0.54, 667.95683
2017-09-07, 4, gao_du, 6.18, 5.13, -0.77, 5.17, 5.17, 5.22, 5.13, 45453.75, 23510530, 0.65, 1.74, 0.47, 855.64113
2017-09-08, 4, gao_du, 6.17, 5.16, 0.58, 5.13, 5.13, 5.18, 5.12, 30694.8, 15811742, 0.44, 1.17, 0.32, 2653.49913
2017-09-11, 4, gao_du, 6.17, 5.12, 0.00, 5.12, 5.12, 5.14, 5.10, 25034, 12795700, 0.36, 0.78, 0.52, 707.84616
2017-09-12, 5, qiang_lie, 6.17, 6.25, 10.04, 5.68, 6.25, 6.25, 6.25, 68512.99, 42820619, 0.99, 0.00, 0.71, 641.35504
2017-09-13, 5, qiang_lie, 6.18, 6.88, 10.08, 6.25, 6.88, 6.88, 6.88, 112482.11, 77387692, 1.62, 0.00, 1.17, 656.82292
2017-09-14, 5, qiang_lie, 6.19, 7.57, 10.03, 6.88, 7.57, 7.57, 7.57, 74919.4, 56713986, 1.08, 0.00, 0.78, 2650.59209
2017-09-15, 5, qiang_lie, 6.74, 8.33, 10.04, 7.57, 8.01, 8.33, 7.96, 1871899.93, 1534085797, 26.91, 4.89, 19.50, 950.90604
2017-09-22, 5, qiang_lie, 7.15, 9.16, 9.96, 8.33, 8.68, 9.16, 8.62, 1290792.6, 1161792332, 18.56, 6.48, 13.45, 590.76905
2017-09-25, 5, qiang_lie, 7.50, 8.63, -5.79, 9.16, 8.99, 8.99, 8.34, 1627339.48, 1398919791, 23.40, 7.10, 16.95, 869.70997
2017-09-26, 5, qiang_lie, 7.77, 8.82, 2.20, 8.63, 8.59, 8.88, 8.48, 1521490.99, 1324247622, 21.87, 4.63, 15.85, 2677.43683
2017-09-27, 5, qiang_lie, 8.02, 8.69, -1.47, 8.82, 8.51, 9.35, 8.36, 1702755.01, 1504467902, 24.48, 11.22, 17.74, 767.68303
2017-09-28, 5, qiang_lie, 8.34, 9.56, 10.01, 8.69, 8.65, 9.56, 8.58, 1799853.18, 1690314769, 25.88, 11.28, 18.75, 60632.71809
2017-09-29, 5, qiang_lie, 8.84, 10.52, 10.04, 9.56, 9.58, 10.52, 8.88, 2139395.67, 2062434082, 30.76, 17.15, 22.29, 633.75688
2017-10-10, 5, qiang_lie, 9.89, 12.20, 5.45, 11.57, 11.57, 12.70, 11.30, 2006335.89, 2420956941, 28.84, 12.10, 20.90, 1435.62984
2017-10-12, 5, qiang_lie, 10.60, 11.68, 4.75, 11.15, 11.04, 11.99, 10.74, 1616185.17, 1828854612, 23.24, 11.21, 16.84, 618.79587
2017-10-13, 5, qiang_lie, 10.67, 11.03, -5.57, 11.68, 11.29, 11.43, 10.95, 1011138.74, 1130167607, 14.54, 4.11, 10.53, 10253.75819
2017-10-16, 5, qiang_lie, 10.61, 10.17, -7.80, 11.03, 10.60, 10.68, 9.99, 1142117.49, 1179289409, 16.42, 6.26, 11.90, 407.69291
2017-10-17, 5, qiang_lie, 10.56, 10.29, 1.18, 10.17, 10.31, 10.45, 10.00, 921223.55, 945783877, 13.24, 4.42, 9.60, 564.06593
2017-10-18, 5, qiang_lie, 10.47, 9.78, -4.96, 10.29, 10.27, 10.32, 9.69, 955248.78, 950999254, 13.73, 6.12, 9.95, 673.04921
2017-10-19, 5, qiang_lie, 10.41, 9.90, 1.23, 9.78, 9.80, 9.95, 9.66, 673982.73, 662724157, 9.69, 2.97, 7.02, 620.94402
2017-10-20, 5, qiang_lie, 10.37, 10.20, 3.03, 9.90, 9.89, 10.48, 9.78, 1276763.2, 1295962570, 18.36, 7.07, 13.30, 1442.41118
2017-10-23, 5, qiang_lie, 10.27, 9.62, -5.69, 10.20, 9.99, 9.99, 9.41, 976132.97, 944799135, 14.03, 5.69, 10.17, 750.6988
2017-10-24, 5, qiang_lie, 10.18, 9.38, -2.49, 9.62, 9.60, 9.71, 9.20, 729844.99, 686211541, 10.49, 5.30, 7.60, 669.31605
2017-10-25, 5, qiang_lie, 10.10, 9.54, 1.71, 9.38, 9.38, 9.77, 9.24, 796811.78, 755131105, 11.46, 5.65, 8.30, 60606.22501
2017-10-26, 5, qiang_lie, 10.04, 9.57, 0.31, 9.54, 9.37, 9.65, 9.21, 686692.02, 647524408, 9.87, 4.61, 7.15, 674.31092
2017-10-27, 5, qiang_lie, 9.97, 9.16, -4.28, 9.57, 9.42, 9.77, 9.16, 688151.33, 652660659, 9.89, 6.37, 7.17, 717.61799
2017-10-30, 4, gao_du, 9.91, 9.20, 0.44, 9.16, 8.98, 9.34, 8.92, 589113.27, 538493250, 8.47, 4.59, 6.14, 748.74783
2017-10-31, 4, gao_du, 9.85, 9.45, 2.72, 9.20, 9.17, 9.49, 9.05, 652056.29, 604701468, 9.37, 4.78, 6.79, 1655.42006
2017-11-01, 4, gao_du, 9.81, 9.31, -1.48, 9.45, 9.43, 9.77, 9.31, 799046.64, 760527908, 11.49, 4.87, 8.32, 681.02098
2017-11-02, 4, gao_du, 9.75, 9.01, -3.22, 9.31, 9.20, 9.27, 8.97, 582396.93, 528063331, 8.37, 3.22, 6.07, 784.48701
2017-11-03, 4, gao_du, 9.70, 9.09, 0.89, 9.01, 8.95, 9.28, 8.90, 477143.03, 434704053, 6.86, 4.22, 4.97, 722.63098
2017-11-07, 4, gao_du, 9.65, 9.65, 1.05, 9.55, 9.55, 9.74, 9.45, 119886.02, 115524266, 1.72, 3.04, 21.41, 60407.38106
2017-11-08, 4, gao_du, 9.70, 9.93, -0.50, 9.98, 9.80, 10.20, 9.71, 403501.42, 404912128, 5.80, 4.91, 38.80, 60627.88606
2017-11-09, 4, gao_du, 9.73, 9.39, -1.05, 9.49, 9.43, 9.54, 9.32, 348291.37, 327973959, 5.01, 2.32, 7.26, 637.50505
2017-11-10, 4, gao_du, 9.68, 9.26, -5.99, 9.85, 9.65, 9.70, 9.08, 940537.34, 880505158, 13.52, 6.29, 1.06, 1028.56898
2017-11-13, 4, gao_du, 9.64, 9.25, -0.11, 9.26, 9.00, 9.28, 9.00, 517829.55, 474566194, 7.44, 3.02, 0.53, 559.32403
2017-11-14, 3, zhong_du, 9.61, 9.10, -1.62, 9.25, 9.23, 9.47, 9.03, 527834.09, 488092500, 7.59, 4.76, 0.57, 763.67402
2017-11-15, 3, zhong_du, 9.57, 9.28, 1.98, 9.10, 9.12, 9.64, 9.02, 880590.75, 825699230, 12.66, 6.81, 1.00, 709.35893
2017-11-16, 2, qing_du, 9.44, 8.41, -9.38, 9.28, 9.06, 9.10, 8.35, 926375.87, 801444221, 13.32, 8.08, 1.22, 641.76893
2017-11-17, 1, wei_ruo, 9.31, 7.73, -8.09, 8.41, 8.30, 8.52, 7.68, 656889.99, 535930819, 9.44, 9.99, 0.87, 630.80812
2017-11-20, 1, wei_ruo, 9.22, 7.87, 1.81, 7.73, 7.77, 7.98, 7.52, 395745.73, 308989040, 5.69, 5.95, 0.56, 723.243
2017-11-21, 1, wei_ruo, 9.14, 7.89, 0.25, 7.87, 7.95, 8.07, 7.71, 419002.86, 330972502, 6.02, 4.57, 0.62, 903.43308
2017-11-22, 1, wei_ruo, 9.08, 7.93, 0.51, 7.89, 7.88, 7.96, 7.71, 347973.25, 273121080, 5.00, 3.17, 0.53, 764.17613
2017-11-23, 1, wei_ruo, 8.95, 7.20, -9.21, 7.93, 7.89, 7.97, 7.14, 544937.77, 413252974, 7.83, 10.47, 0.99, 663.63001
2017-11-24, 1, wei_ruo, 8.84, 7.30, 1.39, 7.20, 7.27, 7.45, 7.01, 437433.41, 317795963, 6.29, 6.11, 0.92, 664.00099
2017-11-27, 1, wei_ruo, 8.77, 7.20, -1.37, 7.30, 7.29, 7.49, 7.10, 318550.84, 233730517, 4.58, 5.34, 0.74, 616.75811
2017-11-28, 1, wei_ruo, 8.70, 7.42, 3.06, 7.20, 7.23, 7.43, 7.22, 328831.58, 241179033, 4.73, 2.92, 0.80, 2729.29716
2017-11-29, 1, wei_ruo, 8.60, 7.51, 1.21, 7.42, 7.42, 7.79, 7.27, 580799.1, 436495762, 8.35, 7.01, 1.47, 704.22792
2017-11-30, 1, wei_ruo, 8.53, 7.25, -3.46, 7.51, 7.41, 7.48, 7.18, 394764.41, 288925044, 5.68, 3.99, 0.89, 4523.22507
2017-12-01, 1, wei_ruo, 8.46, 7.41, 2.21, 7.25, 7.23, 7.58, 7.21, 449903.44, 333640286, 6.47, 5.10, 1.09, 903.18108
2017-12-04, 1, wei_ruo, 8.38, 7.20, -2.83, 7.41, 7.71, 7.76, 7.20, 506371.51, 379295067, 7.28, 7.56, 1.22, 665.32493
2017-12-05, 1, wei_ruo, 8.27, 6.85, -4.86, 7.20, 7.07, 7.09, 6.68, 510542.02, 351711394, 7.34, 5.69, 1.13, 733.36983
2017-12-06, 1, wei_ruo, 8.21, 7.00, 2.19, 6.85, 6.87, 7.02, 6.82, 316858.8, 218928168, 4.56, 2.92, 0.65, 584.37705
2017-12-07, 1, wei_ruo, 8.16, 6.96, -0.57, 7.00, 7.00, 7.08, 6.92, 253985.74, 177587020, 3.65, 2.29, 0.58, 836.94386
2017-12-08, 1, wei_ruo, 8.11, 7.10, 2.01, 6.96, 6.98, 7.15, 6.93, 324766.22, 229754271, 4.67, 3.16, 0.80, 614.31408
2017-12-11, 1, wei_ruo, 8.03, 7.63, 7.46, 7.10, 7.08, 7.81, 7.07, 916320.31, 695719775, 13.17, 10.42, 2.40, 2899.3299
2017-12-12, 1, wei_ruo, 7.99, 7.72, 1.18, 7.63, 7.52, 7.83, 7.45, 847828.63, 648155854, 12.19, 4.98, 1.83, 625.35191
2017-12-13, 1, wei_ruo, 7.96, 7.67, -0.65, 7.72, 7.60, 7.79, 7.50, 465693.94, 355867781, 6.70, 3.76, 0.88, 602.63586
2017-12-14, 1, wei_ruo, 7.95, 7.95, 3.65, 7.67, 7.60, 8.06, 7.57, 827534.76, 652245218, 11.90, 6.39, 1.47, 1978.58214
2017-12-15, 1, wei_ruo, 7.94, 7.69, -3.27, 7.95, 7.84, 7.84, 7.67, 478488.93, 370567861, 6.88, 2.14, 0.71, 510.28705
2017-12-18, 1, wei_ruo, 7.92, 7.58, -1.43, 7.69, 7.51, 7.68, 7.45, 289484.19, 218635535, 4.16, 2.99, 0.41, 731.42314
2017-12-19, 1, wei_ruo, 7.91, 7.58, 0.00, 7.58, 7.58, 7.67, 7.46, 257964.55, 194710300, 3.71, 2.77, 0.44, 785.44807
2017-12-20, 1, wei_ruo, 7.87, 7.12, -6.07, 7.58, 7.60, 7.63, 7.05, 456360.51, 329435505, 6.56, 7.65, 0.98, 623.83699
2017-12-21, 1, wei_ruo, 7.84, 7.23, 1.54, 7.12, 7.02, 7.25, 7.01, 300883.3, 215120443, 4.33, 3.37, 0.65, 591.01701
2017-12-22, 1, wei_ruo, 7.81, 7.17, -0.83, 7.23, 7.22, 7.37, 7.14, 279776.98, 203051218, 4.02, 3.18, 0.78, 684.13901
2017-12-25, 1, wei_ruo, 7.79, 7.07, -1.39, 7.17, 7.26, 7.30, 7.03, 229316.95, 164350420, 3.30, 3.77, 0.72, 852.32306
2017-12-26, 1, wei_ruo, 7.76, 7.29, 3.11, 7.07, 7.12, 7.49, 6.88, 412189.92, 294770410, 5.93, 8.63, 1.35, 545.6109
2017-12-27, 1, wei_ruo, 7.76, 8.02, 10.01, 7.29, 7.23, 8.02, 7.21, 654933.03, 498061786, 9.42, 11.11, 1.95, 522.78495
2017-12-29, 1, wei_ruo, 7.98, 8.75, 5.17, 8.32, 8.40, 9.08, 8.23, 1196541.3, 1046956661, 17.20, 10.22, 1.82, 725.21091
2018-01-03, 1, wei_ruo, 8.27, 9.19, 5.03, 8.75, 8.64, 9.50, 8.54, 1207588.52, 1092904946, 17.36, 10.97, 1.42, 660.05993
2018-01-04, 2, qing_du, 8.37, 8.95, -2.61, 9.19, 8.80, 9.29, 8.73, 940128.73, 843513172, 13.52, 6.09, 0.93, 663.11598
2018-01-05, 2, qing_du, 8.41, 8.73, -2.46, 8.95, 8.86, 8.98, 8.66, 667533.56, 586218821, 9.60, 3.58, 0.63, 578.25804
2018-01-08, 3, zhong_du, 8.47, 8.92, 2.18, 8.73, 8.71, 9.25, 8.71, 752049.84, 676534354, 10.81, 6.19, 0.71, 780.45201
2018-01-09, 3, zhong_du, 8.59, 9.34, 4.71, 8.92, 8.76, 9.70, 8.65, 1071373.22, 991178539, 15.40, 11.77, 1.12, 920.55607
2018-01-10, 3, zhong_du, 8.65, 9.18, -1.71, 9.34, 9.15, 9.38, 8.89, 735360.88, 670321584, 10.57, 5.25, 0.79, 869.48609
2018-01-11, 3, zhong_du, 8.71, 9.23, 0.54, 9.18, 9.06, 9.50, 8.90, 745863.69, 687575233, 10.72, 6.54, 0.90, 699.15605
2018-01-12, 3, zhong_du, 8.87, 9.68, 4.88, 9.23, 9.08, 9.88, 9.03, 1356274.03, 1298690196, 19.50, 9.21, 1.71, 650.599
2018-01-15, 3, zhong_du, 8.92, 9.19, -5.06, 9.68, 9.40, 9.57, 9.13, 854034.78, 792955820, 12.28, 4.55, 0.92, 783.34188
2018-01-16, 3, zhong_du, 8.94, 9.06, -1.41, 9.19, 9.13, 9.36, 8.85, 648103.78, 588544438, 9.32, 5.55, 0.68, 685.30202
2018-01-17, 3, zhong_du, 8.93, 8.92, -1.55, 9.06, 8.91, 9.12, 8.60, 586816.5, 519128000, 8.44, 5.74, 0.68, 563.19594
2018-01-18, 3, zhong_du, 8.93, 8.86, -0.67, 8.92, 8.81, 9.07, 8.76, 394846.93, 350940149, 5.68, 3.48, 0.48, 2531.98314
2018-01-19, 3, zhong_du, 8.90, 8.44, -4.74, 8.86, 8.79, 8.92, 8.32, 564451.7, 487122216, 8.12, 6.77, 0.73, 1733.15501
2018-01-22, 3, zhong_du, 8.89, 8.86, 4.98, 8.44, 8.40, 9.08, 8.40, 634533.11, 554539578, 9.12, 8.06, 1.04, 336.04884
2018-01-23, 3, zhong_du, 8.88, 8.67, -2.14, 8.86, 8.76, 8.95, 8.60, 432368.7, 378425527, 6.22, 3.95, 0.76, 308.1758
2018-01-24, 3, zhong_du, 8.87, 8.72, 0.58, 8.67, 8.74, 8.84, 8.50, 334611.79, 290291556, 4.81, 3.92, 0.64, 589.22482
2018-01-25, 3, zhong_du, 8.86, 8.56, -1.83, 8.72, 8.62, 8.79, 8.53, 357219.39, 309499871, 5.14, 2.98, 0.76, 614.65788
2018-01-26, 3, zhong_du, 8.84, 8.38, -2.10, 8.56, 8.55, 8.62, 8.33, 358594.09, 302727959, 5.16, 3.39, 0.77, 653.67603
2018-01-29, 3, zhong_du, 8.81, 8.12, -3.10, 8.38, 8.34, 8.45, 8.06, 313112.7, 256196846, 4.50, 4.65, 0.74, 755.80788
2018-01-30, 2, qing_du, 8.79, 8.10, -0.25, 8.12, 8.15, 8.21, 8.04, 189302.23, 153653163, 2.72, 2.09, 0.53, 443.15505
2018-01-31, 2, qing_du, 8.77, 7.29, -10.00, 8.10, 7.29, 7.29, 7.29, 87523, 63804267, 1.26, 0.00, 0.28, 706.87699
2018-02-01, 1, wei_ruo, 8.76, 6.56, -10.01, 7.29, 6.56, 6.56, 6.56, 42810, 28083360, 0.62, 0.00, 0.16, 2693.7449
2018-02-02, 1, wei_ruo, 8.50, 6.29, -4.12, 6.56, 5.90, 6.75, 5.90, 731792.72, 455147188, 10.52, 12.96, 3.69, 657.11689
2018-02-05, 1, wei_ruo, 8.36, 5.99, -4.77, 6.29, 5.98, 6.11, 5.90, 377487.9, 226492552, 5.43, 3.34, 1.38, 925.18902
2018-02-06, 1, wei_ruo, 8.22, 5.84, -2.50, 5.99, 6.03, 6.34, 5.80, 428845.9, 261584447, 6.17, 9.02, 1.50, 455.30987
2018-02-07, 1, wei_ruo, 8.07, 5.69, -2.57, 5.84, 6.00, 6.08, 5.26, 392192.05, 224367595, 5.64, 14.04, 1.18, 879.66681
2018-02-08, 1, wei_ruo, 7.98, 5.87, 3.16, 5.69, 5.70, 5.88, 5.51, 279373.14, 161108888, 4.02, 6.50, 0.70, 773.41104
2018-02-09, 1, wei_ruo, 7.87, 5.39, -8.18, 5.87, 5.66, 5.75, 5.33, 301049.54, 166794423, 4.33, 7.16, 0.87, 724.53117
2018-02-12, 1, wei_ruo, 7.79, 5.93, 10.02, 5.39, 5.49, 5.93, 5.49, 268051.25, 155235621, 3.85, 8.16, 0.86, 912.60386
2018-02-13, 1, wei_ruo, 7.68, 5.98, 0.84, 5.93, 6.14, 6.27, 5.96, 468058.96, 284375161, 6.73, 5.23, 1.66, 668.07318
2018-02-14, 1, wei_ruo, 7.62, 5.89, -1.51, 5.98, 6.06, 6.07, 5.85, 228916.22, 136026473, 3.29, 3.68, 0.66, 734.28297
