2015-08-20, 1, wei_ruo, 9.83, 9.28, -7.85, 10.07, 9.87, 10.10, 9.25, 397296.28, 386134888, 5.14, 8.44, 0.51, 815.68789
2015-08-21, 1, wei_ruo, 9.77, 8.42, -9.27, 9.28, 8.90, 9.20, 8.39, 382255.2, 335560820, 4.95, 8.73, 0.53, 3032.95588
2015-08-25, 1, wei_ruo, 9.59, 6.82, -10.03, 7.58, 6.82, 7.09, 6.82, 313427.69, 215073798, 4.06, 3.56, 0.64, 1237.54811
2015-08-26, 1, wei_ruo, 9.42, 6.29, -7.77, 6.82, 6.91, 7.24, 6.19, 442560.21, 299407509, 5.73, 15.40, 1.12, 880.25594
2015-10-29, 3, zhong_du, 7.86, 8.29, 3.88, 7.98, 8.06, 8.40, 7.98, 529841.18, 436190300, 6.86, 5.26, 1.08, 2070.364
2015-10-30, 3, zhong_du, 7.92, 8.52, 2.77, 8.29, 8.28, 8.75, 7.96, 757327.73, 641197603, 9.81, 9.53, 1.47, 1097.29099
2015-11-02, 4, gao_du, 7.97, 8.39, -1.53, 8.52, 8.24, 8.87, 8.20, 676988.03, 581620430, 8.76, 7.86, 1.18, 2953.64785
2015-11-03, 4, gao_du, 8.14, 9.03, 7.63, 8.39, 8.48, 9.23, 8.30, 1482933.47, 1340984944, 19.20, 11.08, 2.54, 829.00691
2015-11-04, 4, gao_du, 8.33, 9.42, 4.32, 9.03, 8.88, 9.48, 8.80, 1331293.1, 1221635164, 17.24, 7.53, 1.70, 1181.78296
2015-11-05, 4, gao_du, 8.46, 9.15, -2.87, 9.42, 9.31, 9.78, 9.10, 1051403.76, 982805102, 13.61, 7.22, 1.10, 1525.77996
2015-11-06, 5, qiang_lie, 8.54, 9.27, 1.31, 9.15, 9.16, 9.43, 9.11, 705304.03, 650629876, 9.13, 3.50, 0.67, 1368.19315
2015-11-09, 5, qiang_lie, 8.61, 9.25, -0.22, 9.27, 9.14, 9.47, 9.02, 727066.85, 673679351, 9.41, 4.85, 0.69, 16671.91601
2015-11-10, 5, qiang_lie, 8.71, 9.27, 0.22, 9.25, 9.23, 9.79, 9.08, 1084541.43, 1023461426, 14.04, 7.68, 1.02, 407.53508
2015-11-11, 5, qiang_lie, 8.71, 9.35, 0.86, 9.27, 9.41, 9.54, 9.10, 717665.21, 668717404, 9.29, 4.75, 0.73, 269.84
2015-11-12, 5, qiang_lie, 9.01, 10.29, 10.05, 9.35, 9.37, 10.29, 9.25, 1558852.69, 1559441331, 20.18, 11.12, 1.82, 267.84515
2015-11-13, 5, qiang_lie, 9.24, 10.10, -1.85, 10.29, 10.00, 10.77, 9.69, 1493361.79, 1518951225, 19.33, 10.50, 1.56, 1076.22218
2015-11-16, 5, qiang_lie, 9.35, 10.51, 4.06, 10.10, 9.85, 10.65, 9.84, 824151.92, 847355061, 10.67, 8.02, 0.74, 864.47001
2015-11-17, 5, qiang_lie, 9.49, 10.06, -4.28, 10.51, 10.71, 10.92, 10.01, 1056108.16, 1098590950, 13.67, 8.66, 0.93, 1219.22493
2015-11-18, 5, qiang_lie, 9.51, 9.70, -3.58, 10.06, 10.10, 10.18, 9.68, 600486.13, 595354022, 7.77, 4.97, 0.53, 1163.03587
2015-11-19, 5, qiang_lie, 9.55, 10.14, 4.54, 9.70, 9.68, 10.15, 9.56, 602858.6, 594939667, 7.81, 6.08, 0.54, 16723.24395
2015-11-20, 5, qiang_lie, 9.62, 10.24, 0.99, 10.14, 10.14, 10.48, 9.98, 769056.29, 788675510, 9.96, 4.93, 0.84, 16683.09093
2015-11-23, 5, qiang_lie, 9.79, 11.26, 9.96, 10.24, 10.24, 11.26, 10.24, 1023248.16, 1125299632, 13.25, 9.96, 1.33, 16948.31395
2015-11-24, 5, qiang_lie, 10.14, 11.43, 1.51, 11.26, 11.82, 11.90, 11.03, 1622244.86, 1864427424, 21.00, 7.73, 2.00, 1854.33793
2015-11-25, 5, qiang_lie, 10.33, 11.60, 1.49, 11.43, 11.28, 11.78, 11.08, 1108387.14, 1267861908, 14.35, 6.12, 1.20, 1265.75422
2015-11-26, 5, qiang_lie, 10.44, 11.27, -2.84, 11.60, 11.48, 11.71, 11.20, 753932.92, 859230717, 9.76, 4.40, 0.74, 895.0901
2015-11-27, 5, qiang_lie, 10.67, 11.43, 1.42, 11.27, 11.22, 12.40, 11.11, 1482834.31, 1763030969, 19.20, 11.45, 1.41, 841.12406
2015-11-30, 5, qiang_lie, 10.99, 12.57, 9.97, 11.43, 11.55, 12.57, 11.43, 1612826.11, 1949501807, 20.88, 9.97, 1.35, 866.59694
2015-12-01, 5, qiang_lie, 11.23, 11.85, -5.73, 12.57, 13.00, 13.16, 11.60, 1571037.19, 1966588431, 20.34, 12.41, 1.19, 1048.58899
2015-12-02, 5, qiang_lie, 11.34, 12.14, 2.45, 11.85, 12.35, 12.66, 11.39, 1136711.27, 1380401914, 14.72, 10.72, 0.87, 1282.25899
2015-12-03, 5, qiang_lie, 11.34, 13.04, 7.41, 12.14, 11.85, 13.35, 11.68, 1240472.3, 1563896603, 16.06, 13.76, 0.95, 805.65691
2015-12-04, 5, qiang_lie, 11.62, 12.98, -0.46, 13.04, 12.70, 13.11, 12.60, 844109.64, 1083649430, 10.93, 3.91, 0.60, 582.01408
2015-12-07, 5, qiang_lie, 11.73, 13.00, 0.15, 12.98, 13.03, 13.20, 12.63, 651704.11, 841529867, 8.44, 4.39, 0.51, 659.0879
2015-12-08, 5, qiang_lie, 11.80, 12.28, -5.54, 13.00, 12.88, 12.93, 12.08, 696072.42, 869212424, 9.01, 6.54, 0.64, 2733.20508
2015-12-09, 5, qiang_lie, 11.86, 12.50, 1.79, 12.28, 12.28, 12.85, 12.28, 640556.17, 806976863, 8.29, 4.64, 0.70, 928.93314
2015-12-10, 5, qiang_lie, 11.87, 11.81, -5.52, 12.50, 12.32, 12.39, 11.72, 659319.3, 788127830, 8.54, 5.36, 0.81, 917.5539
2015-12-11, 5, qiang_lie, 11.87, 11.84, 0.25, 11.81, 11.79, 12.06, 11.58, 442905.45, 525598885, 5.73, 4.06, 0.63, 2886.18183
2015-12-14, 5, qiang_lie, 11.87, 12.04, 1.69, 11.84, 11.78, 12.28, 11.68, 542906.45, 651030043, 7.03, 5.07, 0.88, 916.62502
2015-12-15, 5, qiang_lie, 11.97, 12.88, 6.98, 12.04, 12.12, 13.17, 12.11, 862077.65, 1095026405, 11.16, 8.80, 1.45, 2935.07695
2015-12-16, 5, qiang_lie, 12.04, 12.85, -0.23, 12.88, 12.70, 13.13, 12.60, 583169.81, 748158630, 7.55, 4.11, 0.93, 859.60412
2015-12-17, 5, qiang_lie, 12.12, 13.00, 1.17, 12.85, 12.89, 13.13, 12.70, 694705.72, 900036941, 8.99, 3.35, 1.12, 852.93984
2016-02-22, 5, qiang_lie, 12.12, 11.70, -10.00, 13.00, 11.70, 11.70, 11.70, 38888, 45498960, 0.50, 0.00, 0.06, 5776.22008
2016-02-23, 5, qiang_lie, 11.90, 10.53, -10.00, 11.70, 10.53, 10.78, 10.53, 1109314.26, 1169904040, 14.36, 2.14, 2.04, 2992.56802
2016-02-24, 5, qiang_lie, 11.67, 10.60, 0.66, 10.53, 10.18, 10.76, 10.12, 1245056.32, 1302017748, 16.12, 6.08, 1.89, 2239.14194
2016-02-25, 4, gao_du, 11.46, 9.54, -10.00, 10.60, 10.40, 10.80, 9.54, 942885.05, 955843761, 12.21, 11.89, 1.28, 697.86811
2016-02-26, 3, zhong_du, 11.23, 8.90, -6.71, 9.54, 9.68, 9.74, 8.65, 779790.72, 710753807, 10.10, 11.43, 0.97, 722.31793
2016-02-29, 2, qing_du, 11.02, 8.01, -10.00, 8.90, 8.75, 8.77, 8.01, 535628.7, 435284778, 6.93, 8.54, 0.65, 1575.45018
2016-03-01, 1, wei_ruo, 10.75, 8.09, 1.00, 8.01, 7.98, 8.32, 7.54, 689024.56, 546250014, 8.92, 9.74, 0.75, 2040.2
2016-03-02, 1, wei_ruo, 10.51, 8.65, 6.92, 8.09, 8.01, 8.79, 7.95, 818969.11, 684170213, 10.60, 10.38, 0.98, 2350.96693
2016-03-03, 1, wei_ruo, 10.32, 8.50, -1.73, 8.65, 8.50, 8.80, 8.42, 764103.78, 658084389, 9.89, 4.39, 1.01, 6562.00695
2016-03-04, 1, wei_ruo, 10.13, 7.82, -8.00, 8.50, 8.40, 8.56, 7.69, 637930.23, 516829014, 8.26, 10.24, 0.89, 3745.38803
2016-03-07, 1, wei_ruo, 10.01, 7.99, 2.17, 7.82, 7.93, 8.16, 7.85, 416975.69, 333735184, 5.40, 3.96, 0.61, 1763.76891
2016-03-08, 1, wei_ruo, 9.86, 8.10, 1.38, 7.99, 8.04, 8.10, 7.40, 527097.7, 409984238, 6.82, 8.76, 0.79, 2399.27316
2016-03-10, 1, wei_ruo, 9.66, 7.90, 1.02, 7.82, 7.86, 8.17, 7.73, 485143.56, 387529552, 6.28, 5.63, 0.90, 4466.65621
2016-03-14, 1, wei_ruo, 9.49, 8.15, 4.09, 7.83, 8.00, 8.26, 7.92, 523547.18, 426334210, 6.78, 4.34, 1.27, 1522.06206
2016-03-15, 1, wei_ruo, 9.38, 8.33, 2.21, 8.15, 8.12, 8.67, 8.08, 748533.55, 629998824, 9.69, 7.24, 1.73, 1233.69408
2016-03-16, 1, wei_ruo, 9.31, 8.07, -3.12, 8.33, 8.41, 8.44, 8.02, 480591.47, 392906873, 6.22, 5.04, 1.01, 2689.44001
2016-03-17, 1, wei_ruo, 9.23, 8.35, 3.47, 8.07, 8.10, 8.48, 8.07, 596429.68, 494088194, 7.72, 5.08, 1.18, 755.63502
2016-03-18, 1, wei_ruo, 9.16, 8.68, 3.95, 8.35, 8.38, 8.76, 8.31, 845621.45, 726883819, 10.95, 5.39, 1.60, 4512.2509
2016-03-21, 1, wei_ruo, 9.13, 8.87, 2.19, 8.68, 8.78, 9.00, 8.69, 731510.81, 648280503, 9.47, 3.57, 1.14, 1111.56011
2016-03-22, 1, wei_ruo, 9.10, 8.64, -2.59, 8.87, 8.77, 8.83, 8.61, 550417.78, 479687005, 7.13, 2.48, 0.81, 2684.798
2016-03-23, 1, wei_ruo, 9.07, 8.78, 1.62, 8.64, 8.66, 8.84, 8.51, 529642.15, 459066555, 6.86, 3.82, 0.83, 1705.29294
2016-03-24, 1, wei_ruo, 9.04, 8.60, -2.05, 8.78, 8.65, 9.05, 8.51, 684210.17, 599165421, 8.86, 6.15, 1.05, 1193.4309
2016-03-25, 1, wei_ruo, 9.02, 8.59, -0.12, 8.60, 8.60, 8.69, 8.45, 372854.03, 319558090, 4.83, 2.79, 0.56, 2645.9949
2016-03-28, 1, wei_ruo, 9.00, 8.64, 0.58, 8.59, 8.66, 8.85, 8.55, 485202.69, 423000765, 6.28, 3.49, 0.85, 2638.04698
2016-03-29, 1, wei_ruo, 8.98, 8.66, 0.23, 8.64, 8.72, 8.83, 8.50, 461510.41, 399921488, 5.98, 3.82, 0.88, 666.61215
2016-03-30, 1, wei_ruo, 8.99, 9.29, 7.27, 8.66, 8.75, 9.39, 8.70, 883588.27, 796202531, 11.44, 7.97, 1.74, 1313.89403
2016-03-31, 1, wei_ruo, 9.01, 9.10, -2.05, 9.29, 9.28, 9.28, 9.02, 707152.77, 646019657, 9.16, 2.80, 1.22, 909.45506
2016-04-01, 1, wei_ruo, 9.00, 8.88, -2.42, 9.10, 9.01, 9.09, 8.76, 494354.36, 439318957, 6.40, 3.63, 0.85, 1346.52185
2016-04-05, 1, wei_ruo, 9.01, 9.19, 3.49, 8.88, 8.90, 9.35, 8.90, 613229.53, 561924196, 7.94, 5.07, 1.01, 158.33402
2016-04-06, 1, wei_ruo, 9.05, 9.45, 2.83, 9.19, 9.17, 9.60, 9.08, 827224.89, 771415239, 10.71, 5.66, 1.31, 471.12584
2016-04-07, 1, wei_ruo, 9.07, 9.16, -3.07, 9.45, 9.47, 9.49, 9.15, 711441.91, 660296270, 9.21, 3.60, 1.01, 701.96199
2016-04-08, 1, wei_ruo, 9.07, 9.04, -1.31, 9.16, 9.03, 9.14, 8.90, 442826.97, 399537294, 5.73, 2.62, 0.66, 640.96594
2016-04-11, 1, wei_ruo, 9.08, 9.13, 1.00, 9.04, 9.14, 9.32, 9.08, 496739.13, 457097399, 6.43, 2.65, 0.80, 579.10895
2016-04-12, 1, wei_ruo, 9.07, 8.90, -2.52, 9.13, 9.12, 9.16, 8.80, 414410.96, 369654468, 5.37, 3.94, 0.67, 2070.00995
2016-04-13, 1, wei_ruo, 9.07, 9.03, 1.46, 8.90, 8.93, 9.20, 8.93, 543431.06, 493277250, 7.04, 3.03, 0.94, 826.09701
2016-04-14, 1, wei_ruo, 9.07, 9.09, 0.66, 9.03, 9.14, 9.17, 8.99, 338883.36, 307437125, 4.39, 1.99, 0.65, 1826.6499
2016-04-15, 1, wei_ruo, 9.07, 9.12, 0.33, 9.09, 9.12, 9.13, 8.95, 400880.62, 362563899, 5.19, 1.98, 0.90, 2932.90305
2016-04-18, 1, wei_ruo, 9.07, 9.04, -0.88, 9.12, 9.05, 9.12, 8.93, 306094.03, 275926040, 3.96, 2.08, 0.70, 342.38911
2016-04-19, 2, qing_du, 9.09, 9.32, 3.10, 9.04, 9.07, 9.45, 9.03, 789088.2, 731940171, 10.22, 4.65, 1.97, 499.50409
2016-04-20, 2, qing_du, 9.06, 8.59, -7.83, 9.32, 9.33, 9.35, 8.39, 782398.74, 694164474, 10.13, 10.30, 1.64, 2490.07916
2016-04-21, 2, qing_du, 9.02, 8.29, -3.49, 8.59, 8.49, 8.60, 8.20, 407533.95, 343383726, 5.28, 4.66, 0.78, 679.13699
2016-04-22, 2, qing_du, 8.99, 8.28, -0.12, 8.29, 8.19, 8.28, 8.05, 259152.15, 212474411, 3.36, 2.77, 0.48, 7451.23291
2016-04-25, 1, wei_ruo, 8.96, 8.04, -2.90, 8.28, 8.27, 8.27, 7.96, 238200.34, 192028498, 3.08, 3.74, 0.47, 2411.66592
2016-04-26, 1, wei_ruo, 8.94, 8.13, 1.12, 8.04, 8.06, 8.14, 8.03, 192427.76, 155624348, 2.49, 1.37, 0.39, 8590.13987
2016-04-27, 1, wei_ruo, 8.91, 8.47, 4.18, 8.13, 8.28, 8.88, 8.26, 595496.23, 509868524, 7.71, 7.63, 1.58, 528.44286
2016-04-28, 1, wei_ruo, 8.89, 8.37, -1.18, 8.47, 8.36, 8.43, 8.14, 338872.2, 281270022, 4.39, 3.42, 1.00, 1884.53794
2016-04-29, 1, wei_ruo, 8.87, 8.56, 2.27, 8.37, 8.29, 8.76, 8.24, 371025.21, 315535312, 4.80, 6.21, 1.14, 610.65578
2016-05-03, 1, wei_ruo, 8.86, 8.85, 3.39, 8.56, 8.56, 8.93, 8.45, 510800.26, 447606055, 6.61, 5.61, 1.47, 1218.6799
2016-05-04, 1, wei_ruo, 8.86, 8.78, -0.79, 8.85, 8.76, 8.96, 8.72, 460953.1, 406976971, 5.97, 2.71, 1.15, 447.09587
2016-05-05, 2, qing_du, 8.86, 8.98, 2.28, 8.78, 8.75, 9.13, 8.69, 606415.11, 543908962, 7.85, 5.01, 1.33, 952.10099
2016-05-06, 2, qing_du, 8.85, 8.55, -4.79, 8.98, 8.96, 9.09, 8.55, 636762.19, 561418575, 8.24, 6.01, 1.39, 2472.26596
2016-05-09, 1, wei_ruo, 8.82, 8.05, -5.85, 8.55, 8.43, 8.43, 8.00, 388946.4, 317566879, 5.04, 5.03, 0.75, 4118.83497
2016-05-10, 1, wei_ruo, 8.80, 8.09, 0.50, 8.05, 8.05, 8.13, 7.98, 194899.67, 157232597, 2.52, 1.86, 0.37, 5069.54598
2016-05-11, 1, wei_ruo, 8.77, 7.87, -2.72, 8.09, 8.15, 8.18, 7.84, 253339.19, 202761637, 3.28, 4.20, 0.55, 927.04892
2016-05-12, 1, wei_ruo, 8.73, 7.90, 0.38, 7.87, 7.62, 8.00, 7.45, 292553.36, 225843392, 3.79, 6.99, 0.70, 654.44112
2016-05-13, 1, wei_ruo, 8.71, 7.95, 0.63, 7.90, 8.00, 8.17, 7.88, 281125.01, 225453683, 3.64, 3.67, 0.80, 789.98303
2016-05-16, 1, wei_ruo, 8.68, 8.20, 3.14, 7.95, 8.00, 8.25, 7.80, 374207.98, 302562707, 4.84, 5.66, 1.33, 14543.25795
2016-05-17, 1, wei_ruo, 8.65, 8.26, 0.73, 8.20, 8.20, 8.57, 8.14, 514897.33, 430310726, 6.67, 5.24, 1.84, 629.10581
2016-05-18, 1, wei_ruo, 8.61, 7.81, -5.45, 8.26, 8.10, 8.13, 7.60, 413034.72, 325370974, 5.35, 6.42, 1.20, 1873.65294
2016-05-19, 1, wei_ruo, 8.58, 7.99, 2.30, 7.81, 7.81, 8.10, 7.77, 344070.11, 275309857, 4.45, 4.23, 0.92, 7818.77494
2016-05-20, 1, wei_ruo, 8.55, 8.28, 3.63, 7.99, 7.80, 8.29, 7.71, 472037.94, 381836209, 6.11, 7.26, 1.22, 2048.67411
2016-05-23, 1, wei_ruo, 8.54, 8.55, 3.26, 8.28, 8.39, 8.58, 8.23, 594028.41, 500106614, 7.69, 4.23, 1.40, 4207.94821
2016-05-24, 1, wei_ruo, 8.53, 8.37, -2.11, 8.55, 8.49, 8.49, 8.20, 439361.38, 365883329, 5.69, 3.39, 0.94, 3570.64104
2016-05-25, 1, wei_ruo, 8.52, 8.16, -2.51, 8.37, 8.47, 8.51, 8.11, 391962.69, 325906301, 5.07, 4.78, 0.84, 3296.278
2016-05-26, 1, wei_ruo, 8.49, 8.16, 0.00, 8.16, 8.16, 8.16, 7.80, 401332.1, 320237587, 5.20, 4.41, 0.86, 2657.56893
2016-05-27, 1, wei_ruo, 8.48, 8.16, 0.00, 8.16, 8.11, 8.36, 7.96, 371369.93, 302032751, 4.81, 4.90, 0.79, 4547.997
2016-05-30, 1, wei_ruo, 8.46, 8.04, -1.47, 8.16, 8.11, 8.21, 7.98, 267090.98, 215676299, 3.46, 2.82, 0.57, 4063.56001
2016-05-31, 1, wei_ruo, 8.45, 8.41, 4.60, 8.04, 8.05, 8.42, 8.05, 513625.17, 426617228, 6.65, 4.60, 1.10, 6166.73803
2016-06-01, 1, wei_ruo, 8.47, 8.63, 2.62, 8.41, 8.50, 8.96, 8.42, 806133.73, 700033526, 10.44, 6.42, 1.72, 1611.05609
2016-06-02, 2, qing_du, 8.47, 9.49, 9.97, 8.63, 8.59, 9.49, 8.59, 878039.83, 807380691, 11.37, 10.43, 1.88, 796.63301
2016-06-03, 3, zhong_du, 8.89, 10.00, 5.93, 9.44, 9.90, 10.15, 9.61, 2055509.92, 2028111073, 26.61, 5.72, 4.40, 782.11713
2016-06-06, 4, gao_du, 9.09, 10.12, 1.20, 10.00, 9.90, 10.27, 9.81, 1363719.33, 1368905935, 17.66, 4.60, 2.92, 824.95213
2016-06-07, 4, gao_du, 9.29, 10.31, 1.88, 10.12, 10.02, 10.50, 9.85, 1325668.82, 1354024405, 17.16, 6.42, 2.83, 5203.61805
2016-06-08, 4, gao_du, 9.39, 10.11, -1.94, 10.31, 10.20, 10.36, 10.00, 891792.99, 905702104, 11.55, 3.49, 1.91, 2915.47489
2016-06-13, 4, gao_du, 9.39, 9.15, -9.50, 10.11, 9.88, 10.03, 9.13, 939100.95, 911763137, 12.16, 8.90, 2.01, 2970.78085
2016-06-14, 3, zhong_du, 9.39, 9.45, 3.28, 9.15, 9.05, 9.47, 9.01, 705307.41, 649307666, 9.13, 5.03, 1.51, 6259.68409
2016-06-15, 3, zhong_du, 9.45, 10.40, 10.05, 9.45, 9.64, 10.40, 9.64, 638841.74, 653295426, 8.27, 8.04, 1.37, 6624.75514
2016-06-16, 3, zhong_du, 10.12, 11.44, 10.00, 10.40, 11.15, 11.44, 11.06, 2798167.21, 3177764261, 36.23, 3.65, 5.98, 5280.44701
2016-06-17, 4, gao_du, 10.33, 10.75, -6.03, 11.44, 11.01, 11.15, 10.43, 2395852.12, 2597524660, 31.02, 6.29, 5.12, 1568.30907
2016-06-20, 5, qiang_lie, 10.41, 10.87, 1.12, 10.75, 10.71, 10.94, 10.58, 1287560.49, 1387292712, 16.67, 3.35, 2.75, 356.67491
2016-06-21, 4, gao_du, 10.42, 10.33, -4.97, 10.87, 10.90, 10.98, 10.19, 1177685.7, 1247681126, 15.25, 7.27, 2.52, 567.91496
2016-06-22, 4, gao_du, 10.44, 10.76, 4.16, 10.33, 10.31, 10.76, 10.26, 914048.23, 967483239, 11.83, 4.84, 1.95, 2413.71703
2016-06-23, 4, gao_du, 10.45, 10.49, -2.51, 10.76, 10.81, 10.88, 10.40, 654255.98, 690049309, 8.47, 4.46, 1.40, 1015.74111
2016-06-24, 4, gao_du, 10.44, 10.43, -0.57, 10.49, 10.51, 10.69, 9.88, 862325.93, 893702416, 11.16, 7.72, 1.84, 1363.92212
2016-06-27, 4, gao_du, 10.45, 10.71, 2.68, 10.43, 10.34, 10.72, 10.31, 811693.34, 853302628, 10.51, 3.93, 1.75, 2231.34708
2016-06-28, 4, gao_du, 10.46, 10.58, -1.21, 10.71, 10.60, 10.74, 10.37, 715684.77, 755351607, 9.27, 3.45, 1.53, 901.94297
2016-06-30, 4, gao_du, 10.49, 10.44, -1.79, 10.63, 10.65, 10.66, 10.30, 620438.25, 646054416, 8.03, 3.39, 1.33, 2777.29917
2016-07-01, 5, qiang_lie, 10.48, 10.23, -2.01, 10.44, 10.48, 10.55, 10.20, 448271.62, 465752015, 5.80, 3.35, 0.96, 1034.28102
2016-07-04, 4, gao_du, 10.46, 10.28, 0.49, 10.23, 10.04, 10.35, 10.01, 526968.92, 537581181, 6.82, 3.32, 1.13, 3868.46805
2016-07-05, 4, gao_du, 10.45, 10.37, 0.88, 10.28, 10.38, 10.54, 10.16, 587447.5, 607299873, 7.61, 3.70, 1.26, 29275.51985
2016-07-06, 4, gao_du, 10.45, 10.29, -0.77, 10.37, 10.30, 10.43, 10.20, 388761.82, 400792641, 5.03, 2.22, 0.83, 2686.71203
2016-07-07, 5, qiang_lie, 10.48, 10.89, 5.83, 10.29, 10.27, 10.99, 10.18, 1206154.54, 1284535268, 15.62, 7.87, 2.58, 6238.31081
2016-07-08, 5, qiang_lie, 10.49, 10.45, -4.04, 10.89, 10.70, 10.88, 10.43, 657207.1, 699681823, 8.51, 4.13, 1.41, 5126.58906
2016-07-11, 5, qiang_lie, 10.49, 10.42, -0.29, 10.45, 10.45, 10.78, 10.26, 593219.14, 623008759, 7.68, 4.98, 1.27, 1869.19522
2016-07-12, 5, qiang_lie, 10.48, 10.44, 0.19, 10.42, 10.40, 10.48, 10.16, 452114.11, 467107737, 5.85, 3.07, 0.97, 16623.62194
2016-07-13, 5, qiang_lie, 10.49, 10.67, 2.20, 10.44, 10.46, 10.78, 10.35, 627314.22, 662277962, 8.12, 4.12, 1.35, 44602.12708
2016-07-14, 5, qiang_lie, 10.51, 10.59, -0.75, 10.67, 10.55, 10.85, 10.51, 551833.47, 588709952, 7.14, 3.19, 1.18, 836.24697
2016-07-15, 5, qiang_lie, 10.51, 10.46, -1.23, 10.59, 10.79, 10.79, 10.43, 349792.55, 369090126, 4.53, 3.40, 0.75, 3966.81499
2016-07-18, 5, qiang_lie, 10.49, 10.12, -3.25, 10.46, 10.37, 10.40, 10.08, 454987.41, 463729137, 5.89, 3.06, 0.99, 2153.1198
2016-07-19, 5, qiang_lie, 10.48, 10.27, 1.48, 10.12, 10.05, 10.32, 10.03, 264175.73, 269319463, 3.42, 2.87, 0.56, 4511.66606
2016-07-20, 5, qiang_lie, 10.48, 10.25, -0.19, 10.27, 10.32, 10.45, 10.25, 278541.27, 288057314, 3.61, 1.95, 0.60, 2636.91592
2016-07-21, 5, qiang_lie, 10.46, 10.17, -0.78, 10.25, 10.26, 10.35, 10.11, 312687.22, 319189130, 4.05, 2.34, 0.67, 7462.78405
2016-07-22, 5, qiang_lie, 10.46, 10.35, 1.77, 10.17, 10.16, 10.65, 10.11, 575108.08, 597584846, 7.45, 5.31, 1.23, 11655.93505
2016-07-25, 5, qiang_lie, 10.48, 10.85, 4.83, 10.35, 10.30, 10.85, 10.21, 1011524.95, 1079523845, 13.10, 6.18, 2.16, 4534.85608
2016-07-26, 5, qiang_lie, 10.51, 10.79, -0.55, 10.85, 10.85, 10.91, 10.61, 711395.33, 765837498, 9.21, 2.76, 1.52, 912.94384
2016-07-27, 5, qiang_lie, 10.48, 10.08, -6.58, 10.79, 10.81, 10.91, 9.85, 848906.58, 882933078, 10.99, 9.82, 1.82, 49940.24277
2016-07-28, 4, gao_du, 10.44, 9.86, -2.18, 10.08, 10.00, 10.22, 9.60, 481484.31, 476882371, 6.23, 6.15, 1.03, 2954.22292
2016-07-29, 3, zhong_du, 10.42, 9.91, 0.51, 9.86, 9.86, 9.99, 9.62, 319208.04, 312695206, 4.13, 3.75, 0.68, 14563.70401
2016-08-01, 3, zhong_du, 10.38, 9.33, -5.85, 9.91, 9.80, 9.80, 9.21, 350260.89, 331539249, 4.53, 5.95, 0.75, 5519.449
2016-08-02, 2, qing_du, 10.35, 9.44, 1.18, 9.33, 9.36, 9.47, 9.30, 177940.38, 167313913, 2.30, 1.82, 0.38, 18993.42513
2016-08-03, 1, wei_ruo, 10.33, 9.44, 0.00, 9.44, 9.45, 9.54, 9.35, 209732.09, 198127493, 2.72, 2.01, 0.52, 4884.39584
2016-08-04, 1, wei_ruo, 10.30, 9.69, 2.65, 9.44, 9.52, 9.80, 9.52, 386100.24, 374329606, 5.00, 2.97, 1.08, 14983.89006
2016-08-05, 1, wei_ruo, 10.27, 9.51, -1.86, 9.69, 9.59, 9.68, 9.51, 240970.35, 230859659, 3.12, 1.75, 0.66, 624.5172
2016-08-08, 1, wei_ruo, 10.24, 9.56, 0.53, 9.51, 9.49, 9.56, 9.20, 288305.5, 269910729, 3.73, 3.79, 0.90, 5878.11494
2016-08-09, 1, wei_ruo, 10.21, 9.79, 2.41, 9.56, 9.56, 9.84, 9.41, 406342.52, 391767429, 5.26, 4.50, 1.56, 18228.369
2016-08-10, 1, wei_ruo, 10.19, 9.61, -1.84, 9.79, 9.70, 9.84, 9.60, 295265.98, 285881479, 3.82, 2.45, 0.96, 5560.37092
2016-08-11, 1, wei_ruo, 10.17, 9.52, -0.94, 9.61, 9.53, 9.80, 9.40, 290383.59, 277613546, 3.76, 4.16, 0.90, 477.283
2016-08-15, 1, wei_ruo, 10.13, 9.69, 1.57, 9.54, 9.54, 9.74, 9.40, 370372.26, 356442968, 4.79, 3.56, 1.26, 644.33694
2016-08-16, 1, wei_ruo, 10.11, 9.75, 0.62, 9.69, 9.67, 9.87, 9.66, 356911.61, 349073903, 4.62, 2.17, 1.15, 637.71605
2016-08-17, 1, wei_ruo, 10.09, 9.67, -0.82, 9.75, 9.77, 9.77, 9.58, 295045.42, 284895802, 3.82, 1.95, 0.98, 15728.13296
2016-08-18, 1, wei_ruo, 10.08, 9.63, -0.41, 9.67, 9.63, 9.71, 9.58, 237709.15, 229267126, 3.08, 1.34, 0.79, 16470.91889
2016-08-19, 1, wei_ruo, 10.07, 9.60, -0.31, 9.63, 9.68, 9.68, 9.57, 192567.44, 185322607, 2.49, 1.14, 0.67, 2523.55599
2016-08-22, 1, wei_ruo, 10.05, 9.88, 2.92, 9.60, 9.60, 9.88, 9.48, 486789.44, 472854330, 6.30, 4.17, 1.67, 4120.84007
2016-08-23, 1, wei_ruo, 10.03, 9.74, -1.42, 9.88, 9.80, 9.94, 9.63, 395846.73, 388262667, 5.12, 3.14, 1.27, 4259.76396
2016-08-24, 1, wei_ruo, 10.02, 9.66, -0.82, 9.74, 9.67, 9.77, 9.62, 204714.16, 198150436, 2.65, 1.54, 0.64, 2489.58707
2016-08-25, 1, wei_ruo, 10.00, 9.43, -2.38, 9.66, 9.59, 9.59, 9.32, 261145.66, 246396313, 3.38, 2.80, 0.86, 16331.08306
2016-08-26, 1, wei_ruo, 9.99, 9.42, -0.11, 9.43, 9.45, 9.54, 9.40, 158762.72, 150174260, 2.06, 1.48, 0.51, 2417.58084
2016-08-29, 1, wei_ruo, 9.98, 9.41, -0.11, 9.42, 9.40, 9.50, 9.33, 115040.31, 108293920, 1.49, 1.80, 0.38, 714.06817
2016-08-30, 1, wei_ruo, 9.97, 9.46, 0.53, 9.41, 9.45, 9.56, 9.42, 162527.15, 154309661, 2.10, 1.49, 0.71, 1241.41407
2016-08-31, 1, wei_ruo, 9.97, 9.39, -0.74, 9.46, 9.46, 9.49, 9.36, 47221.14, 44450269, 0.61, 1.37, 1.46, 8371.34719
2016-09-01, 1, wei_ruo, 9.95, 9.31, -1.38, 9.44, 9.45, 9.48, 9.31, 152356.54, 142964053, 1.97, 1.80, 0.91, 2000.45991
2016-09-02, 1, wei_ruo, 9.95, 9.39, -0.74, 9.46, 9.46, 9.49, 9.36, 47221.14, 44450269, 0.61, 1.37, 1.46, 5091.36415
2016-09-05, 1, wei_ruo, 9.95, 9.39, -0.74, 9.46, 9.46, 9.49, 9.36, 47221.14, 44450269, 0.61, 1.37, 1.46, 3850.47197
2016-09-06, 1, wei_ruo, 9.95, 9.39, -0.74, 9.46, 9.46, 9.49, 9.36, 47221.14, 44450269, 0.61, 1.37, 1.46, 6038.5282
2016-09-07, 1, wei_ruo, 9.95, 9.39, -0.74, 9.46, 9.46, 9.49, 9.36, 47221.14, 44450269, 0.61, 1.37, 1.46, 555.99499
2016-09-08, 1, wei_ruo, 9.95, 9.35, 0.21, 9.33, 9.36, 9.40, 9.30, 101377.33, 94739591, 1.31, 1.07, 0.60, 2640.31601
2016-09-09, 1, wei_ruo, 9.95, 9.29, -0.64, 9.35, 9.35, 9.45, 9.28, 140299.55, 131271271, 1.82, 1.82, 0.84, 4591.17198
2016-09-12, 1, wei_ruo, 9.95, 9.39, -0.74, 9.46, 9.46, 9.49, 9.36, 47221.14, 44450269, 0.61, 1.37, 1.46, 1127.12908
2016-09-13, 1, wei_ruo, 9.95, 9.39, -0.74, 9.46, 9.46, 9.49, 9.36, 47221.14, 44450269, 0.61, 1.37, 1.46, 3885.1459
2016-09-14, 1, wei_ruo, 9.95, 9.39, -0.74, 9.46, 9.46, 9.49, 9.36, 47221.14, 44450269, 0.61, 1.37, 1.46, 1075.71387
2016-09-19, 1, wei_ruo, 9.95, 8.79, 0.92, 8.71, 8.69, 8.80, 8.65, 96117.12, 84154879, 1.24, 1.72, 0.57, 2863.27314
2016-09-20, 1, wei_ruo, 9.95, 8.79, 0.00, 8.79, 8.80, 8.85, 8.73, 94102.92, 82723258, 1.22, 1.37, 0.56, 3417.75298
2016-09-21, 1, wei_ruo, 9.95, 8.79, 0.00, 8.79, 8.78, 8.86, 8.77, 75854.21, 66779490, 0.98, 1.02, 0.46, 486.73797
2016-09-22, 1, wei_ruo, 9.95, 8.76, 0.00, 8.76, 8.85, 8.85, 8.74, 97240.75, 85573020, 1.26, 1.26, 0.58, 590.23786
2016-09-23, 1, wei_ruo, 9.95, 8.67, -1.03, 8.76, 8.79, 8.83, 8.66, 112443, 98340377, 1.46, 1.94, 0.68, 1376.85299
2016-09-26, 1, wei_ruo, 9.95, 8.20, -5.31, 8.66, 8.62, 8.64, 8.20, 215211.27, 181194069, 2.79, 5.08, 1.28, 2611.87601
2016-09-27, 1, wei_ruo, 9.95, 8.30, 1.22, 8.20, 8.23, 8.30, 8.18, 127349.81, 105096545, 1.65, 1.46, 0.76, 1441.31994
2016-09-28, 1, wei_ruo, 9.95, 8.29, -0.12, 8.30, 8.34, 8.34, 8.25, 89747.83, 74364066, 1.16, 1.08, 0.53, 607.06592
2016-09-29, 1, wei_ruo, 9.95, 8.25, -0.48, 8.29, 8.29, 8.34, 8.24, 107920.54, 89427833, 1.40, 1.21, 0.64, 10707.82089
2016-09-30, 1, wei_ruo, 9.95, 8.27, 0.24, 8.25, 8.25, 8.29, 8.23, 77469.53, 64019564, 1.00, 0.73, 0.46, 2702.37398
2016-10-10, 1, wei_ruo, 9.95, 8.55, 3.39, 8.27, 8.32, 8.56, 8.32, 150348.79, 127183217, 1.95, 2.90, 0.90, 668.83183
2016-10-11, 1, wei_ruo, 9.95, 8.65, 1.17, 8.55, 8.58, 8.75, 8.50, 164207.59, 142187279, 2.13, 2.92, 0.98, 17098.21105
2016-10-12, 1, wei_ruo, 9.95, 8.57, -0.92, 8.65, 8.61, 8.62, 8.51, 108474.56, 92980910, 1.40, 1.27, 0.65, 760.79679
2016-10-13, 1, wei_ruo, 9.95, 8.59, 0.23, 8.57, 8.57, 8.62, 8.53, 99587.72, 85525601, 1.29, 1.05, 0.59, 7551.53894
2016-10-14, 1, wei_ruo, 9.55, 8.64, 0.58, 8.59, 8.57, 8.69, 8.54, 116512.57, 100515810, 1.51, 1.75, 0.69, 5100.11601
2016-10-17, 1, wei_ruo, 9.53, 8.68, 0.46, 8.64, 8.65, 8.76, 8.64, 58800.03, 51122790, 0.76, 1.39, 0.70, 5955.70588
2016-10-18, 1, wei_ruo, 9.51, 8.68, 2.00, 8.51, 8.46, 8.71, 8.46, 164333.75, 141941906, 2.13, 2.94, 0.98, 1872.70784
2016-10-19, 1, wei_ruo, 9.50, , , , , , , , , , , , 476.22895
2016-10-20, 1, wei_ruo, 9.48, 8.68, 0.46, 8.64, 8.65, 8.69, 8.59, 124491.02, 107594287, 1.61, 1.16, 0.88, 18077.51203
2016-10-21, 1, wei_ruo, 9.47, 8.56, -1.38, 8.68, 8.66, 8.68, 8.48, 134637.64, 115416454, 1.74, 2.30, 0.94, 5332.39412
2016-10-24, 1, wei_ruo, 9.45, 8.61, 0.58, 8.56, 8.56, 8.67, 8.50, 133470.61, 114817629, 1.73, 1.99, 0.99, 1607.41591
2016-10-25, 1, wei_ruo, 9.42, 8.88, 3.02, 8.62, 8.68, 8.98, 8.66, 346748.25, 307893202, 4.49, 3.71, 2.53, 20906.44622
2016-10-26, 1, wei_ruo, 9.41, 8.76, -1.35, 8.88, 8.81, 8.86, 8.70, 201992.3, 177064627, 2.61, 1.80, 1.47, 16117.49411
2016-10-27, 1, wei_ruo, 9.40, 8.82, 0.68, 8.76, 8.75, 8.88, 8.71, 125608.93, 110549426, 1.63, 1.94, 0.92, 2677.42991
2016-10-28, 1, wei_ruo, 9.38, 8.63, -2.27, 8.83, 8.81, 8.83, 8.62, 133600.88, 116365406, 1.73, 2.38, 0.98, 2016.23392
2016-10-31, 1, wei_ruo, 9.38, 8.65, 0.23, 8.63, 8.63, 8.73, 8.60, 100456.52, 87031281, 1.30, 1.51, 0.73, 596.8821
2016-11-01, 1, wei_ruo, 9.36, 8.67, 0.23, 8.65, 8.68, 8.69, 8.59, 121239.71, 104793057, 1.57, 1.16, 0.89, 539.35599
2016-11-02, 1, wei_ruo, 9.35, 8.49, -2.08, 8.67, 8.67, 8.67, 8.48, 158374.61, 135739360, 2.05, 2.19, 1.17, 556.14209
2016-11-03, 1, wei_ruo, 9.33, 8.53, 0.59, 8.48, 8.45, 8.60, 8.41, 133016.26, 113347765, 1.72, 2.24, 0.97, 534.76691
2016-11-04, 1, wei_ruo, 9.32, 8.53, 0.00, 8.53, 8.53, 8.58, 8.49, 113125.28, 96599160, 1.46, 1.06, 0.83, 833.318
2016-11-07, 1, wei_ruo, 9.31, 8.48, -0.59, 8.53, 8.51, 8.55, 8.46, 93128.47, 79128925, 1.21, 1.06, 0.68, 608.10518
2016-11-08, 1, wei_ruo, 9.30, 8.55, 0.83, 8.48, 8.51, 8.62, 8.51, 121755.09, 104156993, 1.58, 1.30, 0.90, 424.52693
2016-11-09, 1, wei_ruo, 9.28, 8.41, -1.64, 8.55, 8.53, 8.60, 8.28, 173474.28, 146239000, 2.25, 3.74, 1.27, 809.38005
2016-11-10, 1, wei_ruo, 9.27, 8.53, 1.43, 8.41, 8.48, 8.54, 8.45, 132358.36, 112589121, 1.71, 1.07, 0.97, 727.44799
2016-11-11, 1, wei_ruo, 9.25, 8.58, 0.59, 8.53, 8.52, 8.60, 8.49, 176135.09, 150631982, 2.28, 1.29, 1.29, 2717.98515
2016-11-14, 1, wei_ruo, 9.23, 8.69, 1.28, 8.58, 8.56, 8.77, 8.54, 210249.99, 182550428, 2.72, 2.68, 1.55, 437.10208
2016-11-15, 1, wei_ruo, 9.22, 8.71, 0.23, 8.69, 8.72, 8.76, 8.65, 162527.57, 141403516, 2.10, 1.27, 1.20, 1358.36697
2016-11-16, 2, qing_du, 9.21, 8.70, 0.12, 8.69, 8.72, 8.76, 8.66, 89354.06, 77796772, 1.16, 1.15, 1.30, 623.50702
2016-11-17, 2, qing_du, 9.20, 8.70, 0.12, 8.69, 8.72, 8.76, 8.66, 89354.06, 77796772, 1.16, 1.15, 1.30, 548.88296
2016-11-18, 2, qing_du, 9.19, 8.70, 0.12, 8.69, 8.72, 8.76, 8.66, 89354.06, 77796772, 1.16, 1.15, 1.30, 570.3299
2016-11-21, 2, qing_du, 9.18, 8.58, 0.23, 8.56, 8.52, 8.62, 8.50, 129382.92, 110965071, 1.67, 1.40, 0.94, 377.56801
2016-11-22, 2, qing_du, 9.17, 8.66, 0.93, 8.58, 8.59, 8.66, 8.56, 125428.56, 108160105, 1.62, 1.17, 0.92, 2953.73583
2016-11-23, 2, qing_du, 9.16, 8.56, -1.15, 8.66, 8.66, 8.70, 8.53, 144130.68, 124282917, 1.87, 1.96, 1.06, 497.33591
2016-11-24, 1, wei_ruo, 9.15, 8.46, -1.17, 8.56, 8.56, 8.62, 8.45, 127393.43, 108841958, 1.65, 1.99, 0.93, 2449.76282
2016-11-25, 1, wei_ruo, 9.13, 8.48, 0.24, 8.46, 8.48, 8.50, 8.31, 151131.05, 126716928, 1.96, 2.25, 1.10, 1184.42988
2016-11-28, 1, wei_ruo, 9.12, 8.45, -0.35, 8.48, 8.54, 8.55, 8.45, 114089.01, 96811705, 1.48, 1.18, 0.84, 490.38601
2016-11-29, 1, wei_ruo, 9.10, 8.28, -2.01, 8.45, 8.45, 8.45, 8.25, 184064.55, 153694178, 2.38, 2.37, 1.35, 395.3712
2016-11-30, 1, wei_ruo, 9.09, 8.31, 0.36, 8.28, 8.26, 8.36, 8.21, 97158.18, 80607825, 1.26, 1.81, 0.72, 512.26306
2016-12-01, 1, wei_ruo, 9.08, 8.26, -0.60, 8.31, 8.31, 8.35, 8.23, 148194.97, 122485419, 1.92, 1.44, 1.08, 454.92101
2016-12-05, 1, wei_ruo, 9.04, 7.99, -0.99, 8.07, 7.99, 8.07, 7.92, 108303.87, 86681650, 1.40, 1.86, 0.79, 711.03501
2016-12-06, 1, wei_ruo, 9.03, 8.08, 1.13, 7.99, 8.02, 8.14, 8.02, 99010.36, 80147872, 1.28, 1.50, 0.72, 624.99714
2016-12-07, 1, wei_ruo, 9.02, 8.14, 0.74, 8.08, 8.08, 8.14, 8.05, 75810.75, 61508667, 0.98, 1.11, 0.56, 466.40015
2016-12-08, 1, wei_ruo, 9.01, 8.05, -1.11, 8.14, 8.14, 8.15, 8.04, 90693.83, 73326180, 1.17, 1.35, 0.66, 502.96903
2016-12-09, 1, wei_ruo, 8.99, 8.13, 0.99, 8.05, 8.06, 8.29, 8.03, 159343.36, 130443038, 2.06, 3.23, 1.16, 672.74117
2016-12-12, 1, wei_ruo, 8.96, 7.62, -6.27, 8.13, 8.16, 8.16, 7.53, 211136.92, 166299807, 2.73, 7.75, 1.54, 496.31691
2016-12-13, 1, wei_ruo, 8.94, 7.62, 0.00, 7.62, 7.64, 7.68, 7.55, 94475.53, 72066958, 1.22, 1.71, 0.69, 959.35416
2016-12-14, 1, wei_ruo, 8.92, 7.55, -0.92, 7.62, 7.64, 7.68, 7.53, 105095.15, 79977365, 1.36, 1.97, 0.77, 919.61193
2017-01-10, 1, wei_ruo, 8.67, 7.79, -1.77, 7.93, 7.88, 7.92, 7.75, 106163.66, 82922774, 1.10, 2.14, 0.77, 464.25414
2017-01-11, 1, wei_ruo, 8.67, 7.69, -1.28, 7.79, 7.79, 7.81, 7.69, 74867.15, 57906092, 0.77, 1.54, 0.55, 617.56182
2017-01-13, 1, wei_ruo, 8.65, 7.45, -1.59, 7.57, 7.57, 7.63, 7.42, 85822.92, 64567428, 0.89, 2.77, 0.63, 528.898
2017-01-16, 1, wei_ruo, 8.62, 7.04, -5.50, 7.45, 7.47, 7.48, 6.71, 195917.66, 139291381, 2.03, 10.34, 1.43, 2544.2009
2017-01-17, 1, wei_ruo, 8.60, 7.10, 0.85, 7.04, 7.02, 7.12, 6.91, 92674.21, 65238316, 0.96, 2.98, 0.68, 693.06397
2017-01-18, 1, wei_ruo, 8.59, 7.03, -0.99, 7.10, 7.08, 7.12, 7.03, 61007.66, 43203875, 0.63, 1.27, 0.45, 721.16685
2017-02-07, 1, wei_ruo, 8.51, 7.13, -0.97, 7.20, 7.20, 7.20, 7.10, 41340.17, 29476080, 0.43, 1.39, 0.67, 4642.03
2017-02-08, 1, wei_ruo, 8.50, 7.24, 0.56, 7.20, 7.20, 7.24, 7.10, 87113.93, 62408489, 0.90, 1.94, 0.64, 2713.50217
2017-02-09, 1, wei_ruo, 8.48, 7.34, 1.38, 7.24, 7.22, 7.43, 7.19, 133339.02, 97600829, 1.38, 3.31, 1.25, 1033.49185
2017-02-10, 1, wei_ruo, 8.47, 7.36, -0.14, 7.37, 7.33, 7.40, 7.30, 102864.27, 75589981, 1.06, 1.36, 0.75, 575.18816
2017-02-14, 1, wei_ruo, 8.45, 7.40, -0.67, 7.45, 7.44, 7.45, 7.36, 78325.86, 57957306, 0.81, 1.21, 0.57, 597.20397
2017-02-15, 1, wei_ruo, 8.44, 7.35, -0.68, 7.40, 7.41, 7.42, 7.29, 104199.43, 76658086, 1.08, 1.76, 0.76, 4855.70002
2017-02-16, 1, wei_ruo, 8.43, 7.40, 0.68, 7.35, 7.34, 7.40, 7.30, 84033.9, 61910409, 0.87, 1.36, 0.61, 771.15488
2017-02-17, 1, wei_ruo, 8.42, 7.32, -1.08, 7.40, 7.41, 7.42, 7.30, 100853.22, 74113772, 1.04, 1.62, 0.74, 535.16698
2017-02-20, 1, wei_ruo, 8.40, 7.38, 0.82, 7.32, 7.33, 7.39, 7.27, 109737.45, 80441376, 1.13, 1.64, 0.80, 638.15022
2017-02-21, 1, wei_ruo, 8.39, 7.32, -1.08, 7.40, 7.41, 7.42, 7.30, 100853.22, 74113772, 1.04, 1.62, 0.74, 710.37698
2017-02-22, 1, wei_ruo, 8.38, 7.48, 0.40, 7.45, 7.45, 7.52, 7.41, 123106.7, 91825278, 1.27, 1.48, 0.90, 4944.67306
2017-02-23, 2, qing_du, 8.36, 7.59, 1.47, 7.48, 7.47, 7.61, 7.41, 170593.36, 127999520, 1.76, 2.67, 1.25, 1204.29492
2017-02-24, 2, qing_du, 8.35, 7.54, -0.66, 7.59, 7.67, 7.77, 7.49, 212545.92, 161707113, 2.20, 3.69, 1.55, 1034.97505
2017-02-27, 2, qing_du, 8.34, 7.39, -1.99, 7.54, 7.54, 7.56, 7.38, 122109.57, 90915182, 1.26, 2.39, 0.89, 683.90393
2017-02-28, 2, qing_du, 8.33, 7.59, 0.00, 7.59, 7.67, 7.77, 7.58, 109659, 84029968, 1.13, 2.50, 4.37, 1089.81395
2017-03-01, 2, qing_du, 8.32, 7.42, -0.13, 7.43, 7.41, 7.46, 7.39, 87476.68, 64910359, 0.90, 0.94, 0.64, 521.6229
2017-03-02, 2, qing_du, 8.31, 7.48, 0.81, 7.42, 7.44, 7.52, 7.36, 140358.03, 104592348, 1.45, 2.16, 1.02, 1067.88278
2017-03-03, 2, qing_du, 8.30, 8.23, 10.03, 7.48, 7.70, 8.23, 7.61, 438733.6, 352254214, 4.54, 8.29, 3.20, 2892.78889
2017-03-06, 3, zhong_du, 8.41, 9.05, 9.96, 8.23, 8.70, 9.05, 8.52, 1970680.88, 1741729478, 20.37, 6.44, 14.39, 2549.8929
2017-03-07, 4, gao_du, 8.46, 8.58, -1.38, 8.70, 8.61, 8.78, 8.51, 541444.96, 469535823, 5.60, 3.10, 7.90, 756.90603
2017-03-08, 4, gao_du, 8.48, 8.57, -1.49, 8.70, 8.61, 8.78, 8.48, 909755.47, 783686271, 9.40, 3.45, 6.64, 29593.86897
2017-03-09, 4, gao_du, 8.56, 9.06, 5.72, 8.57, 8.58, 9.39, 8.41, 1638507.64, 1454882027, 16.94, 11.44, 11.96, 615.97681
2017-03-10, 4, gao_du, 8.61, 8.87, -2.10, 9.06, 8.83, 9.26, 8.81, 1299599.47, 1170759885, 13.43, 4.97, 9.49, 533.79989
2017-03-13, 4, gao_du, 8.66, 9.07, 2.25, 8.87, 8.71, 9.30, 8.61, 1197242.41, 1080684199, 12.38, 7.78, 8.74, 642.89713
2017-03-14, 4, gao_du, 8.69, 9.10, 0.33, 9.07, 8.99, 9.14, 8.83, 874617.45, 786527825, 9.04, 3.42, 6.38, 600.12388
2017-03-15, 5, qiang_lie, 8.71, 8.90, -2.20, 9.10, 9.00, 9.05, 8.81, 588103.76, 524639490, 6.08, 2.64, 4.29, 576.87402
2017-03-16, 5, qiang_lie, 8.74, 9.05, 1.69, 8.90, 8.90, 9.24, 8.85, 896658.14, 813194219, 9.27, 4.38, 6.55, 1017.4861
2017-03-17, 5, qiang_lie, 8.78, 9.12, 0.77, 9.05, 8.90, 9.35, 8.84, 1069446.3, 974357695, 11.05, 5.64, 7.81, 570.20903
2017-03-20, 5, qiang_lie, 8.81, 9.23, 1.21, 9.12, 9.05, 9.35, 8.91, 760646.08, 694884168, 7.86, 4.82, 5.55, 697.13187
2017-03-21, 5, qiang_lie, 8.85, 9.33, 1.08, 9.23, 9.20, 9.44, 9.10, 848432.61, 784718621, 8.77, 3.68, 6.19, 574.2991
2017-03-22, 5, qiang_lie, 8.87, 9.15, -1.93, 9.33, 9.20, 9.28, 9.05, 669068.83, 612725594, 6.92, 2.47, 4.88, 625.95916
2017-03-23, 5, qiang_lie, 8.87, 8.88, -2.95, 9.15, 9.06, 9.15, 8.66, 800417.84, 714975786, 8.27, 5.36, 5.84, 632.91883
2017-03-24, 5, qiang_lie, 8.87, 8.87, -0.11, 8.88, 8.89, 8.97, 8.75, 456838.24, 405256721, 4.72, 2.48, 3.33, 538.88702
2017-03-27, 5, qiang_lie, 8.88, 9.00, 1.47, 8.87, 8.85, 9.05, 8.81, 486383.04, 435450323, 5.03, 2.71, 3.55, 587.76593
2017-03-28, 5, qiang_lie, 8.88, 8.81, -2.11, 9.00, 8.95, 9.13, 8.81, 589929.69, 530225906, 6.10, 3.56, 4.31, 651.2599
2017-03-29, 5, qiang_lie, 8.86, 8.46, -3.97, 8.81, 8.75, 8.75, 8.44, 641341.37, 549306604, 6.63, 3.52, 4.68, 650.12813
2017-03-30, 4, gao_du, 8.84, 8.27, -2.25, 8.46, 8.56, 8.60, 8.26, 423347.11, 356809150, 4.38, 4.02, 3.09, 637.95805
2017-03-31, 4, gao_du, 8.82, 8.37, 1.21, 8.27, 8.31, 8.51, 8.23, 395947.74, 331061519, 4.09, 3.39, 2.89, 577.50607
2017-04-05, 3, zhong_du, 8.80, 8.57, 2.39, 8.37, 8.28, 8.64, 8.28, 422016.98, 360114653, 4.36, 4.30, 3.08, 520.50495
2017-04-06, 3, zhong_du, 8.80, 8.53, -0.47, 8.57, 8.54, 8.65, 8.45, 344915.84, 293947872, 3.57, 2.33, 2.52, 605.84497
2017-04-07, 3, zhong_du, 8.78, 8.30, -2.70, 8.53, 8.53, 8.55, 8.28, 375271.17, 314087576, 3.88, 3.17, 2.74, 610.20899
2017-04-10, 3, zhong_du, 8.76, 8.33, 0.36, 8.30, 8.26, 8.53, 8.22, 341285.88, 286266140, 3.53, 3.73, 2.49, 598.33908
2017-04-11, 3, zhong_du, 8.74, 8.39, 0.72, 8.33, 8.25, 8.40, 8.00, 504807.86, 413068493, 5.22, 4.80, 3.68, 540.87901
2017-04-12, 3, zhong_du, 8.74, 8.78, 4.65, 8.39, 8.40, 9.23, 8.24, 903653.24, 792337345, 9.34, 11.80, 6.60, 625.33808
2017-04-13, 4, gao_du, 8.74, 8.71, -0.80, 8.78, 8.68, 8.93, 8.52, 523512.7, 456361790, 5.41, 4.67, 3.82, 600.33607
2017-04-14, 4, gao_du, 8.73, 8.48, -2.64, 8.71, 8.64, 8.89, 8.45, 412617.86, 357760085, 4.27, 5.05, 3.01, 646.91091
2017-04-17, 4, gao_du, 8.72, 8.34, -1.65, 8.48, 8.35, 8.54, 8.27, 249735.47, 209118817, 2.58, 3.18, 1.82, 686.46502
2017-04-18, 3, zhong_du, 8.71, 8.17, -2.04, 8.34, 8.38, 8.42, 8.17, 235645.53, 194841808, 2.44, 3.00, 1.72, 558.40993
2017-04-19, 3, zhong_du, 8.68, 7.82, -4.28, 8.17, 8.15, 8.15, 7.64, 338976.58, 265171356, 3.50, 6.24, 2.47, 620.41903
2017-04-20, 2, qing_du, 8.66, 7.60, -2.81, 7.82, 7.83, 7.86, 7.51, 211087.45, 161955335, 2.18, 4.48, 1.54, 616.52398
2017-04-21, 2, qing_du, 8.65, 7.60, 0.00, 7.60, 7.57, 7.76, 7.57, 143660.79, 109956133, 1.49, 2.50, 1.05, 499.22895
2017-04-24, 1, wei_ruo, 8.62, 7.17, -5.66, 7.60, 7.60, 7.60, 7.10, 192829.22, 140224411, 1.99, 6.58, 1.41, 636.00302
2017-04-25, 1, wei_ruo, 8.59, 7.17, 0.00, 7.17, 7.25, 7.35, 7.11, 162850.37, 117934083, 1.68, 3.35, 1.19, 659.64198
2017-04-26, 1, wei_ruo, 8.57, 7.24, 0.98, 7.17, 7.20, 7.30, 7.18, 148974.9, 107772016, 1.54, 1.67, 1.09, 777.27795
2017-04-27, 1, wei_ruo, 8.54, 7.34, 1.38, 7.24, 7.20, 7.38, 7.01, 251558.25, 181127643, 2.60, 5.11, 1.84, 546.99898
2017-04-28, 1, wei_ruo, 8.52, 7.34, 0.00, 7.34, 7.34, 7.42, 7.28, 162997.05, 119682399, 1.68, 1.91, 1.19, 666.06116
2017-05-02, 1, wei_ruo, 8.50, 7.36, 0.27, 7.34, 7.35, 7.47, 7.29, 145472.39, 107405040, 1.50, 2.45, 1.06, 617.9111
2017-05-03, 1, wei_ruo, 8.48, 7.30, -0.82, 7.36, 7.37, 7.40, 7.22, 142252.1, 103916384, 1.47, 2.45, 1.04, 2691.05697
2017-05-04, 1, wei_ruo, 8.47, 7.20, -1.37, 7.30, 7.29, 7.36, 7.14, 135570.07, 98325670, 1.40, 3.01, 0.99, 679.11482
2017-05-05, 1, wei_ruo, 8.45, 7.13, -0.97, 7.20, 7.21, 7.24, 7.12, 118704.46, 85199186, 1.23, 1.67, 0.87, 657.233
2017-05-11, 1, wei_ruo, 8.35, 6.75, -3.30, 6.98, 6.90, 6.90, 6.44, 253052.01, 169508530, 2.62, 6.59, 1.85, 668.74599
2017-05-12, 1, wei_ruo, 8.32, 6.69, -0.89, 6.75, 6.74, 6.79, 6.56, 144987.09, 96852922, 1.50, 3.41, 1.06, 787.57405
2017-05-15, 1, wei_ruo, 8.31, 6.67, -0.30, 6.69, 6.73, 6.79, 6.65, 105053.08, 70667452, 1.09, 2.09, 0.77, 518.12696
2017-05-17, 1, wei_ruo, 8.21, 7.27, -0.95, 7.34, 7.44, 7.44, 7.22, 402092.24, 295105997, 4.16, 3.00, 2.94, 610.34799
2017-05-18, 1, wei_ruo, 8.19, 7.22, -0.69, 7.27, 7.16, 7.34, 7.10, 227945.13, 164526940, 2.36, 3.30, 1.66, 624.11618
2017-05-19, 1, wei_ruo, 8.17, 7.14, -1.11, 7.22, 7.24, 7.27, 7.08, 157949.32, 113264641, 1.63, 2.63, 1.15, 579.08702
2017-05-22, 1, wei_ruo, 8.15, 7.14, 0.00, 7.14, 7.17, 7.27, 7.05, 190107.46, 136326541, 1.97, 3.08, 1.39, 734.53784
2017-05-23, 1, wei_ruo, 8.12, 6.64, -7.00, 7.14, 7.10, 7.16, 6.58, 228262.01, 157509524, 2.36, 8.12, 1.67, 896.80886
2017-05-24, 1, wei_ruo, 8.07, 7.20, 8.43, 6.64, 6.64, 7.30, 6.58, 472905.95, 335579231, 4.89, 10.84, 3.45, 675.22097
2017-05-25, 1, wei_ruo, 8.03, 7.22, 0.28, 7.20, 7.12, 7.36, 6.95, 409445.18, 292835035, 4.23, 5.69, 2.99, 550.02904
2017-05-26, 1, wei_ruo, 8.00, 7.29, 0.97, 7.22, 7.19, 7.38, 7.13, 372099.65, 270860107, 3.85, 3.46, 2.72, 733.43015
2017-05-31, 1, wei_ruo, 7.98, 7.17, -1.65, 7.29, 7.39, 7.44, 7.17, 223847.09, 162681964, 2.31, 3.70, 1.63, 625.103
2017-06-01, 1, wei_ruo, 7.96, 6.82, -4.88, 7.17, 7.12, 7.14, 6.80, 246697.61, 171241246, 2.55, 4.74, 1.80, 574.14699
2017-06-02, 1, wei_ruo, 7.94, 7.14, 4.69, 6.82, 6.83, 7.17, 6.76, 218511.73, 152531692, 2.26, 6.01, 1.60, 624.09401
2017-06-05, 1, wei_ruo, 7.92, 7.17, 0.42, 7.14, 7.10, 7.26, 7.08, 195406.98, 139881918, 2.02, 2.52, 1.43, 675.74501
2017-06-06, 1, wei_ruo, 7.91, 7.26, 1.26, 7.17, 7.14, 7.26, 7.10, 184165, 132271631, 1.90, 2.23, 1.34, 17661.03697
2017-06-07, 1, wei_ruo, 7.88, 7.49, 3.17, 7.26, 7.38, 7.55, 7.30, 480933.94, 359160909, 4.97, 3.44, 3.51, 760.67305
2017-06-08, 1, wei_ruo, 7.82, 7.42, -0.27, 7.44, 7.43, 7.48, 7.33, 305715.36, 226470210, 3.16, 2.02, 2.23, 653.28598
2017-06-09, 1, wei_ruo, 7.80, 7.35, -0.94, 7.42, 7.36, 7.41, 7.22, 259417.05, 189558590, 2.68, 2.56, 1.89, 849.76006
2017-06-12, 1, wei_ruo, 7.79, 7.16, -2.59, 7.35, 7.35, 7.37, 7.13, 201454.83, 146010018, 2.08, 3.27, 1.47, 686.06997
2017-06-13, 1, wei_ruo, 7.77, 7.41, 3.49, 7.16, 7.11, 7.51, 7.10, 381940.83, 281522505, 3.95, 5.73, 2.79, 1895.46514
2017-06-14, 1, wei_ruo, 7.76, 7.35, -0.81, 7.41, 7.37, 7.52, 7.32, 288862.49, 214009376, 2.99, 2.70, 2.11, 583.33993
2017-06-15, 2, qing_du, 7.75, 7.43, 1.09, 7.35, 7.34, 7.43, 7.29, 228704.5, 168586230, 2.36, 1.90, 1.67, 1357.939
2017-06-16, 3, zhong_du, 7.75, 7.34, -1.21, 7.43, 7.43, 7.48, 7.34, 184489, 136206330, 1.91, 1.88, 1.35, 622.79892
2017-06-19, 3, zhong_du, 7.74, 7.34, 0.00, 7.34, 7.32, 7.36, 7.26, 152479.69, 111418465, 1.58, 1.36, 1.11, 734.77602
2017-06-20, 3, zhong_du, 7.73, 7.58, 3.27, 7.34, 7.35, 7.83, 7.34, 633239.42, 480971858, 6.55, 6.68, 4.62, 558.84314
2017-06-21, 3, zhong_du, 7.72, 7.55, -0.40, 7.58, 7.51, 7.56, 7.45, 295724.35, 221654924, 3.06, 1.45, 2.16, 2869.96698
2017-06-22, 3, zhong_du, 7.71, 7.33, -2.91, 7.55, 7.53, 7.63, 7.30, 323249.34, 242607501, 3.34, 4.37, 2.36, 624.856
2017-06-23, 3, zhong_du, 7.70, 7.53, 2.73, 7.33, 7.29, 7.54, 7.27, 308551.13, 229364263, 3.19, 3.68, 2.25, 697.05105
2017-06-26, 3, zhong_du, 7.70, 7.63, 1.33, 7.53, 7.53, 7.70, 7.44, 345350.67, 261853665, 3.57, 3.45, 2.52, 644.41919
2017-06-27, 3, zhong_du, 7.70, 7.57, -0.79, 7.63, 7.60, 7.76, 7.57, 313725.7, 239993344, 3.24, 2.49, 2.29, 546.75698
2017-06-28, 4, gao_du, 7.70, 7.71, 1.85, 7.57, 7.51, 7.71, 7.46, 324047.17, 246795513, 3.35, 3.30, 2.37, 647.89391
2017-06-29, 4, gao_du, 7.70, 7.66, -0.65, 7.71, 7.67, 7.75, 7.63, 252343.06, 193893011, 2.61, 1.56, 1.84, 4543.83492
2017-06-30, 4, gao_du, 7.70, 7.72, 0.78, 7.66, 7.61, 7.75, 7.54, 295850.39, 226539444, 3.06, 2.74, 2.16, 549.7098
2017-07-03, 5, qiang_lie, 7.70, 7.77, 0.65, 7.72, 7.72, 7.78, 7.62, 269581.8, 207921768, 2.79, 2.07, 1.97, 495.69893
2017-07-04, 5, qiang_lie, 7.70, 7.67, -1.29, 7.77, 7.76, 7.91, 7.66, 371135.94, 288494318, 3.84, 3.22, 2.71, 562.04414
2017-07-05, 5, qiang_lie, 7.70, 7.80, 1.69, 7.67, 7.64, 7.84, 7.62, 321492.84, 248462599, 3.32, 2.87, 2.35, 2852.44799
2017-07-06, 5, qiang_lie, 7.71, 7.89, 1.15, 7.80, 7.73, 8.16, 7.73, 572347.02, 454730761, 5.92, 5.51, 4.18, 1614.67195
2017-07-07, 5, qiang_lie, 7.73, 8.06, 2.15, 7.89, 7.83, 8.10, 7.79, 478343.45, 379185841, 4.94, 3.93, 3.49, 605.62706
2017-07-10, 5, qiang_lie, 7.74, 7.93, -1.61, 8.06, 7.97, 8.07, 7.92, 341119.03, 272222492, 3.53, 1.86, 2.49, 665.85088
2017-07-11, 5, qiang_lie, 7.75, 7.83, -1.26, 7.93, 7.98, 8.22, 7.83, 429254.58, 345349640, 4.44, 4.92, 3.13, 736.61113
2017-07-12, 5, qiang_lie, 7.75, 8.09, 3.32, 7.83, 7.80, 8.10, 7.71, 394108.31, 310273925, 4.07, 4.98, 2.88, 2648.103
2017-07-13, 5, qiang_lie, 7.77, 8.04, -0.62, 8.09, 8.05, 8.20, 8.01, 359107.85, 290684304, 3.71, 2.35, 2.62, 1226.11785
2017-07-14, 5, qiang_lie, --, 8.04, 0.00, 8.04, 8.03, 8.18, 7.90, 333142.06, 268342917, 3.44, 3.48, 2.43, 628.50904
2017-07-17, 5, qiang_lie, --, 7.26, -9.70, 8.04, 8.04, 8.04, 7.24, 549202.67, 413324454, 5.68, 9.95, 4.01, 780.85279
2017-07-18, 5, qiang_lie, 7.75, 7.38, 1.65, 7.26, 7.24, 7.45, 7.06, 288616.6, 210166188, 2.98, 5.37, 2.11, 912.13703
2017-07-19, 4, gao_du, --, 7.48, 1.36, 7.38, 7.31, 7.52, 7.25, 328489.44, 242805593, 3.40, 3.66, 2.40, 521.86799
2017-07-20, 3, zhong_du, --, 7.65, 2.27, 7.48, 7.43, 7.74, 7.41, 404092.3, 307919095, 4.18, 4.41, 2.95, 854.02393
2017-07-21, 3, zhong_du, --, 7.59, -0.78, 7.65, 7.62, 7.78, 7.56, 320576.83, 245708711, 3.31, 2.88, 2.34, 2417.06109
2017-07-24, 3, zhong_du, 7.72, 7.56, -0.40, 7.59, 7.59, 7.63, 7.43, 287159.41, 215878446, 2.97, 2.64, 2.10, 618.25418
2017-07-25, 3, zhong_du, --, 7.52, -0.53, 7.56, 7.52, 7.63, 7.40, 223582.78, 167982595, 2.31, 3.04, 1.63, 778.87607
2017-07-26, 3, zhong_du, --, 7.62, 1.33, 7.52, 7.47, 7.68, 7.37, 332256.7, 250388410, 3.43, 4.12, 2.43, 757.24697
2017-07-27, 3, zhong_du, 7.71, 7.66, 0.52, 7.62, 7.58, 7.69, 7.46, 343564.14, 260478793, 3.55, 3.02, 2.51, 724.24698
2017-07-28, 3, zhong_du, 7.71, 7.80, 1.83, 7.66, 7.60, 7.94, 7.58, 523091.15, 406208251, 5.41, 4.70, 3.82, 636.03806
2017-07-31, 4, gao_du, 7.71, 7.82, 0.26, 7.80, 7.74, 7.85, 7.72, 356592.12, 277916292, 3.69, 1.67, 2.60, 696.62189
2017-08-01, 4, gao_du, 7.72, 7.85, 0.38, 7.82, 7.83, 7.94, 7.73, 386412.27, 302405412, 3.99, 2.69, 2.82, 683.38895
2017-08-02, 4, gao_du, 7.72, 7.65, -2.55, 7.85, 7.81, 7.89, 7.65, 334992.91, 259866306, 3.46, 3.06, 2.45, 30670.77017
2017-08-03, 4, gao_du, 7.71, 7.51, -1.83, 7.65, 7.58, 7.63, 7.47, 287392.82, 216680674, 2.97, 2.09, 2.10, 756.06298
2017-08-04, 3, zhong_du, 7.71, 7.40, -1.46, 7.51, 7.51, 7.56, 7.38, 253233.54, 189369258, 2.62, 2.40, 1.85, 632.76792
2017-08-07, 3, zhong_du, 7.70, 7.46, 0.81, 7.40, 7.41, 7.47, 7.37, 129045.98, 96007619, 1.33, 1.35, 0.94, 709.18298
2017-08-08, 2, qing_du, 7.70, 7.53, 0.94, 7.46, 7.46, 7.58, 7.41, 205615.37, 154163555, 2.13, 2.28, 1.50, 736.89389
2017-08-09, 2, qing_du, 7.70, 7.67, 1.86, 7.53, 7.46, 7.70, 7.41, 300810.93, 227358577, 3.11, 3.85, 2.20, 2692.70205
2017-08-10, 3, zhong_du, 7.69, 7.45, -2.87, 7.67, 7.67, 7.67, 7.40, 282865.03, 213154664, 2.92, 3.52, 2.06, 690.02104
2017-08-11, 2, qing_du, 7.68, 7.14, -4.16, 7.45, 7.36, 7.38, 7.13, 259524, 188397562, 2.68, 3.36, 1.89, 636.23786
2017-08-14, 2, qing_du, 7.67, 7.33, 2.66, 7.14, 7.16, 7.36, 7.16, 128685.19, 93581428, 1.33, 2.80, 0.94, 798.455
2017-08-15, 1, wei_ruo, 7.67, 7.35, 0.27, 7.33, 7.27, 7.43, 7.27, 127950.81, 93993322, 1.32, 2.18, 0.93, 860.45098
2017-08-16, 1, wei_ruo, 7.66, 7.43, 1.09, 7.35, 7.31, 7.48, 7.20, 217235.44, 159945498, 2.25, 3.81, 1.59, 977.19193
2017-08-17, 1, wei_ruo, 7.66, 7.41, -0.27, 7.43, 7.40, 7.46, 7.37, 188126.77, 139364403, 1.94, 1.21, 1.37, 15608.464
2017-08-18, 1, wei_ruo, 7.65, 7.36, -0.67, 7.41, 7.36, 7.38, 7.28, 138161.51, 101337525, 1.43, 1.35, 1.01, 611.98211
2017-08-21, 1, wei_ruo, 7.65, 7.47, 1.49, 7.36, 7.38, 7.53, 7.38, 185413.62, 138395414, 1.92, 2.04, 1.35, 817.97504
2017-08-22, 1, wei_ruo, 7.65, 7.50, 0.40, 7.47, 7.46, 7.58, 7.42, 237183.58, 177854011, 2.45, 2.14, 1.73, 369.07411
2017-08-23, 1, wei_ruo, 7.64, 7.34, -2.13, 7.50, 7.47, 7.54, 7.34, 179772, 133447516, 1.86, 2.67, 1.31, 848.39106
2017-08-24, 1, wei_ruo, 7.64, 7.25, -1.23, 7.34, 7.36, 7.38, 7.23, 130185.39, 94933535, 1.35, 2.04, 0.95, 906.33821
2017-08-25, 1, wei_ruo, 7.63, 7.33, 1.10, 7.25, 7.30, 7.35, 7.24, 114161.78, 83412502, 1.18, 1.52, 0.83, 752.54416
2017-08-28, 1, wei_ruo, 7.63, 7.46, 1.77, 7.33, 7.35, 7.54, 7.31, 202616.4, 150589763, 2.09, 3.14, 1.48, 2526.95489
2017-08-29, 1, wei_ruo, 7.62, 7.38, -1.07, 7.46, 7.44, 7.48, 7.35, 136643.18, 101292417, 1.41, 1.74, 1.00, 609.61318
2017-08-30, 1, wei_ruo, 7.62, 7.39, 0.14, 7.38, 7.39, 7.44, 7.36, 106643.61, 78934768, 1.10, 1.08, 0.78, 905.06315
2017-08-31, 1, wei_ruo, 7.62, 7.60, 2.84, 7.39, 7.41, 7.64, 7.40, 457909.63, 345888391, 4.73, 3.25, 3.34, 313.19785
2017-09-01, 1, wei_ruo, 7.62, 7.54, 2.03, 7.39, 7.41, 7.58, 7.40, 256241.15, 192717852, 2.65, 2.44, 3.74, 720.55006
2017-09-04, 1, wei_ruo, 7.62, 7.56, 0.40, 7.53, 7.50, 7.56, 7.48, 185141.38, 139413872, 1.91, 1.06, 1.35, 708.47011
2017-09-05, 2, qing_du, 7.61, 7.60, 0.53, 7.56, 7.55, 7.65, 7.43, 311719.63, 235320454, 3.22, 2.91, 2.28, 1203.64308
2017-09-06, 2, qing_du, 7.62, 7.54, 2.03, 7.39, 7.41, 7.58, 7.40, 256241.15, 192717852, 2.65, 2.44, 3.74, 648.85211
2017-09-07, 2, qing_du, 7.63, 7.84, 1.03, 7.76, 7.77, 7.95, 7.68, 555469.69, 434696204, 5.74, 3.48, 4.05, 1765.3389
2017-09-08, 3, zhong_du, 7.74, 7.54, 2.03, 7.39, 7.41, 7.58, 7.40, 256241.15, 192717852, 2.65, 2.44, 3.74, 1331.26402
2017-09-11, 3, zhong_du, 7.86, 8.69, 2.96, 8.44, 8.44, 8.74, 8.40, 1284853.72, 1101489595, 13.28, 4.03, 9.38, 3438.54189
2017-09-12, 4, gao_du, 7.92, 8.29, -4.60, 8.69, 8.54, 8.71, 8.27, 1019536.95, 866050180, 10.54, 5.06, 7.44, 670.20297
2017-09-13, 4, gao_du, 7.94, 8.40, 1.33, 8.29, 8.27, 8.42, 8.14, 454820.68, 377486699, 4.70, 3.38, 3.32, 2647.75491
2017-09-14, 4, gao_du, 7.95, 8.26, -1.67, 8.40, 8.35, 8.39, 8.15, 408928.87, 337768777, 4.23, 2.86, 2.99, 562.8531
2017-09-15, 3, zhong_du, 7.96, 8.25, -0.12, 8.26, 8.21, 8.36, 8.20, 280456.32, 231903177, 2.90, 1.94, 2.05, 841.80808
2017-09-18, 3, zhong_du, 7.98, 8.47, 2.67, 8.25, 8.27, 8.59, 8.27, 432997.2, 365176424, 4.48, 3.88, 3.16, 656.76713
2017-09-19, 3, zhong_du, 8.00, 8.35, -1.42, 8.47, 8.47, 8.62, 8.30, 341461.52, 287070181, 3.53, 3.78, 2.49, 791.17894
2017-09-20, 3, zhong_du, 8.06, 8.69, 4.07, 8.35, 8.50, 8.88, 8.47, 879708.51, 766011026, 9.09, 4.91, 6.42, 1318.59183
2017-09-21, 4, gao_du, 8.08, 8.20, -5.64, 8.69, 8.61, 8.67, 8.19, 651211.72, 547574210, 6.73, 5.52, 4.75, 687.00409
2017-09-22, 4, gao_du, 8.08, 8.31, 1.34, 8.20, 8.13, 8.37, 8.10, 309776.44, 256085059, 3.20, 3.29, 2.26, 649.66297
2017-09-25, 3, zhong_du, 8.08, 8.00, -3.73, 8.31, 8.28, 8.29, 7.94, 330623.01, 268071819, 3.42, 4.21, 2.41, 566.86497
2017-09-26, 3, zhong_du, 8.08, 8.02, 0.25, 8.00, 8.00, 8.08, 7.93, 178568.82, 143066923, 1.85, 1.88, 1.30, 2225.69203
2017-09-27, 3, zhong_du, 8.08, 8.08, 0.75, 8.02, 8.04, 8.17, 7.99, 200091.45, 162152309, 2.07, 2.24, 1.46, 686.90705
2017-09-28, 2, qing_du, 8.08, 7.92, -1.98, 8.08, 8.04, 8.19, 7.92, 245092.11, 196996852, 2.53, 3.34, 1.79, 2553.0839
2017-09-29, 2, qing_du, 8.08, 8.04, 1.52, 7.92, 7.90, 8.07, 7.90, 176683.7, 141369353, 1.83, 2.15, 1.29, 683.80713
2017-10-10, 3, zhong_du, 8.08, 8.19, 1.11, 8.10, 8.09, 8.20, 8.07, 199487.36, 162476132, 2.06, 1.60, 1.46, 2570.73808
2017-10-12, 3, zhong_du, 8.09, 8.12, -1.69, 8.26, 8.22, 8.24, 8.02, 219142.33, 177951245, 2.27, 2.66, 1.60, 791.90707
2017-10-13, 3, zhong_du, 8.09, 8.09, -0.37, 8.12, 8.13, 8.15, 8.06, 118235.5, 95651427, 1.22, 1.11, 0.86, 714.91814
2017-10-16, 3, zhong_du, 8.08, 7.75, -4.20, 8.09, 8.06, 8.09, 7.75, 270840.93, 213619830, 2.80, 4.20, 1.98, 382.05791
2017-10-17, 2, qing_du, 8.08, 7.77, 0.26, 7.75, 7.78, 7.82, 7.73, 90271.73, 70131374, 0.93, 1.16, 0.66, 547.62578
2017-10-18, 2, qing_du, 8.07, 7.57, -2.57, 7.77, 7.75, 7.81, 7.53, 181462.21, 138800670, 1.88, 3.60, 1.32, 541.80789
2017-10-19, 2, qing_du, 8.06, 7.57, 0.00, 7.57, 7.54, 7.61, 7.43, 139359.96, 104876968, 1.44, 2.38, 1.02, 566.59889
2017-10-20, 1, wei_ruo, 8.06, 7.80, 3.04, 7.57, 7.57, 7.92, 7.51, 190643.29, 147283060, 1.97, 5.42, 1.39, 533.04791
2017-10-23, 1, wei_ruo, 8.05, 7.72, -1.03, 7.80, 7.74, 7.75, 7.65, 113205.29, 87212469, 1.17, 1.28, 0.83, 850.70205
2017-10-24, 1, wei_ruo, 8.05, 7.60, -1.55, 7.72, 7.71, 7.77, 7.53, 114038.03, 87007228, 1.18, 3.11, 0.83, 351.57013
2017-10-25, 1, wei_ruo, 8.04, 7.69, 1.18, 7.60, 7.64, 7.76, 7.58, 113924.75, 87513809, 1.18, 2.37, 0.83, 701.98679
2017-10-26, 1, wei_ruo, 8.04, 7.73, 0.52, 7.69, 7.72, 7.78, 7.63, 127915.22, 98821689, 1.32, 1.95, 0.93, 719.96713
2017-10-27, 1, wei_ruo, 8.03, 7.65, -1.03, 7.73, 7.74, 7.80, 7.64, 110355.01, 85232588, 1.14, 2.07, 0.81, 654.21796
2017-10-30, 1, wei_ruo, 8.02, 7.28, -4.84, 7.65, 7.66, 7.68, 7.23, 217647.32, 160237298, 2.25, 5.88, 1.59, 2964.08296
2017-10-31, 1, wei_ruo, 8.01, 7.36, 1.10, 7.28, 7.29, 7.39, 7.29, 88923.81, 65175054, 0.92, 1.37, 0.65, 825.87194
2017-11-01, 1, wei_ruo, 8.01, 7.29, -0.95, 7.36, 7.37, 7.38, 7.29, 89906.17, 65895906, 0.93, 1.22, 0.66, 883.88205
2017-11-02, 1, wei_ruo, 8.00, 7.15, -1.92, 7.29, 7.31, 7.31, 7.09, 133083, 95562819, 1.38, 3.02, 0.97, 691.15114
2017-11-03, 1, wei_ruo, 7.99, 7.06, -1.26, 7.15, 7.13, 7.18, 7.01, 106389.75, 75275241, 1.10, 2.38, 0.78, 817.41905
2017-11-06, 1, wei_ruo, 7.98, 7.16, 0.00, 7.16, 7.17, 7.18, 7.15, 1643, 1176295, 0.02, 0.42, 0.48, 62852.03004
2017-11-07, 1, wei_ruo, 7.97, 0.00, 0.00, 7.20, 0.00, 0.00, 0.00, 0, 0, 0.00, 0.00, 0.00, 753.83806
2017-11-08, 1, wei_ruo, 7.96, 7.25, 0.14, 7.24, 7.25, 7.25, 7.25, 1, 725, 0.00, 0.00, 0.00, 823.79007
2017-11-10, 1, wei_ruo, 7.95, 7.20, -0.55, 7.24, 7.25, 7.26, 7.14, 103547.07, 74507404, 1.07, 1.66, 1.11, 782.81307
2017-11-13, 1, wei_ruo, 7.94, 7.14, -0.83, 7.20, 7.21, 7.22, 7.13, 86126.51, 61601618, 0.89, 1.25, 0.93, 699.83196
2017-11-14, 1, wei_ruo, 7.93, 7.04, -1.40, 7.14, 7.15, 7.16, 7.03, 117052.69, 82879731, 1.21, 1.82, 1.23, 1013.68403
2017-11-15, 1, wei_ruo, 7.92, 6.92, -1.70, 7.04, 7.06, 7.06, 6.90, 121048.65, 84433406, 1.25, 2.27, 1.19, 724.79677
2017-11-16, 1, wei_ruo, 7.91, 6.90, -0.29, 6.92, 6.93, 6.95, 6.88, 84333.56, 58322442, 0.87, 1.01, 0.84, 1442.81292
2017-11-17, 1, wei_ruo, 7.89, 6.63, -3.91, 6.90, 6.94, 6.95, 6.60, 143126.6, 96469200, 1.48, 5.07, 1.40, 614.61401
2017-11-20, 1, wei_ruo, 7.88, 6.73, 1.51, 6.63, 6.63, 6.78, 6.59, 112979.68, 75750723, 1.17, 2.87, 1.02, 555.50218
2017-11-21, 1, wei_ruo, 7.87, 6.72, -0.15, 6.73, 6.79, 6.80, 6.68, 67022.5, 45083545, 0.69, 1.78, 0.58, 788.78021
2017-11-22, 1, wei_ruo, 7.86, 6.74, 0.30, 6.72, 6.71, 6.82, 6.62, 89055.56, 59768435, 0.92, 2.98, 0.84, 775.86603
2017-11-23, 1, wei_ruo, 7.85, 6.52, -3.26, 6.74, 6.71, 6.73, 6.50, 87818.68, 58276364, 0.91, 3.41, 0.88, 621.0959
2017-11-24, 1, wei_ruo, 7.84, 6.57, 0.77, 6.52, 6.57, 6.61, 6.52, 60197.01, 39493990, 0.62, 1.38, 0.60, 634.6221
2017-11-27, 1, wei_ruo, 7.83, 6.57, 0.00, 6.57, 6.57, 6.61, 6.55, 51933.2, 34168286, 0.54, 0.91, 0.62, 691.65516
2017-11-28, 1, wei_ruo, 7.83, 6.72, 2.28, 6.57, 6.57, 6.73, 6.55, 69407.51, 46173603, 0.72, 2.74, 0.97, 690.66501
2017-11-29, 1, wei_ruo, 7.82, 6.70, -0.30, 6.72, 6.71, 6.73, 6.62, 69457, 46312040, 0.72, 1.64, 0.97, 957.69191
2017-11-30, 1, wei_ruo, 7.81, 6.68, -0.30, 6.70, 6.67, 6.77, 6.66, 69769.01, 46852032, 0.72, 1.64, 1.03, 696.58303
2017-12-01, 1, wei_ruo, 7.80, 6.72, 0.60, 6.68, 6.69, 6.76, 6.65, 55668.17, 37433486, 0.58, 1.65, 0.87, 700.14596
2017-12-04, 1, wei_ruo, 7.79, 6.56, -2.38, 6.72, 6.78, 6.78, 6.51, 101670.48, 67329223, 1.05, 4.02, 1.61, 740.84902
2017-12-05, 1, wei_ruo, 7.77, 6.20, -5.49, 6.56, 6.51, 6.56, 6.14, 134424.73, 85379797, 1.39, 6.40, 1.84, 715.50894
2017-12-06, 1, wei_ruo, 7.76, 6.27, 1.13, 6.20, 6.23, 6.29, 6.11, 76305.71, 47298263, 0.79, 2.90, 0.89, 525.02298
2017-12-07, 1, wei_ruo, 7.75, 6.26, -0.16, 6.27, 6.28, 6.32, 6.23, 48557.01, 30494737, 0.50, 1.44, 0.55, 642.21692
2017-12-08, 1, wei_ruo, 7.74, 6.32, 0.96, 6.26, 6.28, 6.36, 6.24, 55272.63, 34931418, 0.57, 1.92, 0.66, 649.48606
2017-12-11, 1, wei_ruo, 7.73, 6.36, 0.63, 6.32, 6.31, 6.37, 6.31, 54547.28, 34644867, 0.56, 0.95, 0.66, 2812.08301
2017-12-12, 1, wei_ruo, 7.72, 6.36, 0.00, 6.36, 6.38, 6.49, 6.33, 92409.02, 59131565, 0.96, 2.52, 1.25, 695.09983
2017-12-13, 1, wei_ruo, 7.71, 6.38, 0.31, 6.36, 6.35, 6.38, 6.32, 48845.89, 31020808, 0.50, 0.94, 0.75, 962.56709
2017-12-14, 1, wei_ruo, 7.71, 6.28, -1.57, 6.38, 6.36, 6.40, 6.27, 57021.5, 35951363, 0.59, 2.04, 0.95, 703.33004
2017-12-15, 1, wei_ruo, 7.70, 6.28, 0.00, 6.28, 6.29, 6.32, 6.23, 55545.79, 34847976, 0.57, 1.43, 0.90, 584.27691
2017-12-18, 1, wei_ruo, 7.69, 6.22, -0.96, 6.28, 6.29, 6.35, 6.21, 68356.54, 42890944, 0.71, 2.23, 1.11, 652.07005
2017-12-19, 1, wei_ruo, 7.68, 6.29, 1.13, 6.22, 6.22, 6.29, 6.22, 44837.78, 28095057, 0.46, 1.13, 0.70, 1183.46882
2017-12-20, 1, wei_ruo, 7.67, 6.10, -3.02, 6.29, 6.31, 6.31, 6.08, 84786.02, 52354144, 0.88, 3.66, 1.54, 685.76193
2017-12-21, 1, wei_ruo, 7.66, 6.08, -0.33, 6.10, 6.11, 6.11, 5.99, 71322.77, 43168653, 0.74, 1.97, 1.15, 612.05006
2017-12-22, 1, wei_ruo, 7.65, 6.04, -0.66, 6.08, 6.03, 6.17, 6.03, 58105.54, 35399420, 0.60, 2.30, 0.89, 618.12997
2017-12-25, 1, wei_ruo, 7.63, 5.83, -3.48, 6.04, 6.05, 6.07, 5.81, 103591.92, 61168137, 1.07, 4.30, 1.58, 657.88889
2017-12-26, 1, wei_ruo, 7.62, 5.91, 1.37, 5.83, 5.83, 5.93, 5.83, 58365, 34301730, 0.60, 1.72, 0.80, 403.13482
2017-12-27, 1, wei_ruo, 7.61, 5.97, 1.02, 5.91, 5.92, 5.99, 5.86, 69534.32, 41430158, 0.72, 2.20, 0.92, 532.98688
2017-12-29, 1, wei_ruo, 7.59, 6.08, 1.50, 5.99, 6.01, 6.10, 6.01, 70556.83, 42773629, 0.73, 1.50, 1.02, 609.40099
2018-01-03, 1, wei_ruo, 7.56, 6.21, 2.14, 6.08, 6.08, 6.29, 6.06, 123095.72, 76238659, 1.27, 3.78, 1.96, 699.78094
2018-01-04, 1, wei_ruo, 7.55, 6.18, -0.48, 6.21, 6.22, 6.22, 6.16, 63482.52, 39254233, 0.66, 0.97, 0.84, 721.48108
2018-01-05, 1, wei_ruo, 7.54, 6.20, 0.32, 6.18, 6.17, 6.26, 6.13, 66488.18, 41204309, 0.69, 2.10, 0.89, 675.5681
2018-01-08, 1, wei_ruo, 7.53, 6.21, 0.16, 6.20, 6.16, 6.26, 6.16, 56806.26, 35224927, 0.59, 1.61, 0.74, 601.26996
2018-01-09, 1, wei_ruo, 7.52, 6.19, -0.32, 6.21, 6.20, 6.25, 6.16, 53617.64, 33270886, 0.55, 1.45, 0.70, 1003.6099
2018-01-10, 1, wei_ruo, 7.51, 6.04, -2.42, 6.19, 6.16, 6.20, 6.02, 107792.14, 65461477, 1.11, 2.91, 1.48, 657.60207
2018-01-11, 1, wei_ruo, 7.50, 6.09, 0.83, 6.04, 6.05, 6.14, 5.98, 58095.56, 35226446, 0.60, 2.65, 0.83, 600.70586
2018-01-12, 1, wei_ruo, 7.49, 6.05, -0.66, 6.09, 6.12, 6.14, 6.03, 63569.17, 38610230, 0.66, 1.81, 0.93, 724.64991
2018-01-15, 1, wei_ruo, 7.48, 5.86, -3.14, 6.05, 6.03, 6.03, 5.85, 87263.66, 51759622, 0.90, 2.98, 1.28, 704.35309
2018-01-16, 1, wei_ruo, 7.47, 5.90, 0.68, 5.86, 5.87, 5.93, 5.85, 52715.67, 31049847, 0.54, 1.37, 0.71, 674.42608
2018-01-17, 1, wei_ruo, 7.46, 5.89, -0.17, 5.90, 5.92, 5.93, 5.80, 70092.16, 40990996, 0.72, 2.20, 0.95, 610.56614
2018-01-18, 1, wei_ruo, 7.45, 5.93, 0.68, 5.89, 5.89, 5.94, 5.87, 50637.61, 29925233, 0.52, 1.19, 0.77, 520.12992
2018-01-19, 1, wei_ruo, 7.44, 5.96, 0.51, 5.93, 5.90, 5.99, 5.89, 59732.16, 35524078, 0.62, 1.69, 0.92, 565.07015
2018-01-22, 1, wei_ruo, 7.43, 5.96, 0.00, 5.96, 5.93, 5.98, 5.86, 67628.95, 40095465, 0.70, 2.01, 1.06, 632.70903
2018-01-23, 1, wei_ruo, 7.40, 6.16, 3.36, 5.96, 5.95, 6.38, 5.92, 207741.32, 128689861, 2.15, 7.72, 3.45, 754.498
2018-01-24, 1, wei_ruo, 7.39, 6.11, -0.81, 6.16, 6.10, 6.14, 6.02, 111184.02, 67626881, 1.15, 1.95, 1.22, 1059.01289
2018-01-25, 1, wei_ruo, 7.37, 6.11, 0.00, 6.11, 6.12, 6.21, 6.10, 86983.44, 53459003, 0.90, 1.80, 0.88, 599.59698
2018-01-26, 1, wei_ruo, 7.37, 6.08, -0.49, 6.11, 6.12, 6.15, 6.07, 58584.6, 35754375, 0.61, 1.31, 0.55, 623.87395
2018-01-29, 1, wei_ruo, 7.36, 5.95, -2.14, 6.08, 6.07, 6.10, 5.91, 75457.07, 45266257, 0.78, 3.13, 0.71, 1098.99306
2018-01-30, 1, wei_ruo, 7.35, 5.94, -0.17, 5.95, 5.95, 5.99, 5.92, 36218, 21566027, 0.37, 1.18, 0.34, 517.95888
2018-01-31, 1, wei_ruo, 7.33, 5.70, -4.04, 5.94, 5.95, 5.95, 5.54, 112582.32, 65208136, 1.16, 6.90, 1.53, 729.33602
2018-02-01, 1, wei_ruo, 7.30, 5.23, -8.25, 5.70, 5.68, 5.73, 5.20, 152905.03, 82937011, 1.58, 9.30, 2.07, 696.14911
2018-02-02, 1, wei_ruo, 7.28, 5.14, -1.72, 5.23, 5.17, 5.19, 4.99, 88919.23, 45387668, 0.92, 3.82, 1.02, 1617.80214
2018-02-05, 1, wei_ruo, 7.26, 5.02, -2.33, 5.14, 5.06, 5.07, 4.97, 95780.09, 48086285, 0.99, 1.95, 1.03, 917.45996
2018-02-06, 1, wei_ruo, 7.22, 4.58, -8.76, 5.02, 4.95, 4.95, 4.58, 142836.77, 67780957, 1.48, 7.37, 1.47, 2503.41296
2018-02-07, 1, wei_ruo, 7.20, 4.63, 1.09, 4.58, 4.68, 4.80, 4.47, 88110.32, 40983782, 0.91, 7.21, 0.74, 919.05403
2018-02-08, 1, wei_ruo, 7.18, 4.83, 4.32, 4.63, 4.64, 4.85, 4.58, 82850.09, 39268313, 0.86, 5.83, 0.82, 777.38595
2018-02-09, 1, wei_ruo, 7.15, 4.66, -3.52, 4.83, 4.74, 4.78, 4.61, 86525.77, 40601903, 0.89, 3.52, 1.01, 751.69206
2018-02-12, 1, wei_ruo, 7.13, 4.77, 2.36, 4.66, 4.68, 4.89, 4.68, 99464.31, 47968878, 1.03, 4.51, 1.17, 1121.24896
2018-02-13, 1, wei_ruo, 7.11, 4.77, 0.00, 4.77, 4.79, 4.87, 4.76, 70896.76, 34160866, 0.73, 2.31, 0.75, 622.06602
2018-02-14, 1, wei_ruo, 7.10, 4.80, 0.63, 4.77, 4.75, 4.81, 4.73, 49072.13, 23498496, 0.51, 1.68, 0.56, 2688.84206
