2015-08-20, 3, zhong_du, 29.97, 30.02, -7.63, 32.50, 32.36, 32.49, 30.01, 55502.72, 173529033, 2.22, 7.63, 0.58, 828.86815
2015-08-21, 3, zhong_du, 29.96, 28.80, -4.06, 30.02, 29.98, 31.41, 28.13, 63452.62, 186649774, 2.53, 10.93, 0.72, 984.67493
2015-08-24, 3, zhong_du, 29.89, 25.92, -10.00, 28.80, 27.65, 27.65, 25.92, 51224.05, 133716770, 2.05, 6.01, 0.61, 1000.64492
2015-08-25, 2, qing_du, 29.76, 23.33, -9.99, 25.92, 23.33, 24.60, 23.33, 50748.2, 119638255, 2.03, 4.90, 0.65, 1190.45091
2015-08-26, 2, qing_du, 29.47, 21.30, -8.70, 23.33, 23.50, 25.00, 21.00, 99486.96, 226691450, 3.97, 17.15, 1.36, 3003.04914
2015-08-27, 1, wei_ruo, 29.22, 23.40, 9.86, 21.30, 22.10, 23.40, 21.40, 94947.41, 214724629, 3.79, 9.39, 1.48, 1129.72498
2015-08-28, 1, wei_ruo, 29.06, 25.74, 10.00, 23.40, 24.35, 25.74, 24.11, 98147.81, 245767572, 3.92, 6.97, 1.36, 1009.50003
2015-08-31, 1, wei_ruo, 28.97, 26.10, 1.40, 25.74, 25.80, 26.99, 25.40, 78376.3, 204868798, 3.13, 6.18, 0.99, 1291.43095
2015-09-01, 1, wei_ruo, 28.80, 23.49, -10.00, 26.10, 26.00, 26.19, 23.49, 95657.8, 233985309, 3.82, 10.34, 1.13, 1737.2849
2015-09-02, 1, wei_ruo, 28.63, 21.80, -7.19, 23.49, 21.69, 24.40, 21.18, 66543.54, 150184656, 2.66, 13.71, 0.71, 1254.65393
2015-09-02, 1, wei_ruo, 28.63, 21.80, -7.19, 23.49, 21.69, 24.40, 21.18, 66543.54, 150184656, 2.66, 13.71, 0.71, 1091.53295
2015-09-02, 1, wei_ruo, 28.63, 21.80, -7.19, 23.49, 21.69, 24.40, 21.18, 66543.54, 150184656, 2.66, 13.71, 0.71, 968.78695
2015-09-07, 1, wei_ruo, 28.44, 21.90, 0.46, 21.80, 22.60, 23.26, 21.74, 75388.79, 170242024, 3.01, 6.97, 0.87, 1276.03412
2015-09-08, 1, wei_ruo, 28.32, 23.31, 6.44, 21.90, 21.90, 23.35, 21.23, 50039.07, 111095582, 2.00, 9.68, 0.60, 1188.96198
2015-09-09, 1, wei_ruo, 28.17, 25.64, 10.00, 23.31, 23.51, 25.64, 23.51, 108075.11, 271431230, 4.31, 9.14, 1.48, 1009.516
2015-09-10, 1, wei_ruo, 28.11, 25.72, 0.31, 25.64, 25.40, 27.49, 24.99, 78757.57, 207480657, 3.14, 9.75, 1.00, 1063.65705
2015-09-11, 1, wei_ruo, 28.07, 26.31, 2.29, 25.72, 25.50, 27.00, 25.40, 51364.05, 134623215, 2.05, 6.22, 0.68, 1143.28718
2015-09-14, 1, wei_ruo, 27.98, 23.68, -10.00, 26.31, 26.90, 27.19, 23.68, 67847.56, 172553093, 2.71, 13.34, 0.93, 990.38196
2015-09-15, 1, wei_ruo, 27.88, 23.20, -2.03, 23.68, 23.58, 25.55, 22.51, 62112.31, 149074893, 2.48, 12.84, 0.87, 1253.62992
2015-09-16, 1, wei_ruo, 27.82, 25.52, 10.00, 23.20, 23.53, 25.52, 23.10, 47574.39, 115551007, 1.90, 10.43, 0.65, 1181.90908
2015-09-17, 1, wei_ruo, 27.77, 25.22, -1.18, 25.52, 26.30, 26.70, 25.00, 59248.26, 154215484, 2.37, 6.66, 0.96, 1215.16109
2015-09-18, 1, wei_ruo, 27.73, 25.36, 0.56, 25.22, 25.65, 25.98, 24.01, 37201.46, 93854727, 1.49, 7.81, 0.65, 1081.24804
2015-09-21, 1, wei_ruo, 27.69, 26.58, 4.81, 25.36, 24.90, 26.80, 24.51, 54159.46, 140871236, 2.16, 9.03, 0.99, 929.90899
2015-09-22, 1, wei_ruo, 27.67, 26.41, -0.64, 26.58, 26.90, 27.20, 26.28, 44146.44, 117768379, 1.76, 3.46, 0.85, 1086.38692
2015-09-23, 1, wei_ruo, 27.65, 25.69, -2.73, 26.41, 25.50, 26.39, 25.35, 25496.12, 65717657, 1.02, 3.94, 0.53, 901.53813
2015-09-24, 1, wei_ruo, 27.63, 26.85, 4.52, 25.69, 25.69, 27.19, 25.41, 40492.44, 106025824, 1.62, 6.93, 0.92, 1126.3411
2015-09-25, 1, wei_ruo, 27.60, 25.50, -5.03, 26.85, 26.47, 27.20, 25.00, 41240.16, 107551137, 1.65, 8.19, 1.02, 1135.34904
2015-09-28, 1, wei_ruo, 27.58, 25.68, 0.71, 25.50, 25.51, 25.92, 25.00, 33425.78, 84921058, 1.33, 3.61, 0.81, 1088.03415
2015-09-29, 1, wei_ruo, 27.55, 26.11, 1.67, 25.68, 25.21, 27.00, 25.03, 38382.08, 101016843, 1.53, 7.67, 1.04, 1035.73704
2015-09-30, 1, wei_ruo, 27.54, 26.40, 1.11, 26.11, 26.55, 26.75, 26.01, 20384.06, 53819672, 0.81, 2.83, 0.57, 999.20511
2015-10-08, 1, wei_ruo, 27.56, 29.04, 10.00, 26.40, 27.36, 29.04, 27.36, 49664.7, 142779335, 1.98, 6.36, 1.43, 878.11494
2015-10-14, 2, qing_du, 27.70, 29.80, -1.00, 30.10, 30.11, 30.72, 28.80, 48267.41, 144309267, 1.93, 6.38, 1.31, 771.55995
2015-10-15, 2, qing_du, 27.74, 30.65, 2.85, 29.80, 29.11, 30.75, 29.11, 36631.95, 110748071, 1.46, 5.50, 0.86, 891.31904
2015-10-16, 2, qing_du, 27.78, 31.20, 1.79, 30.65, 30.90, 31.50, 30.33, 36362.43, 112401298, 1.45, 3.82, 0.91, 1226.33314
2015-10-19, 3, zhong_du, 27.83, 30.20, -3.21, 31.20, 31.20, 31.33, 29.70, 43063.65, 130786891, 1.72, 5.22, 1.06, 1241.65988
2015-10-29, 3, zhong_du, 27.87, 27.63, 1.51, 27.22, 27.65, 28.10, 27.17, 30668, 85080636, 1.22, 3.42, 0.43, 982.00393
2015-10-30, 3, zhong_du, 27.85, 26.67, -3.47, 27.63, 28.04, 28.09, 26.51, 61598.37, 166207133, 2.46, 5.72, 1.04, 1083.84204
2015-11-02, 2, qing_du, 27.78, 25.50, -4.39, 26.67, 26.10, 26.40, 25.04, 86644.24, 221457511, 3.46, 5.10, 1.57, 1062.33811
2015-11-03, 2, qing_du, 27.72, 25.19, -1.22, 25.50, 25.59, 25.66, 24.90, 55230.51, 139932399, 2.20, 2.98, 0.95, 3077.31986
2015-11-04, 2, qing_du, 27.67, 26.70, 5.99, 25.19, 25.39, 26.71, 25.23, 80716.13, 211246851, 3.22, 5.88, 1.47, 1271.40188
2015-11-05, 2, qing_du, 27.66, 27.19, 1.84, 26.70, 26.71, 27.77, 26.55, 83538.67, 226912140, 3.34, 4.57, 1.33, 1230.56197
2015-11-06, 2, qing_du, 27.65, 27.50, 1.14, 27.19, 27.19, 27.52, 26.86, 68019.29, 185224905, 2.72, 2.43, 0.92, 1402.38404
2015-11-09, 2, qing_du, 27.63, 27.28, -0.80, 27.50, 27.10, 27.49, 26.81, 82626.18, 224265631, 3.30, 2.47, 1.10, 16951.20192
2015-11-10, 2, qing_du, 27.62, 27.16, -0.44, 27.28, 27.30, 27.98, 26.95, 76943.77, 211375892, 3.07, 3.78, 1.04, 644.60993
2015-11-11, 2, qing_du, 27.62, 26.96, -0.74, 27.16, 27.18, 27.39, 26.60, 60008.47, 161379738, 2.40, 2.91, 0.77, 258.96096
2015-11-12, 2, qing_du, 27.57, 26.29, -2.49, 26.96, 26.93, 27.17, 26.00, 89475.27, 235368836, 3.57, 4.34, 1.21, 928.298
2015-11-13, 2, qing_du, 27.52, 25.90, -1.48, 26.29, 26.00, 26.65, 25.64, 73030.67, 190021425, 2.92, 3.84, 0.97, 1226.14193
2015-11-25, 1, wei_ruo, 27.50, 26.73, 3.20, 25.90, 28.49, 28.49, 26.52, 230073.05, 634598535, 9.19, 7.61, 3.01, 959.75685
2015-11-26, 1, wei_ruo, 27.43, 25.95, -2.92, 26.73, 26.80, 27.04, 25.56, 138399.84, 361712958, 5.53, 5.54, 1.31, 908.96606
2015-11-27, 1, wei_ruo, 27.30, 23.72, -8.59, 25.95, 25.71, 25.90, 23.50, 100779.91, 250676955, 4.02, 9.25, 0.85, 890.37108
2015-11-30, 1, wei_ruo, 27.13, 24.35, 2.66, 23.72, 23.72, 24.83, 21.93, 120668.71, 282232858, 4.82, 12.23, 0.96, 894.25898
2015-12-01, 1, wei_ruo, 27.07, 23.80, -2.26, 24.35, 24.05, 24.25, 23.60, 47475.41, 113206993, 1.90, 2.67, 0.36, 1201.39718
2015-12-02, 1, wei_ruo, 27.03, 23.81, 0.04, 23.80, 23.80, 24.50, 23.51, 44640.82, 106787882, 1.78, 4.16, 0.35, 860.79717
2015-12-03, 1, wei_ruo, 27.03, 24.30, 2.06, 23.81, 24.00, 24.51, 23.86, 37795.92, 91170787, 1.51, 2.73, 0.42, 837.63313
2015-12-04, 1, wei_ruo, 26.94, 24.34, 0.16, 24.30, 24.30, 24.66, 24.15, 43962.27, 106929026, 1.76, 2.10, 0.63, 2538.48314
2015-12-07, 1, wei_ruo, 26.88, 23.91, -1.77, 24.34, 24.33, 24.41, 23.60, 53616.4, 128401251, 2.14, 3.33, 0.91, 571.76113
2015-12-08, 1, wei_ruo, 26.82, 23.33, -2.43, 23.91, 24.15, 24.15, 23.30, 40854.08, 96624703, 1.63, 3.55, 0.90, 789.08086
2015-12-09, 1, wei_ruo, 26.73, 22.60, -3.13, 23.33, 23.20, 23.29, 22.46, 56129.65, 127437351, 2.24, 3.56, 1.27, 797.44291
2015-12-10, 1, wei_ruo, 26.66, 22.65, 0.22, 22.60, 22.62, 22.97, 22.46, 42873.49, 97275499, 1.71, 2.26, 0.92, 839.13684
2015-12-11, 1, wei_ruo, 26.59, 22.28, -1.63, 22.65, 22.62, 22.64, 22.10, 41756.92, 92971848, 1.67, 2.38, 0.88, 2979.949
2015-12-14, 1, wei_ruo, 26.50, 22.71, 1.93, 22.28, 22.17, 22.76, 21.80, 56096.07, 125794731, 2.24, 4.31, 1.19, 844.769
2015-12-15, 1, wei_ruo, 26.41, 22.59, -0.53, 22.71, 22.88, 22.94, 22.44, 55519.79, 125746326, 2.22, 2.20, 1.17, 996.21415
2015-12-16, 1, wei_ruo, 26.34, 22.57, -0.09, 22.59, 22.63, 22.79, 22.50, 49438.74, 111794646, 1.97, 1.28, 0.98, 873.00086
2015-12-17, 1, wei_ruo, 26.23, 23.92, 5.98, 22.57, 22.65, 24.00, 22.65, 94418.46, 222197091, 3.77, 5.98, 1.92, 875.73099
2015-12-18, 1, wei_ruo, 26.16, 23.63, -1.21, 23.92, 23.89, 23.89, 23.26, 69062.25, 162805293, 2.76, 2.63, 1.16, 1078.29094
2015-12-21, 1, wei_ruo, 26.10, 25.59, 8.29, 23.63, 23.60, 25.99, 23.45, 137284.4, 343750878, 5.48, 10.75, 2.12, 2976.71795
2015-12-22, 1, wei_ruo, 26.07, 25.50, -0.35, 25.59, 25.59, 25.59, 24.83, 81678.28, 205703801, 3.26, 2.97, 1.01, 2792.41705
2015-12-23, 1, wei_ruo, 26.06, 25.45, -0.20, 25.50, 25.50, 26.53, 25.30, 79876.04, 206815070, 3.19, 4.82, 0.92, 2719.87486
2015-12-24, 1, wei_ruo, 26.03, 24.65, -3.14, 25.45, 25.06, 25.30, 24.41, 53269.74, 131514795, 2.13, 3.50, 0.58, 732.9762
2015-12-25, 1, wei_ruo, 26.01, 24.77, 0.49, 24.65, 24.70, 24.88, 24.40, 39623.64, 97718784, 1.58, 1.95, 0.47, 798.72417
2015-12-28, 1, wei_ruo, 25.99, 25.34, 2.30, 24.77, 24.93, 25.95, 24.80, 87187.69, 221246435, 3.48, 4.64, 1.11, 2911.75008
2015-12-29, 1, wei_ruo, 25.97, 24.96, -1.50, 25.34, 25.30, 25.30, 24.62, 42705.45, 106015841, 1.70, 2.68, 0.63, 2926.55206
2015-12-30, 1, wei_ruo, 25.96, 25.50, 2.16, 24.96, 24.95, 25.68, 24.90, 64040.89, 163027705, 2.56, 3.13, 0.94, 2878.89791
2015-12-31, 1, wei_ruo, 25.95, 25.72, 0.86, 25.50, 25.76, 26.07, 25.25, 79601.81, 205543371, 3.18, 3.22, 1.17, 972.33796
2016-01-04, 1, wei_ruo, 25.90, 23.15, -9.99, 25.72, 25.83, 25.83, 23.15, 58574.26, 141185956, 2.34, 10.42, 1.33, 1704.94008
2016-01-05, 1, wei_ruo, 25.78, 22.11, -4.49, 23.15, 22.20, 23.49, 21.50, 84335.92, 188057578, 3.37, 8.60, 1.23, 1850.13008
2016-01-06, 1, wei_ruo, 25.72, 22.50, 1.76, 22.11, 22.29, 22.65, 22.10, 48103.11, 107468467, 1.92, 2.49, 0.70, 1245.76187
2016-01-07, 1, wei_ruo, 25.70, 20.25, -10.00, 22.50, 22.04, 22.19, 20.25, 12042, 25527882, 0.48, 8.62, 1.46, 788.656
2016-01-08, 1, wei_ruo, 25.70, 19.73, -2.57, 20.25, 20.80, 21.32, 18.23, 94016.1, 185142014, 3.75, 15.26, 1.38, 1327.77786
2016-01-11, 1, wei_ruo, 25.30, 17.76, -9.98, 19.73, 19.41, 19.41, 17.76, 61084.17, 112799207, 2.44, 8.36, 0.89, 2959.41997
2016-01-12, 1, wei_ruo, 25.09, 17.11, -3.66, 17.76, 17.76, 18.18, 16.62, 64600.38, 111053057, 2.58, 8.78, 0.95, 3572.05892
2016-01-13, 1, wei_ruo, 24.83, 15.56, -9.06, 17.11, 17.20, 17.45, 15.41, 72459.63, 118978401, 2.89, 11.92, 1.06, 1137.84313
2016-01-14, 1, wei_ruo, 24.41, 16.03, 3.02, 15.56, 15.60, 16.19, 15.07, 116995.33, 182582349, 4.67, 7.20, 1.71, 2725.49415
2016-01-15, 1, wei_ruo, 24.07, 15.03, -6.24, 16.03, 15.75, 15.97, 14.80, 93883.51, 144311869, 3.75, 7.30, 1.37, 3950.47402
2016-01-18, 1, wei_ruo, 23.63, 15.31, 1.86, 15.03, 14.40, 15.50, 14.40, 122511.55, 183989406, 4.89, 7.32, 1.79, 2812.29806
2016-01-19, 1, wei_ruo, 23.29, 16.41, 7.18, 15.31, 15.40, 16.66, 15.18, 111511.88, 175808269, 4.45, 9.67, 1.63, 802.63591
2016-01-20, 1, wei_ruo, 22.85, 16.24, -1.04, 16.41, 16.40, 16.93, 15.98, 158932.44, 261374086, 6.35, 5.79, 2.33, 800.75288
2016-01-21, 1, wei_ruo, 22.54, 15.47, -4.74, 16.24, 16.01, 16.45, 15.45, 112577.57, 180408877, 4.49, 6.16, 1.65, 1270.87998
2016-01-22, 1, wei_ruo, 22.37, 15.86, 2.52, 15.47, 15.56, 15.94, 15.20, 61308.45, 95561146, 2.45, 4.78, 0.90, 1194.74006
2016-01-25, 1, wei_ruo, 22.23, 15.91, 0.32, 15.86, 16.22, 16.25, 15.69, 53446.71, 85608014, 2.13, 3.53, 0.78, 853.67703
2016-01-26, 1, wei_ruo, 22.00, 14.32, -9.99, 15.91, 15.51, 15.75, 14.32, 76554.26, 114725455, 3.06, 8.99, 1.12, 856.74191
2016-01-27, 1, wei_ruo, 21.60, 13.57, -5.24, 14.32, 14.27, 14.35, 13.01, 120070.32, 161403936, 4.79, 9.36, 1.76, 3239.80618
2016-01-28, 1, wei_ruo, 21.30, 12.31, -9.29, 13.57, 13.30, 13.49, 12.25, 84375.34, 109721656, 3.37, 9.14, 1.23, 3881.05106
2016-01-29, 1, wei_ruo, 20.96, 13.30, 8.04, 12.31, 12.30, 13.54, 12.15, 103049.62, 133339070, 4.11, 11.29, 1.51, 2921.53001
2016-02-01, 1, wei_ruo, 20.68, 13.46, 1.20, 13.30, 13.14, 13.70, 13.02, 91120.27, 121823750, 3.64, 5.11, 1.33, 758.46982
2016-02-02, 1, wei_ruo, 20.48, 13.98, 3.86, 13.46, 13.69, 14.09, 13.52, 74629.1, 103842326, 2.98, 4.23, 1.09, 917.36794
2016-02-03, 1, wei_ruo, 20.33, 14.33, 2.50, 13.98, 13.70, 14.49, 13.58, 59303.19, 82844849, 2.37, 6.51, 0.87, 1152.66705
2016-02-04, 1, wei_ruo, 20.18, 14.64, 2.16, 14.33, 14.22, 14.80, 14.22, 64547.66, 94193130, 2.58, 4.05, 0.94, 968.77599
2016-02-05, 1, wei_ruo, 20.09, 14.20, -3.01, 14.64, 14.60, 14.78, 14.18, 41861.2, 60686792, 1.67, 4.10, 0.61, 4505.49197
2016-02-15, 1, wei_ruo, 19.99, 14.09, -0.77, 14.20, 13.50, 14.20, 13.46, 40724.2, 56460823, 1.63, 5.21, 0.60, 1490.92984
2016-02-16, 1, wei_ruo, 19.88, 15.10, 7.17, 14.09, 14.44, 15.20, 14.20, 52546.32, 77613482, 2.10, 7.10, 0.77, 2914.1469
2016-02-17, 1, wei_ruo, 19.76, 15.13, 0.20, 15.10, 15.34, 15.34, 14.77, 61611.52, 92708489, 2.46, 3.77, 0.90, 1087.02803
2016-02-18, 1, wei_ruo, 19.64, 15.03, -0.66, 15.13, 15.26, 15.56, 14.90, 62281.67, 94742350, 2.49, 4.36, 0.91, 2928.59101
2016-02-19, 1, wei_ruo, 19.55, 14.88, -1.00, 15.03, 15.01, 15.20, 14.84, 49054.68, 73249220, 1.96, 2.40, 0.91, 764.40096
2016-02-22, 1, wei_ruo, 19.72, 15.35, 2.27, 15.01, 15.16, 15.37, 15.02, 78565.08, 119565834, 3.14, 2.33, 1.34, 2372.21885
2016-02-23, 1, wei_ruo, 19.44,  time: 2016-02-24 05:24:02</center>
<div style="display:none;"><script charset="utf-8" src="//static.jiasule.com/static/js/http_error.js"></script></div>
</body>
</html>
<!-- a padding to disable MSIE and Chrome friendly error page -->
<!-- a padding to disable MSIE and Chrome friendly error page -->
<!-- a padding to disable MSIE and Chrome friendly error page -->
<!-- a padding to disable MSIE and Chrome friendly error page -->

, , , , , , , , , , , 34613.10911
2016-02-25, 1, wei_ruo, 18.85, 13.77, -10.00, 15.30, 15.35, 15.89, 13.77, 201918.21, 303903243, 8.06, 13.86, 2.43, 908.13208
2016-02-26, 1, wei_ruo, 18.61, 13.46, -2.25, 13.77, 13.90, 14.09, 12.76, 109348.23, 147637737, 4.37, 9.66, 0.99, 64972.57304
2016-02-29, 1, wei_ruo, 18.39, 12.27, -8.84, 13.46, 13.46, 13.46, 12.11, 95269.82, 118891666, 3.80, 10.03, 0.81, 1395.48588
2016-03-01, 1, wei_ruo, 18.17, 12.34, 0.57, 12.27, 12.32, 12.49, 11.80, 85869.99, 105038125, 3.43, 5.62, 0.71, 1323.75598
2016-03-02, 1, wei_ruo, 17.98, 13.10, 6.16, 12.34, 12.27, 13.13, 12.24, 92674.68, 117638761, 3.70, 7.21, 0.76, 2222.84317
2016-03-03, 1, wei_ruo, 17.81, 13.19, 0.69, 13.10, 13.06, 13.69, 13.06, 88964.85, 118979752, 3.55, 4.81, 0.76, 1523.77105
2016-03-04, 1, wei_ruo, 17.64, 12.56, -4.78, 13.19, 13.13, 13.38, 12.02, 82682.16, 105463607, 3.30, 10.31, 0.88, 2713.19604
2016-03-07, 1, wei_ruo, 17.52, 12.83, 2.15, 12.56, 12.68, 13.05, 12.60, 63833.85, 81769581, 2.55, 3.58, 0.72, 2541.58497
2016-03-08, 1, wei_ruo, 17.38, 12.84, 0.08, 12.83, 12.89, 12.89, 12.10, 69246.87, 86293748, 2.76, 6.16, 0.84, 620.72396
2016-03-09, 1, wei_ruo, 17.21, 13.19, 2.73, 12.84, 12.50, 13.40, 12.31, 97574, 127160674, 3.90, 8.49, 1.23, 4510.14185
2016-03-10, 1, wei_ruo, 17.06, 12.80, -2.96, 13.19, 13.00, 13.25, 12.74, 85424.96, 110450247, 3.41, 3.87, 1.06, 1852.51212
2016-03-11, 1, wei_ruo, 17.00, 12.59, -1.64, 12.80, 12.58, 12.74, 12.45, 36859.91, 46375242, 1.47, 2.27, 0.46, 2692.81912
2016-03-14, 1, wei_ruo, 16.87, 12.99, 3.18, 12.59, 12.70, 13.25, 12.70, 80651.12, 105321882, 3.22, 4.37, 1.14, 601.10188
2016-03-15, 1, wei_ruo, 16.79, 13.00, 0.08, 12.99, 13.00, 13.09, 12.86, 48544.38, 62905123, 1.94, 1.77, 0.66, 2586.83991
2016-03-16, 1, wei_ruo, 16.70, 12.86, -1.08, 13.00, 13.07, 13.13, 12.75, 57956.82, 74731884, 2.31, 2.92, 0.83, 605.01289
2016-03-17, 1, wei_ruo, 16.56, 13.25, 3.03, 12.86, 12.84, 13.30, 12.84, 97859.5, 128120528, 3.91, 3.58, 1.58, 1116.13107
2016-03-18, 1, wei_ruo, 16.42, 13.95, 5.28, 13.25, 13.30, 13.98, 13.22, 122194.97, 167321845, 4.88, 5.74, 1.90, 599.25604
2016-03-21, 1, wei_ruo, 16.31, 14.71, 5.45, 13.95, 14.21, 14.86, 14.04, 155370.23, 225130935, 6.20, 5.88, 1.91, 1102.50711
2016-03-22, 1, wei_ruo, 16.24, 14.71, 0.00, 14.71, 14.60, 15.10, 14.51, 110257.46, 163239916, 4.40, 4.01, 1.14, 2662.20188
2016-03-23, 1, wei_ruo, 16.19, 14.74, 0.20, 14.71, 14.65, 14.86, 14.47, 80625.09, 118077910, 3.22, 2.65, 0.74, 1051.4009
2016-03-24, 2, qing_du, 16.14, 14.51, -1.56, 14.74, 14.60, 14.75, 14.38, 70716.45, 103207066, 2.82, 2.51, 0.62, 3015.75994
2016-03-25, 2, qing_du, 16.08, 15.46, 6.55, 14.51, 14.40, 15.49, 14.36, 150453.79, 225848332, 6.01, 7.79, 1.40, 3110.06999
2016-03-28, 2, qing_du, 16.01, 14.76, -4.53, 15.46, 15.66, 15.66, 14.73, 164553.14, 251256748, 6.57, 6.02, 1.45, 570.61815
2016-03-29, 2, qing_du, 15.95, 14.15, -4.13, 14.76, 14.72, 14.88, 14.08, 99923.27, 143884029, 3.99, 5.42, 0.87, 924.00002
2016-03-30, 2, qing_du, 15.90, 14.63, 3.39, 14.15, 14.25, 14.67, 14.20, 87923.08, 127432535, 3.51, 3.32, 0.78, 1149.02997
2016-03-31, 2, qing_du, 15.86, 15.04, 2.80, 14.63, 14.70, 15.27, 14.70, 111919.77, 168607964, 4.47, 3.90, 0.98, 2878.6571
2016-04-01, 2, qing_du, 15.82, 14.83, -1.40, 15.04, 14.71, 14.90, 14.51, 77192.33, 113923361, 3.08, 2.59, 0.63, 2803.61485
2016-04-05, 3, zhong_du, 15.80, 15.27, 2.97, 14.83, 14.85, 15.45, 14.73, 101896.9, 153908287, 4.07, 4.86, 0.94, 167.64903
2016-04-06, 3, zhong_du, 15.78, 15.54, 1.77, 15.27, 15.19, 15.69, 15.13, 106966.78, 165194058, 4.27, 3.67, 1.12, 525.72298
2016-04-07, 3, zhong_du, 15.74, 14.80, -4.76, 15.54, 15.40, 15.49, 14.78, 147457.53, 222330668, 5.89, 4.57, 1.52, 2627.5959
2016-04-08, 3, zhong_du, 15.68, 14.51, -1.96, 14.80, 14.60, 14.65, 14.30, 105122.32, 152208886, 4.20, 2.36, 0.96, 698.75002
2016-04-11, 3, zhong_du, 15.66, 15.01, 3.45, 14.51, 14.63, 15.25, 14.63, 99145.67, 148046441, 3.96, 4.27, 0.92, 600.88921
2016-04-12, 3, zhong_du, 15.63, 15.18, 1.13, 15.01, 14.99, 15.45, 14.88, 125461.02, 190766289, 5.01, 3.80, 1.12, 2615.448
2016-04-13, 3, zhong_du, 15.62, 15.46, 1.84, 15.18, 15.30, 15.68, 15.30, 132432.49, 205697817, 5.29, 2.50, 1.13, 4723.73581
2016-04-14, 4, gao_du, 15.62, 15.50, 0.26, 15.46, 15.59, 15.75, 15.38, 113891.98, 176982162, 4.55, 2.39, 0.93, 687.28185
2016-04-15, 4, gao_du, 15.61, 15.46, -0.26, 15.50, 15.57, 15.58, 15.21, 88316.45, 135703062, 3.53, 2.39, 0.77, 2566.75005
2016-04-18, 5, qiang_lie, 15.60, 15.08, -2.46, 15.46, 15.39, 15.39, 14.96, 70339.48, 106325599, 2.81, 2.78, 0.63, 369.01808
2016-04-19, 5, qiang_lie, 15.60, 15.86, 5.17, 15.08, 15.10, 15.87, 15.07, 161663.79, 250476390, 6.45, 5.31, 1.52, 450.48118
2016-04-20, 5, qiang_lie, 15.55, 14.67, -7.50, 15.86, 15.80, 15.80, 14.28, 174175.39, 261784616, 6.95, 9.58, 1.54, 2541.84198
2016-04-21, 5, qiang_lie, 15.51, 14.33, -2.32, 14.67, 14.45, 14.71, 14.25, 87475.13, 126717998, 3.49, 3.14, 0.72, 1035.81882
2016-04-22, 4, gao_du, 15.48, 14.67, 2.37, 14.33, 14.01, 14.70, 14.01, 75691.09, 109496380, 3.02, 4.82, 0.65, 4424.99304
2016-04-25, 4, gao_du, 15.45, 14.95, 1.91, 14.67, 14.67, 15.15, 14.21, 95024.35, 140848494, 3.79, 6.41, 0.83, 1727.72002
2016-04-26, 4, gao_du, 15.44, 15.00, 0.33, 14.95, 14.72, 15.20, 14.72, 65688.52, 98314733, 2.62, 3.21, 0.55, 5379.19497
2016-04-27, 4, gao_du, 15.42, 14.88, -0.80, 15.00, 15.06, 15.18, 14.78, 125635, 187722850, 5.02, 2.67, 1.26, 566.56098
2016-04-28, 5, qiang_lie, 15.40, 14.83, -0.34, 14.88, 14.83, 14.97, 14.55, 57278.7, 84622839, 2.29, 2.82, 0.64, 786.38601
2016-04-29, 5, qiang_lie, 15.39, 15.50, 4.52, 14.83, 14.74, 15.75, 14.66, 190762.76, 292842745, 7.62, 7.35, 2.27, 2624.72296
2016-05-03, 5, qiang_lie, 15.56, 17.05, 10.00, 15.50, 15.41, 17.05, 15.20, 401301.3, 654902584, 16.02, 11.94, 3.75, 3981.87184
2016-05-04, 5, qiang_lie, 15.80, 17.27, 1.29, 17.05, 17.04, 17.35, 16.68, 395668.84, 672323302, 15.80, 3.93, 2.35, 453.57108
2016-05-05, 5, qiang_lie, 15.92, 17.04, -1.33, 17.27, 17.09, 17.14, 16.68, 257892.8, 436775939, 10.30, 2.66, 1.10, 1521.50893
2016-05-06, 5, qiang_lie, 15.96, 15.81, -7.22, 17.04, 16.94, 17.15, 15.74, 278523.08, 458740762, 11.12, 8.27, 1.07, 433.48098
2016-05-09, 5, qiang_lie, 15.90, 14.74, -6.77, 15.81, 15.61, 15.61, 14.65, 155338.96, 233950065, 6.20, 6.07, 0.51, 743.71004
2016-05-10, 5, qiang_lie, 15.86, 14.79, 0.34, 14.74, 14.65, 15.02, 14.65, 93811.84, 138726643, 3.75, 2.51, 0.32, 4551.66507
2016-05-11, 3, zhong_du, 15.82, 14.67, -0.81, 14.79, 14.90, 14.97, 14.53, 90332.01, 133271676, 3.61, 2.97, 0.38, 761.85608
2016-05-12, 2, qing_du, 15.76, 14.96, 1.98, 14.67, 14.38, 15.10, 14.01, 128569.05, 189262174, 5.13, 7.43, 0.73, 611.99379
2016-05-13, 2, qing_du, 15.73, 14.95, -0.07, 14.96, 14.82, 15.23, 14.77, 91124.19, 136754350, 3.64, 3.07, 0.61, 764.77504
2016-05-16, 2, qing_du, 15.69, 15.04, 0.60, 14.95, 14.88, 15.08, 14.10, 96498.46, 141938607, 3.85, 6.56, 0.86, 14482.37181
2016-05-17, 2, qing_du, 15.67, 14.82, -1.46, 15.04, 15.04, 15.05, 14.71, 80280.49, 119304682, 3.21, 2.26, 0.80, 2618.79802
2016-05-18, 2, qing_du, 15.61, 14.23, -3.98, 14.82, 14.69, 14.69, 14.02, 104337.13, 148743092, 4.17, 4.52, 1.07, 1919.1699
2016-05-19, 1, wei_ruo, 15.56, 14.14, -0.63, 14.23, 14.13, 14.45, 14.12, 85046.49, 121414590, 3.40, 2.32, 0.85, 2805.87101
2016-05-20, 1, wei_ruo, 15.53, 14.30, 1.13, 14.14, 14.00, 14.37, 13.80, 65470.72, 92868522, 2.61, 4.03, 0.72, 4801.01609
2016-05-23, 1, wei_ruo, 15.50, 14.44, 0.98, 14.30, 14.40, 14.54, 14.28, 63009.13, 90780746, 2.52, 1.82, 0.73, 936.54394
2016-05-24, 1, wei_ruo, 15.45, 13.99, -3.12, 14.44, 14.43, 14.43, 13.86, 80998.06, 113960950, 3.23, 3.95, 1.02, 6263.40699
2016-05-25, 1, wei_ruo, 15.42, 13.86, -0.93, 13.99, 14.08, 14.15, 13.81, 53997.17, 75463946, 2.16, 2.43, 0.68, 1729.3601
2016-05-26, 1, wei_ruo, 15.38, 13.79, -0.51, 13.86, 13.85, 13.98, 13.42, 63043.53, 85811249, 2.52, 4.04, 0.79, 4007.40886
2016-05-27, 1, wei_ruo, 15.35, 13.73, -0.44, 13.79, 13.74, 13.82, 13.62, 40193.41, 55148619, 1.60, 1.45, 0.50, 3054.73614
2016-05-30, 1, wei_ruo, 15.33, 13.73, 0.00, 13.73, 13.60, 13.87, 13.50, 29933.22, 41103629, 1.20, 2.69, 0.38, 571.17009
2016-05-31, 1, wei_ruo, 15.28, 14.32, 4.30, 13.73, 13.68, 14.32, 13.68, 96357.3, 136270665, 3.85, 4.66, 1.21, 4680.25494
2016-06-01, 1, wei_ruo, 15.26, 14.38, 0.42, 14.32, 14.30, 14.55, 14.21, 77891.57, 112100202, 3.11, 2.37, 0.98, 1119.40908
2016-06-02, 1, wei_ruo, 15.24, 14.41, 0.21, 14.38, 14.42, 14.45, 14.27, 58371.2, 83853843, 2.33, 1.25, 0.73, 783.59294
2016-06-03, 1, wei_ruo, 15.19, 14.43, 0.14, 14.41, 14.49, 14.52, 14.26, 75634.58, 108724081, 3.02, 1.80, 0.95, 19064.25595
2016-06-06, 1, wei_ruo, 15.17, 14.39, -0.28, 14.43, 14.45, 14.54, 14.33, 56338.72, 81288334, 2.25, 1.46, 0.71, 750.22888
2016-06-07, 1, wei_ruo, 15.16, 14.45, 0.42, 14.39, 14.39, 14.55, 14.28, 57997.78, 83758226, 2.32, 1.88, 0.73, 25364.20107
2016-06-08, 1, wei_ruo, 15.14, 14.36, -0.62, 14.45, 14.40, 14.49, 14.25, 54905.59, 78862229, 2.19, 1.66, 0.69, 6617.81001
2016-06-13, 1, wei_ruo, 15.10, 13.36, -6.96, 14.36, 14.16, 14.16, 13.30, 71221.47, 98835545, 2.84, 5.99, 0.89, 1523.75817
2016-06-14, 1, wei_ruo, 15.05, 13.23, -0.97, 13.36, 13.26, 13.45, 13.14, 57660.65, 76542025, 2.30, 2.32, 0.72, 4665.80415
2016-06-15, 1, wei_ruo, 15.01, 13.49, 1.97, 13.23, 13.10, 13.70, 13.05, 70921.01, 95574519, 2.83, 4.91, 0.89, 4942.1351
2016-06-16, 1, wei_ruo, 14.98, 13.33, -1.19, 13.49, 13.51, 13.64, 13.32, 48414.99, 65076680, 1.93, 2.37, 0.61, 2348.05298
2016-06-17, 1, wei_ruo, 14.94, 13.44, 0.83, 13.33, 13.32, 13.59, 13.32, 53982.43, 72772708, 2.16, 2.03, 0.68, 3017.47203
2016-06-20, 1, wei_ruo, 14.92, 13.66, 1.64, 13.44, 13.52, 13.68, 13.35, 43016.42, 58100509, 1.72, 2.46, 0.54, 1260.74409
2016-06-21, 1, wei_ruo, 14.89, 13.48, -1.32, 13.66, 13.70, 13.89, 13.46, 50993.09, 69784321, 2.04, 3.15, 0.64, 2671.85307
2016-06-22, 1, wei_ruo, 14.87, 13.62, 1.04, 13.48, 13.47, 13.65, 13.33, 36115.37, 48800050, 1.44, 2.37, 0.45, 789.19482
2016-06-23, 1, wei_ruo, 14.85, 13.95, 2.42, 13.62, 13.63, 13.95, 13.63, 65475.41, 90209830, 2.61, 2.35, 0.82, 4060.33707
2016-06-24, 1, wei_ruo, 14.81, 13.56, -2.80, 13.95, 13.95, 13.95, 13.28, 67626.53, 92351972, 2.70, 4.80, 0.85, 2758.56614
2016-06-27, 1, wei_ruo, 14.79, 13.75, 1.40, 13.56, 13.44, 13.78, 13.40, 56066.68, 76569499, 2.24, 2.80, 0.70, 1802.15287
2016-06-28, 1, wei_ruo, 14.76, 13.90, 1.09, 13.75, 13.70, 13.94, 13.61, 60323.58, 83078600, 2.41, 2.40, 0.76, 831.47001
2016-06-30, 1, wei_ruo, 14.72, 13.85, -0.57, 13.93, 13.94, 13.99, 13.79, 59790.48, 82894193, 2.39, 1.44, 0.75, 756.85811
2016-07-01, 1, wei_ruo, 14.69, 14.46, 4.40, 13.85, 13.86, 14.52, 13.85, 158200.65, 226673694, 6.32, 4.84, 1.99, 892.73286
2016-07-04, 1, wei_ruo, 14.71, 15.01, 3.80, 14.46, 14.38, 15.36, 14.29, 208913.15, 313998172, 8.34, 7.40, 2.62, 1055.66287
2016-07-05, 1, wei_ruo, 14.72, 14.98, -0.20, 15.01, 15.01, 15.35, 14.88, 115789.61, 174118873, 4.62, 3.13, 1.45, 2524.16301
2016-07-06, 2, qing_du, 14.88, 16.09, 7.41, 14.98, 15.13, 16.48, 15.13, 332356.02, 530346669, 13.27, 9.01, 4.17, 4887.21395
2016-07-07, 3, zhong_du, 14.94, 15.85, -1.49, 16.09, 16.00, 16.00, 15.50, 172097.4, 270734462, 6.87, 3.11, 2.16, 842.50307
2016-07-08, 3, zhong_du, 14.99, 15.80, -0.32, 15.85, 15.62, 16.37, 15.60, 112594.02, 179610642, 4.50, 4.86, 1.41, 14382.833
2016-07-11, 3, zhong_du, 15.01, 15.39, -2.59, 15.80, 15.72, 15.81, 15.28, 129519.94, 201995565, 5.17, 3.35, 1.63, 1365.92293
2016-07-12, 3, zhong_du, 15.03, 15.59, 1.30, 15.39, 15.40, 15.64, 15.10, 127812.58, 196369704, 5.10, 3.51, 1.61, 34938.29918
2016-07-13, 3, zhong_du, 15.05, 15.56, -0.19, 15.59, 15.63, 15.73, 15.42, 91997.06, 142979526, 3.67, 1.99, 1.17, 4528.21016
2016-07-14, 3, zhong_du, 15.06, 15.31, -1.61, 15.56, 15.53, 15.53, 15.15, 87374.26, 134176045, 3.49, 2.44, 1.10, 4408.34188
2016-07-15, 3, zhong_du, 15.10, 15.52, 1.37, 15.31, 15.39, 15.90, 15.39, 164365.71, 258126018, 6.56, 3.33, 2.06, 2655.35188
2016-07-18, 3, zhong_du, 15.11, 15.33, -1.22, 15.52, 15.38, 15.56, 15.22, 87794.71, 134824023, 3.51, 2.19, 1.10, 5648.57697
2016-07-19, 3, zhong_du, 15.19, 16.06, 4.76, 15.33, 15.33, 16.55, 15.33, 224554.49, 359501555, 8.96, 7.96, 2.82, 2558.65121
2016-07-20, 3, zhong_du, 15.20, 15.89, -1.06, 16.06, 15.91, 16.30, 15.83, 139570.95, 224314721, 5.57, 2.93, 1.75, 796.29898
2016-07-21, 3, zhong_du, 15.28, 15.97, 0.50, 15.89, 15.89, 16.20, 15.85, 123814.7, 198825349, 4.94, 2.20, 1.55, 16282.20105
2016-07-22, 3, zhong_du, 15.30, 15.62, -2.19, 15.97, 15.92, 16.05, 15.52, 101547.99, 159700117, 4.05, 3.32, 1.28, 737.01382
2016-07-25, 3, zhong_du, 15.31, 15.67, 0.32, 15.62, 15.67, 15.77, 15.48, 60803.06, 95185746, 2.43, 1.86, 0.76, 4694.87906
2016-07-26, 4, gao_du, 15.35, 16.33, 4.21, 15.67, 15.67, 16.35, 15.61, 141190.47, 226505171, 5.64, 4.72, 1.77, 866.822
2016-07-27, 4, gao_du, 15.38, 15.68, -3.98, 16.33, 16.28, 16.44, 15.28, 186581.92, 296260127, 7.45, 7.10, 2.34, 20406.68392
2016-07-28, 4, gao_du, 15.39, 15.60, -0.51, 15.68, 15.56, 15.75, 15.29, 89232.63, 138620338, 3.56, 2.93, 1.12, 18271.22116
2016-07-29, 4, gao_du, 15.48, 16.52, 5.90, 15.60, 15.60, 16.66, 15.50, 277825.85, 448712465, 11.09, 7.44, 3.49, 14570.73212
2016-08-01, 4, gao_du, 15.54, 15.96, -3.39, 16.52, 16.37, 16.41, 15.81, 235516.49, 379252304, 9.40, 3.63, 2.96, 7975.09503
2016-08-02, 5, qiang_lie, 15.56, 16.09, 0.81, 15.96, 15.80, 16.09, 15.45, 176582.2, 277350340, 7.05, 4.01, 2.22, 21190.8989
2016-08-03, 5, qiang_lie, 15.75, 16.96, 5.41, 16.09, 15.96, 17.39, 15.88, 397479.72, 664095386, 15.87, 9.38, 4.02, 4064.49199
2016-08-04, 5, qiang_lie, 15.96, 17.25, 1.71, 16.96, 16.88, 17.74, 16.72, 351728.08, 603570240, 14.04, 6.01, 2.23, 14218.54496
2016-08-05, 5, qiang_lie, 16.03, 17.04, -1.22, 17.25, 17.01, 17.15, 16.83, 176285.27, 299863659, 7.04, 1.86, 0.84, 542.29689
2016-08-08, 5, qiang_lie, 16.18, 17.78, 4.34, 17.04, 16.99, 17.78, 16.63, 269822.22, 466964624, 10.77, 6.75, 1.16, 13592.8781
2016-08-09, 5, qiang_lie, 16.34, 17.93, 0.84, 17.78, 17.70, 18.15, 17.51, 246934.2, 438423395, 9.86, 3.60, 0.90, 5165.98892
2016-08-10, 5, qiang_lie, 16.44, 17.28, -3.63, 17.93, 17.81, 17.86, 17.24, 205337.89, 359750533, 8.20, 3.46, 0.72, 7647.10498
2016-08-11, 5, qiang_lie, 16.48, 17.05, -1.22, 17.26, 17.22, 17.40, 17.02, 155873.12, 267938897, 6.22, 2.20, 0.62, 2506.72412
2016-08-15, 5, qiang_lie, 16.59, 17.48, 1.39, 17.24, 17.19, 17.68, 16.88, 215620.49, 373740019, 8.61, 4.64, 1.02, 621.90604
2016-08-16, 5, qiang_lie, 16.64, 17.05, -2.46, 17.48, 17.37, 17.59, 17.01, 198256.26, 343399789, 7.92, 3.32, 0.99, 4812.51907
2016-08-17, 5, qiang_lie, 16.67, 17.12, 0.41, 17.05, 16.87, 17.18, 16.72, 172473.39, 291684703, 6.89, 2.70, 0.90, 14601.91703
2016-08-18, 5, qiang_lie, 16.68, 16.91, -1.23, 17.12, 17.05, 17.12, 16.76, 117328.37, 198726707, 4.68, 2.10, 0.64, 15262.31885
2016-08-19, 5, qiang_lie, 16.68, 16.55, -2.13, 16.91, 16.85, 16.92, 16.48, 157438.81, 261749290, 6.29, 2.60, 0.91, 2916.82887
2016-08-22, 5, qiang_lie, 16.68, 16.55, 0.00, 16.55, 16.45, 16.78, 16.44, 93177.99, 154787593, 3.72, 2.05, 0.54, 1506.99496
2016-08-23, 4, gao_du, 16.67, 16.61, 0.36, 16.55, 16.65, 16.88, 16.45, 95321.35, 158842025, 3.81, 2.60, 0.65, 2388.13996
2016-08-24, 4, gao_du, 16.67, 16.57, -0.24, 16.61, 16.72, 16.85, 16.53, 91175.49, 152269362, 3.64, 1.93, 0.72, 3361.04512
2016-08-25, 3, zhong_du, 16.65, 16.04, -3.26, 16.58, 16.50, 16.50, 15.82, 128406.29, 206462249, 5.13, 4.10, 1.16, 479.65193
2016-08-26, 3, zhong_du, 16.63, 16.17, 0.81, 16.04, 16.10, 16.49, 16.08, 96840.97, 157687605, 3.87, 2.56, 0.85, 702.72684
2016-08-29, 3, zhong_du, 16.62, 16.24, 0.43, 16.17, 16.12, 16.30, 16.00, 46846.02, 75801035, 1.87, 1.86, 0.46, 2867.21683
2016-08-30, 3, zhong_du, 16.61, 16.08, -0.99, 16.24, 16.24, 16.33, 16.02, 63129.44, 101966547, 2.52, 1.91, 0.69, 476.825
2016-08-31, 3, zhong_du, 16.60, 16.01, -0.44, 16.08, 16.07, 16.15, 15.97, 11279.67, 18113036, 0.45, 1.12, 0.74, 868.15
2016-09-01, 2, qing_du, 16.59, 16.09, -0.49, 16.17, 16.16, 16.30, 16.00, 59198.44, 95833186, 2.36, 1.86, 0.75, 692.75808
2016-09-02, 2, qing_du, 16.59, 15.88, -1.31, 16.09, 16.06, 16.15, 15.83, 53725.9, 85777207, 2.14, 1.99, 0.68, 7286.69691
2016-09-05, 2, qing_du, 16.59, 15.94, 0.38, 15.88, 15.94, 16.10, 15.91, 39498.35, 63124297, 1.58, 1.20, 0.50, 695.13822
2016-09-06, 2, qing_du, 16.59, 16.01, -0.44, 16.08, 16.07, 16.15, 15.97, 11279.67, 18113036, 0.45, 1.12, 0.74, 5333.7779
2016-09-07, 2, qing_du, 16.59, 16.22, -0.61, 16.32, 16.29, 16.51, 16.20, 70407.68, 115152310, 2.81, 1.90, 0.89, 2246.81306
2016-09-08, 2, qing_du, 16.59, 16.25, 0.18, 16.22, 16.22, 16.32, 16.17, 38376.46, 62247154, 1.53, 0.92, 0.49, 695.3721
2016-09-09, 2, qing_du, 16.59, 16.01, -0.44, 16.08, 16.07, 16.15, 15.97, 11279.67, 18113036, 0.45, 1.12, 0.74, 4834.70702
2016-09-12, 2, qing_du, 16.59, 16.01, -0.44, 16.08, 16.07, 16.15, 15.97, 11279.67, 18113036, 0.45, 1.12, 0.74, 2810.89592
2016-09-13, 1, wei_ruo, 16.59, 15.04, 0.94, 14.90, 15.11, 15.11, 14.76, 64234.65, 96094510, 2.56, 2.35, 0.81, 1770.32399
2016-09-14, 1, wei_ruo, 16.59, 14.91, -0.86, 15.04, 14.86, 15.08, 14.80, 36294.41, 54231990, 1.45, 1.86, 0.46, 637.0008
2016-09-19, 1, wei_ruo, 16.59, 15.12, 1.41, 14.91, 14.92, 15.16, 14.92, 49288.95, 74095863, 1.97, 1.61, 0.63, 780.63989
2016-09-20, 1, wei_ruo, 16.59, 15.12, -0.13, 15.14, 15.14, 15.18, 15.05, 29826.44, 45102303, 1.19, 0.86, 0.38, 4546.15593
2016-09-21, 1, wei_ruo, 16.59, 15.15, 0.20, 15.12, 15.08, 15.23, 15.07, 28347.38, 42948013, 1.13, 1.06, 0.36, 1984.20191
2016-09-22, 1, wei_ruo, 16.59, 15.16, 0.20, 15.13, 15.21, 15.32, 15.13, 40240.44, 61307359, 1.61, 1.26, 0.51, 541.41307
2016-09-23, 1, wei_ruo, 16.59, 15.02, -0.92, 15.16, 15.17, 15.27, 15.01, 32251.52, 48779772, 1.29, 1.72, 0.41, 588.4068
2016-09-26, 1, wei_ruo, 16.59, 14.69, -2.20, 15.02, 15.03, 15.09, 14.68, 44747.06, 66805157, 1.79, 2.73, 0.57, 5485.19397
2016-09-27, 1, wei_ruo, 16.59, 14.84, 1.02, 14.69, 14.60, 14.87, 14.55, 34841.99, 51413474, 1.39, 2.18, 0.44, 677.87099
2016-09-28, 1, wei_ruo, 16.59, 14.85, 0.07, 14.84, 14.82, 14.88, 14.78, 20702.92, 30697465, 0.83, 0.67, 0.26, 2567.82508
2016-09-29, 1, wei_ruo, 16.59, 14.95, 0.67, 14.85, 14.90, 14.97, 14.83, 22828.35, 34049128, 0.91, 0.94, 0.29, 17668.21885
2016-09-30, 1, wei_ruo, 16.59, 14.95, 0.00, 14.95, 14.86, 14.96, 14.80, 23966.82, 35698916, 0.96, 1.07, 0.30, 649.59502
2016-10-10, 1, wei_ruo, 16.59, 15.26, 2.07, 14.95, 14.99, 15.27, 14.99, 51842.94, 78522577, 2.07, 1.87, 0.66, 658.42199
2016-10-11, 1, wei_ruo, 16.59, 15.28, 0.13, 15.26, 15.26, 15.35, 15.22, 41088.17, 62798969, 1.64, 0.85, 0.52, 2894.15193
2016-10-12, 1, wei_ruo, 16.59, 15.29, 0.07, 15.28, 15.22, 15.34, 15.17, 34329, 52398058, 1.37, 1.11, 0.44, 469.31314
2016-10-13, 1, wei_ruo, 16.59, 15.58, 1.90, 15.29, 15.30, 15.74, 15.28, 81564.32, 127240580, 3.26, 3.01, 1.03, 2535.42304
2016-10-14, 1, wei_ruo, 16.14, 15.49, -0.58, 15.58, 15.60, 15.66, 15.34, 49379.02, 76493135, 1.97, 2.05, 0.63, 6719.89918
2016-10-17, 1, wei_ruo, 16.12, 15.16, -2.13, 15.49, 15.56, 15.61, 15.05, 56029.24, 85799335, 2.24, 3.62, 0.71, 2797.53804
2016-10-18, 1, wei_ruo, 16.10, 15.41, -0.52, 15.49, 15.56, 15.61, 15.31, 18773, 29004672, 0.75, 1.94, 0.48, 470.62612
2016-10-19, 1, wei_ruo, 16.09, , , , , , , , , , , , 462.75783
2016-10-20, 1, wei_ruo, 16.08, 15.68, 0.38, 15.62, 15.69, 15.82, 15.55, 61216.82, 96090536, 2.44, 1.73, 1.04, 4709.83195
2016-10-21, 1, wei_ruo, 16.07, 15.45, -1.47, 15.68, 15.60, 15.68, 15.36, 49663.66, 76916670, 1.98, 2.04, 0.80, 6883.44908
2016-10-24, 1, wei_ruo, 16.06, 15.61, 1.04, 15.45, 15.38, 15.65, 15.38, 45040.38, 70125286, 1.80, 1.75, 0.77, 643.90302
2016-10-25, 1, wei_ruo, 16.05, 15.46, -0.96, 15.61, 15.62, 15.73, 15.37, 60358.2, 93740299, 2.41, 2.31, 1.02, 6772.99619
2016-10-26, 1, wei_ruo, 16.04, 15.38, -0.52, 15.46, 15.50, 15.50, 15.33, 39650.54, 61044733, 1.58, 1.10, 0.67, 529.63996
2016-10-27, 1, wei_ruo, 16.03, 15.43, 0.33, 15.38, 15.44, 15.48, 15.31, 34770.7, 53522135, 1.39, 1.11, 0.59, 4666.09597
2016-10-28, 1, wei_ruo, 16.00, 15.01, -2.78, 15.44, 15.44, 15.48, 15.00, 65243.96, 99226856, 2.60, 3.11, 1.10, 3953.83501
2016-10-31, 1, wei_ruo, 15.99, 15.18, 1.13, 15.01, 14.96, 15.20, 14.73, 45998.6, 68544949, 1.84, 3.13, 0.78, 670.33315
2016-11-01, 1, wei_ruo, 15.97, 15.21, 0.26, 15.17, 15.15, 15.24, 15.07, 39891.02, 60466888, 1.59, 1.12, 0.67, 2224.46299
2016-11-02, 1, wei_ruo, 15.95, 14.93, -1.84, 15.21, 15.18, 15.23, 14.85, 47868.9, 71947713, 1.91, 2.50, 0.82, 464.83803
2016-11-03, 1, wei_ruo, 15.94, 14.99, 0.13, 14.97, 14.94, 15.12, 14.82, 49591.33, 74154322, 1.98, 2.00, 0.84, 506.639
2016-11-04, 1, wei_ruo, 15.89, 14.69, -2.00, 14.99, 14.98, 15.04, 14.60, 97018.64, 143531861, 3.87, 2.94, 1.66, 476.51505
2016-11-07, 1, wei_ruo, 15.85, 15.14, 3.06, 14.69, 14.76, 15.26, 14.76, 124724.25, 187967332, 4.98, 3.40, 2.13, 624.93706
2016-11-08, 1, wei_ruo, 15.83, 15.29, 0.92, 15.15, 15.18, 15.43, 15.10, 82595.61, 126384687, 3.30, 2.18, 1.39, 437.79397
2016-11-09, 1, wei_ruo, 15.80, 14.97, -2.09, 15.29, 15.25, 15.36, 14.74, 93198.59, 140146646, 3.72, 4.05, 1.57, 574.16201
2016-11-10, 1, wei_ruo, 15.78, 15.10, 0.87, 14.97, 15.07, 15.20, 15.03, 55679.66, 84183766, 2.22, 1.14, 0.95, 1762.92801
2016-11-11, 1, wei_ruo, 15.77, 15.31, 1.32, 15.11, 15.15, 15.32, 15.07, 73881.09, 112163202, 2.95, 1.65, 1.25, 2782.17816
2016-11-14, 1, wei_ruo, 15.77, 15.99, 4.44, 15.31, 15.34, 16.00, 15.34, 180369.28, 282533628, 7.20, 4.31, 3.07, 544.72208
2016-11-15, 2, qing_du, 15.77, 15.64, -2.19, 15.99, 15.90, 15.99, 15.62, 99258.69, 156786741, 3.96, 2.31, 3.35, 565.26399
2016-11-16, 3, zhong_du, 15.77, 15.70, -0.57, 15.79, 15.77, 15.85, 15.67, 37387.19, 58799789, 1.49, 1.14, 1.26, 521.54899
2016-11-17, 3, zhong_du, 15.77, 15.64, -2.19, 15.99, 15.90, 15.99, 15.62, 99258.69, 156786741, 3.96, 2.31, 3.35, 1066.8819
2016-11-18, 3, zhong_du, 15.79, 15.64, -2.19, 15.99, 15.90, 15.99, 15.62, 99258.69, 156786741, 3.96, 2.31, 3.35, 584.63812
2016-11-21, 3, zhong_du, 15.79, 15.78, -1.13, 15.96, 15.95, 15.95, 15.70, 76464.5, 120925997, 3.05, 1.57, 1.29, 375.283
2016-11-22, 3, zhong_du, 15.79, 15.87, 0.57, 15.78, 15.76, 15.96, 15.70, 59443.37, 94164153, 2.37, 1.65, 1.00, 22074.79
2016-11-23, 3, zhong_du, 15.79, 15.68, -1.20, 15.87, 15.88, 16.05, 15.63, 59244.43, 93675206, 2.37, 2.65, 1.01, 502.56085
2016-11-24, 3, zhong_du, 15.79, 15.60, -0.51, 15.68, 15.61, 15.79, 15.55, 48161.59, 75432985, 1.92, 1.53, 0.81, 533.86092
2016-11-25, 3, zhong_du, 15.78, 15.49, -0.71, 15.60, 15.58, 15.63, 15.18, 70127.05, 107721250, 2.80, 2.88, 1.20, 648.04506
2016-11-28, 3, zhong_du, 15.77, 15.49, -0.06, 15.50, 15.52, 15.56, 15.34, 57181.27, 88371351, 2.28, 1.42, 0.97, 763.726
2016-11-29, 2, qing_du, 15.76, 15.45, -0.26, 15.49, 15.46, 15.65, 15.36, 64612.32, 100369891, 2.58, 1.87, 1.09, 378.84092
2016-11-30, 2, qing_du, 15.76, 15.47, 0.13, 15.45, 15.45, 15.60, 15.36, 49105.21, 75990188, 1.96, 1.55, 0.84, 543.05887
2016-12-01, 2, qing_du, 15.75, 15.57, 0.65, 15.47, 15.50, 15.60, 15.40, 40328.41, 62606251, 1.61, 1.29, 0.68, 443.99214
2016-12-02, 3, zhong_du, 15.77, 15.97, 2.57, 15.57, 15.62, 16.50, 15.51, 174636.88, 279710251, 6.97, 6.36, 2.95, 2624.88604
2016-12-05, 3, zhong_du, 15.80, 16.12, 0.94, 15.97, 15.97, 16.47, 15.90, 167630.6, 270282816, 6.69, 3.57, 2.83, 698.33589
2016-12-06, 3, zhong_du, 15.80, 15.69, -2.67, 16.12, 16.26, 16.37, 15.68, 139560.52, 221579618, 5.57, 4.28, 2.36, 719.36202
2016-12-07, 3, zhong_du, 15.80, 15.90, 1.34, 15.69, 15.72, 15.92, 15.47, 103505.42, 161655164, 4.13, 2.87, 1.76, 492.04111
2016-12-08, 3, zhong_du, 15.80, 15.67, -1.45, 15.90, 15.80, 16.06, 15.62, 93767.96, 148603348, 3.74, 2.77, 1.58, 1842.11206
2016-12-09, 3, zhong_du, 15.79, 15.39, -1.79, 15.67, 15.60, 15.72, 15.35, 77252.61, 119870610, 3.08, 2.36, 1.30, 587.31794
2016-12-12, 2, qing_du, 15.73, 14.27, -7.28, 15.39, 15.34, 15.39, 14.13, 116157.76, 171718300, 4.64, 8.19, 1.96, 491.65392
2016-12-13, 2, qing_du, 15.70, 14.35, 0.56, 14.27, 14.27, 14.47, 13.98, 67627.11, 96471762, 2.70, 3.43, 1.14, 865.78894
2016-12-14, 1, wei_ruo, 15.67, 14.24, -0.77, 14.35, 14.34, 14.42, 14.18, 40536.31, 57961672, 1.62, 1.67, 0.68, 634.07612
2016-12-15, 1, wei_ruo, 15.65, 14.31, 0.49, 14.24, 14.22, 14.50, 14.16, 41581.03, 59633179, 1.66, 2.39, 0.70, 599.25079
2016-12-16, 1, wei_ruo, 15.63, 14.36, 0.35, 14.31, 14.31, 14.45, 14.31, 32336.5, 46546635, 1.29, 0.98, 0.55, 539.94107
2016-12-19, 1, wei_ruo, 15.61, 14.38, 0.14, 14.36, 14.43, 14.50, 14.35, 39992.53, 57720451, 1.60, 1.04, 0.68, 680.76992
2016-12-20, 1, wei_ruo, 15.60, 14.40, 0.14, 14.38, 14.41, 14.42, 14.26, 28427.74, 40761731, 1.13, 1.11, 0.48, 340.00683
2016-12-21, 1, wei_ruo, 15.58, 14.64, 1.67, 14.40, 14.40, 14.68, 14.40, 50975.46, 74141089, 2.04, 1.94, 0.86, 521.53087
2016-12-22, 1, wei_ruo, 15.56, 14.78, 0.96, 14.64, 14.72, 14.99, 14.68, 66326.17, 98521446, 2.65, 2.12, 1.12, 484.53188
2016-12-23, 1, wei_ruo, 15.54, 14.51, -1.83, 14.78, 14.67, 14.78, 14.45, 41648.96, 60723224, 1.66, 2.23, 0.70, 406.68488
2016-12-26, 1, wei_ruo, 15.53, 14.78, 1.86, 14.51, 14.40, 14.80, 14.39, 43640.18, 63869268, 1.74, 2.83, 0.74, 756.5589
2016-12-27, 1, wei_ruo, 15.52, 14.68, -0.68, 14.78, 14.78, 14.84, 14.65, 30703.37, 45175245, 1.23, 1.29, 0.52, 524.03808
2016-12-28, 1, wei_ruo, 15.51, 14.59, -0.61, 14.68, 14.66, 14.75, 14.58, 22989.53, 33667687, 0.92, 1.16, 0.39, 609.21192
2016-12-30, 1, wei_ruo, 15.49, 14.53, -0.34, 14.58, 14.61, 14.66, 14.40, 32088.21, 46513794, 1.28, 1.78, 0.54, 1001.10292
2017-01-03, 1, wei_ruo, 15.48, 14.53, -0.34, 14.58, 14.61, 14.66, 14.40, 32088.21, 46513794, 1.28, 1.78, 0.54, 4541.77713
2017-01-04, 1, wei_ruo, 15.45, 14.50, -0.82, 14.62, 14.58, 14.61, 14.30, 72246.66, 104222157, 2.88, 2.12, 1.22, 541.466
2017-01-05, 1, wei_ruo, 15.43, 14.35, -1.03, 14.50, 14.50, 14.52, 14.33, 58118.14, 83653305, 2.19, 1.31, 0.98, 503.20005
2017-01-06, 1, wei_ruo, 15.39, 14.77, 2.93, 14.35, 14.30, 14.82, 14.30, 121646.05, 178241827, 4.58, 3.62, 2.05, 735.4269
2017-01-09, 1, wei_ruo, 15.37, 14.91, 0.95, 14.77, 14.80, 15.07, 14.61, 83304.78, 123463832, 3.14, 3.11, 1.41, 593.58191
2017-01-10, 1, wei_ruo, 15.36, 14.88, -0.20, 14.91, 14.85, 15.05, 14.84, 41379.97, 61736621, 1.56, 1.41, 1.40, 3278.16606
2017-01-11, 1, wei_ruo, 15.34, 14.88, -0.20, 14.91, 14.85, 15.05, 14.73, 86850.47, 129343602, 3.27, 2.15, 1.47, 3201.267
2017-01-13, 1, wei_ruo, 15.30, 14.88, -0.20, 14.91, 14.85, 15.05, 14.84, 41379.97, 61736621, 1.56, 1.41, 1.40, 539.73699
2017-01-16, 1, wei_ruo, 15.27, 13.69, -4.60, 14.35, 14.35, 14.36, 13.40, 59996.79, 83797100, 2.26, 6.69, 1.01, 621.5589
2017-01-17, 1, wei_ruo, 15.25, 13.90, 1.53, 13.69, 13.72, 13.92, 13.64, 29296.74, 40376765, 1.10, 2.05, 0.49, 684.28707
2017-01-18, 1, wei_ruo, 15.23, 14.88, -0.20, 14.91, 14.85, 15.05, 14.84, 41379.97, 61736621, 1.56, 1.41, 1.40, 4525.02799
2017-02-07, 1, wei_ruo, 15.02, 13.41, -1.03, 13.55, 13.54, 13.54, 13.41, 33955.41, 45694455, 1.02, 0.96, 1.31, 62695.72997
2017-02-08, 1, wei_ruo, 14.99, 13.58, 0.22, 13.55, 13.54, 13.60, 13.41, 82423.88, 111215148, 2.47, 1.40, 1.39, 2669.32297
2017-02-09, 1, wei_ruo, 14.96, 13.76, 1.33, 13.58, 13.59, 13.81, 13.58, 75229.15, 103198587, 2.26, 1.69, 1.27, 542.69004
2017-02-10, 1, wei_ruo, 14.93, 13.69, -0.51, 13.76, 13.80, 13.85, 13.66, 73461.84, 100890341, 2.20, 1.38, 1.24, 842.60201
2017-02-13, 1, wei_ruo, 14.90, 14.06, 2.70, 13.69, 13.70, 14.13, 13.69, 117449.76, 164180753, 3.52, 3.21, 1.98, 4669.72303
2017-02-14, 1, wei_ruo, 14.88, 13.95, -0.78, 14.06, 14.09, 14.11, 13.87, 65763.16, 91676943, 1.97, 1.71, 1.11, 762.89201
2017-02-15, 1, wei_ruo, 14.84, 14.39, 3.15, 13.95, 14.15, 14.75, 14.15, 249613.92, 361713707, 7.49, 4.30, 4.22, 4768.49198
2017-02-16, 1, wei_ruo, 14.83, 14.53, 0.97, 14.39, 14.35, 14.57, 14.22, 124466.62, 180154985, 3.74, 2.43, 2.10, 854.60687
2017-02-17, 1, wei_ruo, 14.82, 14.40, -0.89, 14.53, 14.55, 14.56, 14.32, 80833.37, 116426133, 2.43, 1.65, 1.37, 565.36102
2017-02-20, 1, wei_ruo, 14.81, 14.56, 1.11, 14.40, 14.40, 14.57, 14.29, 76380.1, 110154185, 2.29, 1.94, 1.29, 673.00677
2017-02-21, 2, qing_du, 14.81, 14.40, -0.89, 14.53, 14.55, 14.56, 14.32, 80833.37, 116426133, 2.43, 1.65, 1.37, 1059.07106
2017-02-22, 2, qing_du, 14.80, 14.43, -0.69, 14.53, 14.53, 14.57, 14.33, 62618.41, 90254284, 1.88, 1.65, 1.06, 6637.79211
2017-02-23, 2, qing_du, 14.79, 14.57, 0.97, 14.43, 14.45, 14.57, 14.35, 59335.5, 85874624, 1.78, 1.52, 1.00, 125075.16599
2017-02-24, 2, qing_du, 14.79, 14.53, -0.27, 14.57, 14.64, 14.84, 14.44, 93675.69, 137068475, 2.81, 2.75, 1.58, 832.79991
2017-02-27, 2, qing_du, 14.77, 14.70, 0.89, 14.57, 14.64, 14.84, 14.64, 37746.88, 55664883, 1.13, 1.37, 3.48, 2714.19001
2017-02-28, 2, qing_du, 14.77, 14.29, 0.56, 14.21, 14.17, 14.34, 14.14, 36016.31, 51364546, 1.08, 1.41, 0.61, 762.04801
2017-03-01, 2, qing_du, 14.76, 14.34, 0.35, 14.29, 14.28, 14.46, 14.21, 65024.29, 93425797, 1.95, 1.75, 1.10, 575.37103
2017-03-02, 2, qing_du, 14.75, 14.29, -0.35, 14.34, 14.36, 14.41, 14.28, 43183.07, 61881616, 1.30, 0.91, 0.73, 682.62887
2017-03-03, 2, qing_du, 14.75, 14.30, 0.07, 14.29, 14.24, 14.30, 14.12, 50407.56, 71610966, 1.51, 1.26, 0.85, 4959.79381
2017-03-06, 2, qing_du, 14.74, 14.39, 0.63, 14.30, 14.34, 14.55, 14.33, 52606.16, 75670709, 1.58, 1.54, 0.89, 2622.40791
2017-03-07, 2, qing_du, 14.73, 14.45, -0.07, 14.46, 14.48, 14.48, 14.38, 18183.41, 26248393, 0.55, 0.69, 0.62, 60837.97002
2017-03-08, 2, qing_du, 14.73, 14.36, -0.69, 14.46, 14.48, 14.48, 14.33, 41975.53, 60435907, 1.26, 1.04, 0.71, 2705.35898
2017-03-09, 2, qing_du, 14.71, 14.04, -2.23, 14.36, 14.36, 14.36, 13.98, 98847.67, 139519714, 2.97, 2.65, 1.67, 581.74896
2017-03-10, 2, qing_du, 14.70, 14.04, 0.00, 14.04, 14.04, 14.09, 13.92, 50104.44, 70199578, 1.50, 1.21, 0.85, 498.1389
2017-03-13, 2, qing_du, 14.69, 14.07, 0.21, 14.04, 13.99, 14.12, 13.83, 44656.03, 62543204, 1.34, 2.07, 0.75, 2665.90285
2017-03-14, 1, wei_ruo, 14.68, 14.00, -0.50, 14.07, 14.08, 14.12, 13.93, 42419.86, 59535258, 1.27, 1.35, 0.72, 2591.84194
2017-03-15, 1, wei_ruo, 14.67, 13.93, -0.50, 14.00, 14.00, 14.05, 13.90, 63931.86, 89171014, 1.92, 1.07, 1.08, 2564.7099
2017-03-16, 1, wei_ruo, 14.66, 14.11, 1.29, 13.93, 13.95, 14.15, 13.95, 71004.15, 99961016, 2.13, 1.44, 1.20, 609.74193
2017-03-17, 1, wei_ruo, 14.64, 13.89, -1.56, 14.11, 14.11, 14.17, 13.88, 81685.4, 114696003, 2.45, 2.06, 1.38, 694.19718
2017-03-20, 1, wei_ruo, 14.63, 14.02, 0.94, 13.89, 13.93, 14.11, 13.91, 58575.22, 82091668, 1.76, 1.44, 0.99, 610.7049
2017-03-21, 1, wei_ruo, 14.62, 14.15, 0.93, 14.02, 14.02, 14.16, 13.96, 58832.02, 82827121, 1.77, 1.43, 0.99, 552.43397
2017-03-22, 2, qing_du, 14.61, 14.10, -0.35, 14.15, 14.12, 14.13, 13.99, 57020.73, 80100380, 1.71, 0.99, 0.96, 545.20011
2017-03-23, 2, qing_du, 14.60, 14.27, 1.21, 14.10, 14.09, 14.31, 14.02, 78937.3, 112168275, 2.37, 2.06, 1.33, 658.89692
2017-03-24, 2, qing_du, 14.60, 14.39, 0.84, 14.27, 14.28, 14.41, 14.20, 66504.78, 95194627, 2.00, 1.47, 1.12, 622.58911
2017-03-27, 3, zhong_du, 14.59, 14.35, -0.28, 14.39, 14.40, 14.47, 14.30, 65822.03, 94745381, 1.98, 1.18, 1.11, 673.79999
2017-03-28, 3, zhong_du, 14.59, 14.27, -0.56, 14.35, 14.35, 14.39, 14.25, 55574.02, 79525805, 1.67, 0.98, 0.94, 669.78502
2017-03-29, 3, zhong_du, 14.57, 14.00, -1.89, 14.27, 14.23, 14.32, 14.00, 84343.44, 118849386, 2.53, 2.24, 1.42, 579.0329
2017-03-30, 3, zhong_du, 14.56, 14.15, 1.07, 14.00, 14.00, 14.25, 13.86, 98348.65, 138296301, 2.95, 2.79, 1.66, 628.97992
2017-03-31, 2, qing_du, 14.55, 14.12, -0.21, 14.15, 14.45, 14.45, 14.11, 124806.52, 177735995, 3.75, 2.40, 2.11, 616.73594
2017-04-05, 2, qing_du, 14.59, 15.53, 9.99, 14.12, 15.53, 15.53, 15.53, 131362.96, 204006677, 3.94, 0.00, 2.22, 589.06794
2017-04-06, 3, zhong_du, 15.20, 16.45, 5.92, 15.53, 16.60, 16.99, 15.78, 1129768.39, 1852370819, 33.90, 7.79, 19.08, 549.613
2017-04-07, 4, gao_du, 15.63, 17.02, 3.47, 16.45, 16.10, 17.69, 16.01, 830264.81, 1397956776, 24.92, 10.21, 14.02, 623.58403
2017-04-10, 5, qiang_lie, 16.44, 18.72, 9.99, 17.02, 17.03, 18.72, 17.03, 1065133.82, 1944437309, 31.96, 9.93, 17.99, 584.1949
2017-04-11, 5, qiang_lie, 17.52, 19.85, 6.04, 18.72, 18.41, 20.59, 18.32, 1141324.97, 2227018973, 34.25, 12.13, 19.28, 589.21194
2017-04-12, 5, qiang_lie, 17.67, 17.87, -9.97, 19.85, 19.18, 19.18, 17.87, 658937.93, 1213301136, 19.77, 6.60, 11.13, 617.89107
2017-04-13, 4, gao_du, 17.71, 18.01, 0.78, 17.87, 17.20, 18.54, 17.20, 578957.21, 1039180184, 17.37, 7.50, 9.78, 780.39503
2017-04-14, 4, gao_du, 17.75, 17.70, -1.72, 18.01, 18.29, 18.65, 17.58, 455388.99, 823021070, 13.67, 5.94, 7.69, 646.19994
2017-04-17, 3, zhong_du, 17.73, 17.44, -1.47, 17.70, 17.59, 18.29, 17.02, 430876.1, 757773244, 12.93, 7.18, 7.28, 592.47518
2017-04-18, 3, zhong_du, 17.76, 17.96, 2.98, 17.44, 17.63, 18.37, 17.44, 470562.41, 844988508, 14.12, 5.33, 7.95, 701.21503
2017-04-19, 3, zhong_du, 17.75, 17.79, -0.95, 17.96, 17.65, 17.96, 17.20, 347672.6, 611654789, 10.43, 4.23, 5.87, 686.9781
2017-04-20, 3, zhong_du, 17.65, 16.96, -4.67, 17.79, 17.60, 17.82, 16.23, 424616.78, 725780629, 12.74, 8.94, 7.17, 624.98212
2017-04-21, 3, zhong_du, 17.54, 16.01, -5.60, 16.96, 16.77, 17.07, 16.01, 283492.96, 469730022, 8.51, 6.25, 4.79, 564.74805
2017-04-24, 2, qing_du, 17.41, 15.57, -2.75, 16.01, 15.84, 16.35, 15.57, 261074.39, 415778758, 7.83, 4.87, 4.41, 667.78588
2017-04-25, 2, qing_du, 17.26, 16.01, 2.83, 15.57, 15.72, 16.64, 15.51, 371914.34, 601234858, 11.16, 7.26, 6.28, 986.09281
2017-04-26, 2, qing_du, 17.14, 16.57, 3.50, 16.01, 15.86, 16.81, 15.70, 428541.32, 699266778, 12.86, 6.93, 7.24, 799.14713
2017-04-27, 2, qing_du, 17.04, 16.23, -2.05, 16.57, 16.48, 16.85, 16.12, 443240.21, 729757148, 13.30, 4.41, 7.49, 678.99704
2017-04-28, 2, qing_du, 17.00, 16.95, 4.44, 16.23, 16.03, 17.20, 16.03, 426483.17, 713880133, 12.80, 7.21, 7.20, 647.94993
2017-05-02, 2, qing_du, 17.06, 17.54, 3.48, 16.95, 17.40, 17.79, 16.93, 454191.33, 788236734, 13.63, 5.07, 7.67, 695.62697
2017-05-03, 2, qing_du, 17.02, 16.52, -5.82, 17.54, 17.23, 17.30, 16.31, 403738.23, 680456747, 12.12, 5.64, 6.82, 859.57003
2017-05-04, 2, qing_du, 17.03, 17.00, 2.91, 16.52, 16.30, 18.07, 16.29, 515429.74, 885739086, 15.47, 10.77, 8.71, 687.603
2017-05-05, 2, qing_du, 17.05, 17.10, 0.59, 17.00, 16.98, 17.64, 16.78, 441742.95, 761655853, 13.26, 5.06, 7.46, 669.88492
2017-05-11, 1, wei_ruo, 16.65, 15.76, 0.57, 15.67, 15.70, 15.90, 14.91, 357779.91, 554137245, 10.74, 6.32, 6.04, 20657.53508
2017-05-12, 1, wei_ruo, 16.59, 16.32, 3.55, 15.76, 15.63, 16.59, 15.55, 412196.84, 665255746, 6.18, 6.60, 6.96, 619.32087
2017-05-15, 1, wei_ruo, 16.71, 17.95, 9.99, 16.32, 16.31, 17.95, 16.19, 499500.45, 869087731, 7.49, 10.78, 8.44, 942.30604
2017-05-17, 2, qing_du, 8.62, 10.81, 9.97, 9.83, 10.81, 10.81, 10.81, 134812.64, 145732464, 2.02, 0.00, 2.28, 3335.79612
2017-05-18, 3, zhong_du, 9.48, 10.00, -7.49, 10.81, 11.21, 11.49, 9.90, 3120882.38, 3339949256, 46.83, 14.71, 52.71, 649.0922
2017-05-19, 2, qing_du, 9.95, 11.00, 10.00, 10.00, 9.79, 11.00, 9.78, 2821911.49, 2949536910, 42.34, 12.20, 47.66, 532.75514
2017-05-22, 3, zhong_du, 10.25, 10.33, -6.09, 11.00, 10.95, 11.44, 10.14, 2868443.32, 3093168446, 43.04, 11.82, 48.45, 675.10605
2017-05-23, 3, zhong_du, 10.04, 9.31, -9.87, 10.33, 10.00, 10.15, 9.30, 2136452.34, 2043485959, 32.06, 8.23, 36.08, 865.18002
2017-05-24, 3, zhong_du, 9.89, 9.65, 3.65, 9.31, 9.30, 9.84, 8.87, 1688546.69, 1591612134, 25.34, 10.42, 28.52, 638.22699
2017-05-25, 3, zhong_du, 9.85, 10.03, 3.94, 9.65, 9.50, 10.28, 9.01, 2119497.99, 2033432072, 31.80, 13.16, 35.80, 595.58892
2017-05-26, 3, zhong_du, 9.93, 9.79, -2.39, 10.03, 10.20, 10.65, 9.75, 2374801.7, 2428522482, 35.63, 8.97, 40.11, 640.80191
2017-05-31, 3, zhong_du, 9.85, 9.38, -4.19, 9.79, 9.60, 9.88, 9.37, 1320185.91, 1264481484, 19.81, 5.21, 22.30, 678.15495
2017-06-01, 2, qing_du, 9.70, 8.72, -7.04, 9.38, 9.26, 9.48, 8.71, 1120874.14, 1018833937, 16.82, 8.21, 18.93, 4628.91698
2017-06-02, 2, qing_du, 9.59, 9.00, 3.21, 8.72, 8.70, 9.10, 8.47, 922672.99, 815794809, 13.84, 7.22, 15.58, 4656.0111
2017-06-05, 2, qing_du, 9.52, 8.90, -1.11, 9.00, 9.00, 9.14, 8.89, 741708.9, 668304378, 11.13, 2.78, 12.53, 2748.0371
2017-06-06, 1, wei_ruo, 9.43, 8.73, -1.91, 8.90, 8.90, 8.90, 8.54, 754557.01, 655016650, 11.32, 4.04, 12.74, 725.90208
2017-06-07, 1, wei_ruo, 9.37, 9.31, 6.64, 8.73, 8.74, 9.47, 8.70, 1383992.62, 1267380143, 20.77, 8.82, 23.37, 612.71715
2017-06-08, 1, wei_ruo, 9.38, 9.29, -0.21, 9.31, 9.31, 9.76, 9.14, 1554827.65, 1462186286, 23.33, 6.66, 26.26, 1091.6841
2017-06-09, 2, qing_du, 9.35, 9.26, -0.32, 9.29, 9.10, 9.38, 8.90, 1032360.7, 943132949, 15.49, 5.17, 17.44, 872.22099
2017-06-12, 2, qing_du, 9.33, 9.20, -0.65, 9.26, 9.08, 9.44, 9.02, 829617.84, 765020657, 12.45, 4.54, 14.01, 707.28302
2017-06-13, 2, qing_du, 9.32, 9.29, 0.98, 9.20, 9.13, 9.39, 9.10, 693291.37, 642334873, 10.40, 3.15, 11.71, 2558.66098
2017-06-14, 2, qing_du, 9.30, 9.01, -3.01, 9.29, 9.21, 9.26, 9.00, 702886.59, 640167327, 10.55, 2.80, 11.87, 538.61618
2017-06-15, 2, qing_du, 9.28, 9.03, 0.22, 9.01, 8.96, 9.19, 8.91, 515917.34, 467423441, 7.74, 3.11, 8.71, 511.69014
2017-06-16, 2, qing_du, 9.26, 9.10, 0.78, 9.03, 9.06, 9.30, 8.96, 642286.01, 587999023, 9.64, 3.77, 10.85, 602.12398
2017-06-19, 1, wei_ruo, 9.24, 8.98, -1.32, 9.10, 9.03, 9.08, 8.90, 510282.46, 457260617, 7.66, 1.98, 8.62, 2690.763
2017-06-20, 1, wei_ruo, 9.23, 9.06, 0.89, 8.98, 8.97, 9.14, 8.92, 547594.8, 494876978, 8.22, 2.45, 9.25, 612.81204
2017-06-21, 1, wei_ruo, 9.22, 9.18, 1.32, 9.06, 9.00, 9.18, 8.98, 620034.73, 564191610, 9.30, 2.21, 10.47, 804.12722
2017-06-22, 1, wei_ruo, 9.20, 8.96, -2.40, 9.18, 9.20, 9.39, 8.95, 1006629.84, 929829782, 15.10, 4.79, 17.00, 688.49897
2017-06-23, 1, wei_ruo, 9.14, 8.73, -2.57, 8.96, 8.78, 8.88, 8.50, 773422.09, 671492131, 11.61, 4.24, 13.06, 830.34897
2017-06-26, 1, wei_ruo, 9.11, 8.66, -0.80, 8.73, 8.63, 8.73, 8.53, 421855.15, 364088912, 6.33, 2.29, 7.12, 3948.54403
2017-06-27, 1, wei_ruo, 9.09, 8.59, -0.81, 8.66, 8.65, 8.73, 8.58, 319465.36, 275876919, 4.79, 1.73, 5.40, 608.64401
2017-06-28, 1, wei_ruo, 9.03, 8.28, -3.61, 8.59, 8.51, 8.54, 8.20, 530166.08, 442085932, 7.96, 3.96, 8.95, 758.27909
2017-06-29, 1, wei_ruo, 8.99, 8.26, -0.24, 8.28, 8.26, 8.41, 8.26, 334014.41, 277907981, 5.01, 1.81, 5.64, 589.31708
2017-06-30, 1, wei_ruo, 8.94, 8.08, -2.18, 8.26, 8.22, 8.26, 8.06, 415771.52, 337907489, 6.24, 2.42, 7.02, 646.25287
2017-07-03, 1, wei_ruo, 8.91, 8.17, 1.11, 8.08, 8.09, 8.22, 8.09, 252789.04, 206346864, 3.79, 1.61, 4.27, 1015.79499
2017-07-04, 1, wei_ruo, 8.88, 8.18, 0.12, 8.17, 8.16, 8.26, 8.14, 263247.58, 215856200, 3.95, 1.47, 4.45, 607.17106
2017-07-05, 1, wei_ruo, 8.84, 8.18, 0.00, 8.18, 8.19, 8.19, 8.06, 316437.99, 256852433, 4.75, 1.59, 5.34, 696.28
2017-07-06, 1, wei_ruo, 8.80, 8.31, 1.59, 8.18, 8.29, 8.50, 8.24, 584774.01, 488872083, 8.77, 3.18, 9.88, 703.04489
2017-07-07, 1, wei_ruo, 8.77, 8.20, -1.32, 8.31, 8.20, 8.31, 8.13, 361122.98, 296361310, 5.42, 2.17, 6.10, 612.03098
2017-07-10, 1, wei_ruo, 8.74, 8.27, 0.85, 8.20, 8.20, 8.35, 8.14, 347647.7, 287322779, 5.22, 2.56, 5.87, 620.21422
2017-07-11, 1, wei_ruo, 8.71, 8.02, -3.02, 8.27, 8.22, 8.26, 8.00, 366064.22, 297470935, 5.49, 3.14, 6.18, 651.40295
2017-07-12, 1, wei_ruo, 8.58, 7.72, -3.74, 8.02, 7.70, 7.77, 7.30, 754144.64, 570318222, 11.32, 5.86, 12.74, 650.12884
2017-07-13, 1, wei_ruo, 8.52, 7.47, -3.24, 7.72, 7.61, 7.62, 7.40, 371869.88, 279224702, 5.58, 2.85, 6.28, 779.91605
2017-07-14, 1, wei_ruo, --, 7.44, -0.40, 7.47, 7.43, 7.57, 7.43, 235064.78, 176001533, 3.53, 1.87, 3.97, 555.91297
2017-07-17, 1, wei_ruo, --, 6.80, -8.60, 7.44, 7.45, 7.45, 6.76, 458946.71, 321038484, 6.89, 9.27, 7.75, 818.74299
2017-07-18, 1, wei_ruo, --, 6.83, 0.44, 6.80, 6.75, 6.90, 6.70, 249381.22, 169629145, 3.74, 2.94, 4.21, 532.11284
2017-07-19, 1, wei_ruo, --, 6.89, 0.88, 6.83, 6.87, 6.90, 6.71, 290125.23, 197880844, 4.35, 2.78, 4.90, 615.56387
2017-07-20, 1, wei_ruo, --, 7.27, 5.52, 6.89, 6.86, 7.45, 6.83, 544798, 388467572, 8.17, 9.00, 9.20, 3095.38817
2017-07-21, 1, wei_ruo, --, 7.10, -2.34, 7.27, 7.18, 7.26, 7.06, 325326.2, 232732266, 4.88, 2.75, 5.49, 533.16712
2017-07-24, 1, wei_ruo, 8.09, 7.12, 0.28, 7.10, 7.04, 7.20, 7.03, 231955.35, 165675220, 3.48, 2.39, 3.92, 626.43814
2017-07-25, 1, wei_ruo, --, 6.99, -1.83, 7.12, 7.12, 7.15, 6.97, 208890.95, 147179297, 3.13, 2.53, 3.53, 839.59913
2017-07-26, 1, wei_ruo, --, 7.11, 1.72, 6.99, 7.03, 7.14, 6.96, 221283, 156174662, 3.32, 2.58, 3.74, 15939.08095
2017-07-27, 1, wei_ruo, 7.99, 7.13, 0.28, 7.11, 7.09, 7.18, 7.03, 256418.52, 182439268, 3.85, 2.11, 4.33, 2918.43009
2017-07-28, 1, wei_ruo, 7.96, 7.08, -0.70, 7.13, 7.08, 7.17, 7.06, 186190, 132236902, 2.79, 1.54, 3.14, 705.10006
2017-07-31, 1, wei_ruo, 7.93, 7.04, -0.56, 7.08, 7.05, 7.11, 7.02, 188263, 132783566, 2.82, 1.27, 3.18, 806.15401
2017-08-01, 1, wei_ruo, 7.88, 7.26, 3.13, 7.04, 7.06, 7.38, 7.02, 524881.94, 379166161, 7.88, 5.11, 8.86, 687.98208
2017-08-02, 1, wei_ruo, 7.83, 7.35, 1.24, 7.26, 7.22, 7.50, 7.12, 544772.74, 397649750, 8.17, 5.23, 9.20, 663.64193
2017-08-03, 1, wei_ruo, 7.80, 7.36, 0.14, 7.35, 7.30, 7.58, 7.28, 456380.04, 339213823, 6.85, 4.08, 7.71, 700.57702
2017-08-04, 1, wei_ruo, 7.78, 7.22, -1.90, 7.36, 7.41, 7.44, 7.22, 289508.1, 211986695, 4.34, 2.99, 4.89, 744.99083
2017-08-07, 1, wei_ruo, 7.77, 7.31, 1.25, 7.22, 7.16, 7.35, 7.14, 205067, 149290615, 3.08, 2.91, 3.46, 731.40717
2017-08-08, 1, wei_ruo, 7.78, 7.80, 6.70, 7.31, 7.88, 8.04, 7.75, 1063977.69, 841594897, 15.96, 3.97, 17.97, 2960.19983
2017-08-09, 1, wei_ruo, 7.78, 7.73, -0.90, 7.80, 7.61, 7.97, 7.59, 739359.6, 575157447, 11.09, 4.87, 12.49, 368.1438
2017-08-10, 1, wei_ruo, 7.82, 8.11, 4.92, 7.73, 7.68, 8.28, 7.65, 1094384.75, 881082566, 16.42, 8.15, 18.48, 2604.42591
2017-08-11, 1, wei_ruo, 7.87, 8.15, 0.49, 8.11, 8.03, 8.39, 7.91, 1037244.99, 842199953, 15.56, 5.92, 17.52, 667.98711
2017-08-14, 1, wei_ruo, 7.90, 8.23, 0.98, 8.15, 8.17, 8.25, 8.03, 686600.83, 559528336, 10.30, 2.70, 11.60, 761.77907
2017-08-15, 2, qing_du, 7.92, 8.09, -1.70, 8.23, 8.25, 8.28, 8.01, 514252.07, 416775716, 7.72, 3.28, 8.69, 2821.51198
2017-08-16, 2, qing_du, 7.93, 8.09, 0.00, 8.09, 8.17, 8.29, 8.07, 465991.67, 380363022, 6.99, 2.72, 7.87, 713.99713
2017-08-17, 2, qing_du, 7.94, 8.07, -0.25, 8.09, 8.02, 8.12, 7.92, 450647.05, 361432732, 6.76, 2.47, 7.61, 3999.47882
2017-08-18, 2, qing_du, 7.95, 8.01, -0.74, 8.07, 8.00, 8.18, 7.96, 380558.53, 307309034, 5.71, 2.73, 6.43, 690.97805
2017-08-21, 2, qing_du, 7.95, 7.92, -1.12, 8.01, 8.01, 8.05, 7.86, 372088.65, 294912046, 5.58, 2.37, 6.28, 834.69701
2017-08-22, 2, qing_du, 7.94, 7.77, -1.89, 7.92, 7.93, 7.95, 7.69, 333875.82, 260922203, 5.01, 3.28, 5.64, 633.45098
2017-08-23, 2, qing_du, 7.93, 7.74, -0.39, 7.77, 7.77, 7.85, 7.68, 200427.54, 155671860, 3.01, 2.19, 3.39, 767.81178
2017-08-24, 2, qing_du, 7.92, 7.69, -0.65, 7.74, 7.74, 7.85, 7.61, 314263.93, 242495113, 4.72, 3.10, 5.31, 3884.36103
2017-08-25, 2, qing_du, 7.92, 7.70, 0.13, 7.69, 7.64, 7.73, 7.58, 235858, 180630353, 3.54, 1.95, 3.98, 748.72613
2017-08-28, 2, qing_du, 7.91, 7.72, 0.26, 7.70, 7.72, 7.77, 7.70, 237235.44, 183408696, 3.56, 0.91, 4.01, 2793.74599
2017-08-29, 2, qing_du, 7.90, 7.80, 1.04, 7.72, 7.77, 7.85, 7.73, 300639.15, 234567007, 4.51, 1.55, 5.08, 591.80498
2017-08-30, 2, qing_du, 7.90, 7.75, -0.64, 7.80, 7.81, 7.84, 7.74, 224073.96, 174428378, 3.36, 1.28, 3.78, 749.50004
2017-08-31, 2, qing_du, 7.89, 7.62, -1.68, 7.75, 7.74, 7.77, 7.61, 147090.3, 112802689, 2.21, 2.06, 4.97, 714.00094
2017-09-01, 2, qing_du, 7.88, 7.71, 1.18, 7.62, 7.65, 7.76, 7.62, 228527.06, 176248694, 3.43, 1.84, 3.86, 721.95005
2017-09-04, 2, qing_du, 7.88, 7.62, -1.68, 7.75, 7.74, 7.77, 7.61, 147090.3, 112802689, 2.21, 2.06, 4.97, 591.08591
2017-09-05, 2, qing_du, 7.87, 7.64, -0.65, 7.69, 7.68, 7.68, 7.60, 216795.83, 165446963, 3.25, 1.04, 3.66, 1834.54704
2017-09-06, 2, qing_du, 7.86, 7.48, -2.09, 7.64, 7.56, 7.63, 7.46, 262553.3, 197146311, 3.94, 2.23, 4.43, 651.91603
2017-09-07, 2, qing_du, 7.84, 7.52, 0.53, 7.48, 7.49, 7.68, 7.46, 256690.2, 194086667, 3.85, 2.94, 4.34, 987.21004
2017-09-08, 2, qing_du, 7.85, 7.93, 5.45, 7.52, 7.60, 8.27, 7.55, 894840.9, 714980298, 13.43, 9.57, 15.11, 663.54513
2017-09-11, 2, qing_du, 7.86, 7.92, -0.13, 7.93, 7.80, 7.96, 7.76, 430980.37, 338764302, 6.47, 2.52, 7.28, 723.88601
2017-09-12, 3, zhong_du, 7.85, 7.83, -1.14, 7.92, 7.90, 7.90, 7.78, 302543, 236934536, 4.54, 1.52, 5.11, 541.21685
2017-09-13, 3, zhong_du, 7.86, 7.94, 1.40, 7.83, 7.81, 8.03, 7.81, 353353.59, 279662778, 5.30, 2.81, 5.97, 722.69201
2017-09-14, 3, zhong_du, 7.91, 8.25, 3.90, 7.94, 8.10, 8.55, 8.01, 900024.25, 744266455, 13.50, 6.80, 15.20, 670.38822
2017-09-15, 3, zhong_du, 7.93, 8.05, -2.42, 8.25, 8.13, 8.25, 8.01, 420483.63, 340554081, 6.31, 2.91, 7.10, 888.70978
2017-09-18, 4, gao_du, 7.93, 7.99, -0.75, 8.05, 7.97, 8.01, 7.87, 252438.62, 200484646, 3.79, 1.74, 4.26, 641.95895
2017-09-19, 3, zhong_du, 7.93, 7.91, -1.00, 7.99, 7.95, 8.02, 7.90, 187191.41, 148705715, 2.81, 1.50, 3.16, 794.66295
2017-09-20, 3, zhong_du, 7.93, 8.10, 2.40, 7.91, 7.96, 8.10, 7.93, 306094.98, 245846006, 4.59, 2.15, 5.17, 695.539
2017-09-21, 3, zhong_du, 7.93, 7.90, -2.47, 8.10, 8.06, 8.09, 7.90, 253605.91, 202187391, 3.81, 2.35, 4.28, 1056.16403
2017-09-22, 3, zhong_du, 7.92, 7.65, -3.16, 7.90, 7.81, 7.88, 7.60, 298847.62, 229862153, 4.48, 3.54, 5.05, 734.68995
2017-09-25, 3, zhong_du, 7.91, 7.51, -1.83, 7.65, 7.62, 7.69, 7.48, 177788, 134674829, 2.67, 2.75, 3.00, 546.67497
2017-09-26, 2, qing_du, 7.91, 7.57, 0.80, 7.51, 7.49, 7.66, 7.36, 157508.41, 118622732, 2.36, 3.99, 2.66, 726.16005
2017-09-27, 1, wei_ruo, 7.90, 7.57, 0.00, 7.57, 7.61, 7.68, 7.56, 137349.83, 104603312, 2.06, 1.59, 2.32, 785.20894
2017-09-28, 1, wei_ruo, 7.89, 7.46, -1.45, 7.57, 7.57, 7.65, 7.46, 130152, 98292177, 1.95, 2.51, 2.20, 607.00011
2017-09-29, 1, wei_ruo, 7.89, 7.60, 1.88, 7.46, 7.50, 7.63, 7.50, 125238.32, 94909087, 1.88, 1.74, 2.12, 718.88685
2017-10-10, 1, wei_ruo, 7.88, 7.63, 0.00, 7.63, 7.65, 7.65, 7.55, 122508.93, 93069875, 1.84, 1.31, 2.07, 679.38209
2017-10-12, 1, wei_ruo, 7.86, 7.48, 0.00, 7.48, 7.55, 7.55, 7.46, 118402.57, 88759434, 1.78, 1.20, 2.00, 708.99391
2017-10-13, 1, wei_ruo, 7.85, 7.51, 0.40, 7.48, 7.51, 7.53, 7.46, 118444.23, 88839238, 1.78, 0.94, 2.00, 1033.39005
2017-10-16, 1, wei_ruo, 7.83, 7.17, -4.53, 7.51, 7.46, 7.48, 7.13, 298268.72, 216845657, 4.48, 4.66, 5.04, 690.88793
2017-10-17, 1, wei_ruo, 7.81, 7.11, -0.84, 7.17, 7.18, 7.21, 7.07, 122894.63, 87471768, 1.84, 1.95, 2.08, 627.21586
2017-10-18, 1, wei_ruo, 7.80, 7.10, -0.14, 7.11, 7.14, 7.22, 7.08, 93354.96, 66769849, 1.40, 1.97, 1.58, 650.40898
2017-10-19, 1, wei_ruo, 7.79, 6.90, -2.82, 7.10, 7.10, 7.10, 6.85, 146502.26, 101607855, 2.20, 3.52, 2.47, 2696.5661
2017-10-20, 1, wei_ruo, 7.77, 6.95, 0.72, 6.90, 6.87, 6.96, 6.87, 86117.02, 59604241, 1.29, 1.30, 1.45, 621.83499
2017-10-23, 1, wei_ruo, 7.76, 7.07, 1.73, 6.95, 6.94, 7.13, 6.91, 121950.41, 85915058, 1.83, 3.17, 2.06, 868.15405
2017-10-24, 1, wei_ruo, 7.75, 6.97, -1.41, 7.07, 7.02, 7.09, 6.93, 93496.04, 65479178, 1.40, 2.26, 1.58, 930.97997
2017-10-25, 1, wei_ruo, 7.74, 7.09, 1.72, 6.97, 7.08, 7.23, 7.06, 140109.56, 99909374, 2.10, 2.44, 2.37, 676.76711
2017-10-26, 1, wei_ruo, 7.73, 7.07, -0.28, 7.09, 7.08, 7.10, 7.02, 100153, 70653567, 1.50, 1.13, 1.69, 601.35508
2017-10-27, 1, wei_ruo, 7.72, 7.03, -0.57, 7.07, 7.07, 7.12, 7.00, 76252, 53780855, 1.14, 1.70, 1.29, 2648.71097
2017-10-30, 1, wei_ruo, 7.70, 6.78, -3.56, 7.03, 7.00, 7.05, 6.70, 138137.81, 94286628, 2.07, 4.98, 2.33, 820.52302
2017-10-31, 1, wei_ruo, 7.69, 6.85, 1.03, 6.78, 6.80, 6.87, 6.76, 80686.53, 54973227, 1.21, 1.62, 1.36, 624.58086
2017-11-01, 1, wei_ruo, 7.68, 6.80, -0.73, 6.85, 6.85, 6.88, 6.78, 82428.02, 56232429, 1.24, 1.46, 1.39, 767.1268
2017-11-02, 1, wei_ruo, 7.67, 6.78, -0.29, 6.80, 6.82, 6.83, 6.69, 94330.68, 63532148, 1.42, 2.06, 1.59, 711.37595
2017-11-03, 1, wei_ruo, 7.66, 6.73, -0.74, 6.78, 6.79, 6.88, 6.71, 83820.68, 56832467, 1.26, 2.51, 1.42, 1042.95421
2017-11-06, 1, wei_ruo, 7.63, 6.65, -1.19, 6.73, 6.77, 6.77, 6.57, 157676.07, 104414704, 2.37, 2.97, 2.66, 5064.399
2017-11-07, 1, wei_ruo, 7.61, 6.63, -0.30, 6.65, 6.64, 6.69, 6.52, 90816, 59869358, 1.36, 2.56, 3.07, 60554.57902
2017-11-09, 1, wei_ruo, 7.58, 6.63, -0.30, 6.65, 6.64, 6.69, 6.52, 90816, 59869358, 1.36, 2.56, 3.07, 2795.23706
2017-11-10, 1, wei_ruo, 7.57, 6.59, -0.90, 6.65, 6.65, 6.65, 6.57, 98245.34, 64790167, 1.47, 1.20, 0.83, 751.60503
2017-11-13, 1, wei_ruo, 7.55, 6.54, -0.76, 6.59, 6.56, 6.59, 6.50, 106374, 69545592, 1.60, 1.37, 0.88, 692.85107
2017-11-14, 1, wei_ruo, 7.53, 6.48, -0.92, 6.54, 6.55, 6.63, 6.42, 140833.81, 91724758, 2.11, 3.21, 1.27, 1354.44713
2017-11-15, 1, wei_ruo, 7.51, 6.40, -1.23, 6.48, 6.47, 6.48, 6.35, 117044.41, 75013010, 1.76, 2.01, 1.03, 644.71102
2017-11-16, 1, wei_ruo, 7.48, 6.21, -2.97, 6.40, 6.40, 6.40, 6.21, 153861.7, 96899805, 2.31, 2.97, 1.33, 782.552
2017-11-17, 1, wei_ruo, 7.42, 5.78, -6.92, 6.21, 6.19, 6.25, 5.65, 265829.28, 157899554, 3.99, 9.66, 2.16, 4084.36704
2017-11-20, 1, wei_ruo, 7.37, 5.63, -2.60, 5.78, 5.65, 5.70, 5.35, 172485.16, 95678351, 2.59, 6.06, 1.10, 613.98292
2017-11-21, 1, wei_ruo, 7.34, 5.58, -0.89, 5.63, 5.61, 5.67, 5.54, 112074.12, 62676471, 1.68, 2.31, 0.66, 572.6521
2017-11-22, 1, wei_ruo, 7.31, 5.64, 1.08, 5.58, 5.58, 5.67, 5.53, 116844.69, 65322134, 1.75, 2.51, 0.71, 636.04903
2017-11-23, 1, wei_ruo, 7.28, 5.50, -2.48, 5.64, 5.61, 5.67, 5.46, 117100.23, 65104393, 1.76, 3.72, 0.71, 5243.7501
2017-11-24, 1, wei_ruo, 7.26, 5.50, 0.00, 5.50, 5.45, 5.51, 5.42, 68929.35, 37775967, 1.03, 1.64, 0.44, 711.73286
2017-11-27, 1, wei_ruo, 7.24, 5.53, 0.55, 5.50, 5.50, 5.60, 5.46, 90391.31, 50165692, 1.36, 2.55, 0.77, 2792.01102
2017-11-28, 1, wei_ruo, 7.21, 5.54, 0.18, 5.53, 5.53, 5.56, 5.49, 80917.42, 44719153, 1.21, 1.27, 0.80, 688.14993
2017-11-29, 1, wei_ruo, 7.19, 5.53, -0.18, 5.54, 5.55, 5.55, 5.41, 99179.46, 54353772, 1.49, 2.53, 1.05, 550.76122
2017-11-30, 1, wei_ruo, 7.16, 5.40, -2.35, 5.53, 5.51, 5.54, 5.40, 110385, 60236536, 1.66, 2.53, 1.21, 774.62101
2017-12-01, 1, wei_ruo, 7.14, 5.47, 1.30, 5.40, 5.45, 5.48, 5.41, 76770.04, 41813914, 1.15, 1.30, 0.85, 888.81707
2017-12-04, 1, wei_ruo, 7.11, 5.41, -1.10, 5.47, 5.49, 5.49, 5.35, 104138, 56244016, 1.56, 2.56, 1.14, 1059.64613
2017-12-05, 1, wei_ruo, 7.06, 5.09, -5.91, 5.41, 5.42, 5.42, 5.03, 169065, 88063801, 2.54, 7.21, 1.79, 1167.88411
2017-12-06, 1, wei_ruo, 7.03, 5.11, 0.39, 5.09, 5.03, 5.15, 5.01, 108156.27, 54907160, 1.62, 2.75, 0.97, 2595.49189
2017-12-07, 1, wei_ruo, 7.01, 5.14, 0.59, 5.11, 5.11, 5.15, 5.07, 77618.64, 39752915, 1.16, 1.57, 0.68, 1045.10403
2017-12-08, 1, wei_ruo, 6.99, 5.14, 0.00, 5.14, 5.13, 5.17, 5.10, 79874.2, 41054480, 1.20, 1.36, 0.75, 662.47416
2017-12-11, 1, wei_ruo, 6.94, 5.28, 2.72, 5.14, 5.12, 5.35, 5.09, 168902.05, 87858606, 2.53, 5.06, 1.57, 741.66393
2017-12-12, 1, wei_ruo, 6.92, 5.16, -2.27, 5.28, 5.23, 5.26, 5.15, 88008.01, 45711547, 1.32, 2.08, 0.73, 2847.66603
2017-12-13, 1, wei_ruo, 6.90, 5.17, 0.19, 5.16, 5.16, 5.18, 5.11, 62713.36, 32270826, 0.94, 1.36, 0.60, 1007.77316
2017-12-14, 1, wei_ruo, 6.89, 5.18, 0.19, 5.17, 5.16, 5.19, 5.12, 65043, 33523531, 0.98, 1.35, 0.68, 771.48104
2017-12-15, 1, wei_ruo, 6.86, 5.26, 1.54, 5.18, 5.18, 5.30, 5.14, 112071.68, 58478976, 1.68, 3.09, 1.21, 554.65102
2017-12-18, 1, wei_ruo, 6.84, 5.27, 0.19, 5.26, 5.25, 5.32, 5.23, 85029.2, 44734960, 1.28, 1.71, 0.86, 537.27508
2017-12-19, 1, wei_ruo, 6.83, 5.26, -0.19, 5.27, 5.27, 5.28, 5.24, 46380.02, 24359484, 0.70, 0.76, 0.56, 951.39503
2017-12-20, 1, wei_ruo, 6.81, 5.16, -1.90, 5.26, 5.26, 5.26, 5.09, 88660.67, 45732700, 1.33, 3.23, 1.19, 2637.21704
2017-12-21, 1, wei_ruo, 6.79, 5.10, -1.16, 5.16, 5.12, 5.16, 5.05, 65755.89, 33595026, 0.99, 2.13, 0.83, 1352.70786
2017-12-22, 1, wei_ruo, 6.77, 5.12, 0.39, 5.10, 5.10, 5.15, 5.08, 56135.02, 28719147, 0.84, 1.37, 0.71, 717.94486
2017-12-25, 1, wei_ruo, 6.74, 4.96, -3.13, 5.12, 5.12, 5.13, 4.89, 117434.54, 58715733, 1.76, 4.69, 1.72, 2808.86602
2017-12-26, 1, wei_ruo, 6.73, 4.96, 0.00, 4.96, 4.95, 4.98, 4.93, 58509.07, 29009378, 0.88, 1.01, 0.78, 381.55103
2017-12-27, 1, wei_ruo, 6.71, 4.97, 0.20, 4.96, 4.95, 4.99, 4.94, 70399.4, 34929376, 1.06, 1.01, 0.91, 484.375
2017-12-29, 1, wei_ruo, 6.68, 5.03, 1.21, 4.97, 4.98, 5.03, 4.95, 71878.32, 35958868, 1.08, 1.61, 0.96, 539.81805
2018-01-03, 1, wei_ruo, 6.62, 5.53, 9.94, 5.03, 5.08, 5.53, 5.08, 200071.79, 107054220, 3.00, 8.95, 3.03, 633.49795
2018-01-04, 1, wei_ruo, 6.53, 5.50, -0.54, 5.53, 5.80, 5.80, 5.44, 566429.63, 318332225, 8.50, 6.51, 6.00, 779.44088
2018-01-05, 1, wei_ruo, 6.48, 5.47, -0.55, 5.50, 5.37, 5.58, 5.32, 294612.86, 160479530, 4.42, 4.73, 1.52, 708.58598
2018-01-08, 1, wei_ruo, 6.46, 5.40, -1.28, 5.47, 5.41, 5.45, 5.37, 145154.13, 78453552, 2.18, 1.46, 0.61, 650.10285
2018-01-09, 1, wei_ruo, 6.42, 5.50, 1.85, 5.40, 5.47, 5.75, 5.45, 286869.8, 159647566, 4.30, 5.56, 1.12, 637.69984
2018-01-10, 1, wei_ruo, 6.40, 5.38, -2.18, 5.50, 5.43, 5.47, 5.34, 156768.36, 84694353, 2.35, 2.36, 0.52, 569.77415
2018-01-11, 1, wei_ruo, 6.38, 5.40, 0.37, 5.38, 5.36, 5.45, 5.31, 105792.56, 57070691, 1.59, 2.60, 0.36, 597.90397
2018-01-12, 1, wei_ruo, 6.37, 5.44, 0.74, 5.40, 5.43, 5.53, 5.38, 114451.36, 62505672, 1.72, 2.78, 0.58, 634.2001
2018-01-15, 1, wei_ruo, 6.35, 5.27, -3.13, 5.44, 5.47, 5.52, 5.25, 127517, 68286924, 1.91, 4.96, 0.79, 691.84613
2018-01-16, 1, wei_ruo, 6.33, 5.24, -0.57, 5.27, 5.21, 5.31, 5.19, 97565, 51136497, 1.46, 2.28, 0.62, 655.26509
2018-01-17, 1, wei_ruo, 6.31, 5.18, -1.15, 5.24, 5.27, 5.27, 5.08, 98958.04, 51117173, 1.48, 3.63, 0.82, 760.58984
2018-01-18, 1, wei_ruo, 6.30, 5.19, 0.19, 5.18, 5.18, 5.24, 5.16, 72024.04, 37450905, 1.08, 1.54, 0.67, 433.7821
2018-01-19, 1, wei_ruo, 6.29, 5.22, 0.58, 5.19, 5.15, 5.25, 5.13, 85285.8, 44290060, 1.28, 2.31, 0.84, 588.96089
2018-01-22, 1, wei_ruo, 6.27, 5.18, -0.77, 5.22, 5.16, 5.26, 5.07, 117205, 60273676, 1.76, 3.64, 1.22, 709.71608
2018-01-23, 1, wei_ruo, 6.25, 5.14, -0.77, 5.18, 5.18, 5.20, 5.12, 72737.02, 37498487, 1.09, 1.54, 0.77, 730.26109
2018-01-24, 1, wei_ruo, 6.24, 5.17, 0.58, 5.14, 5.17, 5.24, 5.12, 110559.02, 57050087, 1.66, 2.33, 1.24, 602.77295
2018-01-25, 1, wei_ruo, 6.20, 5.28, 2.13, 5.17, 5.17, 5.52, 5.14, 230725.7, 122294007, 3.46, 7.35, 2.52, 837.41307
2018-01-26, 1, wei_ruo, 6.19, 5.21, -1.33, 5.28, 5.18, 5.28, 5.18, 105221.74, 55048369, 1.58, 1.89, 0.85, 696.29288
2018-01-29, 1, wei_ruo, 6.18, 5.17, -0.77, 5.21, 5.21, 5.28, 5.15, 78878.02, 41068304, 1.18, 2.50, 0.62, 745.55492
2018-01-30, 1, wei_ruo, 6.17, 5.11, -1.16, 5.17, 5.18, 5.20, 5.11, 68362.84, 35109621, 1.03, 1.74, 0.57, 432.44505
2018-01-31, 1, wei_ruo, 6.15, 5.00, -2.15, 5.11, 5.10, 5.11, 4.96, 113384, 56886904, 1.70, 2.94, 0.95, 1320.45197
2018-02-01, 1, wei_ruo, 6.12, 4.74, -5.20, 5.00, 5.00, 5.03, 4.66, 132597, 64324020, 1.99, 7.40, 1.11, 692.07382
2018-02-02, 1, wei_ruo, 6.10, 4.64, -2.11, 4.74, 4.72, 4.72, 4.51, 95229.26, 43990698, 1.43, 4.43, 0.96, 759.97114
2018-02-05, 1, wei_ruo, 6.08, 4.59, -1.08, 4.64, 4.55, 4.60, 4.49, 65518.02, 29863467, 0.98, 2.37, 0.67, 728.42598
2018-02-06, 1, wei_ruo, 6.03, 4.13, -10.02, 4.59, 4.51, 4.51, 4.13, 184820.3, 80127035, 2.77, 8.28, 1.95, 671.24319
2018-02-07, 1, wei_ruo, 6.00, 4.10, -0.73, 4.13, 4.18, 4.24, 3.92, 121215, 50002099, 1.82, 7.75, 1.02, 1051.55897
2018-02-08, 1, wei_ruo, 5.98, 4.17, 1.71, 4.10, 4.09, 4.22, 4.05, 72550, 30132048, 1.09, 4.15, 0.59, 751.27816
2018-02-09, 1, wei_ruo, 5.95, 4.03, -3.36, 4.17, 4.08, 4.10, 3.97, 102970.72, 41610262, 1.55, 3.12, 1.01, 806.76508
2018-02-12, 1, wei_ruo, 5.93, 4.13, 2.48, 4.03, 4.08, 4.13, 4.07, 60282.48, 24788236, 0.90, 1.49, 0.64, 2681.80084
2018-02-13, 1, wei_ruo, 5.91, 4.13, 0.00, 4.13, 4.14, 4.25, 4.13, 87719, 36658150, 1.32, 2.91, 1.13, 663.764
2018-02-14, 1, wei_ruo, 5.90, 4.15, 0.48, 4.13, 4.11, 4.18, 4.11, 47718, 19781359, 0.72, 1.69, 0.67, 2734.85112
