2015-08-20, 1, wei_ruo, 18.06, 17.09, -3.61, 17.73, 17.49, 18.05, 17.08, 383769.52, 673575909, 3.60, 5.47, 0.68, 849.12801
2015-08-21, 1, wei_ruo, 17.98, 16.19, -5.27, 17.09, 16.58, 17.40, 15.60, 474117.26, 784578411, 4.45, 10.53, 0.87, 2878.34311
2015-08-25, 1, wei_ruo, 17.75, 13.11, -10.02, 14.57, 13.11, 13.50, 13.11, 371312.54, 489040391, 3.49, 2.68, 0.78, 1141.32094
2015-08-26, 1, wei_ruo, 17.52, 11.90, -9.23, 13.11, 13.11, 13.65, 11.87, 477770.32, 615217067, 4.49, 13.58, 1.21, 1021.79217
2015-10-29, 3, zhong_du, 15.00, 14.45, -0.96, 14.59, 14.70, 14.84, 14.29, 262389.06, 381710316, 2.46, 3.77, 0.83, 1157.44209
2015-10-30, 3, zhong_du, 14.99, 14.16, -2.01, 14.45, 14.38, 14.46, 14.01, 194895.52, 277493400, 1.83, 3.11, 0.63, 989.30788
2015-11-02, 3, zhong_du, 14.97, 13.82, -2.40, 14.16, 13.91, 14.39, 13.76, 188553.56, 265204087, 1.77, 4.45, 0.64, 1151.59702
2015-11-03, 3, zhong_du, 14.95, 13.68, -1.01, 13.82, 13.87, 14.00, 13.59, 156249.42, 215248416, 1.47, 2.97, 0.58, 1891.96706
2015-11-04, 3, zhong_du, 14.93, 14.68, 7.31, 13.68, 13.76, 14.71, 13.76, 350768.02, 500860116, 3.29, 6.94, 1.49, 1300.99106
2015-11-05, 3, zhong_du, 14.93, 14.90, 1.50, 14.68, 14.60, 15.12, 14.43, 522176.41, 772124434, 4.90, 4.70, 2.26, 1241.84489
2015-11-06, 4, gao_du, 14.94, 15.20, 2.01, 14.90, 14.90, 15.39, 14.82, 455775.78, 690373476, 4.28, 3.83, 1.61, 1419.69585
2015-11-09, 5, qiang_lie, 14.95, 15.40, 1.32, 15.20, 15.02, 15.65, 14.76, 494366.09, 753305539, 4.64, 5.86, 1.48, 18591.97497
2015-11-10, 5, qiang_lie, 14.99, 15.37, -0.19, 15.40, 15.34, 16.11, 15.21, 642916.76, 1010893136, 6.04, 5.84, 1.62, 412.72616
2015-11-11, 5, qiang_lie, 14.99, 15.67, 1.95, 15.37, 15.63, 15.80, 15.39, 416362.88, 647501490, 3.91, 2.67, 0.84, 285.19607
2015-11-12, 5, qiang_lie, 15.12, 16.62, 6.06, 15.67, 15.90, 16.89, 15.90, 774097.78, 1277791016, 7.27, 6.32, 1.53, 898.21696
2015-11-13, 5, qiang_lie, 15.16, 15.90, -4.33, 16.62, 16.40, 16.50, 15.67, 480731.9, 775073792, 4.51, 4.99, 0.86, 1083.18305
2015-11-16, 5, qiang_lie, 15.18, 16.02, 0.75, 15.90, 15.55, 16.05, 15.40, 304246.32, 480184236, 2.86, 4.09, 0.54, 1300.05288
2015-11-17, 5, qiang_lie, 15.21, 15.72, -1.87, 16.02, 16.23, 16.26, 15.65, 438716.61, 700459097, 4.12, 3.81, 0.84, 1065.49096
2015-11-18, 5, qiang_lie, 15.21, 15.16, -3.56, 15.72, 15.80, 15.85, 15.06, 257970.37, 398573074, 2.42, 5.03, 0.53, 1239.23397
2015-11-19, 4, gao_du, 15.22, 15.54, 2.51, 15.16, 15.30, 15.57, 15.10, 223194.55, 342951707, 2.10, 3.10, 0.49, 16866.51278
2015-11-20, 4, gao_du, 15.23, 15.79, 1.61, 15.54, 15.60, 15.95, 15.59, 292957.03, 461929640, 2.75, 2.32, 0.86, 17352.54598
2015-11-23, 5, qiang_lie, 15.24, 15.38, -2.60, 15.79, 15.80, 15.93, 15.30, 247081.02, 386181324, 2.32, 3.99, 0.81, 32060.40001
2015-11-24, 5, qiang_lie, 15.25, 15.75, 2.41, 15.38, 15.38, 15.77, 15.28, 189885.63, 295515205, 1.78, 3.19, 0.65, 1155.33495
2015-11-25, 5, qiang_lie, 15.27, 16.05, 1.90, 15.75, 15.81, 16.15, 15.78, 290444.44, 463622397, 2.73, 2.35, 1.20, 893.13293
2015-11-26, 5, qiang_lie, 15.29, 15.95, -0.62, 16.05, 16.14, 16.49, 15.83, 357857.79, 576663691, 3.36, 4.11, 1.44, 848.35696
2015-11-27, 5, qiang_lie, 15.28, 14.40, -9.72, 15.95, 15.98, 15.99, 14.36, 328523.89, 499187915, 3.08, 10.22, 1.19, 817.8091
2015-11-30, 4, gao_du, 15.25, 14.29, -0.76, 14.40, 14.35, 14.70, 13.38, 251490.11, 355924183, 2.36, 9.17, 0.89, 854.11215
2015-12-01, 3, zhong_du, 15.24, 14.29, 0.00, 14.29, 14.20, 14.55, 13.90, 180729.96, 258074662, 1.70, 4.55, 0.72, 1239.70294
2015-12-02, 3, zhong_du, 15.22, 14.43, 0.21, 14.40, 14.50, 14.50, 13.86, 157969.59, 225024883, 1.48, 4.44, 0.55, 879.62389
2015-12-03, 2, qing_du, 15.22, 14.80, 2.56, 14.43, 14.42, 14.84, 14.36, 161487.65, 235562363, 1.52, 3.33, 0.62, 810.19592
2015-12-04, 2, qing_du, 15.52, 14.41, -2.64, 14.80, 14.65, 14.79, 14.25, 182896.99, 266248539, 1.72, 3.65, 0.83, 622.21003
2015-12-07, 2, qing_du, 15.51, 14.64, 1.60, 14.41, 14.44, 14.72, 14.30, 162230.69, 234470825, 1.52, 2.91, 0.85, 532.28903
2015-12-08, 2, qing_du, 15.48, 14.15, -3.35, 14.64, 14.55, 14.60, 13.99, 201521.17, 286435310, 1.89, 4.17, 1.17, 830.63197
2015-12-09, 2, qing_du, 15.46, 14.13, -0.14, 14.15, 14.00, 14.33, 14.00, 162997.76, 230816159, 1.53, 2.33, 0.94, 1469.33508
2015-12-10, 1, wei_ruo, 15.43, 13.89, -1.70, 14.13, 14.18, 14.30, 13.75, 233325.04, 326140172, 2.19, 3.89, 1.34, 938.12799
2015-12-11, 1, wei_ruo, 15.39, 14.43, 3.89, 13.89, 13.98, 14.65, 13.98, 416932.49, 599991476, 3.91, 4.82, 2.21, 882.86018
2015-12-14, 1, wei_ruo, 15.35, 14.52, 0.62, 14.43, 14.03, 14.58, 13.98, 358044.3, 509957197, 3.36, 4.16, 1.52, 862.27083
2015-12-15, 1, wei_ruo, 15.33, 14.88, 2.48, 14.52, 14.53, 15.09, 14.43, 414098.39, 610170530, 3.89, 4.55, 1.51, 1044.82889
2015-12-16, 1, wei_ruo, 15.32, 14.74, -0.94, 14.88, 14.75, 14.95, 14.68, 245278.38, 363222950, 2.30, 1.81, 0.77, 2753.19481
2015-12-17, 2, qing_du, 15.31, 15.07, 2.24, 14.74, 14.97, 15.18, 14.85, 359881.68, 541097195, 3.38, 2.24, 1.08, 2836.64417
2015-12-18, 2, qing_du, 15.30, 14.74, -2.19, 15.07, 15.07, 15.08, 14.59, 293555, 435146849, 2.76, 3.25, 0.82, 1345.35193
2015-12-21, 2, qing_du, 15.28, 14.99, 1.70, 14.74, 14.63, 15.10, 14.60, 317321.1, 472355145, 2.98, 3.39, 0.95, 3061.38396
2015-12-22, 2, qing_du, 15.28, 15.32, 2.20, 14.99, 15.05, 15.47, 14.89, 397593.71, 603401741, 3.73, 3.87, 1.22, 1657.95398
2015-12-23, 2, qing_du, 15.28, 14.94, -2.48, 15.32, 15.36, 15.36, 14.90, 303822.04, 458311097, 2.85, 3.00, 0.94, 867.00511
2015-12-24, 2, qing_du, 15.27, 14.80, -0.94, 14.94, 14.98, 15.04, 14.64, 201612.86, 298472910, 1.89, 2.68, 0.60, 940.68313
2015-12-25, 2, qing_du, 15.26, 14.80, 0.00, 14.80, 14.83, 14.97, 14.64, 221797.86, 328816108, 2.08, 2.23, 0.73, 867.65385
2015-12-28, 1, wei_ruo, 15.24, 14.25, -3.72, 14.80, 14.85, 15.00, 14.20, 300327.62, 441272854, 2.82, 5.41, 1.04, 924.25299
2015-12-29, 1, wei_ruo, 15.22, 14.28, 0.21, 14.25, 14.17, 14.35, 14.04, 182070.39, 258661480, 1.71, 2.18, 0.64, 1048.81191
2015-12-30, 1, wei_ruo, 15.20, 14.36, 0.56, 14.28, 14.35, 14.55, 14.10, 214521.62, 307272628, 2.01, 3.15, 0.75, 2770.31994
2015-12-31, 1, wei_ruo, 15.18, 14.03, -2.30, 14.36, 14.37, 14.44, 14.00, 209103.08, 297300221, 1.96, 3.06, 0.73, 930.84288
2016-01-04, 1, wei_ruo, 15.12, 12.63, -9.98, 14.03, 14.05, 14.12, 12.63, 316960.37, 416506993, 2.98, 10.62, 1.72, 2555.62997
2016-01-05, 1, wei_ruo, 15.02, 12.11, -4.12, 12.63, 12.00, 12.49, 11.62, 358020.64, 434565640, 3.36, 6.89, 1.26, 2850.4889
2016-01-06, 1, wei_ruo, 14.96, 12.58, 3.88, 12.11, 12.26, 12.62, 12.16, 248319.43, 307789922, 2.33, 3.80, 0.87, 1021.16513
2016-01-07, 1, wei_ruo, 14.94, 11.34, -9.86, 12.58, 12.30, 12.30, 11.32, 69779.98, 82215780, 0.66, 7.79, 2.03, 768.20397
2016-01-08, 1, wei_ruo, 14.94, 11.56, 1.94, 11.34, 11.61, 11.85, 10.68, 305944.6, 351077980, 2.87, 10.32, 1.07, 931.47087
2016-01-11, 1, wei_ruo, 14.73, 10.90, -5.71, 11.56, 11.30, 11.84, 10.81, 308171.15, 350911131, 2.89, 8.91, 1.08, 2437.90507
2016-01-12, 1, wei_ruo, 14.65, 11.13, 2.11, 10.90, 11.08, 11.35, 10.75, 222816.77, 247140619, 2.09, 5.50, 0.78, 4511.92188
2016-01-13, 1, wei_ruo, 14.58, 11.02, -0.99, 11.13, 11.28, 11.58, 10.91, 230716.05, 260630852, 2.17, 6.02, 0.81, 872.70904
2016-01-14, 1, wei_ruo, 14.50, 11.45, 3.90, 11.02, 10.65, 11.47, 10.53, 226055.5, 250518813, 2.12, 8.53, 0.79, 1423.01011
2016-01-15, 1, wei_ruo, 14.43, 10.77, -5.94, 11.45, 11.29, 11.42, 10.68, 228132.41, 251693500, 2.14, 6.46, 0.80, 940.06014
2016-01-18, 1, wei_ruo, 14.37, 10.88, 1.02, 10.77, 10.54, 11.07, 10.45, 173178.39, 187704414, 1.63, 5.76, 0.61, 6081.47407
2016-01-19, 1, wei_ruo, 14.31, 11.26, 3.49, 10.88, 10.87, 11.32, 10.76, 187134.24, 207265563, 1.76, 5.15, 0.66, 1179.36182
2016-01-20, 1, wei_ruo, 14.25, 11.28, 0.18, 11.26, 11.25, 11.55, 11.13, 203671.66, 230361097, 1.91, 3.73, 0.71, 757.77912
2016-01-21, 1, wei_ruo, 14.20, 10.78, -4.43, 11.28, 11.03, 11.32, 10.77, 165504.63, 183509924, 1.55, 4.88, 0.58, 698.94195
2016-01-22, 1, wei_ruo, 14.16, 10.95, 1.58, 10.78, 10.98, 11.10, 10.64, 130466.02, 142149140, 1.22, 4.27, 0.46, 2299.25609
2016-01-26, 1, wei_ruo, 14.04, 9.93, -9.97, 11.03, 10.90, 10.93, 9.93, 222031.15, 231150162, 2.08, 9.07, 0.78, 756.33883
2016-01-27, 1, wei_ruo, 13.95, 9.82, -1.11, 9.93, 10.05, 10.13, 9.26, 221997.44, 216106678, 2.08, 8.76, 0.78, 729.55799
2016-01-28, 1, wei_ruo, 13.88, 9.24, -5.91, 9.82, 9.75, 9.79, 9.18, 167619.21, 159324832, 1.57, 6.21, 0.59, 890.60807
2016-01-29, 1, wei_ruo, 13.82, 9.61, 4.00, 9.24, 9.26, 9.76, 9.20, 142159.01, 134782463, 1.33, 6.06, 0.50, 1085.77013
2016-02-01, 1, wei_ruo, 13.77, 9.53, -0.83, 9.61, 9.61, 9.68, 9.38, 130228.39, 124705218, 1.22, 3.12, 0.46, 1623.12889
2016-02-02, 1, wei_ruo, 13.72, 9.90, 3.88, 9.53, 9.59, 9.95, 9.54, 141224.38, 138634280, 1.33, 4.30, 0.50, 1576.06888
2016-02-03, 1, wei_ruo, 13.68, 9.89, -0.10, 9.90, 9.70, 9.92, 9.60, 96208.88, 93590384, 0.90, 3.23, 0.34, 1198.12298
2016-02-04, 1, wei_ruo, 13.64, 10.10, 2.12, 9.89, 9.93, 10.28, 9.93, 132024.67, 133352385, 1.24, 3.54, 0.46, 2904.68788
2016-02-05, 1, wei_ruo, 13.60, 9.90, -1.98, 10.10, 10.18, 10.18, 9.90, 99605.59, 99710990, 0.94, 2.77, 0.35, 1080.12891
2016-02-15, 1, wei_ruo, 13.56, 9.98, 0.81, 9.90, 9.50, 10.06, 9.46, 119225.96, 116498683, 1.12, 6.06, 0.42, 1357.32007
2016-02-16, 1, wei_ruo, 13.50, 10.34, 3.61, 9.98, 10.03, 10.43, 9.96, 191654.26, 196498901, 1.80, 4.71, 0.67, 1008.89301
2016-02-17, 1, wei_ruo, 13.45, 10.41, 0.68, 10.34, 10.31, 10.49, 10.17, 175009.34, 180659326, 1.64, 3.09, 0.61, 1620.08405
2016-02-18, 1, wei_ruo, 13.39, 10.46, 0.48, 10.41, 10.54, 10.61, 10.40, 220608.38, 231562845, 2.07, 2.02, 0.77, 936.82289
2016-02-19, 1, wei_ruo, 13.36, 10.42, -0.38, 10.46, 10.42, 10.52, 10.32, 119784.36, 124795250, 1.12, 1.91, 0.53, 2807.83105
2016-02-22, 1, wei_ruo, 13.34, 10.88, 4.51, 10.41, 10.58, 10.93, 10.50, 371753.94, 400244826, 3.49, 4.13, 2.16, 2837.52608
2016-02-23, 1, wei_ruo, 13.18, 10.78, -0.92, 10.88, 10.78, 11.24, 10.65, 337771.48, 368671626, 3.17, 5.42, 1.52, 2138.20505
2016-02-24, 1, wei_ruo, 13.12, 10.92, 1.30, 10.78, 10.71, 10.99, 10.62, 254007.46, 274722423, 2.38, 3.43, 1.01, 2883.65912
2016-02-25, 1, wei_ruo, 13.04, 9.83, -9.98, 10.92, 10.96, 10.96, 9.83, 312876.7, 325227499, 2.94, 10.35, 1.17, 868.39199
2016-02-26, 1, wei_ruo, 12.97, 10.07, 2.44, 9.83, 9.99, 10.29, 9.62, 222082.4, 220669337, 2.08, 6.82, 0.78, 733.91008
2016-02-29, 1, wei_ruo, 12.91, 9.39, -6.75, 10.07, 9.99, 9.99, 9.14, 198514.55, 186942425, 1.86, 8.44, 0.66, 3005.92899
2016-03-01, 1, wei_ruo, 12.84, 9.90, 5.43, 9.39, 9.47, 9.94, 9.30, 243636.23, 235597687, 2.29, 6.82, 0.92, 767.71617
2016-03-02, 1, wei_ruo, 12.72, 10.89, 10.00, 9.90, 10.06, 10.89, 10.03, 564748.58, 595573473, 5.30, 8.69, 2.29, 592.90218
2016-03-03, 1, wei_ruo, 12.63, 10.76, -1.19, 10.89, 10.92, 11.15, 10.68, 526948.32, 576368443, 4.95, 4.32, 1.71, 2528.06616
2016-03-04, 1, wei_ruo, 12.53, 10.93, 1.58, 10.76, 10.85, 11.11, 10.50, 554239.95, 604161157, 5.20, 5.67, 1.58, 1396.04592
2016-03-07, 1, wei_ruo, 12.47, 11.21, 2.56, 10.93, 11.17, 11.31, 10.83, 463637.62, 515536684, 4.35, 4.39, 1.11, 571.79904
2016-03-08, 2, qing_du, 12.42, 10.93, -2.50, 11.21, 11.21, 11.22, 10.50, 332255.79, 359377835, 3.12, 6.42, 0.71, 550.488
2016-03-09, 2, qing_du, 12.37, 10.31, -5.67, 10.93, 10.58, 10.65, 10.21, 281070.75, 293645740, 2.64, 4.03, 0.58, 2872.49994
2016-03-10, 2, qing_du, 12.33, 10.01, -2.91, 10.31, 10.39, 10.45, 9.96, 193176.47, 197665387, 1.81, 4.75, 0.45, 2452.49891
2016-03-11, 1, wei_ruo, 12.30, 10.02, 0.10, 10.01, 9.86, 10.07, 9.76, 141417.16, 140695395, 1.33, 3.10, 0.39, 757.75099
2016-03-14, 1, wei_ruo, 12.25, 10.48, 4.59, 10.02, 10.19, 10.78, 10.19, 257401.8, 269309746, 2.42, 5.89, 0.91, 2601.98498
2016-03-15, 1, wei_ruo, 12.23, 10.26, -2.10, 10.48, 10.45, 10.55, 10.18, 147354.62, 152264298, 1.38, 3.53, 0.61, 2682.64604
2016-03-16, 1, wei_ruo, 12.20, 10.04, -2.14, 10.26, 10.34, 10.43, 9.97, 157801.02, 159966211, 1.48, 4.48, 0.77, 711.88498
2016-03-17, 1, wei_ruo, 12.16, 10.45, 4.08, 10.04, 10.15, 10.47, 10.07, 208843.79, 215463599, 1.96, 3.98, 1.16, 757.77316
2016-03-18, 1, wei_ruo, 12.11, 10.85, 3.83, 10.45, 10.55, 10.92, 10.48, 332721.19, 357821328, 3.12, 4.21, 1.82, 630.84912
2016-03-21, 2, qing_du, 12.07, 11.70, 7.83, 10.85, 11.19, 11.73, 11.00, 672906.83, 765611264, 6.32, 6.73, 3.05, 643.81099
2016-03-22, 3, zhong_du, 12.06, 11.60, -0.85, 11.70, 11.50, 12.10, 11.43, 547138.13, 644266442, 5.14, 5.73, 1.80, 827.01015
2016-03-23, 3, zhong_du, 12.04, 11.78, 1.55, 11.60, 11.51, 11.84, 11.40, 372527.59, 433371649, 3.50, 3.79, 0.97, 1237.993
2016-03-24, 3, zhong_du, 12.02, 11.26, -4.41, 11.78, 11.59, 11.67, 11.26, 337966.41, 388504791, 3.17, 3.48, 0.79, 711.79414
2016-03-25, 3, zhong_du, 12.01, 11.50, 2.13, 11.26, 11.28, 11.56, 11.21, 205693.29, 234036235, 1.93, 3.11, 0.45, 2589.29801
2016-03-28, 3, zhong_du, 12.00, 11.54, 0.35, 11.50, 11.49, 11.80, 11.35, 342488.34, 396860864, 3.22, 3.91, 0.80, 2562.2828
2016-03-29, 3, zhong_du, 11.98, 11.63, 0.78, 11.54, 11.45, 11.75, 11.31, 336141.36, 388195583, 3.16, 3.81, 0.93, 1334.342
2016-03-30, 4, gao_du, 11.98, 11.97, 2.92, 11.63, 11.71, 11.97, 11.64, 483638.44, 572035042, 4.54, 2.84, 1.52, 1350.58689
2016-03-31, 4, gao_du, 11.97, 11.77, -1.67, 11.97, 12.03, 12.08, 11.64, 361309.15, 426986868, 3.39, 3.68, 1.06, 895.70403
2016-04-01, 5, qiang_lie, 11.96, 11.50, -2.29, 11.77, 11.61, 11.70, 11.30, 297784.12, 342130334, 2.80, 3.40, 0.86, 1288.77997
2016-04-05, 5, qiang_lie, 11.95, 11.82, 2.78, 11.50, 11.56, 11.92, 11.39, 267620.09, 313053256, 2.51, 4.61, 0.73, 180.52602
2016-04-06, 5, qiang_lie, 11.96, 12.31, 4.15, 11.82, 11.80, 12.33, 11.63, 490284.64, 589046882, 4.60, 5.92, 1.40, 538.94806
2016-04-07, 5, qiang_lie, 11.96, 11.96, -2.84, 12.31, 12.26, 12.27, 11.82, 413765.38, 498993108, 3.88, 3.66, 1.09, 725.74615
2016-04-08, 5, qiang_lie, 11.97, 12.17, 1.76, 11.96, 12.03, 12.49, 11.88, 562163.96, 688332055, 5.28, 5.10, 1.54, 765.14482
2016-04-11, 5, qiang_lie, 12.00, 12.65, 3.94, 12.17, 12.21, 12.71, 12.10, 540785.35, 673359995, 5.08, 5.01, 1.33, 1117.98811
2016-04-12, 5, qiang_lie, 12.01, 12.30, -2.77, 12.65, 12.50, 12.58, 12.06, 396002.98, 486526657, 3.72, 4.11, 0.87, 2709.9731
2016-04-13, 5, qiang_lie, 12.04, 12.58, 2.28, 12.30, 12.43, 12.88, 12.37, 553995.24, 703780809, 5.20, 4.15, 1.15, 2486.68194
2016-04-14, 5, qiang_lie, 12.06, 12.52, -0.48, 12.58, 12.67, 12.69, 12.26, 344293.45, 428594188, 3.23, 3.42, 0.70, 1502.56491
2016-04-15, 5, qiang_lie, 12.07, 12.33, -1.52, 12.52, 12.61, 12.61, 12.21, 297794.23, 366876629, 2.80, 3.19, 0.62, 621.49787
2016-04-18, 5, qiang_lie, 12.06, 11.80, -4.30, 12.33, 12.17, 12.17, 11.70, 383035.27, 455341226, 3.60, 3.81, 0.90, 2879.86803
2016-04-19, 5, qiang_lie, 12.06, 12.06, 2.20, 11.80, 11.95, 12.28, 11.91, 394454.98, 476405347, 3.70, 3.14, 1.00, 894.93704
2016-04-20, 5, qiang_lie, 12.10, 12.59, 4.39, 12.06, 12.29, 12.87, 11.89, 1120109.16, 1394767882, 10.52, 8.13, 2.84, 1113.71303
2016-04-21, 5, qiang_lie, 12.27, 13.62, 8.18, 12.59, 12.31, 13.85, 12.05, 1705198.93, 2270296645, 16.01, 14.30, 3.36, 2503.26109
2016-04-22, 5, qiang_lie, 12.33, 12.96, -4.85, 13.62, 12.95, 13.20, 12.74, 831264.77, 1077603110, 7.80, 3.38, 1.07, 4687.44183
2016-04-25, 5, qiang_lie, 12.36, 12.90, -0.46, 12.96, 12.95, 13.18, 12.61, 588870.2, 762035274, 5.53, 4.40, 0.66, 2401.68405
2016-04-26, 5, qiang_lie, 12.37, 12.64, -2.02, 12.90, 12.80, 12.81, 12.31, 562963.12, 704712397, 5.29, 3.88, 0.61, 1292.74797
2016-04-27, 5, qiang_lie, 12.38, 12.38, -2.06, 12.64, 12.69, 12.96, 12.36, 467551.12, 593077012, 4.39, 4.75, 0.49, 2695.07599
2016-04-28, 5, qiang_lie, 12.37, 12.10, -2.26, 12.38, 12.36, 12.42, 11.86, 486397.42, 589001483, 4.57, 4.52, 0.59, 2599.21002
2016-04-29, 5, qiang_lie, 12.36, 12.20, 0.83, 12.10, 12.09, 12.47, 11.98, 385511.23, 473541130, 3.62, 4.05, 0.66, 2611.44185
2016-05-03, 5, qiang_lie, 12.37, 12.66, 3.77, 12.20, 12.22, 12.80, 12.02, 439073.3, 548692859, 4.12, 6.39, 0.88, 2513.99302
2016-05-04, 5, qiang_lie, 12.38, 12.77, 0.87, 12.66, 12.60, 12.96, 12.48, 490500.18, 623319307, 4.60, 3.79, 1.05, 521.96789
2016-05-05, 5, qiang_lie, 12.39, 12.73, -0.31, 12.77, 12.68, 12.80, 12.48, 318771.8, 402674604, 2.99, 2.51, 0.70, 2473.44208
2016-05-06, 5, qiang_lie, 12.43, 12.60, -1.02, 12.73, 12.68, 13.34, 12.60, 757317.41, 978934202, 7.11, 5.81, 1.79, 2423.18797
2016-05-09, 5, qiang_lie, 12.39, 11.35, -9.92, 12.60, 12.31, 12.35, 11.34, 546625.95, 638661879, 5.13, 8.02, 1.14, 922.16802
2016-05-10, 4, gao_du, 12.35, 11.02, -2.91, 11.35, 11.21, 11.43, 10.88, 320893.9, 356633673, 3.01, 4.85, 0.63, 2194.39507
2016-05-11, 3, zhong_du, 12.32, 10.87, -1.36, 11.02, 11.14, 11.19, 10.85, 236737.33, 261782498, 2.22, 3.09, 0.49, 677.7389
2016-05-12, 2, qing_du, 12.28, 11.25, 3.50, 10.87, 10.74, 11.38, 10.48, 335809.03, 371113686, 3.15, 8.28, 0.77, 2683.47096
2016-05-13, 1, wei_ruo, 12.25, 11.17, -0.71, 11.25, 11.19, 11.56, 11.07, 338083.22, 382468149, 3.17, 4.36, 0.77, 2781.75688
2016-05-16, 2, qing_du, 12.22, 11.76, 5.28, 11.17, 11.10, 11.87, 10.98, 444963.2, 514224403, 4.18, 7.97, 1.25, 8167.47999
2016-05-17, 2, qing_du, 12.22, 12.22, 3.91, 11.76, 11.76, 12.94, 11.58, 999146.42, 1243853322, 9.38, 11.56, 2.98, 756.63209
2016-05-18, 3, zhong_du, 12.23, 12.61, 3.19, 12.22, 12.02, 12.68, 11.82, 855695.16, 1057055544, 8.03, 7.04, 1.82, 2951.24197
2016-05-19, 3, zhong_du, 12.34, 13.33, 5.71, 12.61, 12.58, 13.77, 12.42, 1204001.65, 1574805271, 11.30, 10.71, 2.02, 2806.78511
2016-05-20, 4, gao_du, 12.43, 13.13, -1.50, 13.33, 13.15, 13.94, 12.97, 974838.37, 1308002893, 9.15, 7.28, 1.27, 2710.06608
2016-05-23, 5, qiang_lie, 12.50, 13.50, 2.82, 13.13, 13.20, 13.82, 13.11, 704320.35, 945823149, 6.61, 5.41, 0.79, 4243.96801
2016-05-24, 5, qiang_lie, 12.57, 13.50, 0.00, 13.50, 13.42, 13.82, 13.20, 728035.39, 985114620, 6.83, 4.59, 0.77, 1655.82085
2016-05-25, 5, qiang_lie, 12.63, 13.30, -1.48, 13.50, 13.82, 13.97, 13.16, 764574.34, 1041010934, 7.18, 6.00, 0.81, 1848.76013
2016-05-26, 5, qiang_lie, 12.84, 14.63, 10.00, 13.30, 13.24, 14.63, 13.15, 1452250.47, 2043940092, 13.63, 11.13, 1.53, 3531.06308
2016-05-27, 5, qiang_lie, 13.09, 14.76, 0.89, 14.63, 14.34, 15.28, 14.25, 1388762.48, 2059206715, 13.04, 7.04, 1.47, 3645.37311
2016-05-30, 5, qiang_lie, 13.21, 14.74, -0.14, 14.76, 14.43, 15.26, 14.27, 778469.64, 1154808169, 7.31, 6.71, 0.82, 1080.84583
2016-05-31, 5, qiang_lie, 13.47, 16.21, 9.97, 14.74, 14.90, 16.21, 14.71, 1089664.88, 1675351387, 10.23, 10.18, 1.15, 2510.391
2016-06-01, 5, qiang_lie, 13.69, 16.22, 0.56, 16.13, 16.00, 17.04, 15.89, 1087061.54, 1778173754, 10.21, 7.13, 1.15, 667.53983
2016-06-02, 5, qiang_lie, 13.75, 16.24, 0.12, 16.22, 16.00, 16.27, 15.70, 662876.64, 1061118747, 6.22, 3.51, 0.70, 1208.26602
2016-06-03, 5, qiang_lie, 14.04, 15.93, -1.91, 16.24, 16.12, 16.71, 15.83, 706105.03, 1145988599, 6.63, 5.42, 0.75, 1572.87312
2016-06-06, 5, qiang_lie, 14.16, 16.08, 0.94, 15.93, 15.95, 16.09, 15.55, 656123.57, 1040121201, 6.16, 3.39, 0.69, 5898.94795
2016-06-07, 5, qiang_lie, 14.29, 15.86, -1.37, 16.08, 15.98, 16.50, 15.77, 727675.94, 1175917685, 6.83, 4.54, 0.77, 2829.13613
2016-06-08, 5, qiang_lie, 14.37, 14.95, -5.74, 15.86, 15.63, 15.64, 14.80, 1092544.37, 1647496281, 10.26, 5.30, 1.15, 3479.21205
2016-06-13, 5, qiang_lie, 14.39, 14.41, -3.61, 14.95, 14.80, 15.17, 14.41, 728490.22, 1088968591, 6.84, 5.08, 0.77, 3321.38109
2016-06-14, 4, gao_du, 14.41, 14.70, 2.01, 14.41, 14.43, 14.99, 14.30, 645339.63, 948043204, 6.06, 4.79, 0.68, 3896.626
2016-06-15, 4, gao_du, 14.49, 15.59, 6.05, 14.70, 14.66, 15.79, 14.58, 904153.68, 1388132419, 8.49, 8.23, 0.95, 4751.05906
2016-06-16, 4, gao_du, 14.62, 15.65, 0.38, 15.59, 15.58, 16.36, 15.48, 1027065.46, 1636838377, 9.64, 5.64, 1.08, 1424.10207
2016-06-17, 4, gao_du, 14.70, 15.75, 0.64, 15.65, 15.63, 16.26, 15.40, 760768.24, 1202725894, 7.14, 5.50, 0.80, 1150.61402
2016-06-20, 5, qiang_lie, 14.78, 15.98, 1.46, 15.75, 15.77, 16.20, 15.50, 667780.69, 1061191215, 6.27, 4.44, 0.70, 4688.99107
2016-06-21, 5, qiang_lie, 14.82, 15.10, -5.51, 15.98, 16.05, 16.05, 14.90, 744489.49, 1152907252, 6.99, 7.20, 0.79, 4733.18195
2016-06-22, 5, qiang_lie, 14.83, 15.28, 1.19, 15.10, 15.07, 15.32, 14.76, 467157.87, 701806335, 4.39, 3.71, 0.49, 3443.95089
2016-06-23, 5, qiang_lie, 14.83, 14.63, -4.25, 15.28, 15.21, 15.27, 14.39, 606577.24, 892030782, 5.69, 5.76, 0.64, 2207.64399
2016-06-24, 4, gao_du, 14.78, 14.17, -3.14, 14.63, 14.60, 14.76, 13.51, 701470.45, 998397829, 6.59, 8.54, 0.74, 1367.77401
2016-06-27, 4, gao_du, 14.77, 14.62, 3.18, 14.17, 14.01, 14.68, 14.01, 419435.32, 603854572, 3.94, 4.73, 0.45, 2806.52404
2016-06-28, 4, gao_du, 14.76, 14.53, -0.75, 14.64, 14.53, 14.62, 14.26, 395131.12, 570244220, 3.71, 2.46, 0.42, 952.92187
2016-06-30, 4, gao_du, 14.76, 14.51, -2.29, 14.85, 14.94, 14.94, 14.42, 452562.79, 662202666, 4.25, 3.50, 0.48, 890.12694
2016-07-01, 4, gao_du, 14.75, 14.44, -0.48, 14.51, 14.53, 14.75, 14.32, 301324.67, 437285352, 2.83, 2.96, 0.32, 646.79503
2016-07-04, 4, gao_du, 14.75, 14.85, 2.84, 14.44, 14.31, 15.10, 14.29, 531064.31, 790008805, 4.99, 5.61, 0.56, 832.75914
2016-07-05, 4, gao_du, 14.76, 14.90, 0.34, 14.85, 14.88, 15.05, 14.62, 466704.89, 692369334, 4.38, 2.90, 0.49, 4746.50311
2016-07-06, 4, gao_du, 14.76, 14.80, -0.67, 14.90, 14.86, 14.98, 14.66, 353985.28, 523692998, 3.32, 2.15, 0.37, 18457.24106
2016-07-07, 4, gao_du, 14.88, 16.03, 8.31, 14.80, 14.75, 16.28, 14.73, 1388072.95, 2196048516, 13.03, 10.47, 1.46, 4020.94603
2016-07-08, 5, qiang_lie, 15.05, 16.35, 2.00, 16.03, 16.28, 16.78, 15.83, 1249321.56, 2040468570, 11.73, 5.93, 1.32, 4774.71209
2016-07-11, 5, qiang_lie, 15.18, 16.15, -1.22, 16.35, 16.50, 16.95, 16.11, 1020186.19, 1689421860, 9.58, 5.14, 1.08, 751.8611
2016-07-12, 5, qiang_lie, 15.35, 17.28, 7.00, 16.15, 16.25, 17.47, 16.01, 1030239.3, 1722174292, 9.67, 9.04, 1.10, 15441.42985
2016-07-13, 5, qiang_lie, 15.45, 16.95, -1.91, 17.28, 17.10, 17.17, 16.70, 686978.53, 1159331122, 6.45, 2.72, 0.72, 10099.34783
2016-07-14, 5, qiang_lie, 15.51, 16.56, -2.30, 16.95, 16.80, 17.18, 16.34, 550340.25, 921889572, 5.17, 4.96, 0.58, 1543.58101
2016-07-15, 5, qiang_lie, 15.55, 16.56, 0.00, 16.56, 16.48, 16.78, 16.20, 423791.14, 699977896, 3.98, 3.50, 0.45, 736.67097
2016-07-18, 5, qiang_lie, 15.58, 16.28, -1.69, 16.56, 16.46, 16.74, 16.18, 369253.54, 606036625, 3.47, 3.38, 0.39, 3625.29898
2016-07-19, 5, qiang_lie, 15.67, 17.29, 6.20, 16.28, 16.21, 17.29, 16.05, 712086.8, 1194859911, 6.69, 7.62, 0.75, 477.2141
2016-07-20, 5, qiang_lie, 15.68, 17.03, -1.50, 17.29, 17.25, 17.90, 16.90, 805833.62, 1411657442, 7.57, 5.78, 0.86, 2529.00696
2016-07-21, 5, qiang_lie, 15.85, 16.71, -1.88, 17.03, 16.92, 17.25, 16.51, 543452.66, 912656931, 5.10, 4.35, 0.57, 2839.36214
2016-07-22, 5, qiang_lie, 15.89, 16.60, -0.66, 16.71, 16.60, 17.16, 16.46, 416210.72, 700888597, 3.91, 4.19, 0.44, 2634.41491
2016-07-25, 5, qiang_lie, 15.91, 16.33, -1.63, 16.60, 16.60, 16.84, 16.05, 432623.09, 711136349, 4.06, 4.76, 0.46, 18141.79897
2016-07-26, 5, qiang_lie, 15.92, 16.54, 1.29, 16.33, 16.39, 16.61, 16.20, 277595.54, 455435147, 2.61, 2.51, 0.29, 937.28995
2016-07-27, 4, gao_du, 15.90, 15.06, -8.95, 16.54, 16.55, 16.73, 14.89, 709769.04, 1105755103, 6.66, 11.12, 0.75, 6962.5771
2016-07-28, 3, zhong_du, 15.85, 14.88, -1.20, 15.06, 15.01, 15.14, 14.40, 427284.55, 633707612, 4.01, 4.91, 0.45, 2837.29792
2016-07-29, 3, zhong_du, 15.81, 14.49, -2.62, 14.88, 14.90, 14.95, 14.20, 374566.33, 542200296, 3.52, 5.04, 0.40, 14497.09797
2016-08-01, 2, qing_du, 15.75, 14.41, -0.55, 14.49, 14.45, 14.55, 13.89, 373123.31, 531401021, 3.50, 4.55, 0.39, 7649.06693
2016-08-02, 2, qing_du, 15.73, 14.48, 0.49, 14.41, 14.42, 14.59, 14.25, 222495.04, 321242214, 2.09, 2.36, 0.23, 17130.95117
2016-08-03, 2, qing_du, 15.69, 14.90, 2.90, 14.48, 14.45, 14.98, 14.38, 390228.83, 575035747, 3.66, 4.14, 0.49, 4117.72895
2016-08-04, 2, qing_du, 15.69, 15.78, 5.91, 14.90, 15.30, 15.98, 15.21, 694066.72, 1080592984, 6.52, 5.17, 1.00, 14618.96896
2016-08-05, 2, qing_du, 15.69, 15.60, -1.14, 15.78, 15.67, 16.13, 15.48, 496730.61, 784656859, 4.66, 4.12, 0.83, 606.51088
2016-08-08, 3, zhong_du, 15.69, 15.85, 1.60, 15.60, 15.51, 15.98, 15.21, 377185.71, 589584408, 3.54, 4.94, 0.75, 7374.7251
2016-08-09, 3, zhong_du, 15.70, 15.87, 0.13, 15.85, 15.88, 16.40, 15.70, 472736.64, 757714660, 4.44, 4.42, 1.08, 18256.19102
2016-08-10, 3, zhong_du, 15.71, 15.83, -0.25, 15.87, 15.71, 16.14, 15.49, 367922.48, 580988487, 3.45, 4.10, 0.76, 3111.39703
2016-08-11, 3, zhong_du, 15.70, 15.20, -3.98, 15.83, 15.66, 15.78, 15.20, 342482.39, 527470002, 3.22, 3.66, 0.71, 607.1651
2016-08-15, 2, qing_du, 15.67, 15.53, 2.04, 15.22, 15.21, 15.61, 14.93, 398970.68, 613178575, 3.75, 4.47, 1.10, 3114.80403
2016-08-16, 2, qing_du, 15.67, 15.66, 0.71, 15.55, 15.57, 15.78, 15.50, 331974.05, 518751970, 3.12, 1.80, 0.89, 654.49905
2016-08-17, 2, qing_du, 15.68, 16.03, 2.36, 15.66, 15.65, 16.12, 15.44, 516141.13, 817710477, 4.85, 4.34, 1.50, 14391.89506
2016-08-18, 2, qing_du, 15.68, 15.70, -2.06, 16.03, 15.90, 15.96, 15.52, 343215.84, 541068547, 3.22, 2.74, 0.92, 16518.92614
2016-08-19, 3, zhong_du, 15.71, 16.24, 3.44, 15.70, 15.58, 16.49, 15.58, 591370.29, 952977447, 5.55, 5.80, 1.60, 916.19587
2016-08-22, 3, zhong_du, 15.72, 15.80, -2.71, 16.24, 16.45, 16.52, 15.80, 353499.43, 567416107, 3.32, 4.43, 0.81, 2717.99994
2016-08-23, 3, zhong_du, 15.72, 15.69, -0.70, 15.80, 15.73, 16.08, 15.52, 251942.13, 396465233, 2.37, 3.54, 0.59, 1087.11505
2016-08-24, 3, zhong_du, 15.72, 15.75, 0.38, 15.69, 15.71, 15.97, 15.62, 204733.11, 323695311, 1.92, 2.23, 0.50, 2503.46494
2016-08-25, 2, qing_du, 15.71, 15.37, -2.47, 15.76, 15.68, 15.68, 15.07, 278043.96, 427463687, 2.61, 3.87, 0.79, 725.76594
2016-08-26, 2, qing_du, 15.71, 15.65, 1.82, 15.37, 15.40, 15.78, 15.40, 210840.23, 328956225, 1.98, 2.47, 0.62, 546.62609
2016-08-29, 2, qing_du, 15.71, 15.89, 1.53, 15.65, 15.55, 16.08, 15.45, 347723.12, 553372829, 3.26, 4.03, 1.34, 2731.426
2016-08-30, 2, qing_du, 15.71, 15.69, -1.26, 15.89, 15.90, 15.92, 15.63, 225576.07, 355613330, 2.12, 1.83, 0.87, 508.78
2016-08-31, 2, qing_du, 15.73, 16.12, 2.74, 15.69, 15.67, 16.33, 15.66, 213002.51, 343102357, 2.00, 4.27, 4.69, 1747.07913
2016-09-01, 2, qing_du, 15.74, 16.12, 2.74, 15.69, 15.67, 16.33, 15.66, 213002.51, 343102357, 2.00, 4.27, 4.69, 621.562
2016-09-02, 2, qing_du, 15.74, 16.12, 2.74, 15.69, 15.67, 16.33, 15.66, 213002.51, 343102357, 2.00, 4.27, 4.69, 7987.75315
2016-09-05, 2, qing_du, 15.74, 16.12, 2.74, 15.69, 15.67, 16.33, 15.66, 213002.51, 343102357, 2.00, 4.27, 4.69, 865.08799
2016-09-06, 2, qing_du, 15.74, 16.12, 2.74, 15.69, 15.67, 16.33, 15.66, 213002.51, 343102357, 2.00, 4.27, 4.69, 2975.92211
2016-09-07, 2, qing_du, 15.74, 16.12, 2.74, 15.69, 15.67, 16.33, 15.66, 213002.51, 343102357, 2.00, 4.27, 4.69, 1570.34302
2016-09-08, 3, zhong_du, 15.74, 16.12, 2.74, 15.69, 15.67, 16.33, 15.66, 213002.51, 343102357, 2.00, 4.27, 4.69, 2597.718
2016-09-09, 3, zhong_du, 15.74, 16.12, 2.74, 15.69, 15.67, 16.33, 15.66, 213002.51, 343102357, 2.00, 4.27, 4.69, 4997.76602
2016-09-12, 4, gao_du, 15.74, 16.12, 2.74, 15.69, 15.67, 16.33, 15.66, 213002.51, 343102357, 2.00, 4.27, 4.69, 994.13896
2016-09-13, 4, gao_du, 15.74, 16.12, 2.74, 15.69, 15.67, 16.33, 15.66, 213002.51, 343102357, 2.00, 4.27, 4.69, 684.9649
2016-09-14, 4, gao_du, 15.74, 16.12, 2.74, 15.69, 15.67, 16.33, 15.66, 213002.51, 343102357, 2.00, 4.27, 4.69, 797.29414
2016-09-19, 4, gao_du, 15.74, 16.66, -1.13, 16.85, 16.95, 17.26, 16.62, 378470.2, 639415704, 3.55, 3.80, 1.18, 733.1872
2016-09-20, 4, gao_du, 15.74, 16.50, -0.96, 16.66, 16.69, 16.88, 16.41, 305754.64, 508087202, 2.87, 2.82, 0.96, 628.70383
2016-09-21, 4, gao_du, 15.74, 17.67, 7.09, 16.50, 16.50, 17.67, 16.48, 756350.05, 1296337243, 7.10, 7.21, 2.37, 2784.64818
2016-09-22, 4, gao_du, 15.74, 17.49, -1.02, 17.67, 17.56, 17.66, 17.27, 561714.05, 979651164, 5.27, 2.21, 1.76, 563.16185
2016-09-23, 5, qiang_lie, 15.74, 17.29, -1.14, 17.49, 17.45, 17.55, 17.13, 419922.42, 726520340, 3.94, 2.40, 1.33, 1400.21896
2016-09-26, 5, qiang_lie, 15.74, 16.13, -6.55, 17.26, 17.16, 17.38, 16.13, 543238.38, 906423948, 5.10, 7.24, 1.70, 2608.84404
2016-09-27, 4, gao_du, 15.74, 15.97, -0.99, 16.13, 16.10, 16.20, 15.60, 410978.57, 650965539, 3.86, 3.72, 1.29, 705.65891
2016-09-28, 3, zhong_du, 15.74, 15.88, -0.56, 15.97, 15.86, 16.14, 15.70, 216337.81, 344221181, 2.03, 2.76, 0.68, 670.58492
2016-09-29, 2, qing_du, 15.74, 15.59, -1.83, 15.88, 15.91, 16.18, 15.55, 328806.2, 521417156, 3.09, 3.97, 1.03, 5016.95204
2016-09-30, 2, qing_du, 15.74, 15.62, 0.19, 15.59, 15.50, 15.75, 15.18, 284668.91, 441020776, 2.67, 3.66, 0.89, 726.93801
2016-10-10, 1, wei_ruo, 15.74, 16.00, 2.43, 15.62, 15.71, 16.04, 15.58, 255495.23, 405016274, 2.40, 2.94, 0.80, 641.33811
2016-10-11, 2, qing_du, 15.74, 15.99, -0.06, 16.00, 15.90, 16.09, 15.85, 186506.2, 297805510, 1.75, 1.50, 0.58, 16519.57011
2016-10-12, 2, qing_du, 15.74, 16.02, 0.19, 15.99, 15.90, 16.37, 15.86, 283707.48, 458104116, 2.66, 3.19, 0.89, 2462.81385
2016-10-13, 2, qing_du, 15.74, 16.19, 1.06, 16.02, 16.05, 16.33, 15.95, 303302.38, 489763440, 2.85, 2.37, 0.95, 3148.57101
2016-10-14, 2, qing_du, 16.23, 15.78, -2.53, 16.19, 16.18, 16.18, 15.55, 364780.62, 575688602, 3.42, 3.89, 1.14, 3139.6389
2016-10-17, 2, qing_du, 16.22, 15.52, -1.65, 15.78, 15.66, 15.95, 15.50, 253308.08, 397420434, 2.38, 2.85, 0.79, 1394.61207
2016-10-18, 1, wei_ruo, 16.21, 15.75, -0.19, 15.78, 15.66, 15.95, 15.56, 134347.6, 211659717, 1.26, 2.47, 0.84, 628.7868
2016-10-19, 1, wei_ruo, 16.20, , , , , , , , , , , , 3473.22202
2016-10-20, 1, wei_ruo, 16.19, 15.73, -1.01, 15.89, 15.90, 15.98, 15.65, 167457.05, 263736568, 1.57, 2.08, 0.48, 4614.16984
2016-10-21, 1, wei_ruo, 16.17, 15.47, -1.65, 15.73, 15.73, 15.78, 15.28, 290120.1, 449078173, 2.72, 3.18, 0.93, 10367.94496
2016-10-24, 1, wei_ruo, 16.16, 15.70, 1.49, 15.47, 15.47, 15.84, 15.41, 233874.67, 366946818, 2.20, 2.78, 0.73, 660.72488
2016-10-25, 1, wei_ruo, 16.16, 16.40, 4.46, 15.70, 15.81, 16.58, 15.60, 737164.85, 1194168788, 6.92, 6.24, 2.27, 30697.25108
2016-10-26, 1, wei_ruo, 16.17, 16.40, 0.00, 16.40, 16.47, 16.63, 16.18, 399057.36, 653170863, 3.75, 2.74, 1.23, 523.30017
2016-10-27, 2, qing_du, 16.22, 16.91, 3.11, 16.40, 16.42, 17.04, 16.42, 755286.75, 1264875903, 7.09, 3.78, 2.35, 1010.39815
2016-10-28, 2, qing_du, 16.23, 16.56, -2.07, 16.91, 16.88, 16.91, 16.50, 417643.37, 696779275, 3.92, 2.42, 1.29, 6555.29904
2016-10-31, 3, zhong_du, 16.28, 16.76, 1.21, 16.56, 16.66, 17.14, 16.56, 737832.07, 1243802869, 6.93, 3.50, 2.29, 550.87805
2016-11-01, 3, zhong_du, 16.30, 16.93, 1.01, 16.76, 16.73, 16.95, 16.33, 438241.74, 733284299, 4.11, 3.70, 1.36, 539.64615
2016-11-02, 3, zhong_du, 16.31, 16.82, -0.94, 16.98, 16.84, 17.07, 16.55, 377984.2, 635469541, 3.55, 3.06, 1.17, 471.31991
2016-11-03, 3, zhong_du, 16.35, 16.51, -1.84, 16.82, 16.72, 17.34, 16.50, 731111.97, 1240718934, 6.86, 4.99, 2.25, 585.42705
2016-11-04, 3, zhong_du, 16.36, 16.45, -0.36, 16.51, 16.35, 16.90, 16.25, 511278.15, 847431639, 4.80, 3.94, 1.58, 2035.18414
2016-11-07, 3, zhong_du, 16.42, 17.32, 5.29, 16.45, 16.54, 17.45, 16.37, 937866.58, 1604206415, 8.80, 6.57, 2.92, 638.1712
2016-11-08, 3, zhong_du, 16.45, 17.02, -1.68, 17.31, 17.15, 17.28, 16.89, 517775.33, 884108192, 4.86, 2.25, 1.60, 418.926
2016-11-09, 3, zhong_du, 16.48, 17.20, 1.06, 17.02, 17.09, 17.32, 16.60, 605975.62, 1029636751, 5.69, 4.23, 1.87, 580.832
2016-11-10, 4, gao_du, 16.53, 17.23, 0.17, 17.20, 17.30, 17.62, 17.04, 565390.48, 976358371, 5.31, 3.37, 1.76, 754.43006
2016-11-11, 4, gao_du, 16.57, 17.38, 0.87, 17.23, 17.30, 17.57, 16.87, 693930.87, 1193960883, 6.51, 4.06, 2.14, 3834.66792
2016-11-14, 4, gao_du, 16.59, 16.74, -3.68, 17.38, 17.02, 17.17, 16.65, 674386.84, 1138268809, 6.33, 2.99, 2.10, 491.53805
2016-11-15, 4, gao_du, 16.61, 16.88, 0.90, 16.73, 16.65, 17.15, 16.65, 470247.14, 796875878, 4.41, 2.99, 1.46, 506.31905
2016-11-16, 3, zhong_du, 16.61, 16.48, -2.43, 16.89, 16.81, 16.89, 16.45, 310761.32, 515571948, 2.92, 2.61, 1.92, 459.55801
2016-11-17, 3, zhong_du, 16.60, 16.48, -2.43, 16.89, 16.81, 16.89, 16.45, 310761.32, 515571948, 2.92, 2.61, 1.92, 556.73003
2016-11-18, 3, zhong_du, 16.60, 17.06, 1.97, 16.73, 16.65, 17.15, 16.65, 323863.65, 549302750, 3.04, 2.99, 2.00, 1046.47112
2016-11-21, 3, zhong_du, 16.60, 16.43, -0.84, 16.57, 16.59, 16.60, 16.35, 245293.13, 403542990, 2.30, 1.51, 0.76, 380.43785
2016-11-22, 3, zhong_du, 16.60, 16.48, 0.30, 16.43, 16.40, 16.52, 16.33, 199843.08, 328214467, 1.88, 1.16, 0.62, 3956.53605
2016-11-23, 2, qing_du, 16.59, 16.15, -2.00, 16.48, 16.58, 16.58, 16.10, 352839.72, 575029153, 3.31, 2.91, 1.09, 555.16982
2016-11-24, 2, qing_du, 16.58, 16.18, 0.19, 16.15, 16.14, 16.53, 16.00, 260036.87, 423651095, 2.44, 3.28, 0.81, 489.20703
2016-11-25, 2, qing_du, 16.56, 15.92, -1.73, 16.20, 16.24, 16.29, 15.75, 265979.05, 423651840, 2.50, 3.33, 0.83, 590.40594
2016-11-28, 2, qing_du, 16.55, 16.13, 1.32, 15.92, 15.90, 16.25, 15.90, 219956.76, 354320972, 2.06, 2.20, 0.68, 949.85104
2016-11-29, 1, wei_ruo, 16.54, 15.83, -2.10, 16.17, 16.10, 16.26, 15.80, 239465.77, 382150635, 2.25, 2.84, 0.74, 375.70214
2016-11-30, 1, wei_ruo, 16.53, 15.78, 0.19, 15.75, 15.76, 15.94, 15.72, 125083.89, 197788189, 1.17, 1.40, 0.39, 478.091
2016-12-01, 1, wei_ruo, 16.52, 15.98, 1.20, 15.79, 15.82, 16.20, 15.82, 175433.07, 281353250, 1.65, 2.41, 0.54, 1487.30683
2016-12-05, 1, wei_ruo, 16.49, 15.36, -0.90, 15.50, 15.33, 15.62, 15.30, 121505.93, 188093126, 1.14, 2.06, 0.37, 738.45291
2016-12-06, 1, wei_ruo, 16.48, 15.50, 0.91, 15.36, 15.40, 15.60, 15.39, 117174.97, 181722269, 1.10, 1.37, 0.36, 693.23802
2016-12-07, 1, wei_ruo, 16.47, 15.58, 0.52, 15.50, 15.60, 15.65, 15.49, 103207.93, 160477098, 0.97, 1.03, 0.32, 500.82207
2016-12-08, 1, wei_ruo, 16.46, 15.57, -0.06, 15.58, 15.61, 15.65, 15.48, 120756.95, 188080131, 1.13, 1.09, 0.37, 514.45484
2016-12-09, 1, wei_ruo, 16.44, 15.20, -2.38, 15.57, 15.53, 15.53, 15.19, 200920.84, 308164507, 1.89, 2.18, 0.62, 653.38707
2016-12-12, 1, wei_ruo, 16.36, 13.88, -8.68, 15.20, 15.20, 15.28, 13.70, 402186.03, 581056220, 3.78, 10.39, 1.24, 490.06391
2016-12-13, 1, wei_ruo, 16.31, 13.81, -0.50, 13.88, 13.88, 13.98, 13.51, 193274.65, 265463680, 1.81, 3.39, 0.60, 796.91482
2016-12-14, 1, wei_ruo, 16.27, 13.53, -2.03, 13.81, 13.85, 13.87, 13.45, 156463.15, 213072017, 1.47, 3.04, 0.48, 650.99812
2016-12-15, 1, wei_ruo, 16.23, 13.62, 0.67, 13.53, 13.53, 13.78, 13.48, 147675.92, 201636218, 1.39, 2.22, 0.46, 863.27195
2016-12-16, 1, wei_ruo, 16.21, 13.83, 1.54, 13.62, 13.62, 13.83, 13.61, 114948.48, 157911927, 1.08, 1.62, 0.35, 583.72211
2016-12-19, 1, wei_ruo, 16.19, 13.82, -0.07, 13.83, 13.88, 13.98, 13.72, 82648.59, 114441541, 0.78, 1.88, 0.25, 790.77697
2016-12-20, 1, wei_ruo, 16.17, 13.75, -0.51, 13.82, 13.77, 13.90, 13.70, 81493.58, 112103449, 0.77, 1.45, 0.25, 983.2201
2016-12-21, 1, wei_ruo, 16.13, 14.05, 2.18, 13.75, 13.83, 14.18, 13.76, 189358.36, 265848523, 1.78, 3.05, 0.58, 538.17201
2016-12-22, 1, wei_ruo, 16.11, 13.94, -0.78, 14.05, 14.00, 14.02, 13.85, 103884.05, 144544631, 0.98, 1.21, 0.32, 723.13595
2016-12-23, 1, wei_ruo, 16.09, 13.67, -1.94, 13.94, 13.93, 13.94, 13.67, 92940.95, 127713056, 0.87, 1.94, 0.29, 421.61798
2016-12-26, 1, wei_ruo, 16.05, 13.54, -0.95, 13.67, 13.55, 13.60, 13.14, 144153.83, 192459315, 1.35, 3.37, 0.44, 567.95597
2016-12-27, 1, wei_ruo, 16.03, 13.40, -1.03, 13.54, 13.54, 13.63, 13.38, 89577.02, 120932283, 0.84, 1.85, 0.28, 534.70397
2016-12-28, 1, wei_ruo, 16.01, 13.38, -0.15, 13.40, 13.44, 13.52, 13.36, 68615.3, 92161075, 0.64, 1.19, 0.21, 573.38095
2016-12-30, 1, wei_ruo, 15.97, 13.35, -0.30, 13.39, 13.40, 13.48, 13.28, 79581.4, 106211215, 0.75, 1.49, 0.25, 609.32708
2017-01-04, 1, wei_ruo, 15.92, 13.80, 1.77, 13.56, 13.60, 13.91, 13.47, 147233.68, 202167424, 1.38, 3.24, 0.45, 539.48998
2017-01-05, 1, wei_ruo, 15.90, 13.76, -0.29, 13.80, 13.80, 13.87, 13.69, 109276.05, 150595069, 1.03, 1.30, 0.34, 559.27491
2017-01-10, 1, wei_ruo, 15.85, 13.84, 0.07, 13.83, 13.89, 13.89, 13.77, 33282.71, 45933294, 0.31, 0.87, 0.21, 475.57378
2017-01-11, 1, wei_ruo, 15.82, 13.84, 0.07, 13.83, 13.89, 13.89, 13.77, 33282.71, 45933294, 0.31, 0.87, 0.21, 598.39201
2017-01-13, 1, wei_ruo, 15.75, 13.84, 0.07, 13.83, 13.89, 13.89, 13.77, 33282.71, 45933294, 0.31, 0.87, 0.21, 529.46591
2017-01-16, 1, wei_ruo, 15.69, 12.19, -4.91, 12.82, 12.81, 12.82, 11.60, 174701.91, 214909738, 1.64, 9.52, 0.54, 585.85095
2017-01-17, 1, wei_ruo, 15.66, 12.36, 1.39, 12.19, 12.23, 12.36, 11.92, 109742.83, 133956817, 1.03, 3.61, 0.34, 591.86006
2017-01-18, 1, wei_ruo, 15.64, 12.27, -0.73, 12.36, 12.34, 12.43, 12.19, 59865.06, 73669713, 0.56, 1.94, 0.18, 722.72491
2017-02-07, 1, wei_ruo, 15.43, 12.81, -1.31, 12.98, 12.96, 12.96, 12.78, 43134.68, 55407878, 0.40, 1.39, 0.30, 2714.14208
2017-02-08, 1, wei_ruo, 15.41, 13.03, 0.39, 12.98, 12.96, 13.05, 12.78, 96069.05, 123971112, 0.90, 2.08, 0.30, 601.686
2017-02-09, 1, wei_ruo, 15.38, 13.30, 2.07, 13.03, 13.01, 13.36, 12.95, 154185.21, 202750167, 1.45, 3.15, 0.48, 2296.41199
2017-02-10, 1, wei_ruo, 15.35, 13.24, -0.45, 13.30, 13.21, 13.34, 13.15, 126592.24, 167674063, 1.19, 1.43, 0.39, 627.17509
2017-02-13, 1, wei_ruo, 15.33, 13.42, 1.36, 13.24, 13.28, 13.63, 13.28, 147717.25, 198957334, 1.39, 2.64, 0.46, 4598.35005
2017-02-14, 2, qing_du, 15.30, 13.50, 0.60, 13.42, 13.43, 13.63, 13.32, 124903.36, 168605421, 1.17, 2.31, 0.39, 584.41401
2017-02-16, 2, qing_du, 15.24, 13.70, 3.16, 13.28, 13.36, 13.86, 13.30, 277289.53, 378925803, 2.60, 4.22, 0.85, 776.08895
2017-02-17, 2, qing_du, 15.21, 13.40, -2.19, 13.70, 13.69, 13.69, 13.35, 145217.38, 195688649, 1.36, 2.48, 0.45, 566.69712
2017-02-20, 3, zhong_du, 15.19, 13.40, -2.19, 13.70, 13.69, 13.69, 13.35, 145217.38, 195688649, 1.36, 2.48, 0.45, 711.339
2017-02-21, 3, zhong_du, 15.17, 13.70, 1.71, 13.47, 13.48, 13.75, 13.44, 171331.62, 233140350, 1.61, 2.30, 0.53, 649.97506
2017-02-24, 4, gao_du, 15.11, 13.90, -0.22, 13.93, 13.82, 14.05, 13.79, 145020.49, 202031031, 1.36, 1.87, 0.45, 946.10381
2017-02-27, 4, gao_du, 15.09, 14.03, 0.72, 13.93, 13.82, 14.05, 13.79, 48823.39, 68082173, 0.46, 1.87, 0.82, 582.00407
2017-02-28, 4, gao_du, 15.08, 14.09, 1.66, 13.86, 13.86, 14.12, 13.86, 141373.01, 198550730, 1.33, 1.88, 0.44, 696.85102
2017-03-01, 5, qiang_lie, 15.06, 14.03, -0.43, 14.09, 14.05, 14.12, 13.96, 122871.64, 172542184, 1.15, 1.14, 0.38, 601.92013
2017-03-02, 5, qiang_lie, 15.05, 14.27, 1.71, 14.03, 14.04, 14.38, 14.04, 218770.36, 311771770, 2.05, 2.42, 0.67, 843.15205
2017-03-03, 5, qiang_lie, 15.04, 14.23, -0.28, 14.27, 14.21, 14.29, 14.03, 139399.69, 197325946, 1.31, 1.82, 0.43, 3050.9882
2017-03-06, 5, qiang_lie, 15.02, 14.62, 2.74, 14.23, 14.26, 14.71, 14.23, 259498.45, 377444406, 2.44, 3.37, 0.80, 4594.85698
2017-03-07, 5, qiang_lie, 15.02, 14.58, -0.48, 14.65, 14.65, 14.69, 14.45, 73948.24, 107315700, 0.69, 1.64, 0.46, 925.7369
2017-03-08, 5, qiang_lie, 15.01, 14.50, -1.02, 14.65, 14.65, 14.69, 14.39, 126570.11, 183416285, 1.19, 2.05, 0.39, 728.87778
2017-03-09, 5, qiang_lie, 14.99, 14.02, -3.31, 14.50, 14.40, 14.40, 13.96, 198536.46, 280008837, 1.86, 3.03, 0.61, 581.56705
2017-03-10, 5, qiang_lie, 14.99, 14.19, 1.21, 14.02, 14.01, 14.25, 13.99, 108056.09, 152925995, 1.01, 1.85, 0.33, 481.17399
2017-03-13, 5, qiang_lie, 14.98, 14.31, 0.85, 14.19, 14.16, 14.36, 13.97, 112130.94, 159813677, 1.05, 2.75, 0.35, 633.13985
2017-03-14, 5, qiang_lie, 14.97, 14.56, 1.75, 14.31, 14.39, 14.85, 14.39, 242456.07, 354734649, 2.28, 3.21, 0.75, 609.31516
2017-03-15, 5, qiang_lie, 14.96, 14.71, 1.03, 14.56, 14.49, 14.86, 14.47, 207502.5, 305894812, 1.95, 2.68, 0.64, 802.47903
2017-03-16, 5, qiang_lie, 14.96, 14.75, 0.27, 14.71, 14.71, 14.89, 14.64, 130449.75, 192309077, 1.22, 1.70, 0.40, 599.33186
2017-03-17, 5, qiang_lie, 14.96, 14.73, -0.14, 14.75, 14.72, 14.98, 14.70, 182786.22, 270746109, 1.72, 1.90, 0.56, 562.84285
2017-03-20, 5, qiang_lie, 14.96, 15.00, 1.83, 14.73, 14.76, 15.10, 14.62, 227047.68, 339104357, 2.13, 3.26, 0.70, 575.80495
2017-03-21, 5, qiang_lie, 14.96, 14.97, -0.20, 15.00, 14.90, 15.06, 14.81, 154684.6, 230938964, 1.45, 1.67, 0.48, 856.41193
2017-03-22, 5, qiang_lie, 14.95, 14.68, -1.94, 14.97, 14.85, 14.90, 14.63, 147321.27, 217011063, 1.38, 1.80, 0.45, 566.99491
2017-03-23, 5, qiang_lie, 14.95, 14.86, 1.23, 14.68, 14.73, 14.86, 14.45, 179366.78, 262974792, 1.68, 2.79, 0.55, 632.37786
2017-03-24, 5, qiang_lie, 14.95, 14.90, 0.27, 14.86, 14.84, 14.98, 14.74, 144324.99, 214236148, 1.35, 1.62, 0.44, 626.03188
2017-03-27, 5, qiang_lie, 14.95, 14.70, -1.34, 14.90, 14.98, 15.06, 14.70, 137126.18, 202949532, 1.29, 2.42, 0.42, 660.09998
2017-03-28, 5, qiang_lie, 14.94, 14.64, -0.41, 14.70, 14.60, 14.94, 14.59, 137033.98, 202619997, 1.29, 2.38, 0.42, 635.17714
2017-03-29, 5, qiang_lie, 14.94, 14.93, 1.98, 14.64, 14.66, 15.14, 14.66, 319109.74, 477810543, 3.00, 3.28, 0.98, 577.65293
2017-03-30, 5, qiang_lie, 14.94, 14.41, -3.48, 14.93, 14.92, 15.05, 14.26, 244215.35, 357402614, 2.29, 5.29, 0.75, 644.84882
2017-03-31, 5, qiang_lie, 14.93, 14.50, 0.62, 14.41, 14.57, 14.57, 14.26, 108991.95, 157193707, 1.02, 2.15, 0.34, 576.68614
2017-04-05, 5, qiang_lie, 14.95, 15.30, 5.52, 14.50, 14.72, 15.78, 14.72, 489823.11, 750028493, 4.60, 7.31, 1.51, 603.65081
2017-04-06, 5, qiang_lie, 14.95, 15.30, 0.00, 15.30, 15.40, 15.43, 15.14, 210280, 321313916, 1.97, 1.90, 0.65, 2586.05599
2017-04-07, 5, qiang_lie, 14.96, 15.26, -0.26, 15.30, 15.25, 15.45, 15.17, 183417, 280375712, 1.72, 1.83, 0.57, 685.673
2017-04-10, 5, qiang_lie, 14.97, 15.38, 0.79, 15.26, 15.32, 15.63, 15.16, 260233.66, 400926265, 2.44, 3.08, 0.80, 613.60908
2017-04-11, 5, qiang_lie, 14.98, 15.30, -0.52, 15.38, 15.44, 15.63, 14.97, 325939, 500979771, 3.06, 4.29, 1.00, 603.28007
2017-04-12, 5, qiang_lie, 14.98, 15.18, -0.78, 15.30, 15.20, 15.40, 14.97, 169572.18, 257434937, 1.59, 2.81, 0.52, 598.85502
2017-04-13, 5, qiang_lie, 15.00, 15.60, 2.77, 15.18, 15.09, 15.66, 15.05, 313343.35, 485564309, 2.94, 4.02, 0.97, 641.97803
2017-04-14, 5, qiang_lie, 15.01, 15.58, -0.13, 15.60, 15.52, 15.73, 15.42, 235907.52, 367574013, 2.21, 1.99, 0.73, 696.85912
2017-04-17, 5, qiang_lie, 15.01, 15.31, -1.73, 15.58, 15.49, 15.59, 15.20, 129502.84, 198858142, 1.22, 2.50, 0.40, 668.06793
2017-04-18, 5, qiang_lie, 15.01, 14.51, -5.23, 15.31, 15.29, 15.46, 14.50, 259501.03, 389077999, 2.44, 6.27, 0.80, 663.91587
2017-04-19, 5, qiang_lie, 15.00, 14.49, -0.14, 14.51, 14.40, 14.58, 14.11, 166692.01, 238334834, 1.56, 3.24, 0.51, 632.35307
2017-04-20, 4, gao_du, 14.99, 14.44, -0.35, 14.49, 14.41, 14.64, 14.30, 107173.07, 155105882, 1.01, 2.35, 0.33, 683.20608
2017-04-21, 3, zhong_du, 14.95, 13.35, -7.55, 14.44, 14.47, 14.55, 13.20, 317165.06, 434996787, 2.98, 9.35, 0.98, 624.51005
2017-04-24, 2, qing_du, 14.92, 13.56, 1.57, 13.35, 13.34, 13.71, 12.83, 213503.21, 285770312, 2.00, 6.59, 0.66, 635.05483
2017-04-25, 2, qing_du, 14.91, 13.56, 0.00, 13.56, 13.51, 13.82, 13.50, 101524.62, 138846362, 0.95, 2.36, 0.31, 1145.43986
2017-04-26, 2, qing_du, 14.90, 13.43, -0.96, 13.56, 13.50, 13.63, 13.35, 104988.24, 141770475, 0.99, 2.06, 0.32, 848.2101
2017-04-27, 2, qing_du, 14.87, 13.95, 3.87, 13.43, 13.46, 13.98, 13.02, 201258.54, 272684112, 1.89, 7.15, 0.62, 634.09495
2017-04-28, 2, qing_du, 14.86, 13.89, -0.43, 13.95, 13.70, 13.90, 13.68, 97673.85, 134589662, 0.92, 1.58, 0.30, 655.92599
2017-05-02, 2, qing_du, 14.85, 13.99, 0.72, 13.89, 13.87, 14.18, 13.70, 121726.01, 169657619, 1.14, 3.46, 0.38, 850.04592
2017-05-03, 2, qing_du, 14.84, 14.13, 1.00, 13.99, 13.95, 14.27, 13.82, 143277.58, 202630443, 1.35, 3.22, 0.44, 677.75202
2017-05-04, 3, zhong_du, 14.83, 14.06, -0.50, 14.13, 14.07, 14.32, 13.99, 118388.16, 167667161, 1.11, 2.34, 0.36, 656.79979
2017-05-05, 3, zhong_du, 14.83, 13.95, -0.78, 14.06, 14.06, 14.23, 13.85, 109170.96, 153301685, 1.02, 2.70, 0.34, 640.20991
2017-05-11, 1, wei_ruo, 14.77, 13.91, 3.19, 13.48, 13.51, 13.96, 13.38, 138096.66, 188851983, 1.30, 4.30, 0.43, 719.94805
2017-05-12, 1, wei_ruo, 14.76, 13.79, -0.86, 13.91, 13.88, 14.02, 13.61, 89087.71, 122984012, 0.84, 2.95, 0.27, 670.83716
2017-05-15, 1, wei_ruo, 14.76, 13.93, 1.02, 13.79, 13.81, 14.05, 13.81, 73003.18, 101831461, 0.69, 1.74, 0.23, 566.97798
2017-05-17, 2, qing_du, 14.74, 14.11, -0.70, 14.21, 14.21, 14.34, 14.05, 132598, 188458226, 1.24, 2.04, 0.41, 2659.96289
2017-05-18, 2, qing_du, 14.74, 14.26, 1.06, 14.11, 14.01, 14.47, 13.93, 119826.51, 170838114, 1.12, 3.83, 0.37, 939.34011
2017-05-19, 2, qing_du, 14.73, 13.98, -1.96, 14.26, 14.12, 14.29, 13.93, 98086.19, 138235183, 0.92, 2.52, 0.30, 1434.45587
2017-05-22, 2, qing_du, 14.71, 13.31, -4.79, 13.98, 14.00, 14.12, 13.28, 180137.04, 245412079, 1.69, 6.01, 0.56, 788.31887
2017-05-23, 1, wei_ruo, 14.68, 12.85, -3.46, 13.31, 13.26, 13.36, 12.80, 160843.03, 209841765, 1.51, 4.21, 0.50, 913.78689
2017-05-24, 1, wei_ruo, 14.67, 13.00, 1.17, 12.85, 12.86, 13.02, 12.60, 112572.36, 144991818, 1.06, 3.27, 0.35, 605.29017
2017-05-25, 1, wei_ruo, 14.64, 12.96, -0.31, 13.00, 12.97, 13.07, 12.41, 139004.27, 177386075, 1.30, 5.08, 0.43, 1035.22301
2017-05-26, 1, wei_ruo, 14.63, 12.84, -0.93, 12.96, 12.89, 13.03, 12.73, 60688.26, 78237952, 0.57, 2.31, 0.19, 726.00603
2017-05-31, 1, wei_ruo, 14.62, 12.82, -0.16, 12.84, 12.96, 13.09, 12.78, 53566.82, 69234439, 0.50, 2.41, 0.17, 530.68995
2017-06-01, 1, wei_ruo, 14.60, 12.25, -4.45, 12.82, 12.85, 12.87, 12.25, 119315.05, 148726878, 1.12, 4.84, 0.37, 2709.3451
2017-06-02, 1, wei_ruo, 14.58, 12.38, 1.06, 12.25, 12.19, 12.46, 12.01, 63783, 78163345, 0.60, 3.67, 0.20, 793.77389
2017-06-05, 1, wei_ruo, 14.57, 12.48, 0.81, 12.38, 12.48, 12.55, 12.34, 53673, 66994320, 0.50, 1.70, 0.17, 103495.36419
2017-06-06, 1, wei_ruo, 14.56, 12.50, 0.16, 12.48, 12.50, 12.52, 12.31, 45446.59, 56552531, 0.43, 1.68, 0.14, 628.20005
2017-06-07, 1, wei_ruo, 14.55, 12.85, 2.80, 12.50, 12.53, 12.88, 12.52, 91280.49, 116182111, 0.86, 2.88, 0.28, 545.66002
2017-06-08, 1, wei_ruo, 14.54, 12.84, -0.08, 12.85, 12.86, 12.95, 12.80, 54648.56, 70371921, 0.51, 1.17, 0.17, 602.1359
2017-06-09, 1, wei_ruo, 14.53, 12.95, 0.86, 12.84, 12.80, 12.97, 12.75, 64988.26, 83745394, 0.61, 1.71, 0.20, 899.09887
2017-06-12, 1, wei_ruo, 14.40, 12.61, -1.87, 12.85, 12.86, 12.86, 12.45, 83090.7, 104716170, 0.78, 3.19, 0.26, 746.50598
2017-06-13, 1, wei_ruo, 14.38, 13.20, 4.68, 12.61, 12.50, 13.35, 12.50, 196143.48, 256918643, 1.84, 6.74, 0.60, 658.29802
2017-06-14, 1, wei_ruo, 14.36, 13.34, 1.06, 13.20, 13.13, 13.59, 13.13, 160245.31, 214307586, 1.50, 3.48, 0.49, 2583.83989
2017-06-15, 1, wei_ruo, 14.36, 13.40, 0.45, 13.34, 13.30, 13.45, 13.21, 65400.71, 87290724, 0.61, 1.80, 0.20, 657.07588
2017-06-16, 1, wei_ruo, 14.35, 13.39, -0.07, 13.40, 13.33, 13.59, 13.29, 82049.75, 110188926, 0.77, 2.24, 0.25, 626.91903
2017-06-19, 2, qing_du, 14.34, 13.92, 3.96, 13.39, 13.37, 14.15, 13.31, 162470.67, 224074107, 1.53, 6.27, 0.50, 682.96504
2017-06-20, 2, qing_du, 14.37, 14.90, 7.04, 13.92, 14.35, 15.31, 14.35, 662340.62, 987490293, 6.22, 6.90, 2.04, 572.05606
2017-06-21, 3, zhong_du, 14.38, 14.75, -1.01, 14.90, 14.82, 14.89, 14.41, 337965.6, 495628197, 3.17, 3.22, 1.04, 846.52996
2017-06-22, 3, zhong_du, 14.41, 15.00, 1.69, 14.75, 14.66, 15.30, 14.62, 506111.97, 759247277, 4.75, 4.61, 1.56, 689.42213
2017-06-23, 3, zhong_du, 14.42, 14.78, -1.47, 15.00, 14.63, 15.14, 14.36, 353103.84, 517132737, 3.31, 5.20, 1.09, 800.19498
2017-06-26, 3, zhong_du, 14.43, 14.84, 0.41, 14.78, 14.60, 14.95, 14.57, 249137.35, 368312625, 2.34, 2.57, 0.77, 606.02593
2017-06-27, 3, zhong_du, 14.44, 14.72, -0.81, 14.84, 14.81, 14.95, 14.58, 179948.66, 265089792, 1.69, 2.49, 0.55, 677.60992
2017-06-28, 3, zhong_du, 14.44, 14.32, -2.72, 14.72, 14.65, 14.66, 14.17, 254370.45, 365210827, 2.39, 3.33, 0.78, 752.33316
2017-06-29, 3, zhong_du, 14.43, 14.30, -0.14, 14.32, 14.36, 14.45, 14.24, 145902.77, 209206804, 1.37, 1.47, 0.45, 546.40698
2017-06-30, 3, zhong_du, 14.44, 14.78, 3.36, 14.30, 14.44, 14.89, 14.39, 395964.85, 581527804, 3.72, 3.50, 1.22, 533.41699
2017-07-03, 3, zhong_du, 14.46, 15.07, 1.96, 14.78, 14.77, 15.12, 14.60, 311793.31, 463696106, 2.93, 3.52, 0.96, 624.64714
2017-07-04, 4, gao_du, 14.47, 14.68, -2.59, 15.07, 15.02, 15.21, 14.68, 318429.2, 474977765, 2.99, 3.52, 0.98, 556.88691
2017-07-05, 4, gao_du, 14.50, 15.34, 4.50, 14.68, 14.55, 15.44, 14.45, 496550.54, 747546550, 4.66, 6.74, 1.53, 739.4011
2017-07-06, 4, gao_du, 14.56, 15.64, 1.96, 15.34, 15.21, 15.82, 15.13, 631503.16, 979542455, 5.93, 4.50, 1.95, 645.06912
2017-07-07, 5, qiang_lie, 14.67, 16.43, 5.05, 15.64, 15.51, 16.66, 15.36, 714745.01, 1145878207, 6.71, 8.31, 2.20, 630.31411
2017-07-10, 5, qiang_lie, 14.77, 16.07, -2.19, 16.43, 16.40, 16.94, 16.04, 661879.62, 1085457978, 6.21, 5.48, 2.04, 627.12812
2017-07-11, 5, qiang_lie, 14.81, 15.60, -2.92, 16.07, 16.06, 16.29, 15.39, 441909.57, 700975415, 4.15, 5.60, 1.36, 810.34184
2017-07-12, 5, qiang_lie, 14.86, 16.05, 2.88, 15.60, 15.65, 16.11, 15.47, 449576.08, 711592041, 4.22, 4.10, 1.39, 634.38892
2017-07-13, 4, gao_du, 14.93, 15.71, -2.12, 16.05, 16.20, 16.62, 15.70, 717147.7, 1162121226, 6.73, 5.73, 2.21, 718.98985
2017-07-14, 4, gao_du, --, 15.46, -1.59, 15.71, 15.58, 15.69, 15.26, 383767.54, 593546520, 3.60, 2.74, 1.18, 616.34898
2017-07-17, 4, gao_du, --, 14.72, -4.79, 15.46, 15.50, 15.53, 14.61, 388227.04, 583782990, 3.64, 5.95, 1.20, 651.14403
2017-07-18, 4, gao_du, 14.95, 14.92, 1.36, 14.72, 14.73, 15.03, 14.65, 278231.3, 413535317, 2.61, 2.58, 0.86, 3554.10314
2017-07-19, 4, gao_du, --, 15.53, 4.09, 14.92, 14.96, 15.55, 14.81, 458675.32, 697211012, 4.31, 4.96, 1.41, 2686.36394
2017-07-20, 4, gao_du, --, 15.70, 1.09, 15.53, 15.30, 16.09, 15.27, 580679.07, 912507684, 5.45, 5.28, 1.79, 635.15115
2017-07-21, 4, gao_du, --, 15.36, -2.17, 15.70, 15.52, 15.69, 15.32, 324574.41, 501920718, 3.05, 2.36, 1.00, 540.03215
2017-07-24, 5, qiang_lie, 15.05, 15.77, 2.67, 15.36, 15.51, 16.06, 15.48, 414164.33, 653539249, 3.89, 3.78, 1.28, 668.1149
2017-07-25, 5, qiang_lie, --, 16.14, 2.35, 15.77, 15.84, 16.46, 15.75, 624401.76, 1007189781, 5.86, 4.50, 1.92, 2695.35804
2017-07-26, 5, qiang_lie, --, 16.51, 2.29, 16.14, 16.20, 16.65, 16.02, 783999.01, 1285658070, 7.36, 3.90, 2.42, 659.45816
2017-07-27, 5, qiang_lie, 15.25, 15.99, -3.15, 16.51, 16.37, 16.50, 15.70, 597039.25, 961474481, 5.60, 4.85, 1.84, 1782.52196
2017-07-28, 5, qiang_lie, 15.49, 17.37, 8.63, 15.99, 15.91, 17.59, 15.75, 1554459.85, 2662011191, 14.59, 11.51, 4.79, 586.55596
2017-07-31, 5, qiang_lie, 15.87, 18.30, 5.35, 17.37, 17.56, 18.48, 17.21, 1596401.55, 2842094835, 14.99, 7.31, 4.92, 663.77807
2017-08-01, 5, qiang_lie, 16.04, 17.82, -2.62, 18.30, 18.00, 18.14, 17.51, 934270.76, 1663753427, 8.77, 3.44, 2.88, 728.00899
2017-08-02, 5, qiang_lie, 16.22, 17.50, -1.80, 17.82, 17.84, 18.46, 17.46, 1072024.41, 1922963812, 10.06, 5.61, 3.30, 347.70393
2017-08-03, 5, qiang_lie, 16.29, 17.51, 0.06, 17.50, 17.40, 17.69, 17.17, 599914.07, 1045822919, 5.63, 2.97, 1.85, 611.866
2017-08-04, 5, qiang_lie, 16.35, 16.71, -4.57, 17.51, 17.50, 17.97, 16.58, 816713.49, 1418871512, 7.67, 7.94, 2.52, 794.63196
2017-08-07, 5, qiang_lie, 16.41, 17.49, 4.67, 16.71, 16.78, 17.60, 16.65, 752564.15, 1293476407, 7.07, 5.69, 2.32, 600.03495
2017-08-08, 5, qiang_lie, 16.51, 17.28, -1.20, 17.49, 17.60, 18.10, 17.10, 985329.18, 1743988787, 9.25, 5.72, 3.04, 671.23604
2017-08-09, 5, qiang_lie, 16.75, 18.78, 8.68, 17.28, 17.18, 19.01, 16.98, 1471067.72, 2686636042, 13.81, 11.75, 4.53, 658.26988
2017-08-10, 5, qiang_lie, 16.92, 18.23, -2.93, 18.78, 18.51, 18.58, 17.88, 1168101.35, 2130261943, 10.97, 3.73, 3.60, 1005.023
2017-08-11, 5, qiang_lie, 16.93, 16.85, -7.57, 18.23, 17.78, 17.90, 16.63, 873668.82, 1512981558, 8.20, 6.97, 2.69, 740.99898
2017-08-14, 5, qiang_lie, 16.97, 17.68, 4.93, 16.85, 17.04, 17.94, 16.81, 648103.04, 1128214796, 6.08, 6.71, 2.00, 824.28503
2017-08-15, 5, qiang_lie, 16.99, 17.45, -1.30, 17.68, 17.52, 17.79, 17.24, 472094.91, 825128578, 4.43, 3.11, 1.46, 838.34314
2017-08-16, 5, qiang_lie, 16.99, 16.79, -3.78, 17.45, 17.30, 17.48, 16.55, 585764.11, 985737900, 5.50, 5.33, 1.81, 777.14801
2017-08-17, 5, qiang_lie, 16.99, 17.02, 1.37, 16.79, 17.01, 17.14, 16.72, 361890.2, 613196534, 3.40, 2.50, 1.12, 3601.53103
2017-08-18, 4, gao_du, 16.96, 16.39, -3.70, 17.02, 16.78, 16.84, 16.24, 464251.73, 765323455, 4.36, 3.53, 1.43, 2544.18898
2017-08-21, 4, gao_du, 16.95, 16.64, 1.53, 16.39, 16.42, 16.85, 16.42, 374629.61, 623396923, 3.52, 2.62, 1.15, 791.26
2017-08-22, 3, zhong_du, 16.94, 16.93, 1.74, 16.64, 16.64, 17.12, 16.21, 566361.77, 945717341, 5.32, 5.47, 1.75, 666.83817
2017-08-23, 3, zhong_du, 16.92, 16.20, -4.31, 16.93, 16.75, 16.75, 16.11, 474854, 776437408, 4.46, 3.78, 1.46, 792.2771
2017-08-24, 3, zhong_du, 16.89, 15.88, -1.98, 16.20, 16.20, 16.30, 15.81, 293980.06, 471422916, 2.76, 3.02, 0.91, 1825.79803
2017-08-25, 3, zhong_du, 16.87, 16.25, 2.33, 15.88, 15.90, 16.41, 15.90, 286940.38, 465047326, 2.69, 3.21, 0.88, 756.12593
2017-08-28, 3, zhong_du, 16.85, 16.42, 1.05, 16.25, 16.13, 16.61, 16.11, 374489.22, 616070930, 3.52, 3.08, 1.15, 728.21903
2017-08-29, 2, qing_du, 16.84, 16.32, -0.61, 16.42, 16.40, 16.75, 16.21, 309235.38, 510459134, 2.90, 3.29, 0.95, 548.69103
2017-08-30, 3, zhong_du, 16.83, 16.70, 2.33, 16.32, 16.39, 16.79, 16.32, 404432.55, 672802736, 3.80, 2.88, 1.25, 648.80109
2017-08-31, 3, zhong_du, 16.83, 16.77, 0.42, 16.70, 16.71, 16.87, 16.57, 298117.03, 498358564, 2.80, 1.80, 0.92, 697.18814
2017-09-01, 3, zhong_du, 16.85, 17.35, 3.46, 16.77, 16.79, 17.50, 16.71, 637573.57, 1097327838, 5.99, 4.71, 1.97, 717.36312
2017-09-04, 3, zhong_du, 16.89, 16.59, -0.66, 16.70, 16.71, 16.87, 16.57, 172115.02, 287374300, 1.62, 1.80, 1.06, 648.62585
2017-09-05, 3, zhong_du, 16.92, 16.59, -0.66, 16.70, 16.71, 16.87, 16.57, 172115.02, 287374300, 1.62, 1.80, 1.06, 603.45697
2017-09-06, 4, gao_du, 17.04, 16.59, -0.66, 16.70, 16.71, 16.87, 16.57, 172115.02, 287374300, 1.62, 1.80, 1.06, 633.02398
2017-09-07, 4, gao_du, 17.12, 18.02, -1.26, 18.25, 18.22, 18.68, 17.98, 723191.22, 1321291869, 6.79, 3.84, 2.23, 1547.06907
2017-09-08, 5, qiang_lie, 17.19, 16.59, -0.66, 16.70, 16.71, 16.87, 16.57, 172115.02, 287374300, 1.62, 1.80, 1.06, 581.35796
2017-09-11, 5, qiang_lie, 17.43, 19.29, 5.01, 18.37, 19.18, 19.95, 18.88, 1158618.44, 2246680925, 10.88, 5.82, 3.57, 681.93913
2017-09-12, 5, qiang_lie, 18.05, 20.88, 8.24, 19.29, 19.34, 21.22, 19.30, 2184585.93, 4556799226, 20.51, 9.95, 6.73, 674.66211
2017-09-13, 5, qiang_lie, 18.38, 20.65, -1.10, 20.88, 20.38, 20.90, 20.10, 1390798.85, 2848431755, 13.06, 3.83, 4.29, 2539.62302
2017-09-14, 5, qiang_lie, 18.59, 19.99, -3.20, 20.65, 20.40, 21.10, 19.88, 1180066.47, 2400569019, 11.08, 5.91, 3.64, 640.96999
2017-09-15, 5, qiang_lie, 18.66, 19.06, -4.65, 19.99, 19.88, 19.95, 18.80, 1058766.88, 2035259451, 9.94, 5.75, 3.26, 715.11602
2017-09-18, 5, qiang_lie, 18.70, 19.42, 1.89, 19.06, 19.12, 19.55, 18.81, 719926.08, 1388858176, 6.76, 3.88, 2.22, 683.37107
2017-09-19, 4, gao_du, 18.75, 19.48, 0.31, 19.42, 19.55, 19.75, 18.98, 764833.3, 1482853671, 7.18, 3.96, 2.36, 807.6098
2017-09-20, 4, gao_du, 18.87, 20.18, 3.59, 19.48, 19.26, 20.39, 18.92, 1118525.01, 2208711013, 10.50, 7.55, 3.45, 310.23407
2017-09-21, 4, gao_du, 18.93, 19.58, -2.97, 20.18, 20.02, 20.14, 19.38, 768969.57, 1519283459, 7.22, 3.77, 2.37, 618.45803
2017-09-22, 4, gao_du, 19.02, 19.80, 1.12, 19.58, 19.49, 20.56, 19.41, 954475.97, 1916699055, 8.96, 5.87, 2.94, 670.73894
2017-09-25, 4, gao_du, 18.94, 17.82, -10.00, 19.80, 19.10, 19.15, 17.82, 1118373.78, 2035685222, 10.50, 6.72, 3.45, 365.43107
2017-09-26, 3, zhong_du, 18.89, 17.95, 0.73, 17.82, 17.85, 18.07, 17.60, 452951.83, 808465112, 4.25, 2.64, 1.40, 619.75384
2017-09-27, 3, zhong_du, 18.85, 18.33, 2.12, 17.95, 17.86, 18.55, 17.80, 583606.03, 1069188807, 5.48, 4.18, 1.80, 715.75379
2017-09-28, 2, qing_du, 18.83, 18.10, -1.25, 18.33, 18.25, 18.47, 17.91, 353349.1, 642906315, 3.32, 3.06, 1.09, 2619.96102
2017-09-29, 2, qing_du, 18.80, 17.91, -1.05, 18.10, 18.10, 18.38, 17.68, 410518.32, 737738664, 3.85, 3.87, 1.27, 697.06893
2017-10-10, 2, qing_du, 18.75, 17.89, -1.92, 18.24, 18.18, 18.21, 17.71, 372335.21, 665557920, 3.50, 2.74, 1.15, 632.50399
2017-10-12, 2, qing_du, 18.61, 16.99, -3.03, 17.52, 17.48, 17.53, 16.55, 600793.07, 1018780767, 5.64, 5.59, 1.85, 668.53309
2017-10-13, 2, qing_du, 18.57, 17.05, 0.35, 16.99, 17.00, 17.09, 16.88, 237682.89, 404161382, 2.23, 1.24, 0.73, 680.77183
2017-10-16, 1, wei_ruo, 18.52, 16.90, -0.88, 17.05, 17.07, 17.10, 16.62, 316618.3, 533681846, 2.97, 2.82, 0.98, 587.55803
2017-10-17, 1, wei_ruo, 18.48, 16.55, -2.07, 16.90, 16.78, 16.84, 16.50, 254598.85, 423665278, 2.39, 2.01, 0.78, 585.17003
2017-10-18, 1, wei_ruo, 18.44, 16.55, 0.00, 16.55, 16.56, 16.89, 16.48, 249251.74, 416659039, 2.34, 2.48, 0.77, 618.76106
2017-10-19, 1, wei_ruo, 18.39, 16.84, 1.75, 16.55, 16.51, 16.98, 16.42, 294982.9, 494275419, 2.77, 3.38, 0.91, 761.28197
2017-10-20, 1, wei_ruo, 18.35, 17.20, 2.14, 16.84, 16.74, 17.22, 16.71, 300801.87, 512932370, 2.82, 3.03, 0.93, 2651.47281
2017-10-23, 1, wei_ruo, 18.32, 17.27, 0.41, 17.20, 17.70, 17.89, 17.23, 364775.26, 638916115, 3.42, 3.84, 1.12, 662.56905
2017-10-24, 1, wei_ruo, 18.30, 17.30, 0.17, 17.27, 17.11, 17.50, 17.03, 240017.71, 414260260, 2.25, 2.72, 0.74, 711.19595
2017-10-25, 1, wei_ruo, 18.27, 17.75, 2.60, 17.30, 17.30, 17.83, 17.22, 406109.52, 713253441, 3.81, 3.53, 1.25, 947.12591
2017-10-26, 1, wei_ruo, 18.25, 17.68, -0.39, 17.75, 17.60, 17.87, 17.41, 434365.62, 767505452, 4.08, 2.59, 1.34, 719.78211
2017-10-27, 1, wei_ruo, 18.16, 16.62, -6.00, 17.68, 17.40, 17.41, 16.60, 629918.29, 1067410181, 5.91, 4.58, 1.94, 670.0182
2017-10-30, 1, wei_ruo, 18.07, 15.73, -5.35, 16.62, 16.62, 16.67, 15.50, 438494.12, 698219637, 4.12, 7.04, 1.35, 835.742
2017-10-31, 1, wei_ruo, 18.03, 15.92, 1.21, 15.73, 15.45, 16.05, 15.45, 218812.87, 347246488, 2.05, 3.81, 0.67, 646.21687
2017-11-01, 1, wei_ruo, 17.98, 15.76, -1.01, 15.92, 15.89, 16.14, 15.72, 215674.65, 343129854, 2.02, 2.64, 0.66, 849.24912
2017-11-02, 1, wei_ruo, 17.92, 15.35, -2.60, 15.76, 15.71, 15.72, 15.20, 262038.82, 403661633, 2.46, 3.30, 0.81, 927.92702
2017-11-03, 1, wei_ruo, 17.87, 15.46, 0.72, 15.35, 15.35, 15.54, 15.20, 205767.65, 316358989, 1.93, 2.21, 0.63, 876.55187
2017-11-07, 1, wei_ruo, 17.78, 15.57, 0.00, 15.57, 15.53, 15.67, 15.31, 131044.99, 202742513, 1.23, 2.31, 0.81, 682.88898
2017-11-08, 1, wei_ruo, 17.72, 0.00, 0.00, 16.00, 0.00, 0.00, 0.00, 0, 0, 0.00, 0.00, 0.00, 62799.87502
2017-11-09, 1, wei_ruo, 17.68, 16.00, -0.44, 16.07, 16.05, 16.09, 15.95, 5359, 8579783, 0.05, 0.87, 1.07, 711.46584
2017-11-10, 1, wei_ruo, 17.63, 15.70, -2.30, 16.07, 16.05, 16.09, 15.63, 277097.32, 437939399, 2.60, 2.86, 1.16, 1342.45586
2017-11-13, 1, wei_ruo, 17.57, 16.10, 2.55, 15.70, 15.67, 16.11, 15.34, 376500.31, 591111352, 3.53, 4.90, 1.48, 832.04579
2017-11-14, 1, wei_ruo, 17.53, 15.67, -2.67, 16.10, 15.95, 16.00, 15.65, 256933.06, 406658246, 2.41, 2.17, 0.89, 810.30703
2017-11-15, 1, wei_ruo, 17.44, 14.88, -5.04, 15.67, 15.58, 15.60, 14.84, 384631.44, 583623068, 3.61, 4.85, 1.28, 833.26101
2017-11-16, 1, wei_ruo, 17.39, 14.90, 0.13, 14.88, 14.88, 15.13, 14.73, 193466.25, 289440655, 1.82, 2.69, 0.64, 810.15396
2017-11-17, 1, wei_ruo, 17.32, 14.20, -4.70, 14.90, 14.97, 15.06, 14.15, 263262.59, 383421241, 2.47, 6.11, 0.88, 739.56203
2017-11-20, 1, wei_ruo, 17.26, 14.33, 0.92, 14.20, 14.17, 14.34, 13.50, 214491.51, 299603977, 2.01, 5.92, 0.73, 701.26605
2017-11-21, 1, wei_ruo, 17.21, 14.34, 0.07, 14.33, 14.29, 14.39, 14.02, 167808.09, 238665405, 1.58, 2.58, 0.64, 746.18101
2017-11-22, 1, wei_ruo, 17.15, 14.51, 1.19, 14.34, 14.33, 14.67, 14.23, 208757.22, 301087921, 1.96, 3.07, 0.85, 771.73305
2017-11-23, 1, wei_ruo, 17.10, 14.15, -2.48, 14.51, 14.45, 14.72, 14.15, 195880.59, 283342602, 1.84, 3.93, 0.93, 120741.84799
2017-11-24, 1, wei_ruo, 17.05, 14.53, 2.69, 14.15, 14.02, 14.71, 14.00, 204828.59, 295155782, 1.92, 5.02, 0.98, 1525.05398
2017-11-27, 1, wei_ruo, 17.01, 14.11, -2.89, 14.53, 14.55, 14.60, 14.03, 163309.34, 234083571, 1.53, 3.92, 0.82, 756.05106
2017-11-28, 1, wei_ruo, 16.96, 14.25, 0.99, 14.11, 14.09, 14.35, 13.82, 172710.83, 243816042, 1.62, 3.76, 0.92, 625.0062
2017-11-29, 1, wei_ruo, 16.88, 14.83, 4.07, 14.25, 14.16, 14.88, 14.15, 363732.6, 529973527, 3.41, 5.12, 1.92, 681.27203
2017-11-30, 1, wei_ruo, 16.84, 14.59, -1.62, 14.83, 14.72, 14.80, 14.44, 192133.04, 280525569, 1.80, 2.43, 0.87, 2610.06904
2017-12-01, 1, wei_ruo, 16.82, 14.61, 0.14, 14.59, 14.64, 14.76, 14.51, 116798.26, 170794948, 1.10, 1.71, 0.53, 635.76388
2017-12-04, 1, wei_ruo, 16.78, 14.20, -2.81, 14.61, 14.63, 14.75, 14.19, 166893.55, 241985643, 1.57, 3.83, 0.83, 873.00801
2017-12-05, 1, wei_ruo, 16.69, 13.39, -5.70, 14.20, 14.07, 14.18, 13.08, 301632.28, 412222289, 2.83, 7.75, 1.49, 785.65001
2017-12-06, 1, wei_ruo, 16.65, 13.59, 1.49, 13.39, 13.32, 13.59, 13.32, 128508.45, 173437439, 1.21, 2.02, 0.56, 635.0348
2017-12-07, 1, wei_ruo, 16.61, 13.61, 0.15, 13.59, 13.57, 13.95, 13.52, 140807.64, 193634370, 1.32, 3.16, 0.78, 729.49195
2017-12-08, 1, wei_ruo, 16.58, 13.69, 0.59, 13.61, 13.54, 13.82, 13.50, 112005.82, 153544253, 1.05, 2.35, 0.66, 652.84014
2017-12-11, 1, wei_ruo, 16.55, 13.83, 1.02, 13.69, 13.61, 13.95, 13.61, 113840.19, 157229802, 1.07, 2.48, 0.67, 4744.46297
2017-12-12, 1, wei_ruo, 16.50, 13.84, 0.07, 13.83, 13.77, 14.12, 13.75, 198262.8, 277046349, 1.86, 2.68, 1.24, 686.3668
2017-12-13, 1, wei_ruo, 16.47, 13.83, -0.07, 13.84, 13.88, 13.97, 13.60, 125183.92, 172145400, 1.18, 2.67, 0.90, 690.52792
2017-12-14, 1, wei_ruo, 16.43, 13.60, -1.66, 13.83, 13.87, 13.91, 13.52, 126601.3, 172968619, 1.19, 2.82, 0.92, 740.19814
2017-12-15, 1, wei_ruo, 16.40, 13.68, 0.59, 13.60, 13.56, 13.72, 13.46, 117828.42, 160325401, 1.11, 1.91, 0.87, 570.94908
2017-12-18, 1, wei_ruo, 16.37, 13.82, 1.02, 13.68, 13.65, 13.84, 13.58, 125933.5, 172848039, 1.18, 1.90, 0.92, 616.51397
2017-12-19, 1, wei_ruo, 16.35, 13.82, 0.00, 13.82, 13.83, 13.87, 13.67, 92682.11, 127691096, 0.87, 1.45, 0.67, 762.38179
2017-12-20, 1, wei_ruo, 16.30, 13.26, -4.05, 13.82, 13.78, 13.84, 13.23, 172326.15, 232196232, 1.62, 4.41, 1.46, 646.79003
2017-12-21, 1, wei_ruo, 16.27, 13.31, 0.38, 13.26, 13.27, 13.45, 13.20, 120438.76, 160767135, 1.13, 1.89, 0.95, 1142.96699
2017-12-22, 1, wei_ruo, 16.22, 13.48, 1.28, 13.31, 13.30, 13.75, 13.27, 174517.72, 236570386, 1.64, 3.61, 1.39, 829.90813
2017-12-25, 1, wei_ruo, 16.18, 13.59, 0.82, 13.48, 13.45, 13.75, 13.42, 161519.68, 219937767, 1.52, 2.45, 1.18, 2663.35797
2017-12-26, 1, wei_ruo, 16.15, 13.67, 0.59, 13.59, 13.54, 13.67, 13.32, 131835.09, 178258047, 1.24, 2.58, 0.91, 467.07606
2017-12-27, 1, wei_ruo, 16.09, 13.86, 1.39, 13.67, 13.67, 14.08, 13.62, 289908.77, 403646481, 2.72, 3.37, 1.91, 691.73598
2017-12-29, 1, wei_ruo, 15.98, 14.46, 0.56, 14.38, 14.38, 14.55, 14.22, 193626.08, 278873783, 1.82, 2.29, 0.80, 607.20706
2018-01-03, 1, wei_ruo, 15.92, 14.40, -0.41, 14.46, 14.44, 14.74, 14.37, 253460.52, 367995639, 2.38, 2.56, 1.02, 806.02193
2018-01-04, 1, wei_ruo, 15.89, 14.47, 0.49, 14.40, 14.31, 14.47, 14.11, 235248.53, 335681976, 2.21, 2.50, 0.86, 653.54609
2018-01-05, 1, wei_ruo, 15.86, 14.21, -1.80, 14.47, 14.38, 14.41, 14.12, 171318.56, 244115519, 1.61, 2.00, 0.65, 640.02514
2018-01-08, 1, wei_ruo, 15.82, 14.59, 2.67, 14.21, 14.15, 14.66, 14.15, 284135.09, 411285412, 2.67, 3.59, 1.31, 688.62486
2018-01-09, 2, qing_du, 15.79, 14.65, 0.41, 14.59, 14.57, 14.93, 14.34, 291867.34, 427106559, 2.74, 4.04, 1.28, 577.94499
2018-01-10, 2, qing_du, 15.75, 14.50, -1.02, 14.65, 14.66, 14.91, 14.41, 324110.26, 476056087, 3.04, 3.41, 1.31, 806.68497
2018-01-11, 3, zhong_du, 15.73, 14.46, -0.28, 14.50, 14.40, 14.61, 14.29, 166485.15, 240572784, 1.56, 2.21, 0.64, 636.87015
2018-01-12, 3, zhong_du, 15.70, 14.00, -3.18, 14.46, 14.44, 14.52, 13.99, 254320.41, 361022192, 2.39, 3.67, 1.03, 645.31422
2018-01-15, 2, qing_du, 15.63, 13.15, -6.07, 14.00, 13.95, 13.96, 13.09, 332657.48, 446025294, 3.12, 6.21, 1.26, 2621.85693
2018-01-16, 1, wei_ruo, 15.57, 13.08, -0.53, 13.15, 13.11, 13.28, 12.97, 213000.6, 278766242, 2.00, 2.36, 0.78, 585.04295
2018-01-17, 1, wei_ruo, 15.53, 13.11, 0.23, 13.08, 13.06, 13.17, 12.80, 167003.09, 216816992, 1.57, 2.83, 0.65, 774.21308
2018-01-18, 1, wei_ruo, 15.51, 13.10, -0.08, 13.11, 13.11, 13.29, 13.01, 128074.53, 168324340, 1.20, 2.14, 0.57, 2673.27309
2018-01-19, 1, wei_ruo, 15.48, 13.14, 0.31, 13.10, 13.14, 13.29, 13.07, 118384.91, 155964778, 1.11, 1.68, 0.54, 900.84386
2018-01-22, 1, wei_ruo, 15.45, 13.29, 1.14, 13.14, 13.10, 13.29, 12.90, 147214.42, 193374355, 1.38, 2.97, 0.77, 606.4291
2018-01-23, 1, wei_ruo, 15.42, 13.38, 0.68, 13.29, 13.24, 13.44, 13.22, 160957.21, 214714804, 1.51, 1.66, 1.04, 2776.23105
2018-01-24, 1, wei_ruo, 15.39, 13.24, -1.05, 13.38, 13.30, 13.38, 13.11, 141842.09, 187295968, 1.33, 2.02, 0.98, 724.34998
2018-01-25, 1, wei_ruo, 15.35, 13.23, -0.08, 13.24, 13.19, 13.43, 13.19, 174308.11, 232573620, 1.64, 1.81, 1.25, 631.8171
2018-01-26, 1, wei_ruo, 15.33, 13.12, -0.83, 13.23, 13.25, 13.33, 13.05, 118526.98, 156040107, 1.11, 2.12, 0.80, 668.91003
2018-01-29, 1, wei_ruo, 15.30, 12.89, -1.75, 13.12, 13.08, 13.20, 12.81, 124821.86, 161990374, 1.17, 2.97, 0.84, 882.37691
2018-01-30, 1, wei_ruo, 15.28, 12.89, 0.00, 12.89, 12.82, 13.05, 12.82, 75938.97, 98181460, 0.71, 1.78, 0.53, 619.75098
2018-01-31, 1, wei_ruo, 15.23, 12.24, -5.04, 12.89, 12.84, 12.89, 12.16, 213070.39, 264775663, 2.00, 5.66, 1.68, 626.84703
2018-02-01, 1, wei_ruo, 15.16, 11.61, -5.15, 12.24, 12.25, 12.38, 11.50, 210934.68, 250973847, 1.98, 7.19, 1.49, 710.82497
2018-02-02, 1, wei_ruo, 15.11, 11.83, 1.89, 11.61, 11.61, 11.91, 11.25, 160795.83, 186963479, 1.51, 5.68, 1.08, 2630.16605
2018-02-05, 1, wei_ruo, 15.08, 11.66, -1.44, 11.83, 11.45, 11.76, 11.41, 89365.69, 104058226, 0.84, 2.96, 0.57, 864.50195
2018-02-06, 1, wei_ruo, 14.97, 10.49, -10.03, 11.66, 11.39, 11.49, 10.49, 258614.78, 283114022, 2.43, 8.58, 1.72, 570.26696
2018-02-07, 1, wei_ruo, 14.90, 10.65, 1.53, 10.49, 10.70, 10.77, 10.31, 168056.49, 178481741, 1.58, 4.39, 0.90, 932.17111
2018-02-08, 1, wei_ruo, 14.86, 10.86, 1.97, 10.65, 10.65, 10.94, 10.59, 119829.42, 129824984, 1.12, 3.29, 0.70, 727.15998
2018-02-09, 1, wei_ruo, 14.78, 10.36, -4.60, 10.86, 10.59, 10.69, 10.23, 189329.7, 197989838, 1.78, 4.24, 1.27, 689.95404
2018-02-12, 1, wei_ruo, 14.72, 10.84, 4.63, 10.36, 10.45, 10.95, 10.45, 147331.42, 158881597, 1.38, 4.83, 0.94, 801.24497
2018-02-13, 1, wei_ruo, 14.69, 10.84, 0.00, 10.84, 10.94, 11.07, 10.82, 105874.79, 115878566, 0.99, 2.31, 0.65, 670.37106
2018-02-14, 1, wei_ruo, 14.65, 10.90, 0.55, 10.84, 10.92, 10.96, 10.64, 93594.83, 101004122, 0.88, 2.95, 0.72, 711.2031
