2015-08-20, 2, qing_du, 16.33, 18.51, -0.43, 18.59, 17.99, 20.40, 17.38, 1323285.95, 2519147445, 15.50, 16.25, 1.71, 857.85604
2015-08-21, 2, qing_du, 16.39, 16.66, -9.99, 18.51, 17.60, 18.06, 16.66, 665060.68, 1141852306, 7.79, 7.56, 0.68, 1026.5801
2015-08-24, 2, qing_du, 16.36, 14.99, -10.02, 16.66, 15.20, 15.69, 14.99, 205545.59, 310563100, 2.41, 4.20, 0.20, 3008.19206
2015-08-25, 2, qing_du, 16.27, 13.49, -10.01, 14.99, 13.49, 13.65, 13.49, 277574, 374649736, 3.25, 1.07, 0.28, 3119.27891
2015-08-26, 1, wei_ruo, 16.01, 12.14, -10.01, 13.49, 12.77, 13.88, 12.14, 635125.35, 797654213, 7.44, 12.90, 0.82, 4819.15092
2015-08-27, 1, wei_ruo, 15.73, 11.80, -2.80, 12.14, 12.05, 12.66, 10.93, 560983.18, 652219334, 6.57, 14.25, 0.90, 2798.66695
2015-08-28, 1, wei_ruo, 15.49, 12.95, 9.75, 11.80, 11.97, 12.95, 11.23, 606717.29, 735316548, 7.10, 14.58, 1.29, 2874.33505
2015-08-31, 1, wei_ruo, 15.30, 11.90, -8.11, 12.95, 12.68, 12.69, 11.66, 478933.35, 576694963, 5.61, 7.95, 1.05, 1045.14408
2015-09-01, 1, wei_ruo, 15.12, 10.71, -10.00, 11.90, 11.58, 11.99, 10.71, 365023.87, 403801219, 4.27, 10.76, 0.71, 2986.76801
2015-09-02, 1, wei_ruo, 14.87, 9.78, -8.68, 10.71, 9.89, 11.49, 9.70, 445518.98, 457378313, 5.22, 16.71, 0.84, 3161.13305
2015-09-02, 1, wei_ruo, 14.87, 9.78, -8.68, 10.71, 9.89, 11.49, 9.70, 445518.98, 457378313, 5.22, 16.71, 0.84, 1204.5989
2015-09-02, 1, wei_ruo, 14.87, 9.78, -8.68, 10.71, 9.89, 11.49, 9.70, 445518.98, 457378313, 5.22, 16.71, 0.84, 4523.14806
2015-09-07, 1, wei_ruo, 14.65, 10.10, 3.27, 9.78, 10.00, 10.52, 9.91, 401423.72, 410485622, 4.70, 6.24, 0.82, 1104.96497
2015-09-08, 1, wei_ruo, 14.47, 10.74, 6.34, 10.10, 10.00, 10.88, 9.45, 353513.46, 357360145, 4.14, 14.16, 0.77, 1203.25899
2015-09-09, 1, wei_ruo, 14.27, 11.81, 9.96, 10.74, 10.80, 11.81, 10.70, 561745.66, 632790096, 6.58, 10.34, 1.37, 938.03692
2015-09-10, 1, wei_ruo, 14.13, 11.10, -6.01, 11.81, 11.65, 11.76, 11.01, 426182.46, 487768266, 4.99, 6.35, 1.00, 904.08397
2015-09-11, 1, wei_ruo, 13.99, 11.67, 5.14, 11.10, 11.11, 11.90, 11.11, 441536.99, 510175755, 5.17, 7.12, 1.01, 1177.16312
2015-09-14, 1, wei_ruo, 13.87, 10.50, -10.03, 11.67, 11.68, 11.78, 10.50, 348206.86, 381788826, 4.08, 10.97, 0.80, 934.56006
2015-09-15, 1, wei_ruo, 13.73, 9.45, -10.00, 10.50, 9.75, 10.12, 9.45, 280900.83, 271485487, 3.29, 6.38, 0.66, 1086.81607
2015-09-16, 1, wei_ruo, 13.57, 10.40, 10.05, 9.45, 9.48, 10.40, 9.29, 376799.97, 371913862, 4.41, 11.75, 0.92, 1209.15413
2015-09-17, 1, wei_ruo, 13.39, 10.06, -3.27, 10.40, 10.40, 11.00, 10.03, 458760, 480500825, 5.37, 9.33, 1.22, 1112.69712
2015-09-18, 1, wei_ruo, 13.30, 10.19, 1.29, 10.06, 10.20, 10.35, 9.90, 257238.18, 260409857, 3.01, 4.47, 0.67, 990.30685
2015-09-21, 1, wei_ruo, 13.17, 11.21, 10.01, 10.19, 9.90, 11.21, 9.85, 427982.47, 457793181, 5.01, 13.35, 1.24, 999.57609
2015-09-22, 1, wei_ruo, 13.06, 10.93, -2.50, 11.21, 11.01, 11.29, 10.70, 420133.06, 462506161, 4.92, 5.26, 1.17, 1090.60287
2015-09-23, 1, wei_ruo, 12.96, 11.10, 1.56, 10.93, 10.72, 11.50, 10.60, 444391.91, 491983631, 5.20, 8.23, 1.14, 1019.79995
2015-09-30, 1, wei_ruo, 12.63, 10.51, -0.57, 10.57, 10.68, 10.80, 10.45, 145619.6, 154660171, 1.71, 3.31, 0.43, 1001.06406
2015-10-08, 1, wei_ruo, 12.56, 11.56, 9.99, 10.51, 11.09, 11.56, 10.88, 498714.1, 566243032, 5.84, 6.47, 1.80, 949.58806
2015-10-14, 1, wei_ruo, 12.46, 12.18, -1.30, 12.34, 12.12, 12.58, 12.08, 364358.85, 448276490, 4.27, 4.05, 0.97, 757.95794
2015-10-15, 1, wei_ruo, 12.48, 12.82, 5.25, 12.18, 12.13, 13.19, 12.13, 497136.14, 631595571, 5.82, 8.70, 1.18, 857.42307
2015-10-16, 1, wei_ruo, 12.51, 13.10, 2.18, 12.82, 12.85, 13.34, 12.61, 522198.2, 678790712, 6.11, 5.69, 1.24, 1252.563
2015-10-19, 1, wei_ruo, 12.60, 14.05, 7.25, 13.10, 13.13, 14.26, 12.82, 615874.74, 823530086, 7.21, 10.99, 1.37, 1175.53496
2015-10-29, 3, zhong_du, 14.05, 14.83, -3.26, 15.33, 15.48, 15.63, 14.58, 480435.42, 716778590, 5.63, 6.85, 0.83, 1018.00108
2015-10-30, 3, zhong_du, 14.11, 15.09, 1.75, 14.83, 14.88, 15.71, 14.35, 518224.22, 783365499, 6.07, 9.17, 0.96, 986.8052
2015-11-02, 3, zhong_du, 14.12, 14.32, -5.10, 15.09, 14.30, 15.21, 14.15, 292444.74, 425924485, 3.42, 7.02, 0.59, 3017.23289
2015-11-03, 2, qing_du, 14.13, 14.25, -0.49, 14.32, 14.59, 14.75, 13.95, 237047.91, 341664174, 2.78, 5.59, 0.53, 1610.6379
2015-11-04, 2, qing_du, 14.18, 15.34, 7.65, 14.25, 14.50, 15.46, 14.50, 414949.44, 623840342, 4.86, 6.74, 1.05, 1470.32809
2015-11-05, 3, zhong_du, 14.24, 15.17, -1.11, 15.34, 15.34, 15.87, 14.70, 502278.48, 772183158, 5.88, 7.63, 1.29, 1575.16599
2015-11-06, 3, zhong_du, 14.29, 15.39, 1.45, 15.17, 14.97, 15.60, 14.97, 380628.39, 585748549, 4.46, 4.15, 0.97, 1666.27789
2015-11-09, 3, zhong_du, 14.34, 15.50, 0.71, 15.39, 15.20, 15.75, 14.72, 447644.65, 681521744, 5.24, 6.69, 1.22, 1338.86003
2015-11-10, 3, zhong_du, 14.40, 15.58, 0.52, 15.50, 15.38, 15.93, 15.21, 420811.03, 656784312, 4.93, 4.65, 1.06, 423.12384
2015-11-11, 3, zhong_du, 14.40, 16.18, 3.85, 15.58, 15.57, 16.35, 15.50, 532898.35, 852404243, 6.24, 5.46, 1.23, 284.46484
2015-11-12, 3, zhong_du, 14.57, 15.58, -3.71, 16.18, 16.28, 16.39, 15.37, 438090.12, 688180973, 5.13, 6.30, 0.96, 1084.63097
2015-11-13, 3, zhong_du, 14.57, 14.47, -7.12, 15.58, 15.30, 15.32, 14.31, 438035.14, 647606809, 5.13, 6.48, 0.99, 1234.4768
2015-11-16, 3, zhong_du, 14.57, 14.85, 2.63, 14.47, 14.02, 14.86, 14.01, 240608.43, 351437180, 2.82, 5.87, 0.53, 1806.52809
2015-11-17, 3, zhong_du, 14.58, 14.48, -2.49, 14.85, 14.90, 15.16, 14.47, 324304.71, 482197330, 3.80, 4.65, 0.78, 1023.68903
2015-11-18, 3, zhong_du, 14.58, 14.29, -1.31, 14.48, 14.64, 14.87, 14.25, 200653.67, 292108735, 2.35, 4.28, 0.51, 3080.04594
2015-11-19, 3, zhong_du, 14.58, 14.82, 3.71, 14.29, 14.40, 14.84, 14.30, 198362.06, 289335944, 2.32, 3.78, 0.60, 16727.11992
2015-11-20, 3, zhong_du, 14.60, 15.21, 2.63, 14.82, 14.80, 15.35, 14.70, 348916.4, 523892981, 4.09, 4.39, 1.24, 32545.54081
2015-11-23, 3, zhong_du, 14.62, 14.80, -2.70, 15.21, 15.20, 15.67, 14.73, 354448.68, 541100251, 4.15, 6.18, 1.35, 2066.85901
2015-11-24, 3, zhong_du, 14.62, 15.02, 1.49, 14.80, 14.85, 15.08, 14.34, 208096.82, 305922388, 2.44, 5.00, 0.73, 1102.96893
2015-11-25, 3, zhong_du, 14.65, 15.46, 2.93, 15.02, 14.90, 15.59, 14.85, 353053.07, 540738122, 4.13, 4.93, 1.35, 991.0481
2015-11-26, 4, gao_du, 14.67, 15.08, -2.46, 15.46, 15.62, 15.69, 15.00, 312124.71, 481044108, 3.65, 4.46, 1.07, 868.81781
2015-11-27, 3, zhong_du, 14.65, 13.62, -9.68, 15.08, 14.90, 14.97, 13.57, 372031.76, 530024719, 4.36, 9.28, 1.18, 914.07585
2015-11-30, 3, zhong_du, 14.61, 13.59, -0.22, 13.62, 13.50, 13.88, 12.51, 230996.82, 307140491, 2.70, 10.06, 0.72, 865.47089
2015-12-01, 3, zhong_du, 14.59, 13.40, -1.40, 13.59, 13.32, 13.65, 13.18, 166036.04, 222403234, 1.94, 3.46, 0.56, 1000.22793
2015-12-02, 2, qing_du, 14.57, 13.30, -0.75, 13.40, 13.55, 13.66, 12.33, 160006.36, 210680186, 1.87, 9.93, 0.56, 970.11399
2015-12-03, 2, qing_du, 14.57, 13.76, 3.46, 13.30, 13.34, 13.79, 13.21, 164657.8, 223353102, 1.93, 4.36, 0.66, 807.99484
2015-12-04, 1, wei_ruo, 14.71, 13.40, -2.62, 13.76, 13.64, 13.73, 13.30, 155495.34, 210171828, 1.82, 3.13, 0.71, 909.97696
2015-12-07, 1, wei_ruo, 14.69, 13.61, 1.57, 13.40, 13.60, 13.69, 13.15, 142803.8, 193128663, 1.67, 4.03, 0.81, 562.28685
2015-12-08, 1, wei_ruo, 14.65, 12.93, -5.00, 13.61, 13.53, 13.60, 12.80, 216254.77, 283376462, 2.53, 5.88, 1.37, 766.047
2015-12-09, 1, wei_ruo, 14.62, 12.90, -0.23, 12.93, 12.81, 13.12, 12.75, 129032.92, 167289763, 1.51, 2.86, 0.77, 1274.63102
2015-12-10, 1, wei_ruo, 14.59, 13.04, 1.09, 12.90, 12.95, 13.33, 12.90, 181116.84, 237386377, 2.12, 3.33, 1.12, 1175.61078
2015-12-11, 1, wei_ruo, 14.57, 13.10, 0.46, 13.04, 13.10, 13.17, 12.75, 126080.39, 163447110, 1.48, 3.22, 0.76, 917.20891
2015-12-14, 1, wei_ruo, 14.54, 13.40, 2.29, 13.10, 12.90, 13.44, 12.75, 136657.34, 178760740, 1.60, 5.27, 0.86, 895.57409
2015-12-15, 1, wei_ruo, 14.52, 13.75, 2.61, 13.40, 13.42, 13.87, 13.37, 187112.77, 256178859, 2.19, 3.73, 1.19, 1050.09222
2015-12-16, 1, wei_ruo, 14.51, 14.19, 3.20, 13.75, 13.85, 14.48, 13.62, 273171.95, 383236025, 3.20, 6.25, 1.80, 1074.59807
2015-12-17, 1, wei_ruo, 14.51, 14.49, 2.11, 14.19, 14.10, 14.58, 14.05, 287778.18, 412514866, 3.37, 3.74, 1.59, 1104.96497
2015-12-18, 2, qing_du, 14.51, 14.55, 0.41, 14.49, 14.38, 14.80, 14.29, 271627.2, 395423378, 3.18, 3.52, 1.34, 755.85914
2015-12-21, 2, qing_du, 14.51, 14.67, 0.82, 14.55, 14.56, 14.84, 14.31, 272179.37, 395882601, 3.19, 3.64, 1.18, 1338.33098
2015-12-22, 2, qing_du, 14.51, 14.52, -1.02, 14.67, 14.66, 14.70, 14.40, 196059.7, 285244294, 2.30, 2.04, 0.76, 1097.58997
2015-12-23, 2, qing_du, 14.53, 15.14, 4.27, 14.52, 14.48, 15.49, 14.31, 397006.48, 589140222, 4.65, 8.13, 1.53, 806.90908
2015-12-24, 2, qing_du, 14.54, 14.70, -2.91, 15.14, 14.98, 15.15, 14.33, 208682.36, 308063849, 2.44, 5.42, 0.73, 1814.18514
2015-12-25, 2, qing_du, 14.54, 14.71, 0.07, 14.70, 14.70, 14.92, 14.64, 174150.53, 257399904, 2.04, 1.90, 0.65, 753.70383
2015-12-28, 2, qing_du, 14.55, 14.34, -2.52, 14.71, 14.72, 15.27, 14.33, 247252.23, 367529156, 2.90, 6.39, 0.99, 2896.47985
2015-12-29, 2, qing_du, 14.56, 15.23, 6.21, 14.34, 14.22, 15.38, 14.15, 316531.79, 469577028, 3.71, 8.58, 1.29, 890.26904
2015-12-30, 2, qing_du, 14.60, 15.54, 2.04, 15.23, 15.14, 15.75, 15.04, 392012.65, 606165362, 4.59, 4.66, 1.60, 2793.63298
2015-12-31, 3, zhong_du, 14.62, 14.88, -4.25, 15.54, 15.56, 15.72, 14.80, 259768.2, 395786881, 3.04, 5.92, 1.06, 943.05706
2016-01-04, 3, zhong_du, 14.60, 13.39, -10.01, 14.88, 14.89, 14.89, 13.39, 181896.84, 255623417, 2.13, 10.08, 1.15, 439.92305
2016-01-05, 2, qing_du, 14.54, 12.60, -5.90, 13.39, 12.13, 13.11, 12.05, 241732.49, 303353928, 2.83, 7.92, 0.99, 2822.34478
2016-01-06, 1, wei_ruo, 14.50, 12.95, 2.78, 12.60, 12.75, 13.00, 12.30, 185803.6, 237364694, 2.18, 5.56, 0.76, 981.57406
2016-01-07, 1, wei_ruo, 14.49, 11.66, -9.96, 12.95, 12.64, 12.64, 11.66, 48391, 58451709, 0.57, 7.57, 1.64, 2763.36598
2016-01-08, 1, wei_ruo, 14.49, 11.62, -0.34, 11.66, 11.85, 12.15, 10.90, 176822.34, 205997992, 2.07, 10.72, 0.72, 897.26615
2016-01-11, 1, wei_ruo, 14.36, 10.46, -9.98, 11.62, 11.37, 11.46, 10.46, 161062.87, 175304256, 1.89, 8.61, 0.66, 926.75591
2016-01-12, 1, wei_ruo, 14.29, 10.33, -1.24, 10.46, 10.46, 10.62, 10.01, 146006.55, 151142477, 1.71, 5.83, 0.60, 1560.06002
2016-01-13, 1, wei_ruo, 14.22, 10.03, -2.90, 10.33, 10.51, 10.76, 10.01, 160218.27, 167204573, 1.88, 7.26, 0.65, 2864.93087
2016-01-14, 1, wei_ruo, 14.13, 10.39, 3.59, 10.03, 9.60, 10.56, 9.42, 176660.33, 177676033, 2.07, 11.37, 0.72, 4353.20306
2016-01-15, 1, wei_ruo, 14.05, 9.60, -7.60, 10.39, 10.30, 10.39, 9.50, 165598.13, 164608946, 1.94, 8.57, 0.68, 1557.59501
2016-01-18, 1, wei_ruo, 13.98, 9.88, 2.92, 9.60, 9.30, 10.19, 9.29, 133400.5, 130884771, 1.56, 9.38, 0.55, 2314.49103
2016-01-19, 1, wei_ruo, 13.90, 10.25, 3.74, 9.88, 9.88, 10.46, 9.75, 191139.9, 193413170, 2.24, 7.19, 0.78, 1081.92396
2016-01-20, 1, wei_ruo, 13.82, 10.14, -1.07, 10.25, 10.20, 10.38, 9.99, 163332.08, 166532726, 1.91, 3.80, 0.67, 1111.0611
2016-01-21, 1, wei_ruo, 13.75, 9.67, -4.64, 10.14, 9.95, 10.36, 9.50, 159379.69, 159971190, 1.87, 8.48, 0.65, 1283.71787
2016-01-22, 1, wei_ruo, 13.69, 9.97, 3.10, 9.67, 9.85, 10.02, 9.46, 137667.91, 134384083, 1.61, 5.79, 0.56, 1346.36378
2016-01-25, 1, wei_ruo, 13.64, 10.06, 0.90, 9.97, 10.14, 10.19, 9.95, 108943.96, 109836654, 1.28, 2.41, 0.45, 2785.96807
2016-01-26, 1, wei_ruo, 13.57, 9.06, -9.94, 10.06, 9.96, 9.96, 9.05, 145466.65, 138325164, 1.70, 9.05, 0.59, 2666.21709
2016-01-27, 1, wei_ruo, 13.50, 8.91, -1.66, 9.06, 9.19, 9.19, 8.25, 127353.91, 111168196, 1.49, 10.38, 0.52, 2615.71598
2016-01-28, 1, wei_ruo, 13.44, 8.18, -8.19, 8.91, 8.74, 8.88, 8.13, 97038.61, 83195120, 1.14, 8.42, 0.40, 4069.29398
2016-01-29, 1, wei_ruo, 13.37, 8.59, 5.01, 8.18, 8.27, 8.76, 8.21, 125584.67, 106302597, 1.47, 6.72, 0.51, 1148.90122
2016-02-01, 1, wei_ruo, 13.31, 8.42, -1.98, 8.59, 8.59, 8.64, 8.20, 88938.07, 75287326, 1.04, 5.12, 0.36, 1164.20007
2016-02-02, 1, wei_ruo, 13.24, 8.83, 4.87, 8.42, 8.43, 8.88, 8.43, 130659.23, 114446916, 1.53, 5.34, 0.53, 1299.56889
2016-02-03, 1, wei_ruo, 13.18, 8.82, -0.11, 8.83, 8.73, 8.87, 8.49, 112987.14, 97859117, 1.32, 4.30, 0.46, 1213.35196
2016-02-04, 1, wei_ruo, 13.10, 9.08, 2.95, 8.82, 8.87, 9.12, 8.82, 165675.07, 149059340, 1.94, 3.40, 0.68, 1174.31188
2016-02-05, 1, wei_ruo, 13.05, 8.91, -1.87, 9.08, 9.20, 9.29, 8.89, 113212.53, 102882453, 1.33, 4.41, 0.46, 864.71891
2016-02-15, 1, wei_ruo, 13.01, 8.89, -0.22, 8.91, 8.53, 8.96, 8.51, 88834.69, 77636078, 1.04, 5.05, 0.36, 1181.72503
2016-02-16, 1, wei_ruo, 12.93, 9.41, 5.85, 8.89, 8.97, 9.55, 8.96, 162790.4, 151312290, 1.91, 6.64, 0.67, 957.47209
2016-02-17, 1, wei_ruo, 12.86, 10.35, 9.99, 9.41, 9.38, 10.35, 9.33, 229423.32, 224601042, 2.69, 10.84, 0.94, 2962.96501
2016-02-18, 1, wei_ruo, 12.76, 10.24, -1.06, 10.35, 10.65, 10.80, 10.13, 343170.69, 357327616, 4.02, 6.47, 1.40, 2815.96279
2016-02-19, 1, wei_ruo, 12.72, 10.33, 0.88, 10.24, 10.18, 10.53, 10.07, 140515.63, 144562179, 1.65, 4.49, 0.73, 2784.585
2016-02-22, 1, wei_ruo, 12.68, 10.52, 2.14, 10.30, 10.48, 10.54, 10.28, 177198.4, 184578394, 2.07, 2.52, 0.88, 3835.114
2016-02-23, 1, wei_ruo, 12.59, 10.28, -2.28, 10.52, 10.49, 10.52, 10.00, 174415.29, 178318534, 2.04, 4.94, 0.80, 858.98089
2016-02-24, 1, wei_ruo, 12.54, 10.28, 0.00, 10.28, 10.18, 10.35, 9.88, 167160.55, 169072117, 1.96, 4.57, 0.76, 907.2361
2016-02-25, 1, wei_ruo, 12.48, 9.25, -10.02, 10.28, 10.10, 10.18, 9.25, 173928.28, 168765729, 2.04, 9.05, 0.83, 2748.26384
2016-02-26, 1, wei_ruo, 12.42, 8.98, -2.92, 9.25, 9.28, 9.43, 8.72, 140756.06, 127863121, 1.65, 7.68, 0.81, 839.77294
2016-02-29, 1, wei_ruo, 12.35, 8.21, -8.57, 8.98, 8.92, 8.93, 8.12, 149249.78, 124299310, 1.75, 9.02, 0.90, 851.10402
2016-03-01, 1, wei_ruo, 12.28, 8.40, 2.31, 8.21, 8.36, 8.55, 7.91, 147682.72, 122141532, 1.73, 7.80, 0.92, 1226.60303
2016-03-02, 1, wei_ruo, 12.21, 8.94, 6.43, 8.40, 8.40, 8.95, 8.34, 166482.04, 144397635, 1.95, 7.26, 1.07, 2543.37502
2016-03-03, 1, wei_ruo, 12.13, 9.25, 3.47, 8.94, 8.88, 9.45, 8.84, 220388.62, 202127645, 2.58, 6.82, 1.42, 1397.46308
2016-03-04, 1, wei_ruo, 12.07, 8.73, -5.62, 9.25, 9.10, 9.18, 8.61, 164729.71, 146778491, 1.93, 6.16, 1.00, 3080.22189
2016-03-07, 1, wei_ruo, 12.03, 9.03, 3.44, 8.73, 8.82, 9.24, 8.82, 115258.94, 104230690, 1.35, 4.81, 0.68, 2498.85392
2016-03-08, 1, wei_ruo, 11.99, 9.12, 1.00, 9.03, 9.02, 9.13, 8.55, 120103.98, 105937556, 1.41, 6.42, 0.74, 1152.24195
2016-03-09, 1, wei_ruo, 11.93, 9.25, 1.43, 9.12, 8.91, 9.36, 8.71, 153039.76, 138824297, 1.79, 7.13, 0.97, 745.34702
2016-03-10, 1, wei_ruo, 11.85, 9.26, 0.11, 9.25, 9.28, 9.58, 9.11, 274306.48, 256927912, 3.21, 5.08, 1.77, 587.23903
2016-03-11, 1, wei_ruo, 11.80, 8.93, -3.56, 9.26, 9.03, 9.08, 8.70, 156461.81, 139450528, 1.83, 4.10, 0.95, 2121.08707
2016-03-14, 1, wei_ruo, 11.74, 9.37, 4.93, 8.93, 9.04, 9.53, 9.04, 181433.83, 169616715, 2.12, 5.49, 1.11, 2519.73414
2016-03-15, 1, wei_ruo, 11.70, 9.15, -2.35, 9.37, 9.33, 9.39, 9.12, 129271.65, 119441313, 1.51, 2.88, 0.73, 2895.4308
2016-03-16, 1, wei_ruo, 11.67, 8.89, -2.84, 9.15, 9.20, 9.34, 8.80, 125226.26, 112870034, 1.47, 5.90, 0.70, 2618.31307
2016-03-17, 1, wei_ruo, 11.61, 9.31, 4.72, 8.89, 8.83, 9.39, 8.83, 180908.84, 166331660, 2.12, 6.30, 1.04, 1078.51291
2016-03-18, 1, wei_ruo, 11.54, 10.11, 8.59, 9.31, 9.44, 10.18, 9.34, 335363.56, 327625535, 3.93, 9.02, 2.17, 4530.36594
2016-03-21, 1, wei_ruo, 11.50, 10.92, 8.01, 10.11, 10.46, 11.02, 10.11, 444342.2, 466380912, 5.20, 9.00, 2.33, 2826.45798
2016-03-22, 2, qing_du, 11.48, 10.84, -0.73, 10.92, 10.63, 11.22, 10.62, 325699.88, 357168163, 3.81, 5.49, 1.34, 3629.79198
2016-03-23, 3, zhong_du, 11.46, 11.17, 3.04, 10.84, 10.62, 11.48, 10.62, 319780.15, 354470363, 3.74, 7.93, 1.13, 2679.63123
2016-03-24, 3, zhong_du, 11.45, 10.90, -2.42, 11.17, 11.30, 11.79, 10.89, 383099.66, 433888627, 4.49, 8.06, 1.19, 2632.61199
2016-03-25, 3, zhong_du, 11.44, 11.48, 5.32, 10.90, 10.64, 11.59, 10.62, 319286.36, 358083252, 3.74, 8.90, 0.88, 1957.165
2016-03-28, 3, zhong_du, 11.45, 11.45, -0.26, 11.48, 11.78, 12.30, 11.31, 382104.83, 451947031, 4.47, 8.62, 1.07, 3717.54098
2016-03-29, 3, zhong_du, 11.45, 11.08, -3.23, 11.45, 11.56, 11.60, 11.01, 212371.27, 238660792, 2.49, 5.15, 0.61, 651.93892
2016-03-30, 3, zhong_du, 11.45, 11.68, 5.42, 11.08, 11.45, 11.80, 11.22, 253168.83, 291680876, 2.96, 5.23, 0.78, 1231.02117
2016-03-31, 3, zhong_du, 11.46, 11.90, 1.88, 11.68, 11.71, 12.15, 11.71, 246383.47, 294684128, 2.89, 3.77, 0.79, 996.9058
2016-04-01, 4, gao_du, 11.47, 11.71, -1.60, 11.90, 11.94, 11.94, 11.40, 183627.97, 213519957, 2.15, 4.54, 0.65, 2687.83188
2016-04-05, 4, gao_du, 11.48, 11.90, 1.62, 11.71, 11.62, 12.09, 11.54, 182899.47, 217037668, 2.14, 4.70, 0.72, 548.57016
2016-04-06, 4, gao_du, 11.48, 11.73, -1.43, 11.90, 11.80, 11.90, 11.60, 168940.5, 198213342, 1.98, 2.52, 0.78, 527.20809
2016-04-07, 5, qiang_lie, 11.52, 12.46, 6.22, 11.73, 11.77, 12.90, 11.62, 422240.19, 518933198, 4.94, 10.91, 2.04, 2725.14296
2016-04-08, 5, qiang_lie, 11.54, 12.08, -3.05, 12.46, 12.20, 12.35, 11.81, 246844.57, 298436495, 2.89, 4.33, 1.03, 769.73891
2016-04-11, 5, qiang_lie, 11.58, 12.71, 5.22, 12.08, 12.29, 13.05, 12.20, 311561.51, 395673361, 3.65, 7.04, 1.29, 453.19986
2016-04-12, 5, qiang_lie, 11.60, 12.76, 0.39, 12.71, 12.56, 12.87, 12.35, 187360.61, 235377168, 2.19, 4.09, 0.70, 1327.75211
2016-04-13, 5, qiang_lie, 11.64, 12.60, -1.25, 12.76, 12.75, 13.12, 12.51, 276794, 354078675, 3.24, 4.78, 1.04, 910.01797
2016-04-14, 5, qiang_lie, 11.66, 12.66, 0.48, 12.60, 12.76, 12.95, 12.48, 180928.68, 229021395, 2.12, 3.73, 0.63, 2497.96796
2016-04-15, 5, qiang_lie, 11.69, 12.81, 1.18, 12.66, 12.61, 13.07, 12.55, 217151.84, 279012320, 2.54, 4.11, 0.90, 559.28922
2016-04-18, 5, qiang_lie, 11.71, 12.31, -3.90, 12.81, 12.66, 12.79, 12.13, 175426.88, 217331731, 2.05, 5.15, 0.75, 416.09216
2016-04-19, 5, qiang_lie, 11.72, 12.30, -0.08, 12.31, 12.33, 12.54, 12.12, 115453.85, 141983211, 1.35, 3.41, 0.56, 482.49197
2016-04-20, 5, qiang_lie, 11.71, 11.33, -7.89, 12.30, 12.32, 12.44, 11.10, 216438.55, 251919775, 2.53, 10.89, 1.12, 935.44793
2016-04-21, 5, qiang_lie, 11.70, 10.78, -4.85, 11.33, 11.30, 11.45, 10.69, 166680.62, 185849529, 1.95, 6.71, 0.92, 1057.74307
2016-04-22, 4, gao_du, 11.69, 11.20, 3.90, 10.78, 10.68, 11.24, 10.68, 132850.11, 146147157, 1.56, 5.19, 0.75, 2714.37097
2016-04-25, 4, gao_du, 11.68, 10.96, -2.14, 11.20, 11.06, 11.20, 10.68, 134585.47, 146624260, 1.58, 4.64, 0.83, 2649.28293
2016-04-26, 4, gao_du, 11.67, 11.35, 3.56, 10.96, 10.97, 11.38, 10.96, 147826.06, 166304448, 1.73, 3.83, 0.96, 10802.74105
2016-04-27, 4, gao_du, 11.67, 11.36, 0.09, 11.35, 11.34, 11.68, 11.30, 136378.11, 156671967, 1.60, 3.35, 0.85, 1670.08018
2016-04-28, 4, gao_du, 11.66, 11.23, -1.14, 11.36, 11.37, 11.59, 11.01, 140165.86, 157566109, 1.62, 5.11, 0.98, 1992.54894
2016-04-29, 4, gao_du, 11.66, 11.24, 0.09, 11.23, 11.30, 11.47, 11.16, 88967.27, 100579546, 1.03, 2.76, 0.64, 1004.48489
2016-05-03, 4, gao_du, 11.65, 11.73, 4.36, 11.24, 11.24, 11.83, 11.15, 153884.52, 178210746, 1.78, 6.05, 1.19, 2465.11793
2016-05-04, 4, gao_du, 11.65, 11.61, -1.02, 11.73, 11.61, 11.90, 11.53, 136482.2, 159460371, 1.58, 3.15, 1.02, 537.07194
2016-05-05, 4, gao_du, 11.65, 11.64, 0.26, 11.61, 11.54, 11.73, 11.47, 101846.69, 117878072, 1.18, 2.24, 0.78, 582.44896
2016-05-06, 5, qiang_lie, 11.65, 11.07, -4.90, 11.64, 11.70, 11.76, 11.02, 157293.55, 178463921, 1.82, 6.36, 1.27, 475.20018
2016-05-09, 4, gao_du, 11.61, 9.96, -10.03, 11.07, 10.90, 10.99, 9.96, 213573.6, 218942508, 2.47, 9.30, 1.67, 5344.03515
2016-05-10, 3, zhong_du, 11.59, 10.00, 0.40, 9.96, 9.92, 10.23, 9.82, 121871.74, 122513829, 1.41, 4.12, 0.80, 3768.43095
2016-05-11, 2, qing_du, 11.57, 9.92, -0.80, 10.00, 10.05, 10.17, 9.85, 97349.41, 97572110, 1.13, 3.20, 0.67, 751.98698
2016-05-12, 1, wei_ruo, 11.55, 10.05, 1.31, 9.92, 9.79, 10.07, 9.34, 104943.4, 101854145, 1.21, 7.36, 0.76, 636.9791
2016-05-13, 1, wei_ruo, 11.54, 9.87, -1.79, 10.05, 10.01, 10.15, 9.80, 83329.19, 83079831, 0.96, 3.48, 0.60, 1051.75304
2016-05-16, 1, wei_ruo, 11.52, 10.14, 2.74, 9.87, 9.94, 10.14, 9.50, 83385.11, 83315285, 0.98, 6.48, 0.67, 14547.83297
2016-05-17, 1, wei_ruo, 11.50, 10.16, 0.20, 10.14, 10.16, 10.36, 10.01, 101654.33, 103351734, 1.19, 3.45, 1.04, 669.03186
2016-05-18, 1, wei_ruo, 11.49, 9.82, -3.35, 10.16, 10.04, 10.09, 9.62, 85423.35, 84211650, 1.00, 4.63, 0.91, 1206.21014
2016-05-19, 1, wei_ruo, 11.47, 9.89, 0.71, 9.82, 9.83, 10.15, 9.83, 86521.29, 86349671, 1.01, 3.26, 0.94, 1071.64097
2016-05-20, 1, wei_ruo, 11.46, 10.04, 1.52, 9.89, 9.74, 10.07, 9.73, 70408.89, 70067902, 0.83, 3.44, 0.80, 1088.25207
2016-05-23, 1, wei_ruo, 11.44, 10.34, 2.99, 10.04, 10.06, 10.40, 10.06, 121126.55, 124585006, 1.42, 3.39, 1.42, 726.96185
2016-05-24, 1, wei_ruo, 11.43, 10.12, -2.13, 10.34, 10.30, 10.33, 10.10, 82248.28, 83629805, 0.96, 2.22, 0.88, 6356.359
2016-05-25, 1, wei_ruo, 11.41, 10.43, 3.06, 10.12, 10.18, 10.56, 10.18, 185982.63, 193740690, 2.18, 3.75, 2.00, 2081.14004
2016-05-26, 1, wei_ruo, 11.39, 10.43, 0.00, 10.43, 10.32, 10.50, 10.02, 134453.81, 137909954, 1.58, 4.60, 1.45, 1444.07105
2016-05-27, 1, wei_ruo, 11.38, 10.49, 0.58, 10.43, 10.43, 10.66, 10.26, 124498.15, 130356365, 1.46, 3.84, 1.34, 3108.042
2016-05-30, 1, wei_ruo, 11.36, 10.50, 0.10, 10.49, 10.45, 10.70, 10.22, 117377.74, 123212903, 1.38, 4.58, 1.26, 618.10517
2016-05-31, 1, wei_ruo, 11.35, 11.14, 6.10, 10.50, 10.51, 11.19, 10.50, 229559.56, 251296040, 2.69, 6.57, 2.47, 6664.50906
2016-06-01, 1, wei_ruo, 11.35, 11.19, 0.45, 11.14, 11.21, 11.30, 11.10, 180281.09, 201774813, 2.11, 1.80, 1.94, 3549.00599
2016-06-02, 2, qing_du, 11.35, 11.50, 2.77, 11.19, 11.29, 11.73, 11.19, 165081.58, 189249342, 1.94, 4.83, 1.77, 7425.44603
2016-06-03, 2, qing_du, 11.35, 11.41, -0.78, 11.50, 11.41, 11.55, 11.30, 121726.16, 139041575, 1.43, 2.17, 1.31, 1769.42396
2016-06-06, 2, qing_du, 11.35, 11.22, -1.67, 11.41, 11.49, 11.57, 11.06, 127457.9, 143685201, 1.49, 4.47, 1.37, 777.13013
2016-06-07, 2, qing_du, 11.35, 11.22, 0.00, 11.22, 11.29, 11.37, 11.06, 87578.36, 98308552, 1.03, 2.76, 0.94, 2242.74087
2016-06-08, 2, qing_du, 11.35, 11.23, 0.09, 11.22, 11.22, 11.30, 11.03, 86454.28, 96533256, 1.01, 2.41, 0.93, 3076.17402
2016-06-13, 2, qing_du, 11.34, 10.98, -2.23, 11.23, 11.00, 11.28, 10.81, 176790.76, 194955692, 2.07, 4.19, 1.90, 1241.745
2016-06-14, 2, qing_du, 11.33, 10.75, -2.09, 10.98, 10.85, 10.99, 10.61, 117274.86, 126213099, 1.38, 3.46, 1.26, 4080.73497
2016-06-15, 2, qing_du, 11.33, 11.17, 3.91, 10.75, 10.70, 11.27, 10.60, 148849.3, 164746283, 1.75, 6.23, 1.60, 4642.43603
2016-06-16, 2, qing_du, 11.33, 11.08, -0.81, 11.17, 11.07, 11.28, 11.04, 98414.18, 109603866, 1.15, 2.15, 1.06, 1274.47796
2016-06-17, 3, zhong_du, 11.33, 11.43, 3.16, 11.08, 11.18, 11.68, 11.17, 216031.03, 246889503, 2.53, 4.60, 2.32, 9678.42484
2016-06-20, 3, zhong_du, 11.33, 11.60, 1.49, 11.43, 11.59, 11.71, 11.28, 179499.2, 207227640, 2.10, 3.76, 1.93, 3019.71698
2016-06-21, 3, zhong_du, 11.33, 11.16, -3.79, 11.60, 11.65, 11.73, 11.05, 179600.69, 204579370, 2.11, 5.86, 1.93, 2681.70595
2016-06-22, 3, zhong_du, 11.34, 11.89, 6.54, 11.16, 11.22, 11.99, 10.83, 325640.07, 373884664, 3.82, 10.39, 3.50, 788.29908
2016-06-23, 4, gao_du, 11.41, 12.16, 2.27, 11.89, 12.10, 12.96, 12.04, 517249.21, 643928091, 6.06, 7.74, 5.56, 2815.42993
2016-06-24, 4, gao_du, 11.42, 11.82, -2.80, 12.16, 12.20, 12.28, 11.31, 375823.89, 446395599, 4.41, 7.98, 4.04, 1055.92585
2016-06-27, 3, zhong_du, 11.45, 12.30, 4.06, 11.82, 11.80, 12.45, 11.70, 274880.98, 334880709, 3.22, 6.35, 2.98, 770.03312
2016-06-28, 3, zhong_du, 11.48, 12.44, 1.06, 12.31, 12.04, 12.63, 12.04, 272727.54, 337235595, 3.20, 4.79, 2.93, 981.14014
2016-06-30, 4, gao_du, 11.52, 12.41, 1.89, 12.18, 12.14, 12.41, 11.99, 232557.67, 283404753, 2.73, 3.45, 2.50, 767.82393
2016-07-01, 4, gao_du, 11.55, 12.18, -1.85, 12.41, 12.79, 12.80, 12.18, 292755.42, 365835060, 3.43, 5.00, 3.15, 638.21483
2016-07-04, 4, gao_du, 11.56, 12.20, 0.16, 12.18, 11.94, 12.29, 11.92, 196143.52, 237975117, 2.30, 3.04, 2.11, 818.94708
2016-07-05, 4, gao_du, 11.57, 12.14, -0.49, 12.20, 12.14, 12.22, 12.01, 154637.55, 187082044, 1.81, 1.72, 1.66, 2165.43198
2016-07-06, 4, gao_du, 11.58, 11.97, -1.40, 12.14, 12.10, 12.13, 11.93, 122051.46, 146549968, 1.43, 1.65, 1.31, 4837.86702
2016-07-07, 4, gao_du, 11.59, 12.13, 1.34, 11.97, 11.97, 12.24, 11.79, 157774.95, 189729131, 1.85, 3.76, 1.70, 717.85307
2016-07-08, 4, gao_du, 11.59, 11.98, -1.24, 12.13, 12.13, 12.15, 11.92, 95990.66, 115488963, 1.13, 1.90, 1.03, 3553.21598
2016-07-11, 4, gao_du, 11.60, 11.93, -0.42, 11.98, 12.01, 12.24, 11.91, 147903.17, 178999642, 1.73, 2.75, 1.59, 1187.22916
2016-07-12, 4, gao_du, 11.61, 12.22, 2.43, 11.93, 11.98, 12.25, 11.87, 179965.85, 217630785, 2.11, 3.19, 1.93, 33376.64294
2016-07-13, 4, gao_du, 11.63, 12.36, 1.15, 12.22, 12.25, 12.49, 12.13, 243106, 299138458, 2.85, 2.95, 2.61, 6443.16816
2016-07-14, 5, qiang_lie, 11.64, 12.30, -0.49, 12.36, 12.25, 12.36, 12.14, 144480.72, 176570182, 1.69, 1.78, 1.55, 2823.18902
2016-07-15, 5, qiang_lie, 11.65, 12.18, -0.98, 12.30, 12.37, 12.40, 12.15, 101040.3, 123615185, 1.18, 2.03, 1.09, 781.03805
2016-07-18, 5, qiang_lie, 11.67, 12.38, 1.64, 12.18, 12.18, 12.54, 12.15, 223899.25, 277330970, 2.63, 3.20, 2.46, 2259.43494
2016-07-19, 5, qiang_lie, 11.68, 12.29, -0.81, 12.39, 12.40, 12.43, 12.09, 152136.52, 185719743, 1.78, 2.74, 1.64, 18257.06196
2016-07-20, 5, qiang_lie, 11.68, 12.19, -0.81, 12.29, 12.30, 12.36, 12.14, 104040.95, 127277507, 1.22, 1.79, 1.13, 603.31416
2016-07-21, 5, qiang_lie, 11.70, 12.40, 1.72, 12.19, 12.19, 12.46, 12.15, 184106.86, 227078759, 2.16, 2.54, 1.98, 2823.67492
2016-07-22, 5, qiang_lie, 11.73, 12.60, 1.61, 12.40, 12.41, 12.84, 12.32, 349922.96, 440597969, 4.10, 4.19, 3.76, 2673.58994
2016-07-25, 5, qiang_lie, 11.77, 12.80, 1.59, 12.60, 12.71, 12.98, 12.52, 268550.18, 343421873, 3.15, 3.65, 2.89, 4814.60404
2016-07-26, 5, qiang_lie, 11.79, 12.79, -0.08, 12.80, 12.80, 12.85, 12.58, 170036.28, 216163046, 1.99, 2.11, 1.83, 1043.97798
2016-07-27, 5, qiang_lie, 11.80, 11.77, -7.97, 12.79, 12.78, 13.10, 11.70, 350394.18, 437643841, 4.11, 10.95, 3.77, 6539.56509
2016-07-28, 5, qiang_lie, 11.79, 11.41, -3.06, 11.77, 11.78, 11.95, 11.16, 244698.41, 280989473, 2.87, 6.71, 2.63, 1025.47789
2016-07-29, 4, gao_du, 11.79, 11.39, -0.18, 11.41, 11.49, 11.61, 11.21, 148540.84, 170490954, 1.74, 3.51, 1.60, 14277.80604
2016-08-01, 3, zhong_du, 11.78, 11.27, -1.05, 11.39, 11.35, 11.39, 10.99, 112146.35, 125273375, 1.31, 3.51, 1.21, 3543.6759
2016-08-02, 2, qing_du, 11.78, 11.37, 0.89, 11.27, 11.27, 11.43, 11.26, 63759.78, 72286860, 0.75, 1.51, 0.69, 14388.03101
2016-08-03, 2, qing_du, 11.77, 11.24, -1.14, 11.37, 11.37, 11.38, 11.15, 87118.28, 98034550, 1.02, 2.02, 1.02, 4360.37493
2016-08-04, 2, qing_du, 11.77, 11.32, 0.71, 11.24, 11.25, 11.38, 11.00, 93526.7, 104685659, 1.10, 3.38, 1.10, 14436.60903
2016-08-05, 2, qing_du, 11.76, 11.17, -1.33, 11.32, 11.29, 11.35, 11.13, 77540.78, 87234463, 0.91, 1.94, 0.89, 599.04003
2016-08-08, 1, wei_ruo, 11.76, 11.32, 1.34, 11.17, 11.20, 11.34, 11.05, 69690.68, 78284228, 0.82, 2.60, 0.79, 2772.892
2016-08-09, 1, wei_ruo, 11.75, 11.56, 2.12, 11.32, 11.34, 11.60, 11.28, 101475.46, 116352054, 1.19, 2.83, 1.30, 4613.01804
2016-08-10, 1, wei_ruo, 11.75, 11.55, -0.09, 11.56, 11.55, 11.65, 11.45, 85648.65, 98898302, 1.00, 1.73, 1.01, 6533.2768
2016-08-11, 1, wei_ruo, 11.75, 11.22, -2.77, 11.54, 11.55, 11.56, 11.20, 64156.75, 73112846, 0.75, 3.12, 0.75, 615.19003
2016-08-15, 1, wei_ruo, 11.74, 11.66, 2.19, 11.41, 11.39, 11.80, 11.36, 119509.3, 139177549, 1.40, 3.86, 1.60, 605.57389
2016-08-16, 1, wei_ruo, 11.74, 11.75, 0.95, 11.64, 11.66, 11.84, 11.63, 104560.62, 122566876, 1.23, 1.80, 1.22, 2674.67117
2016-08-17, 1, wei_ruo, 11.74, 11.63, -1.02, 11.75, 11.70, 11.72, 11.52, 95636.41, 111033856, 1.12, 1.70, 1.11, 14251.02305
2016-08-18, 1, wei_ruo, 11.74, 11.83, 1.72, 11.63, 11.63, 11.96, 11.58, 134403.13, 158259637, 1.58, 3.27, 1.53, 15358.45208
2016-08-19, 1, wei_ruo, 11.74, 11.67, -1.35, 11.83, 11.77, 11.82, 11.57, 96203.62, 112175465, 1.13, 2.11, 0.94, 2577.4312
2016-08-22, 1, wei_ruo, 11.74, 11.37, -2.57, 11.67, 11.67, 11.67, 11.36, 80248.92, 92351851, 0.94, 2.66, 0.73, 792.40108
2016-08-23, 1, wei_ruo, 11.74, 11.43, 0.53, 11.37, 11.35, 11.49, 11.34, 63284.27, 72258343, 0.74, 1.32, 0.62, 585.92415
2016-08-24, 1, wei_ruo, 11.74, 11.54, 0.96, 11.43, 11.44, 11.65, 11.43, 72025.01, 83223510, 0.84, 1.92, 0.77, 4042.00602
2016-08-25, 1, wei_ruo, 11.73, 11.45, -0.87, 11.55, 11.50, 11.50, 11.28, 70194.04, 79831523, 0.82, 1.90, 0.80, 550.0021
2016-08-26, 1, wei_ruo, 11.73, 11.48, 0.26, 11.45, 11.50, 11.59, 11.43, 59518.15, 68496136, 0.70, 1.40, 0.78, 476.1641
2016-08-29, 1, wei_ruo, 11.73, 11.53, 0.44, 11.48, 11.46, 11.57, 11.38, 53458.3, 61567942, 0.63, 1.66, 0.77, 1338.06682
2016-08-30, 1, wei_ruo, 11.73, 11.50, -0.26, 11.53, 11.54, 11.63, 11.46, 52582.26, 60717161, 0.62, 1.47, 0.82, 546.6311
2016-08-31, 1, wei_ruo, 11.73, 11.43, -0.61, 11.50, 11.51, 11.54, 11.28, 61511.54, 70047625, 0.72, 2.26, 1.00, 4719.064
2016-09-01, 1, wei_ruo, 11.72, 11.34, -0.79, 11.43, 11.43, 11.49, 11.32, 69489.53, 79072883, 0.81, 1.49, 1.17, 839.52022
2016-09-02, 1, wei_ruo, 11.72, 11.20, -1.23, 11.34, 11.27, 11.38, 11.15, 68867.7, 77623088, 0.81, 2.03, 1.16, 7113.21378
2016-09-05, 1, wei_ruo, 11.72, 11.24, 0.36, 11.20, 11.20, 11.42, 11.20, 56795.89, 64223520, 0.67, 1.96, 0.96, 624.07994
2016-09-06, 1, wei_ruo, 11.72, 11.33, -1.48, 11.50, 11.51, 11.54, 11.33, 19856.65, 22644225, 0.23, 1.83, 1.80, 4300.52805
2016-09-07, 1, wei_ruo, 11.72, 11.33, -1.48, 11.50, 11.51, 11.54, 11.33, 19856.65, 22644225, 0.23, 1.83, 1.80, 597.44215
2016-09-08, 1, wei_ruo, 11.72, 11.33, -1.48, 11.50, 11.51, 11.54, 11.33, 19856.65, 22644225, 0.23, 1.83, 1.80, 2543.15805
2016-09-09, 1, wei_ruo, 11.72, 11.39, -1.13, 11.52, 11.44, 11.57, 11.38, 59624.34, 68403986, 0.70, 1.65, 1.00, 4777.14109
2016-09-12, 1, wei_ruo, 11.72, 10.90, -4.30, 11.39, 11.27, 11.27, 10.88, 107060.24, 118429715, 1.26, 3.42, 1.80, 2396.7278
2016-09-13, 1, wei_ruo, 11.72, 11.04, 1.28, 10.90, 10.92, 11.08, 10.92, 55450.72, 61151262, 0.65, 1.47, 0.93, 2573.16995
2016-09-14, 1, wei_ruo, 11.72, 11.15, 1.00, 11.04, 11.00, 11.26, 10.92, 56596.83, 63085776, 0.66, 3.08, 0.95, 605.81899
2016-09-19, 1, wei_ruo, 11.72, 11.18, 0.27, 11.15, 11.14, 11.32, 11.14, 43772.08, 49042290, 0.51, 1.61, 0.74, 934.8731
2016-09-20, 1, wei_ruo, 11.72, 11.20, 0.18, 11.18, 11.10, 11.22, 11.10, 36470.01, 40700616, 0.43, 1.07, 0.61, 1847.00394
2016-09-21, 1, wei_ruo, 11.72, 11.15, -0.45, 11.20, 11.21, 11.24, 11.13, 30777.89, 34367703, 0.36, 0.98, 0.52, 750.44799
2016-09-22, 1, wei_ruo, 11.72, 11.18, 0.27, 11.15, 11.22, 11.31, 11.18, 41205.72, 46322521, 0.48, 1.17, 0.70, 557.77597
2016-09-23, 1, wei_ruo, 11.72, 11.14, -0.36, 11.18, 11.18, 11.23, 11.10, 30586, 34118048, 0.36, 1.16, 0.52, 1899.96409
2016-09-26, 1, wei_ruo, 11.72, 10.95, -1.71, 11.14, 11.11, 11.20, 10.93, 46241.17, 51217105, 0.54, 2.42, 0.78, 796.9439
2016-09-27, 1, wei_ruo, 11.72, 11.13, 1.64, 10.95, 10.91, 11.13, 10.86, 49033.61, 53754394, 0.57, 2.47, 0.82, 1261.41596
2016-09-28, 1, wei_ruo, 11.72, 11.31, 1.62, 11.13, 11.24, 11.55, 11.18, 103521.31, 117974727, 1.21, 3.32, 1.74, 648.89908
2016-09-29, 1, wei_ruo, 11.72, 11.31, 0.00, 11.31, 11.35, 11.42, 11.21, 62807.83, 70889185, 0.74, 1.86, 1.06, 14857.73301
2016-09-30, 1, wei_ruo, 11.72, 11.33, 0.18, 11.31, 11.31, 11.39, 11.30, 36389.86, 41258409, 0.43, 0.80, 0.61, 680.36103
2016-10-10, 1, wei_ruo, 11.72, 11.58, 2.21, 11.33, 11.40, 11.67, 11.32, 99623.73, 114845779, 1.17, 3.09, 1.68, 631.01888
2016-10-11, 1, wei_ruo, 11.72, 11.67, 0.78, 11.58, 11.56, 11.85, 11.49, 114975.97, 134566180, 1.35, 3.11, 1.93, 896.48795
2016-10-12, 1, wei_ruo, 11.72, 11.53, -1.20, 11.67, 11.60, 11.60, 11.42, 72018.05, 82860413, 0.84, 1.54, 1.21, 1707.18217
2016-10-13, 2, qing_du, 11.72, 11.67, 1.21, 11.53, 11.43, 11.68, 11.43, 67905.85, 78546261, 0.80, 2.17, 1.14, 23061.24091
2016-10-14, 2, qing_du, 11.66, 11.51, -1.37, 11.67, 11.59, 11.65, 11.42, 56219.93, 64690088, 0.66, 1.97, 0.95, 3633.44812
2016-10-17, 2, qing_du, 11.66, 11.55, 0.35, 11.51, 11.47, 11.64, 11.47, 24858.48, 28755421, 0.29, 1.48, 0.84, 2779.02508
2016-10-18, 2, qing_du, 11.66, 11.55, 0.35, 11.51, 11.47, 11.64, 11.47, 24858.48, 28755421, 0.29, 1.48, 0.84, 486.444
2016-10-19, 2, qing_du, 11.66, , , , , , , , , , , , 503.95298
2016-10-20, 2, qing_du, 11.66, 11.55, -0.43, 11.60, 11.61, 11.64, 11.41, 53536.58, 61664009, 0.63, 1.98, 0.86, 4770.65706
2016-10-21, 3, zhong_du, 11.66, 11.49, -0.52, 11.55, 11.55, 11.63, 11.40, 72629.05, 83600700, 0.85, 1.99, 1.16, 5302.40798
2016-10-24, 3, zhong_du, 11.65, 11.60, 0.96, 11.49, 11.50, 11.62, 11.42, 72368.46, 83527567, 0.85, 1.74, 1.10, 2639.98818
2016-10-25, 3, zhong_du, 11.65, 11.61, 0.00, 11.61, 11.60, 11.63, 11.51, 62363.29, 72132251, 0.73, 1.03, 0.94, 6095.76511
2016-10-26, 3, zhong_du, 11.65, 11.59, -0.17, 11.61, 11.61, 11.68, 11.53, 72383.98, 83949870, 0.85, 1.29, 1.09, 2545.34006
2016-10-27, 3, zhong_du, 11.65, 11.46, -1.12, 11.59, 11.55, 11.62, 11.40, 70252.45, 80662343, 0.82, 1.90, 1.07, 2682.971
2016-10-28, 3, zhong_du, 11.65, 11.16, -2.79, 11.48, 11.45, 11.51, 11.15, 89874.44, 101813973, 1.05, 3.14, 1.35, 6573.37618
2016-10-31, 2, qing_du, 11.64, 11.18, 0.18, 11.16, 11.12, 11.24, 11.11, 59609.3, 66650582, 0.70, 1.16, 0.90, 588.00292
2016-11-01, 1, wei_ruo, 11.64, 11.25, 0.63, 11.18, 11.19, 11.29, 11.16, 73815.28, 82750280, 0.87, 1.16, 1.11, 519.73701
2016-11-02, 1, wei_ruo, 11.64, 11.04, -1.87, 11.25, 11.25, 11.25, 10.96, 91043.22, 100845716, 1.07, 2.58, 1.39, 1220.55507
2016-11-03, 1, wei_ruo, 11.63, 11.08, 0.45, 11.03, 11.01, 11.18, 10.93, 64509.67, 71452673, 0.76, 2.27, 0.97, 593.35804
2016-11-04, 1, wei_ruo, 11.63, 11.04, -0.36, 11.08, 11.10, 11.14, 11.00, 59834.12, 66147628, 0.70, 1.26, 0.90, 492.83385
2016-11-07, 1, wei_ruo, 11.62, 11.10, 0.54, 11.04, 11.04, 11.14, 10.97, 51925.26, 57468578, 0.61, 1.54, 0.79, 617.697
2016-11-08, 1, wei_ruo, 11.62, 11.13, 0.27, 11.10, 11.12, 11.17, 11.06, 50738.77, 56400217, 0.59, 0.99, 0.76, 431.31399
2016-11-09, 1, wei_ruo, 11.62, 11.00, -1.17, 11.13, 11.14, 11.19, 10.93, 59169.87, 65411903, 0.69, 2.34, 0.89, 2503.26395
2016-11-10, 1, wei_ruo, 11.61, 11.22, 2.00, 11.00, 11.10, 11.26, 11.05, 69219.25, 77183919, 0.81, 1.91, 1.06, 2695.79387
2016-11-11, 1, wei_ruo, 11.61, 11.24, 0.18, 11.22, 11.20, 11.27, 11.15, 60951.32, 68330838, 0.71, 1.07, 0.92, 713.17792
2016-11-14, 1, wei_ruo, 11.61, 11.21, -0.27, 11.24, 11.23, 11.33, 11.15, 69699.59, 78325285, 0.82, 1.60, 1.06, 700.86694
2016-11-15, 1, wei_ruo, 11.60, 11.34, 1.07, 11.22, 11.24, 11.35, 11.16, 96160.2, 108187845, 1.13, 1.69, 1.46, 546.58508
2016-11-16, 2, qing_du, 11.60, 11.43, 0.88, 11.33, 11.33, 11.49, 11.30, 61707.05, 70530215, 0.72, 1.68, 1.86, 476.28188
2016-11-17, 2, qing_du, 11.60, 11.43, 0.88, 11.33, 11.33, 11.49, 11.30, 61707.05, 70530215, 0.72, 1.68, 1.86, 620.06903
2016-11-18, 2, qing_du, 11.60, 11.43, 0.88, 11.33, 11.33, 11.49, 11.30, 61707.05, 70530215, 0.72, 1.68, 1.86, 578.83716
2016-11-21, 2, qing_du, 11.60, 11.30, 0.71, 11.22, 11.22, 11.38, 11.22, 45602.83, 51573283, 0.53, 1.43, 0.69, 376.86992
2016-11-22, 2, qing_du, 11.59, 11.53, 2.04, 11.30, 11.27, 11.55, 11.24, 111966.58, 127793969, 1.31, 2.74, 1.69, 2548.09904
2016-11-23, 2, qing_du, 11.59, 11.42, -0.95, 11.53, 11.53, 11.53, 11.40, 72281, 82803070, 0.85, 1.13, 1.10, 497.98822
2016-11-24, 2, qing_du, 11.59, 11.37, -0.35, 11.41, 11.40, 11.47, 11.31, 57743.79, 65805932, 0.68, 1.40, 0.88, 2085.18195
2016-11-25, 3, zhong_du, 11.60, 11.85, 4.22, 11.37, 11.47, 11.97, 11.47, 268673.93, 316722720, 3.15, 4.40, 4.05, 666.00609
2016-11-28, 3, zhong_du, 11.60, 11.78, -0.59, 11.85, 11.79, 11.85, 11.66, 166787.01, 195929611, 1.96, 1.60, 2.53, 489.25996
2016-11-29, 3, zhong_du, 11.60, 11.69, -0.68, 11.77, 11.70, 11.85, 11.61, 130259.76, 152115561, 1.53, 2.04, 1.96, 381.67715
2016-11-30, 4, gao_du, 11.60, 11.65, -0.34, 11.69, 11.71, 11.88, 11.58, 143393.08, 168248067, 1.68, 2.57, 2.19, 489.26902
2016-12-01, 4, gao_du, 11.60, 11.70, 0.43, 11.65, 11.62, 11.75, 11.53, 107196.8, 125013264, 1.26, 1.89, 1.61, 2519.9728
2016-12-02, 3, zhong_du, 11.60, 11.24, -3.93, 11.70, 11.69, 11.75, 11.22, 141448.94, 161705952, 1.66, 4.53, 2.13, 685.29296
2016-12-05, 3, zhong_du, 11.60, 11.28, 0.36, 11.24, 11.01, 11.31, 11.01, 60741.73, 68177529, 0.71, 2.67, 0.91, 700.20986
2016-12-06, 2, qing_du, 11.60, 11.19, -0.80, 11.28, 11.28, 11.33, 11.18, 41704.95, 46807537, 0.49, 1.33, 0.63, 719.17796
2016-12-07, 1, wei_ruo, 11.59, 11.52, 2.95, 11.19, 11.20, 11.52, 11.17, 76341.24, 87022600, 0.90, 3.13, 1.15, 481.47488
2016-12-08, 1, wei_ruo, 11.59, 11.50, -0.17, 11.52, 11.52, 11.59, 11.43, 57815.68, 66555846, 0.68, 1.39, 0.87, 1238.64698
2016-12-09, 2, qing_du, 11.59, 11.59, 0.78, 11.50, 11.49, 11.72, 11.45, 125460.93, 145901385, 1.47, 2.35, 1.89, 618.67714
2016-12-12, 2, qing_du, 11.59, 11.14, -3.88, 11.59, 11.59, 11.70, 11.14, 146758.64, 168199859, 1.72, 4.83, 2.21, 665.67802
2016-12-13, 2, qing_du, 11.59, 11.27, 1.17, 11.14, 11.14, 11.36, 11.14, 60088.76, 67688089, 0.70, 1.97, 0.90, 784.22785
2016-12-14, 1, wei_ruo, 11.58, 11.18, -0.80, 11.27, 11.21, 11.40, 11.11, 76347.11, 85930987, 0.90, 2.57, 1.15, 581.51913
2016-12-15, 1, wei_ruo, 11.58, 11.16, -0.18, 11.18, 11.25, 11.32, 11.09, 70773.47, 79209652, 0.83, 2.06, 1.07, 549.93105
2016-12-16, 1, wei_ruo, 11.58, 11.10, -0.54, 11.16, 11.16, 11.26, 11.10, 68525.5, 76402097, 0.80, 1.43, 1.03, 515.08212
2016-12-19, 1, wei_ruo, 11.57, 11.01, -0.81, 11.10, 11.11, 11.16, 10.94, 67911.76, 74950723, 0.80, 1.98, 1.02, 611.31811
2016-12-20, 1, wei_ruo, 11.57, 11.06, 0.45, 11.01, 11.01, 11.10, 10.98, 43631.85, 48117951, 0.51, 1.09, 0.66, 823.69995
2016-12-21, 1, wei_ruo, 11.57, 11.15, 0.81, 11.06, 11.16, 11.21, 11.07, 39058.62, 43536910, 0.46, 1.27, 0.59, 500.47016
2016-12-22, 1, wei_ruo, 11.57, 11.12, -0.27, 11.15, 11.15, 11.18, 11.04, 27153.97, 30081251, 0.32, 1.26, 0.41, 492.46693
2016-12-23, 1, wei_ruo, 11.56, 11.04, -0.72, 11.12, 11.10, 11.14, 11.01, 28219.97, 31163813, 0.33, 1.17, 0.42, 475.88277
2016-12-26, 1, wei_ruo, 11.56, 10.98, -0.54, 11.04, 11.05, 11.05, 10.79, 40344.74, 44013460, 0.47, 2.36, 0.61, 932.45101
2016-12-27, 1, wei_ruo, 11.56, 10.93, -0.46, 10.98, 10.99, 11.02, 10.85, 28942.49, 31607974, 0.34, 1.55, 0.44, 528.40495
2016-12-28, 1, wei_ruo, 11.56, 10.79, -1.28, 10.93, 10.87, 10.95, 10.76, 44489.77, 48230175, 0.52, 1.74, 0.67, 534.67298
2016-12-30, 1, wei_ruo, 11.55, 11.07, 1.65, 10.89, 10.93, 11.16, 10.82, 63648.93, 70296861, 0.75, 3.12, 0.96, 571.78211
2017-01-04, 1, wei_ruo, 11.54, 11.06, 0.00, 11.06, 11.16, 11.16, 11.04, 73157.35, 81229110, 0.86, 1.08, 1.10, 595.85905
2017-01-05, 1, wei_ruo, 11.54, 11.10, 0.36, 11.06, 11.11, 11.23, 11.07, 57985.06, 64534631, 0.68, 1.45, 0.87, 637.63499
2017-01-06, 1, wei_ruo, 11.53, 11.00, -0.90, 11.10, 11.10, 11.16, 10.99, 49990.16, 55221215, 0.59, 1.53, 0.75, 11204.20098
2017-01-09, 1, wei_ruo, 11.53, 10.96, -0.36, 11.00, 11.02, 11.04, 10.89, 40178.36, 44041930, 0.47, 1.36, 0.60, 620.72897
2017-01-10, 1, wei_ruo, 11.53, 11.00, 0.36, 10.96, 10.96, 11.02, 10.90, 17860.36, 19558329, 0.21, 1.09, 0.54, 861.81498
2017-01-11, 1, wei_ruo, 11.53, 10.77, -2.09, 11.00, 10.94, 10.99, 10.76, 44605.69, 48386988, 0.52, 2.09, 0.67, 2607.85007
2017-01-13, 1, wei_ruo, 11.52, 10.49, -2.78, 10.79, 10.78, 10.88, 10.45, 40251.81, 42805189, 0.47, 3.99, 0.61, 591.85982
2017-01-16, 1, wei_ruo, 11.51, 9.88, -5.82, 10.49, 10.50, 10.54, 9.46, 68122.24, 68859389, 0.80, 10.30, 1.03, 592.43798
2017-01-17, 1, wei_ruo, 11.50, 10.03, 1.52, 9.88, 9.88, 10.10, 9.74, 31021.67, 30710046, 0.36, 3.64, 0.47, 639.70304
2017-01-18, 1, wei_ruo, 11.50, 11.00, 0.36, 10.96, 10.96, 11.02, 10.90, 17860.36, 19558329, 0.21, 1.09, 0.54, 4719.81287
2017-02-07, 1, wei_ruo, 11.47, 10.14, -0.59, 10.20, 10.26, 10.26, 10.11, 8378, 8486664, 0.10, 1.47, 0.29, 701.77913
2017-02-08, 1, wei_ruo, 11.46, 10.24, 0.39, 10.20, 10.26, 10.26, 10.11, 29198.37, 29692083, 0.34, 1.47, 0.44, 627.61021
2017-02-09, 1, wei_ruo, 11.46, 10.26, 0.20, 10.24, 10.24, 10.29, 10.21, 33865.71, 34705317, 0.40, 0.78, 0.51, 582.42488
2017-02-10, 1, wei_ruo, 11.45, 10.23, -0.29, 10.26, 10.34, 10.34, 10.18, 31005.08, 31766356, 0.36, 1.56, 0.47, 4079.55194
2017-02-13, 1, wei_ruo, 11.45, 10.30, 0.68, 10.23, 10.20, 10.33, 10.16, 34735.86, 35710130, 0.41, 1.66, 0.52, 4675.09794
2017-02-14, 1, wei_ruo, 11.45, 10.28, -0.19, 10.30, 10.30, 10.33, 10.23, 22821.95, 23476671, 0.27, 0.97, 0.34, 628.2661
2017-02-15, 1, wei_ruo, 11.44, 10.10, -1.75, 10.28, 10.28, 10.28, 10.09, 34878.96, 35536077, 0.41, 1.85, 0.53, 5121.70506
2017-02-16, 1, wei_ruo, 11.44, 10.12, 0.20, 10.10, 10.07, 10.19, 10.07, 21220.39, 21508706, 0.25, 1.19, 0.32, 2774.84798
2017-02-17, 1, wei_ruo, 11.43, 10.04, -0.79, 10.12, 10.18, 10.18, 10.01, 30356.71, 30609886, 0.36, 1.68, 0.46, 2491.70494
2017-02-20, 1, wei_ruo, 11.43, 10.16, 1.20, 10.04, 10.04, 10.16, 10.00, 28852.38, 29062105, 0.34, 1.59, 0.43, 751.65796
2017-02-21, 1, wei_ruo, 11.42, 10.04, -0.79, 10.12, 10.18, 10.18, 10.01, 30356.71, 30609886, 0.36, 1.68, 0.46, 882.60102
2017-02-22, 1, wei_ruo, 11.42, 10.32, 0.58, 10.26, 10.22, 10.36, 10.21, 44982.64, 46361229, 0.53, 1.46, 0.68, 4882.06387
2017-02-23, 1, wei_ruo, 11.41, 10.35, 0.29, 10.32, 10.31, 10.35, 10.24, 38737.57, 39877179, 0.45, 1.07, 0.58, 4809.81517
2017-02-24, 1, wei_ruo, 11.41, 10.36, 0.10, 10.35, 10.37, 10.37, 10.31, 7362.42, 7609104, 0.09, 0.58, 0.60, 1910.54487
2017-02-27, 1, wei_ruo, 11.40, 10.36, 0.10, 10.35, 10.37, 10.37, 10.31, 7362.42, 7609104, 0.09, 0.58, 0.60, 2510.22601
2017-02-28, 1, wei_ruo, 11.40, 10.37, 0.39, 10.33, 10.34, 10.40, 10.32, 22346.31, 23157478, 0.26, 0.77, 0.34, 670.88795
2017-03-01, 1, wei_ruo, 11.39, 10.47, 0.96, 10.37, 10.39, 10.52, 10.32, 37969.15, 39740164, 0.45, 1.93, 0.57, 577.29506
2017-03-02, 2, qing_du, 11.39, 10.48, 0.10, 10.47, 10.46, 10.54, 10.38, 38735.72, 40565420, 0.45, 1.53, 0.58, 830.88088
2017-03-03, 2, qing_du, 11.39, 10.54, 0.57, 10.48, 10.48, 10.58, 10.38, 33143.26, 34759040, 0.39, 1.91, 0.50, 4890.11097
2017-03-06, 2, qing_du, 11.38, 10.52, -0.19, 10.54, 10.54, 10.57, 10.45, 39729.72, 41722848, 0.47, 1.14, 0.60, 3368.56794
2017-03-07, 2, qing_du, 11.38, 10.50, -0.19, 10.52, 10.50, 10.52, 10.42, 21161.84, 22141343, 0.25, 0.95, 0.64, 1787.44006
2017-03-08, 3, zhong_du, 11.37, 10.77, 2.38, 10.52, 10.50, 10.99, 10.42, 100665.96, 107904312, 1.18, 5.42, 1.52, 667.84596
2017-03-09, 3, zhong_du, 11.36, 10.82, 0.46, 10.77, 10.69, 10.96, 10.50, 127939.38, 137362119, 1.50, 4.27, 1.93, 721.62509
2017-03-10, 3, zhong_du, 11.35, 11.24, 3.88, 10.82, 10.78, 11.58, 10.51, 204759.45, 225696316, 2.40, 9.89, 3.08, 581.10404
2017-03-13, 4, gao_du, 11.35, 11.08, -1.42, 11.24, 11.52, 11.53, 10.99, 192672.97, 215019463, 2.26, 4.80, 2.90, 669.9059
2017-03-14, 4, gao_du, 11.35, 10.84, -2.17, 11.08, 11.03, 11.07, 10.79, 109082.51, 118926867, 1.28, 2.53, 1.64, 2594.49601
2017-03-15, 3, zhong_du, 11.34, 10.89, 0.46, 10.84, 10.79, 11.04, 10.74, 73679.1, 80098882, 0.86, 2.77, 1.11, 2526.66593
2017-03-16, 3, zhong_du, 11.34, 10.90, 0.09, 10.89, 10.86, 10.98, 10.84, 61489.35, 67001033, 0.72, 1.29, 0.93, 600.51894
2017-03-17, 3, zhong_du, 11.33, 10.70, -1.83, 10.90, 10.88, 10.91, 10.63, 72501, 78237082, 0.85, 2.57, 1.09, 629.62413
2017-03-20, 2, qing_du, 11.33, 10.65, -0.47, 10.70, 10.72, 10.76, 10.59, 48432.11, 51614768, 0.57, 1.59, 0.73, 586.98702
2017-03-21, 2, qing_du, 11.33, 10.67, 0.19, 10.65, 10.65, 10.72, 10.62, 37678.31, 40170101, 0.44, 0.94, 0.57, 582.38006
2017-03-22, 2, qing_du, 11.32, 10.57, -0.94, 10.67, 10.62, 10.64, 10.47, 54798.6, 57751645, 0.64, 1.59, 0.83, 595.11495
2017-03-23, 2, qing_du, 11.31, 10.37, -1.89, 10.57, 10.55, 10.59, 10.23, 75564.85, 78856227, 0.89, 3.41, 1.14, 607.36609
2017-03-24, 1, wei_ruo, 11.31, 10.41, 0.39, 10.37, 10.34, 10.49, 10.33, 45597.37, 47499742, 0.54, 1.54, 0.69, 593.16206
2017-03-27, 1, wei_ruo, 11.30, 10.36, -0.48, 10.41, 10.41, 10.48, 10.35, 51911.27, 54001427, 0.61, 1.25, 0.78, 645.88499
2017-03-28, 1, wei_ruo, 11.30, 10.31, -0.48, 10.36, 10.39, 10.40, 10.29, 38089.15, 39384615, 0.45, 1.06, 0.57, 673.16914
2017-03-29, 1, wei_ruo, 11.29, 10.16, -1.45, 10.31, 10.31, 10.34, 10.15, 53469.11, 54742457, 0.63, 1.84, 0.81, 619.42005
2017-03-30, 1, wei_ruo, 11.28, 10.01, -1.48, 10.16, 10.16, 10.18, 9.98, 47271.34, 47547882, 0.55, 1.97, 0.71, 642.72189
2017-03-31, 1, wei_ruo, 11.28, 10.07, 0.60, 10.01, 10.04, 10.10, 10.00, 34060.03, 34241249, 0.40, 1.00, 0.51, 570.21022
2017-04-05, 1, wei_ruo, 11.27, 10.22, 1.49, 10.07, 10.08, 10.22, 10.08, 55728.59, 56688382, 0.65, 1.39, 0.84, 603.41001
2017-04-06, 1, wei_ruo, 11.27, 10.18, -0.39, 10.22, 10.21, 10.22, 10.14, 38759.82, 39455459, 0.45, 0.78, 0.58, 4622.80297
2017-04-07, 1, wei_ruo, 11.26, 10.18, 0.00, 10.18, 10.20, 10.22, 10.15, 33690.91, 34315231, 0.40, 0.69, 0.51, 631.3839
2017-04-10, 1, wei_ruo, 11.26, 10.15, -0.29, 10.18, 10.18, 10.24, 10.15, 36172.39, 36869234, 0.42, 0.88, 0.54, 627.00701
2017-04-11, 1, wei_ruo, 11.25, 10.20, 0.49, 10.15, 10.11, 10.21, 10.04, 44262.33, 44837062, 0.52, 1.67, 0.67, 794.8401
2017-04-12, 1, wei_ruo, 11.25, 10.24, 0.39, 10.20, 10.19, 10.31, 10.12, 44627.99, 45630677, 0.52, 1.86, 0.67, 603.91307
2017-04-13, 1, wei_ruo, 11.24, 10.28, 0.39, 10.24, 10.25, 10.32, 10.20, 34096.13, 35042657, 0.40, 1.17, 0.51, 624.41802
2017-04-14, 1, wei_ruo, 11.24, 10.13, -1.46, 10.28, 10.28, 10.28, 10.13, 29742.56, 30289202, 0.35, 1.46, 0.45, 651.07679
2017-04-17, 1, wei_ruo, 11.24, 10.10, -0.30, 10.13, 10.05, 10.15, 10.05, 22160.48, 22370956, 0.26, 0.99, 0.33, 637.90488
2017-04-18, 1, wei_ruo, 11.23, 9.81, -2.87, 10.10, 10.16, 10.16, 9.70, 57493, 57229306, 0.67, 4.55, 0.87, 618.48378
2017-04-19, 1, wei_ruo, 11.22, 9.65, -1.63, 9.81, 9.85, 9.85, 9.47, 48707.25, 46816638, 0.57, 3.87, 0.73, 617.66791
2017-04-20, 1, wei_ruo, 11.22, 9.64, -0.10, 9.65, 9.65, 9.76, 9.58, 20200.76, 19545064, 0.24, 1.87, 0.30, 664.67214
2017-04-21, 1, wei_ruo, 11.21, 9.56, -0.83, 9.64, 9.65, 9.73, 9.50, 20070.73, 19300003, 0.24, 2.39, 0.30, 559.21602
2017-04-24, 1, wei_ruo, 11.20, 9.21, -3.66, 9.56, 9.61, 9.61, 9.15, 41121, 38701062, 0.48, 4.81, 0.62, 677.70386
2017-04-25, 1, wei_ruo, 11.20, 9.24, 0.33, 9.21, 9.27, 9.39, 9.19, 28747.16, 26748788, 0.34, 2.17, 0.43, 631.68883
2017-04-26, 1, wei_ruo, 11.19, 9.29, 0.54, 9.24, 9.25, 9.31, 9.20, 28483.67, 26392312, 0.33, 1.19, 0.43, 758.80313
2017-04-27, 1, wei_ruo, 11.18, 9.31, 0.22, 9.29, 9.28, 9.37, 8.93, 37431.29, 34516347, 0.44, 4.74, 0.56, 683.213
2017-04-28, 1, wei_ruo, 11.18, 9.34, 0.32, 9.31, 9.35, 9.35, 9.27, 25090.46, 23350837, 0.29, 0.86, 0.38, 650.54083
2017-05-02, 1, wei_ruo, 11.16, 9.59, 2.68, 9.34, 9.33, 9.79, 9.29, 57839.09, 55517365, 0.68, 5.35, 0.87, 706.41899
2017-05-03, 1, wei_ruo, 11.16, 9.52, -0.73, 9.59, 9.60, 9.65, 9.44, 30562.15, 29173372, 0.36, 2.19, 0.46, 678.90286
2017-05-04, 1, wei_ruo, 11.15, 9.54, 0.21, 9.52, 9.46, 9.66, 9.45, 32453.6, 31097221, 0.38, 2.21, 0.49, 685.29487
2017-05-05, 1, wei_ruo, 11.15, 9.43, -1.15, 9.54, 9.46, 9.60, 9.41, 22332.26, 21244159, 0.26, 1.99, 0.34, 583.52995
2017-05-11, 1, wei_ruo, 11.11, 9.11, -3.39, 9.43, 9.46, 9.46, 8.88, 64435.2, 59146844, 0.76, 6.15, 0.97, 573.76409
2017-05-12, 1, wei_ruo, 11.10, 8.88, -2.52, 9.11, 9.11, 9.17, 8.76, 49539.75, 44072465, 0.58, 4.50, 0.75, 595.3331
2017-05-15, 1, wei_ruo, 11.10, 8.91, 0.34, 8.88, 8.88, 9.07, 8.88, 22598.54, 20262509, 0.27, 2.14, 0.34, 939.77809
2017-05-17, 1, wei_ruo, 11.08, 9.07, -0.55, 9.12, 9.14, 9.19, 9.06, 39459.67, 35951250, 0.46, 1.43, 0.59, 610.26096
2017-05-18, 1, wei_ruo, 11.07, 9.01, -0.66, 9.07, 9.00, 9.14, 8.96, 32215.07, 29179743, 0.38, 1.98, 0.49, 791.55803
2017-05-19, 1, wei_ruo, 11.06, 8.96, -0.55, 9.01, 9.04, 9.08, 8.94, 21130.78, 19016773, 0.25, 1.55, 0.32, 610.32796
2017-05-22, 1, wei_ruo, 11.05, 8.66, -3.35, 8.96, 8.99, 9.02, 8.60, 44476.14, 39041894, 0.52, 4.69, 0.67, 578.99499
2017-05-23, 1, wei_ruo, 11.04, 8.22, -5.08, 8.66, 8.63, 8.70, 8.18, 48240.83, 40481872, 0.57, 6.00, 0.73, 875.21696
2017-05-24, 1, wei_ruo, 11.03, 8.25, 0.36, 8.22, 8.20, 8.35, 8.09, 34646.84, 28548129, 0.41, 3.16, 0.52, 618.19291
2017-05-25, 1, wei_ruo, 11.01, 8.34, 1.09, 8.25, 8.26, 8.40, 8.15, 32264.17, 26749873, 0.38, 3.03, 0.49, 4593.89496
2017-05-26, 1, wei_ruo, 11.01, 8.34, 0.00, 8.34, 8.35, 8.42, 8.29, 25343.44, 21173893, 0.30, 1.56, 0.38, 644.92416
2017-05-31, 1, wei_ruo, 11.00, 8.42, 0.96, 8.34, 8.42, 8.57, 8.38, 31451.71, 26616695, 0.37, 2.28, 0.47, 598.07515
2017-06-01, 1, wei_ruo, 10.99, 8.12, -3.56, 8.42, 8.45, 8.47, 8.10, 25585.8, 21166498, 0.30, 4.39, 0.39, 2977.47588
2017-06-02, 1, wei_ruo, 10.98, 8.31, 2.34, 8.12, 8.12, 8.39, 8.05, 32937.01, 26970161, 0.39, 4.19, 0.50, 627.67816
2017-06-05, 1, wei_ruo, 10.97, 8.36, 0.60, 8.31, 8.31, 8.43, 8.31, 24874.47, 20830952, 0.29, 1.44, 0.37, 674.438
2017-06-06, 1, wei_ruo, 10.96, 8.46, 1.20, 8.36, 8.38, 8.48, 8.32, 30176.45, 25448332, 0.35, 1.91, 0.45, 17954.22387
2017-06-07, 1, wei_ruo, 10.95, 8.66, 2.36, 8.46, 8.48, 8.69, 8.44, 41785.54, 35928542, 0.49, 2.96, 0.63, 682.90591
2017-06-08, 1, wei_ruo, 10.94, 8.59, -0.81, 8.66, 8.66, 8.69, 8.58, 30092.66, 25972927, 0.35, 1.27, 0.45, 617.08999
2017-06-09, 1, wei_ruo, 10.93, 8.67, 0.93, 8.59, 8.64, 8.68, 8.53, 33137.79, 28526305, 0.39, 1.75, 0.50, 816.50805
2017-06-12, 1, wei_ruo, 10.92, 8.61, -0.69, 8.67, 8.67, 8.73, 8.50, 39643.09, 34147502, 0.47, 2.65, 0.60, 688.50708
2017-06-13, 1, wei_ruo, 10.92, 8.70, 1.05, 8.61, 8.60, 8.77, 8.52, 27364.83, 23755775, 0.32, 2.90, 0.41, 762.89392
2017-06-14, 1, wei_ruo, 10.91, 8.73, 0.34, 8.70, 8.67, 8.73, 8.61, 25142.63, 21835352, 0.30, 1.38, 0.38, 553.63703
2017-06-15, 1, wei_ruo, 10.90, 8.88, 1.72, 8.73, 8.74, 8.94, 8.67, 40291.13, 35670545, 0.47, 3.09, 0.61, 615.87
2017-06-16, 1, wei_ruo, 10.89, 8.89, 0.11, 8.88, 8.86, 8.92, 8.83, 23512.64, 20855461, 0.28, 1.01, 0.35, 628.21507
2017-06-19, 1, wei_ruo, 10.89, 8.87, -0.22, 8.89, 8.89, 8.94, 8.73, 32013.17, 28270945, 0.38, 2.36, 0.48, 802.97709
2017-06-20, 1, wei_ruo, 10.88, 8.81, -0.68, 8.87, 8.89, 8.96, 8.79, 33928.75, 30079895, 0.40, 1.92, 0.51, 1116.48083
2017-06-21, 1, wei_ruo, 10.87, 8.74, -0.79, 8.81, 8.81, 8.88, 8.71, 42277, 37130758, 0.50, 1.93, 0.64, 784.81102
2017-06-22, 1, wei_ruo, 10.86, 8.67, -0.80, 8.74, 8.77, 8.85, 8.66, 29826.93, 26171852, 0.35, 2.17, 0.45, 692.77883
2017-06-23, 1, wei_ruo, 10.85, 8.71, 0.46, 8.67, 8.68, 8.77, 8.55, 32984.71, 28519815, 0.39, 2.54, 0.50, 1713.73391
2017-06-26, 1, wei_ruo, 10.84, 8.84, 1.49, 8.71, 8.74, 8.85, 8.63, 38710.22, 33949785, 0.45, 2.53, 0.58, 3791.86416
2017-06-27, 1, wei_ruo, 10.84, 8.80, -0.45, 8.84, 8.84, 8.87, 8.73, 25823.02, 22730174, 0.30, 1.58, 0.39, 642.50803
2017-06-28, 1, wei_ruo, 10.83, 8.72, -0.91, 8.80, 8.80, 8.81, 8.71, 25019.01, 21870407, 0.29, 1.14, 0.38, 758.22091
2017-06-29, 1, wei_ruo, 10.82, 8.83, 1.26, 8.72, 8.73, 8.91, 8.72, 35854.41, 31620765, 0.42, 2.18, 0.54, 3620.41497
2017-06-30, 1, wei_ruo, 10.82, 8.80, -0.34, 8.83, 8.82, 8.87, 8.79, 23381.72, 20641216, 0.27, 0.91, 0.35, 666.6131
2017-07-03, 1, wei_ruo, 10.81, 8.96, 1.82, 8.80, 8.80, 8.96, 8.76, 40756.34, 36225225, 0.48, 2.27, 0.61, 584.09786
2017-07-04, 2, qing_du, 10.80, 8.88, -0.89, 8.96, 8.97, 8.98, 8.84, 32115.8, 28541743, 0.38, 1.56, 0.48, 598.49191
2017-07-05, 2, qing_du, 10.79, 9.02, 1.58, 8.88, 8.88, 9.03, 8.85, 49190.71, 44049933, 0.58, 2.03, 0.74, 762.68506
2017-07-06, 3, zhong_du, 10.78, 9.02, 0.00, 9.02, 9.03, 9.18, 8.97, 52510.19, 47668239, 0.62, 2.33, 0.79, 1347.27097
2017-07-07, 3, zhong_du, 10.77, 8.98, -0.44, 9.02, 9.03, 9.03, 8.90, 40751.24, 36447124, 0.48, 1.44, 0.61, 696.5909
2017-07-10, 3, zhong_du, 10.76, 8.84, -1.56, 8.98, 8.95, 8.96, 8.82, 44232.87, 39229164, 0.52, 1.56, 0.67, 677.43301
2017-07-11, 3, zhong_du, 10.75, 8.85, 0.11, 8.84, 8.84, 8.87, 8.75, 33751.07, 29796291, 0.40, 1.36, 0.51, 4617.77687
2017-07-12, 3, zhong_du, 10.74, 8.66, -2.15, 8.85, 8.79, 8.85, 8.56, 40618.22, 35180649, 0.48, 3.28, 0.61, 687.25896
2017-07-13, 3, zhong_du, 10.74, 8.62, -0.46, 8.66, 8.63, 8.69, 8.60, 27353.42, 23624933, 0.32, 1.04, 0.41, 733.99901
2017-07-14, 2, qing_du, --, 8.55, -0.70, 8.61, 8.61, 8.70, 8.53, 29383.2, 25301209, 0.34, 1.97, 0.44, 661.17883
2017-07-17, 2, qing_du, --, 8.09, -5.38, 8.55, 8.55, 8.58, 8.07, 48288.72, 39704025, 0.57, 5.96, 0.73, 758.43215
2017-07-18, 1, wei_ruo, 10.69, 8.20, 1.36, 8.09, 8.14, 8.23, 8.01, 31613.07, 25676471, 0.37, 2.72, 0.48, 710.67309
2017-07-19, 1, wei_ruo, --, 8.24, 0.49, 8.20, 8.21, 8.25, 8.08, 37961.44, 30996559, 0.45, 2.07, 0.57, 593.5719
2017-07-20, 1, wei_ruo, --, 8.24, 0.00, 8.24, 8.25, 8.35, 8.20, 30538.36, 25258219, 0.36, 1.82, 0.46, 514.22
2017-07-21, 1, wei_ruo, --, 8.29, 0.61, 8.24, 8.24, 8.33, 8.20, 30527.87, 25245177, 0.36, 1.58, 0.46, 752.27499
2017-07-24, 1, wei_ruo, 10.65, 8.35, 0.72, 8.29, 8.30, 8.36, 8.22, 31715.05, 26332258, 0.37, 1.69, 0.48, 2597.30792
2017-07-25, 1, wei_ruo, --, 8.27, -0.96, 8.35, 8.31, 8.35, 8.13, 46868.37, 38579498, 0.55, 2.63, 0.71, 2784.72114
2017-07-26, 1, wei_ruo, --, 8.81, 6.53, 8.27, 8.29, 9.05, 8.29, 169778.12, 147807328, 1.99, 9.19, 2.56, 967.19718
2017-07-27, 2, qing_du, 10.58, 8.84, 0.34, 8.81, 8.76, 8.89, 8.61, 117950.56, 103247041, 1.38, 3.18, 1.78, 889.00399
2017-07-28, 2, qing_du, 10.56, 8.72, -1.36, 8.84, 8.83, 8.97, 8.71, 67532.46, 59487863, 0.79, 2.94, 1.02, 666.38422
2017-07-31, 3, zhong_du, 10.55, 8.67, -0.57, 8.72, 8.71, 8.84, 8.62, 81767.95, 71250329, 0.96, 2.52, 1.23, 1027.72403
2017-08-01, 3, zhong_du, 10.53, 8.83, 1.85, 8.67, 8.68, 8.99, 8.62, 84084.31, 73961199, 0.99, 4.27, 1.27, 849.40004
2017-08-02, 3, zhong_du, 10.52, 8.70, -1.47, 8.83, 8.80, 8.94, 8.65, 52332, 45743503, 0.61, 3.28, 0.79, 658.7019
2017-08-03, 3, zhong_du, 10.50, 8.80, 1.15, 8.70, 8.72, 8.94, 8.66, 65579.95, 57901170, 0.77, 3.22, 0.99, 831.40492
2017-08-04, 3, zhong_du, 10.49, 8.90, 1.14, 8.80, 8.83, 8.91, 8.76, 78315.35, 69179859, 0.92, 1.70, 1.18, 767.57193
2017-08-07, 3, zhong_du, 10.48, 8.87, -0.34, 8.90, 8.95, 8.95, 8.82, 54321.93, 48137311, 0.64, 1.46, 0.82, 698.94981
2017-08-08, 3, zhong_du, 10.47, 8.82, -0.56, 8.87, 8.87, 8.92, 8.77, 63910.79, 56478640, 0.75, 1.69, 0.96, 683.58707
2017-08-09, 4, gao_du, 10.46, 8.89, 0.79, 8.82, 8.81, 8.89, 8.73, 47070.44, 41602813, 0.55, 1.81, 0.71, 703.48001
2017-08-10, 4, gao_du, 10.45, 8.72, -1.91, 8.89, 8.83, 8.88, 8.68, 62582, 54840401, 0.73, 2.25, 0.94, 746.36292
2017-08-11, 3, zhong_du, 10.44, 8.60, -1.38, 8.72, 8.68, 8.76, 8.58, 42230.75, 36616563, 0.50, 2.06, 0.64, 573.70877
2017-08-14, 3, zhong_du, 10.43, 8.86, 3.02, 8.60, 8.62, 8.88, 8.60, 52683.55, 46245261, 0.62, 3.26, 0.79, 838.87315
2017-08-15, 3, zhong_du, 10.42, 8.87, 0.11, 8.86, 8.83, 8.91, 8.80, 42420.75, 37537859, 0.50, 1.24, 0.64, 895.27011
2017-08-16, 4, gao_du, 10.40, 9.14, 3.04, 8.87, 8.86, 9.29, 8.83, 144830.58, 132088666, 1.70, 5.19, 2.18, 793.65396
2017-08-17, 4, gao_du, 10.38, 9.32, 1.97, 9.14, 9.14, 9.45, 9.06, 124375.47, 115377404, 1.46, 4.27, 1.87, 6090.60097
2017-08-18, 5, qiang_lie, 10.37, 9.45, 1.39, 9.32, 9.23, 9.48, 9.17, 115334.19, 108262959, 1.35, 3.33, 1.74, 718.46294
2017-08-21, 5, qiang_lie, 10.35, 9.25, -2.12, 9.45, 9.52, 9.75, 9.23, 141489.84, 133495796, 1.66, 5.50, 2.13, 941.86497
2017-08-22, 5, qiang_lie, 10.34, 9.19, -0.65, 9.25, 9.31, 9.35, 9.07, 87163.15, 79856824, 1.02, 3.03, 1.31, 2643.08
2017-08-23, 4, gao_du, 10.33, 9.14, -0.54, 9.19, 9.20, 9.29, 9.09, 62015.65, 57044936, 0.73, 2.18, 0.93, 910.39395
2017-08-24, 4, gao_du, 10.32, 9.11, -0.33, 9.14, 9.14, 9.21, 9.10, 42171.06, 38544458, 0.49, 1.20, 0.63, 674.06321
2017-08-25, 3, zhong_du, 10.32, 9.28, 1.87, 9.11, 9.11, 9.32, 9.10, 60379.47, 55771803, 0.71, 2.41, 0.91, 1157.55987
2017-08-28, 4, gao_du, 10.31, 9.35, 0.75, 9.28, 9.27, 9.40, 9.26, 71701.12, 67025451, 0.84, 1.51, 1.08, 647.87698
2017-08-29, 4, gao_du, 10.30, 9.20, -1.60, 9.35, 9.33, 9.37, 9.14, 56696.06, 52378163, 0.67, 2.46, 0.85, 551.53799
2017-08-30, 4, gao_du, 10.30, 9.17, -0.33, 9.20, 9.20, 9.31, 9.17, 42879.81, 39563458, 0.51, 1.52, 0.65, 780.66802
2017-08-31, 4, gao_du, 10.29, 9.34, 1.85, 9.17, 9.15, 9.36, 9.13, 59249.54, 54947651, 0.70, 2.51, 0.89, 781.00491
2017-09-01, 4, gao_du, 10.28, 9.24, 0.76, 9.17, 9.15, 9.25, 9.13, 19209.98, 17667351, 0.23, 1.31, 0.58, 704.11015
2017-09-04, 4, gao_du, 10.27, 9.24, 0.76, 9.17, 9.15, 9.25, 9.13, 19209.98, 17667351, 0.23, 1.31, 0.58, 619.7989
2017-09-05, 5, qiang_lie, 10.27, 9.24, 0.76, 9.17, 9.15, 9.25, 9.13, 19209.98, 17667351, 0.23, 1.31, 0.58, 694.97609
2017-09-06, 5, qiang_lie, 10.26, 9.24, 0.76, 9.17, 9.15, 9.25, 9.13, 19209.98, 17667351, 0.23, 1.31, 0.58, 823.23885
2017-09-07, 5, qiang_lie, 10.25, 9.26, -1.91, 9.44, 9.45, 9.48, 9.26, 51682.24, 48434842, 0.61, 2.33, 0.78, 709.36894
2017-09-08, 5, qiang_lie, 10.25, 9.25, -0.11, 9.26, 9.25, 9.33, 9.22, 39657.49, 36745711, 0.47, 1.19, 0.60, 873.80099
2017-09-11, 5, qiang_lie, 10.24, 9.51, 2.81, 9.25, 9.24, 9.53, 9.18, 78729.27, 73804643, 0.93, 3.78, 1.19, 710.00409
2017-09-12, 5, qiang_lie, 10.23, 9.42, -0.95, 9.51, 9.48, 9.55, 9.40, 69887.28, 66136927, 0.82, 1.58, 1.05, 667.73891
2017-09-13, 5, qiang_lie, 10.22, 9.77, 3.72, 9.42, 9.37, 9.84, 9.37, 142594.87, 137717901, 1.68, 4.99, 2.15, 2570.95408
2017-09-14, 5, qiang_lie, 10.22, 9.63, -1.43, 9.77, 9.88, 9.90, 9.56, 85966.52, 83158870, 1.01, 3.48, 1.29, 706.95591
2017-09-15, 5, qiang_lie, 10.22, 9.48, -1.56, 9.63, 9.59, 9.59, 9.45, 46853.38, 44496498, 0.55, 1.45, 0.71, 1040.69018
2017-09-18, 5, qiang_lie, 10.21, 9.61, 1.37, 9.48, 9.45, 9.65, 9.43, 50897.28, 48551529, 0.60, 2.32, 0.77, 727.36406
2017-09-19, 5, qiang_lie, 10.21, 9.46, -1.56, 9.61, 9.63, 9.65, 9.42, 36431, 34708798, 0.43, 2.39, 0.55, 756.19197
2017-09-20, 5, qiang_lie, 10.21, 9.53, 0.74, 9.46, 9.45, 9.53, 9.42, 32424.06, 30791499, 0.38, 1.16, 0.49, 687.46996
2017-09-21, 5, qiang_lie, 10.20, 9.57, 0.42, 9.53, 9.53, 9.75, 9.46, 70661.16, 68121505, 0.83, 3.04, 1.06, 1382.3781
2017-09-22, 5, qiang_lie, 10.19, 10.10, 5.54, 9.57, 9.50, 10.27, 9.50, 275080.26, 274880492, 3.24, 8.05, 4.14, 628.64995
2017-09-25, 5, qiang_lie, 10.19, 9.84, -2.57, 10.10, 10.10, 10.36, 9.76, 232648.04, 233736657, 2.74, 5.94, 3.50, 711.78508
2017-09-26, 5, qiang_lie, 10.18, 9.74, -1.02, 9.84, 9.80, 9.83, 9.60, 102467.85, 99422380, 1.21, 2.34, 1.54, 1306.22506
2017-09-27, 5, qiang_lie, 10.18, 10.28, 5.54, 9.74, 9.68, 10.43, 9.63, 216982.07, 218345184, 2.56, 8.21, 3.27, 715.53493
2017-09-28, 5, qiang_lie, 10.18, 10.22, -0.58, 10.28, 10.10, 10.48, 10.08, 216953.91, 223000558, 2.56, 3.89, 3.27, 670.20297
2017-09-29, 5, qiang_lie, 10.23, 11.21, 9.69, 10.22, 10.19, 11.24, 10.11, 592761.26, 648190092, 6.99, 11.06, 8.92, 742.03801
2017-10-10, 5, qiang_lie, 10.32, 11.03, -1.96, 11.25, 11.18, 11.19, 10.89, 286324.3, 314500879, 3.38, 2.67, 4.31, 565.5899
2017-10-12, 5, qiang_lie, 10.35, 10.69, 0.38, 10.65, 10.58, 10.90, 10.56, 212642.72, 228674753, 2.51, 3.19, 3.20, 742.21492
2017-10-13, 4, gao_du, 10.35, 10.45, -2.25, 10.69, 10.69, 10.69, 10.24, 200408.15, 208390669, 2.36, 4.21, 3.02, 719.78402
2017-10-16, 4, gao_du, 10.35, 10.22, -2.20, 10.45, 10.46, 10.57, 10.20, 151240.04, 156817345, 1.78, 3.54, 2.28, 8522.18986
2017-10-17, 3, zhong_du, 10.35, 10.32, 0.98, 10.22, 10.21, 10.33, 10.18, 92195.79, 94694236, 1.09, 1.47, 1.39, 601.98402
2017-10-18, 3, zhong_du, 10.35, 9.99, -3.20, 10.32, 10.28, 10.42, 9.95, 126218.12, 128312975, 1.49, 4.55, 1.90, 625.89717
2017-10-19, 3, zhong_du, 10.34, 9.85, -1.40, 9.99, 10.01, 10.04, 9.75, 96257.43, 95068869, 1.13, 2.90, 1.45, 587.89301
2017-10-20, 3, zhong_du, 10.34, 9.92, 0.71, 9.85, 9.79, 9.94, 9.72, 61830.73, 61063709, 0.73, 2.23, 0.93, 2700.78897
2017-10-23, 2, qing_du, 10.33, 9.88, -0.40, 9.92, 9.98, 10.00, 9.82, 60532.97, 59928963, 0.71, 1.81, 0.91, 776.38197
2017-10-24, 2, qing_du, 10.33, 10.08, 2.02, 9.88, 9.83, 10.10, 9.71, 132073.76, 130663384, 1.56, 3.95, 1.99, 717.448
2017-10-25, 2, qing_du, 10.33, 10.17, 0.89, 10.08, 10.01, 10.17, 9.96, 95441.69, 96142967, 1.13, 2.08, 1.44, 665.86995
2017-10-26, 2, qing_du, 10.32, 10.17, 0.00, 10.17, 10.17, 10.27, 10.07, 103203.58, 104747201, 1.22, 1.97, 1.55, 725.3952
2017-10-27, 2, qing_du, 10.32, 9.75, -4.13, 10.17, 10.17, 10.18, 9.75, 129511.05, 128425680, 1.53, 4.23, 1.95, 672.29605
2017-10-30, 2, qing_du, 10.31, 9.25, -5.13, 9.75, 9.69, 9.72, 9.22, 107215.86, 101118891, 1.26, 5.13, 1.61, 731.03881
2017-10-31, 1, wei_ruo, 10.30, 9.29, 0.43, 9.25, 9.30, 9.43, 9.23, 67543.56, 62870239, 0.80, 2.16, 1.02, 721.838
2017-11-01, 1, wei_ruo, 10.29, 9.22, -0.75, 9.29, 9.28, 9.41, 9.20, 90170.6, 83970094, 1.06, 2.26, 1.36, 767.16113
2017-11-02, 1, wei_ruo, 10.27, 8.95, -2.93, 9.22, 9.18, 9.24, 8.90, 104482, 93960647, 1.23, 3.69, 1.57, 832.88598
2017-11-03, 1, wei_ruo, 10.26, 9.00, 0.56, 8.95, 8.92, 9.02, 8.81, 69495.89, 61913175, 0.82, 2.35, 1.05, 1582.60703
2017-11-06, 1, wei_ruo, 10.25, 9.15, 1.67, 9.00, 8.99, 9.17, 8.91, 76278.31, 69333268, 0.90, 2.89, 1.15, 2655.47895
2017-11-07, 1, wei_ruo, 10.24, 9.08, -0.77, 9.15, 9.15, 9.19, 9.01, 41807.62, 37871325, 0.49, 1.97, 1.26, 616.35089
2017-11-08, 1, wei_ruo, 10.23, 9.13, 0.00, 9.13, 9.08, 9.27, 9.08, 64340.93, 59094810, 0.76, 2.08, 0.97, 4750.21005
2017-11-09, 1, wei_ruo, 10.22, 9.08, -0.77, 9.15, 9.15, 9.19, 9.01, 41807.62, 37871325, 0.49, 1.97, 1.26, 2666.24904
2017-11-10, 1, wei_ruo, 10.21, 9.08, -0.77, 9.15, 9.15, 9.19, 9.01, 41807.62, 37871325, 0.49, 1.97, 1.26, 908.14281
2017-11-13, 1, wei_ruo, 10.20, 9.20, -2.44, 9.43, 9.39, 9.41, 9.19, 86174.32, 80066777, 1.02, 2.33, 1.05, 662.28199
2017-11-14, 1, wei_ruo, 10.19, 8.96, -2.61, 9.20, 9.16, 9.23, 8.93, 97391.06, 88029026, 1.15, 3.26, 1.16, 889.97602
2017-11-15, 1, wei_ruo, 10.17, 9.27, 3.46, 8.96, 8.91, 9.28, 8.86, 101442.48, 92456017, 1.20, 4.69, 1.14, 850.62099
2017-11-16, 1, wei_ruo, 10.16, 9.17, -1.08, 9.27, 9.30, 9.32, 9.11, 87884.3, 81069715, 1.04, 2.27, 0.92, 930.79615
2017-11-17, 1, wei_ruo, 10.15, 8.68, -5.34, 9.17, 9.10, 9.20, 8.61, 97938.4, 87174474, 1.15, 6.43, 0.98, 841.56704
2017-11-20, 1, wei_ruo, 10.13, 8.66, -0.23, 8.68, 8.62, 8.72, 8.29, 83801.54, 71244176, 0.99, 4.95, 0.89, 701.17497
2017-11-21, 1, wei_ruo, 10.12, 8.77, 1.27, 8.66, 8.61, 8.87, 8.56, 72923.46, 63710303, 0.86, 3.58, 0.78, 582.63898
2017-11-22, 1, wei_ruo, 10.11, 8.79, 0.23, 8.77, 8.77, 8.93, 8.64, 63437.84, 55782281, 0.75, 3.31, 0.71, 738.99984
2017-11-23, 1, wei_ruo, 10.10, 8.55, -2.73, 8.79, 8.81, 8.85, 8.55, 51033.61, 44656496, 0.60, 3.41, 0.63, 2639.54496
2017-11-24, 1, wei_ruo, 10.09, 8.86, 3.63, 8.55, 8.54, 9.11, 8.51, 105731.88, 94177924, 1.25, 7.02, 1.43, 733.58107
2017-11-27, 1, wei_ruo, 10.08, 8.91, 0.56, 8.86, 8.95, 9.17, 8.83, 90635.08, 81592068, 1.07, 3.84, 1.20, 842.08202
2017-11-28, 1, wei_ruo, 10.07, 9.14, 2.58, 8.91, 8.85, 9.15, 8.80, 68339.52, 61436984, 0.81, 3.93, 0.89, 659.49106
2017-11-29, 1, wei_ruo, 10.06, 9.04, -1.09, 9.14, 9.12, 9.13, 8.87, 68368.39, 61524075, 0.81, 2.84, 0.90, 619.51709
2017-11-30, 1, wei_ruo, 10.05, 8.91, -1.44, 9.04, 8.84, 9.05, 8.84, 39486.03, 35294183, 0.47, 2.32, 0.51, 971.54713
2017-12-01, 1, wei_ruo, 10.04, 9.09, 2.02, 8.91, 8.90, 9.15, 8.86, 67429.73, 61122285, 0.79, 3.25, 0.90, 680.39012
2017-12-04, 1, wei_ruo, 10.04, 8.90, -2.09, 9.09, 9.01, 9.09, 8.86, 53707.46, 48150739, 0.63, 2.53, 0.80, 741.38188
2017-12-05, 1, wei_ruo, 10.03, 8.64, -2.92, 8.90, 8.80, 8.95, 8.57, 51628.85, 45037176, 0.61, 4.27, 0.87, 1107.43713
2017-12-06, 1, wei_ruo, 10.02, 8.84, 2.31, 8.64, 8.58, 8.85, 8.58, 36603.38, 31820411, 0.43, 3.13, 0.65, 619.82989
2017-12-07, 1, wei_ruo, 10.01, 8.99, 1.70, 8.84, 8.84, 9.13, 8.76, 75803.89, 68044824, 0.89, 4.19, 1.52, 548.29502
2017-12-08, 1, wei_ruo, 10.00, 9.25, 2.89, 8.99, 8.96, 9.30, 8.96, 128544.68, 117932239, 1.52, 3.78, 2.25, 1213.93514
2017-12-11, 1, wei_ruo, 9.99, 9.25, 0.00, 9.25, 9.32, 9.40, 9.19, 113128.7, 105357064, 1.33, 2.27, 1.63, 614.11905
2017-12-12, 1, wei_ruo, 9.99, 9.30, 0.54, 9.25, 9.25, 9.33, 9.14, 76227.04, 70409749, 0.90, 2.05, 0.94, 2668.0541
2017-12-13, 1, wei_ruo, 9.98, 9.28, -0.22, 9.30, 9.27, 9.31, 9.15, 64148.76, 59366148, 0.76, 1.72, 0.75, 699.79191
2017-12-14, 1, wei_ruo, 9.97, 9.27, -0.11, 9.28, 9.24, 9.30, 9.09, 71267.92, 65466333, 0.84, 2.26, 0.78, 1239.48193
2017-12-15, 1, wei_ruo, 9.97, 9.16, -1.19, 9.27, 9.24, 9.31, 9.09, 56433.92, 51873968, 0.67, 2.37, 0.62, 577.67892
2017-12-18, 1, wei_ruo, 9.96, 8.92, -2.62, 9.16, 9.16, 9.20, 8.86, 53262.26, 47963469, 0.63, 3.71, 0.70, 1022.07208
2017-12-19, 1, wei_ruo, 9.96, 9.12, 2.24, 8.92, 8.88, 9.12, 8.88, 57420.69, 51860000, 0.68, 2.69, 0.89, 759.44591
2017-12-20, 2, qing_du, 9.94, 9.36, 2.63, 9.12, 9.15, 9.47, 9.11, 159182.19, 148624088, 1.88, 3.95, 2.63, 2652.47202
2017-12-21, 2, qing_du, 9.94, 9.60, 2.56, 9.36, 9.29, 9.64, 9.26, 163032.58, 154908675, 1.92, 4.06, 2.05, 622.88189
2017-12-22, 3, zhong_du, 9.93, 9.42, -1.88, 9.60, 9.58, 9.58, 9.39, 91491.05, 86572466, 1.08, 1.98, 0.93, 781.92902
2017-12-25, 3, zhong_du, 9.93, 9.32, -1.06, 9.42, 9.42, 9.44, 9.24, 75421.21, 70444836, 0.89, 2.12, 0.72, 2564.01896
2017-12-26, 3, zhong_du, 9.92, 9.38, 0.64, 9.32, 9.33, 9.56, 9.30, 96217.8, 90720956, 1.13, 2.79, 0.88, 492.49387
2017-12-27, 3, zhong_du, 9.91, 9.15, -2.45, 9.38, 9.38, 9.38, 9.11, 86369.93, 79315580, 1.02, 2.88, 0.74, 647.75705
2017-12-29, 3, zhong_du, 9.90, 9.52, 0.32, 9.49, 9.49, 9.65, 9.45, 107756.15, 102915898, 1.27, 2.11, 1.31, 733.29806
2018-01-03, 4, gao_du, 9.89, 9.65, 1.37, 9.52, 9.58, 9.68, 9.45, 115689.64, 110865458, 1.36, 2.42, 1.30, 2043.65301
2018-01-04, 4, gao_du, 9.89, 9.41, -2.49, 9.65, 9.55, 9.62, 9.38, 112949.81, 107005566, 1.17, 2.49, 1.22, 749.92704
2018-01-05, 5, qiang_lie, 9.88, 9.53, 1.28, 9.41, 9.40, 9.70, 9.33, 138309.78, 132318540, 1.43, 3.93, 1.41, 704.88095
2018-01-08, 5, qiang_lie, 9.88, 9.56, 0.31, 9.53, 9.49, 9.57, 9.30, 92748.09, 87333608, 0.96, 2.83, 0.81, 559.67689
2018-01-09, 5, qiang_lie, 9.87, 9.90, 3.56, 9.56, 9.50, 9.94, 9.39, 203427.47, 198388804, 2.11, 5.75, 1.79, 728.96504
2018-01-10, 5, qiang_lie, 9.88, 10.03, 1.31, 9.90, 9.92, 10.11, 9.71, 211318.02, 209718314, 2.19, 4.04, 1.59, 1182.01303
2018-01-11, 5, qiang_lie, 9.89, 10.47, 4.39, 10.03, 9.98, 10.60, 9.89, 270495.72, 279718192, 2.80, 7.08, 1.78, 693.09402
2018-01-12, 5, qiang_lie, 9.89, 10.16, -2.96, 10.47, 10.37, 10.37, 10.10, 154678.41, 158052838, 1.60, 2.58, 0.84, 684.03006
2018-01-15, 5, qiang_lie, 9.89, 9.51, -6.40, 10.16, 10.11, 10.12, 9.50, 201822.14, 196733392, 2.09, 6.10, 1.08, 599.67494
2018-01-16, 4, gao_du, 9.89, 9.68, 1.79, 9.51, 9.51, 9.71, 9.42, 126698.28, 121538809, 1.31, 3.05, 0.61, 593.69612
2018-01-17, 3, zhong_du, 9.88, 9.56, -1.24, 9.68, 9.71, 9.74, 9.39, 104180.76, 99428867, 1.08, 3.62, 0.54, 541.471
2018-01-18, 3, zhong_du, 9.88, 9.36, -2.09, 9.56, 9.55, 9.60, 9.26, 91543.81, 86290494, 0.95, 3.56, 0.54, 574.01299
2018-01-19, 3, zhong_du, 9.87, 9.31, -0.53, 9.36, 9.33, 9.48, 9.25, 70346.26, 65854248, 0.73, 2.46, 0.52, 623.58212
2018-01-22, 3, zhong_du, 9.87, 9.37, 0.64, 9.31, 9.31, 9.44, 9.10, 72110.12, 67049706, 0.75, 3.65, 0.61, 648.94295
2018-01-23, 2, qing_du, 9.87, 9.28, -0.96, 9.37, 9.39, 9.40, 9.27, 47061.64, 43878579, 0.49, 1.39, 0.51, 766.4001
2018-01-24, 2, qing_du, 9.86, 9.37, 0.97, 9.28, 9.28, 9.41, 9.15, 64652.07, 60242923, 0.67, 2.80, 0.84, 585.39891
2018-01-25, 2, qing_du, 9.86, 9.46, 0.96, 9.37, 9.36, 9.59, 9.29, 97772.86, 92548677, 1.01, 3.20, 1.41, 762.45308
2018-01-26, 2, qing_du, 9.85, 9.21, -2.64, 9.46, 9.42, 9.51, 9.18, 98093.96, 91436382, 1.02, 3.49, 1.39, 658.03313
2018-01-29, 2, qing_du, 9.84, 8.90, -3.37, 9.21, 9.20, 9.22, 8.83, 99772.9, 89710289, 1.03, 4.23, 1.31, 831.74992
2018-01-30, 1, wei_ruo, 9.84, 8.87, -0.34, 8.90, 8.81, 8.94, 8.81, 25177.21, 22380507, 0.26, 1.46, 0.31, 472.29004
2018-01-31, 1, wei_ruo, 9.84, 8.70, -1.92, 8.87, 8.88, 8.89, 8.65, 43532, 37969054, 0.45, 2.71, 0.56, 775.47002
2018-02-01, 1, wei_ruo, 9.83, 8.60, -1.15, 8.70, 8.80, 8.86, 8.51, 48467.96, 42319266, 0.50, 4.02, 0.67, 846.9789
2018-02-02, 1, wei_ruo, 9.83, 8.76, 1.86, 8.60, 8.58, 8.78, 8.48, 38234.04, 33135715, 0.40, 3.49, 0.61, 630.61786
2018-02-05, 1, wei_ruo, 9.82, 8.82, 0.68, 8.76, 8.70, 8.92, 8.62, 35371, 31255484, 0.37, 3.42, 0.69, 903.64003
2018-02-06, 1, wei_ruo, 9.81, 8.25, -6.46, 8.82, 8.70, 8.89, 8.04, 66990.25, 57637703, 0.69, 9.64, 1.76, 755.01895
2018-02-07, 1, wei_ruo, 9.81, 8.27, 0.24, 8.25, 8.25, 8.55, 8.07, 43854.86, 36400433, 0.45, 5.82, 0.94, 2839.16497
2018-02-08, 1, wei_ruo, 9.80, 8.45, 2.18, 8.27, 8.30, 8.49, 8.27, 33767.65, 28461316, 0.35, 2.66, 0.72, 884.2268
2018-02-09, 1, wei_ruo, 9.79, 8.14, -3.67, 8.45, 8.20, 8.37, 7.94, 57679.28, 46906929, 0.60, 5.09, 1.45, 829.10895
2018-02-12, 1, wei_ruo, 9.79, 8.34, 2.46, 8.14, 8.25, 8.39, 8.14, 28958.05, 24016047, 0.30, 3.07, 0.64, 2758.23402
2018-02-13, 1, wei_ruo, 9.78, 8.34, 0.00, 8.34, 8.41, 8.50, 8.34, 27286.62, 22969815, 0.28, 1.92, 0.67, 642.69209
2018-02-14, 1, wei_ruo, 9.78, 8.31, -0.36, 8.34, 8.35, 8.38, 8.25, 15699, 13035318, 0.16, 1.56, 0.55, 2736.86099
