2015-08-20, 1, wei_ruo, 19.21, 15.81, -5.33, 16.70, 16.20, 16.85, 15.70, 124517.9, 202848614, 2.61, 6.89, 0.70, 835.57987
2015-08-21, 1, wei_ruo, 19.11, 14.70, -7.02, 15.81, 15.60, 15.71, 14.58, 117370.24, 177961025, 2.46, 7.15, 0.70, 3115.13591
2015-08-24, 1, wei_ruo, 18.99, 13.23, -10.00, 14.70, 14.00, 14.50, 13.23, 104524.32, 139829297, 2.19, 8.64, 0.70, 2935.15301
2015-08-25, 1, wei_ruo, 18.91, 11.91, -9.98, 13.23, 11.92, 12.12, 11.91, 53433, 63661165, 1.12, 1.59, 0.38, 1214.51712
2015-08-26, 1, wei_ruo, 18.33, 10.72, -9.99, 11.91, 12.00, 12.29, 10.72, 359932.11, 405093243, 7.55, 13.18, 3.05, 2971.91381
2015-10-29, 4, gao_du, 14.79, 15.39, 0.07, 15.38, 15.44, 15.69, 15.20, 129477.39, 200056022, 2.72, 3.19, 0.59, 10129.68087
2015-10-30, 4, gao_du, 14.84, 15.77, 2.47, 15.39, 15.37, 16.17, 15.22, 246063.98, 389804353, 5.16, 6.17, 1.24, 957.757
2015-11-02, 4, gao_du, 14.86, 15.48, -1.84, 15.77, 15.09, 16.13, 14.88, 166639.16, 261109435, 3.50, 7.93, 0.83, 1334.47409
2015-11-03, 4, gao_du, 14.87, 15.28, -1.29, 15.48, 15.37, 15.67, 15.10, 123939.88, 190539992, 2.60, 3.68, 0.67, 3056.50997
2015-11-04, 5, qiang_lie, 14.94, 16.43, 7.53, 15.28, 15.33, 16.54, 15.33, 239233.17, 382744825, 5.02, 7.92, 1.43, 1276.28207
2015-11-05, 5, qiang_lie, 15.03, 16.40, -0.18, 16.43, 16.44, 17.15, 16.33, 270558.69, 451518733, 5.68, 4.99, 1.49, 1254.97198
2015-11-06, 5, qiang_lie, 15.11, 17.14, 4.51, 16.40, 16.41, 17.19, 16.18, 212529.28, 360639607, 4.46, 6.16, 1.02, 1726.34411
2015-11-09, 5, qiang_lie, 15.19, 17.14, 0.00, 17.14, 17.01, 17.34, 16.57, 191631.41, 324292377, 4.02, 4.49, 0.95, 17082.36003
2015-11-10, 5, qiang_lie, 15.26, 16.71, -2.51, 17.14, 16.95, 17.15, 16.40, 219972.86, 368083320, 4.62, 4.38, 1.06, 407.92179
2015-11-11, 5, qiang_lie, 15.26, 17.05, 2.03, 16.71, 16.70, 17.17, 16.56, 188637.05, 318993242, 3.96, 3.65, 0.83, 268.02897
2015-11-12, 5, qiang_lie, 15.42, 17.14, 0.53, 17.05, 17.30, 17.80, 16.91, 221228.5, 381755150, 4.64, 5.22, 1.02, 1184.60608
2015-11-13, 5, qiang_lie, 15.46, 16.51, -3.68, 17.14, 16.71, 16.90, 16.35, 167906.49, 279850995, 3.52, 3.21, 0.81, 1107.47814
2015-11-16, 5, qiang_lie, 15.49, 16.90, 2.36, 16.51, 16.05, 16.90, 16.05, 127776.05, 211553423, 2.68, 5.15, 0.65, 944.3531
2015-11-17, 5, qiang_lie, 15.53, 16.51, -2.31, 16.90, 17.15, 17.17, 16.48, 149024.56, 250848534, 3.13, 4.08, 0.81, 1024.75214
2015-11-18, 5, qiang_lie, 15.54, 15.90, -3.69, 16.51, 16.43, 16.62, 15.80, 113569.59, 184607575, 2.38, 4.97, 0.66, 1240.92698
2015-11-19, 5, qiang_lie, 15.57, 16.74, 5.28, 15.90, 16.00, 16.77, 16.00, 150351.54, 246178589, 3.16, 4.84, 0.96, 32489.6481
2015-11-20, 5, qiang_lie, 15.64, 17.18, 2.63, 16.74, 16.70, 17.39, 16.64, 228252.64, 388783100, 4.79, 4.48, 1.61, 32263.32307
2015-11-23, 5, qiang_lie, 15.73, 17.24, 0.35, 17.18, 17.08, 17.78, 17.08, 222727.2, 387961439, 4.67, 4.07, 1.45, 2602.74887
2015-11-24, 5, qiang_lie, 15.80, 17.82, 3.36, 17.24, 17.27, 17.88, 16.91, 193182.62, 338589584, 4.05, 5.63, 1.12, 1170.69006
2015-11-25, 5, qiang_lie, 15.98, 18.90, 6.06, 17.82, 17.82, 19.49, 17.71, 305338.65, 569562932, 6.41, 9.99, 1.68, 1030.65705
2015-11-26, 5, qiang_lie, 16.28, 19.85, 5.03, 18.90, 19.10, 20.28, 18.53, 395816.85, 774058153, 8.31, 9.26, 1.80, 925.25816
2015-11-27, 5, qiang_lie, 16.42, 17.89, -9.87, 19.85, 19.70, 19.70, 17.87, 304567.82, 574160618, 6.39, 9.22, 1.13, 895.55502
2015-11-30, 5, qiang_lie, 16.47, 17.61, -1.57, 17.89, 17.93, 18.20, 16.60, 212795.03, 370910576, 4.47, 8.94, 0.75, 2880.7621
2015-12-01, 5, qiang_lie, 16.52, 17.25, -2.04, 17.61, 17.46, 18.10, 17.20, 202912.8, 357623057, 4.26, 5.11, 0.81, 1067.93499
2015-12-02, 5, qiang_lie, 16.53, 17.05, -2.90, 17.56, 17.54, 17.56, 16.50, 134826.39, 229129952, 2.83, 6.04, 0.51, 1021.86894
2015-12-03, 4, gao_du, 16.53, 17.56, 2.99, 17.05, 17.15, 17.65, 17.02, 142457.93, 247987463, 2.99, 3.70, 0.56, 1093.40811
2015-12-04, 4, gao_du, 16.70, 17.26, -1.71, 17.56, 17.45, 17.88, 17.11, 157375.35, 275307756, 3.30, 4.38, 0.77, 641.01911
2015-12-07, 4, gao_du, 16.72, 17.29, 0.17, 17.26, 17.28, 17.46, 16.75, 155254.03, 266612338, 3.26, 4.11, 0.89, 662.74691
2015-12-08, 4, gao_du, 16.72, 16.86, -2.49, 17.29, 17.10, 17.22, 16.86, 93278.16, 158574369, 1.96, 2.08, 0.57, 854.75898
2015-12-09, 4, gao_du, 16.72, 16.68, -1.07, 16.86, 16.66, 16.88, 16.50, 91862.79, 153120994, 1.93, 2.25, 0.66, 2545.50695
2015-12-10, 3, zhong_du, 16.71, 16.37, -1.86, 16.68, 16.52, 16.86, 16.29, 118670.63, 196305613, 2.49, 3.42, 0.93, 765.18607
2015-12-11, 3, zhong_du, 16.71, 16.77, 2.44, 16.37, 16.38, 16.98, 16.30, 123159.71, 205571565, 2.59, 4.15, 1.00, 1258.16894
2015-12-14, 3, zhong_du, 16.77, 17.62, 5.07, 16.77, 17.54, 18.45, 17.00, 293581.22, 522688534, 6.16, 8.65, 2.52, 922.647
2015-12-15, 3, zhong_du, 16.86, 18.50, 4.99, 17.62, 17.61, 18.79, 17.50, 287000.08, 522978347, 6.02, 7.32, 1.99, 1659.83701
2015-12-16, 3, zhong_du, 17.03, 19.07, 3.08, 18.50, 18.50, 19.78, 18.18, 371857.01, 702089098, 7.81, 8.65, 2.03, 3856.0698
2015-12-17, 4, gao_du, 17.17, 19.33, 1.36, 19.07, 19.11, 19.78, 18.97, 277093.86, 537066292, 5.82, 4.25, 1.16, 899.04499
2015-12-18, 5, qiang_lie, 17.46, 20.32, 5.12, 19.33, 19.15, 20.96, 18.93, 482028.01, 972006892, 10.12, 10.50, 1.78, 1046.32306
2015-12-21, 5, qiang_lie, 17.76, 21.67, 6.64, 20.32, 20.53, 21.90, 20.53, 363666.59, 777455571, 7.63, 6.74, 1.06, 2048.1689
2015-12-22, 5, qiang_lie, 18.23, 23.53, 8.58, 21.67, 21.99, 23.56, 20.98, 457682.58, 1015284459, 9.61, 11.91, 1.28, 2793.25914
2015-12-23, 5, qiang_lie, 18.51, 22.40, -4.80, 23.53, 22.94, 23.38, 21.70, 309719.41, 695829620, 6.50, 7.14, 0.79, 2787.16183
2015-12-24, 5, qiang_lie, 18.64, 22.23, -0.76, 22.40, 22.00, 22.50, 21.57, 176396.17, 389241781, 3.70, 4.15, 0.47, 2828.48716
2015-12-25, 5, qiang_lie, 18.75, 21.83, -1.80, 22.23, 22.01, 22.57, 21.60, 147415.39, 326257714, 3.09, 4.36, 0.41, 827.281
2015-12-28, 5, qiang_lie, 18.95, 22.10, 1.24, 21.83, 21.90, 23.58, 21.80, 257874, 585768152, 5.41, 8.15, 0.89, 1137.25901
2015-12-29, 5, qiang_lie, 19.04, 22.34, 1.09, 22.10, 21.95, 22.55, 21.45, 133687.2, 294148208, 2.81, 4.98, 0.50, 1083.004
2015-12-30, 5, qiang_lie, 19.24, 23.68, 6.00, 22.34, 22.25, 23.79, 22.25, 226433.8, 528300470, 4.75, 6.89, 0.84, 2841.73608
2015-12-31, 5, qiang_lie, 19.36, 22.51, -4.94, 23.68, 23.38, 23.73, 22.50, 158352.66, 363463453, 3.32, 5.19, 0.59, 961.36308
2016-01-04, 5, qiang_lie, 19.44, 20.26, -10.00, 22.51, 22.60, 22.65, 20.26, 224699.94, 460118017, 4.72, 10.62, 1.30, 1010.74886
2016-01-05, 5, qiang_lie, 19.38, 18.24, -9.97, 20.26, 18.33, 19.60, 18.23, 395895.15, 735084207, 8.31, 6.76, 1.47, 4532.78899
2016-01-06, 4, gao_du, 19.32, 18.75, 2.80, 18.24, 18.40, 18.93, 17.61, 300016.88, 546865939, 6.30, 7.24, 1.11, 1009.3329
2016-01-07, 3, zhong_du, 19.29, 16.88, -9.97, 18.75, 18.10, 18.18, 16.88, 71655.03, 125628058, 1.50, 6.93, 2.20, 803.90501
2016-07-18, 2, qing_du, 19.24, 18.55, 10.02, 16.86, 18.55, 18.55, 18.55, 158219.15, 293496523, 3.32, 0.00, 0.70, 4225.95501
2016-07-19, 2, qing_du, 19.32, 20.41, 10.03, 18.55, 20.00, 20.41, 19.60, 404786.99, 817703433, 8.50, 4.37, 1.76, 2713.66405
2016-07-20, 2, qing_du, 19.32, 20.96, 2.69, 20.41, 21.41, 22.05, 20.62, 818268.14, 1751562300, 17.17, 7.01, 3.56, 2599.68996
2016-07-21, 3, zhong_du, 19.97, 22.53, 7.49, 20.96, 20.89, 22.76, 20.34, 697528.3, 1510839340, 14.64, 11.55, 3.03, 2774.42694
2016-07-22, 3, zhong_du, 20.11, 21.50, -4.57, 22.53, 21.81, 22.30, 21.20, 382864.56, 833256684, 7.81, 4.88, 1.66, 2902.29297
2016-07-25, 4, gao_du, 20.10, 19.35, -10.00, 21.50, 21.10, 21.26, 19.35, 390552.43, 782778490, 7.97, 8.88, 1.70, 4747.69998
2016-07-26, 3, zhong_du, 20.01, 19.12, -1.19, 19.35, 18.91, 19.26, 18.68, 399157.27, 755879128, 8.14, 3.00, 1.73, 1037.03308
2016-07-27, 3, zhong_du, 19.80, 17.43, -8.84, 19.12, 19.02, 19.20, 17.21, 490983.89, 879505744, 10.02, 10.41, 2.13, 6477.91314
2016-07-28, 2, qing_du, 19.55, 16.89, -3.10, 17.43, 17.30, 17.30, 15.99, 394327.37, 659168341, 8.04, 7.52, 1.71, 4809.11803
2016-07-29, 1, wei_ruo, 19.41, 16.66, -1.36, 16.89, 16.72, 16.87, 16.14, 240560.98, 396535805, 4.91, 4.32, 1.05, 14221.33708
2016-08-01, 1, wei_ruo, 19.28, 17.27, 3.66, 16.66, 16.66, 17.38, 16.50, 270139.79, 458818741, 5.51, 5.28, 1.17, 6684.72099
2016-08-02, 1, wei_ruo, 19.20, 17.46, 1.10, 17.27, 17.02, 17.59, 17.02, 200590.8, 347677334, 4.09, 3.30, 0.87, 14502.5351
2016-08-03, 1, wei_ruo, 19.11, 17.02, -2.52, 17.46, 17.50, 17.55, 16.78, 220462.78, 376372969, 4.50, 4.41, 0.92, 1427.84595
2016-08-04, 1, wei_ruo, 19.01, 18.30, 7.52, 17.02, 17.03, 18.69, 16.91, 417224.63, 750408966, 8.51, 10.46, 1.77, 14557.19113
2016-08-05, 1, wei_ruo, 18.97, 18.31, 0.05, 18.30, 18.25, 19.12, 18.22, 371692.6, 692995464, 7.58, 4.92, 1.55, 3315.51409
2016-08-08, 1, wei_ruo, 18.94, 18.25, -0.33, 18.31, 17.94, 18.66, 17.81, 190949.05, 349010858, 3.90, 4.64, 0.74, 662.11319
2016-08-09, 1, wei_ruo, 18.93, 18.66, 2.25, 18.25, 18.33, 18.95, 18.00, 213900.56, 396264990, 4.36, 5.21, 0.76, 4595.72101
2016-08-10, 1, wei_ruo, 18.92, 18.71, 0.27, 18.66, 18.51, 19.12, 18.48, 236852.68, 446265429, 4.83, 3.43, 0.84, 4895.48111
2016-08-11, 1, wei_ruo, 18.95, 19.11, 2.08, 18.72, 18.97, 19.78, 18.73, 437095.38, 842239307, 8.92, 5.61, 1.52, 450.20294
2016-08-15, 2, qing_du, 19.09, 20.28, 1.81, 19.92, 20.10, 20.35, 19.20, 433738.06, 858072031, 8.85, 5.77, 1.45, 725.6608
2016-08-16, 2, qing_du, 19.14, 19.60, -3.35, 20.28, 19.90, 19.90, 19.53, 411345.29, 809480202, 8.39, 1.82, 1.17, 638.66901
2016-08-17, 2, qing_du, 19.16, 19.59, -0.05, 19.60, 19.61, 20.01, 19.20, 299452.87, 590784290, 6.11, 4.13, 0.77, 14427.16098
2016-08-18, 2, qing_du, 19.17, 19.04, -2.81, 19.59, 19.35, 19.69, 18.88, 198798.33, 383766296, 4.06, 4.13, 0.49, 14805.1579
2016-08-19, 2, qing_du, 19.16, 18.70, -1.79, 19.04, 18.95, 19.15, 18.58, 154893.1, 290242745, 3.16, 2.99, 0.44, 967.69404
2016-08-22, 1, wei_ruo, 19.15, 18.72, 0.11, 18.70, 18.77, 19.12, 18.63, 128876.39, 243277635, 2.63, 2.62, 0.43, 2619.29202
2016-08-23, 1, wei_ruo, 19.14, 18.57, -0.80, 18.72, 18.65, 18.79, 18.43, 99461.62, 184737154, 2.03, 1.92, 0.42, 726.93491
2016-08-24, 1, wei_ruo, 19.13, 18.60, 0.16, 18.57, 18.57, 18.99, 18.57, 102743.77, 192830627, 2.10, 2.26, 0.58, 763.88192
2016-08-25, 1, wei_ruo, 19.10, 18.21, -2.10, 18.60, 18.60, 18.60, 17.84, 135827.04, 245824492, 2.77, 4.09, 0.99, 2489.3868
2016-08-26, 1, wei_ruo, 19.08, 18.69, 2.64, 18.21, 18.37, 18.97, 18.28, 178603.01, 335025551, 3.64, 3.79, 1.44, 592.31591
2016-08-29, 1, wei_ruo, 19.08, 18.78, 0.48, 18.69, 18.72, 19.08, 18.40, 124072.04, 234062056, 2.53, 3.64, 0.96, 788.97715
2016-08-30, 1, wei_ruo, 19.06, 18.33, -2.40, 18.78, 18.78, 18.90, 18.25, 123079.72, 229025269, 2.51, 3.46, 0.96, 539.56985
2016-08-31, 1, wei_ruo, 19.03, 17.78, -3.00, 18.33, 18.25, 18.35, 17.60, 73215.44, 130492748, 1.49, 4.09, 3.08, 2703.68004
2016-09-01, 1, wei_ruo, 19.00, 17.70, -1.06, 17.89, 17.82, 17.96, 17.66, 80328.49, 142629137, 1.64, 1.68, 0.56, 628.56293
2016-09-02, 1, wei_ruo, 19.00, 17.65, -0.28, 17.70, 17.67, 17.93, 17.18, 115044.36, 201254590, 2.35, 4.24, 0.80, 6272.89605
2016-09-05, 1, wei_ruo, 19.00, 17.63, -0.11, 17.65, 17.60, 17.80, 17.52, 61797.76, 109043624, 1.26, 1.59, 0.43, 1654.07395
2016-09-06, 1, wei_ruo, 19.00, 18.72, 6.18, 17.63, 17.63, 18.84, 17.34, 203018.67, 370889659, 4.14, 8.51, 1.41, 1868.23511
2016-09-07, 1, wei_ruo, 19.00, 17.78, -3.00, 18.33, 18.25, 18.35, 17.60, 73215.44, 130492748, 1.49, 4.09, 3.08, 2633.30102
2016-09-08, 1, wei_ruo, 19.00, 17.78, -3.00, 18.33, 18.25, 18.35, 17.60, 73215.44, 130492748, 1.49, 4.09, 3.08, 2702.003
2016-09-09, 1, wei_ruo, 19.00, 19.28, -1.53, 19.58, 19.88, 20.21, 19.25, 350759.94, 695714603, 7.16, 4.90, 2.43, 6705.81102
2016-09-12, 1, wei_ruo, 19.00, 17.78, -3.00, 18.33, 18.25, 18.35, 17.60, 73215.44, 130492748, 1.49, 4.09, 3.08, 659.46698
2016-09-13, 2, qing_du, 19.00, 17.78, -3.00, 18.33, 18.25, 18.35, 17.60, 73215.44, 130492748, 1.49, 4.09, 3.08, 2586.29584
2016-09-14, 1, wei_ruo, 19.00, 17.78, -3.00, 18.33, 18.25, 18.35, 17.60, 73215.44, 130492748, 1.49, 4.09, 3.08, 899.04499
2016-09-19, 1, wei_ruo, 19.00, 17.54, 0.11, 17.52, 17.60, 17.85, 17.27, 97325.77, 170340499, 1.99, 3.31, 0.68, 2670.16387
2016-09-20, 1, wei_ruo, 19.00, 17.28, -1.37, 17.52, 17.52, 17.55, 16.94, 139617.06, 239166830, 2.85, 3.48, 0.97, 509.60517
2016-09-21, 1, wei_ruo, 19.00, 17.36, 0.46, 17.28, 17.31, 17.41, 17.17, 77313.81, 134013105, 1.58, 1.39, 0.54, 2525.29287
2016-09-22, 1, wei_ruo, 19.00, 17.46, 0.58, 17.36, 17.46, 17.49, 17.27, 94366.31, 163725578, 1.93, 1.27, 0.66, 593.894
2016-09-23, 1, wei_ruo, 19.00, 17.16, -1.72, 17.46, 17.34, 17.44, 17.13, 63479.21, 109494802, 1.30, 1.78, 0.44, 1384.74083
2016-09-26, 1, wei_ruo, 19.00, 16.70, -2.68, 17.16, 17.17, 17.18, 16.39, 108337.04, 181669680, 2.21, 4.60, 0.75, 2237.45108
2016-09-27, 1, wei_ruo, 19.00, 16.88, 1.08, 16.70, 16.60, 16.88, 16.30, 80816.11, 133513587, 1.65, 3.47, 0.56, 752.48003
2016-09-28, 1, wei_ruo, 19.00, 16.90, 0.12, 16.88, 16.88, 17.09, 16.73, 67426.56, 114143420, 1.38, 2.13, 0.47, 648.08798
2016-09-29, 1, wei_ruo, 19.00, 16.77, -0.77, 16.90, 16.90, 17.06, 16.76, 50958.63, 86241209, 1.04, 1.78, 0.35, 3831.24399
2016-09-30, 1, wei_ruo, 19.00, 16.58, -1.13, 16.77, 16.69, 16.75, 16.55, 42657.2, 70863137, 0.87, 1.19, 0.30, 1701.98202
2016-10-10, 1, wei_ruo, 19.00, 17.05, 2.83, 16.58, 16.76, 17.08, 16.65, 88812.74, 150579665, 1.81, 2.59, 0.61, 644.86003
2016-10-11, 1, wei_ruo, 19.00, 17.39, 1.99, 17.05, 17.01, 17.44, 17.00, 95981.62, 165791612, 1.96, 2.58, 0.66, 972.5399
2016-10-12, 1, wei_ruo, 19.00, 17.24, -0.86, 17.39, 17.26, 17.39, 17.00, 69599.66, 119694650, 1.42, 2.24, 0.48, 716.61592
2016-10-13, 1, wei_ruo, 19.00, 16.80, -2.55, 17.24, 17.22, 17.28, 16.70, 103577.29, 175564470, 2.11, 3.36, 0.72, 4146.3182
2016-10-14, 1, wei_ruo, 18.49, 16.85, 0.30, 16.80, 16.80, 16.87, 16.44, 79325.99, 131754396, 1.62, 2.56, 0.55, 4534.49202
2016-10-17, 1, wei_ruo, 18.46, 16.71, -0.83, 16.85, 16.87, 17.00, 16.67, 68371.07, 115042379, 1.39, 1.96, 0.47, 895.20407
2016-10-18, 1, wei_ruo, 18.41, 16.82, -0.18, 16.85, 16.87, 16.93, 16.67, 32537.34, 54685220, 0.66, 1.54, 0.45, 475.63004
2016-10-19, 1, wei_ruo, 18.39, , , , , , , , , , , , 539.86406
2016-10-20, 1, wei_ruo, 18.38, 17.63, -0.23, 17.67, 17.53, 17.82, 17.53, 67866.39, 119891396, 1.38, 1.64, 0.40, 4665.46392
2016-10-21, 1, wei_ruo, 18.37, 17.30, -1.87, 17.63, 17.70, 17.80, 17.11, 88116.01, 153536607, 1.80, 3.91, 0.56, 4699.31698
2016-10-24, 1, wei_ruo, 18.35, 17.34, 0.23, 17.30, 17.36, 17.50, 17.06, 58272.4, 100736828, 1.19, 2.54, 0.39, 1865.31496
2016-10-25, 1, wei_ruo, 18.34, 17.28, -0.29, 17.33, 17.34, 17.46, 17.20, 50336.91, 87180206, 1.03, 1.50, 0.33, 4955.31607
2016-10-26, 1, wei_ruo, 18.33, 16.98, -1.74, 17.28, 17.29, 17.35, 16.95, 68602.81, 117223277, 1.40, 2.31, 0.46, 2532.57203
2016-10-27, 1, wei_ruo, 18.31, 16.93, -0.29, 16.98, 17.18, 17.18, 16.79, 46310.85, 78421544, 0.94, 2.30, 0.31, 2731.65393
2016-10-28, 1, wei_ruo, 18.30, 16.91, -0.12, 16.93, 16.93, 17.16, 16.88, 51039.24, 86655656, 1.04, 1.65, 0.34, 2668.80417
2016-10-31, 1, wei_ruo, 18.28, 16.72, -1.12, 16.91, 16.88, 16.89, 16.58, 63943.4, 106625277, 1.30, 1.83, 0.43, 621.51289
2016-11-01, 1, wei_ruo, 18.25, 16.94, 1.32, 16.72, 16.74, 17.20, 16.71, 86422.02, 146619831, 1.76, 2.93, 0.57, 632.92098
2016-11-02, 1, wei_ruo, 18.23, 16.61, -1.95, 16.94, 16.94, 17.00, 16.55, 64268.94, 107333462, 1.31, 2.66, 0.43, 497.06483
2016-11-03, 1, wei_ruo, 18.20, 16.50, -0.66, 16.61, 16.60, 16.73, 16.38, 94837.45, 156843456, 1.93, 2.11, 0.63, 584.77998
2016-11-04, 1, wei_ruo, 18.18, 16.61, 0.67, 16.50, 16.50, 16.66, 16.48, 56523.05, 93652968, 1.15, 1.09, 0.37, 1790.75098
2016-11-07, 1, wei_ruo, 18.16, 16.55, -0.36, 16.61, 16.51, 16.77, 16.50, 57392.17, 95242995, 1.17, 1.63, 0.38, 686.27596
2016-11-08, 1, wei_ruo, 18.08, 16.24, -1.87, 16.55, 16.65, 16.68, 15.88, 216152.1, 350871631, 4.41, 4.83, 1.45, 445.13512
2016-11-09, 1, wei_ruo, 17.99, 15.99, -1.78, 16.28, 16.11, 16.16, 15.54, 193122.78, 304911317, 3.94, 3.81, 1.28, 592.78202
2016-11-10, 1, wei_ruo, 17.92, 15.95, -0.25, 15.99, 16.01, 16.07, 15.70, 168230.5, 266315070, 3.43, 2.31, 1.13, 932.29818
2016-11-11, 1, wei_ruo, 17.87, 15.95, -0.19, 15.98, 15.89, 15.97, 15.76, 109273.11, 173239313, 2.23, 1.31, 0.72, 2766.84594
2016-11-14, 1, wei_ruo, 17.82, 15.87, -0.50, 15.95, 15.95, 15.96, 15.75, 116539.11, 184339776, 2.38, 1.32, 0.78, 845.7191
2016-11-15, 1, wei_ruo, 17.79, 15.91, 0.32, 15.86, 15.85, 15.96, 15.79, 84681.14, 134486152, 1.73, 1.07, 0.57, 570.61791
2016-11-16, 1, wei_ruo, 17.73, 16.16, 1.57, 15.91, 16.02, 16.17, 15.91, 84726.6, 135836483, 1.73, 1.63, 1.12, 495.72802
2016-11-17, 1, wei_ruo, 17.70, 15.86, 0.00, 15.86, 15.85, 15.96, 15.79, 43508.95, 69070964, 0.89, 1.07, 0.58, 605.6819
2016-11-18, 1, wei_ruo, 17.67, 16.16, 1.57, 15.91, 16.02, 16.17, 15.91, 84726.6, 135836483, 1.73, 1.63, 1.12, 660.80999
2016-11-21, 1, wei_ruo, 17.63, 15.61, -1.08, 15.78, 15.70, 15.81, 15.60, 97403.73, 152512547, 1.99, 1.33, 0.65, 603.92618
2016-11-22, 1, wei_ruo, 17.60, 15.88, 1.73, 15.61, 15.65, 15.88, 15.60, 85712.84, 135034026, 1.75, 1.79, 0.57, 1470.23487
2016-11-23, 1, wei_ruo, 17.54, 15.68, -1.26, 15.88, 15.93, 15.97, 15.48, 145157.77, 227750483, 2.96, 3.09, 0.96, 600.5168
2016-11-24, 1, wei_ruo, 17.52, 15.69, 0.06, 15.68, 15.65, 15.74, 15.57, 74437.78, 116679359, 1.52, 1.08, 0.49, 607.52201
2016-11-25, 1, wei_ruo, 17.48, 15.91, 1.40, 15.69, 15.67, 15.94, 15.47, 87358.7, 137212391, 1.78, 3.00, 0.58, 601.9001
2016-11-28, 1, wei_ruo, 17.46, 15.84, -0.38, 15.90, 15.90, 15.96, 15.81, 63695.93, 101096919, 1.30, 0.94, 0.43, 503.901
2016-11-29, 1, wei_ruo, 17.44, 15.69, -0.95, 15.84, 15.85, 15.88, 15.61, 63227.85, 99397780, 1.29, 1.70, 0.42, 378.09396
2016-11-30, 1, wei_ruo, 17.42, 15.77, 0.45, 15.70, 15.69, 15.88, 15.55, 48641.07, 76547801, 0.99, 2.10, 0.33, 448.48514
2016-12-01, 1, wei_ruo, 17.41, 15.80, 0.19, 15.77, 15.76, 15.83, 15.73, 47478.99, 74955418, 0.97, 0.63, 0.31, 1245.82601
2016-12-02, 1, wei_ruo, 17.38, 15.49, -1.96, 15.80, 15.82, 15.84, 15.49, 65691.45, 102615151, 1.34, 2.22, 0.44, 551.09501
2016-12-05, 1, wei_ruo, 17.34, 15.59, 0.65, 15.49, 15.69, 16.06, 15.52, 131174.57, 207084862, 2.68, 3.49, 0.87, 1053.2639
2016-12-06, 1, wei_ruo, 17.29, 15.48, -0.71, 15.59, 15.54, 15.60, 15.11, 115707.67, 177322832, 2.36, 3.14, 0.77, 1341.55583
2016-12-07, 1, wei_ruo, 17.27, 15.47, -0.06, 15.48, 15.38, 15.52, 15.22, 59424.96, 91496712, 1.21, 1.94, 0.40, 472.11194
2016-12-08, 1, wei_ruo, 17.24, 15.59, 0.78, 15.47, 15.49, 15.77, 15.31, 92288.11, 144155403, 1.88, 2.97, 0.61, 512.32791
2016-12-09, 1, wei_ruo, 17.20, 15.84, 1.60, 15.59, 15.62, 15.96, 15.57, 118225.81, 187310492, 2.41, 2.50, 0.78, 649.65487
2016-12-12, 1, wei_ruo, 17.15, 14.55, -8.14, 15.84, 15.93, 15.93, 14.50, 114196.83, 173921695, 2.33, 9.03, 0.76, 477.12111
2016-12-13, 1, wei_ruo, 17.10, 14.64, 0.62, 14.55, 14.65, 14.66, 13.60, 85100.7, 120792873, 1.74, 7.29, 0.56, 792.40394
2016-12-14, 1, wei_ruo, 17.05, 14.01, -4.30, 14.64, 14.45, 14.55, 13.99, 84340.54, 119571280, 1.72, 3.83, 0.56, 509.66907
2016-12-15, 1, wei_ruo, 16.99, 14.51, 3.57, 14.01, 13.91, 15.15, 13.73, 116061.77, 168544318, 2.37, 10.14, 0.77, 561.88011
2016-12-16, 1, wei_ruo, 16.95, 14.51, 0.00, 14.51, 14.45, 14.53, 14.12, 67614.94, 97246461, 1.38, 2.83, 0.45, 605.92508
2016-12-19, 1, wei_ruo, 16.93, 14.30, -1.45, 14.51, 14.45, 14.55, 14.21, 34620.9, 49719715, 0.71, 2.34, 0.23, 644.64498
2016-12-20, 1, wei_ruo, 16.92, 14.38, 0.56, 14.30, 14.41, 14.57, 14.33, 37123.81, 53559692, 0.76, 1.68, 0.25, 914.87002
2016-12-21, 1, wei_ruo, 16.89, 14.52, 0.97, 14.38, 14.39, 14.55, 14.37, 48354.17, 69789598, 0.99, 1.25, 0.32, 557.18493
2016-12-22, 1, wei_ruo, 16.87, 14.46, -0.41, 14.52, 14.52, 14.60, 14.30, 45594.88, 65948895, 0.93, 2.07, 0.30, 571.9018
2016-12-23, 1, wei_ruo, 16.84, 14.21, -1.73, 14.46, 14.41, 14.51, 14.17, 58744.71, 84130151, 1.20, 2.35, 0.39, 445.28103
2016-12-26, 1, wei_ruo, 16.81, 14.30, 0.63, 14.21, 14.14, 14.33, 13.86, 59602.41, 83968124, 1.22, 3.31, 0.40, 570.8642
2016-12-27, 1, wei_ruo, 16.79, 14.31, 0.07, 14.30, 14.28, 14.40, 14.20, 33987.5, 48609856, 0.69, 1.40, 0.23, 529.82211
2016-12-28, 1, wei_ruo, 16.77, 14.34, 0.21, 14.31, 14.33, 14.46, 14.21, 31297.06, 44802969, 0.64, 1.75, 0.21, 552.423
2016-12-30, 1, wei_ruo, 16.72, 14.19, -0.77, 14.30, 14.15, 14.25, 14.07, 42566.7, 60188644, 0.87, 1.26, 0.28, 1015.6939
2017-01-04, 1, wei_ruo, 16.64, 14.76, 3.80, 14.22, 14.20, 14.89, 14.13, 121415.67, 177081705, 2.48, 5.34, 0.81, 2673.76089
2017-01-05, 1, wei_ruo, 16.60, 15.09, 2.24, 14.76, 14.61, 15.19, 14.55, 125616.43, 187543194, 2.56, 4.34, 0.83, 601.70603
2017-01-06, 1, wei_ruo, 16.57, 15.03, -0.40, 15.09, 15.12, 15.24, 14.88, 93308.34, 140524893, 1.90, 2.39, 0.62, 820.27793
2017-01-09, 1, wei_ruo, 16.56, 15.05, 0.13, 15.03, 15.02, 15.12, 14.90, 40996.95, 61570534, 0.84, 1.46, 0.27, 582.14402
2017-01-10, 1, wei_ruo, 16.55, 15.04, -0.07, 15.05, 15.08, 15.15, 14.91, 32330.22, 48514870, 0.66, 1.59, 0.21, 1295.91703
2017-01-11, 1, wei_ruo, 16.53, 14.79, -1.66, 15.04, 15.06, 15.06, 14.70, 36185.54, 53622226, 0.74, 2.39, 0.24, 2675.06194
2017-01-13, 1, wei_ruo, 16.48, 13.84, -3.28, 14.31, 14.31, 14.40, 13.63, 72157.82, 100656775, 1.47, 5.38, 0.48, 817.72494
2017-01-16, 1, wei_ruo, 16.43, 12.84, -7.23, 13.84, 13.85, 13.92, 12.51, 74245.53, 97792060, 1.51, 10.19, 0.49, 858.36792
2017-01-17, 1, wei_ruo, 16.38, 12.97, 1.01, 12.84, 12.80, 13.07, 12.61, 62996.18, 81435249, 1.29, 3.58, 0.42, 2655.48801
2017-01-18, 1, wei_ruo, 16.36, 15.00, -0.33, 15.05, 15.08, 15.15, 14.94, 14827, 22269528, 0.30, 1.40, 0.20, 713.18197
2017-02-07, 1, wei_ruo, 16.11, 15.53, 4.86, 14.81, 15.03, 15.79, 14.39, 233672.37, 348589579, 4.77, 9.45, 3.51, 685.18806
2017-02-08, 1, wei_ruo, 16.05, 15.44, 4.25, 14.81, 15.03, 15.79, 14.39, 333672.65, 501728810, 6.81, 9.45, 2.21, 2524.90711
2017-02-09, 2, qing_du, 16.01, 15.25, -1.23, 15.44, 15.20, 15.32, 14.97, 200594.55, 303894823, 4.09, 2.27, 1.33, 595.29996
2017-02-10, 3, zhong_du, 15.99, 15.07, -1.18, 15.25, 15.21, 15.21, 14.95, 111353.68, 167691605, 2.27, 1.70, 0.74, 17881.38008
2017-02-13, 3, zhong_du, 15.98, 15.10, 0.20, 15.07, 15.02, 15.20, 14.96, 89554.37, 135046201, 1.83, 1.59, 0.59, 4699.56899
2017-02-14, 3, zhong_du, 15.96, 15.04, -0.40, 15.10, 15.05, 15.16, 14.95, 61879.48, 92953736, 1.26, 1.39, 0.41, 629.05288
2017-02-15, 3, zhong_du, 15.95, 14.87, -1.13, 15.04, 15.02, 15.05, 14.71, 86238.22, 127864395, 1.76, 2.26, 0.57, 4860.89587
2017-02-16, 3, zhong_du, 15.92, 15.33, 3.09, 14.87, 14.90, 15.39, 14.84, 180485.55, 275019921, 3.68, 3.70, 1.20, 925.26984
2017-02-17, 3, zhong_du, 15.90, 15.17, -1.04, 15.33, 15.20, 15.48, 14.92, 106115.29, 161332047, 2.16, 3.65, 0.70, 543.66493
2017-02-20, 3, zhong_du, 15.89, 15.14, -0.20, 15.17, 15.18, 15.25, 14.93, 67351.44, 101506260, 1.37, 2.11, 0.45, 659.4739
2017-02-21, 4, gao_du, 15.88, 15.17, -1.04, 15.33, 15.20, 15.48, 14.92, 106115.29, 161332047, 2.16, 3.65, 0.70, 679.30698
2017-02-22, 4, gao_du, 15.87, 15.52, 1.04, 15.36, 15.45, 15.60, 15.27, 107628.56, 166252701, 2.20, 2.15, 0.71, 4941.26892
2017-02-23, 4, gao_du, 15.86, 15.18, -2.19, 15.52, 15.57, 15.58, 15.10, 96826.83, 147392556, 1.98, 3.09, 0.64, 4848.26803
2017-02-24, 4, gao_du, 15.85, 15.06, -0.79, 15.18, 15.16, 15.17, 15.00, 54300.8, 81880893, 1.11, 1.12, 0.36, 965.03615
2017-02-27, 4, gao_du, 15.84, 14.98, -0.53, 15.06, 15.08, 15.22, 14.88, 61115.92, 91744280, 1.25, 2.26, 0.41, 2575.31691
2017-02-28, 4, gao_du, 15.83, 14.99, 0.07, 14.98, 14.95, 15.03, 14.81, 47322.72, 70533475, 0.97, 1.47, 0.31, 858.80184
2017-03-01, 4, gao_du, 15.82, 15.07, 0.53, 14.99, 14.98, 15.11, 14.91, 55333.41, 83005818, 1.13, 1.33, 0.37, 543.87784
2017-03-02, 4, gao_du, 15.81, 15.11, 0.27, 15.07, 15.07, 15.32, 14.87, 76019.9, 114760311, 1.55, 2.99, 0.50, 1171.25201
2017-03-03, 4, gao_du, 15.79, 15.44, 2.18, 15.11, 15.05, 15.45, 14.81, 141056.53, 215265919, 2.88, 4.24, 0.94, 4867.91515
2017-03-06, 4, gao_du, 15.79, 15.59, 0.97, 15.44, 15.58, 15.85, 15.42, 156787.46, 244526272, 3.20, 2.78, 1.04, 180860.84008
2017-03-07, 5, qiang_lie, 15.78, 15.38, -1.41, 15.60, 15.50, 15.62, 15.31, 41990.52, 64790119, 0.86, 1.99, 0.56, 60777.24409
2017-03-08, 5, qiang_lie, 15.78, 15.45, -0.96, 15.60, 15.50, 15.62, 15.25, 83569.54, 128583265, 1.70, 2.37, 0.55, 860.89301
2017-03-09, 5, qiang_lie, 15.77, 15.14, -2.01, 15.45, 15.33, 15.39, 14.93, 84881.31, 128251661, 1.73, 2.98, 0.56, 381.85596
2017-03-10, 5, qiang_lie, 15.76, 15.06, -0.53, 15.14, 15.09, 15.25, 14.98, 78016.22, 118033659, 1.59, 1.78, 0.52, 623.55804
2017-03-13, 5, qiang_lie, 15.75, 15.19, 0.86, 15.06, 15.01, 15.23, 14.90, 61530.7, 93146160, 1.26, 2.19, 0.41, 653.94402
2017-03-14, 5, qiang_lie, 15.74, 15.19, 0.00, 15.19, 15.21, 15.43, 15.10, 82670.67, 126486804, 1.69, 2.17, 0.55, 616.11915
2017-03-15, 5, qiang_lie, 15.73, 15.55, 2.37, 15.19, 15.08, 15.58, 15.08, 147843.75, 227704716, 3.02, 3.29, 0.98, 2044.30699
2017-03-16, 5, qiang_lie, 15.73, 15.92, 2.38, 15.55, 15.55, 15.92, 15.47, 188568.52, 296325558, 3.85, 2.89, 1.25, 596.64607
2017-03-17, 5, qiang_lie, 15.73, 15.70, -1.38, 15.92, 15.92, 15.94, 15.53, 137279.27, 216616227, 2.80, 2.58, 0.91, 621.26899
2017-03-20, 5, qiang_lie, 15.74, 16.29, 3.76, 15.70, 15.63, 16.29, 15.57, 202405.03, 324149887, 4.13, 4.59, 1.34, 648.16403
2017-03-21, 5, qiang_lie, 15.75, 16.21, -0.49, 16.29, 16.32, 16.33, 16.03, 115589.38, 186830748, 2.36, 1.84, 0.77, 641.47806
2017-03-22, 5, qiang_lie, 15.76, 15.83, -2.34, 16.21, 16.13, 16.13, 15.70, 114484.26, 181591264, 2.34, 2.65, 0.76, 610.05306
2017-03-23, 5, qiang_lie, 15.76, 15.70, -0.82, 15.83, 15.92, 16.09, 15.45, 119978.65, 188991421, 2.45, 4.04, 0.80, 628.94702
2017-03-24, 5, qiang_lie, 15.75, 15.69, -0.06, 15.70, 15.62, 15.74, 15.39, 77301.23, 120306053, 1.58, 2.23, 0.51, 657.26995
2017-03-27, 5, qiang_lie, 15.75, 15.57, -0.76, 15.69, 15.60, 15.73, 15.56, 61471.31, 96184363, 1.25, 1.08, 0.41, 626.98793
2017-03-28, 5, qiang_lie, 15.75, 15.52, -0.32, 15.57, 15.55, 15.66, 15.43, 54320.84, 84576628, 1.11, 1.48, 0.36, 717.78798
2017-03-29, 5, qiang_lie, 15.73, 14.82, -4.51, 15.52, 15.48, 15.57, 14.82, 140048.34, 211442557, 2.86, 4.83, 0.93, 623.89398
2017-03-30, 3, zhong_du, 15.69, 14.00, -5.53, 14.82, 14.81, 14.81, 13.95, 145199.87, 206334043, 2.96, 5.80, 0.96, 670.573
2017-03-31, 2, qing_du, 15.67, 14.12, 0.86, 14.00, 14.09, 14.22, 13.97, 56938.77, 80244691, 1.16, 1.79, 0.38, 561.95402
2017-04-05, 2, qing_du, 15.65, 14.44, 2.27, 14.12, 14.12, 14.57, 14.02, 59207.45, 85220064, 1.21, 3.90, 0.39, 548.69699
2017-04-06, 1, wei_ruo, 15.64, 14.58, 0.97, 14.44, 14.40, 14.71, 14.37, 56576.89, 82616340, 1.15, 2.35, 0.38, 673.55204
2017-04-07, 2, qing_du, 15.63, 14.44, -0.96, 14.58, 14.58, 14.60, 14.33, 47881.16, 69154867, 0.98, 1.85, 0.32, 686.96594
2017-04-10, 2, qing_du, 15.61, 14.17, -1.87, 14.44, 14.44, 14.47, 14.02, 59355.51, 83998110, 1.21, 3.12, 0.39, 629.55713
2017-04-11, 2, qing_du, 15.60, 14.51, 2.40, 14.17, 14.15, 14.53, 14.05, 64473.86, 92019516, 1.32, 3.39, 0.43, 643.46313
2017-04-12, 1, wei_ruo, 15.59, 14.29, -1.52, 14.51, 14.47, 14.51, 14.29, 40701.72, 58536203, 0.83, 1.52, 0.27, 645.05196
2017-04-13, 1, wei_ruo, 15.57, 14.20, -0.63, 14.29, 14.16, 14.32, 14.08, 37288.48, 52966788, 0.76, 1.68, 0.25, 622.9651
2017-04-14, 1, wei_ruo, 15.55, 13.61, -4.15, 14.20, 14.24, 14.26, 13.50, 77952.09, 107633634, 1.59, 5.35, 0.52, 690.69099
2017-04-17, 1, wei_ruo, 15.51, 13.06, -4.04, 13.61, 13.15, 13.20, 12.81, 71643.18, 93607882, 1.46, 2.87, 0.48, 658.66399
2017-04-18, 1, wei_ruo, 15.49, 12.96, -0.77, 13.06, 13.06, 13.20, 12.86, 36649.73, 47821021, 0.75, 2.60, 0.24, 708.04691
2017-04-19, 1, wei_ruo, 15.46, 12.91, -0.39, 12.96, 12.94, 12.94, 12.54, 48409.62, 61454391, 0.99, 3.09, 0.32, 728.41716
2017-04-20, 1, wei_ruo, 15.44, 13.05, 1.08, 12.91, 12.95, 13.11, 12.77, 40080.03, 51932233, 0.82, 2.63, 0.27, 684.50594
2017-04-21, 1, wei_ruo, 15.43, 12.88, -1.30, 13.05, 12.92, 13.10, 12.86, 22559.01, 29192491, 0.46, 1.84, 0.15, 534.60503
2017-04-24, 1, wei_ruo, 15.41, 12.46, -3.26, 12.88, 12.86, 12.86, 12.44, 44011.66, 55456045, 0.90, 3.26, 0.29, 642.33303
2017-04-25, 1, wei_ruo, 15.39, 12.46, 0.00, 12.46, 12.45, 12.65, 12.45, 19727.84, 24739490, 0.40, 1.61, 0.13, 819.47517
2017-04-26, 1, wei_ruo, 15.38, 12.53, 0.56, 12.46, 12.52, 12.60, 12.43, 18776.06, 23537207, 0.27, 1.36, 0.12, 834.7249
2017-04-27, 1, wei_ruo, 15.36, 12.41, -0.96, 12.53, 12.58, 12.58, 12.06, 35193.53, 43346968, 0.51, 4.15, 0.23, 1589.00785
2017-04-28, 1, wei_ruo, 15.35, 12.59, 1.45, 12.41, 12.40, 12.60, 12.33, 21062.81, 26371609, 0.31, 2.18, 0.14, 669.25502
2017-05-02, 1, wei_ruo, 15.33, 12.93, 2.70, 12.59, 12.63, 13.15, 12.56, 42760, 55338780, 0.62, 4.69, 0.28, 742.49792
2017-05-03, 1, wei_ruo, 15.31, 13.08, 1.16, 12.93, 12.93, 13.14, 12.83, 34636.12, 45098893, 0.50, 2.40, 0.23, 903.90682
2017-05-04, 1, wei_ruo, 15.30, 12.88, -1.53, 13.08, 13.07, 13.07, 12.80, 27100.16, 34974546, 0.39, 2.06, 0.18, 657.20892
2017-05-05, 1, wei_ruo, 15.28, 12.61, -2.10, 12.88, 12.81, 12.89, 12.56, 27287.54, 34750610, 0.40, 2.56, 0.18, 701.931
2017-05-11, 1, wei_ruo, 15.21, 12.29, 0.08, 12.28, 12.28, 12.47, 11.65, 52315.1, 62836128, 0.76, 6.68, 0.35, 602.24009
2017-05-12, 1, wei_ruo, 15.19, 12.08, -1.71, 12.29, 12.10, 12.22, 12.05, 31147.18, 37743159, 0.45, 1.38, 0.21, 652.59504
2017-05-15, 1, wei_ruo, 15.15, 12.12, 0.33, 12.08, 12.17, 12.25, 12.06, 63203.48, 76766545, 0.92, 1.57, 0.42, 1032.25493
2017-05-17, 1, wei_ruo, 15.09, 12.30, 0.16, 12.28, 12.26, 12.45, 12.21, 43944.57, 54176173, 0.64, 1.95, 0.29, 593.23192
2017-05-18, 1, wei_ruo, 15.07, 12.14, -1.30, 12.30, 12.13, 12.29, 12.08, 28687.28, 34950353, 0.42, 1.71, 0.19, 638.46684
2017-05-19, 1, wei_ruo, 15.04, 12.09, -0.41, 12.14, 12.14, 12.19, 12.03, 57505.74, 69480540, 0.84, 1.32, 0.38, 604.96998
2017-05-22, 1, wei_ruo, 15.01, 12.05, -0.33, 12.09, 12.12, 12.12, 11.75, 41585.55, 49608489, 0.61, 3.06, 0.28, 1151.32213
2017-05-23, 1, wei_ruo, 14.98, 11.81, -1.99, 12.05, 11.96, 12.01, 11.57, 40921.22, 48094434, 0.60, 3.65, 0.27, 964.86712
2017-05-24, 1, wei_ruo, 14.95, 11.98, 1.44, 11.81, 11.70, 11.98, 11.56, 49778.79, 58534330, 0.72, 3.56, 0.33, 685.74786
2017-05-25, 1, wei_ruo, 14.88, 12.01, 0.25, 11.98, 11.90, 12.13, 11.83, 109391.21, 131313338, 1.59, 2.50, 0.73, 679.90994
2017-05-26, 1, wei_ruo, 14.82, 12.02, 0.08, 12.01, 12.09, 12.16, 11.95, 107267.88, 129075563, 1.56, 1.75, 0.71, 648.32091
2017-05-31, 1, wei_ruo, 14.76, 12.45, 3.58, 12.02, 12.21, 12.86, 12.16, 119343.05, 148689689, 1.28, 5.82, 0.79, 580.91307
2017-06-01, 1, wei_ruo, 14.72, 12.37, -0.64, 12.45, 12.38, 12.43, 12.16, 77510.51, 95343975, 0.83, 2.17, 0.51, 680.57418
2017-06-02, 1, wei_ruo, 14.69, 12.17, -1.62, 12.37, 12.34, 12.34, 12.02, 51448.04, 62604912, 0.55, 2.59, 0.34, 634.30285
2017-06-05, 1, wei_ruo, 7.30, 5.91, -2.48, 6.06, 6.00, 6.11, 5.91, 93323.88, 56039068, 1.00, 3.30, 0.62, 3018.59784
2017-06-06, 1, wei_ruo, 7.29, 5.92, 0.17, 5.91, 5.93, 5.98, 5.84, 63448.74, 37329375, 0.68, 2.37, 0.42, 5957.23414
2017-06-07, 1, wei_ruo, 7.26, 6.14, 3.72, 5.92, 5.92, 6.15, 5.88, 236356.5, 141607353, 2.53, 4.56, 1.57, 808.10404
2017-06-08, 1, wei_ruo, 7.25, 6.16, 0.33, 6.14, 6.07, 6.23, 6.07, 120726.41, 74079179, 1.29, 2.61, 0.80, 2645.12205
2017-06-09, 1, wei_ruo, 7.24, 6.09, -1.14, 6.16, 6.17, 6.18, 6.03, 79022.93, 48070915, 0.85, 2.44, 0.52, 865.10015
2017-06-12, 1, wei_ruo, 7.22, 6.01, -1.31, 6.09, 6.05, 6.06, 5.93, 109024.62, 65236734, 1.17, 2.13, 0.72, 623.58117
2017-06-13, 1, wei_ruo, 7.20, 6.15, 2.33, 6.01, 5.95, 6.22, 5.95, 154047.89, 94357560, 1.65, 4.49, 1.02, 608.1171
2017-06-14, 1, wei_ruo, 7.17, 6.43, 4.55, 6.15, 6.17, 6.66, 6.15, 436062.95, 281870316, 4.68, 8.29, 2.89, 771.76309
2017-06-15, 1, wei_ruo, 7.15, 6.71, 4.35, 6.43, 6.40, 6.78, 6.36, 348414.54, 230893631, 3.74, 6.53, 2.31, 663.04708
2017-06-16, 2, qing_du, 7.14, 7.10, 5.81, 6.71, 6.71, 7.20, 6.71, 480073.68, 338024466, 5.15, 7.30, 3.18, 719.31005
2017-06-19, 3, zhong_du, 7.14, 6.98, -1.69, 7.10, 7.09, 7.16, 6.93, 258104.76, 180360852, 2.77, 3.24, 1.71, 802.40202
2017-06-20, 3, zhong_du, 7.13, 7.02, 0.57, 6.98, 7.03, 7.14, 6.86, 257357.77, 179686637, 2.76, 4.01, 1.71, 545.21298
2017-06-21, 3, zhong_du, 7.12, 6.83, -2.71, 7.02, 7.04, 7.04, 6.74, 256820.76, 175206282, 2.75, 4.27, 1.70, 832.16977
2017-06-22, 3, zhong_du, 7.12, 6.70, -1.90, 6.83, 6.84, 6.84, 6.66, 179412.67, 120669992, 1.92, 2.64, 1.19, 678.14708
2017-06-23, 3, zhong_du, 7.11, 6.69, -0.15, 6.70, 6.71, 6.82, 6.55, 155867.41, 104103982, 1.67, 4.03, 1.03, 881.17504
2017-06-26, 3, zhong_du, 7.11, 6.78, 1.35, 6.69, 6.75, 6.79, 6.64, 106091.94, 71484626, 1.14, 2.24, 0.70, 685.02116
2017-06-27, 2, qing_du, 7.10, 6.68, -1.47, 6.78, 6.78, 6.88, 6.66, 105280.78, 71321792, 1.13, 3.24, 0.70, 1255.66602
2017-06-28, 2, qing_du, 7.10, 6.66, -0.30, 6.68, 6.70, 6.78, 6.58, 104017.99, 69346212, 1.12, 2.99, 0.69, 776.44396
2017-06-29, 3, zhong_du, 7.09, 6.64, -0.30, 6.66, 6.67, 6.72, 6.61, 69461.84, 46168614, 0.74, 1.65, 0.46, 575.64592
2017-06-30, 3, zhong_du, 7.09, 6.77, 1.96, 6.64, 6.62, 6.77, 6.58, 98112.39, 65808970, 1.05, 2.86, 0.65, 643.34607
2017-07-03, 3, zhong_du, 7.09, 7.05, 4.14, 6.77, 6.77, 7.06, 6.74, 243658.95, 169541662, 2.61, 4.73, 1.62, 603.11484
2017-07-04, 3, zhong_du, 7.09, 7.02, -0.43, 7.05, 7.07, 7.12, 6.95, 185628.38, 130767788, 1.99, 2.41, 1.23, 704.28085
2017-07-05, 4, gao_du, 7.08, 7.03, 0.14, 7.02, 6.99, 7.10, 6.99, 92379.46, 65109343, 0.99, 1.57, 0.61, 803.41721
2017-07-06, 4, gao_du, 7.09, 7.28, 3.56, 7.03, 7.03, 7.28, 7.00, 212072.49, 152151688, 2.27, 3.98, 1.41, 662.251
2017-07-07, 5, qiang_lie, 7.10, 7.48, 2.75, 7.28, 7.29, 7.66, 7.29, 348818.09, 261789155, 3.74, 5.08, 2.31, 613.92903
2017-07-10, 5, qiang_lie, 7.11, 7.36, -1.60, 7.48, 7.42, 7.45, 7.18, 207903.31, 152075015, 2.23, 3.61, 1.38, 646.93189
2017-07-11, 5, qiang_lie, 7.11, 7.27, -1.22, 7.36, 7.34, 7.43, 7.22, 116510.07, 85396210, 1.25, 2.85, 0.77, 712.09598
2017-07-12, 5, qiang_lie, 7.11, 7.30, 0.41, 7.27, 7.27, 7.36, 7.14, 117559.52, 84957517, 1.26, 3.03, 0.78, 551.83506
2017-07-13, 5, qiang_lie, 7.11, 7.26, -0.55, 7.30, 7.33, 7.33, 7.21, 66991.66, 48557763, 0.72, 1.64, 0.44, 781.21305
2017-07-14, 5, qiang_lie, --, 7.28, 0.28, 7.26, 7.32, 7.51, 7.23, 108329.91, 79881551, 1.16, 3.86, 0.72, 634.32884
2017-07-17, 4, gao_du, --, 6.83, -6.18, 7.28, 7.22, 7.26, 6.81, 186949.55, 130340219, 2.00, 6.18, 1.24, 805.31311
2017-07-18, 4, gao_du, 7.11, 6.74, -1.32, 6.83, 6.80, 6.91, 6.51, 145953.12, 97580428, 1.56, 5.86, 0.97, 3846.30895
2017-07-19, 4, gao_du, --, 6.91, 2.52, 6.74, 6.69, 6.95, 6.65, 113084.1, 76377541, 1.21, 4.45, 0.75, 658.00285
2017-07-20, 3, zhong_du, --, 6.94, 0.43, 6.91, 6.87, 7.11, 6.86, 123800.41, 86509750, 1.33, 3.62, 0.82, 520.11108
2017-07-21, 3, zhong_du, --, 6.92, -0.29, 6.94, 6.88, 7.00, 6.77, 94662.99, 65136115, 1.01, 3.31, 0.63, 741.21404
2017-07-24, 4, gao_du, 7.10, 6.90, -0.29, 6.92, 6.88, 6.95, 6.79, 77021.07, 52933916, 0.83, 2.31, 0.51, 2625.71502
2017-07-25, 4, gao_du, --, 6.83, -1.01, 6.90, 6.86, 6.91, 6.75, 71465.49, 48704045, 0.77, 2.32, 0.47, 830.66916
2017-07-26, 4, gao_du, --, 6.80, -0.44, 6.83, 6.81, 6.83, 6.72, 78105.6, 52837767, 0.84, 1.61, 0.52, 1812.10089
2017-07-27, 3, zhong_du, 7.09, 6.97, 2.50, 6.80, 6.78, 6.99, 6.73, 130358.24, 89568489, 1.40, 3.82, 0.86, 823.67897
2017-07-28, 3, zhong_du, 7.09, 6.85, -1.72, 6.97, 7.00, 7.02, 6.78, 124987.13, 85332631, 1.34, 3.44, 0.83, 635.68902
2017-07-31, 3, zhong_du, 7.08, 6.71, -2.04, 6.85, 6.80, 6.85, 6.67, 112897.38, 75980094, 1.21, 2.63, 0.75, 797.97006
2017-08-01, 3, zhong_du, 7.08, 6.64, -1.04, 6.71, 6.69, 6.75, 6.60, 92266.14, 61530402, 0.99, 2.24, 0.61, 1998.46411
2017-08-02, 3, zhong_du, 7.07, 6.60, -0.60, 6.64, 6.64, 6.72, 6.59, 75623.97, 50401985, 0.81, 1.96, 0.50, 672.16802
2017-08-03, 2, qing_du, 7.07, 6.73, 1.97, 6.60, 6.60, 6.81, 6.59, 108353.17, 72867778, 1.16, 3.33, 0.72, 774.99413
2017-08-04, 2, qing_du, 7.07, 6.69, -0.59, 6.73, 6.73, 6.75, 6.60, 76046.81, 50586268, 0.82, 2.23, 0.50, 909.98387
2017-08-07, 1, wei_ruo, 7.06, 6.77, 1.20, 6.69, 6.66, 6.84, 6.66, 83988.03, 57034091, 0.90, 2.69, 0.56, 686.82909
2017-08-08, 1, wei_ruo, 7.06, 6.77, 0.00, 6.77, 6.73, 6.78, 6.66, 75644.6, 50710951, 0.81, 1.77, 0.50, 674.9239
2017-08-09, 1, wei_ruo, 7.06, 6.71, -0.89, 6.77, 6.75, 6.78, 6.69, 45675.32, 30738214, 0.49, 1.33, 0.30, 688.56788
2017-08-10, 1, wei_ruo, 7.06, 6.72, 0.15, 6.71, 6.74, 6.77, 6.61, 72274.15, 48210013, 0.77, 2.38, 0.48, 738.77215
2017-08-11, 1, wei_ruo, 7.05, 6.60, -1.79, 6.72, 6.63, 6.71, 6.60, 57772.37, 38388871, 0.62, 1.64, 0.38, 747.43891
2017-08-14, 1, wei_ruo, 7.05, 6.68, 1.21, 6.60, 6.58, 6.69, 6.55, 53741.53, 35709654, 0.58, 2.12, 0.36, 839.5021
2017-08-15, 1, wei_ruo, 7.05, 6.67, -0.15, 6.68, 6.67, 6.67, 6.61, 48735.24, 32340102, 0.52, 0.90, 0.32, 923.81883
2017-08-16, 1, wei_ruo, 7.05, 6.69, 0.30, 6.67, 6.67, 6.69, 6.60, 103092.85, 68476502, 1.11, 1.35, 0.68, 1800.37308
2017-08-17, 1, wei_ruo, 7.04, 6.75, 0.90, 6.69, 6.68, 6.88, 6.65, 157144.02, 106545386, 1.68, 3.44, 1.04, 4664.47401
2017-08-18, 1, wei_ruo, 7.04, 6.72, -0.44, 6.75, 6.70, 6.78, 6.68, 59871.46, 40280397, 0.64, 1.48, 0.40, 659.14798
2017-08-21, 1, wei_ruo, 7.04, 6.76, 0.60, 6.72, 6.71, 6.81, 6.70, 61011.91, 41174335, 0.65, 1.64, 0.40, 917.38892
2017-08-22, 1, wei_ruo, 7.03, 6.63, -1.92, 6.76, 6.78, 6.78, 6.56, 170234.44, 113096400, 1.83, 3.25, 1.13, 4756.73103
2017-08-23, 1, wei_ruo, 7.02, 6.46, -2.56, 6.63, 6.66, 6.66, 6.45, 112349.98, 73201836, 1.20, 3.17, 0.75, 815.55796
2017-08-24, 1, wei_ruo, 7.02, 6.27, -2.94, 6.46, 6.47, 6.51, 6.20, 118126.29, 75033323, 1.27, 4.80, 0.78, 801.11384
2017-08-25, 1, wei_ruo, 7.01, 6.32, 0.80, 6.27, 6.27, 6.38, 6.25, 66446.92, 42053759, 0.71, 2.07, 0.44, 728.74093
2017-08-28, 1, wei_ruo, 7.00, 6.41, 1.42, 6.32, 6.31, 6.47, 6.31, 97156.31, 62292534, 1.04, 2.53, 0.64, 858.22105
2017-08-29, 1, wei_ruo, 6.99, 6.26, -2.34, 6.41, 6.43, 6.46, 6.21, 131899, 83496784, 1.41, 3.90, 0.87, 725.62504
2017-08-30, 1, wei_ruo, 6.98, 6.25, -0.16, 6.26, 6.26, 6.32, 6.16, 144845.79, 90093088, 1.55, 2.56, 0.96, 709.84006
2017-08-31, 1, wei_ruo, 6.97, 6.24, -0.16, 6.25, 6.26, 6.28, 6.20, 100974.47, 62998891, 1.08, 1.28, 0.67, 785.31885
2017-09-01, 1, wei_ruo, 6.96, 6.42, 2.88, 6.24, 6.26, 6.43, 6.20, 167187.89, 105997586, 1.79, 3.69, 1.11, 724.96295
2017-09-04, 1, wei_ruo, 6.96, 6.36, -0.93, 6.42, 6.41, 6.41, 6.32, 116534.05, 74159336, 1.25, 1.40, 0.77, 699.63002
2017-09-05, 1, wei_ruo, 6.95, 6.23, -0.32, 6.25, 6.26, 6.27, 6.20, 34091.47, 21233488, 0.37, 1.12, 0.46, 816.47086
2017-09-06, 1, wei_ruo, 6.94, 6.70, 4.04, 6.44, 6.36, 6.72, 6.36, 279859.21, 184125130, 3.00, 5.59, 1.86, 655.93004
2017-09-07, 1, wei_ruo, 6.93, 6.58, -1.79, 6.70, 6.70, 6.76, 6.55, 178492.28, 118734801, 1.91, 3.13, 1.18, 736.85288
2017-09-08, 1, wei_ruo, 6.93, 6.23, -0.32, 6.25, 6.26, 6.27, 6.20, 34091.47, 21233488, 0.37, 1.12, 0.46, 666.86893
2017-09-11, 1, wei_ruo, 6.92, 6.23, -0.32, 6.25, 6.26, 6.27, 6.20, 34091.47, 21233488, 0.37, 1.12, 0.46, 738.73997
2017-09-12, 1, wei_ruo, 6.94, 7.14, 5.47, 6.77, 6.77, 7.45, 6.77, 568307.22, 407192747, 6.09, 10.04, 3.77, 725.00491
2017-09-13, 2, qing_du, 6.94, 7.16, 0.28, 7.14, 7.12, 7.26, 7.01, 250519.56, 178997647, 2.69, 3.50, 1.66, 2623.78097
2017-09-14, 2, qing_du, 6.94, 6.98, -2.51, 7.16, 7.16, 7.23, 6.95, 237034.51, 166721602, 2.54, 3.91, 1.57, 700.12903
2017-09-15, 2, qing_du, 6.94, 6.86, -1.72, 6.98, 6.98, 7.02, 6.77, 184191.5, 125973991, 1.97, 3.58, 1.22, 1076.46585
2017-09-18, 2, qing_du, 6.95, 7.16, 4.37, 6.86, 6.84, 7.16, 6.84, 201047.62, 141135522, 2.16, 4.66, 1.33, 1129.33111
2017-09-19, 2, qing_du, 6.95, 7.02, -1.96, 7.16, 7.16, 7.31, 6.99, 221647.86, 158422642, 2.38, 4.47, 1.47, 1420.60304
2017-09-20, 2, qing_du, 6.96, 7.30, 3.99, 7.02, 7.00, 7.33, 7.00, 344952.77, 250169357, 3.70, 4.70, 2.29, 871.66905
2017-09-21, 3, zhong_du, 6.96, 7.19, -1.51, 7.30, 7.30, 7.32, 7.11, 203285.65, 146036952, 2.18, 2.88, 1.35, 647.14813
2017-09-22, 3, zhong_du, 6.97, 7.29, 1.39, 7.19, 7.20, 7.34, 7.04, 211371.19, 152476550, 2.27, 4.17, 1.40, 669.30795
2017-09-25, 3, zhong_du, 6.98, 7.06, -3.16, 7.29, 7.27, 7.47, 7.02, 203285.7, 147087459, 2.18, 6.17, 1.35, 632.28297
2017-09-26, 3, zhong_du, 6.98, 6.99, -0.99, 7.06, 7.00, 7.15, 6.91, 131537.01, 91841489, 1.41, 3.40, 0.87, 803.47204
2017-09-27, 3, zhong_du, 6.98, 7.30, 4.43, 6.99, 6.98, 7.45, 6.96, 274493.68, 199167557, 2.94, 7.01, 1.82, 606.23598
2017-09-28, 3, zhong_du, 6.99, 7.22, -1.10, 7.30, 7.24, 7.36, 7.18, 209765.49, 152251229, 2.25, 2.47, 1.39, 774.14203
2017-09-29, 3, zhong_du, 7.00, 7.46, 3.32, 7.22, 7.25, 7.52, 7.22, 350223.41, 259132134, 3.76, 4.16, 2.32, 703.58586
2017-10-10, 4, gao_du, 7.04, 7.43, -0.80, 7.49, 7.47, 7.54, 7.33, 228947.37, 169497794, 2.45, 2.80, 1.52, 699.40114
2017-10-12, 4, gao_du, 7.05, 7.22, 0.70, 7.17, 7.13, 7.28, 7.11, 198387.91, 142777225, 2.13, 2.37, 1.32, 726.57609
2017-10-13, 3, zhong_du, 7.05, 7.13, -1.25, 7.22, 7.15, 7.19, 7.06, 153323.12, 108963242, 1.64, 1.80, 1.02, 674.62993
2017-10-16, 3, zhong_du, 7.05, 6.85, -3.93, 7.13, 7.12, 7.12, 6.83, 192831.52, 134299726, 2.07, 4.07, 1.28, 741.24599
2017-10-17, 3, zhong_du, 7.05, 6.90, 0.73, 6.85, 6.85, 6.98, 6.83, 83273.4, 57623270, 0.89, 2.19, 0.55, 977.86188
2017-10-18, 3, zhong_du, 7.05, 6.81, -1.30, 6.90, 6.87, 6.98, 6.78, 88195, 60634136, 0.95, 2.90, 0.59, 697.14403
2017-10-19, 2, qing_du, 7.04, 6.59, -3.23, 6.81, 6.77, 6.81, 6.57, 157466.05, 104539439, 1.69, 3.52, 1.04, 2765.6548
2017-10-20, 2, qing_du, 7.04, 6.68, 1.37, 6.59, 6.57, 6.70, 6.53, 68688.96, 45598336, 0.74, 2.58, 0.46, 663.08784
2017-10-23, 2, qing_du, 7.03, 6.77, 1.35, 6.68, 6.69, 6.78, 6.67, 73886.33, 49731925, 0.79, 1.65, 0.49, 1214.37597
2017-10-24, 2, qing_du, 7.03, 6.64, -1.92, 6.77, 6.77, 6.77, 6.60, 83652.64, 55608105, 0.90, 2.51, 0.55, 801.23711
2017-10-25, 2, qing_du, 7.03, 6.69, 0.75, 6.64, 6.67, 6.75, 6.61, 75255.69, 50284238, 0.81, 2.11, 0.50, 2672.86897
2017-10-26, 2, qing_du, 7.03, 6.69, 0.00, 6.69, 6.68, 6.75, 6.61, 84601.36, 56580408, 0.91, 2.09, 0.56, 710.15215
2017-10-27, 2, qing_du, 7.02, 6.57, -1.79, 6.69, 6.69, 6.69, 6.56, 102059, 67407179, 1.09, 1.94, 0.68, 720.36791
2017-10-30, 1, wei_ruo, 7.01, 6.31, -3.96, 6.57, 6.57, 6.61, 6.30, 138607.7, 88186207, 1.49, 4.72, 0.92, 60723.11187
2017-10-31, 1, wei_ruo, 7.01, 6.37, 0.95, 6.31, 6.31, 6.38, 6.31, 59371.76, 37672021, 0.64, 1.11, 0.39, 722.67103
2017-11-01, 1, wei_ruo, 7.00, 6.36, -0.16, 6.37, 6.37, 6.50, 6.32, 64996.74, 41714988, 0.70, 2.83, 0.43, 699.68009
2017-11-02, 1, wei_ruo, 7.00, 6.30, -0.94, 6.36, 6.36, 6.37, 6.26, 64698.39, 40782165, 0.69, 1.73, 0.43, 705.27005
2017-11-03, 1, wei_ruo, 6.99, 6.71, 6.51, 6.30, 6.29, 6.92, 6.28, 336995.37, 223954502, 3.61, 10.16, 2.24, 937.43706
2017-11-07, 1, wei_ruo, 6.97, 6.75, 0.75, 6.70, 6.71, 6.83, 6.61, 159091.02, 106715455, 1.71, 3.28, 1.06, 711.689
2017-11-08, 1, wei_ruo, 6.97, 6.64, -0.90, 6.70, 6.71, 6.83, 6.61, 82483.08, 55209893, 0.88, 3.28, 1.09, 822.13998
2017-11-09, 1, wei_ruo, 6.97, 6.64, -0.90, 6.70, 6.71, 6.83, 6.61, 82483.08, 55209893, 0.88, 3.28, 1.09, 2842.89289
2017-11-10, 1, wei_ruo, 6.96, 6.71, 1.21, 6.63, 6.61, 6.77, 6.57, 130370.46, 87183951, 1.40, 3.02, 0.71, 2896.61908
2017-11-13, 1, wei_ruo, 6.96, 6.48, -3.43, 6.71, 6.71, 6.75, 6.46, 171627.42, 112862566, 1.84, 4.32, 1.21, 730.81708
2017-11-14, 1, wei_ruo, 6.95, 6.35, -2.01, 6.48, 6.48, 6.48, 6.32, 130049.54, 83018579, 1.39, 2.47, 0.92, 2928.09296
2017-11-15, 1, wei_ruo, 6.94, 6.35, 0.00, 6.35, 6.35, 6.45, 6.32, 81119.14, 51675268, 0.87, 2.05, 0.60, 726.64905
2017-11-16, 1, wei_ruo, 6.94, 6.31, -0.63, 6.35, 6.35, 6.37, 6.28, 70468.9, 44508982, 0.76, 1.42, 0.57, 741.90617
2017-11-17, 1, wei_ruo, 6.93, 6.04, -4.28, 6.31, 6.33, 6.36, 5.93, 133436.68, 82109674, 1.43, 6.81, 1.14, 588.27209
2017-11-20, 1, wei_ruo, 6.91, 6.06, 0.33, 6.04, 6.04, 6.13, 5.80, 115304.14, 69053932, 1.24, 5.46, 0.98, 727.38981
2017-11-21, 1, wei_ruo, 6.90, 5.93, -2.15, 6.06, 6.07, 6.10, 5.86, 107754.7, 64365116, 1.16, 3.96, 1.02, 671.44489
2017-11-22, 1, wei_ruo, 6.89, 5.82, -1.85, 5.93, 5.92, 6.01, 5.82, 88127.02, 52198936, 0.94, 3.20, 0.87, 749.21989
2017-11-23, 1, wei_ruo, 6.88, 5.77, -0.86, 5.82, 5.80, 5.98, 5.76, 129304.67, 75883507, 1.39, 3.78, 1.26, 4668.08891
2017-11-24, 1, wei_ruo, 6.86, 5.74, -0.52, 5.77, 5.80, 5.80, 5.62, 136421.41, 77763341, 1.46, 3.12, 1.19, 837.36205
2017-11-27, 1, wei_ruo, 6.85, 5.72, -0.35, 5.74, 5.75, 5.80, 5.65, 84178.46, 48114064, 0.90, 2.61, 0.73, 754.48799
2017-11-28, 1, wei_ruo, 6.84, 5.74, 0.35, 5.72, 5.71, 5.78, 5.66, 83976.04, 48029781, 0.90, 2.10, 0.77, 664.00409
2017-11-29, 1, wei_ruo, 6.83, 5.67, -1.22, 5.74, 5.76, 5.77, 5.61, 89122.59, 50458394, 0.96, 2.79, 0.85, 722.32008
2017-11-30, 1, wei_ruo, 6.82, 5.67, 0.00, 5.67, 5.67, 5.68, 5.61, 83455.78, 47044106, 0.89, 1.23, 0.80, 2811.07593
2017-12-01, 1, wei_ruo, 6.81, 5.73, 1.06, 5.67, 5.64, 5.76, 5.62, 85091.42, 48576359, 0.91, 2.47, 0.89, 785.69293
2017-12-04, 1, wei_ruo, 6.80, 5.68, -0.87, 5.73, 5.72, 5.73, 5.60, 68730.82, 38976739, 0.74, 2.27, 0.81, 756.04701
2017-12-05, 1, wei_ruo, 6.79, 5.60, -1.41, 5.68, 5.66, 5.69, 5.59, 75044.41, 42258222, 0.80, 1.76, 0.91, 807.42311
2017-12-06, 1, wei_ruo, 6.77, 5.60, 0.00, 5.60, 5.60, 5.60, 5.31, 137993.67, 75360444, 1.48, 5.18, 1.72, 874.1529
2017-12-07, 1, wei_ruo, 6.76, 5.59, -0.18, 5.60, 5.55, 5.68, 5.50, 95053.18, 53202644, 1.02, 3.21, 1.06, 1219.52701
2017-12-08, 1, wei_ruo, 6.75, 5.63, 0.72, 5.59, 5.61, 5.65, 5.53, 91336.24, 51049091, 0.98, 2.15, 0.99, 654.7811
2017-12-11, 1, wei_ruo, 6.74, 5.70, 1.24, 5.63, 5.62, 5.72, 5.60, 97215.27, 55197500, 1.04, 2.13, 1.04, 754.14085
2017-12-12, 1, wei_ruo, 6.73, 5.55, -2.63, 5.70, 5.66, 5.69, 5.52, 75951.37, 42523712, 0.81, 2.98, 0.76, 707.10421
2017-12-13, 1, wei_ruo, 6.72, 5.56, 0.18, 5.55, 5.55, 5.59, 5.52, 45589.48, 25338769, 0.49, 1.26, 0.46, 4593.45317
2017-12-14, 1, wei_ruo, 6.70, 5.75, 3.42, 5.56, 5.54, 5.82, 5.50, 206427.17, 117662580, 2.21, 5.76, 2.55, 1165.55095
2017-12-15, 1, wei_ruo, 6.69, 5.75, 0.00, 5.75, 5.71, 5.84, 5.71, 105930.07, 61114063, 1.14, 2.26, 1.03, 542.56296
2017-12-18, 1, wei_ruo, 6.68, 5.67, -1.39, 5.75, 5.76, 5.78, 5.59, 88129, 49986934, 0.94, 3.30, 0.83, 609.42602
2017-12-19, 1, wei_ruo, 6.67, 5.66, -0.18, 5.67, 5.66, 5.72, 5.64, 66496.26, 37743275, 0.71, 1.41, 0.64, 953.98903
2017-12-20, 1, wei_ruo, 6.67, 5.55, -1.94, 5.66, 5.69, 5.70, 5.53, 66613.5, 37425964, 0.71, 3.00, 0.65, 714.65802
2017-12-21, 1, wei_ruo, 6.66, 5.59, 0.72, 5.55, 5.59, 5.62, 5.51, 60686.5, 33769857, 0.65, 1.98, 0.57, 600.29006
2017-12-22, 1, wei_ruo, 6.65, 5.70, 1.97, 5.59, 5.67, 5.75, 5.60, 64138.3, 36393181, 0.69, 2.68, 0.83, 2644.91796
2017-12-25, 1, wei_ruo, 6.64, 5.65, -0.88, 5.70, 5.63, 5.68, 5.51, 85330.66, 47486483, 0.91, 2.98, 1.23, 615.19289
2017-12-26, 1, wei_ruo, 6.63, 5.58, -1.24, 5.65, 5.63, 5.63, 5.52, 64211.23, 35718013, 0.69, 1.95, 0.94, 539.50191
2017-12-27, 1, wei_ruo, 6.63, 5.58, 0.00, 5.58, 5.58, 5.62, 5.53, 71853.18, 40114814, 0.77, 1.61, 1.05, 626.59407
2017-12-29, 1, wei_ruo, 6.61, 5.62, 0.00, 5.62, 5.61, 5.63, 5.57, 59082, 33087529, 0.63, 1.07, 0.82, 2681.34403
2018-01-03, 1, wei_ruo, 6.59, 5.73, 1.96, 5.62, 5.60, 5.78, 5.60, 120159.64, 68649337, 1.29, 3.20, 1.80, 1024.31679
2018-01-04, 1, wei_ruo, 6.58, 5.76, 0.52, 5.73, 5.73, 5.76, 5.65, 98047.16, 55860959, 1.05, 1.92, 1.26, 772.80402
2018-01-05, 1, wei_ruo, 6.58, 5.74, -0.35, 5.76, 5.75, 5.78, 5.68, 83904.7, 48066074, 0.90, 1.74, 1.01, 723.30093
2018-01-08, 1, wei_ruo, 6.57, 5.70, -0.70, 5.74, 5.74, 5.75, 5.66, 74982.64, 42624048, 0.80, 1.57, 0.91, 714.52999
2018-01-09, 1, wei_ruo, 6.56, 5.70, 0.00, 5.70, 5.68, 5.72, 5.65, 56543.25, 32120296, 0.61, 1.23, 0.65, 681.79417
2018-01-10, 1, wei_ruo, 6.55, 5.69, -0.18, 5.70, 5.68, 5.69, 5.53, 104704.52, 58647094, 1.12, 2.81, 1.21, 626.2238
2018-01-11, 1, wei_ruo, 6.55, 5.70, 0.18, 5.69, 5.65, 5.72, 5.59, 82647.71, 46813829, 0.89, 2.28, 0.99, 619.75598
2018-01-12, 1, wei_ruo, 6.54, 5.67, -0.53, 5.70, 5.69, 5.73, 5.63, 72400.24, 41129448, 0.78, 1.75, 0.90, 975.15488
2018-01-15, 1, wei_ruo, 6.53, 5.56, -1.94, 5.67, 5.66, 5.66, 5.51, 87240.5, 48418360, 0.94, 2.65, 1.11, 762.28881
2018-01-16, 1, wei_ruo, 6.52, 5.54, -0.36, 5.56, 5.53, 5.57, 5.47, 69296.61, 38258180, 0.74, 1.80, 0.86, 586.78818
2018-01-17, 1, wei_ruo, 6.51, 5.45, -1.62, 5.54, 5.52, 5.53, 5.36, 92752.82, 50294564, 0.99, 3.07, 1.11, 579.3469
2018-01-18, 1, wei_ruo, 6.51, 5.40, -0.92, 5.45, 5.41, 5.44, 5.37, 59941.62, 32374780, 0.64, 1.28, 0.75, 470.57295
2018-01-19, 1, wei_ruo, 6.50, 5.35, -0.93, 5.40, 5.39, 5.42, 5.34, 79362.21, 42726522, 0.85, 1.48, 1.04, 614.20298
2018-01-22, 1, wei_ruo, 6.49, 5.40, 0.93, 5.35, 5.36, 5.43, 5.32, 56577.34, 30455968, 0.61, 2.06, 0.73, 767.00711
2018-01-23, 1, wei_ruo, 6.48, 5.49, 1.67, 5.40, 5.41, 5.53, 5.38, 92757.34, 50849574, 0.99, 2.78, 1.30, 628.28588
2018-01-24, 1, wei_ruo, 6.47, 5.51, 0.36, 5.49, 5.49, 5.53, 5.46, 56930.53, 31328287, 0.61, 1.28, 0.75, 2569.31281
2018-01-25, 1, wei_ruo, 6.47, 5.49, -0.36, 5.51, 5.51, 5.56, 5.48, 53398.34, 29488950, 0.57, 1.45, 0.77, 2704.06604
2018-01-26, 1, wei_ruo, 6.46, 5.51, 0.36, 5.49, 5.49, 5.53, 5.47, 43401.95, 23918717, 0.47, 1.09, 0.64, 616.20593
2018-01-29, 1, wei_ruo, 6.46, 5.50, -0.18, 5.51, 5.51, 5.59, 5.48, 54281.21, 30030972, 0.58, 2.00, 0.90, 743.48378
2018-01-30, 1, wei_ruo, 6.45, 5.53, 0.55, 5.50, 5.51, 5.55, 5.49, 35722.68, 19733434, 0.38, 1.09, 0.59, 444.65303
2018-01-31, 1, wei_ruo, 6.44, 5.78, 4.52, 5.53, 5.67, 5.79, 5.58, 187539.37, 106560712, 2.01, 3.80, 3.85, 725.09599
2018-02-01, 1, wei_ruo, 6.43, 5.84, 1.04, 5.78, 5.85, 5.89, 5.60, 191634.78, 109803835, 2.05, 5.02, 2.56, 1343.67394
2018-02-02, 2, qing_du, 6.40, 5.38, -7.88, 5.84, 5.75, 5.84, 5.26, 261279.46, 144809762, 2.80, 9.93, 2.55, 1546.0341
