2015-07-17, 1, wei_ruo, 41.63, 0.00, 0.00, 43.90, 0.00, 0.00, 0.00, 0, 0, 0.00, 0.00, 0.00, 850.88587
2015-07-17, 1, wei_ruo, 41.63, 0.00, 0.00, 43.90, 0.00, 0.00, 0.00, 0, 0, 0.00, 0.00, 0.00, 2204.85783
2015-07-17, 1, wei_ruo, 41.63, 0.00, 0.00, 43.90, 0.00, 0.00, 0.00, 0, 0, 0.00, 0.00, 0.00, 1200.82998
2015-07-17, 1, wei_ruo, 41.63, 0.00, 0.00, 43.90, 0.00, 0.00, 0.00, 0, 0, 0.00, 0.00, 0.00, 1714.39099
2015-10-29, 2, qing_du, 44.20, 44.78, -0.93, 45.20, 45.49, 46.20, 43.80, 163175.89, 736480521, 2.56, 5.31, 0.42, 4407.86791
2015-10-30, 2, qing_du, 44.22, 45.04, 0.58, 44.78, 45.60, 46.39, 43.51, 166596.77, 756487670, 2.62, 6.43, 0.53, 2010.71405
2015-11-02, 2, qing_du, 44.18, 41.81, -7.17, 45.04, 43.50, 44.88, 41.72, 182365.88, 789502525, 2.86, 7.02, 0.80, 1160.36701
2015-11-03, 2, qing_du, 44.12, 41.15, -1.58, 41.81, 42.45, 43.00, 40.81, 132812.75, 555242868, 2.09, 5.24, 0.69, 981.09603
2015-11-04, 2, qing_du, 44.11, 45.27, 10.01, 41.15, 41.10, 45.27, 41.10, 290994.45, 1275183839, 4.57, 10.13, 1.67, 1418.53094
2015-11-05, 2, qing_du, 44.14, 44.12, -2.54, 45.27, 45.80, 46.51, 43.65, 268756.91, 1208828485, 4.22, 6.32, 1.44, 1607.5778
2015-11-06, 2, qing_du, 44.18, 45.60, 3.35, 44.12, 44.38, 46.35, 44.13, 218282.22, 997618183, 3.43, 5.03, 1.05, 1153.91421
2015-11-09, 2, qing_du, 44.33, 47.19, 3.49, 45.60, 45.44, 48.50, 45.15, 348607.08, 1654668239, 5.48, 7.35, 1.59, 978.45316
2015-11-10, 3, zhong_du, 44.42, 46.74, -0.95, 47.19, 46.90, 47.60, 45.75, 244342.78, 1141119230, 3.84, 3.92, 0.97, 381.01578
2015-11-11, 3, zhong_du, 44.42, 49.06, 4.96, 46.74, 46.74, 50.18, 46.74, 312749.19, 1517841308, 4.91, 7.36, 1.14, 267.91286
2015-11-12, 3, zhong_du, 44.81, 47.79, -2.59, 49.06, 49.51, 49.87, 46.82, 318136.48, 1521949928, 5.00, 6.22, 1.14, 924.73078
2015-11-13, 3, zhong_du, 44.86, 45.88, -4.00, 47.79, 47.55, 47.56, 45.36, 222996.21, 1031105930, 3.50, 4.60, 0.77, 1095.31903
2015-11-16, 3, zhong_du, 44.87, 45.81, -0.15, 45.88, 44.22, 45.96, 44.00, 151702.57, 685926574, 2.38, 4.27, 0.52, 1135.21695
2015-11-17, 3, zhong_du, 44.88, 44.25, -3.41, 45.81, 46.28, 46.90, 44.17, 259125.24, 1173427837, 4.07, 5.96, 1.04, 1049.62993
2015-11-18, 3, zhong_du, 44.83, 42.66, -3.59, 44.25, 44.40, 44.78, 42.60, 182451.75, 795423174, 2.87, 4.93, 0.72, 1243.00122
2015-11-19, 3, zhong_du, 44.81, 44.08, 3.33, 42.66, 42.02, 44.09, 42.02, 119197.43, 516749444, 1.87, 4.85, 0.53, 16823.19403
2015-11-20, 3, zhong_du, 44.79, 43.72, -0.82, 44.08, 44.09, 45.20, 43.50, 197011.2, 869169938, 3.10, 3.86, 1.05, 32304.01206
2015-11-23, 3, zhong_du, 44.77, 43.62, -0.23, 43.72, 44.20, 45.28, 43.36, 183139.65, 813556933, 2.88, 4.39, 1.01, 17115.26895
2015-11-24, 3, zhong_du, 44.73, 43.21, -0.94, 43.62, 42.99, 43.50, 42.31, 124692.03, 534720810, 1.96, 2.73, 0.66, 1095.16406
2015-11-25, 3, zhong_du, 44.78, 46.70, 8.08, 43.21, 43.69, 47.20, 43.16, 336579.2, 1525592653, 5.29, 9.35, 2.09, 968.19592
2015-11-26, 3, zhong_du, 44.82, 45.00, -3.64, 46.70, 46.88, 47.08, 44.90, 234776.29, 1072491275, 3.69, 4.67, 1.22, 852.94199
2015-11-27, 3, zhong_du, 44.73, 41.11, -8.64, 45.00, 44.59, 44.59, 41.00, 218006.69, 932329108, 3.42, 7.98, 1.01, 890.64813
2015-11-30, 3, zhong_du, 44.62, 41.33, 0.54, 41.11, 41.10, 42.00, 38.88, 168106.01, 684520691, 2.64, 7.59, 0.77, 1387.17699
2015-12-01, 2, qing_du, 44.56, 41.70, 0.90, 41.33, 41.98, 43.71, 41.44, 158403.24, 676730633, 2.49, 5.49, 0.82, 1098.418
2015-12-02, 1, wei_ruo, 44.49, 40.98, -3.35, 42.40, 41.90, 41.90, 39.65, 132240.12, 538203134, 2.08, 5.31, 0.64, 1025.97618
2015-12-03, 1, wei_ruo, 44.49, 41.90, 2.55, 40.86, 41.50, 42.20, 40.96, 103405.73, 430029458, 1.62, 3.03, 0.55, 1214.33282
2015-12-04, 1, wei_ruo, 44.88, 42.53, 1.50, 41.90, 42.17, 43.57, 41.81, 168798.74, 722596818, 2.65, 4.20, 1.05, 639.80293
2015-12-07, 1, wei_ruo, 44.83, 43.19, 1.55, 42.53, 42.85, 43.25, 41.80, 139446.87, 592271057, 2.19, 3.41, 0.92, 659.73186
2015-12-08, 1, wei_ruo, 44.75, 41.15, -4.72, 43.19, 42.99, 42.99, 40.86, 165977.03, 692970734, 2.61, 4.93, 1.14, 804.50392
2015-12-09, 1, wei_ruo, 44.68, 40.45, -1.70, 41.15, 40.77, 41.35, 40.20, 108662.27, 441814378, 1.71, 2.79, 0.76, 2327.17609
2015-12-10, 1, wei_ruo, 44.62, 40.55, 0.25, 40.45, 40.45, 41.32, 40.24, 99683.24, 405976741, 1.57, 2.67, 0.73, 832.00717
2015-12-11, 1, wei_ruo, 44.53, 39.30, -3.08, 40.55, 40.45, 40.45, 39.13, 116094.82, 460300817, 1.82, 3.26, 0.85, 997.60079
2015-12-14, 1, wei_ruo, 44.42, 39.50, 0.51, 39.30, 39.00, 39.66, 38.00, 129211.2, 499952560, 2.03, 4.22, 1.03, 863.96503
2015-12-15, 1, wei_ruo, 44.32, 40.25, 1.90, 39.50, 39.68, 41.21, 39.45, 145372.03, 590072866, 2.28, 4.46, 1.17, 1107.96404
2015-12-16, 1, wei_ruo, 44.26, 40.50, 0.62, 40.25, 40.27, 41.03, 40.21, 109644.03, 444938085, 1.72, 2.04, 0.92, 947.90292
2015-12-17, 1, wei_ruo, 44.17, 40.91, 1.01, 40.50, 40.97, 41.39, 40.60, 174171.61, 713540138, 2.74, 1.95, 1.45, 890.90896
2015-12-18, 1, wei_ruo, 44.12, 44.90, 9.75, 40.91, 41.14, 45.00, 40.80, 529249.82, 2321653075, 8.31, 10.27, 3.92, 705.92499
2015-12-21, 1, wei_ruo, 44.35, 45.81, 2.03, 44.90, 46.95, 48.45, 45.43, 602995.97, 2816633167, 9.47, 6.73, 2.77, 1074.62811
2015-12-22, 2, qing_du, 44.46, 46.85, 2.27, 45.81, 45.01, 47.19, 44.47, 398417.53, 1826119845, 6.26, 5.94, 1.28, 2731.44698
2015-12-23, 2, qing_du, 44.48, 44.49, -5.04, 46.85, 46.00, 46.27, 44.01, 274441.83, 1242024952, 4.31, 4.82, 0.76, 781.22115
2015-12-24, 3, zhong_du, 44.50, 45.06, 1.28, 44.49, 44.33, 45.75, 43.80, 228537.27, 1031010457, 3.59, 4.38, 0.58, 761.81388
2015-12-25, 2, qing_du, 44.54, 45.72, 1.46, 45.06, 45.17, 46.34, 44.56, 240783.08, 1095339821, 3.78, 3.95, 0.59, 755.33199
2015-12-28, 2, qing_du, 44.51, 42.80, -6.39, 45.72, 45.99, 46.14, 42.78, 256249.58, 1137964515, 4.03, 7.35, 0.73, 1294.61193
2015-12-29, 2, qing_du, 44.45, 42.27, -1.24, 42.80, 43.10, 43.29, 41.60, 173184.07, 732184746, 2.72, 3.95, 0.62, 974.17879
2015-12-30, 1, wei_ruo, 44.40, 42.70, 1.02, 42.27, 42.52, 43.57, 41.93, 182835.87, 781999943, 2.87, 3.88, 0.65, 2840.08789
2015-12-31, 1, wei_ruo, 44.35, 41.18, -3.56, 42.70, 42.75, 43.29, 41.11, 138071.94, 580690674, 2.17, 5.11, 0.49, 942.27695
2016-01-04, 1, wei_ruo, 44.22, 37.06, -10.00, 41.18, 41.38, 41.40, 37.06, 146096.68, 569568698, 2.30, 10.54, 0.81, 904.67715
2016-01-05, 1, wei_ruo, 43.89, 35.50, -4.21, 37.06, 34.06, 37.81, 34.06, 245138.23, 880474722, 3.85, 10.12, 0.88, 850.37398
2016-01-06, 1, wei_ruo, 43.71, 36.11, 1.72, 35.50, 36.28, 36.50, 35.20, 143453.58, 515132220, 2.25, 3.66, 0.51, 1003.08514
2016-01-07, 1, wei_ruo, 43.63, 32.51, -9.97, 36.11, 35.50, 35.65, 32.50, 54263.99, 182294373, 0.85, 8.72, 0.19, 1187.29091
2016-01-08, 1, wei_ruo, 43.64, 33.28, 2.37, 32.51, 33.75, 33.95, 29.32, 193349.42, 638400622, 3.04, 14.24, 0.69, 2594.17701
2016-01-11, 1, wei_ruo, 42.90, 30.11, -9.53, 33.28, 32.80, 34.30, 29.98, 211684.7, 686241717, 3.33, 12.98, 0.76, 2886.80816
2016-01-12, 1, wei_ruo, 42.48, 31.90, 5.94, 30.11, 30.50, 32.60, 30.02, 234679.05, 737811211, 3.69, 8.57, 0.84, 862.54001
2016-01-13, 1, wei_ruo, 42.18, 30.48, -4.45, 31.90, 32.00, 32.48, 30.30, 164154.02, 517684831, 2.58, 6.83, 0.59, 2877.11
2016-01-14, 1, wei_ruo, 41.78, 33.53, 10.01, 30.48, 29.17, 33.53, 29.16, 254423.49, 819045564, 4.00, 14.34, 0.91, 1243.17217
2016-01-15, 1, wei_ruo, 41.44, 32.86, -2.00, 33.53, 33.60, 34.55, 32.49, 256445.76, 860523237, 4.03, 6.14, 0.92, 3343.52303
2016-01-18, 1, wei_ruo, 41.20, 33.92, 3.23, 32.86, 32.87, 34.44, 32.50, 191727.15, 645154400, 3.01, 5.90, 0.69, 2942.77
2016-01-19, 1, wei_ruo, 40.98, 34.97, 3.10, 33.92, 33.57, 35.11, 33.08, 203338.33, 693432588, 3.19, 5.98, 0.73, 1124.97282
2016-01-20, 1, wei_ruo, 40.78, 33.77, -3.43, 34.97, 34.80, 34.82, 33.50, 187938.64, 641407982, 2.95, 3.77, 0.67, 782.25183
2016-01-21, 1, wei_ruo, 40.56, 32.68, -3.23, 33.77, 33.00, 34.61, 32.68, 186700.68, 633136223, 2.93, 5.72, 0.67, 1325.8872
2016-01-22, 1, wei_ruo, 40.39, 32.80, 0.37, 32.68, 33.20, 33.56, 31.50, 135859.91, 441476866, 2.13, 6.30, 0.49, 877.01797
2016-01-26, 1, wei_ruo, 40.03, 29.45, -9.99, 32.72, 32.19, 32.38, 29.45, 155439.6, 478189711, 2.44, 8.95, 0.56, 721.33708
2016-01-27, 1, wei_ruo, 39.66, 28.30, -3.90, 29.45, 29.80, 29.81, 26.51, 200870.71, 558866502, 3.16, 11.21, 0.72, 2628.84998
2016-01-28, 1, wei_ruo, 39.34, 27.90, -1.41, 28.30, 27.80, 29.80, 27.31, 178227.86, 505687624, 2.80, 8.80, 0.64, 796.84901
2016-01-29, 1, wei_ruo, 39.08, 28.97, 3.84, 27.90, 27.68, 29.37, 27.42, 155102.34, 444124572, 2.44, 6.99, 0.55, 3364.007
2016-02-01, 1, wei_ruo, 38.87, 28.03, -3.24, 28.97, 28.60, 29.35, 27.50, 125415.18, 357706223, 1.97, 6.39, 0.45, 1274.65796
2016-02-02, 1, wei_ruo, 38.60, 29.73, 6.06, 28.03, 28.35, 30.39, 28.20, 179114.52, 528969423, 2.81, 7.81, 0.64, 948.54212
2016-02-03, 1, wei_ruo, 38.43, 29.60, -0.44, 29.73, 29.33, 29.91, 28.72, 116819.08, 341794332, 1.84, 4.00, 0.42, 1127.52795
2016-02-04, 1, wei_ruo, 38.23, 30.27, 2.26, 29.60, 29.79, 30.54, 29.70, 153974.29, 465807097, 2.42, 2.84, 0.55, 939.13698
2016-02-05, 1, wei_ruo, 38.10, 29.72, -1.82, 30.27, 30.72, 30.72, 29.50, 100219.86, 299931929, 1.57, 4.03, 0.36, 774.93596
2016-02-15, 1, wei_ruo, 37.98, 29.13, -1.99, 29.72, 28.41, 29.49, 28.20, 83463.06, 241485369, 1.31, 4.34, 0.30, 852.37694
2016-02-16, 1, wei_ruo, 37.77, 31.50, 8.14, 29.13, 29.40, 31.98, 29.40, 191200.07, 596908827, 3.00, 8.86, 0.68, 937.42013
2016-02-17, 1, wei_ruo, 37.58, 31.84, 1.08, 31.50, 31.42, 32.56, 31.08, 205478.93, 655219236, 3.23, 4.70, 0.73, 2984.43985
2016-02-18, 1, wei_ruo, 37.42, 31.38, -1.44, 31.84, 31.98, 32.64, 31.32, 178584.57, 569301462, 2.81, 4.15, 0.64, 851.48716
2016-02-19, 1, wei_ruo, 37.33, 31.41, 0.10, 31.38, 31.37, 31.70, 30.98, 88252.78, 276775164, 1.39, 2.29, 0.40, 1782.84907
2016-02-22, 1, wei_ruo, 37.45, 31.98, 1.49, 31.51, 32.40, 32.58, 31.64, 162781.92, 520425398, 2.56, 2.98, 1.05, 2841.00413
2016-02-23, 1, wei_ruo, 37.11, 33.65, 5.22, 31.98, 31.99, 33.65, 31.11, 292953.15, 953435937, 4.60, 7.94, 1.72, 849.35093
2016-02-24, 1, wei_ruo, 36.96, 33.04, -1.81, 33.65, 33.00, 33.35, 32.48, 218935.46, 721435839, 3.44, 2.59, 1.15, 836.622
2016-02-25, 1, wei_ruo, 36.76, 29.74, -9.99, 33.04, 32.98, 32.98, 29.74, 210640.04, 652648750, 3.31, 9.81, 1.09, 842.1371
2016-02-26, 1, wei_ruo, 36.58, 28.85, -2.99, 29.74, 30.00, 30.26, 28.31, 151989.65, 442416223, 2.39, 6.56, 0.76, 2599.87211
2016-02-29, 1, wei_ruo, 36.33, 25.98, -9.95, 28.85, 28.20, 28.39, 25.97, 164455.3, 435852928, 2.58, 8.39, 0.79, 2990.11183
2016-03-01, 1, wei_ruo, 36.04, 26.03, 0.19, 25.98, 26.19, 26.55, 24.50, 170046.34, 436511637, 2.67, 7.89, 0.82, 2707.96394
2016-03-02, 1, wei_ruo, 35.79, 27.45, 5.46, 26.03, 26.05, 27.66, 25.78, 176908.58, 473192065, 2.78, 7.22, 0.97, 539.69002
2016-03-03, 1, wei_ruo, 35.50, 27.83, 1.38, 27.45, 27.68, 28.66, 27.21, 230667.84, 644608834, 3.62, 5.28, 1.32, 4681.78201
2016-03-04, 1, wei_ruo, 35.23, 26.80, -3.70, 27.83, 27.86, 28.55, 26.57, 213684.41, 588576988, 3.36, 7.11, 1.20, 832.85689
2016-03-07, 1, wei_ruo, 35.06, 27.42, 2.31, 26.80, 27.21, 28.36, 27.20, 143421.76, 396693118, 2.25, 4.33, 0.75, 614.71581
2016-03-08, 1, wei_ruo, 34.85, 27.07, -1.28, 27.42, 27.18, 27.20, 25.28, 155335.12, 408468992, 2.44, 7.00, 0.83, 868.27517
2016-03-09, 1, wei_ruo, 34.63, 27.20, 0.48, 27.07, 26.04, 28.45, 25.00, 174866.32, 477365032, 2.75, 12.74, 0.95, 2752.95496
2016-03-10, 1, wei_ruo, 34.49, 26.18, -3.75, 27.20, 26.95, 27.45, 26.05, 113021.35, 301570387, 1.78, 5.15, 0.62, 521.30294
2016-03-11, 1, wei_ruo, 34.39, 26.05, -0.50, 26.18, 25.80, 26.41, 25.60, 70875.24, 184892021, 1.11, 3.09, 0.44, 782.2361
2016-03-14, 1, wei_ruo, 34.21, 27.31, 4.84, 26.05, 26.49, 27.80, 26.44, 157609.5, 430542420, 2.48, 5.22, 1.20, 4871.86408
2016-03-15, 1, wei_ruo, 34.10, 27.06, -0.92, 27.31, 27.50, 27.65, 27.00, 107735.45, 293499898, 1.69, 2.38, 0.80, 671.00906
2016-03-16, 1, wei_ruo, 33.98, 26.44, -2.29, 27.06, 27.18, 27.58, 26.38, 102189.73, 274844667, 1.61, 4.43, 0.82, 2620.53514
2016-03-17, 1, wei_ruo, 33.77, 27.76, 4.99, 26.44, 26.65, 28.00, 26.62, 203631, 558674948, 3.20, 5.22, 1.85, 1173.95592
2016-03-18, 1, wei_ruo, 33.56, 29.38, 5.84, 27.76, 28.00, 29.78, 27.74, 282182.12, 814508700, 4.43, 7.35, 2.20, 2507.42698
2016-03-21, 1, wei_ruo, 33.41, 30.39, 3.44, 29.38, 29.96, 30.80, 29.66, 283280.97, 853741829, 4.45, 3.88, 1.66, 586.59911
2016-03-22, 1, wei_ruo, 33.29, 31.22, 2.73, 30.39, 29.80, 31.80, 29.61, 296918.26, 922176668, 4.66, 7.21, 1.52, 703.85909
2016-03-23, 2, qing_du, 33.22, 31.05, -0.54, 31.22, 31.66, 32.10, 30.50, 227149.3, 707360855, 3.57, 5.12, 0.97, 229.61688
2016-03-24, 2, qing_du, 33.14, 30.09, -3.09, 31.05, 30.70, 31.00, 29.98, 177602.71, 541873008, 2.79, 3.29, 0.69, 673.6691
2016-03-25, 2, qing_du, 33.07, 30.60, 1.69, 30.09, 30.33, 31.50, 30.28, 176256.79, 542470287, 2.77, 4.05, 0.70, 2611.71889
2016-03-28, 2, qing_du, 33.00, 29.85, -2.45, 30.60, 30.66, 31.16, 29.71, 158605, 484164492, 2.49, 4.74, 0.68, 587.95714
2016-03-29, 2, qing_du, 32.90, 28.62, -4.12, 29.85, 29.80, 30.05, 28.25, 161819.12, 468501309, 2.54, 6.03, 0.78, 547.27411
2016-03-30, 2, qing_du, 32.83, 29.80, 4.12, 28.62, 28.90, 29.87, 28.82, 128891.32, 377884218, 2.02, 3.67, 0.71, 1126.39713
2016-03-31, 2, qing_du, 32.75, 29.61, -0.64, 29.80, 30.00, 30.35, 29.40, 168805.13, 503578441, 2.65, 3.19, 1.05, 1445.40095
2016-04-01, 2, qing_du, 32.67, 29.06, -1.86, 29.61, 29.23, 29.60, 28.50, 138095.85, 399197601, 2.17, 3.71, 0.87, 1314.63695
2016-04-05, 2, qing_du, 32.58, 30.80, 5.99, 29.06, 29.22, 30.86, 29.00, 230689.67, 693708405, 3.62, 6.40, 1.53, 532.16505
2016-04-06, 2, qing_du, 32.52, 30.72, -0.26, 30.80, 30.40, 30.84, 30.13, 189867.92, 579322131, 2.98, 2.31, 1.15, 1005.34487
2016-04-07, 2, qing_du, 32.46, 29.90, -2.67, 30.72, 31.00, 31.17, 29.90, 188089.48, 574533053, 2.95, 4.13, 1.10, 658.48303
2016-04-08, 2, qing_du, 32.36, 29.04, -2.88, 29.90, 29.49, 29.60, 28.50, 185986.43, 538744997, 2.92, 3.68, 1.02, 709.98287
2016-04-11, 2, qing_du, 32.28, 31.94, 9.99, 29.04, 29.50, 31.94, 29.46, 375694.05, 1165596234, 5.90, 8.54, 2.01, 525.04396
2016-04-12, 3, zhong_du, 32.34, 33.15, 3.79, 31.94, 32.75, 33.38, 31.92, 710302.33, 2326144906, 11.16, 4.57, 3.03, 2675.44985
2016-04-13, 3, zhong_du, 32.55, 34.80, 4.98, 33.15, 32.80, 36.04, 32.30, 633123.18, 2121605310, 9.95, 11.28, 1.92, 2255.12815
2016-04-14, 4, gao_du, 32.63, 34.12, -1.95, 34.80, 34.10, 34.65, 33.80, 343644.07, 1175651883, 5.40, 2.44, 0.82, 2616.0481
2016-04-15, 4, gao_du, 32.72, 34.13, 0.03, 34.12, 34.13, 35.12, 34.00, 286895.53, 989143984, 4.51, 3.28, 0.64, 567.88588
2016-04-18, 4, gao_du, 32.72, 32.61, -4.45, 34.13, 33.63, 33.65, 32.50, 250510.83, 821855684, 3.94, 3.37, 0.53, 324.16582
2016-04-19, 4, gao_du, 32.73, 32.84, 0.71, 32.61, 32.95, 33.40, 32.12, 262649.11, 860435164, 4.13, 3.93, 0.59, 471.43507
2016-04-20, 3, zhong_du, 32.64, 30.50, -7.13, 32.84, 32.91, 32.95, 30.01, 340879.62, 1065237129, 5.36, 8.95, 0.96, 2555.32408
2016-04-21, 3, zhong_du, 32.58, 30.28, -0.72, 30.50, 30.28, 30.95, 30.19, 187515.81, 573067057, 2.95, 2.49, 0.63, 589.5102
2016-04-22, 3, zhong_du, 32.52, 31.52, 4.10, 30.28, 30.25, 31.70, 29.98, 252516.39, 786658418, 3.97, 5.68, 0.95, 3303.67589
2016-04-25, 3, zhong_du, 32.48, 31.52, 0.00, 31.52, 31.40, 31.76, 30.36, 172536.63, 536848790, 2.71, 4.44, 0.67, 2368.20698
2016-04-26, 3, zhong_du, 32.46, 31.59, 0.22, 31.52, 31.30, 31.78, 30.88, 155837.92, 488311383, 2.45, 2.86, 0.64, 504.09412
2016-04-27, 3, zhong_du, 32.42, 30.92, -2.12, 31.59, 32.30, 32.30, 30.90, 187898.14, 593949833, 2.95, 4.43, 0.85, 3222.88299
2016-04-28, 3, zhong_du, 32.37, 30.63, -0.94, 30.92, 30.59, 30.85, 29.80, 187814.21, 569776001, 2.95, 3.40, 0.98, 1129.87518
2016-04-29, 3, zhong_du, 32.33, 30.10, -1.73, 30.63, 30.55, 30.78, 30.05, 116662.51, 354003406, 1.83, 2.38, 0.61, 2595.61896
2016-05-03, 3, zhong_du, 32.25, 30.60, 1.66, 30.10, 29.00, 30.66, 28.90, 226498.51, 677934645, 3.56, 5.85, 1.38, 545.59517
2016-05-04, 2, qing_du, 32.20, 30.23, -1.21, 30.60, 30.40, 30.80, 30.05, 174982.68, 531161761, 2.75, 2.45, 1.00, 378.81994
2016-05-05, 2, qing_du, 32.16, 30.19, -0.13, 30.23, 29.90, 30.29, 29.71, 117867.68, 354338274, 1.85, 1.92, 0.66, 2447.20387
2016-05-06, 2, qing_du, 32.04, 28.37, -6.03, 30.19, 30.35, 30.42, 28.20, 224304.77, 657661272, 3.52, 7.35, 1.36, 401.54982
2016-05-09, 2, qing_du, 31.91, 26.70, -5.89, 28.37, 28.02, 28.07, 26.52, 168885.41, 459248636, 2.65, 5.46, 0.98, 2573.46606
2016-05-10, 1, wei_ruo, 31.80, 27.02, 1.20, 26.70, 26.55, 27.66, 26.55, 145606.35, 397268619, 2.29, 4.16, 0.80, 1341.76421
2016-05-11, 1, wei_ruo, 31.71, 26.83, -0.70, 27.02, 27.32, 27.45, 26.60, 115941.75, 313114574, 1.82, 3.15, 0.70, 694.43703
2016-05-12, 1, wei_ruo, 31.62, 27.08, 0.93, 26.83, 26.61, 27.09, 25.88, 116178.91, 309163403, 1.83, 4.51, 0.75, 2574.25594
2016-05-13, 1, wei_ruo, 31.55, 26.78, -1.11, 27.08, 27.01, 27.30, 26.54, 95640.47, 257805891, 1.50, 2.81, 0.62, 2754.43196
2016-05-16, 1, wei_ruo, 31.46, 27.51, 2.73, 26.78, 26.72, 27.56, 26.50, 123960.03, 336926931, 1.96, 3.96, 0.97, 1079.84209
2016-05-17, 1, wei_ruo, 31.35, 28.04, 1.93, 27.51, 27.60, 28.96, 27.01, 201858.42, 561777227, 3.20, 7.09, 1.69, 673.85292
2016-05-18, 1, wei_ruo, 31.25, 26.73, -4.67, 28.04, 27.55, 27.58, 26.37, 146700.13, 395347018, 2.32, 4.32, 1.12, 3582.376
2016-05-19, 1, wei_ruo, 31.17, 26.91, 0.67, 26.73, 26.73, 27.50, 26.73, 113551.03, 308354950, 1.80, 2.88, 0.83, 2761.47103
2016-05-20, 1, wei_ruo, 31.11, 27.17, 0.97, 26.91, 26.55, 27.28, 26.41, 91142.51, 245468431, 1.44, 3.23, 0.67, 1096.59791
2016-05-23, 1, wei_ruo, 31.05, 27.48, 1.14, 27.17, 27.42, 27.69, 27.27, 113424, 311361015, 1.80, 1.55, 0.84, 844.64788
2016-05-24, 1, wei_ruo, 30.99, 26.90, -2.11, 27.48, 27.45, 27.45, 26.70, 86199.6, 233065161, 1.37, 2.73, 0.65, 2522.75181
2016-05-25, 1, wei_ruo, 30.94, 26.85, -0.19, 26.90, 27.18, 27.35, 26.64, 77134.63, 208540229, 1.22, 2.64, 0.58, 978.96695
2016-05-26, 1, wei_ruo, 30.88, 27.15, 1.12, 26.85, 26.60, 27.17, 26.22, 100628.22, 268345592, 1.59, 3.54, 0.75, 642.04812
2016-05-27, 1, wei_ruo, 30.84, 26.83, -1.18, 27.15, 27.10, 27.15, 26.72, 68739.82, 185097653, 1.09, 1.58, 0.52, 1848.29807
2016-05-30, 1, wei_ruo, 30.79, 26.83, 0.00, 26.83, 26.70, 27.09, 26.35, 75900.98, 203625898, 1.20, 2.76, 0.57, 1463.55414
2016-05-31, 1, wei_ruo, 30.69, 28.32, 5.55, 26.83, 26.80, 28.38, 26.70, 208278.42, 579323602, 3.30, 6.26, 1.56, 3382.70998
2016-06-01, 1, wei_ruo, 30.62, 28.97, 2.30, 28.32, 29.30, 30.38, 28.90, 346370.95, 1027573539, 5.49, 5.23, 2.60, 651.48997
2016-06-02, 1, wei_ruo, 30.62, 28.91, -0.21, 28.97, 28.63, 29.14, 28.52, 150350.36, 433083765, 2.38, 2.14, 1.13, 2357.59521
2016-06-03, 1, wei_ruo, 30.58, 29.60, 2.39, 28.91, 28.93, 29.93, 28.93, 214198.03, 630837551, 3.39, 3.46, 1.61, 797.6141
2016-06-06, 1, wei_ruo, 30.55, 29.18, -1.42, 29.60, 29.84, 29.84, 29.03, 147704.12, 433715653, 2.34, 2.74, 1.11, 3273.35
2016-06-07, 1, wei_ruo, 30.52, 28.88, -1.03, 29.18, 29.13, 29.39, 28.63, 109005.27, 315203595, 1.73, 2.60, 0.82, 3986.69291
2016-06-08, 1, wei_ruo, 30.50, 28.88, 0.00, 28.88, 29.01, 29.15, 28.70, 94230.46, 273011328, 1.49, 1.56, 0.71, 2117.88607
2016-06-13, 1, wei_ruo, 30.43, 27.00, -6.51, 28.88, 28.42, 28.55, 27.00, 141605.24, 395398300, 2.24, 5.37, 1.06, 724.43104
2016-06-14, 1, wei_ruo, 30.39, 26.98, -0.07, 27.00, 26.80, 27.20, 26.73, 78396.31, 211281159, 1.24, 1.74, 0.59, 2848.61898
2016-06-15, 1, wei_ruo, 30.33, 27.83, 3.15, 26.98, 26.65, 27.96, 26.58, 121235.89, 334546544, 1.92, 5.11, 0.91, 1038.5232
2016-06-16, 1, wei_ruo, 30.29, 27.39, -1.58, 27.83, 27.80, 27.93, 27.27, 92863.86, 255540860, 1.34, 2.37, 0.70, 703.51696
2016-06-17, 1, wei_ruo, 30.22, 30.13, 10.00, 27.39, 27.99, 30.13, 27.99, 536556.14, 1606839419, 7.73, 7.81, 4.02, 670.97378
2016-06-20, 1, wei_ruo, 30.17, 29.46, -2.22, 30.13, 29.96, 29.96, 28.94, 382852.96, 1121858300, 5.51, 3.39, 2.87, 2724.46394
2016-06-21, 1, wei_ruo, 27.38, 26.66, -0.37, 26.76, 27.00, 27.36, 26.51, 323288.41, 872496463, 4.66, 3.18, 2.42, 1184.87692
2016-06-22, 1, wei_ruo, 27.37, 27.18, 1.95, 26.66, 26.68, 27.27, 26.68, 214092.15, 577988197, 3.08, 2.21, 1.61, 1779.8121
2016-06-23, 1, wei_ruo, 27.36, 26.85, -1.21, 27.18, 27.18, 27.19, 26.69, 162323.07, 436347348, 2.34, 1.84, 1.22, 2828.84693
2016-06-24, 2, qing_du, 27.32, 26.36, -1.82, 26.85, 26.86, 27.05, 25.00, 222410.47, 586329074, 3.20, 7.64, 1.67, 2615.36193
2016-06-27, 2, qing_du, 27.30, 27.09, 2.77, 26.36, 26.05, 27.18, 26.01, 201066.34, 539359163, 2.90, 4.44, 1.52, 751.88088
2016-06-28, 3, zhong_du, 27.33, 27.76, 2.47, 27.09, 27.00, 28.59, 26.90, 376989.61, 1054180957, 5.43, 6.24, 2.83, 866.76002
2016-06-30, 3, zhong_du, 27.35, 27.80, 0.58, 27.64, 27.66, 27.99, 27.42, 170249.89, 471626114, 2.45, 2.06, 1.28, 2830.99699
2016-07-01, 3, zhong_du, 27.36, 27.54, -0.94, 27.80, 27.81, 28.08, 27.44, 134564.39, 372667865, 1.94, 2.30, 1.01, 734.92193
2016-07-04, 3, zhong_du, 27.37, 28.07, 1.92, 27.54, 27.31, 28.25, 27.12, 222737.96, 622254019, 3.21, 4.10, 1.67, 814.79597
2016-07-05, 3, zhong_du, 27.39, 28.12, 0.18, 28.07, 28.07, 28.44, 27.83, 197996.05, 555804846, 2.85, 2.17, 1.48, 6828.81498
2016-07-06, 4, gao_du, 27.41, 28.40, 1.00, 28.12, 28.00, 28.42, 27.85, 190063.7, 534473327, 2.74, 2.03, 1.43, 4543.118
2016-07-07, 4, gao_du, 27.50, 28.96, 1.97, 28.40, 28.48, 29.66, 28.20, 404013.01, 1164197700, 5.82, 5.14, 3.03, 4357.24497
2016-07-08, 4, gao_du, 27.54, 28.42, -1.86, 28.96, 29.10, 29.10, 28.40, 229284.39, 655751484, 3.30, 2.42, 1.72, 645.06292
2016-07-11, 4, gao_du, 27.56, 28.07, -1.23, 28.42, 28.46, 28.59, 28.05, 200206.7, 566934287, 2.88, 1.90, 1.50, 3234.56812
2016-07-12, 4, gao_du, 27.58, 28.47, 1.43, 28.07, 28.08, 28.55, 27.65, 216189.43, 610611852, 3.11, 3.21, 1.64, 14561.95307
2016-07-13, 4, gao_du, 27.62, 28.59, 0.28, 28.51, 28.69, 28.94, 28.41, 217395.08, 623546038, 3.13, 1.86, 1.64, 692.28101
2016-07-14, 4, gao_du, 27.64, 28.66, 0.24, 28.59, 28.68, 28.80, 28.18, 171627.55, 488034100, 2.47, 2.17, 1.29, 2708.22597
2016-07-15, 4, gao_du, 27.65, 28.23, -1.50, 28.66, 28.66, 28.71, 28.18, 125777.24, 357186491, 1.81, 1.85, 0.94, 4614.0461
2016-07-18, 4, gao_du, 27.66, 28.23, 0.00, 28.23, 28.03, 28.60, 27.96, 134752.94, 381388443, 1.94, 2.27, 1.01, 761.09719
2016-07-19, 4, gao_du, 27.70, 28.91, 2.41, 28.23, 28.40, 28.96, 28.21, 242751.16, 695839530, 3.50, 2.66, 1.82, 565.10592
2016-07-20, 5, qiang_lie, 27.70, 28.66, -0.86, 28.91, 29.00, 29.00, 28.54, 142851.38, 410405038, 2.06, 1.59, 1.08, 507.47705
2016-07-21, 5, qiang_lie, 27.74, 28.42, -0.59, 28.59, 28.58, 28.86, 28.40, 132670.53, 379760984, 1.91, 1.61, 1.00, 842.33499
2016-07-22, 5, qiang_lie, 27.75, 28.55, 0.46, 28.42, 28.26, 28.67, 28.26, 134014.31, 381427320, 1.93, 1.44, 1.01, 4607.08022
2016-07-25, 5, qiang_lie, 27.76, 28.14, -1.44, 28.55, 28.48, 28.48, 28.01, 136471.76, 385051981, 1.97, 1.65, 1.02, 18041.43691
2016-07-26, 5, qiang_lie, 27.77, 28.41, 0.96, 28.14, 28.15, 28.53, 28.05, 101729.36, 288291169, 1.47, 1.71, 0.76, 730.4101
2016-07-27, 5, qiang_lie, 27.75, 26.70, -6.02, 28.41, 28.43, 28.80, 26.35, 288760.75, 798166953, 4.16, 8.62, 2.17, 8472.97502
2016-07-28, 4, gao_du, 27.72, 26.49, -0.79, 26.70, 26.76, 27.19, 26.06, 187209.59, 497382989, 2.70, 4.23, 1.40, 3229.78187
2016-07-29, 3, zhong_du, 27.70, 26.25, -0.91, 26.49, 26.49, 26.66, 26.10, 87662.92, 231332626, 1.26, 2.11, 0.66, 14413.43307
2016-08-01, 3, zhong_du, 27.67, 25.87, -1.45, 26.25, 26.19, 26.20, 25.57, 96349.52, 248721978, 1.39, 2.40, 0.72, 2677.17099
2016-08-02, 3, zhong_du, 27.66, 26.06, 0.73, 25.87, 25.80, 26.22, 25.80, 65775.85, 171261373, 0.95, 1.62, 0.49, 14330.65701
2016-08-03, 2, qing_du, 27.64, 26.08, 0.08, 26.06, 26.00, 26.18, 25.90, 62028.75, 161736848, 0.89, 1.07, 0.58, 2543.93291
2016-08-04, 2, qing_du, 27.63, 26.25, 0.65, 26.08, 26.08, 26.25, 25.73, 82707.28, 215009335, 1.19, 1.99, 0.93, 14534.65486
2016-08-05, 2, qing_du, 27.61, 25.85, -1.52, 26.25, 26.20, 26.25, 25.85, 80631.04, 209460496, 1.16, 1.52, 0.98, 668.13207
2016-08-08, 2, qing_du, 27.59, 26.14, 1.12, 25.85, 25.80, 26.16, 25.57, 77640.65, 201141010, 1.12, 2.28, 0.96, 60711.30395
2016-08-09, 2, qing_du, 27.57, 26.93, 3.02, 26.14, 26.40, 27.18, 26.40, 197602.27, 531858453, 2.85, 2.98, 2.68, 18415.94911
2016-08-10, 2, qing_du, 27.56, 26.70, -0.85, 26.93, 26.89, 26.94, 26.60, 94522.58, 252465670, 1.36, 1.26, 0.95, 640.54918
2016-08-11, 2, qing_du, 27.54, 26.30, -1.54, 26.71, 26.80, 26.88, 26.30, 77800.28, 206448178, 1.12, 2.17, 0.73, 572.1159
2016-08-15, 2, qing_du, 27.52, 27.22, 2.56, 26.54, 26.80, 27.34, 26.42, 171471.82, 463689791, 2.47, 3.47, 1.67, 548.21301
2016-08-16, 2, qing_du, 27.52, 27.35, 0.48, 27.22, 27.23, 27.60, 27.06, 147429.03, 402588978, 2.12, 1.98, 1.21, 547.34087
2016-08-17, 2, qing_du, 27.51, 27.18, -0.62, 27.35, 27.35, 27.44, 26.94, 118638.32, 322371125, 1.71, 1.83, 1.06, 14467.1669
2016-08-18, 2, qing_du, 27.51, 27.61, 1.58, 27.18, 27.10, 27.65, 26.92, 164286.35, 447665684, 2.37, 2.69, 1.41, 14417.32717
2016-08-19, 2, qing_du, 27.51, 27.20, -1.48, 27.61, 27.44, 27.55, 27.14, 85983.87, 234547762, 1.24, 1.48, 0.65, 466.60399
2016-08-22, 2, qing_du, 27.49, 26.71, -1.73, 27.18, 27.42, 27.42, 26.71, 139680.43, 376389511, 2.01, 2.61, 1.01, 482.58114
2016-08-23, 2, qing_du, 27.49, 26.75, 0.15, 26.71, 26.68, 26.95, 26.55, 64746.36, 173273169, 0.93, 1.50, 0.50, 470.35885
2016-08-24, 1, wei_ruo, 27.48, 26.71, -0.15, 26.75, 26.78, 26.96, 26.66, 61939.58, 166021960, 0.89, 1.12, 0.54, 504.51493
2016-08-25, 1, wei_ruo, 27.47, 26.40, -1.16, 26.71, 26.60, 26.69, 26.12, 83522.01, 219677269, 1.20, 2.13, 0.81, 460.07895
2016-08-26, 1, wei_ruo, 27.45, 26.89, 1.86, 26.40, 26.41, 27.50, 26.29, 196655.4, 532844956, 2.83, 4.58, 2.25, 473.61612
2016-08-29, 1, wei_ruo, 27.45, 27.19, 1.12, 26.89, 27.13, 27.56, 27.03, 158597.83, 433240941, 2.28, 1.97, 1.45, 653.25308
2016-08-30, 1, wei_ruo, 27.44, 27.09, -0.37, 27.19, 27.35, 27.39, 27.00, 78970.61, 214195408, 1.14, 1.43, 0.70, 367.85507
2016-08-31, 2, qing_du, 27.44, 26.87, -0.81, 27.09, 27.09, 27.10, 26.71, 81449.7, 218661482, 1.17, 1.44, 0.70, 2459.14388
2016-09-01, 1, wei_ruo, 27.43, 26.62, -0.93, 26.87, 26.89, 27.06, 26.61, 66371.45, 178081571, 0.96, 1.67, 0.55, 496.65117
2016-09-02, 1, wei_ruo, 27.43, 26.76, -1.22, 27.09, 27.09, 27.10, 26.71, 31689.62, 85156744, 0.46, 1.44, 1.53, 3706.07305
2016-09-05, 1, wei_ruo, 27.43, 26.76, -1.22, 27.09, 27.09, 27.10, 26.71, 31689.62, 85156744, 0.46, 1.44, 1.53, 468.93501
2016-09-06, 1, wei_ruo, 27.43, 27.55, 2.11, 26.98, 27.06, 27.55, 26.62, 163476.09, 443570594, 2.35, 3.45, 1.36, 4480.86405
2016-09-07, 2, qing_du, 27.43, 26.76, -1.22, 27.09, 27.09, 27.10, 26.71, 31689.62, 85156744, 0.46, 1.44, 1.53, 560.97889
2016-09-08, 2, qing_du, 27.43, 28.48, -2.43, 29.19, 28.61, 29.16, 28.41, 354579.58, 1017043100, 5.11, 2.57, 2.96, 16109.91693
2016-09-09, 3, zhong_du, 27.43, 28.08, -1.40, 28.48, 28.37, 28.89, 28.05, 213552.81, 607447148, 3.08, 2.95, 1.78, 6575.34909
2016-09-12, 3, zhong_du, 27.43, 26.80, -4.56, 28.08, 27.53, 27.53, 26.75, 220336.3, 598138116, 3.17, 2.78, 1.84, 526.15809
2016-09-13, 2, qing_du, 27.43, 26.76, -1.22, 27.09, 27.09, 27.10, 26.71, 31689.62, 85156744, 0.46, 1.44, 1.53, 538.486
2016-09-14, 1, wei_ruo, 27.43, 26.96, -0.19, 27.01, 26.81, 27.38, 26.52, 112720.91, 303730083, 1.62, 3.18, 0.94, 895.08009
2016-09-19, 1, wei_ruo, 27.43, 27.55, 2.19, 26.96, 26.96, 27.55, 26.85, 132946.8, 361897320, 1.91, 2.60, 1.11, 777.64201
2016-09-20, 1, wei_ruo, 27.43, 27.08, -1.71, 27.55, 27.50, 27.56, 27.03, 98549.33, 268315370, 1.42, 1.92, 0.82, 529.30713
2016-09-21, 1, wei_ruo, 27.43, 27.09, 0.04, 27.08, 27.17, 27.38, 27.03, 75536.21, 205144749, 1.09, 1.29, 0.63, 2465.25502
2016-09-22, 1, wei_ruo, 27.43, 27.17, 0.30, 27.09, 27.34, 27.39, 27.08, 78533.01, 213727015, 1.13, 1.14, 0.66, 503.93701
2016-09-23, 1, wei_ruo, 27.43, 27.38, 0.77, 27.17, 27.49, 27.97, 27.30, 192343.55, 531491403, 2.77, 2.47, 1.62, 1886.53088
2016-09-26, 1, wei_ruo, 27.43, 26.72, -2.41, 27.38, 27.51, 27.53, 26.70, 141687.41, 383180923, 2.04, 3.03, 1.18, 4028.64981
2016-09-27, 1, wei_ruo, 27.43, 26.92, 0.75, 26.72, 26.70, 26.96, 26.45, 84723.99, 226111752, 1.22, 1.91, 0.71, 1404.03295
2016-09-28, 1, wei_ruo, 27.43, 26.58, -1.26, 26.92, 26.89, 26.89, 26.55, 53873.05, 143624798, 0.78, 1.26, 0.45, 63671.33284
2016-09-29, 1, wei_ruo, 27.43, 26.78, 0.75, 26.58, 26.63, 26.90, 26.60, 65094.72, 174030096, 0.94, 1.13, 0.54, 2675.19593
2016-09-30, 1, wei_ruo, 27.43, 26.75, -0.11, 26.78, 26.71, 26.90, 26.61, 69881.26, 187011404, 1.01, 1.08, 0.58, 687.69789
2016-10-10, 1, wei_ruo, 27.43, 27.24, 1.83, 26.75, 26.85, 27.30, 26.70, 112990.53, 305409497, 1.63, 2.24, 0.94, 17794.27791
2016-10-11, 1, wei_ruo, 27.43, 27.19, -0.18, 27.24, 27.23, 27.23, 26.95, 104295.61, 282389565, 1.50, 1.03, 0.87, 964.95509
2016-10-12, 1, wei_ruo, 27.43, 27.01, -0.66, 27.19, 27.14, 27.14, 26.92, 68486.36, 184963164, 0.99, 0.81, 0.57, 405.74884
2016-10-13, 1, wei_ruo, 27.43, 27.30, 1.07, 27.01, 27.07, 27.59, 27.03, 155373.62, 424227345, 2.24, 2.07, 1.30, 8420.42685
2016-10-14, 1, wei_ruo, 27.48, 27.34, 0.15, 27.30, 27.21, 27.38, 26.85, 112996.71, 306082622, 1.63, 1.94, 0.94, 4497.97583
2016-10-17, 1, wei_ruo, 27.48, 27.19, -0.55, 27.34, 27.15, 27.28, 27.10, 27852.82, 75739845, 0.40, 0.66, 0.46, 740.96417
2016-10-18, 1, wei_ruo, 27.47, 27.30, 0.89, 27.06, 27.01, 27.32, 26.92, 92653.58, 251721109, 1.33, 1.48, 0.77, 2422.35398
2016-10-19, 1, wei_ruo, 27.47, , , , , , , , , , , , 730.582
2016-10-20, 1, wei_ruo, 27.47, 27.28, -0.33, 27.37, 27.35, 27.44, 27.18, 74502.98, 203264125, 1.07, 0.95, 0.71, 4700.28305
2016-10-21, 1, wei_ruo, 27.46, 27.03, -0.92, 27.28, 27.31, 27.40, 26.87, 93112.6, 252572741, 1.34, 1.94, 1.07, 2587.34608
2016-10-24, 1, wei_ruo, 27.46, 27.11, 0.30, 27.03, 27.00, 27.27, 26.86, 75095.46, 203277020, 1.08, 1.52, 0.83, 1180.0549
2016-10-25, 1, wei_ruo, 27.46, 27.18, 0.26, 27.11, 27.11, 27.23, 27.04, 63884.06, 173300240, 0.92, 0.70, 0.70, 2807.89304
2016-10-26, 1, wei_ruo, 27.45, 27.16, -0.07, 27.18, 27.20, 27.50, 27.13, 116770.03, 318886455, 1.68, 1.36, 1.28, 497.73192
2016-10-27, 1, wei_ruo, 27.45, 27.04, -0.44, 27.16, 27.13, 27.13, 26.92, 64284.68, 173501648, 0.93, 0.77, 0.71, 643.75114
2016-10-28, 1, wei_ruo, 27.44, 26.78, -0.85, 27.01, 27.08, 27.19, 26.77, 72643.54, 195698503, 1.05, 1.55, 0.80, 4536.0291
2016-10-31, 1, wei_ruo, 27.43, 26.43, -1.31, 26.78, 26.78, 26.83, 26.28, 93428.73, 247274326, 1.35, 2.05, 1.02, 536.1948
2016-11-01, 1, wei_ruo, 27.43, 26.60, 0.64, 26.43, 26.54, 26.63, 26.44, 53123.98, 141006562, 0.77, 0.72, 0.58, 520.58101
2016-11-02, 1, wei_ruo, 27.42, 26.40, -0.75, 26.60, 26.72, 26.76, 26.37, 59331.34, 157572769, 0.85, 1.47, 0.66, 520.85996
2016-11-03, 1, wei_ruo, 27.41, 26.51, 0.42, 26.40, 26.46, 26.66, 26.30, 65954.03, 174939961, 0.95, 1.36, 0.72, 2108.26206
2016-11-04, 1, wei_ruo, 27.40, 26.81, 1.13, 26.51, 26.51, 26.85, 26.30, 106285.38, 282104170, 1.53, 2.07, 1.17, 844.7001
2016-11-07, 1, wei_ruo, 27.39, 26.54, -0.97, 26.80, 26.75, 26.86, 26.47, 63608.61, 169449557, 0.92, 1.46, 0.70, 618.24679
2016-11-08, 1, wei_ruo, 27.38, 26.54, 0.00, 26.54, 26.65, 26.75, 26.50, 48963.64, 130324250, 0.71, 0.94, 0.54, 408.17904
2016-11-09, 1, wei_ruo, 27.35, 25.88, -2.45, 26.53, 26.54, 26.62, 25.58, 191048.29, 497073999, 2.75, 3.92, 2.09, 517.56406
2016-11-10, 1, wei_ruo, 27.33, 26.01, 0.50, 25.88, 26.10, 26.19, 25.89, 105717.45, 275042287, 1.52, 1.16, 1.17, 699.7149
2016-11-11, 1, wei_ruo, 27.31, 26.08, 0.31, 26.00, 26.01, 26.11, 25.80, 100973.27, 262027762, 1.45, 1.19, 1.11, 16391.16812
2016-11-14, 1, wei_ruo, 27.29, 26.46, 1.46, 26.08, 26.16, 26.52, 26.00, 119318.45, 313498527, 1.72, 1.99, 1.32, 457.407
2016-11-15, 1, wei_ruo, 27.28, 26.36, -0.42, 26.47, 26.54, 26.54, 26.26, 46480.54, 122534896, 0.67, 1.06, 1.02, 560.25004
2016-11-16, 1, wei_ruo, 27.27, 26.53, 0.23, 26.47, 26.46, 26.66, 26.41, 39343.8, 104422162, 0.57, 0.94, 0.86, 441.55383
2016-11-17, 1, wei_ruo, 27.26, 26.36, -0.42, 26.47, 26.54, 26.54, 26.26, 46480.54, 122534896, 0.67, 1.06, 1.02, 559.73506
2016-11-18, 1, wei_ruo, 27.25, 26.36, -0.42, 26.47, 26.54, 26.54, 26.26, 46480.54, 122534896, 0.67, 1.06, 1.02, 588.61017
2016-11-21, 1, wei_ruo, 27.24, 26.36, 0.11, 26.33, 26.44, 26.44, 26.26, 61295.56, 161484866, 0.88, 0.68, 0.67, 350.99792
2016-11-22, 1, wei_ruo, 27.24, 26.56, 0.76, 26.36, 26.42, 26.68, 26.29, 84770.79, 224352619, 1.22, 1.48, 0.93, 10920.69411
2016-11-23, 1, wei_ruo, 27.23, 26.40, -0.60, 26.56, 26.63, 26.63, 26.34, 88848.62, 235287434, 1.28, 1.09, 0.98, 547.49513
2016-11-24, 1, wei_ruo, 27.21, 26.09, -1.17, 26.40, 26.38, 26.40, 26.04, 87806.01, 230403840, 1.26, 1.36, 0.97, 530.23005
2016-11-25, 1, wei_ruo, 27.20, 26.68, 2.26, 26.09, 26.28, 26.88, 26.06, 149543.8, 396879651, 2.15, 3.14, 1.64, 599.68805
2016-11-28, 1, wei_ruo, 27.19, 26.52, -0.60, 26.68, 26.70, 26.75, 26.45, 103074, 274580839, 1.48, 1.12, 1.14, 496.17195
2016-11-29, 1, wei_ruo, 27.18, 26.48, -0.19, 26.53, 26.50, 26.70, 26.41, 97378.87, 258077956, 1.40, 1.09, 1.08, 343.42003
2016-11-30, 1, wei_ruo, 27.17, 26.43, -0.19, 26.48, 26.64, 26.65, 26.38, 61491.3, 162980269, 0.89, 1.02, 0.68, 171.628
2016-12-01, 1, wei_ruo, 27.16, 26.61, 0.68, 26.43, 26.50, 26.66, 26.35, 93902.34, 248985940, 1.35, 1.17, 1.03, 445.54901
2016-12-02, 1, wei_ruo, 27.15, 26.00, -2.29, 26.61, 26.57, 26.59, 25.99, 108443.8, 284383503, 1.56, 2.25, 1.19, 2603.66488
2016-12-05, 1, wei_ruo, 27.14, 25.96, -0.15, 26.00, 25.81, 26.30, 25.75, 47136.83, 122663968, 0.68, 2.12, 0.52, 666.74089
2016-12-06, 1, wei_ruo, 27.14, 25.91, -0.19, 25.96, 26.19, 26.19, 25.85, 36612.56, 95076548, 0.53, 1.31, 0.40, 640.68294
2016-12-07, 1, wei_ruo, 27.13, 26.00, 0.35, 25.91, 25.81, 26.04, 25.81, 36422.95, 94483466, 0.52, 0.89, 0.40, 466.83097
2016-12-08, 1, wei_ruo, 27.11, 25.62, -1.46, 26.00, 26.01, 26.06, 25.60, 71992.45, 185469216, 1.04, 1.77, 0.79, 468.3609
2016-12-09, 1, wei_ruo, 27.10, 25.32, -1.17, 25.62, 25.62, 25.70, 25.26, 64736.1, 164653369, 0.93, 1.72, 0.71, 584.61404
2016-12-12, 1, wei_ruo, 27.03, 23.29, -8.02, 25.32, 25.33, 25.37, 22.80, 147411.68, 355446667, 2.12, 10.15, 1.61, 546.08393
2016-12-13, 1, wei_ruo, 26.99, 23.20, -0.39, 23.29, 23.09, 23.36, 22.82, 65197.76, 150830955, 0.94, 2.32, 0.71, 860.36086
2016-12-14, 1, wei_ruo, 26.96, 22.85, -1.51, 23.20, 23.20, 23.27, 22.77, 49561.58, 113884717, 0.71, 2.16, 0.54, 482.59997
2016-12-15, 1, wei_ruo, 26.93, 23.03, 0.79, 22.85, 22.74, 23.20, 22.74, 57502.92, 132248285, 0.83, 2.01, 0.63, 543.23006
2016-12-16, 1, wei_ruo, 26.91, 23.29, 1.13, 23.03, 23.18, 23.36, 22.98, 47942.39, 111330605, 0.69, 1.65, 0.53, 511.235
2016-12-19, 1, wei_ruo, 26.88, 23.40, 0.47, 23.29, 23.48, 23.96, 23.34, 60145.59, 141948916, 0.87, 2.66, 0.66, 601.75705
2016-12-20, 1, wei_ruo, 26.85, 23.49, 0.38, 23.40, 23.40, 23.74, 23.19, 52761.17, 123553728, 0.76, 2.35, 0.58, 663.86485
2016-12-21, 1, wei_ruo, 26.83, 23.50, 0.04, 23.49, 23.52, 23.68, 23.39, 40467.02, 95139155, 0.58, 1.23, 0.44, 531.75116
2016-12-22, 1, wei_ruo, 26.81, 23.46, -0.17, 23.50, 23.60, 23.64, 23.37, 39796.2, 93494896, 0.57, 1.15, 0.44, 2515.39612
2016-12-23, 1, wei_ruo, 26.79, 23.13, -1.41, 23.46, 23.46, 23.53, 23.06, 39141.31, 91102982, 0.56, 2.00, 0.43, 458.323
2016-12-26, 1, wei_ruo, 26.77, 23.05, -0.35, 23.13, 23.06, 23.10, 22.68, 46806.56, 106974714, 0.67, 1.82, 0.51, 716.429
2016-12-27, 1, wei_ruo, 26.73, 23.48, 1.87, 23.05, 23.16, 24.13, 23.07, 87100.37, 206223133, 1.25, 4.60, 0.95, 518.35585
2016-12-28, 1, wei_ruo, 26.70, 23.42, -0.26, 23.48, 23.48, 23.68, 23.32, 47225.18, 110830201, 0.68, 1.53, 0.52, 589.48803
2016-12-30, 1, wei_ruo, 26.66, 23.20, 0.30, 23.13, 23.23, 23.44, 23.14, 34275.6, 79854115, 0.49, 1.30, 0.38, 563.84706
2017-01-04, 1, wei_ruo, 26.62, 23.42, 0.90, 23.21, 23.33, 23.45, 23.11, 57734.95, 134377482, 0.83, 1.46, 0.63, 620.16606
2017-01-05, 1, wei_ruo, 26.60, 23.34, -0.34, 23.42, 23.42, 23.46, 23.27, 43900.2, 102417283, 0.63, 0.81, 0.48, 671.83208
2017-01-06, 1, wei_ruo, 26.56, 22.97, -1.59, 23.34, 23.36, 23.37, 22.91, 64245.04, 148428769, 0.93, 1.97, 0.70, 3758.94189
2017-01-09, 1, wei_ruo, 26.53, 23.17, 0.87, 22.97, 22.97, 23.39, 22.97, 64585, 149812088, 0.93, 1.83, 0.71, 559.70407
2017-01-10, 1, wei_ruo, 26.51, 23.24, 0.30, 23.17, 23.20, 23.30, 23.04, 41393.7, 95906978, 0.60, 1.12, 0.45, 467.43703
2017-01-11, 1, wei_ruo, 26.48, 23.20, 0.13, 23.17, 23.20, 23.30, 23.04, 23009.95, 53294536, 0.33, 1.12, 0.50, 591.47692
2017-01-13, 1, wei_ruo, 26.40, 21.76, -3.63, 22.58, 22.57, 22.69, 21.64, 85030.8, 187770879, 1.22, 4.65, 0.93, 1039.36601
2017-01-16, 1, wei_ruo, 26.33, 20.27, -6.85, 21.76, 21.66, 21.68, 19.70, 91073.46, 188474524, 1.31, 9.10, 1.00, 523.70906
2017-01-17, 1, wei_ruo, 26.28, 23.20, 0.13, 23.17, 23.20, 23.30, 23.04, 23009.95, 53294536, 0.33, 1.12, 0.50, 601.89605
2017-01-18, 1, wei_ruo, 26.25, 20.17, -1.13, 20.40, 20.42, 20.55, 20.15, 39566.82, 80271304, 0.57, 1.96, 0.43, 2671.02504
2017-02-07, 1, wei_ruo, 26.00, 21.23, 2.76, 20.66, 20.70, 21.62, 20.70, 94788.41, 201738055, 1.37, 4.45, 2.31, 2719.47908
2017-02-08, 1, wei_ruo, 25.92, 21.25, 2.86, 20.66, 20.70, 21.62, 20.70, 121087.51, 257642411, 1.74, 4.45, 1.33, 2526.96013
2017-02-09, 1, wei_ruo, 25.87, 21.16, -0.42, 21.25, 21.11, 21.26, 20.98, 54758.66, 115697240, 0.79, 1.32, 0.77, 1205.66106
2017-02-10, 1, wei_ruo, 25.83, 21.12, -0.28, 21.18, 21.31, 21.44, 21.06, 58666.57, 124579390, 0.84, 1.79, 0.64, 564.06116
2017-02-13, 1, wei_ruo, 25.75, 21.89, 3.65, 21.12, 21.30, 22.40, 21.16, 133796.17, 291580923, 1.93, 5.87, 1.47, 4813.27987
2017-02-14, 1, wei_ruo, 25.71, 21.81, -0.37, 21.89, 21.84, 22.12, 21.62, 76366.34, 166513986, 1.10, 2.28, 0.84, 646.96789
2017-02-15, 1, wei_ruo, 25.60, 22.12, 1.42, 21.81, 21.84, 22.86, 21.84, 234390.92, 526060238, 3.38, 4.68, 2.57, 6568.17484
2017-02-16, 1, wei_ruo, 25.51, 22.55, 1.94, 22.12, 22.20, 22.74, 21.93, 179927.63, 400952226, 2.59, 3.66, 1.97, 822.13306
2017-02-17, 1, wei_ruo, 25.45, 22.05, -2.22, 22.55, 22.51, 22.73, 21.92, 125101.21, 278330352, 1.80, 3.59, 1.37, 935.73117
2017-02-20, 1, wei_ruo, 25.42, 22.05, 0.00, 22.05, 22.10, 22.22, 21.81, 77525.84, 170629743, 1.12, 1.86, 0.85, 576.07102
2017-02-21, 1, wei_ruo, 25.37, 22.05, -2.22, 22.55, 22.51, 22.73, 21.92, 125101.21, 278330352, 1.80, 3.59, 1.37, 775.16484
2017-02-22, 1, wei_ruo, 25.34, 22.18, -0.09, 22.20, 22.35, 22.38, 21.93, 78608.24, 173959845, 1.13, 2.03, 0.86, 4770.93697
2017-02-23, 1, wei_ruo, 25.30, 22.03, -0.68, 22.18, 22.08, 22.21, 21.80, 82534.23, 181485467, 1.19, 1.85, 0.90, 124874.13812
2017-02-24, 2, qing_du, 25.26, 22.19, 0.73, 22.03, 22.12, 22.34, 22.06, 89490.51, 198539028, 1.29, 1.27, 0.98, 1560.92095
2017-02-27, 2, qing_du, 25.22, 22.21, 0.82, 22.03, 22.12, 22.25, 22.06, 26668.29, 59142039, 0.38, 0.86, 1.59, 2621.64402
2017-02-28, 2, qing_du, 25.19, 22.21, 0.82, 22.03, 22.12, 22.25, 22.06, 26668.29, 59142039, 0.38, 0.86, 1.59, 1157.02009
2017-03-01, 2, qing_du, 25.13, 22.26, 1.60, 21.91, 21.90, 22.50, 21.81, 132705.27, 295486988, 1.91, 3.15, 1.45, 514.40287
2017-03-02, 2, qing_du, 25.10, 21.94, -1.44, 22.26, 22.20, 22.22, 21.90, 70105.06, 154548558, 1.01, 1.44, 0.77, 736.36198
2017-03-03, 2, qing_du, 25.08, 21.98, 0.18, 21.94, 21.90, 22.19, 21.83, 55242.82, 121719726, 0.80, 1.64, 0.61, 4841.04085
2017-03-06, 2, qing_du, 25.05, 22.20, 1.00, 21.98, 22.00, 22.27, 22.00, 65780.13, 145927254, 0.95, 1.23, 0.72, 185488.89899
2017-03-07, 3, zhong_du, 24.97, 22.75, -1.43, 23.08, 23.08, 23.08, 22.67, 77105.33, 176015727, 1.11, 1.78, 1.69, 60767.14802
2017-03-08, 3, zhong_du, 24.93, 22.76, -1.39, 23.08, 23.08, 23.08, 22.55, 126250.71, 287424842, 1.82, 2.30, 1.38, 1297.18208
2017-03-09, 4, gao_du, 24.87, 23.11, 1.54, 22.76, 22.70, 23.30, 22.53, 201053.86, 463335782, 2.90, 3.38, 2.20, 453.44281
2017-03-10, 4, gao_du, 24.85, 22.77, -1.47, 23.11, 22.92, 23.18, 22.74, 92220.17, 211351859, 1.33, 1.90, 1.01, 570.30201
2017-03-13, 4, gao_du, 24.81, 23.06, 1.27, 22.77, 22.80, 23.40, 22.75, 149753.14, 347211646, 2.16, 2.85, 1.64, 604.2881
2017-03-14, 4, gao_du, 24.78, 22.82, -1.04, 23.06, 22.90, 23.17, 22.68, 120489.62, 276079633, 1.74, 2.12, 1.32, 518.83984
2017-03-15, 4, gao_du, 24.72, 23.19, 1.62, 22.82, 23.42, 24.08, 22.99, 303592.01, 713291021, 4.37, 4.78, 3.33, 549.82615
2017-03-16, 4, gao_du, 24.66, 23.66, 2.03, 23.19, 23.10, 23.89, 23.00, 305709.98, 718728137, 4.40, 3.84, 3.35, 609.39097
2017-03-17, 4, gao_du, 24.63, 23.22, -1.86, 23.66, 23.60, 23.60, 23.21, 162140.17, 379424055, 2.34, 1.65, 1.78, 583.18591
2017-03-20, 4, gao_du, 24.61, 23.18, -0.17, 23.22, 23.25, 23.53, 23.02, 121542.56, 282131682, 1.75, 2.20, 1.33, 564.91804
2017-03-21, 4, gao_du, 24.58, 22.79, -1.68, 23.18, 23.18, 23.24, 22.73, 102236.72, 233696651, 1.47, 2.20, 1.12, 615.21792
2017-03-22, 4, gao_du, 24.56, 22.68, -0.48, 22.79, 22.71, 22.95, 22.45, 81165.75, 184353912, 1.17, 2.19, 0.89, 590.93118
2017-03-23, 4, gao_du, 24.54, 22.66, -0.09, 22.68, 22.62, 22.84, 22.38, 75614.06, 171014091, 1.09, 2.03, 0.83, 599.86997
2017-03-24, 3, zhong_du, 24.52, 22.55, -0.49, 22.66, 22.67, 22.68, 22.38, 66293.04, 149217450, 0.95, 1.32, 0.73, 619.74406
2017-03-27, 3, zhong_du, 24.50, 22.69, 0.62, 22.55, 22.57, 22.94, 22.48, 74846.46, 170311883, 1.08, 2.04, 0.82, 640.81097
2017-03-28, 3, zhong_du, 24.48, 22.39, -1.32, 22.69, 22.64, 22.72, 22.38, 56321.36, 126751632, 0.81, 1.50, 0.62, 643.59903
2017-03-29, 3, zhong_du, 24.46, 22.00, -1.74, 22.39, 22.40, 22.47, 21.90, 81775.68, 180687658, 1.18, 2.55, 0.90, 705.26004
2017-03-30, 3, zhong_du, 24.41, 21.30, -3.18, 22.00, 22.16, 22.16, 21.01, 105114.64, 227173493, 1.51, 5.23, 1.15, 634.08184
2017-03-31, 2, qing_du, 24.39, 21.31, 0.05, 21.30, 21.32, 21.57, 21.17, 58053.59, 123808873, 0.84, 1.88, 0.64, 568.67909
2017-04-05, 1, wei_ruo, 24.36, 21.61, 1.41, 21.31, 21.32, 21.68, 21.21, 58680.77, 126113316, 0.85, 2.21, 0.64, 633.47793
2017-04-06, 1, wei_ruo, 24.34, 21.51, -0.46, 21.61, 21.60, 21.70, 21.43, 62200.84, 133810859, 0.90, 1.25, 0.68, 627.36201
2017-04-07, 1, wei_ruo, 24.32, 21.51, 0.00, 21.51, 21.50, 21.63, 21.38, 47958.05, 103018053, 0.69, 1.16, 0.53, 586.15613
2017-04-10, 1, wei_ruo, 24.29, 21.13, -1.77, 21.51, 21.59, 21.59, 21.11, 60854.17, 129146692, 0.88, 2.23, 0.67, 679.43883
2017-04-11, 1, wei_ruo, 24.26, 21.16, 0.14, 21.13, 21.03, 21.22, 20.74, 67656.5, 142337704, 0.97, 2.27, 0.74, 622.92004
2017-04-12, 1, wei_ruo, 24.24, 21.17, 0.05, 21.16, 21.17, 21.30, 21.00, 40747.88, 86315521, 0.59, 1.42, 0.45, 672.98102
2017-04-13, 1, wei_ruo, 24.22, 21.37, 0.94, 21.17, 21.18, 21.48, 21.14, 51200.75, 109400503, 0.74, 1.61, 0.56, 626.9238
2017-04-14, 1, wei_ruo, 24.20, 20.96, -1.92, 21.37, 21.35, 21.35, 20.91, 49993.34, 105436007, 0.72, 2.06, 0.55, 653.08905
2017-04-17, 1, wei_ruo, 24.18, 20.72, -1.15, 20.96, 20.90, 21.14, 20.66, 41045.92, 85586909, 0.59, 2.29, 0.45, 2210.41203
2017-04-18, 1, wei_ruo, 24.16, 20.42, -1.45, 20.72, 20.85, 20.90, 20.38, 39586.89, 81840806, 0.57, 2.51, 0.43, 668.07222
2017-04-19, 1, wei_ruo, 24.13, 20.16, -1.27, 20.42, 20.39, 20.40, 19.84, 53634.32, 107766823, 0.77, 2.74, 0.59, 681.39815
2017-04-20, 1, wei_ruo, 24.10, 20.33, 0.84, 20.16, 20.20, 20.45, 20.11, 39585.28, 80266941, 0.57, 1.69, 0.43, 604.98905
2017-04-21, 1, wei_ruo, 24.09, 20.30, -0.15, 20.33, 20.32, 20.52, 20.25, 32154.1, 65599907, 0.46, 1.33, 0.35, 534.87301
2017-04-24, 1, wei_ruo, 24.05, 19.70, -2.96, 20.30, 20.25, 20.25, 19.57, 52226.68, 103275765, 0.75, 3.35, 0.57, 617.09905
2017-04-25, 1, wei_ruo, 24.03, 19.66, -0.20, 19.70, 19.59, 19.84, 19.59, 33732.45, 66562042, 0.49, 1.27, 0.37, 847.893
2017-04-26, 1, wei_ruo, 24.01, 19.63, -0.15, 19.66, 19.66, 19.84, 19.56, 31970.4, 62932612, 0.46, 1.42, 0.35, 800.71712
2017-04-27, 1, wei_ruo, 23.98, 19.90, 1.38, 19.63, 19.71, 19.93, 19.40, 55048.82, 108507631, 0.79, 2.70, 0.60, 1501.13416
2017-04-28, 1, wei_ruo, 23.93, 20.68, 3.92, 19.90, 20.20, 20.95, 20.12, 97967.8, 202380731, 1.41, 4.17, 1.07, 601.27306
2017-05-02, 1, wei_ruo, 23.91, 20.56, -0.58, 20.68, 20.68, 20.74, 20.46, 42865.6, 88097098, 0.62, 1.35, 0.47, 673.4519
2017-05-03, 1, wei_ruo, 23.89, 20.65, 0.44, 20.56, 20.44, 20.65, 20.26, 43640.67, 89135715, 0.63, 1.90, 0.48, 905.28607
2017-05-04, 1, wei_ruo, 23.87, 20.45, -0.97, 20.65, 20.65, 20.80, 20.41, 38150.21, 78472307, 0.55, 1.89, 0.42, 709.77306
2017-05-05, 1, wei_ruo, 23.84, 19.88, -2.79, 20.45, 20.30, 20.53, 19.80, 57462.42, 115504624, 0.83, 3.57, 0.63, 644.85192
2017-05-11, 1, wei_ruo, 23.69, 18.54, -1.12, 18.75, 18.72, 18.73, 17.90, 72097.56, 132160420, 1.04, 4.43, 0.79, 619.01784
2017-05-12, 1, wei_ruo, 23.65, 18.27, -1.46, 18.54, 18.55, 18.55, 18.12, 47531.62, 86742400, 0.68, 2.32, 0.52, 621.18697
2017-05-15, 1, wei_ruo, 23.63, 18.22, -0.27, 18.27, 18.26, 18.44, 18.14, 34956.62, 63942311, 0.50, 1.64, 0.38, 560.63199
2017-05-17, 1, wei_ruo, 23.52, 18.83, 1.35, 18.58, 18.55, 19.06, 18.47, 78458.16, 147648350, 1.13, 3.18, 0.86, 621.36889
2017-05-18, 1, wei_ruo, 23.50, 18.72, -0.58, 18.83, 18.65, 18.99, 18.40, 35860, 67145349, 0.52, 3.13, 0.39, 583.69517
2017-05-19, 1, wei_ruo, 23.48, 18.75, 0.16, 18.72, 18.83, 18.98, 18.69, 32513.87, 61117717, 0.47, 1.55, 0.36, 607.6901
2017-05-22, 1, wei_ruo, 23.39, 19.29, 2.88, 18.75, 19.80, 20.38, 19.15, 158004.23, 309825469, 2.28, 6.56, 1.73, 2322.35003
2017-05-23, 1, wei_ruo, 23.34, 18.71, -3.01, 19.29, 19.01, 19.30, 18.68, 79614.28, 150479050, 1.15, 3.21, 0.87, 788.24615
2017-05-24, 1, wei_ruo, 23.29, 19.12, 2.19, 18.71, 18.63, 19.12, 18.01, 64844.83, 120662085, 0.93, 5.93, 0.71, 666.63504
2017-05-25, 1, wei_ruo, 23.21, 19.93, 4.24, 19.12, 19.50, 20.15, 19.50, 174625.4, 346793428, 2.51, 3.40, 1.91, 551.32604
2017-05-26, 1, wei_ruo, 23.15, 19.95, 0.10, 19.93, 19.78, 20.30, 19.64, 123133.21, 245992152, 1.77, 3.31, 1.35, 579.7441
2017-05-31, 1, wei_ruo, 23.11, 19.62, -1.65, 19.95, 20.03, 20.17, 19.53, 73487.16, 145739782, 1.06, 3.21, 0.80, 578.71008
2017-06-01, 1, wei_ruo, 23.07, 18.90, -3.67, 19.62, 19.49, 19.50, 18.81, 67938.42, 130542257, 0.98, 3.52, 0.74, 636.77192
2017-06-02, 1, wei_ruo, 23.05, 19.26, 1.90, 18.90, 18.70, 19.35, 18.62, 49569.19, 94226247, 0.71, 3.86, 0.54, 2787.82105
2017-06-05, 1, wei_ruo, 23.03, 19.25, -0.05, 19.26, 19.46, 19.46, 19.20, 37594.43, 72498196, 0.54, 1.35, 0.41, 682.59096
2017-06-06, 1, wei_ruo, 23.01, 19.24, -0.05, 19.25, 19.09, 19.30, 19.02, 35976.58, 68965922, 0.52, 1.45, 0.39, 31542.32907
2017-06-07, 1, wei_ruo, 22.97, 19.70, 2.39, 19.24, 19.18, 19.85, 19.18, 67179.67, 131368651, 0.97, 3.48, 0.74, 696.2719
2017-06-08, 1, wei_ruo, 22.94, 19.76, 0.30, 19.70, 19.69, 19.96, 19.55, 62531.84, 123400695, 0.90, 2.08, 0.68, 614.07518
2017-06-09, 1, wei_ruo, 22.92, 19.93, 0.86, 19.76, 19.65, 19.95, 19.52, 56260.82, 111217139, 0.81, 2.18, 0.62, 864.65001
2017-06-12, 1, wei_ruo, 22.89, 19.35, -2.91, 19.93, 19.78, 19.78, 19.31, 51469.52, 100598677, 0.74, 2.36, 0.56, 637.79688
2017-06-13, 1, wei_ruo, 22.87, 19.59, 1.24, 19.35, 19.28, 19.76, 19.28, 45076.54, 88309710, 0.65, 2.48, 0.49, 628.31402
2017-06-14, 1, wei_ruo, 22.85, 19.71, 0.61, 19.59, 19.56, 19.76, 19.37, 47965.31, 93853432, 0.69, 1.99, 0.53, 580.28197
2017-06-15, 2, qing_du, 22.82, 20.00, 1.47, 19.71, 19.68, 20.13, 19.50, 73798.61, 147301594, 1.06, 3.20, 0.81, 2519.61517
2017-06-16, 2, qing_du, 22.75, 19.99, 0.15, 19.96, 19.98, 20.04, 19.73, 55301.85, 109793203, 0.80, 1.55, 0.61, 598.19412
2017-06-19, 2, qing_du, 22.73, 19.87, -0.60, 19.99, 19.84, 19.96, 19.71, 42340.78, 84037260, 0.61, 1.25, 0.46, 738.22904
2017-06-20, 2, qing_du, 22.71, 19.77, -0.50, 19.87, 19.87, 20.08, 19.77, 52383.43, 104445593, 0.75, 1.56, 0.57, 616.81294
2017-06-21, 2, qing_du, 22.67, 20.22, 2.28, 19.77, 19.87, 20.29, 19.76, 94082.97, 188572306, 1.35, 2.68, 1.03, 776.8178
2017-06-22, 3, zhong_du, 22.63, 19.98, -1.19, 20.22, 20.20, 20.39, 19.96, 113166.59, 228503631, 1.63, 2.13, 1.24, 615.32211
2017-06-23, 3, zhong_du, 22.60, 20.30, 1.60, 19.98, 19.82, 20.30, 19.75, 102110.72, 204916316, 1.47, 2.75, 1.12, 1045.30692
2017-06-26, 3, zhong_du, 22.54, 20.69, 1.92, 20.30, 21.25, 21.46, 20.61, 238939, 499913826, 3.44, 4.19, 2.62, 3686.57613
2017-06-27, 3, zhong_du, 22.50, 21.81, 5.41, 20.69, 20.63, 22.67, 20.58, 331826.29, 719155957, 4.78, 10.10, 3.63, 595.90411
2017-06-28, 3, zhong_du, 22.47, 21.52, -1.33, 21.81, 21.61, 21.76, 21.18, 165758.5, 355080703, 2.39, 2.66, 1.82, 964.90002
2017-06-29, 4, gao_du, 22.45, 21.87, 1.63, 21.52, 21.47, 21.95, 21.23, 177470.11, 383645185, 2.56, 3.35, 1.94, 497.28394
2017-06-30, 4, gao_du, 22.44, 21.79, -0.37, 21.87, 21.72, 21.84, 21.55, 102461.08, 222381528, 1.48, 1.33, 1.12, 620.20206
2017-07-03, 4, gao_du, 22.44, 22.09, 1.38, 21.79, 22.38, 22.55, 21.81, 135451.81, 298709317, 1.95, 3.40, 1.48, 613.37709
2017-07-04, 4, gao_du, 22.42, 21.60, -2.22, 22.09, 21.86, 22.08, 21.41, 135293.38, 293126123, 1.95, 3.03, 1.48, 1223.52719
2017-07-05, 4, gao_du, 22.41, 21.60, 0.00, 21.60, 21.53, 21.78, 21.39, 109375.71, 235570458, 1.58, 1.81, 1.20, 741.9939
2017-07-06, 4, gao_du, 22.38, 20.98, -2.87, 21.60, 21.50, 21.59, 20.91, 145711.7, 308638029, 2.10, 3.15, 1.60, 1661.07512
2017-07-07, 4, gao_du, 22.36, 21.16, 0.86, 20.98, 20.90, 21.38, 20.81, 98492.93, 208297698, 1.42, 2.72, 1.08, 672.05501
2017-07-10, 4, gao_du, 22.34, 21.59, 2.03, 21.16, 21.00, 21.89, 20.88, 151963.07, 326514169, 2.19, 4.77, 1.66, 622.34402
2017-07-11, 4, gao_du, 22.33, 22.24, 3.01, 21.59, 21.51, 22.49, 21.49, 278333.29, 617165779, 4.01, 4.63, 3.05, 660.51888
2017-07-12, 5, qiang_lie, 22.33, 22.25, 0.04, 22.24, 22.03, 22.46, 21.76, 171754.8, 379652140, 2.47, 3.15, 1.88, 567.12794
2017-07-13, 5, qiang_lie, 22.41, 23.99, 7.82, 22.25, 22.45, 24.38, 22.34, 459495.46, 1071714483, 6.62, 9.17, 5.03, 1828.6469
2017-07-14, 5, qiang_lie, --, 21.92, -8.63, 23.99, 23.80, 23.80, 21.72, 380718.23, 864182241, 5.48, 8.67, 4.17, 640.53702
2017-07-17, 5, qiang_lie, --, 19.99, -8.80, 21.92, 21.84, 21.84, 19.95, 285028.18, 584307154, 4.10, 8.62, 3.12, 728.33586
2017-07-18, 3, zhong_du, 22.29, 20.04, 0.25, 19.99, 19.85, 20.48, 19.51, 145776.82, 292110274, 2.10, 4.85, 1.60, 2157.23681
2017-07-19, 2, qing_du, --, 20.06, 0.10, 20.04, 20.04, 20.20, 19.55, 131150.57, 260995932, 1.89, 3.24, 1.44, 565.4459
2017-07-20, 2, qing_du, --, 20.03, -0.15, 20.06, 20.00, 20.55, 19.86, 114214.29, 230984580, 1.64, 3.44, 1.25, 535.326
2017-07-21, 2, qing_du, --, 19.82, -1.05, 20.03, 20.12, 20.20, 19.76, 89910.65, 179491786, 1.29, 2.20, 0.98, 458.5948
2017-07-24, 1, wei_ruo, 22.15, 19.79, -0.15, 19.82, 19.75, 19.89, 19.52, 79674.39, 156581399, 1.15, 1.87, 0.87, 30647.80593
2017-07-25, 1, wei_ruo, --, 20.19, 2.02, 19.79, 19.75, 20.39, 19.75, 100629.6, 202770913, 1.45, 3.23, 1.10, 781.53205
2017-07-26, 1, wei_ruo, --, 19.89, -1.49, 20.19, 20.28, 20.33, 19.70, 77614.11, 154747552, 1.12, 3.12, 0.85, 1255.84507
2017-07-27, 1, wei_ruo, 22.07, 20.00, 0.55, 19.89, 19.87, 20.26, 19.60, 113370.2, 226481682, 1.63, 3.32, 1.24, 1248.22617
2017-07-28, 1, wei_ruo, 22.05, 20.03, 0.15, 20.00, 20.00, 20.23, 19.89, 69315.92, 139024682, 1.00, 1.70, 0.76, 724.52402
2017-07-31, 1, wei_ruo, 22.02, 19.80, -1.15, 20.03, 19.86, 20.00, 19.63, 77878.34, 153973357, 1.12, 1.85, 0.85, 816.64085
2017-08-01, 1, wei_ruo, 21.99, 19.53, -1.36, 19.80, 19.82, 19.99, 19.42, 92525.03, 181720858, 1.33, 2.88, 1.01, 1630.09
2017-08-02, 1, wei_ruo, 21.97, 19.53, 0.00, 19.53, 19.61, 19.76, 19.43, 67804.1, 132808902, 0.98, 1.69, 0.74, 670.94707
2017-08-03, 1, wei_ruo, 21.95, 19.53, 0.00, 19.53, 19.60, 19.75, 19.40, 54852.28, 107394005, 0.79, 1.79, 0.60, 1753.52287
2017-08-04, 1, wei_ruo, 21.93, 19.43, -0.51, 19.53, 19.50, 19.65, 19.41, 50630.55, 98737125, 0.73, 1.23, 0.55, 704.00906
2017-08-07, 1, wei_ruo, 21.87, 20.49, 5.46, 19.43, 19.86, 20.55, 19.81, 230174.54, 468177539, 3.31, 3.81, 2.52, 721.33517
2017-08-08, 1, wei_ruo, 21.85, 20.49, 0.00, 20.49, 20.48, 20.57, 20.15, 127439.54, 258860852, 1.84, 2.05, 1.40, 656.05903
2017-08-09, 1, wei_ruo, 21.82, 20.11, -1.85, 20.49, 20.55, 20.59, 20.01, 109430.54, 220981169, 1.58, 2.83, 1.20, 702.96788
2017-08-10, 1, wei_ruo, 21.78, 19.55, -2.78, 20.11, 20.01, 20.10, 19.45, 144951.3, 285506442, 2.09, 3.23, 1.59, 758.6832
2017-08-11, 1, wei_ruo, 21.75, 19.17, -1.94, 19.55, 19.39, 19.49, 19.17, 78171.58, 150883604, 1.13, 1.64, 0.86, 928.71118
2017-08-14, 1, wei_ruo, 21.73, 19.39, 1.15, 19.17, 19.12, 19.55, 19.12, 58452.51, 113085657, 0.84, 2.24, 0.64, 644.279
2017-08-15, 1, wei_ruo, 21.71, 19.34, -0.26, 19.39, 19.45, 19.50, 19.22, 44898.78, 86843152, 0.65, 1.44, 0.49, 771.27004
2017-08-16, 1, wei_ruo, 21.68, 19.79, 2.33, 19.34, 19.29, 19.88, 19.24, 116000.25, 228626673, 1.67, 3.31, 1.27, 632.08294
2017-08-17, 1, wei_ruo, 21.65, 19.89, 0.51, 19.79, 19.69, 20.22, 19.54, 104134.27, 206862934, 1.50, 3.44, 1.14, 3676.62501
2017-08-18, 1, wei_ruo, 21.64, 19.61, -1.41, 19.89, 19.74, 19.78, 19.61, 58884.4, 115896753, 0.85, 0.85, 0.64, 703.21512
2017-08-21, 1, wei_ruo, 21.62, 19.90, 1.48, 19.61, 19.69, 19.95, 19.69, 61192.18, 121362533, 0.88, 1.33, 0.67, 719.51103
2017-08-22, 1, wei_ruo, 21.60, 19.61, -1.46, 19.90, 19.85, 19.94, 19.59, 59347.16, 116933074, 0.85, 1.76, 0.65, 985.23879
2017-08-23, 1, wei_ruo, 21.59, 19.41, -1.02, 19.61, 19.67, 19.72, 19.33, 43855.42, 85587375, 0.63, 1.99, 0.48, 835.00504
2017-08-24, 1, wei_ruo, 21.58, 19.31, -0.52, 19.41, 19.41, 19.57, 19.26, 36586.26, 70906400, 0.53, 1.60, 0.40, 9692.554
2017-08-25, 1, wei_ruo, 21.56, 19.66, 1.81, 19.31, 19.30, 19.90, 19.29, 70062.63, 137441730, 1.01, 3.16, 0.77, 766.76083
2017-08-28, 1, wei_ruo, 21.54, 19.74, 0.41, 19.66, 19.66, 19.82, 19.48, 75945.03, 149507740, 1.09, 1.73, 0.83, 795.76492
2017-08-29, 1, wei_ruo, 21.52, 19.58, -0.81, 19.74, 19.73, 19.83, 19.57, 50662.1, 99659187, 0.73, 1.32, 0.55, 686.73611
2017-08-30, 1, wei_ruo, 21.51, 19.69, 0.56, 19.58, 19.49, 19.74, 19.47, 42888.74, 84272188, 0.62, 1.38, 0.47, 689.55207
2017-08-31, 1, wei_ruo, 21.47, 20.14, 2.29, 19.69, 19.92, 20.40, 19.80, 190445.59, 383213349, 2.74, 3.05, 2.09, 702.85296
2017-09-01, 1, wei_ruo, 21.45, 19.81, 0.61, 19.69, 19.92, 20.17, 19.80, 72791.16, 145502858, 1.05, 1.88, 1.59, 668.16497
2017-09-04, 1, wei_ruo, 21.43, 19.70, -0.81, 19.86, 19.84, 19.85, 19.68, 91182.97, 179949966, 1.31, 0.86, 1.00, 626.33204
2017-09-05, 1, wei_ruo, 21.41, 19.81, 0.61, 19.69, 19.92, 20.17, 19.80, 72791.16, 145502858, 1.05, 1.88, 1.59, 724.23387
2017-09-06, 1, wei_ruo, 21.38, 19.81, 0.61, 19.69, 19.92, 20.17, 19.80, 72791.16, 145502858, 1.05, 1.88, 1.59, 566.60199
2017-09-07, 1, wei_ruo, 21.35, 20.19, 0.10, 20.17, 20.10, 20.58, 19.95, 173987.99, 352024871, 2.51, 3.12, 1.91, 720.64495
2017-09-08, 1, wei_ruo, 21.33, 19.81, 0.61, 19.69, 19.92, 20.17, 19.80, 72791.16, 145502858, 1.05, 1.88, 1.59, 600.90399
2017-09-11, 1, wei_ruo, 21.32, 19.81, 0.61, 19.69, 19.92, 20.17, 19.80, 72791.16, 145502858, 1.05, 1.88, 1.59, 598.75202
2017-09-12, 2, qing_du, 21.31, 21.23, 2.36, 20.74, 20.65, 21.48, 20.60, 228833.78, 483708131, 3.30, 4.24, 2.51, 2629.25911
2017-09-13, 2, qing_du, 21.31, 21.30, 0.33, 21.23, 21.10, 21.52, 20.88, 170477.64, 362099232, 2.46, 3.01, 1.87, 2649.49107
2017-09-14, 2, qing_du, 21.33, 21.99, 3.24, 21.30, 21.10, 22.43, 21.06, 324860.43, 710647536, 4.68, 6.43, 3.56, 696.52009
2017-09-15, 2, qing_du, 21.33, 21.03, -4.37, 21.99, 21.85, 21.89, 21.02, 227471.25, 486462939, 3.28, 3.96, 2.49, 867.45095
2017-09-18, 2, qing_du, 21.33, 21.04, 0.05, 21.03, 21.00, 21.30, 20.63, 125136.11, 262470403, 1.80, 3.19, 1.37, 926.00012
2017-09-19, 2, qing_du, 21.32, 20.77, -1.28, 21.04, 21.04, 21.35, 20.61, 116182.14, 243480734, 1.67, 3.52, 1.27, 781.92592
2017-09-20, 2, qing_du, 21.31, 21.02, 1.20, 20.77, 20.77, 21.17, 20.53, 100153.32, 208343180, 1.44, 3.08, 1.10, 664.37507
2017-09-21, 1, wei_ruo, 21.31, 20.85, -0.81, 21.02, 21.02, 21.17, 20.81, 78285.35, 164083776, 1.13, 1.71, 0.86, 603.06597
2017-09-22, 1, wei_ruo, 21.30, 20.45, -1.92, 20.85, 20.75, 20.78, 20.27, 90869.82, 186478818, 1.31, 2.45, 1.00, 588.86099
2017-09-25, 1, wei_ruo, 21.29, 20.81, 1.76, 20.45, 20.39, 20.99, 20.30, 105562.3, 218570672, 1.52, 3.37, 1.16, 629.55999
2017-09-26, 1, wei_ruo, 21.28, 20.44, -1.78, 20.81, 20.75, 20.75, 20.26, 80440.95, 164325104, 1.16, 2.35, 0.88, 597.45908
2017-09-27, 1, wei_ruo, 21.27, 20.45, 0.05, 20.44, 20.44, 20.59, 20.31, 69553.45, 142236148, 1.00, 1.37, 0.76, 929.70514
2017-09-28, 1, wei_ruo, 21.26, 19.96, -2.40, 20.45, 20.46, 20.47, 19.93, 87868.73, 177375152, 1.27, 2.64, 0.96, 1015.3439
2017-09-29, 1, wei_ruo, 21.25, 20.06, 0.50, 19.96, 20.05, 20.22, 19.95, 63631.69, 128097067, 0.92, 1.35, 0.70, 734.4439
2017-10-10, 1, wei_ruo, 21.23, 21.18, 4.08, 20.35, 20.39, 21.35, 20.36, 219950.08, 462541849, 3.17, 4.86, 2.41, 717.03291
2017-10-12, 2, qing_du, 21.23, 21.19, 1.39, 20.90, 21.38, 21.49, 20.88, 140509.03, 297260125, 2.02, 2.92, 1.54, 582.07607
2017-10-13, 2, qing_du, 21.23, 21.07, -0.57, 21.19, 21.20, 21.33, 20.92, 93562.61, 197719168, 1.35, 1.93, 1.02, 548.49005
2017-10-16, 2, qing_du, 21.21, 20.27, -3.80, 21.07, 21.00, 21.00, 20.26, 121227.04, 248952573, 1.75, 3.51, 1.33, 755.09906
2017-10-17, 2, qing_du, 21.21, 20.29, 0.10, 20.27, 20.26, 20.47, 20.25, 45793.28, 93116922, 0.66, 1.09, 0.50, 664.97397
2017-10-18, 1, wei_ruo, 21.20, 20.02, -1.33, 20.29, 20.34, 20.40, 20.00, 62472.55, 126292870, 0.90, 1.97, 0.68, 667.41681
2017-10-19, 1, wei_ruo, 21.19, 19.85, -0.85, 20.02, 20.08, 20.35, 19.70, 69223.98, 138668789, 1.00, 3.25, 0.76, 683.93898
2017-10-20, 1, wei_ruo, 21.18, 20.06, 1.06, 19.85, 19.84, 20.06, 19.70, 46942.28, 93522731, 0.68, 1.81, 0.51, 693.70508
2017-10-23, 1, wei_ruo, 21.17, 20.09, 0.15, 20.06, 19.99, 20.18, 19.85, 43506.61, 87145798, 0.63, 1.65, 0.48, 951.00999
2017-10-24, 1, wei_ruo, 21.16, 19.79, -1.49, 20.09, 19.99, 20.03, 19.66, 55579.6, 110197705, 0.80, 1.84, 0.61, 693.05706
2017-10-25, 1, wei_ruo, 21.15, 19.98, 0.96, 19.79, 19.79, 20.05, 19.76, 39195, 78156843, 0.56, 1.47, 0.43, 631.706
2017-10-26, 1, wei_ruo, 21.15, 20.04, 0.30, 19.98, 20.00, 20.08, 19.90, 41181.83, 82367781, 0.59, 0.90, 0.45, 726.80688
2017-10-27, 1, wei_ruo, 21.14, 20.10, 0.30, 20.04, 20.08, 20.39, 20.01, 72256.2, 146081921, 1.04, 1.90, 0.79, 701.24602
2017-10-30, 1, wei_ruo, 21.10, 19.00, -5.47, 20.10, 19.90, 19.90, 18.80, 142557.32, 272955074, 2.05, 5.47, 1.56, 712.44502
2017-10-31, 1, wei_ruo, 21.08, 19.15, 0.79, 19.00, 18.98, 19.18, 18.83, 68764.35, 130672551, 0.99, 1.84, 0.75, 636.57308
2017-11-01, 1, wei_ruo, 21.06, 18.97, -0.94, 19.15, 18.98, 19.13, 18.92, 43945.58, 83564881, 0.63, 1.10, 0.48, 2780.34186
2017-11-02, 1, wei_ruo, 21.05, 18.76, -1.11, 18.97, 18.88, 19.00, 18.67, 54371.87, 102257126, 0.78, 1.74, 0.60, 859.45511
2017-11-03, 1, wei_ruo, 21.02, 18.30, -2.45, 18.76, 18.75, 18.83, 18.29, 68137.3, 126234987, 0.98, 2.88, 0.75, 788.10096
2017-11-06, 1, wei_ruo, 21.01, 0.00, 0.00, 18.63, 0.00, 0.00, 0.00, 0, 0, 0.00, 0.00, 0.00, 62664.05201
2017-11-07, 1, wei_ruo, 20.99, 0.00, 0.00, 19.02, 0.00, 0.00, 0.00, 0, 0, 0.00, 0.00, 0.00, 734.70306
2017-11-08, 1, wei_ruo, 20.97, 18.93, 1.61, 18.63, 18.63, 19.13, 18.48, 42538.56, 80179280, 0.61, 3.49, 0.93, 1105.22294
2017-11-09, 1, wei_ruo, 20.95, 18.93, 1.61, 18.63, 18.63, 19.13, 18.48, 42538.56, 80179280, 0.61, 3.49, 0.93, 878.60489
2017-11-10, 1, wei_ruo, 20.94, 18.96, -0.78, 19.11, 19.07, 19.20, 18.93, 55253.8, 105083083, 0.80, 1.41, 0.96, 794.54803
2017-11-13, 1, wei_ruo, 20.93, 18.90, -0.32, 18.96, 18.88, 19.18, 18.88, 50375.8, 95727134, 0.73, 1.58, 0.92, 699.38898
2017-11-14, 1, wei_ruo, 20.88, 19.62, 3.81, 18.90, 18.90, 19.67, 18.63, 181281.49, 350701947, 2.61, 5.50, 3.15, 782.51696
2017-11-15, 1, wei_ruo, 20.86, 19.44, -0.92, 19.62, 19.41, 19.76, 19.35, 93735.36, 183256191, 1.35, 2.09, 1.17, 790.04717
2017-11-16, 1, wei_ruo, 20.84, 20.08, 3.29, 19.44, 19.41, 20.33, 19.34, 161958.68, 324026347, 2.33, 5.09, 1.89, 1134.2659
2017-11-17, 1, wei_ruo, 20.82, 19.43, -3.24, 20.08, 19.94, 20.10, 19.33, 119692.41, 235877805, 1.72, 3.83, 1.10, 678.05409
2017-11-20, 1, wei_ruo, 20.80, 20.32, 4.58, 19.43, 19.35, 20.33, 18.71, 151255.43, 299084577, 2.18, 8.34, 1.25, 662.80985
2017-11-21, 1, wei_ruo, 20.79, 20.76, 2.17, 20.32, 20.19, 20.94, 20.07, 174838.18, 359474491, 2.52, 4.28, 1.23, 714.89286
2017-11-22, 1, wei_ruo, 20.79, 20.74, -0.10, 20.76, 20.66, 20.88, 20.35, 129775.09, 267635418, 1.87, 2.55, 0.93, 2751.78599
2017-11-23, 2, qing_du, 20.78, 19.77, -4.68, 20.74, 20.60, 20.67, 19.75, 117628.67, 236473720, 1.69, 4.44, 0.80, 671.51213
2017-11-24, 2, qing_du, 20.77, 19.48, -1.47, 19.77, 19.52, 19.83, 19.46, 52885.29, 103707517, 0.76, 1.87, 0.38, 816.12015
2017-11-27, 1, wei_ruo, 20.75, 18.88, -3.08, 19.48, 19.41, 19.45, 18.82, 63942.23, 121605860, 0.92, 3.23, 0.51, 668.34402
2017-11-28, 1, wei_ruo, 20.74, 19.05, 0.90, 18.88, 18.85, 19.20, 18.81, 40455.83, 77163847, 0.58, 2.07, 0.38, 645.48588
2017-11-29, 1, wei_ruo, 20.73, 18.84, -1.10, 19.05, 19.06, 19.11, 18.63, 57658.55, 108432430, 0.83, 2.52, 0.71, 708.40216
2017-11-30, 1, wei_ruo, 20.72, 18.84, 0.00, 18.84, 18.71, 19.04, 18.71, 29198.79, 55123233, 0.42, 1.75, 0.44, 2706.60186
2017-12-01, 1, wei_ruo, 20.71, 19.11, 1.43, 18.84, 18.82, 19.27, 18.75, 36319.16, 69366044, 0.52, 2.76, 0.74, 664.46996
2017-12-04, 1, wei_ruo, 20.70, 18.65, -2.41, 19.11, 19.08, 19.08, 18.59, 42319.5, 79594474, 0.61, 2.56, 0.93, 704.705
2017-12-05, 1, wei_ruo, 20.69, 18.33, -1.72, 18.65, 18.68, 18.82, 18.10, 42822.42, 79053142, 0.62, 3.86, 1.04, 854.86221
2017-12-06, 1, wei_ruo, 20.68, 18.45, 0.65, 18.33, 18.33, 18.49, 18.22, 29902.87, 54945305, 0.43, 1.47, 0.72, 519.64784
2017-12-07, 1, wei_ruo, 20.66, 18.70, 1.36, 18.45, 18.42, 18.78, 18.38, 41015.66, 76266208, 0.59, 2.17, 1.14, 741.06002
2017-12-08, 1, wei_ruo, 20.65, 18.97, 1.44, 18.70, 18.66, 19.08, 18.62, 40461.86, 76547381, 0.58, 2.46, 1.05, 1299.12305
2017-12-11, 1, wei_ruo, 20.65, 18.94, -0.16, 18.97, 18.85, 19.15, 18.85, 32328.11, 61279894, 0.47, 1.58, 0.82, 1235.40092
2017-12-12, 1, wei_ruo, 20.64, 18.60, -1.80, 18.94, 18.98, 19.00, 18.60, 26622.54, 49909174, 0.38, 2.11, 0.71, 694.81397
2017-12-13, 1, wei_ruo, 20.63, 18.66, 0.32, 18.60, 18.66, 18.70, 18.46, 23214.16, 43121001, 0.33, 1.29, 0.68, 2618.12592
2017-12-14, 1, wei_ruo, 20.62, 18.64, -0.11, 18.66, 18.63, 18.82, 18.62, 24435.87, 45711749, 0.35, 1.07, 0.75, 810.22906
2017-12-15, 1, wei_ruo, 20.62, 18.73, 0.48, 18.64, 18.62, 18.90, 18.56, 29018.23, 54487803, 0.42, 1.82, 0.99, 528.8589
2017-12-18, 1, wei_ruo, 20.61, 18.37, -1.92, 18.73, 18.76, 18.78, 18.27, 32811.79, 60384534, 0.47, 2.72, 1.21, 581.57182
2017-12-19, 1, wei_ruo, 20.60, 18.49, 0.65, 18.37, 18.38, 18.52, 18.37, 20450.43, 37759182, 0.29, 0.82, 0.75, 741.14704
2017-12-20, 1, wei_ruo, 20.59, 18.21, -1.51, 18.49, 18.54, 18.58, 18.20, 29327.47, 53660842, 0.42, 2.06, 1.13, 823.45891
2017-12-21, 1, wei_ruo, 20.58, 18.28, 0.38, 18.21, 18.23, 18.42, 18.10, 29622.92, 54080544, 0.43, 1.76, 1.09, 2761.33704
2017-12-22, 1, wei_ruo, 20.57, 18.33, 0.27, 18.28, 18.35, 18.46, 18.21, 25220.92, 46313152, 0.36, 1.37, 0.89, 985.06284
2017-12-25, 1, wei_ruo, 20.57, 18.33, 0.00, 18.33, 18.24, 18.48, 18.15, 23249.54, 42661201, 0.33, 1.80, 0.85, 700.60205
2017-12-26, 1, wei_ruo, 20.56, 18.46, 0.71, 18.33, 18.35, 18.48, 18.27, 23013.08, 42349507, 0.33, 1.15, 0.90, 648.08822
2017-12-27, 1, wei_ruo, 20.55, 18.40, -0.33, 18.46, 18.47, 18.71, 18.35, 27030.76, 50067431, 0.39, 1.95, 1.04, 561.10907
2017-12-29, 1, wei_ruo, 20.53, 18.69, 0.59, 18.58, 18.60, 18.74, 18.51, 38410, 71635129, 0.55, 1.24, 1.37, 587.29196
2018-01-03, 1, wei_ruo, 20.51, 18.93, 1.28, 18.69, 18.70, 18.95, 18.63, 53419.48, 100274689, 0.77, 1.71, 1.71, 708.3919
2018-01-04, 1, wei_ruo, 20.50, 18.93, 0.00, 18.93, 18.88, 19.09, 18.77, 53808.8, 101842397, 0.77, 1.69, 1.44, 693.97688
2018-01-05, 1, wei_ruo, 20.48, 18.68, -1.32, 18.93, 18.85, 18.92, 18.60, 45607.75, 85297891, 0.66, 1.69, 1.07, 588.20009
2018-01-08, 1, wei_ruo, 20.47, 18.76, 0.43, 18.68, 18.71, 18.79, 18.59, 35153.44, 65693191, 0.51, 1.07, 0.78, 587.888
2018-01-09, 1, wei_ruo, 20.46, 18.83, 0.37, 18.76, 18.78, 18.95, 18.72, 56716.81, 106930224, 0.82, 1.23, 1.25, 678.40695
2018-01-10, 1, wei_ruo, 20.45, 18.44, -2.07, 18.83, 18.83, 18.87, 18.37, 46629.19, 86430914, 0.67, 2.66, 0.95, 591.11786
2018-01-11, 1, wei_ruo, 20.44, 18.48, 0.22, 18.44, 18.40, 18.52, 18.38, 28798.83, 53196350, 0.41, 0.76, 0.61, 618.81995
2018-01-12, 1, wei_ruo, 20.43, 18.28, -1.08, 18.48, 18.44, 18.46, 18.23, 36547.1, 67048658, 0.53, 1.24, 0.86, 669.10887
2018-01-15, 1, wei_ruo, 20.40, 18.50, 1.20, 18.28, 18.35, 19.25, 18.32, 97005.58, 182112879, 1.40, 5.09, 2.38, 537.37712
2018-01-16, 1, wei_ruo, 20.39, 18.29, -1.14, 18.50, 18.34, 18.35, 18.12, 47058.34, 85801409, 0.68, 1.24, 0.89, 625.88716
2018-01-17, 1, wei_ruo, 20.36, 17.77, -2.84, 18.29, 18.23, 18.26, 17.32, 70245.98, 125160929, 1.01, 5.14, 1.37, 697.34716
2018-01-18, 1, wei_ruo, 20.35, 17.54, -1.29, 17.77, 17.73, 17.77, 17.47, 35332.72, 62306119, 0.51, 1.69, 0.64, 467.76295
2018-01-19, 1, wei_ruo, 20.34, 17.57, 0.17, 17.54, 17.55, 17.71, 17.52, 30599.28, 53899520, 0.44, 1.08, 0.53, 925.22383
2018-01-22, 1, wei_ruo, 20.33, 17.62, 0.28, 17.57, 17.58, 17.66, 17.30, 30346.12, 53114142, 0.44, 2.05, 0.54, 758.62002
2018-01-23, 1, wei_ruo, 20.31, 17.65, 0.17, 17.62, 17.66, 17.83, 17.55, 31255.34, 55244085, 0.45, 1.59, 0.73, 2946.80309
2018-01-24, 1, wei_ruo, 20.30, 17.79, 0.79, 17.65, 17.61, 17.85, 17.56, 41920.07, 74347372, 0.60, 1.64, 1.06, 2560.7481
2018-01-25, 1, wei_ruo, 20.28, 17.75, -0.22, 17.79, 17.77, 17.94, 17.69, 41654.89, 74269538, 0.60, 1.41, 1.23, 703.81093
2018-01-26, 1, wei_ruo, 20.27, 17.65, -0.56, 17.75, 17.74, 17.80, 17.63, 29009.88, 51320336, 0.42, 0.96, 0.83, 673.88201
2018-01-29, 1, wei_ruo, 20.26, 17.47, -1.02, 17.65, 17.66, 17.83, 17.45, 33362.18, 58749993, 0.48, 2.15, 0.96, 1081.64501
2018-01-30, 1, wei_ruo, 20.25, 17.29, -1.03, 17.47, 17.40, 17.54, 17.26, 27886.31, 48446689, 0.40, 1.60, 0.79, 341.37416
2018-01-31, 1, wei_ruo, 20.19, 16.09, -6.94, 17.29, 17.29, 17.29, 15.96, 102941.02, 168326035, 1.48, 7.69, 2.96, 762.38203
2018-02-01, 1, wei_ruo, 20.12, 14.61, -9.20, 16.09, 16.08, 16.14, 14.56, 95732.02, 144846342, 1.38, 9.82, 2.04, 839.1571
2018-02-02, 1, wei_ruo, 20.06, 13.98, -4.31, 14.61, 14.60, 14.60, 13.21, 72444.66, 100993827, 1.04, 9.51, 1.25, 659.08003
2018-02-05, 1, wei_ruo, 20.02, 13.67, -2.22, 13.98, 13.42, 13.97, 13.42, 43478.02, 59787194, 0.63, 3.93, 0.65, 813.52687
2018-02-06, 1, wei_ruo, 19.95, 12.82, -6.22, 13.67, 13.62, 14.08, 12.82, 66393.76, 89489134, 0.96, 9.22, 0.97, 505.90301
2018-02-07, 1, wei_ruo, 19.90, 12.95, 1.01, 12.82, 13.20, 13.29, 12.59, 55805.51, 72394288, 0.80, 5.46, 0.73, 819.906
2018-02-08, 1, wei_ruo, 19.84, 13.55, 4.63, 12.95, 12.94, 13.62, 12.91, 53629.38, 71686218, 0.77, 5.48, 0.97, 906.93593
2018-02-09, 1, wei_ruo, 19.79, 13.05, -3.69, 13.55, 13.21, 13.50, 12.78, 51477.28, 67741135, 0.74, 5.31, 0.94, 664.58797
2018-02-12, 1, wei_ruo, 19.76, 13.41, 2.76, 13.05, 13.06, 13.45, 13.06, 34131.27, 45572960, 0.49, 2.99, 0.64, 1141.7129
2018-02-13, 1, wei_ruo, 19.73, 13.31, -0.75, 13.41, 13.39, 13.64, 13.31, 32091.62, 43205381, 0.46, 2.46, 0.78, 584.84697
2018-02-14, 1, wei_ruo, 19.72, 13.29, -0.15, 13.31, 13.32, 13.43, 13.24, 18006.42, 23954291, 0.26, 1.43, 0.54, 2692.84892
