2015-04-30, 5, qiang_lie, 13.87, 0.00, 0.00, 13.68, 0.00, 0.00, 0.00, 0, 0, 0.00, 0.00, 0.00, 1805.11498
2015-04-30, 5, qiang_lie, 13.87, 0.00, 0.00, 13.68, 0.00, 0.00, 0.00, 0, 0, 0.00, 0.00, 0.00, 1126.63007
2015-04-30, 5, qiang_lie, 13.87, 0.00, 0.00, 13.68, 0.00, 0.00, 0.00, 0, 0, 0.00, 0.00, 0.00, 1209.85413
2015-04-30, 5, qiang_lie, 13.87, 0.00, 0.00, 13.68, 0.00, 0.00, 0.00, 0, 0, 0.00, 0.00, 0.00, 1072.0892
2015-10-29, 5, qiang_lie, 30.03, 30.68, 6.05, 28.93, 28.62, 31.82, 28.42, 267515.67, 815465108, 13.15, 11.75, 1.00, 4491.19496
2015-10-30, 5, qiang_lie, 30.20, 31.65, 3.16, 30.68, 30.18, 33.33, 29.10, 263906.91, 825618855, 12.97, 13.79, 1.06, 839.80513
2015-11-02, 5, qiang_lie, 30.56, 33.29, 5.18, 31.65, 29.88, 34.70, 29.50, 318629.93, 1035516387, 15.66, 16.43, 1.31, 3090.69109
2015-11-03, 5, qiang_lie, 31.10, 32.35, -2.82, 33.29, 33.40, 36.44, 31.99, 364116.14, 1246442193, 17.89, 13.37, 1.37, 3041.78905
2015-11-04, 5, qiang_lie, 31.58, 35.59, 10.02, 32.35, 31.70, 35.59, 31.70, 304181.23, 1029096951, 14.95, 12.02, 1.08, 1455.94096
2015-11-05, 5, qiang_lie, 32.51, 36.50, 2.56, 35.59, 36.14, 38.50, 35.59, 358097.29, 1320305012, 17.60, 8.18, 1.18, 1261.70301
2015-11-06, 5, qiang_lie, 33.31, 38.39, 5.18, 36.50, 36.00, 39.50, 35.80, 300317.88, 1133876707, 14.76, 10.14, 0.93, 1106.79293
2015-11-09, 5, qiang_lie, 33.99, 38.71, 0.83, 38.39, 38.20, 39.99, 37.59, 254159.33, 982479646, 12.49, 6.25, 0.77, 1417.34004
2015-11-17, 5, qiang_lie, 34.01, 42.58, 10.00, 38.71, 42.58, 42.58, 42.58, 4845.21, 20630904, 0.24, 0.00, 0.02, 1080.33895
2015-11-18, 5, qiang_lie, 36.23, 46.84, 10.00, 42.58, 46.00, 46.84, 43.11, 390545.95, 1770224812, 19.19, 8.76, 1.60, 1167.23919
2015-11-19, 5, qiang_lie, 38.01, 51.52, 9.99, 46.84, 46.00, 51.52, 44.51, 278821.94, 1349771251, 13.70, 14.97, 1.07, 32550.91715
2015-11-20, 5, qiang_lie, 38.99, 56.67, 10.00, 51.52, 54.04, 56.67, 53.07, 114775.9, 637523385, 5.64, 6.99, 0.47, 32288.32006
2015-11-23, 5, qiang_lie, 42.80, 54.55, -3.74, 56.67, 62.00, 62.34, 53.70, 433829.45, 2532875346, 21.32, 15.25, 2.08, 1210.60395
2015-11-24, 5, qiang_lie, 44.20, 52.72, -3.35, 54.55, 53.80, 56.13, 51.39, 267892.74, 1421162987, 13.16, 8.69, 1.10, 1146.51084
2015-11-25, 5, qiang_lie, 45.07, 53.00, 0.53, 52.72, 51.79, 54.55, 51.20, 202404.37, 1070349483, 9.95, 6.35, 0.68, 996.99998
2015-11-26, 5, qiang_lie, 45.78, 51.21, -3.38, 53.00, 53.00, 53.78, 49.80, 222060.66, 1147043246, 10.91, 7.51, 0.86, 873.07
2015-11-27, 5, qiang_lie, 46.47, 51.58, 0.72, 51.21, 50.62, 53.10, 50.00, 244146.2, 1262314210, 12.00, 6.05, 0.98, 2790.21096
2015-11-30, 5, qiang_lie, 46.82, 49.85, -3.35, 51.58, 52.00, 52.50, 46.96, 216179.33, 1069141109, 10.62, 10.74, 0.79, 844.37203
2015-12-01, 5, qiang_lie, 46.81, 45.60, -8.53, 49.85, 49.00, 49.47, 44.87, 180240.32, 850230150, 8.86, 9.23, 0.78, 2996.28901
2015-12-02, 5, qiang_lie, 47.01, 50.16, 10.00, 45.60, 45.00, 50.16, 45.00, 253638.6, 1239970314, 12.46, 11.32, 1.19, 936.49101
2015-12-03, 5, qiang_lie, 47.01, 50.00, -0.32, 50.16, 51.00, 51.94, 48.02, 214302, 1062327642, 10.53, 7.81, 0.96, 786.60893
2015-12-04, 5, qiang_lie, 47.64, 50.27, 0.54, 50.00, 49.00, 52.98, 48.50, 197276.48, 1005581607, 9.69, 8.96, 0.89, 2587.74996
2015-12-07, 5, qiang_lie, 47.76, 49.83, -0.88, 50.27, 49.50, 50.60, 48.40, 127748.65, 628954801, 6.28, 4.38, 0.60, 582.1929
2015-12-08, 5, qiang_lie, 48.15, 51.87, 4.09, 49.83, 50.39, 52.66, 49.80, 216440.35, 1119484104, 10.64, 5.74, 1.11, 839.63609
2015-12-09, 5, qiang_lie, 48.29, 49.97, -3.66, 51.87, 50.80, 51.54, 48.54, 149550.48, 741731577, 7.35, 5.78, 0.74, 572.59297
2015-12-10, 5, qiang_lie, 48.26, 47.35, -5.24, 49.97, 48.21, 49.29, 47.01, 141431.37, 676069863, 6.95, 4.56, 0.78, 834.28192
2015-12-11, 5, qiang_lie, 47.92, 43.95, -7.18, 47.35, 46.00, 46.49, 43.20, 188161.5, 837244149, 9.25, 6.95, 1.13, 912.47916
2015-12-14, 4, gao_du, 47.71, 44.81, 1.96, 43.95, 43.50, 45.65, 43.50, 131106.7, 588455249, 6.44, 4.89, 0.80, 783.62393
2015-12-15, 4, gao_du, 47.55, 44.84, 0.07, 44.81, 44.42, 45.80, 43.97, 116656.69, 523716227, 5.73, 4.08, 0.71, 1406.02493
2015-12-16, 3, zhong_du, 47.45, 45.59, 1.67, 44.84, 45.07, 46.69, 45.07, 111038.11, 508583368, 5.46, 3.61, 0.76, 2837.21399
2015-12-17, 3, zhong_du, 47.53, 50.15, 10.00, 45.59, 47.28, 50.15, 46.90, 96891.39, 474935411, 4.76, 7.13, 0.70, 2807.45482
2015-12-18, 4, gao_du, 48.37, 52.57, 4.83, 50.15, 54.49, 55.17, 51.00, 319386.13, 1724357218, 15.70, 8.32, 2.48, 1154.19292
2015-12-21, 4, gao_du, 48.46, 48.26, -8.20, 52.57, 51.50, 51.50, 47.79, 221006.3, 1085792835, 10.86, 7.06, 1.43, 1111.33289
2015-12-22, 4, gao_du, 48.53, 48.96, 1.45, 48.26, 48.49, 50.98, 48.46, 145036.75, 717373662, 7.13, 5.22, 0.84, 2126.25909
2015-12-23, 4, gao_du, 48.44, 46.86, -4.29, 48.96, 48.17, 48.88, 46.00, 152805.4, 715308191, 7.51, 5.88, 0.86, 902.73714
2015-12-24, 4, gao_du, 48.39, 48.38, 3.24, 46.86, 46.13, 50.50, 44.80, 165317.84, 782847458, 8.12, 12.16, 0.88, 1054.09312
2015-12-25, 4, gao_du, 48.35, 47.19, -2.46, 48.38, 47.52, 48.00, 47.00, 74821.2, 354245713, 3.68, 2.07, 0.37, 785.18891
2015-12-28, 3, zhong_du, 48.28, 46.25, -1.99, 47.19, 48.36, 49.00, 45.75, 106536.19, 502936750, 5.24, 6.89, 0.70, 2864.20298
2015-12-29, 3, zhong_du, 48.11, 45.21, -2.25, 46.25, 46.20, 46.20, 43.90, 109341.17, 487736561, 5.34, 4.97, 0.85, 1282.34601
2015-12-30, 3, zhong_du, 47.97, 44.99, -0.49, 45.21, 45.05, 46.25, 44.03, 100258.81, 450712126, 4.89, 4.91, 0.78, 2717.70906
2015-12-31, 3, zhong_du, 47.64, 42.55, -5.42, 44.99, 45.06, 45.25, 42.00, 140271.8, 606366973, 6.85, 7.22, 1.09, 1224.35093
2016-01-04, 2, qing_du, 47.22, 38.30, -9.99, 42.55, 42.06, 42.06, 38.30, 106438.04, 419563218, 5.19, 8.84, 1.28, 1777.99201
2016-01-05, 1, wei_ruo, 46.35, 35.45, -7.44, 38.30, 35.00, 37.37, 34.47, 156202.16, 559118148, 7.62, 7.57, 1.21, 861.95302
2016-01-06, 1, wei_ruo, 45.55, 37.26, 5.11, 35.45, 35.80, 38.00, 34.50, 168584.07, 614674904, 8.23, 9.87, 1.31, 1030.05695
2016-01-07, 1, wei_ruo, 45.34, 33.53, -10.01, 37.26, 35.99, 35.99, 33.53, 37700.49, 130019324, 1.84, 6.60, 2.42, 962.58688
2016-01-08, 1, wei_ruo, 45.34, 32.60, -2.77, 33.53, 34.01, 34.87, 30.38, 143917.51, 474957416, 7.02, 13.39, 1.12, 862.56099
2016-01-11, 1, wei_ruo, 43.52, 29.34, -10.00, 32.60, 31.01, 32.17, 29.34, 134324.63, 411191734, 6.56, 8.68, 1.04, 945.37497
2016-01-12, 1, wei_ruo, 42.05, 32.27, 9.99, 29.34, 29.10, 32.27, 28.50, 240780.41, 750674562, 11.75, 12.85, 1.87, 1111.21297
2016-01-13, 1, wei_ruo, 40.99, 29.40, -8.89, 32.27, 32.60, 32.65, 29.36, 186662.81, 579067843, 9.11, 10.20, 1.45, 920.00008
2016-01-14, 1, wei_ruo, 39.95, 31.17, 6.02, 29.40, 27.90, 32.00, 27.15, 196558.06, 590226972, 9.59, 16.50, 1.52, 2784.63697
2016-01-15, 1, wei_ruo, 39.22, 31.15, -0.06, 31.17, 30.00, 32.23, 29.92, 169779, 528743469, 8.29, 7.41, 1.32, 2963.93299
2016-01-18, 1, wei_ruo, 38.56, 33.70, 8.19, 31.15, 30.45, 34.27, 30.40, 209244.3, 687972118, 10.21, 12.42, 1.62, 7496.97995
2016-01-19, 1, wei_ruo, 38.01, 34.20, 1.48, 33.70, 33.01, 34.36, 32.33, 228819.18, 766563785, 11.17, 6.02, 1.78, 2776.20602
2016-01-20, 1, wei_ruo, 37.69, 33.28, -2.69, 34.20, 33.57, 34.88, 33.01, 154185.04, 521594131, 7.53, 5.47, 1.20, 914.50691
2016-01-21, 1, wei_ruo, 37.20, 29.96, -9.98, 33.28, 32.61, 33.10, 29.95, 149336.25, 473906279, 7.29, 9.47, 1.16, 2671.92316
2016-01-22, 1, wei_ruo, 36.79, 31.25, 4.31, 29.96, 30.55, 32.00, 29.25, 132859.05, 408656853, 6.48, 9.18, 1.03, 1110.55517
2016-01-26, 1, wei_ruo, 36.01, 27.93, -9.99, 31.03, 30.40, 30.68, 27.93, 129362.59, 374877249, 6.31, 8.86, 1.00, 2883.45695
2016-01-27, 1, wei_ruo, 35.36, 28.56, 2.26, 27.93, 27.92, 28.60, 25.20, 156210.46, 419079625, 7.62, 12.17, 1.21, 1072.227
2016-01-28, 1, wei_ruo, 34.92, 26.81, -6.13, 28.56, 27.88, 28.34, 26.15, 107975.42, 297205100, 5.27, 7.67, 0.84, 1311.14197
2016-01-29, 1, wei_ruo, 34.70, 29.49, 10.00, 26.81, 29.05, 29.49, 28.11, 77841.05, 227581961, 3.80, 5.15, 0.60, 1058.37584
2016-02-01, 1, wei_ruo, 34.29, 30.29, 2.71, 29.49, 31.88, 31.88, 29.70, 203921.74, 629309758, 9.95, 7.39, 1.58, 2724.68114
2016-02-02, 1, wei_ruo, 34.06, 31.60, 4.32, 30.29, 29.80, 32.90, 29.71, 165160.22, 520634775, 8.06, 10.53, 1.28, 1591.8591
2016-02-03, 1, wei_ruo, 33.88, 32.63, 3.26, 31.60, 30.61, 33.36, 30.00, 176417.55, 564282711, 8.61, 10.63, 1.37, 1161.26513
2016-02-04, 1, wei_ruo, 33.87, 33.85, 3.74, 32.63, 32.68, 35.41, 32.05, 168786.44, 570964796, 8.24, 10.30, 1.31, 1154.87003
2016-02-05, 1, wei_ruo, 33.83, 32.42, -4.22, 33.85, 33.70, 34.50, 32.41, 108882.1, 361622996, 5.31, 6.17, 0.84, 1105.82304
2016-02-15, 1, wei_ruo, 33.73, 31.88, -1.67, 32.42, 30.80, 32.20, 30.20, 86582.5, 271106101, 4.23, 6.17, 0.67, 2032.40108
2016-02-16, 1, wei_ruo, 33.72, 34.00, 6.65, 31.88, 32.28, 34.88, 31.91, 147548.29, 499978304, 7.20, 9.32, 1.14, 2865.41891
2016-02-17, 1, wei_ruo, 33.80, 35.20, 3.53, 34.00, 33.90, 35.20, 33.40, 183634.93, 629567363, 8.96, 5.29, 1.42, 1052.93107
2016-02-18, 1, wei_ruo, 33.87, 34.09, -3.15, 35.20, 35.10, 36.00, 34.05, 147924.23, 514106067, 7.22, 5.54, 1.15, 945.91308
2016-02-19, 1, wei_ruo, 33.87, 33.90, -0.56, 34.09, 33.70, 34.50, 33.39, 86719.58, 294525146, 4.23, 3.26, 0.85, 2184.31091
2016-02-22, 1, wei_ruo, 33.77, 34.46, 1.95, 33.80, 35.20, 35.49, 34.03, 126844.62, 438369699, 6.19, 4.32, 0.93, 3039.572
2016-02-23, 1, wei_ruo, 33.80, 33.08, -4.00, 34.46, 34.05, 34.58, 32.48, 110856.83, 371474590, 5.41, 6.09, 0.78, 2647.95995
2016-02-24, 1, wei_ruo, 33.75, 32.96, -0.36, 33.08, 33.00, 33.64, 32.01, 101676.93, 332869143, 4.96, 4.93, 0.74, 801.65601
2016-02-25, 1, wei_ruo, 33.74, 32.96, 0.00, 32.96, 33.01, 35.60, 32.53, 294505.93, 998465500, 14.37, 9.31, 2.44, 985.68797
2016-02-26, 1, wei_ruo, 33.54, 31.39, -4.76, 32.96, 33.23, 33.27, 30.01, 188241.69, 596513930, 9.19, 9.89, 1.26, 2618.37792
2016-02-29, 1, wei_ruo, 33.28, 28.25, -10.00, 31.39, 31.40, 31.40, 28.25, 128165.19, 371068907, 6.26, 10.04, 0.78, 995.86201
2016-03-01, 1, wei_ruo, 32.95, 28.41, 0.57, 28.25, 28.00, 28.70, 26.50, 122620.16, 339713645, 5.98, 7.79, 0.74, 807.51705
2016-03-02, 1, wei_ruo, 32.72, 29.68, 4.47, 28.41, 28.41, 30.14, 28.01, 130841.88, 380295877, 6.39, 7.50, 0.78, 934.97205
2016-03-03, 1, wei_ruo, 32.55, 29.40, -0.94, 29.68, 29.25, 31.31, 29.12, 126972.75, 384477177, 6.20, 7.38, 0.73, 2607.14412
2016-03-04, 1, wei_ruo, 32.30, 29.75, 1.19, 29.40, 29.20, 31.20, 27.12, 157160.97, 463428242, 7.67, 13.88, 1.13, 813.93695
2016-03-07, 1, wei_ruo, 32.20, 30.55, 2.69, 29.75, 30.10, 31.15, 29.88, 112780.69, 343691430, 5.50, 4.27, 0.85, 1261.01804
2016-03-08, 1, wei_ruo, 32.08, 30.23, -1.05, 30.55, 30.55, 30.55, 28.50, 107698.68, 317919402, 5.26, 6.71, 0.83, 529.9859
2016-03-09, 1, wei_ruo, 31.95, 28.90, -4.40, 30.23, 29.10, 29.99, 28.80, 89413.19, 261612668, 4.36, 3.94, 0.70, 3521.92593
2016-03-10, 1, wei_ruo, 31.82, 27.84, -3.67, 28.90, 29.00, 29.38, 27.80, 76499.22, 217430608, 3.73, 5.47, 0.64, 578.44996
2016-03-11, 1, wei_ruo, 31.70, 27.48, -1.29, 27.84, 27.30, 27.97, 27.12, 54113.84, 149209872, 2.64, 3.05, 0.50, 1732.10216
2016-03-14, 1, wei_ruo, 31.55, 28.93, 5.28, 27.48, 27.80, 29.24, 27.78, 105291.46, 302853296, 5.14, 5.31, 1.20, 858.09088
2016-03-15, 1, wei_ruo, 31.41, 28.04, -3.08, 28.93, 28.79, 28.88, 27.90, 84944.83, 240685605, 4.15, 3.39, 0.98, 2559.34215
2016-03-16, 1, wei_ruo, 31.30, 28.04, 0.00, 28.04, 28.88, 28.97, 27.62, 73366.35, 207083212, 3.58, 4.81, 0.89, 1829.86879
2016-03-17, 1, wei_ruo, 31.14, 29.17, 4.03, 28.04, 28.20, 29.75, 27.89, 139018.63, 400774766, 6.78, 6.63, 1.76, 865.30423
2016-03-18, 1, wei_ruo, 31.06, 30.92, 6.00, 29.17, 29.19, 31.10, 29.09, 204444.97, 621789953, 9.98, 6.89, 2.24, 2599.53308
2016-03-21, 1, wei_ruo, 31.09, 32.00, 3.49, 30.92, 31.33, 32.13, 30.02, 186674.28, 585290878, 9.11, 6.82, 1.54, 2638.17
2016-03-22, 1, wei_ruo, 31.12, 31.59, -1.28, 32.00, 31.20, 32.30, 31.11, 118678.17, 375468439, 5.79, 3.72, 0.86, 794.02995
2016-03-23, 2, qing_du, 31.16, 32.12, 1.68, 31.59, 31.17, 32.43, 31.17, 105299.74, 335169921, 5.14, 3.99, 0.73, 681.47707
2016-03-24, 2, qing_du, 31.16, 30.85, -3.95, 32.12, 31.80, 31.80, 30.81, 125511.03, 394041911, 6.13, 3.08, 0.83, 817.68584
2016-03-25, 2, qing_du, 31.15, 30.68, -0.55, 30.85, 30.91, 31.44, 30.09, 80575.75, 248535170, 3.93, 4.38, 0.54, 5260.4692
2016-03-28, 2, qing_du, 31.11, 29.90, -2.54, 30.68, 30.99, 31.77, 29.80, 109239.85, 337539484, 5.33, 6.42, 0.89, 1195.00899
2016-03-29, 1, wei_ruo, 31.04, 29.10, -2.68, 29.90, 29.90, 30.44, 28.90, 86813.81, 256847752, 4.24, 5.15, 0.80, 600.11411
2016-03-30, 1, wei_ruo, 31.00, 30.22, 3.85, 29.10, 29.43, 30.28, 29.38, 85143.11, 253814583, 4.16, 3.09, 0.84, 1141.06107
2016-03-31, 1, wei_ruo, 31.00, 30.86, 2.12, 30.22, 31.33, 31.60, 30.70, 140772.95, 437053377, 6.87, 2.98, 1.46, 1180.03988
2016-04-01, 1, wei_ruo, 31.29, 33.95, 10.01, 30.86, 30.31, 33.95, 30.31, 335597.68, 1116214161, 16.38, 11.80, 3.37, 4753.76296
2016-04-05, 2, qing_du, 31.85, 35.14, 3.51, 33.95, 34.50, 35.64, 33.95, 318402.42, 1105251469, 15.54, 4.98, 2.10, 526.92294
2016-04-06, 3, zhong_du, 32.11, 34.68, -1.31, 35.14, 34.60, 34.94, 33.89, 205541.6, 706695802, 10.03, 2.99, 1.06, 526.76201
2016-04-07, 3, zhong_du, 32.26, 33.47, -3.49, 34.68, 34.74, 35.15, 33.45, 151038.3, 514625340, 7.37, 4.90, 0.70, 698.86708
2016-04-08, 4, gao_du, 32.26, 32.33, -3.41, 33.47, 32.90, 32.94, 31.71, 130820.14, 423007862, 6.38, 3.67, 0.57, 920.34721
2016-04-11, 3, zhong_du, 32.32, 33.60, 3.93, 32.33, 32.83, 33.80, 32.60, 123632.55, 410623479, 6.03, 3.71, 0.54, 442.07191
2016-04-12, 3, zhong_du, 32.40, 34.05, 1.34, 33.60, 33.19, 34.19, 32.50, 130128.52, 432048933, 6.35, 5.03, 0.70, 2643.88704
2016-04-13, 3, zhong_du, 32.57, 34.20, 0.44, 34.05, 33.95, 34.75, 33.68, 188572.11, 645362980, 9.20, 3.14, 1.27, 965.16395
2016-04-14, 4, gao_du, 32.67, 34.32, 0.35, 34.20, 34.20, 34.48, 33.63, 128902.05, 439289590, 6.29, 2.49, 0.89, 594.78593
2016-04-15, 4, gao_du, 32.73, 33.95, -1.08, 34.32, 34.23, 34.23, 33.38, 97480.25, 328735658, 4.76, 2.48, 0.69, 2553.75409
2016-04-18, 4, gao_du, 32.93, 33.87, -0.24, 33.95, 33.86, 36.58, 33.50, 219944.5, 769232661, 10.73, 9.07, 1.64, 355.95989
2016-04-19, 4, gao_du, 32.94, 32.84, -3.04, 33.87, 33.02, 33.55, 32.58, 115964.76, 382251770, 5.66, 2.86, 0.76, 830.09005
2016-04-20, 3, zhong_du, 32.79, 29.83, -9.17, 32.84, 33.17, 33.19, 29.56, 148146.07, 461392583, 7.23, 11.05, 0.99, 601.40395
2016-04-21, 3, zhong_du, 32.67, 30.20, 1.24, 29.83, 29.56, 31.30, 29.56, 98562.6, 300878930, 4.81, 5.83, 0.69, 632.54499
2016-04-22, 2, qing_du, 32.60, 31.00, 2.65, 30.20, 31.47, 32.29, 30.81, 105192.92, 330119276, 5.13, 4.90, 0.77, 825.49286
2016-04-25, 2, qing_du, 32.53, 30.26, -2.39, 31.00, 30.22, 30.85, 30.00, 65217.22, 198238160, 3.18, 2.74, 0.47, 2415.41386
2016-04-26, 2, qing_du, 32.45, 30.97, 2.35, 30.26, 30.27, 31.11, 29.82, 85527.73, 260972947, 4.17, 4.26, 0.80, 6872.29609
2016-04-27, 2, qing_du, 32.40, 30.94, -0.10, 30.97, 30.70, 31.70, 30.66, 80430.86, 251078305, 3.93, 3.36, 0.80, 2699.9321
2016-04-28, 2, qing_du, 32.34, 31.30, 1.16, 30.94, 31.47, 31.59, 30.05, 80098.22, 248258699, 3.91, 4.98, 0.92, 2632.15899
2016-04-29, 2, qing_du, 32.33, 32.81, 4.82, 31.30, 30.90, 33.00, 30.71, 115254.01, 369125043, 5.63, 7.32, 1.38, 769.35482
2016-05-03, 2, qing_du, 32.35, 33.10, 0.88, 32.81, 32.82, 33.20, 31.82, 100157.47, 328033895, 4.89, 4.21, 1.17, 2626.41907
2016-05-04, 3, zhong_du, 32.38, 32.58, -1.57, 33.10, 32.80, 33.77, 32.57, 94686.88, 313351820, 4.62, 3.63, 1.03, 810.13012
2016-05-05, 3, zhong_du, 32.39, 32.80, 0.68, 32.58, 32.58, 33.12, 32.36, 54255.72, 178045601, 2.65, 2.33, 0.58, 541.64791
2016-05-06, 3, zhong_du, 32.34, 30.56, -6.83, 32.80, 32.81, 33.18, 30.50, 102987.99, 326786675, 5.03, 8.17, 1.16, 2377.65408
2016-05-09, 2, qing_du, 32.20, 28.37, -7.17, 30.56, 29.99, 29.99, 28.10, 85210.58, 245461555, 4.16, 6.18, 0.91, 914.18886
2016-05-10, 2, qing_du, 32.06, 30.23, 6.56, 28.37, 28.37, 31.00, 28.37, 115831.35, 343936822, 5.65, 9.27, 1.32, 4702.29506
2016-05-11, 1, wei_ruo, 31.98, 29.06, -3.87, 30.23, 30.20, 30.48, 28.81, 67661.49, 198509460, 3.30, 5.52, 0.75, 648.61798
2016-05-12, 1, wei_ruo, 31.91, 28.79, -0.93, 29.06, 28.69, 28.98, 27.90, 42416.19, 120886808, 2.07, 3.72, 0.50, 676.95212
2016-05-13, 1, wei_ruo, 31.84, 28.66, -0.45, 28.79, 28.80, 29.35, 28.30, 41818.71, 120597951, 2.04, 3.65, 0.50, 2149.58596
2016-05-16, 1, wei_ruo, 31.78, 28.85, 0.66, 28.66, 28.40, 28.88, 28.38, 37834.62, 108578899, 1.85, 1.74, 0.54, 951.45011
2016-05-17, 1, wei_ruo, 31.73, 28.90, 0.17, 28.85, 28.96, 29.20, 28.51, 40332.1, 116397964, 1.97, 2.39, 0.66, 992.46788
2016-05-18, 1, wei_ruo, 31.65, 28.12, -2.70, 28.90, 28.96, 29.10, 27.55, 45221.77, 128475996, 2.21, 5.36, 0.98, 1365.17596
2016-05-19, 1, wei_ruo, 31.57, 28.29, 0.60, 28.12, 28.14, 29.10, 28.13, 55126.5, 158027417, 2.69, 3.45, 1.33, 4125.56791
2016-05-20, 1, wei_ruo, 31.51, 28.43, 0.49, 28.29, 28.18, 28.55, 27.82, 33755.62, 94928333, 1.65, 2.58, 0.77, 2635.77414
2016-05-23, 1, wei_ruo, 31.46, 28.75, 1.13, 28.43, 28.30, 28.80, 28.30, 37101.29, 106332894, 1.81, 1.76, 0.87, 2866.81914
2016-05-24, 1, wei_ruo, 31.41, 28.28, -1.63, 28.75, 28.78, 28.78, 28.15, 29633.41, 83992643, 1.45, 2.19, 0.70, 1012.5401
2016-05-25, 1, wei_ruo, 31.37, 28.15, -0.46, 28.28, 28.60, 28.68, 28.05, 26871.95, 76123574, 1.31, 2.23, 0.64, 2750.00405
2016-05-26, 1, wei_ruo, 31.30, 28.31, 0.57, 28.15, 28.13, 28.50, 27.37, 43020.31, 119829639, 2.10, 4.01, 1.02, 599.55096
2016-05-27, 1, wei_ruo, 31.26, 28.05, -0.92, 28.31, 28.08, 28.45, 27.79, 30826.26, 86640261, 1.50, 2.33, 0.73, 4472.20397
2016-05-30, 1, wei_ruo, 31.22, 27.81, -0.86, 28.05, 28.00, 28.04, 27.65, 22150.09, 61658658, 1.08, 1.39, 0.52, 2820.32609
2016-05-31, 1, wei_ruo, 31.12, 29.42, 5.79, 27.81, 27.82, 29.55, 27.82, 90817.61, 263422178, 4.43, 6.22, 2.15, 621.71197
2016-06-01, 1, wei_ruo, 31.06, 29.49, 0.24, 29.42, 29.43, 29.89, 29.00, 66460.18, 195752865, 3.24, 3.03, 1.57, 2521.101
2016-06-02, 1, wei_ruo, 31.06, 29.76, 0.92, 29.49, 29.52, 29.76, 29.15, 49852.3, 147112267, 2.43, 2.07, 1.18, 1263.07893
2016-06-03, 1, wei_ruo, 31.02, 31.05, 4.33, 29.76, 29.77, 31.72, 29.62, 98229.87, 301233141, 4.79, 7.06, 2.32, 1207.33905
2016-06-06, 1, wei_ruo, 31.01, 30.53, -1.67, 31.05, 31.11, 31.20, 30.20, 57818.66, 177018326, 2.82, 3.22, 1.37, 2726.07994
2016-06-07, 1, wei_ruo, 31.00, 30.48, -0.16, 30.53, 30.53, 30.78, 30.38, 37459.34, 114367263, 1.83, 1.31, 0.89, 4867.12384
2016-06-08, 1, wei_ruo, 31.03, 31.75, 4.17, 30.48, 30.49, 32.50, 30.38, 115981.67, 364951791, 5.66, 6.96, 2.74, 1170.43495
2016-06-13, 1, wei_ruo, 31.01, 29.94, -5.70, 31.75, 31.30, 31.44, 29.94, 77914.47, 240590553, 3.80, 4.72, 1.84, 925.83513
2016-06-14, 1, wei_ruo, 30.94, 29.07, -2.91, 29.94, 29.85, 29.92, 28.50, 76229.11, 220749207, 3.72, 4.74, 1.80, 1733.60515
2016-06-15, 1, wei_ruo, 30.89, 29.39, 1.10, 29.07, 28.20, 30.00, 28.08, 52743.02, 155030331, 2.57, 6.60, 1.25, 4814.20803
2016-06-16, 1, wei_ruo, 30.86, 29.08, -1.05, 29.39, 29.23, 30.11, 28.88, 48278.21, 141778556, 2.36, 4.19, 1.14, 4638.84592
2016-06-17, 1, wei_ruo, 30.83, 29.22, 0.48, 29.08, 29.20, 29.75, 29.03, 31045.94, 91200180, 1.52, 2.48, 0.73, 2735.77285
2016-06-20, 1, wei_ruo, 30.81, 29.22, 0.48, 29.08, 29.20, 29.75, 29.03, 31045.94, 91200180, 1.52, 2.48, 0.73, 5329.28514
2016-06-21, 1, wei_ruo, 30.78, 29.20, -1.48, 29.64, 29.88, 30.39, 28.99, 45393.06, 135156838, 2.22, 4.72, 1.07, 1155.12204
2016-06-22, 1, wei_ruo, 30.76, 30.10, 3.08, 29.20, 29.21, 30.40, 28.99, 50410.03, 150222395, 2.46, 4.83, 1.19, 3021.40498
2016-06-23, 1, wei_ruo, 30.74, 30.29, 0.63, 30.10, 30.18, 30.55, 29.81, 59481.62, 180022523, 2.90, 2.46, 1.41, 1167.73605
2016-06-24, 1, wei_ruo, 30.79, 31.67, 4.56, 30.29, 30.69, 32.50, 30.30, 123377.59, 388120075, 6.02, 7.26, 2.92, 672.02997
2016-06-27, 1, wei_ruo, 30.84, 32.52, 2.68, 31.67, 30.79, 32.62, 30.72, 94050.95, 301665148, 1.85, 6.00, 2.24, 752.01893
2016-06-28, 2, qing_du, 31.13, 35.77, 9.99, 32.52, 32.60, 35.77, 32.45, 152363.16, 519416822, 3.00, 10.21, 3.60, 863.23404
2016-06-30, 3, zhong_du, 15.63, 16.51, -3.28, 17.07, 17.17, 17.20, 16.25, 236822.33, 392225523, 4.67, 5.57, 5.60, 780.53308
2016-07-01, 2, qing_du, 15.66, 16.41, -0.61, 16.51, 16.57, 16.87, 16.33, 148129.64, 245913630, 2.92, 3.27, 3.50, 1279.4621
2016-07-04, 1, wei_ruo, 15.68, 16.53, 0.73, 16.41, 16.15, 16.68, 15.93, 164565.22, 268296991, 3.25, 4.57, 3.89, 2667.14692
2016-07-05, 1, wei_ruo, 15.70, 16.30, -1.39, 16.53, 16.49, 16.56, 16.12, 138497.45, 225903869, 2.73, 2.66, 3.27, 3908.70404
2016-07-06, 2, qing_du, 15.75, 16.83, 3.25, 16.30, 16.27, 17.16, 16.26, 254318.22, 427302446, 5.02, 5.52, 6.01, 18401.57795
2016-07-07, 2, qing_du, 15.78, 16.62, -1.25, 16.83, 16.85, 16.88, 16.35, 162665.72, 269724123, 3.21, 3.15, 3.84, 2865.62586
2016-07-08, 3, zhong_du, 15.79, 16.49, -0.78, 16.62, 16.53, 16.54, 16.30, 80165.96, 131554195, 1.58, 1.44, 1.89, 21450.25396
2016-07-11, 3, zhong_du, 15.81, 16.50, 0.06, 16.49, 16.45, 16.78, 16.25, 159323.77, 262754606, 3.14, 3.21, 3.77, 1147.76397
2016-07-12, 3, zhong_du, 15.84, 16.90, 2.42, 16.50, 16.26, 16.96, 16.21, 169254.8, 281618789, 3.34, 4.55, 4.03, 14509.96089
2016-07-13, 3, zhong_du, 15.89, 17.16, 1.54, 16.90, 16.85, 17.59, 16.74, 198064.2, 339461910, 3.91, 5.03, 4.72, 4036.98206
2016-07-14, 3, zhong_du, 15.91, 16.99, -0.99, 17.16, 17.23, 17.28, 16.84, 88496.48, 150523683, 1.75, 2.56, 2.09, 785.70795
2016-07-15, 3, zhong_du, 15.93, 16.74, -1.47, 16.99, 16.92, 16.99, 16.71, 65238.46, 109557895, 1.29, 1.65, 1.54, 804.739
2016-07-18, 3, zhong_du, 15.94, 16.80, 0.36, 16.74, 16.72, 16.84, 16.33, 97678.44, 161501967, 1.93, 3.05, 2.36, 731.79793
2016-07-19, 3, zhong_du, 15.96, 17.01, 0.71, 16.89, 16.74, 17.09, 16.51, 104748.62, 176826265, 2.07, 3.43, 2.48, 606.884
2016-07-20, 4, gao_du, 15.96, 17.27, 1.53, 17.01, 17.19, 17.48, 16.91, 136676.67, 235198745, 2.70, 3.35, 3.26, 572.79801
2016-07-21, 4, gao_du, 16.02, 17.10, -0.98, 17.27, 17.27, 17.50, 17.03, 86885.66, 149851214, 1.71, 2.72, 2.05, 1842.70692
2016-07-22, 4, gao_du, 16.03, 16.81, -1.70, 17.10, 17.12, 17.15, 16.70, 80664.5, 136002007, 1.59, 2.63, 1.91, 2710.70504
2016-07-25, 4, gao_du, 16.04, 16.56, -1.49, 16.81, 16.64, 16.70, 16.45, 76066.9, 126000704, 1.50, 1.49, 1.80, 18086.74407
2016-07-26, 4, gao_du, 16.05, 16.79, 1.39, 16.56, 16.56, 16.94, 16.45, 50280.99, 84075360, 0.99, 2.96, 1.19, 686.01799
2016-07-27, 3, zhong_du, 16.04, 15.57, -7.27, 16.79, 16.80, 16.85, 15.20, 104117.95, 166674260, 2.05, 9.83, 2.46, 20065.27901
2016-07-28, 3, zhong_du, 16.02, 15.09, -3.08, 15.57, 15.57, 15.89, 14.50, 132567.34, 201362151, 2.61, 8.93, 3.13, 2780.89905
2016-07-29, 2, qing_du, 16.01, 15.57, 3.18, 15.09, 15.39, 15.75, 14.83, 109883.92, 168934110, 2.17, 6.10, 2.60, 14361.86504
2016-08-01, 2, qing_du, 16.00, 15.28, -1.86, 15.57, 15.44, 15.46, 15.08, 51029.36, 78093364, 1.01, 2.44, 1.21, 1730.21317
2016-08-02, 2, qing_du, 15.99, 15.64, 2.36, 15.28, 15.23, 15.90, 15.23, 56397.81, 88328163, 1.11, 4.38, 1.33, 17350.71301
2016-08-03, 2, qing_du, 15.99, 15.61, -0.19, 15.64, 15.53, 15.84, 15.52, 41800.55, 65368083, 0.82, 2.05, 0.92, 6471.37594
2016-08-04, 2, qing_du, 15.99, 15.58, -0.19, 15.61, 15.71, 15.71, 15.35, 37408.89, 58024414, 0.74, 2.31, 0.84, 14586.74192
2016-08-05, 2, qing_du, 15.98, 15.40, -1.16, 15.58, 15.66, 15.66, 15.40, 38153.66, 59096194, 0.75, 1.67, 0.92, 2562.90317
2016-08-08, 2, qing_du, 15.98, 15.49, 0.58, 15.40, 15.34, 15.55, 15.11, 35424.49, 54393238, 0.70, 2.86, 0.84, 2295.42804
2016-08-09, 2, qing_du, 15.98, 15.83, 2.19, 15.49, 15.49, 15.83, 15.41, 55717.59, 87463812, 1.10, 2.71, 1.33, 18493.09707
2016-08-10, 2, qing_du, 15.97, 15.71, -0.76, 15.83, 15.90, 16.10, 15.62, 45818.41, 72571446, 0.90, 3.03, 1.11, 4953.80402
2016-08-11, 2, qing_du, 15.97, 15.44, -1.84, 15.73, 15.73, 15.73, 15.40, 29132.48, 45300419, 0.57, 2.10, 0.68, 504.69899
2016-08-15, 1, wei_ruo, 15.97, 15.87, 1.80, 15.59, 15.57, 15.96, 15.52, 61373.81, 97060953, 1.21, 2.82, 1.53, 556.91695
2016-08-16, 1, wei_ruo, 15.97, 15.98, 0.69, 15.87, 15.95, 16.10, 15.82, 62744.31, 100239486, 1.24, 1.76, 1.39, 593.71686
2016-08-17, 2, qing_du, 15.97, 15.94, -0.25, 15.98, 16.10, 16.14, 15.85, 48230.91, 76958409, 0.95, 1.81, 1.03, 14450.82808
2016-08-18, 2, qing_du, 15.96, 15.70, -1.51, 15.94, 15.98, 15.98, 15.65, 55028.91, 86630889, 1.09, 2.07, 1.17, 14481.25005
2016-08-19, 2, qing_du, 15.96, 15.81, 0.70, 15.70, 15.71, 15.85, 15.60, 38524.28, 60633972, 0.76, 1.59, 0.74, 1039.48212
2016-08-22, 2, qing_du, 15.96, 15.51, -1.96, 15.82, 15.82, 15.88, 15.50, 33198.53, 51969779, 0.65, 2.40, 0.62, 2167.61017
2016-08-23, 2, qing_du, 15.96, 15.38, -0.84, 15.51, 15.55, 15.69, 15.30, 35330.06, 54680121, 0.70, 2.51, 0.75, 625.93508
2016-08-24, 1, wei_ruo, 15.95, 15.41, 0.20, 15.38, 15.40, 15.57, 15.38, 29877.99, 46189610, 0.59, 1.24, 0.72, 3762.47001
2016-08-25, 1, wei_ruo, 15.95, 15.15, -1.69, 15.41, 15.41, 15.45, 15.00, 46349.24, 70259248, 0.91, 2.92, 1.21, 1755.74303
2016-08-26, 1, wei_ruo, 15.94, 15.21, 0.40, 15.15, 15.29, 15.40, 15.17, 33552.36, 51305308, 0.66, 1.52, 0.91, 432.46102
2016-08-29, 1, wei_ruo, 15.94, 15.23, 0.13, 15.21, 15.22, 15.33, 15.08, 35250.64, 53418439, 0.70, 1.64, 0.99, 666.7769
2016-08-30, 1, wei_ruo, 15.93, 15.35, 0.79, 15.23, 15.23, 15.50, 15.23, 34801.41, 53487726, 0.69, 1.77, 0.96, 3366.61911
2016-08-31, 1, wei_ruo, 15.93, 15.29, -0.39, 15.35, 15.47, 15.55, 15.27, 11597.69, 17876521, 0.23, 1.82, 1.84, 3633.04281
2016-09-01, 1, wei_ruo, 15.93, 15.25, -0.72, 15.36, 15.36, 15.45, 15.21, 29221.53, 44711971, 0.58, 1.56, 0.80, 2539.17813
2016-09-02, 1, wei_ruo, 15.93, 15.25, 0.00, 15.25, 15.20, 15.30, 15.20, 23069.96, 35164436, 0.45, 0.66, 0.63, 3247.66994
2016-09-05, 1, wei_ruo, 15.93, 15.18, -0.46, 15.25, 15.26, 15.31, 15.12, 27647.12, 42077703, 0.55, 1.25, 0.76, 765.74016
2016-09-06, 1, wei_ruo, 15.93, 15.29, -0.39, 15.35, 15.47, 15.55, 15.27, 11597.69, 17876521, 0.23, 1.82, 1.84, 3211.21788
2016-09-07, 1, wei_ruo, 15.93, 15.29, -0.39, 15.35, 15.47, 15.55, 15.27, 11597.69, 17876521, 0.23, 1.82, 1.84, 1092.10896
2016-09-08, 1, wei_ruo, 15.93, 15.29, -0.39, 15.35, 15.47, 15.55, 15.27, 11597.69, 17876521, 0.23, 1.82, 1.84, 601.36199
2016-09-09, 1, wei_ruo, 15.93, 15.10, -0.46, 15.17, 15.22, 15.30, 15.08, 28810.55, 43738217, 0.57, 1.45, 0.79, 2541.72206
2016-09-12, 1, wei_ruo, 15.93, 14.58, -3.44, 15.10, 14.86, 14.89, 14.58, 60028.69, 88655651, 1.18, 2.05, 1.65, 631.36101
2016-09-13, 1, wei_ruo, 15.93, 14.63, 0.34, 14.58, 14.58, 14.75, 14.50, 47348.97, 69214215, 0.93, 1.71, 1.30, 536.82399
2016-09-14, 1, wei_ruo, 15.93, 15.29, -0.39, 15.35, 15.47, 15.55, 15.27, 11597.69, 17876521, 0.23, 1.82, 1.84, 712.72588
2016-09-19, 1, wei_ruo, 15.93, 14.63, -0.14, 14.65, 14.65, 14.95, 14.60, 33045.37, 48707253, 0.65, 2.39, 0.91, 624.30692
2016-09-20, 1, wei_ruo, 15.93, 14.60, -0.21, 14.63, 14.64, 14.78, 14.43, 30879.39, 45194351, 0.61, 2.39, 0.85, 475.82197
2016-09-21, 1, wei_ruo, 15.93, 14.60, 0.00, 14.60, 14.70, 14.70, 14.56, 28550.27, 41760975, 0.56, 0.96, 0.79, 4159.97791
2016-09-22, 1, wei_ruo, 15.93, 14.55, -0.34, 14.60, 14.74, 14.76, 14.51, 40585.01, 59372436, 0.80, 1.71, 1.12, 632.3359
2016-09-23, 1, wei_ruo, 15.93, 14.48, -0.48, 14.55, 14.55, 14.60, 14.46, 22180.42, 32194294, 0.44, 0.96, 0.61, 3992.81502
2016-09-26, 1, wei_ruo, 15.93, 14.15, -2.14, 14.46, 14.50, 14.50, 14.15, 36943.36, 52830882, 0.73, 2.42, 1.01, 2584.76901
2016-09-27, 1, wei_ruo, 15.93, 14.36, 1.48, 14.15, 14.16, 14.46, 14.11, 36579.26, 52302697, 0.72, 2.47, 1.00, 669.94882
2016-09-28, 1, wei_ruo, 15.93, 14.26, -0.70, 14.36, 14.37, 14.47, 14.20, 22283.77, 31938829, 0.44, 1.88, 0.61, 598.2101
2016-09-29, 1, wei_ruo, 15.93, 14.22, -0.28, 14.26, 14.27, 14.39, 14.20, 23432.69, 33405522, 0.46, 1.33, 0.64, 5883.49986
2016-09-30, 1, wei_ruo, 15.93, 14.26, 0.28, 14.22, 14.23, 14.27, 14.20, 21712.78, 30920204, 0.43, 0.49, 0.60, 767.15493
2016-10-10, 1, wei_ruo, 15.93, 14.64, 2.66, 14.26, 14.34, 14.73, 14.22, 51600.48, 74877124, 1.02, 3.58, 1.42, 2606.33922
2016-10-11, 1, wei_ruo, 15.93, 14.87, 1.57, 14.64, 14.67, 14.91, 14.58, 46499.56, 68823666, 0.92, 2.25, 1.28, 866.14895
2016-10-12, 1, wei_ruo, 15.93, 15.94, 7.20, 14.87, 14.75, 16.30, 14.70, 176939.17, 278449130, 3.49, 10.76, 4.86, 440.94896
2016-10-13, 1, wei_ruo, 15.93, 16.18, 1.51, 15.94, 15.75, 16.70, 15.61, 227142.51, 370702450, 4.48, 6.84, 6.23, 27016.24107
2016-10-14, 2, qing_du, 15.78, 15.92, -1.61, 16.18, 16.01, 16.18, 15.68, 85199.98, 134964985, 1.68, 3.09, 2.34, 3281.2171
2016-10-17, 2, qing_du, 15.78, 15.60, -2.01, 15.92, 15.92, 16.00, 15.50, 81030.89, 126767499, 1.60, 3.14, 2.22, 1383.75187
2016-10-18, 2, qing_du, 15.78, 15.57, -2.20, 15.92, 15.92, 16.00, 15.55, 40796.89, 64008393, 0.80, 2.83, 2.24, 558.22492
2016-10-19, 2, qing_du, 15.77, , , , , , , , , , , , 2578.94611
2016-10-20, 1, wei_ruo, 15.77, 15.56, 0.91, 15.42, 15.40, 15.70, 15.30, 75550.88, 117550127, 1.49, 2.59, 1.34, 32355.3071
2016-10-21, 1, wei_ruo, 15.76, 15.20, -2.31, 15.56, 15.50, 15.61, 15.08, 68567.46, 104732589, 1.35, 3.41, 1.08, 5300.13919
2016-10-24, 1, wei_ruo, 15.76, 15.37, 1.12, 15.20, 15.20, 15.54, 15.03, 58830.56, 90254689, 1.16, 3.36, 0.83, 698.76289
2016-10-25, 1, wei_ruo, 15.75, 15.43, 0.39, 15.37, 15.37, 15.60, 15.28, 42704.55, 65819330, 0.84, 2.08, 0.60, 4157.11808
2016-10-26, 1, wei_ruo, 15.76, 16.03, 3.89, 15.43, 15.53, 16.10, 15.41, 142527.48, 225684768, 2.81, 4.47, 2.00, 508.60596
2016-10-27, 2, qing_du, 15.76, 16.10, 0.44, 16.03, 15.94, 16.27, 15.87, 90841.9, 146273950, 1.79, 2.50, 1.28, 2647.47691
2016-10-28, 2, qing_du, 15.77, 16.12, 0.12, 16.10, 16.10, 16.36, 15.96, 84133.19, 135522614, 1.66, 2.48, 1.18, 2564.72182
2016-10-31, 3, zhong_du, 15.77, 15.63, -3.04, 16.12, 16.12, 16.12, 15.55, 135407.99, 214195638, 2.67, 3.54, 1.90, 692.04021
2016-11-01, 3, zhong_du, 15.79, 16.58, 6.08, 15.63, 15.60, 16.70, 15.58, 171681.7, 279591083, 3.39, 7.17, 2.43, 671.40198
2016-11-02, 3, zhong_du, 15.84, 17.12, 3.26, 16.58, 16.39, 17.29, 16.39, 243481.34, 415222661, 4.80, 5.43, 3.45, 539.65902
2016-11-03, 3, zhong_du, 15.91, 17.29, 0.99, 17.12, 17.10, 17.88, 16.92, 219591.03, 382193199, 4.33, 5.61, 3.08, 506.97207
2016-11-04, 4, gao_du, 15.95, 17.15, -0.81, 17.29, 17.30, 17.74, 17.08, 149344.98, 258883918, 2.95, 3.82, 2.09, 2461.04693
2016-11-07, 4, gao_du, 15.98, 17.05, -0.58, 17.15, 17.17, 17.53, 16.88, 132697.49, 228581741, 2.62, 3.79, 1.86, 667.39297
2016-11-08, 4, gao_du, 16.02, 17.23, 1.06, 17.05, 17.10, 17.39, 16.70, 169176.58, 288014790, 3.34, 4.05, 2.37, 387.59708
2016-11-09, 4, gao_du, 16.08, 17.77, 3.13, 17.23, 17.16, 18.08, 16.80, 207040.9, 361324751, 4.08, 7.43, 2.90, 1124.43304
2016-11-10, 4, gao_du, 16.16, 18.45, 3.83, 17.77, 17.79, 18.45, 17.65, 192894.2, 349616705, 3.80, 4.50, 2.73, 707.47089
2016-11-11, 5, qiang_lie, 16.25, 18.56, 0.65, 18.44, 18.25, 18.92, 18.10, 178455.82, 330916507, 3.52, 4.45, 2.50, 757.10917
2016-11-14, 5, qiang_lie, 16.42, 19.28, 3.88, 18.56, 18.55, 19.77, 18.31, 310619.08, 595131824, 6.13, 7.87, 4.39, 518.10789
2016-11-15, 5, qiang_lie, 16.54, 19.28, -0.10, 19.30, 19.30, 19.50, 18.90, 108741.15, 209359828, 2.14, 3.11, 3.05, 627.707
2016-11-16, 5, qiang_lie, 16.64, 19.28, -0.10, 19.30, 19.30, 19.50, 18.90, 108741.15, 209359828, 2.14, 3.11, 3.05, 441.07795
2016-11-17, 5, qiang_lie, 16.70, 19.28, -0.10, 19.30, 19.30, 19.50, 18.90, 108741.15, 209359828, 2.14, 3.11, 3.05, 578.29285
2016-11-18, 5, qiang_lie, 16.75, 19.28, -0.10, 19.30, 19.30, 19.50, 18.90, 108741.15, 209359828, 2.14, 3.11, 3.05, 988.45506
2016-11-21, 5, qiang_lie, 16.82, 18.38, 2.28, 17.97, 18.07, 18.87, 17.90, 199417.64, 365272802, 3.93, 5.40, 2.79, 379.47512
2016-11-22, 5, qiang_lie, 16.87, 18.40, 0.11, 18.38, 18.40, 18.68, 18.16, 179999.47, 331659438, 3.55, 2.83, 2.52, 50889.76908
2016-11-23, 5, qiang_lie, 16.90, 18.06, -1.85, 18.40, 18.48, 18.63, 18.00, 105696.36, 191824403, 2.08, 3.42, 1.49, 560.18496
2016-11-24, 5, qiang_lie, 16.92, 17.87, -0.83, 18.02, 18.15, 18.22, 17.84, 83022.48, 149081931, 1.64, 2.11, 1.16, 509.06014
2016-11-25, 5, qiang_lie, 16.93, 17.53, -1.90, 17.87, 17.88, 17.99, 17.39, 106658.78, 187441808, 2.10, 3.36, 1.49, 645.19
2016-11-28, 4, gao_du, 16.94, 17.49, -0.23, 17.53, 17.51, 17.75, 17.47, 61716.37, 108528511, 1.22, 1.60, 0.87, 459.24783
2016-11-29, 4, gao_du, 16.95, 17.28, -1.26, 17.50, 17.54, 17.69, 17.13, 86478.17, 150388630, 1.71, 3.20, 1.22, 346.74692
2016-11-30, 4, gao_du, 16.95, 16.93, -2.03, 17.28, 17.29, 17.40, 16.87, 88049.7, 149973701, 1.74, 3.07, 1.24, 2538.12599
2016-12-01, 3, zhong_du, 16.96, 17.60, 3.90, 16.94, 17.00, 17.66, 16.77, 142465.02, 247676964, 2.81, 5.25, 2.00, 2442.24715
2016-12-02, 3, zhong_du, 16.99, 17.40, -1.14, 17.60, 17.60, 18.44, 17.35, 190012.81, 340772013, 3.75, 6.19, 2.66, 2560.37712
2016-12-05, 3, zhong_du, 16.97, 16.08, -7.59, 17.40, 17.01, 17.05, 15.96, 158451.21, 260363688, 3.12, 6.26, 2.22, 772.76993
2016-12-06, 3, zhong_du, 16.93, 15.63, -2.80, 16.08, 16.10, 16.18, 15.31, 183098.33, 284915828, 3.61, 5.41, 2.57, 715.96813
2016-12-07, 2, qing_du, 16.90, 15.83, 1.28, 15.63, 15.54, 15.90, 15.37, 111926.2, 174525311, 2.21, 3.39, 1.58, 460.5329
2016-12-08, 1, wei_ruo, 16.88, 15.49, -2.15, 15.83, 15.73, 15.89, 15.45, 72520.15, 113356006, 1.43, 2.78, 1.02, 486.33885
2016-12-09, 1, wei_ruo, 16.86, 15.28, -1.36, 15.49, 15.54, 15.56, 15.11, 80998.29, 123917169, 1.60, 2.91, 1.13, 612.59913
2016-12-12, 1, wei_ruo, 16.80, 14.33, -6.22, 15.28, 15.28, 15.29, 14.19, 133548.06, 197053149, 2.63, 7.20, 1.87, 518.64505
2016-12-13, 1, wei_ruo, 16.76, 14.50, 1.19, 14.33, 14.36, 14.63, 14.14, 84438.83, 121331598, 1.67, 3.42, 1.18, 977.62084
2016-12-14, 1, wei_ruo, 16.73, 14.22, -1.93, 14.50, 14.54, 14.59, 14.19, 55751.75, 80039634, 1.10, 2.76, 0.78, 462.34894
2016-12-15, 1, wei_ruo, 16.70, 14.51, 2.04, 14.22, 14.21, 14.68, 14.21, 69244.94, 100488776, 1.37, 3.31, 0.97, 550.349
2016-12-16, 1, wei_ruo, 16.66, 15.43, 6.34, 14.51, 14.62, 15.89, 14.61, 155394.47, 238032558, 3.06, 8.82, 2.18, 524.72401
2016-12-19, 1, wei_ruo, 16.63, 15.00, -2.79, 15.43, 15.40, 15.40, 14.81, 83860.47, 126304912, 1.65, 3.82, 1.18, 612.37597
2016-12-20, 1, wei_ruo, 16.61, 15.15, 1.00, 15.00, 15.05, 15.27, 14.90, 71273.2, 107526513, 1.41, 2.47, 1.00, 566.17713
2016-12-21, 1, wei_ruo, 16.59, 15.09, -0.40, 15.15, 15.10, 15.26, 15.00, 56825.85, 85787338, 1.12, 1.72, 0.80, 517.79795
2016-12-22, 1, wei_ruo, 16.57, 15.00, -0.60, 15.09, 15.08, 15.19, 14.72, 59155.78, 88332501, 1.17, 3.11, 0.83, 546.13805
2016-12-23, 1, wei_ruo, 16.54, 15.21, 1.40, 15.00, 15.10, 15.64, 14.94, 134361.3, 204165354, 2.65, 4.67, 1.88, 399.01686
2016-12-26, 1, wei_ruo, 16.46, 14.24, -6.38, 15.21, 15.40, 15.40, 13.90, 187077.97, 269933194, 3.69, 9.86, 2.62, 569.03195
2016-12-27, 1, wei_ruo, 16.40, 14.01, -1.62, 14.24, 14.00, 14.24, 13.71, 140214.22, 195595335, 0.40, 3.72, 1.96, 560.10699
2016-12-28, 1, wei_ruo, 16.34, 13.85, -1.14, 14.01, 13.81, 13.95, 13.45, 115719.72, 158866033, 0.33, 3.57, 1.62, 526.47495
2016-12-30, 1, wei_ruo, 16.32, 14.27, 2.81, 13.88, 13.82, 14.38, 13.79, 93908.8, 133466369, 0.27, 4.25, 1.32, 566.72001
2017-01-04, 1, wei_ruo, 16.31, 14.72, 3.88, 14.17, 14.23, 14.83, 13.91, 159180.18, 230061633, 0.45, 6.49, 2.23, 629.09603
2017-01-05, 1, wei_ruo, 16.30, 14.50, -1.49, 14.72, 14.63, 14.66, 14.46, 56405.19, 81951383, 0.16, 1.36, 0.79, 602.8111
2017-01-06, 1, wei_ruo, 16.30, 14.51, 0.07, 14.50, 14.52, 14.80, 14.27, 57318.75, 83488395, 0.16, 3.66, 0.80, 804.08597
2017-01-09, 1, wei_ruo, 16.30, 14.37, -0.96, 14.51, 14.54, 14.77, 14.35, 59624.11, 86525386, 0.17, 2.89, 0.84, 622.33782
2017-01-10, 1, wei_ruo, 16.29, 14.01, -2.51, 14.37, 14.43, 14.46, 13.97, 51222.87, 72150149, 0.14, 3.41, 1.44, 448.42291
2017-01-11, 1, wei_ruo, 16.28, 14.01, -2.51, 14.37, 14.43, 14.46, 13.97, 51222.87, 72150149, 0.14, 3.41, 1.44, 571.3501
2017-01-13, 1, wei_ruo, 16.27, 14.01, -2.51, 14.37, 14.43, 14.46, 13.97, 51222.87, 72150149, 0.14, 3.41, 1.44, 539.94513
2017-01-16, 1, wei_ruo, 16.26, 14.01, -2.51, 14.37, 14.43, 14.46, 13.97, 51222.87, 72150149, 0.14, 3.41, 1.44, 541.06092
2017-01-17, 1, wei_ruo, 16.26, 14.01, -2.51, 14.37, 14.43, 14.46, 13.97, 51222.87, 72150149, 0.14, 3.41, 1.44, 601.2969
2017-01-18, 1, wei_ruo, 16.25, 14.01, -2.51, 14.37, 14.43, 14.46, 13.97, 51222.87, 72150149, 0.14, 3.41, 1.44, 631.68192
2017-02-07, 1, wei_ruo, 16.21, 13.51, -0.52, 13.58, 13.49, 13.54, 13.44, 16146.26, 21757530, 0.05, 0.74, 0.51, 2763.15284
2017-02-08, 1, wei_ruo, 16.21, 13.55, -0.22, 13.58, 13.49, 13.58, 13.44, 43927.51, 59413083, 0.12, 1.03, 0.62, 562.80804
2017-02-09, 1, wei_ruo, 16.20, 13.55, 0.00, 13.55, 13.52, 13.56, 13.48, 80467.34, 108751338, 0.23, 0.59, 1.13, 553.20096
2017-02-10, 1, wei_ruo, 16.20, 13.53, -0.15, 13.55, 13.55, 13.57, 13.42, 94382.21, 127179015, 0.27, 1.11, 1.32, 121098.42086
2017-02-13, 1, wei_ruo, 16.19, 13.50, -0.22, 13.53, 13.49, 13.51, 13.38, 82190.25, 110592424, 0.23, 0.96, 1.15, 124633.66389
2017-02-14, 1, wei_ruo, 16.18, 13.50, 0.00, 13.50, 13.47, 13.51, 13.39, 114129.79, 153469631, 0.32, 0.89, 1.60, 584.47409
2017-02-15, 1, wei_ruo, 16.13, 12.58, -6.81, 13.50, 13.20, 13.20, 12.57, 518262.83, 659647390, 1.46, 4.67, 7.26, 127987.70905
2017-02-16, 1, wei_ruo, 16.08, 11.98, -4.77, 12.58, 12.55, 12.55, 11.96, 490689.44, 593106253, 1.38, 4.69, 6.88, 806.15687
2017-02-17, 1, wei_ruo, 16.04, 12.10, 1.00, 11.98, 11.97, 12.32, 11.96, 286366.46, 348048744, 0.81, 3.01, 4.01, 506.3951
2017-02-20, 1, wei_ruo, 16.02, 12.10, 1.00, 11.98, 11.97, 12.32, 11.96, 286366.46, 348048744, 0.81, 3.01, 4.01, 602.06103
2017-02-21, 1, wei_ruo, 15.99, 11.98, -0.33, 12.02, 11.94, 12.06, 11.90, 261595.81, 313687224, 0.74, 1.33, 3.67, 677.33502
2017-02-22, 1, wei_ruo, 15.96, 11.96, -0.17, 11.98, 11.98, 12.04, 11.91, 214610.67, 256592552, 0.61, 1.09, 3.01, 4767.34209
2017-02-23, 1, wei_ruo, 15.93, 11.83, -1.09, 11.96, 11.97, 11.97, 11.81, 236209.84, 280049291, 0.67, 1.34, 3.31, 62665.65084
2017-02-24, 1, wei_ruo, 15.89, 11.60, -1.94, 11.83, 11.78, 11.79, 11.51, 118002.53, 137179046, 0.33, 2.37, 9.02, 3988.904
2017-02-27, 1, wei_ruo, 15.82, 11.60, -1.94, 11.83, 11.78, 11.79, 11.51, 118002.53, 137179046, 0.33, 2.37, 9.02, 2481.54712
2017-02-28, 1, wei_ruo, 15.70, 12.35, 4.13, 11.86, 11.91, 12.45, 11.91, 1210838.53, 1482094021, 3.42, 4.55, 16.97, 665.56907
2017-03-01, 1, wei_ruo, 15.63, 12.35, 0.00, 12.35, 12.39, 12.45, 12.20, 693916.03, 855655893, 1.96, 2.02, 9.72, 578.94206
2017-03-02, 1, wei_ruo, 15.58, 12.06, -2.35, 12.35, 12.31, 12.39, 12.04, 494548.42, 601813971, 1.40, 2.83, 6.93, 526.33619
2017-03-03, 1, wei_ruo, 15.55, 12.01, -0.41, 12.06, 12.09, 12.10, 11.83, 293604.63, 350892716, 0.83, 2.24, 4.11, 2904.07085
2017-03-06, 1, wei_ruo, 15.53, 12.11, 0.83, 12.01, 12.07, 12.16, 11.94, 289857.68, 349269040, 0.82, 1.83, 4.06, 4964.36
2017-03-07, 1, wei_ruo, 15.50, 11.95, -0.50, 12.01, 12.01, 12.04, 11.90, 133783.26, 159940673, 0.38, 1.17, 3.75, 739.54797
2017-03-08, 1, wei_ruo, 15.47, 11.86, -1.25, 12.01, 12.01, 12.04, 11.83, 298044.81, 355308364, 0.84, 1.75, 4.18, 724.3979
2017-03-09, 1, wei_ruo, 15.44, 11.76, -0.84, 11.86, 11.89, 11.97, 11.73, 284745.07, 336401817, 0.80, 2.02, 3.99, 382.10201
2017-03-10, 1, wei_ruo, 15.41, 11.70, -0.51, 11.76, 11.75, 11.80, 11.63, 242942.8, 284245191, 0.69, 1.45, 3.40, 507.43604
2017-03-13, 1, wei_ruo, 15.38, 11.63, -0.60, 11.70, 11.73, 11.73, 11.50, 277595.35, 322380290, 0.78, 1.97, 3.89, 522.8591
2017-03-14, 1, wei_ruo, 15.33, 11.80, 1.46, 11.63, 11.63, 11.87, 11.61, 507785.24, 597389573, 1.43, 2.24, 7.12, 666.36014
2017-03-15, 1, wei_ruo, 15.30, 11.66, -1.19, 11.80, 11.80, 11.84, 11.58, 299985.11, 350560566, 0.85, 2.20, 4.20, 628.12591
2017-03-16, 1, wei_ruo, 15.24, 11.64, -0.17, 11.66, 11.69, 11.72, 11.55, 578206.66, 671476048, 1.63, 1.46, 8.10, 526.07894
2017-03-17, 1, wei_ruo, 15.09, 11.73, 0.77, 11.64, 11.64, 11.97, 11.58, 1518448.24, 1789879337, 4.29, 3.35, 21.28, 565.4881
2017-03-20, 1, wei_ruo, 15.01, 11.43, -2.56, 11.73, 11.77, 11.80, 11.40, 819460.71, 944180185, 2.31, 3.41, 11.48, 596.1659
2017-03-21, 1, wei_ruo, 14.95, 11.13, -2.62, 11.43, 11.38, 11.38, 11.05, 573209.71, 640080531, 1.62, 2.89, 8.03, 602.42796
2017-03-22, 1, wei_ruo, 14.91, 11.15, 0.18, 11.13, 11.05, 11.25, 10.92, 363575.31, 402938357, 1.03, 2.96, 5.09, 485.69202
2017-03-23, 1, wei_ruo, 14.87, 10.96, -1.70, 11.15, 11.15, 11.17, 10.90, 356858.76, 393388498, 1.01, 2.42, 5.00, 526.7899
2017-03-24, 1, wei_ruo, 14.81, 11.40, 4.01, 10.96, 11.00, 11.45, 10.93, 623539.67, 701599297, 1.76, 4.74, 8.74, 665.83896
2017-03-27, 1, wei_ruo, 14.70, 11.86, 4.04, 11.40, 11.38, 12.25, 11.26, 1225697.47, 1441716739, 3.46, 8.68, 17.18, 647.04895
2017-03-28, 1, wei_ruo, 14.65, 11.87, 0.08, 11.86, 11.84, 12.05, 11.56, 687056.78, 817413130, 1.94, 4.13, 9.63, 569.53692
2017-03-29, 1, wei_ruo, 14.62, 11.66, -1.77, 11.87, 11.84, 11.99, 11.65, 331035.57, 390300841, 0.93, 2.86, 4.64, 611.763
2017-03-30, 1, wei_ruo, 14.58, 11.82, 1.37, 11.66, 11.61, 11.97, 11.51, 513333.12, 606765157, 1.45, 3.95, 7.19, 521.33799
2017-03-31, 1, wei_ruo, 14.53, 12.17, 2.96, 11.82, 12.08, 12.35, 11.86, 673412.45, 812692855, 1.90, 4.15, 9.44, 346.58194
2017-04-05, 1, wei_ruo, 14.50, 12.11, -0.49, 12.17, 12.20, 12.25, 11.87, 502453.42, 604844965, 1.42, 3.12, 7.04, 587.749
2017-04-06, 1, wei_ruo, 14.48, 12.01, -0.83, 12.11, 12.09, 12.10, 11.91, 307650.89, 369173605, 0.87, 1.57, 4.31, 595.09492
2017-04-07, 1, wei_ruo, 14.44, 12.16, 1.25, 12.01, 11.95, 12.35, 11.88, 529836.49, 646928760, 1.50, 3.91, 7.42, 550.11296
2017-04-10, 1, wei_ruo, 14.42, 11.92, -1.97, 12.16, 12.24, 12.26, 11.90, 323850.11, 388772874, 0.91, 2.96, 4.54, 596.0722
2017-04-11, 1, wei_ruo, 14.39, 11.81, -0.92, 11.92, 11.90, 12.05, 11.51, 366172.23, 431794831, 1.03, 4.53, 5.13, 578.20702
2017-04-12, 1, wei_ruo, 14.37, 11.75, -0.51, 11.81, 11.73, 11.94, 11.66, 241268.09, 284345222, 0.68, 2.37, 3.38, 673.79618
2017-04-13, 1, wei_ruo, 14.36, 11.76, 0.09, 11.75, 11.77, 11.91, 11.70, 208412.15, 245984878, 0.59, 1.79, 2.92, 629.44388
2017-04-14, 1, wei_ruo, 14.34, 11.74, -0.17, 11.76, 11.83, 11.88, 11.56, 198672.54, 233019080, 0.49, 2.72, 2.78, 663.62286
2017-04-17, 1, wei_ruo, 14.27, 11.40, -2.90, 11.74, 11.75, 11.75, 10.97, 936725.41, 1060262323, 2.31, 6.64, 13.13, 552.74296
2017-04-18, 1, wei_ruo, 14.24, 11.62, 1.93, 11.40, 11.30, 11.90, 11.25, 460608.51, 533910979, 1.14, 5.70, 6.45, 618.70193
2017-04-19, 1, wei_ruo, 14.22, 11.92, 2.58, 11.62, 11.60, 11.96, 11.51, 481956.1, 568306131, 1.19, 3.87, 6.75, 728.85299
2017-04-20, 1, wei_ruo, 14.17, 12.47, 4.61, 11.92, 11.92, 12.50, 11.92, 864016.02, 1058574286, 2.13, 4.87, 12.11, 584.54394
2017-04-21, 2, qing_du, 14.15, 12.55, 0.64, 12.47, 12.40, 12.69, 12.25, 512088.24, 640818935, 1.26, 3.53, 7.18, 551.41902
2017-04-24, 3, zhong_du, 14.12, 12.66, 0.88, 12.55, 12.30, 13.16, 12.03, 802034.85, 1027499787, 1.98, 9.00, 11.24, 543.69593
2017-04-25, 3, zhong_du, 14.11, 12.66, 0.00, 12.66, 12.57, 12.98, 12.38, 467694.02, 591922520, 1.16, 4.74, 6.55, 562.70909
2017-04-26, 3, zhong_du, 14.09, 12.91, 1.97, 12.66, 12.67, 12.96, 12.55, 400161.95, 513878608, 0.99, 3.24, 5.61, 792.063
2017-04-27, 3, zhong_du, 14.08, 12.82, -0.70, 12.91, 12.88, 12.93, 12.38, 434373.88, 550120242, 1.07, 4.26, 6.09, 601.23706
2017-04-28, 3, zhong_du, 14.06, 12.64, -1.40, 12.82, 12.86, 12.89, 12.39, 484696, 611759794, 1.20, 3.90, 6.79, 688.35211
2017-05-02, 4, gao_du, 14.05, 13.10, 3.64, 12.64, 12.62, 13.14, 12.39, 424531.6, 543717456, 1.05, 5.93, 5.95, 700.96493
2017-05-03, 4, gao_du, 14.04, 12.81, -2.21, 13.10, 13.00, 13.15, 12.77, 335778.25, 435770694, 0.83, 2.90, 4.71, 635.78916
2017-05-04, 4, gao_du, 14.03, 12.45, -2.81, 12.81, 12.82, 12.85, 12.42, 375899.52, 472874746, 0.93, 3.36, 5.27, 643.3332
2017-05-05, 4, gao_du, 14.01, 12.42, -0.24, 12.45, 12.40, 12.73, 12.31, 316893.35, 398341304, 0.78, 3.37, 4.44, 639.59622
2017-05-11, 5, qiang_lie, 13.96, 12.72, 0.95, 12.60, 12.44, 12.77, 12.40, 326177.66, 412334313, 0.81, 2.94, 4.57, 972.55683
2017-05-12, 5, qiang_lie, 13.95, 12.73, 0.08, 12.72, 12.72, 12.95, 12.61, 273622.88, 349395882, 0.68, 2.67, 3.83, 543.29395
2017-05-15, 5, qiang_lie, 13.95, 12.93, 1.57, 12.73, 12.82, 13.00, 12.76, 337141.44, 434810751, 0.83, 1.89, 4.72, 632.61604
2017-05-17, 5, qiang_lie, 13.91, 13.20, 2.48, 12.88, 12.83, 13.26, 12.81, 943938.06, 1238211433, 2.33, 3.49, 13.23, 552.01697
2017-05-18, 5, qiang_lie, 13.91, 13.13, -0.53, 13.20, 13.06, 13.22, 12.95, 447109.11, 584848364, 1.10, 2.05, 6.27, 636.74498
2017-05-19, 5, qiang_lie, 13.90, 13.04, -0.69, 13.13, 13.15, 13.29, 13.01, 301083.38, 395075545, 0.74, 2.13, 4.22, 562.09183
2017-05-22, 5, qiang_lie, 13.89, 12.63, -3.14, 13.04, 12.95, 12.97, 12.53, 449886.96, 573947358, 1.11, 3.37, 6.30, 565.21606
2017-05-23, 5, qiang_lie, 13.88, 12.58, -0.40, 12.63, 12.53, 12.85, 12.51, 327199.66, 414421122, 0.81, 2.69, 4.58, 935.05812
2017-05-24, 5, qiang_lie, 13.86, 12.62, 0.32, 12.58, 12.58, 12.75, 12.17, 360078.78, 448705100, 0.89, 4.61, 5.05, 606.43291
2017-05-25, 5, qiang_lie, 13.86, 12.69, 0.55, 12.62, 12.60, 12.77, 12.51, 254192.49, 321633302, 0.63, 2.06, 3.56, 673.88296
2017-05-26, 5, qiang_lie, 13.85, 12.57, -0.95, 12.69, 12.69, 12.75, 12.44, 184726.07, 232823464, 0.46, 2.44, 2.59, 631.09612
2017-05-31, 5, qiang_lie, 13.83, 12.88, 2.47, 12.57, 13.02, 13.50, 12.86, 922777.83, 1207748861, 2.28, 5.09, 12.93, 580.0631
2017-06-01, 5, qiang_lie, 13.82, 13.51, 4.89, 12.88, 12.84, 13.78, 12.81, 1010231.29, 1351119461, 2.50, 7.53, 14.16, 1802.36006
2017-06-02, 5, qiang_lie, 13.82, 13.67, 1.18, 13.51, 13.54, 13.71, 13.25, 623880.34, 840141189, 1.54, 3.40, 8.74, 613.04784
2017-06-05, 5, qiang_lie, 13.81, 13.58, -0.66, 13.67, 13.70, 13.76, 13.45, 463968.32, 631460565, 1.15, 2.27, 6.50, 2799.29996
2017-06-06, 5, qiang_lie, 13.81, 13.67, 0.66, 13.58, 13.57, 13.72, 13.44, 236650.62, 321637147, 0.58, 2.06, 3.32, 697.59297
2017-06-07, 5, qiang_lie, 13.82, 14.40, 5.34, 13.67, 13.60, 14.45, 13.60, 775957, 1101087596, 1.92, 6.22, 10.87, 689.147
2017-06-08, 5, qiang_lie, 13.83, 14.48, 0.56, 14.40, 14.32, 14.94, 14.12, 535007.95, 781652373, 1.32, 5.69, 7.50, 2572.5739
2017-06-09, 5, qiang_lie, 13.84, 14.99, 3.52, 14.48, 14.47, 15.09, 14.47, 567105.2, 835895687, 1.40, 4.28, 7.95, 824.71991
2017-06-12, 5, qiang_lie, 13.85, 14.84, -1.00, 14.99, 14.91, 15.19, 14.77, 395745.62, 593114756, 0.98, 2.80, 5.55, 622.43605
2017-06-13, 5, qiang_lie, 13.86, 14.97, 0.88, 14.84, 14.84, 15.09, 14.66, 325032.53, 483830280, 0.80, 2.90, 4.55, 365.67903
2017-06-14, 5, qiang_lie, 13.87, 14.57, -2.67, 14.97, 14.90, 14.98, 14.55, 341105.22, 501643614, 0.84, 2.87, 4.78, 553.34496
2017-06-15, 5, qiang_lie, 13.87, 14.31, -1.78, 14.57, 14.51, 14.73, 14.24, 348734.18, 503424472, 0.86, 3.36, 4.89, 627.41804
2017-06-16, 5, qiang_lie, 13.88, 14.48, 1.19, 14.31, 14.31, 14.54, 14.13, 313323.36, 448854634, 0.77, 2.87, 4.39, 633.40616
2017-06-19, 5, qiang_lie, 13.85, 13.06, -9.81, 14.48, 13.03, 13.68, 13.03, 1622662.54, 2141561394, 4.01, 4.49, 22.74, 699.26
2017-06-20, 5, qiang_lie, 13.85, 13.27, 1.61, 13.06, 13.11, 13.46, 13.11, 441497.18, 586119870, 1.09, 2.68, 6.19, 587.81004
2017-06-21, 4, gao_du, 13.84, 13.32, 0.38, 13.27, 13.28, 13.58, 12.91, 416417.57, 550581214, 1.03, 5.05, 5.84, 1178.83086
2017-06-22, 3, zhong_du, 13.84, 13.39, 0.53, 13.32, 13.25, 13.80, 13.22, 389887.5, 528456801, 0.96, 4.35, 5.46, 660.26998
2017-06-23, 3, zhong_du, 13.83, 13.45, 0.45, 13.39, 13.35, 13.45, 13.12, 284281.52, 377158151, 0.70, 2.46, 3.98, 759.40394
2017-06-26, 3, zhong_du, 13.83, 13.32, -0.97, 13.45, 13.45, 13.52, 13.06, 417889.6, 554154281, 1.03, 3.42, 5.86, 5761.98006
2017-06-27, 3, zhong_du, 13.83, 13.73, 3.08, 13.32, 13.40, 13.90, 13.28, 377296.01, 510268721, 0.93, 4.65, 5.29, 646.28005
2017-06-28, 3, zhong_du, 13.83, 13.63, -0.73, 13.73, 13.67, 13.84, 13.53, 212670.88, 290852476, 0.53, 2.26, 2.98, 715.1711
2017-06-29, 3, zhong_du, 13.82, 13.54, -0.66, 13.63, 13.67, 13.78, 13.48, 207965.09, 283103606, 0.51, 2.20, 2.91, 3540.308
2017-06-30, 3, zhong_du, 13.82, 13.76, 1.62, 13.54, 13.45, 13.82, 13.40, 190435.85, 260493729, 0.47, 3.10, 2.67, 657.11498
2017-07-03, 3, zhong_du, 13.82, 13.76, 0.00, 13.76, 13.82, 13.88, 13.62, 199693.13, 274057926, 0.34, 1.89, 2.80, 611.05895
2017-07-04, 3, zhong_du, 13.82, 13.40, -2.62, 13.76, 13.73, 13.76, 13.34, 221827.29, 299214479, 0.38, 3.05, 3.11, 588.93299
2017-07-05, 3, zhong_du, 13.82, 13.58, 1.34, 13.40, 13.47, 13.67, 13.30, 211436.42, 285148218, 0.36, 2.76, 2.96, 630.70703
2017-07-06, 3, zhong_du, 9.57, 9.25, -1.70, 9.41, 9.46, 9.50, 9.23, 377675.6, 353351143, 0.65, 2.87, 5.29, 656.64291
2017-07-07, 2, qing_du, 9.57, 9.03, -2.38, 9.25, 9.28, 9.36, 8.84, 582450.71, 526064225, 1.00, 5.62, 8.16, 679.89492
2017-07-10, 2, qing_du, 9.57, 9.02, -0.11, 9.03, 9.00, 9.13, 8.85, 364213.97, 328504624, 0.63, 3.10, 5.10, 612.92291
2017-07-11, 1, wei_ruo, 9.56, 8.93, -1.00, 9.02, 9.00, 9.06, 8.66, 452115.8, 400576801, 0.78, 4.43, 6.34, 783.23221
2017-07-12, 1, wei_ruo, 9.56, 8.92, -0.11, 8.93, 8.93, 9.00, 8.78, 246950.84, 220195661, 0.43, 2.46, 3.46, 602.52309
2017-07-13, 1, wei_ruo, 9.56, 8.86, -0.67, 8.92, 8.94, 8.96, 8.80, 201164.67, 178212355, 0.35, 1.79, 2.82, 4896.45505
2017-07-14, 1, wei_ruo, --, 8.85, -0.11, 8.86, 8.88, 8.89, 8.74, 133806.75, 117891102, 0.23, 1.69, 1.87, 654.27995
2017-07-17, 1, wei_ruo, --, 8.60, -2.82, 8.85, 8.82, 8.83, 8.31, 451094.64, 388492984, 0.78, 5.88, 6.32, 773.97418
2017-07-18, 1, wei_ruo, 9.54, 8.57, -0.35, 8.60, 8.70, 8.70, 8.35, 234416.54, 199288973, 0.40, 4.07, 3.28, 571.97809
2017-07-19, 1, wei_ruo, --, 8.78, 2.45, 8.57, 8.50, 8.85, 8.46, 240402.82, 207174779, 0.41, 4.55, 3.37, 2638.53407
2017-07-20, 1, wei_ruo, --, 8.72, -0.68, 8.78, 8.77, 8.78, 8.56, 291640.63, 252171595, 0.50, 2.51, 4.09, 430.52101
2017-07-21, 1, wei_ruo, --, 8.72, 0.00, 8.72, 8.66, 8.83, 8.62, 266944.13, 232886501, 0.46, 2.41, 3.74, 2357.27096
2017-07-24, 1, wei_ruo, 9.53, 8.62, -1.15, 8.72, 8.74, 8.78, 8.59, 196932.98, 170084932, 0.34, 2.18, 2.76, 15723.35911
2017-07-25, 1, wei_ruo, --, 8.69, 0.81, 8.62, 8.60, 8.74, 8.58, 202479.64, 175733802, 0.35, 1.86, 2.84, 816.14494
2017-07-26, 1, wei_ruo, --, 8.71, 0.23, 8.69, 8.74, 8.79, 8.62, 164909.37, 143519461, 0.28, 1.96, 2.31, 761.99007
2017-07-27, 1, wei_ruo, 9.52, 9.05, 3.90, 8.71, 8.70, 9.08, 8.60, 578265.24, 514759139, 1.00, 5.51, 8.10, 1087.76188
2017-07-28, 1, wei_ruo, 9.51, 9.02, -0.33, 9.05, 9.10, 9.38, 8.90, 415409.31, 379151479, 0.72, 5.30, 5.82, 701.69091
2017-07-31, 1, wei_ruo, 9.51, 8.88, -1.55, 9.02, 9.08, 9.08, 8.74, 258509.06, 228858027, 0.45, 3.77, 3.62, 893.08095
2017-08-01, 1, wei_ruo, 9.51, 8.74, -1.58, 8.88, 8.89, 8.93, 8.63, 303014.99, 265050340, 0.52, 3.38, 4.25, 3699.48697
2017-08-02, 1, wei_ruo, 9.50, 8.73, -0.11, 8.74, 8.78, 8.78, 8.66, 262096.88, 228140976, 0.45, 1.37, 3.67, 669.71207
2017-08-03, 1, wei_ruo, 9.50, 8.60, -1.49, 8.73, 8.73, 8.73, 8.50, 383706.2, 329152309, 0.66, 2.63, 5.38, 729.10094
2017-08-04, 1, wei_ruo, 9.49, 8.54, -0.70, 8.60, 8.58, 8.62, 8.51, 166024.78, 142346667, 0.29, 1.28, 2.33, 711.10415
2017-08-07, 1, wei_ruo, 9.49, 8.66, 1.41, 8.54, 8.54, 8.69, 8.50, 252064.93, 216832299, 0.43, 2.22, 3.53, 718.07098
2017-08-08, 1, wei_ruo, 9.49, 8.70, 0.46, 8.66, 8.69, 8.78, 8.58, 232941.03, 202128991, 0.40, 2.31, 3.26, 612.26988
2017-08-09, 1, wei_ruo, 9.48, 8.90, 2.30, 8.70, 8.71, 9.01, 8.66, 461174.48, 409592769, 0.79, 4.02, 6.46, 576.69497
2017-08-10, 1, wei_ruo, 9.48, 8.87, -0.34, 8.90, 8.92, 8.94, 8.77, 238791.4, 211444633, 0.41, 1.91, 3.35, 705.055
2017-08-11, 1, wei_ruo, 9.48, 8.98, 1.24, 8.87, 8.80, 9.44, 8.60, 535335.33, 481708432, 0.92, 9.47, 7.50, 678.74622
2017-08-14, 1, wei_ruo, 9.47, 9.17, 2.12, 8.98, 8.95, 9.31, 8.81, 521978.89, 477300286, 0.90, 5.57, 7.31, 766.98303
2017-08-15, 1, wei_ruo, 9.47, 9.21, 0.44, 9.17, 9.20, 9.29, 9.06, 284609.87, 261304370, 0.49, 2.51, 3.99, 770.43104
2017-08-16, 2, qing_du, 9.47, 9.31, 1.09, 9.21, 9.13, 9.45, 9.00, 429405.95, 395123157, 0.74, 4.89, 6.02, 722.93711
2017-08-17, 2, qing_du, 9.47, 9.26, -0.54, 9.31, 9.23, 9.44, 9.19, 397666.23, 369460386, 0.69, 2.69, 5.57, 5746.47593
2017-08-18, 2, qing_du, 9.47, 9.10, -1.73, 9.26, 9.10, 9.27, 9.08, 264708.3, 242091767, 0.46, 2.05, 3.71, 2689.09788
2017-08-21, 2, qing_du, 9.46, 9.11, 0.11, 9.10, 9.05, 9.16, 8.95, 358477.33, 324348029, 0.62, 2.31, 5.02, 915.97605
2017-08-22, 2, qing_du, 9.46, 9.19, 0.88, 9.11, 9.08, 9.24, 9.04, 335061.28, 307268728, 0.58, 2.20, 4.70, 848.45614
2017-08-23, 2, qing_du, 9.46, 9.05, -1.52, 9.19, 9.17, 9.20, 9.03, 172072.78, 156405613, 0.30, 1.85, 2.41, 722.03207
2017-08-24, 2, qing_du, 9.46, 8.73, -3.54, 9.05, 9.04, 9.07, 8.68, 500029.68, 440970308, 0.86, 4.31, 7.01, 939.42904
2017-08-25, 2, qing_du, 9.45, 8.82, 1.03, 8.73, 8.71, 8.88, 8.58, 212629.38, 186744469, 0.37, 3.44, 2.98, 648.31114
2017-08-28, 2, qing_du, 9.45, 9.08, 2.95, 8.82, 8.80, 9.20, 8.76, 563201.8, 505222056, 0.97, 4.99, 7.89, 733.95014
2017-08-29, 2, qing_du, 9.45, 9.11, 0.33, 9.08, 9.07, 9.24, 9.01, 332123.67, 302362997, 0.57, 2.53, 4.65, 597.16105
2017-08-30, 2, qing_du, 9.45, 9.37, 2.85, 9.11, 9.11, 9.48, 9.11, 980194.92, 918536251, 1.69, 4.06, 13.73, 681.63514
2017-08-31, 3, zhong_du, 9.44, 9.39, 0.21, 9.37, 9.37, 9.43, 9.31, 226049.19, 212325085, 0.39, 1.28, 6.34, 763.44705
2017-09-01, 4, gao_du, 9.44, 9.50, 1.39, 9.37, 9.37, 9.55, 9.27, 376846.94, 354801579, 0.65, 2.99, 5.28, 721.9491
2017-09-04, 4, gao_du, 9.44, 9.39, 0.21, 9.37, 9.37, 9.43, 9.31, 226049.19, 212325085, 0.39, 1.28, 6.34, 521.22402
2017-09-05, 4, gao_du, 9.44, 9.30, -1.27, 9.42, 9.43, 9.50, 9.29, 391504.28, 367576892, 0.67, 2.23, 5.49, 1300.78697
2017-09-06, 4, gao_du, 9.45, 9.87, 6.13, 9.30, 9.30, 9.99, 9.28, 690017.96, 658907008, 1.19, 7.63, 9.67, 591.81499
2017-09-07, 4, gao_du, 9.45, 9.39, 0.21, 9.37, 9.37, 9.43, 9.31, 226049.19, 212325085, 0.39, 1.28, 6.34, 785.23779
2017-09-08, 4, gao_du, 9.46, 9.39, 0.21, 9.37, 9.37, 9.43, 9.31, 226049.19, 212325085, 0.39, 1.28, 6.34, 672.96791
2017-09-11, 5, qiang_lie, 9.47, 10.05, 0.50, 10.00, 10.06, 10.43, 9.99, 695235.9, 705270817, 1.20, 4.40, 9.74, 746.29688
2017-09-12, 5, qiang_lie, 9.47, 9.83, -2.19, 10.05, 10.12, 10.15, 9.77, 439615.4, 433891372, 0.76, 3.78, 6.16, 2611.91106
2017-09-13, 4, gao_du, 9.47, 9.73, -1.02, 9.83, 9.83, 9.86, 9.65, 304505.55, 296383678, 0.52, 2.14, 4.27, 609.52091
2017-09-14, 4, gao_du, 9.47, 9.72, -0.10, 9.73, 9.72, 9.80, 9.65, 262124.98, 254355123, 0.45, 1.54, 3.67, 904.69098
2017-09-15, 3, zhong_du, 9.47, 9.66, -0.62, 9.72, 9.68, 9.80, 9.34, 954718.63, 911742788, 1.64, 4.73, 13.38, 1007.02095
2017-09-18, 3, zhong_du, 9.48, 9.87, 2.17, 9.66, 9.62, 9.98, 9.55, 356705.72, 349954178, 0.61, 4.45, 5.00, 589.185
2017-09-19, 4, gao_du, 9.48, 9.90, 0.30, 9.87, 9.84, 10.05, 9.73, 409539.47, 405169554, 0.71, 3.24, 5.74, 696.90681
2017-09-20, 4, gao_du, 9.48, 10.04, 1.41, 9.90, 9.88, 10.08, 9.79, 350377.71, 349529590, 0.60, 2.93, 4.91, 725.75903
2017-09-21, 4, gao_du, 9.49, 9.93, -1.10, 10.04, 10.04, 10.38, 9.89, 416969.37, 423398194, 0.72, 4.88, 5.84, 1448.14706
2017-09-22, 5, qiang_lie, 9.49, 9.99, 0.60, 9.93, 9.88, 10.06, 9.79, 178163.2, 176707588, 0.31, 2.72, 2.50, 882.34782
2017-09-25, 5, qiang_lie, 9.49, 10.03, 0.40, 9.99, 9.95, 10.15, 9.80, 242389.67, 242284268, 0.42, 3.50, 3.40, 1314.70799
2017-09-26, 5, qiang_lie, 9.49, 10.00, -0.30, 10.03, 9.98, 10.09, 9.88, 212337.17, 211890021, 0.37, 2.09, 2.98, 717.99493
2017-09-27, 5, qiang_lie, 9.49, 9.96, -0.40, 10.00, 9.98, 10.03, 9.92, 226585.27, 226391097, 0.39, 1.10, 3.18, 697.65091
2017-09-28, 5, qiang_lie, 9.50, 9.92, -0.40, 9.96, 9.97, 10.00, 9.79, 294278.53, 291147320, 0.51, 2.11, 4.12, 636.31487
2017-09-29, 5, qiang_lie, 9.50, 10.05, 1.31, 9.92, 9.88, 10.13, 9.88, 384790.73, 386518801, 0.66, 2.52, 5.39, 584.46503
2017-10-10, 5, qiang_lie, 9.51, 10.50, 1.45, 10.35, 10.31, 10.70, 10.31, 395903.29, 417168876, 0.68, 3.77, 5.55, 560.50611
2017-10-12, 5, qiang_lie, 9.54, 10.85, 0.18, 10.83, 10.92, 11.03, 10.78, 473927.34, 517826119, 0.82, 2.31, 6.64, 759.19008
2017-10-13, 5, qiang_lie, 9.55, 10.84, -0.09, 10.85, 10.90, 10.96, 10.74, 351266.61, 380717520, 0.61, 2.03, 4.92, 640.75089
2017-10-16, 5, qiang_lie, 9.57, 11.15, 2.86, 10.84, 10.86, 11.26, 10.86, 776200.41, 864595642, 1.34, 3.69, 10.88, 661.83186
2017-10-17, 5, qiang_lie, 9.58, 10.90, -2.24, 11.15, 11.20, 11.42, 10.88, 486817.05, 544494575, 0.84, 4.84, 6.82, 1650.08211
2017-10-18, 5, qiang_lie, 9.59, 11.00, 0.92, 10.90, 10.93, 11.11, 10.70, 323976.05, 354525983, 0.56, 3.76, 4.54, 576.70093
2017-10-19, 5, qiang_lie, 9.60, 11.29, 2.64, 11.00, 10.95, 11.38, 10.91, 510225.83, 573403499, 0.88, 4.27, 7.15, 750.97609
2017-10-20, 5, qiang_lie, 9.61, 11.60, 2.75, 11.29, 11.27, 11.60, 11.13, 370656.62, 425536842, 0.64, 4.16, 5.19, 2673.82312
2017-10-23, 5, qiang_lie, 9.63, 12.08, 4.14, 11.60, 11.63, 12.12, 11.61, 493664.65, 589806018, 0.85, 4.40, 6.92, 769.94991
2017-10-24, 5, qiang_lie, 9.65, 11.78, -2.48, 12.08, 12.08, 12.10, 11.67, 429206.35, 507999880, 0.74, 3.56, 6.01, 753.13807
2017-10-25, 5, qiang_lie, 9.66, 12.15, 3.14, 11.78, 11.84, 12.15, 11.62, 369266.28, 438103952, 0.64, 4.50, 5.17, 631.69193
2017-10-26, 5, qiang_lie, 9.68, 12.25, 0.82, 12.15, 12.11, 12.28, 11.91, 352816.93, 428391601, 0.61, 3.05, 4.94, 661.97586
2017-10-27, 5, qiang_lie, 9.69, 12.12, -1.06, 12.25, 12.20, 12.25, 11.92, 279342.05, 336904449, 0.48, 2.69, 3.91, 623.35706
2017-10-30, 5, qiang_lie, 9.71, 12.15, 0.25, 12.12, 12.12, 12.37, 11.91, 406434.87, 496159874, 0.70, 3.80, 5.70, 805.17483
2017-10-31, 5, qiang_lie, 9.73, 11.90, -2.06, 12.15, 12.20, 12.27, 11.60, 466581.26, 552166524, 0.80, 5.51, 6.54, 662.57501
2017-11-01, 5, qiang_lie, 9.74, 11.88, -0.17, 11.90, 11.92, 12.31, 11.67, 431402.08, 519480912, 0.74, 5.38, 6.05, 670.78185
2017-11-02, 5, qiang_lie, 9.76, 11.83, -0.42, 11.88, 11.80, 12.22, 11.75, 405196.98, 483887040, 0.70, 3.96, 5.68, 667.02294
2017-11-03, 5, qiang_lie, 9.77, 11.90, 0.59, 11.83, 11.81, 12.19, 11.81, 385473.54, 462425976, 0.66, 3.21, 5.40, 1584.68318
2017-11-06, 5, qiang_lie, 9.80, 0.00, 0.00, 12.46, 0.00, 0.00, 0.00, 0, 0, 0.00, 0.00, 0.00, 800.9851
2017-11-07, 5, qiang_lie, 9.83, 12.34, -0.96, 12.46, 12.50, 12.60, 12.31, 272674.87, 340188284, 0.47, 2.33, 7.64, 241418.86711
2017-11-08, 5, qiang_lie, 9.84, 0.00, 0.00, 12.22, 0.00, 0.00, 0.00, 0, 0, 0.00, 0.00, 0.00, 738.42502
2017-11-10, 5, qiang_lie, 9.89, 12.16, 1.00, 12.04, 12.02, 12.32, 11.92, 648076.99, 787942343, 1.12, 3.32, 1.28, 695.87898
2017-11-13, 5, qiang_lie, 9.91, 12.30, 1.15, 12.16, 12.18, 12.40, 12.07, 632072.26, 773820202, 1.09, 2.71, 1.13, 1458.04811
2017-11-14, 5, qiang_lie, 9.94, 12.38, 0.65, 12.30, 12.35, 12.57, 12.19, 695506.57, 861136557, 1.20, 3.09, 1.31, 740.54098
2017-11-15, 5, qiang_lie, 9.96, 12.12, -2.10, 12.38, 12.38, 12.40, 11.73, 497605.08, 598073470, 0.86, 5.41, 0.86, 598.12284
2017-11-16, 5, qiang_lie, 9.98, 12.11, -0.08, 12.12, 12.03, 12.32, 11.76, 437441.39, 527074329, 0.75, 4.62, 0.74, 1150.89488
2017-11-17, 5, qiang_lie, 10.02, 12.63, 4.29, 12.11, 12.15, 13.11, 12.09, 906911.98, 1151099110, 1.56, 8.42, 1.56, 773.30184
2017-11-20, 5, qiang_lie, 10.05, 13.08, 3.56, 12.63, 12.54, 13.18, 12.40, 627347.86, 809771521, 1.08, 6.18, 0.99, 573.25506
2017-11-21, 5, qiang_lie, 10.09, 13.68, 4.59, 13.08, 13.08, 13.77, 12.90, 748987.75, 1010577774, 1.29, 6.65, 1.18, 703.88913
2017-11-22, 5, qiang_lie, 10.12, 13.53, -1.10, 13.68, 13.65, 13.74, 13.38, 520052.67, 703684635, 0.90, 2.63, 0.81, 739.69483
2017-11-23, 5, qiang_lie, 10.16, 12.55, -7.24, 13.53, 13.41, 13.48, 12.54, 657014.28, 852329314, 1.13, 6.95, 1.01, 3200.7091
2017-11-24, 5, qiang_lie, 10.18, 12.71, 1.27, 12.55, 12.58, 13.07, 12.53, 481848.62, 612772838, 0.83, 4.30, 0.70, 591.73083
2017-11-27, 5, qiang_lie, 10.20, 11.88, -6.53, 12.71, 12.87, 12.90, 11.78, 572101.76, 705365386, 0.99, 8.81, 0.94, 609.03215
2017-11-28, 5, qiang_lie, 10.21, 12.23, 2.95, 11.88, 11.93, 12.38, 11.92, 461028.53, 562308941, 0.79, 3.87, 0.77, 563.62391
2017-11-29, 5, qiang_lie, 10.22, 12.12, -0.90, 12.23, 12.28, 12.47, 11.98, 317397.85, 385728424, 0.55, 4.01, 0.59, 341.46905
2017-11-30, 4, gao_du, 10.23, 12.00, -0.99, 12.12, 12.11, 12.45, 11.55, 337517.41, 407497294, 0.58, 7.43, 0.68, 123205.93309
2017-12-01, 4, gao_du, 10.27, 12.94, 7.83, 12.00, 12.19, 13.09, 12.14, 800406.38, 1016057973, 1.38, 7.92, 1.84, 849.15113
2017-12-04, 4, gao_du, 10.29, 12.66, -2.16, 12.94, 12.91, 13.00, 12.58, 590083.63, 752883772, 1.02, 3.25, 1.19, 693.73298
2017-12-05, 5, qiang_lie, 10.32, 12.66, 0.00, 12.66, 12.51, 13.05, 12.47, 522264.91, 668195747, 0.90, 4.58, 1.04, 760.95891
2017-12-06, 5, qiang_lie, 10.34, 12.94, 2.21, 12.66, 12.69, 13.02, 12.50, 519122.61, 665331268, 0.89, 4.11, 1.01, 540.03811
2017-12-07, 5, qiang_lie, 10.36, 12.70, -1.85, 12.94, 12.80, 12.93, 12.58, 501225.47, 640174814, 0.86, 2.70, 0.90, 911.53598
2017-12-08, 5, qiang_lie, 10.39, 13.00, 2.36, 12.70, 12.60, 13.13, 12.47, 764616.93, 985743022, 1.32, 5.20, 1.30, 694.25893
2017-12-11, 5, qiang_lie, 10.44, 13.44, 3.38, 13.00, 12.98, 13.85, 12.98, 951167.23, 1282119014, 1.64, 6.69, 1.64, 849.63512
2017-12-12, 5, qiang_lie, 10.47, 13.32, -0.89, 13.44, 13.44, 13.74, 13.28, 529920.1, 711875603, 0.91, 3.42, 0.81, 915.57002
2017-12-13, 5, qiang_lie, 10.50, 13.54, 1.65, 13.32, 13.29, 13.56, 12.98, 584508.03, 776799326, 1.01, 4.35, 0.89, 2614.8231
2017-12-14, 5, qiang_lie, 10.54, 13.72, 1.33, 13.54, 13.50, 14.09, 13.35, 799373.55, 1105458418, 1.38, 5.47, 1.20, 967.22221
2017-12-15, 5, qiang_lie, 10.60, 13.77, 0.36, 13.72, 13.67, 13.91, 13.38, 1068764.73, 1457563869, 1.84, 3.86, 1.47, 1350.2481
2017-12-18, 5, qiang_lie, 10.62, 13.32, -3.27, 13.77, 13.56, 13.71, 13.03, 516953.54, 694475515, 0.89, 4.94, 0.66, 529.1338
2017-12-19, 5, qiang_lie, 10.64, 13.54, 1.65, 13.32, 13.37, 13.64, 13.12, 380378.14, 514376751, 0.66, 3.90, 0.54, 728.12605
2017-12-20, 5, qiang_lie, 10.66, 13.61, 0.52, 13.54, 13.68, 13.73, 13.44, 381271.08, 518547642, 0.66, 2.14, 0.57, 680.04799
2017-12-21, 5, qiang_lie, 10.70, 14.00, 2.87, 13.61, 13.48, 14.05, 13.48, 691018.57, 963837249, 1.19, 4.19, 1.10, 962.51512
2017-12-22, 5, qiang_lie, 10.72, 13.83, -1.21, 14.00, 14.01, 14.04, 13.65, 312556.26, 431526136, 0.54, 2.79, 0.51, 2720.2549
2017-12-25, 5, qiang_lie, 10.73, 13.65, -1.30, 13.83, 13.99, 14.09, 13.48, 314067.71, 430139974, 0.54, 4.41, 0.69, 536.77416
2017-12-26, 5, qiang_lie, 10.76, 13.66, 0.07, 13.65, 13.69, 13.77, 13.26, 475866.27, 641423732, 0.82, 3.74, 1.14, 437.64806
2017-12-27, 5, qiang_lie, 10.77, 13.45, -1.54, 13.66, 13.62, 13.64, 13.37, 313335.59, 423023604, 0.54, 1.98, 0.72, 556.40507
2017-12-29, 5, qiang_lie, 10.84, 14.08, 0.00, 14.08, 14.11, 14.51, 13.98, 550796.43, 786841101, 0.95, 3.76, 1.20, 603.71399
2018-01-03, 5, qiang_lie, 10.91, 13.79, -2.06, 14.08, 14.15, 14.29, 13.73, 727753.06, 1014977413, 1.25, 3.98, 1.44, 648.32902
2018-01-04, 5, qiang_lie, 10.94, 13.66, -0.94, 13.79, 13.85, 13.86, 13.51, 729298.59, 995993636, 1.26, 2.54, 1.31, 705.24907
2018-01-05, 5, qiang_lie, 10.97, 13.79, 0.95, 13.66, 13.65, 14.10, 13.52, 573245.56, 795224248, 0.99, 4.25, 0.90, 570.90807
2018-01-08, 5, qiang_lie, 11.00, 13.51, -2.03, 13.79, 13.66, 13.98, 13.30, 697819.46, 952517239, 1.20, 4.93, 1.15, 563.15589
2018-01-09, 5, qiang_lie, 11.03, 13.44, -0.52, 13.51, 13.52, 13.52, 13.12, 623736.22, 829228865, 1.07, 2.96, 0.95, 685.58311
2018-01-10, 5, qiang_lie, 11.05, 13.57, 0.97, 13.44, 13.46, 13.70, 13.36, 520400.88, 703975892, 0.90, 2.53, 0.78, 599.42293
2018-01-11, 4, gao_du, 11.07, 13.34, -1.69, 13.57, 13.69, 13.87, 13.16, 538768.16, 725544841, 0.93, 5.23, 0.86, 636.96289
2018-01-12, 4, gao_du, 11.09, 13.55, 1.57, 13.34, 13.53, 13.65, 13.31, 352912.31, 478072127, 0.61, 2.55, 0.60, 620.02993
2018-01-15, 4, gao_du, 11.11, 13.68, 0.96, 13.55, 13.65, 13.75, 13.19, 566728.23, 761763995, 0.98, 4.13, 1.04, 538.74898
2018-01-16, 5, qiang_lie, 11.13, 13.75, 0.51, 13.68, 13.47, 13.87, 13.28, 509236.3, 695441787, 0.88, 4.31, 0.98, 619.65013
2018-01-17, 5, qiang_lie, 11.15, 13.71, -0.29, 13.75, 13.79, 13.92, 13.42, 474361.8, 649070067, 0.82, 3.64, 0.95, 596.99178
2018-01-18, 5, qiang_lie, 11.17, 13.50, -1.53, 13.71, 13.56, 13.81, 13.42, 521807.21, 709793074, 0.90, 2.84, 1.08, 671.87691
2018-01-19, 5, qiang_lie, 11.19, 13.20, -2.22, 13.50, 13.45, 13.50, 13.03, 570056.93, 755176070, 0.98, 3.48, 1.18, 613.26694
2018-01-22, 4, gao_du, 11.24, 14.02, 6.21, 13.20, 13.33, 14.30, 13.12, 934983.14, 1296547848, 1.61, 8.94, 1.77, 538.44619
2018-01-23, 5, qiang_lie, 11.30, 14.99, 6.92, 14.02, 14.16, 15.02, 14.00, 1121811.01, 1653823988, 1.93, 7.28, 1.86, 1167.55486
2018-01-24, 5, qiang_lie, 11.36, 15.05, 0.40, 14.99, 15.05, 15.08, 14.65, 844782.16, 1262609821, 1.46, 2.87, 1.17, 553.10297
2018-01-25, 5, qiang_lie, 11.41, 15.06, 0.07, 15.05, 15.07, 15.55, 14.66, 806361.67, 1221112198, 1.39, 5.91, 1.01, 707.87597
2018-01-26, 5, qiang_lie, 11.44, 14.88, -1.20, 15.06, 15.03, 15.06, 14.74, 468101.78, 697062301, 0.81, 2.12, 0.55, 645.82014
2018-01-29, 5, qiang_lie, 11.47, 14.49, -2.62, 14.88, 14.98, 15.16, 14.28, 634635.44, 925401351, 1.09, 5.91, 0.76, 698.95196
2018-01-30, 5, qiang_lie, 11.49, 14.36, -0.90, 14.49, 14.55, 14.60, 14.21, 329176.71, 473265685, 0.57, 2.69, 0.42, 481.56881
2018-01-31, 5, qiang_lie, 11.51, 14.30, -0.42, 14.36, 14.30, 14.52, 14.12, 447737.62, 640886664, 0.77, 2.79, 0.73, 599.49493
2018-02-01, 4, gao_du, 11.53, 14.27, -0.21, 14.30, 14.50, 14.57, 14.06, 479501.87, 686712237, 0.83, 3.57, 0.89, 695.16397
2018-02-02, 4, gao_du, 11.57, 14.83, 3.92, 14.27, 14.27, 14.93, 14.07, 620742.68, 912423302, 1.07, 6.03, 1.32, 717.81802
2018-02-05, 4, gao_du, 11.60, 14.42, -2.76, 14.83, 14.59, 14.86, 14.15, 651718.97, 941608578, 1.12, 4.79, 1.30, 913.66315
2018-02-06, 4, gao_du, 11.63, 13.86, -3.88, 14.42, 13.95, 14.28, 13.34, 741973.15, 1031197095, 1.28, 6.52, 1.47, 603.62101
2018-02-07, 3, zhong_du, 11.65, 13.57, -2.09, 13.86, 14.04, 14.29, 13.36, 505863.29, 695761643, 0.87, 6.71, 0.86, 734.47204
2018-02-08, 3, zhong_du, 11.66, 13.63, 0.44, 13.57, 13.46, 14.18, 13.38, 512832.28, 711481237, 0.88, 5.90, 0.88, 730.03387
2018-02-09, 2, qing_du, 11.68, 13.05, -4.26, 13.63, 13.15, 13.29, 12.31, 754320.93, 974390342, 1.30, 7.19, 1.48, 666.74519
2018-02-12, 2, qing_du, 11.70, 14.15, 8.43, 13.05, 13.10, 14.18, 13.08, 614793.97, 850281147, 1.06, 8.43, 1.01, 841.90512
2018-02-13, 2, qing_du, 11.72, 13.89, -1.84, 14.15, 14.15, 14.60, 13.73, 474663.99, 676514191, 0.82, 6.15, 0.71, 640.75994
2018-02-14, 3, zhong_du, 11.73, 14.06, 1.22, 13.89, 13.98, 14.24, 13.81, 282025.22, 396394663, 0.49, 3.10, 0.50, 2723.53506
