2015-08-20, 2, qing_du, 46.45, 46.89, -6.20, 49.99, 48.92, 49.50, 46.80, 95015.09, 457884692, 1.65, 5.40, 0.54, 851.34411
2015-08-21, 2, qing_du, 46.42, 43.25, -7.76, 46.89, 46.05, 46.70, 43.25, 98391.05, 440621800, 1.71, 7.36, 0.55, 1139.08792
2015-08-25, 1, wei_ruo, 45.91, 35.07, -9.92, 38.93, 35.11, 38.60, 35.04, 200248.44, 721025199, 3.47, 9.14, 1.31, 1222.69607
2015-08-26, 1, wei_ruo, 45.68, 35.40, 0.94, 35.07, 35.60, 37.99, 33.88, 126617.52, 458022073, 2.19, 11.72, 0.92, 2865.84783
2015-10-29, 3, zhong_du, 42.71, 40.85, 0.52, 40.64, 41.06, 41.19, 40.48, 57521.04, 234652637, 1.15, 1.75, 0.61, 993.23678
2015-10-30, 3, zhong_du, 42.68, 40.70, -0.37, 40.85, 41.03, 41.15, 39.95, 65392.45, 265187345, 1.30, 2.94, 0.73, 971.49301
2015-11-02, 3, zhong_du, 42.65, 39.10, -3.93, 40.70, 40.35, 40.53, 39.00, 56429.94, 224652961, 1.13, 3.76, 0.68, 2388.96704
2015-11-03, 3, zhong_du, 42.60, 38.64, -1.18, 39.10, 39.16, 39.46, 38.38, 63323.49, 245223324, 1.26, 2.76, 0.86, 850.96908
2015-11-04, 3, zhong_du, 42.56, 40.25, 4.17, 38.64, 38.89, 40.39, 38.80, 74098.63, 293623317, 1.48, 4.11, 1.07, 1043.32685
2015-11-05, 3, zhong_du, 42.53, 40.75, 1.24, 40.25, 40.25, 41.18, 40.01, 85634.71, 348087027, 1.71, 2.91, 1.35, 2522.45092
2015-11-06, 3, zhong_du, 42.51, 41.55, 1.96, 40.75, 40.81, 42.00, 40.67, 92443.48, 384410622, 1.84, 3.26, 1.34, 1404.59108
2015-11-09, 3, zhong_du, 42.51, 43.19, 3.95, 41.55, 41.83, 43.63, 41.60, 120666.48, 515374157, 2.41, 4.89, 1.62, 1217.95487
2015-11-10, 4, gao_du, 42.52, 42.82, -0.86, 43.19, 42.63, 43.70, 42.56, 86194.57, 371739296, 1.72, 2.64, 0.99, 418.33186
2015-11-11, 5, qiang_lie, 42.52, 43.50, 1.59, 42.82, 43.07, 43.97, 42.80, 85504.7, 369984445, 1.71, 2.73, 0.93, 249.94898
2015-11-12, 5, qiang_lie, 42.55, 43.27, -0.53, 43.50, 44.20, 44.25, 42.55, 86404.97, 373393018, 1.72, 3.91, 0.92, 967.42892
2015-11-13, 5, qiang_lie, 42.55, 42.04, -2.84, 43.27, 42.96, 43.01, 41.90, 63473.47, 268739898, 1.27, 2.57, 0.67, 1129.14109
2015-11-16, 5, qiang_lie, 42.54, 42.40, 0.86, 42.04, 41.26, 42.45, 41.21, 59348.75, 249379395, 1.18, 2.95, 0.67, 2844.21897
2015-11-17, 4, gao_du, 42.54, 41.90, -1.18, 42.40, 42.71, 43.17, 41.79, 69233.93, 295423938, 1.38, 3.25, 0.91, 1051.60403
2015-11-18, 4, gao_du, 42.53, 41.20, -1.67, 41.90, 42.20, 42.24, 41.12, 46574.21, 194118057, 0.93, 2.67, 0.64, 1214.42103
2015-11-19, 4, gao_du, 42.52, 42.05, 2.06, 41.20, 41.22, 42.17, 41.22, 40461.27, 168448274, 0.81, 2.31, 0.62, 1324.38111
2015-11-20, 4, gao_du, 42.52, 41.98, -0.17, 42.05, 42.05, 42.28, 41.50, 42378.57, 177563507, 0.85, 1.85, 0.76, 32350.99411
2015-11-23, 5, qiang_lie, 42.52, 43.20, 2.91, 41.98, 41.94, 43.20, 41.52, 94535.16, 402671452, 1.89, 4.00, 1.83, 32043.96415
2015-11-24, 5, qiang_lie, 42.52, 42.80, -0.93, 43.20, 43.20, 43.35, 42.00, 65398.28, 278582057, 1.30, 3.13, 1.12, 4965.60407
2015-11-25, 5, qiang_lie, 42.53, 42.90, 0.23, 42.80, 42.71, 43.09, 42.51, 62388.07, 267420307, 1.24, 1.36, 1.08, 2575.98686
2015-11-26, 5, qiang_lie, 42.53, 42.19, -1.66, 42.90, 43.38, 43.38, 42.19, 52794.26, 226009510, 1.05, 2.77, 0.87, 880.35488
2015-11-27, 5, qiang_lie, 42.49, 39.05, -7.44, 42.19, 42.14, 42.35, 38.60, 80714.71, 326604298, 1.61, 8.89, 1.27, 1457.6261
2015-11-30, 4, gao_du, 42.44, 39.52, 1.20, 39.05, 38.92, 39.72, 38.71, 68717.63, 269811187, 1.37, 2.59, 0.97, 928.76196
2015-12-01, 3, zhong_du, 42.42, 40.30, 1.97, 39.52, 39.70, 40.95, 39.13, 48346.28, 194140630, 0.96, 4.61, 0.73, 3062.73699
2015-12-02, 2, qing_du, 42.40, 40.51, 0.52, 40.30, 40.20, 40.88, 39.50, 49627.09, 200516576, 0.99, 3.42, 0.79, 925.72904
2015-12-03, 2, qing_du, 42.40, 40.72, 0.52, 40.51, 40.55, 40.85, 39.75, 77479.37, 311846222, 1.55, 2.72, 1.29, 909.62696
2015-12-04, 3, zhong_du, 43.54, 40.73, 0.02, 40.72, 40.48, 41.08, 40.25, 50290.69, 204327875, 1.00, 2.04, 0.77, 638.66901
2015-12-07, 3, zhong_du, 43.52, 40.86, 0.32, 40.73, 40.60, 41.30, 40.17, 34258.54, 139939973, 0.68, 2.77, 0.58, 538.24997
2015-12-08, 3, zhong_du, 43.50, 39.88, -2.40, 40.86, 40.66, 40.66, 39.87, 34195.92, 137282209, 0.68, 1.93, 0.66, 787.9858
2015-12-09, 2, qing_du, 43.48, 39.67, -0.53, 39.88, 39.95, 40.28, 39.51, 21241.09, 84621692, 0.42, 1.93, 0.43, 2490.59105
2015-12-10, 2, qing_du, 43.46, 40.00, 0.83, 39.67, 39.66, 40.54, 39.41, 36128.3, 145297787, 0.72, 2.85, 0.83, 830.74689
2015-12-11, 2, qing_du, 43.44, 39.69, -0.78, 40.00, 39.80, 40.35, 39.58, 21707.51, 86639051, 0.43, 1.93, 0.62, 958.58908
2015-12-14, 1, wei_ruo, 43.42, 40.44, 1.89, 39.69, 39.56, 40.60, 39.40, 34287.82, 136722701, 0.68, 3.02, 1.16, 2682.40905
2015-12-15, 1, wei_ruo, 43.39, 40.87, 1.06, 40.44, 40.74, 41.11, 40.22, 46791.44, 190822906, 0.93, 2.20, 1.59, 995.857
2015-12-16, 2, qing_du, 43.37, 40.49, -0.93, 40.87, 40.91, 41.13, 40.47, 32978.87, 134334509, 0.66, 1.61, 1.03, 906.44407
2015-12-17, 2, qing_du, 43.35, 41.07, 1.43, 40.49, 40.70, 41.29, 40.65, 61697.76, 252896653, 1.23, 1.58, 1.79, 895.34402
2015-12-18, 2, qing_du, 43.32, 41.64, 1.39, 41.07, 41.20, 42.18, 41.06, 84889.32, 352866858, 1.69, 2.73, 2.15, 797.71996
2015-12-21, 2, qing_du, 43.31, 43.10, 3.51, 41.64, 41.65, 44.08, 41.60, 134244.88, 579365300, 2.68, 5.96, 2.58, 1070.97101
2015-12-22, 3, zhong_du, 43.30, 42.96, -0.32, 43.10, 43.11, 43.44, 42.63, 68965.92, 295399875, 1.38, 1.88, 0.96, 2743.55888
2015-12-23, 3, zhong_du, 43.31, 43.18, 0.51, 42.96, 43.00, 44.50, 42.85, 88515.26, 386739101, 1.77, 3.84, 1.16, 2852.93603
2015-12-24, 4, gao_du, 43.31, 43.94, 1.76, 43.18, 43.18, 44.20, 42.50, 88488.09, 386399558, 1.77, 3.94, 1.01, 1405.08986
2015-12-25, 4, gao_du, 43.32, 43.69, -0.57, 43.94, 43.90, 44.30, 43.31, 59655.57, 260806624, 1.19, 2.25, 0.64, 851.29881
2015-12-28, 4, gao_du, 43.32, 42.88, -1.85, 43.69, 43.85, 45.16, 42.81, 91759.91, 405212255, 1.83, 5.38, 1.04, 1655.4811
2015-12-29, 4, gao_du, 43.33, 44.62, 4.06, 42.88, 42.92, 44.69, 42.92, 89750.88, 394736016, 1.79, 4.13, 1.13, 1005.18894
2015-12-30, 4, gao_du, 43.38, 45.10, 1.08, 44.62, 44.62, 46.39, 44.50, 110625.58, 504033967, 2.21, 4.24, 1.39, 2736.32312
2015-12-31, 4, gao_du, 43.39, 44.00, -2.44, 45.10, 45.00, 45.39, 43.83, 76665.47, 340122816, 1.53, 3.46, 0.96, 944.68784
2016-01-04, 4, gao_du, 43.38, 40.39, -8.20, 44.00, 43.80, 44.39, 40.22, 51436, 218776744, 1.03, 9.48, 0.65, 1504.67086
2016-01-05, 3, zhong_du, 43.30, 40.22, -0.42, 40.39, 40.95, 41.69, 39.06, 120549.49, 488176602, 2.40, 6.51, 1.52, 2452.77596
2016-01-06, 2, qing_du, 43.26, 40.95, 1.82, 40.22, 40.30, 41.19, 39.70, 75843.29, 306300986, 1.51, 3.70, 0.95, 1043.77794
2016-01-07, 1, wei_ruo, 43.24, 37.50, -8.42, 40.95, 40.00, 40.20, 37.01, 18450, 71712408, 0.37, 7.79, 0.23, 717.86809
2016-01-08, 1, wei_ruo, 43.70, 38.53, 2.75, 37.50, 37.99, 39.24, 36.60, 98534.63, 377775345, 1.97, 7.04, 1.24, 1545.02583
2016-01-11, 1, wei_ruo, 43.49, 36.17, -6.13, 38.53, 38.00, 39.27, 36.17, 72684.34, 275060482, 1.45, 8.05, 0.91, 2931.52905
2016-01-12, 1, wei_ruo, 43.41, 37.37, 3.32, 36.17, 36.00, 37.55, 35.55, 61455.09, 227826147, 1.23, 5.53, 0.77, 3128.94106
2016-01-13, 1, wei_ruo, 43.36, 36.96, -1.10, 37.37, 37.50, 38.11, 36.80, 38577.44, 144766754, 0.77, 3.51, 0.49, 886.96599
2016-01-14, 1, wei_ruo, 43.31, 38.00, 2.81, 36.96, 35.92, 38.15, 35.58, 45896.98, 170349072, 0.92, 6.95, 0.58, 1295.45093
2016-01-15, 1, wei_ruo, 43.25, 36.40, -4.21, 38.00, 37.80, 38.15, 36.10, 42303.31, 156861272, 0.84, 5.39, 0.53, 942.23309
2016-01-18, 1, wei_ruo, 43.20, 37.57, 3.21, 36.40, 35.80, 37.96, 35.61, 47633.84, 176357687, 0.95, 6.46, 0.60, 1095.16501
2016-01-19, 1, wei_ruo, 43.11, 40.10, 6.73, 37.57, 37.41, 40.20, 37.37, 114003.4, 448534900, 2.27, 7.53, 1.43, 858.64782
2016-01-20, 1, wei_ruo, 43.05, 41.10, 2.49, 40.10, 39.65, 42.89, 39.65, 141523.97, 585898049, 2.82, 8.08, 1.78, 782.92203
2016-01-21, 1, wei_ruo, 43.03, 42.48, 3.36, 41.10, 40.28, 45.05, 40.12, 169667.5, 728307832, 3.38, 12.00, 2.13, 4203.83787
2016-01-22, 2, qing_du, 43.02, 42.26, -0.52, 42.48, 42.90, 43.49, 40.65, 85159.82, 357721818, 1.70, 6.69, 1.07, 1719.01894
2016-01-26, 2, qing_du, 42.99, 40.02, -8.08, 43.54, 42.61, 43.36, 39.88, 100255.29, 414953441, 2.00, 7.99, 1.26, 4642.79294
2016-01-27, 2, qing_du, 42.96, 42.88, 7.15, 40.02, 40.48, 42.95, 39.40, 133807.34, 543611624, 2.67, 8.87, 1.68, 1720.95108
2016-01-28, 2, qing_du, 42.96, 43.13, 0.58, 42.88, 41.70, 44.50, 41.70, 166202.53, 723627067, 3.32, 6.53, 2.09, 4822.01099
2016-01-29, 3, zhong_du, 42.96, 43.73, 1.39, 43.13, 42.12, 44.50, 40.60, 113570.79, 487968179, 2.27, 9.04, 1.43, 1051.14889
2016-02-01, 3, zhong_du, 43.02, 45.04, 3.00, 43.73, 43.43, 46.97, 43.01, 140267.75, 639036895, 2.80, 9.06, 1.76, 2718.06216
2016-02-02, 3, zhong_du, 43.06, 45.80, 1.69, 45.04, 45.05, 46.19, 44.12, 95477.58, 433577174, 1.90, 4.60, 1.20, 957.92294
2016-02-03, 4, gao_du, 43.10, 45.05, -1.64, 45.80, 45.06, 46.58, 44.01, 94216.64, 428192349, 1.88, 5.61, 1.19, 1170.86887
2016-02-04, 4, gao_du, 43.14, 44.81, -0.53, 45.05, 45.04, 46.35, 44.48, 82363.25, 372209038, 1.64, 4.15, 1.04, 1578.48096
2016-02-05, 4, gao_du, 43.15, 43.85, -2.14, 44.81, 45.27, 45.27, 43.80, 59121.61, 261441016, 1.18, 3.28, 0.74, 889.52303
2016-02-15, 4, gao_du, 43.16, 44.00, 0.34, 43.85, 42.89, 44.72, 42.52, 49672.74, 216824126, 0.99, 5.02, 0.62, 1525.48504
2016-02-16, 4, gao_du, 43.20, 45.94, 4.41, 44.00, 44.22, 46.18, 44.21, 88765.81, 402530208, 1.77, 4.48, 1.12, 1829.55313
2016-02-17, 4, gao_du, 43.24, 45.55, -0.85, 45.94, 45.90, 46.18, 44.60, 94974.43, 429796189, 1.89, 3.44, 1.19, 1108.10614
2016-02-18, 4, gao_du, 43.38, 47.06, 3.32, 45.55, 45.72, 49.00, 45.40, 178780.97, 844280427, 3.57, 7.90, 2.25, 892.49015
2016-02-19, 5, qiang_lie, 43.43, 46.78, -0.59, 47.06, 46.60, 47.47, 46.35, 73764.86, 346683699, 1.47, 2.38, 1.17, 767.21597
2016-02-22, 5, qiang_lie, 43.36, 46.70, 0.00, 46.70, 47.18, 47.97, 46.50, 90306.67, 425925794, 1.80, 3.15, 0.90, 1575.77705
2016-02-23, 4, gao_du, 43.47, 45.40, -2.78, 46.70, 46.71, 46.74, 44.60, 92622.42, 420537217, 1.85, 4.58, 0.85, 822.61205
2016-02-24, 4, gao_du, 43.49, 45.70, 0.66, 45.40, 45.22, 45.87, 44.46, 72718.45, 328036164, 1.45, 3.11, 0.66, 2803.06101
2016-02-25, 4, gao_du, 43.48, 41.30, -9.63, 45.70, 45.50, 45.60, 41.18, 111037.51, 480518932, 2.22, 9.67, 1.06, 893.45598
2016-02-26, 3, zhong_du, 43.46, 42.23, 2.25, 41.30, 41.90, 43.11, 41.66, 88797.8, 375558372, 1.77, 3.51, 0.97, 677.72007
2016-02-29, 3, zhong_du, 43.40, 40.40, -4.33, 42.23, 41.50, 41.70, 38.96, 85199.68, 341468664, 1.70, 6.49, 0.94, 1061.01108
2016-03-01, 2, qing_du, 43.36, 41.39, 2.45, 40.40, 40.02, 41.96, 39.40, 76489.88, 310226416, 1.53, 6.34, 0.85, 1408.06007
2016-03-02, 2, qing_du, 43.35, 42.98, 3.84, 41.39, 41.68, 43.79, 41.10, 76483.69, 327895303, 1.53, 6.50, 0.88, 1232.99718
2016-03-03, 2, qing_du, 43.35, 43.20, 0.51, 42.98, 43.06, 44.17, 42.68, 70321.49, 306061626, 1.40, 3.47, 0.80, 2509.22608
2016-03-04, 3, zhong_du, 43.34, 41.65, -3.59, 43.20, 43.02, 43.46, 41.18, 50125.27, 211786054, 1.00, 5.28, 0.63, 770.98894
2016-03-07, 3, zhong_du, 43.32, 40.95, -1.68, 41.65, 41.80, 43.04, 40.81, 59727.19, 250335315, 1.19, 5.35, 0.83, 637.25805
2016-03-08, 3, zhong_du, 43.29, 41.37, 1.03, 40.95, 40.99, 41.37, 39.38, 60447.03, 243010071, 1.21, 4.86, 0.91, 995.27001
2016-03-09, 3, zhong_du, 43.26, 42.00, 1.52, 41.37, 40.00, 42.76, 39.90, 76609.23, 321981002, 1.53, 6.91, 1.21, 862.0069
2016-03-10, 2, qing_du, 43.24, 40.90, -2.62, 42.00, 41.85, 42.30, 40.42, 50323.53, 206113756, 1.00, 4.48, 0.79, 596.92788
2016-03-11, 3, zhong_du, 43.23, 41.47, 1.39, 40.90, 40.60, 41.80, 40.10, 38669.24, 159981066, 0.77, 4.16, 0.65, 63942.03591
2016-03-14, 3, zhong_du, 43.22, 42.42, 2.29, 41.47, 41.91, 43.25, 41.80, 53254.39, 226853612, 1.06, 3.50, 0.93, 4214.13088
2016-03-15, 3, zhong_du, 43.21, 42.32, -0.24, 42.42, 42.25, 42.81, 41.81, 30112.34, 127387146, 0.60, 2.36, 0.54, 637.01606
2016-03-16, 2, qing_du, 43.21, 41.90, -0.99, 42.32, 42.67, 42.85, 41.38, 26745.27, 112582751, 0.53, 3.47, 0.54, 863.43718
2016-03-17, 2, qing_du, 43.20, 43.00, 2.63, 41.90, 41.88, 43.20, 41.83, 54110.46, 230949496, 1.08, 3.27, 1.36, 879.5259
2016-03-18, 2, qing_du, 43.21, 43.57, 1.33, 43.00, 43.30, 44.50, 43.00, 111077, 486361056, 2.22, 3.49, 2.74, 3187.68907
2016-03-21, 2, qing_du, 43.23, 43.50, -0.16, 43.57, 44.01, 44.65, 42.84, 219790.59, 954940113, 4.38, 4.15, 3.99, 680.26304
2016-03-22, 2, qing_du, 43.24, 43.70, 0.46, 43.50, 43.10, 43.95, 42.60, 120451.96, 520933483, 2.40, 3.10, 1.36, 2076.94602
2016-03-23, 3, zhong_du, 43.23, 43.03, -1.53, 43.70, 43.65, 44.07, 42.45, 89725.86, 387854555, 1.79, 3.71, 0.84, 3086.9081
2016-03-24, 2, qing_du, 43.23, 42.33, -1.63, 43.03, 42.50, 43.33, 42.20, 66170.75, 283332016, 1.32, 2.63, 0.56, 2769.09995
2016-03-25, 2, qing_du, 43.22, 42.60, 0.64, 42.33, 42.26, 43.05, 42.26, 38791.59, 165270857, 0.77, 1.87, 0.32, 2628.83592
2016-03-28, 2, qing_du, 43.23, 43.15, 1.29, 42.60, 42.79, 44.20, 42.74, 125017.31, 544447541, 2.49, 3.43, 1.17, 626.06788
2016-03-29, 2, qing_du, 43.23, 43.98, 1.92, 43.15, 43.15, 44.08, 42.63, 96304.81, 419310569, 1.92, 3.36, 1.09, 732.78809
2016-03-30, 2, qing_du, 43.27, 45.19, 2.75, 43.98, 44.28, 45.30, 43.60, 135214.75, 601594310, 2.70, 3.87, 1.63, 1208.09889
2016-03-31, 2, qing_du, 43.29, 44.39, -1.77, 45.19, 45.20, 45.28, 44.22, 81926.84, 365112010, 1.63, 2.35, 0.89, 1139.25815
2016-04-01, 3, zhong_du, 43.30, 43.81, -1.31, 44.39, 44.29, 44.60, 43.50, 51418.16, 225558318, 1.03, 2.48, 0.54, 1067.36708
2016-04-05, 3, zhong_du, 43.32, 44.88, 2.44, 43.81, 43.85, 45.01, 43.74, 67246.92, 299588242, 1.34, 2.90, 0.69, 490.05699
2016-04-06, 3, zhong_du, 43.34, 45.29, 0.91, 44.88, 44.66, 45.32, 44.46, 60317.24, 271049178, 1.20, 1.92, 0.70, 605.65901
2016-04-07, 3, zhong_du, 43.35, 44.09, -2.65, 45.29, 45.34, 45.46, 44.08, 55134.88, 246269511, 1.10, 3.05, 0.70, 1331.41804
2016-04-08, 3, zhong_du, 43.35, 43.56, -1.20, 44.09, 43.86, 43.90, 43.20, 43111.24, 187898166, 0.86, 1.59, 0.68, 1280.93314
2016-04-11, 2, qing_du, 43.37, 43.35, -0.48, 43.56, 44.04, 44.71, 43.20, 200501.79, 876293155, 4.00, 3.47, 3.62, 1504.812
2016-04-12, 2, qing_du, 43.37, 43.55, 0.46, 43.35, 43.60, 43.87, 43.38, 74093.95, 323312985, 1.48, 1.13, 0.87, 659.26099
2016-04-13, 2, qing_du, 43.38, 43.81, 0.60, 43.55, 43.69, 44.40, 43.44, 101498.18, 446892270, 2.02, 2.20, 1.17, 1622.34092
2016-04-14, 3, zhong_du, 43.40, 44.85, 2.37, 43.81, 43.86, 44.90, 43.71, 82866.85, 367151380, 1.65, 2.72, 0.87, 634.3112
2016-04-15, 3, zhong_du, 43.41, 44.61, -0.54, 44.85, 44.81, 44.91, 44.16, 61180.45, 272558417, 1.22, 1.67, 0.61, 2579.31709
2016-04-18, 4, gao_du, 43.42, 43.33, -2.87, 44.61, 44.38, 44.38, 43.31, 67422.19, 293888713, 1.34, 2.40, 0.65, 347.70799
2016-04-19, 4, gao_du, 43.42, 43.89, 1.29, 43.33, 43.55, 44.18, 42.98, 76539.5, 332914678, 1.53, 2.77, 0.99, 442.42215
2016-04-20, 4, gao_du, 43.42, 43.37, -1.18, 43.89, 43.91, 44.84, 42.00, 133073.8, 583149276, 2.65, 6.47, 1.71, 596.32707
2016-04-21, 3, zhong_du, 43.42, 43.25, -0.28, 43.37, 43.13, 44.24, 43.02, 48129.12, 210530958, 0.96, 2.81, 0.57, 610.13794
2016-04-22, 3, zhong_du, 43.42, 43.84, 1.36, 43.25, 42.80, 43.87, 42.60, 26061.36, 112664340, 0.52, 2.94, 0.34, 2752.07615
2016-04-25, 3, zhong_du, 43.45, 44.81, 2.21, 43.84, 43.90, 45.50, 43.86, 104084.48, 464538672, 2.08, 3.74, 1.48, 987.08487
2016-04-26, 4, gao_du, 43.47, 45.06, 0.56, 44.81, 44.75, 45.35, 44.62, 50317.24, 226599575, 1.00, 1.63, 0.65, 527.48299
2016-04-27, 5, qiang_lie, 43.50, 45.86, 1.78, 45.06, 45.10, 46.51, 45.10, 81117.75, 373285546, 1.62, 3.13, 1.12, 1407.30786
2016-04-28, 5, qiang_lie, 43.54, 45.85, -0.02, 45.86, 46.49, 46.50, 45.04, 74387.39, 340432662, 1.48, 3.18, 1.20, 619.91
2016-04-29, 5, qiang_lie, 43.60, 46.79, 2.05, 45.85, 46.08, 47.15, 45.91, 101224.65, 470594019, 2.02, 2.70, 1.51, 567.22593
2016-05-03, 5, qiang_lie, 43.77, 49.98, 6.82, 46.79, 46.51, 50.30, 46.43, 163711.32, 801972895, 3.27, 8.27, 1.99, 533.03289
2016-05-04, 5, qiang_lie, 43.87, 48.79, -2.38, 49.98, 49.82, 50.40, 48.70, 89455.38, 443578796, 1.78, 3.40, 0.95, 409.52301
2016-05-05, 5, qiang_lie, 43.93, 49.10, 0.64, 48.79, 48.61, 49.79, 48.59, 60049.91, 294942013, 1.20, 2.46, 0.59, 495.13197
2016-05-06, 5, qiang_lie, 44.01, 47.00, -4.28, 49.10, 49.00, 49.60, 46.75, 92143.84, 441776925, 1.84, 5.80, 0.94, 447.33
2016-05-09, 5, qiang_lie, 44.07, 47.09, 0.19, 47.00, 46.90, 48.35, 45.68, 100906.07, 476113054, 2.01, 5.68, 1.00, 624.30215
2016-05-10, 4, gao_du, 44.14, 48.77, 3.57, 47.09, 47.09, 49.27, 46.50, 92372.75, 446553143, 1.84, 5.88, 0.91, 2095.62206
2016-05-11, 4, gao_du, 44.29, 50.50, 3.55, 48.77, 48.89, 51.77, 48.66, 122791.6, 621907680, 2.45, 6.38, 1.41, 673.14887
2016-05-12, 5, qiang_lie, 44.40, 50.27, -0.46, 50.50, 49.81, 51.38, 49.00, 87142.28, 435855693, 1.74, 4.71, 0.93, 619.99488
2016-05-13, 5, qiang_lie, 44.50, 48.60, -3.32, 50.27, 50.00, 50.70, 48.40, 103202.03, 508415849, 2.06, 4.58, 1.04, 2667.21511
2016-05-16, 5, qiang_lie, 44.55, 49.35, 1.54, 48.60, 48.11, 49.35, 48.11, 65810.35, 322163586, 1.31, 2.55, 0.65, 1540.8361
2016-05-17, 5, qiang_lie, 44.64, 49.58, 0.47, 49.35, 49.35, 50.67, 48.38, 83874.9, 414539275, 1.67, 4.64, 0.89, 838.67407
2016-05-18, 5, qiang_lie, 44.70, 48.00, -3.19, 49.58, 49.19, 49.19, 47.50, 81475.86, 390655418, 1.63, 3.41, 0.88, 1768.87393
2016-05-19, 5, qiang_lie, 44.72, 47.80, -0.42, 48.00, 47.71, 48.66, 47.71, 40602.32, 195612805, 0.81, 1.98, 0.48, 3578.00007
2016-05-20, 4, gao_du, 44.76, 48.75, 1.99, 47.80, 47.50, 48.80, 47.13, 47637.91, 229698914, 0.95, 3.49, 0.64, 2619.766
2016-05-23, 4, gao_du, 44.83, 50.05, 2.67, 48.75, 49.10, 50.50, 49.00, 68946.6, 342619442, 1.38, 3.08, 1.08, 6128.07393
2016-05-24, 5, qiang_lie, 44.92, 50.28, 0.46, 50.05, 49.98, 51.50, 49.60, 86684.65, 437516883, 1.73, 3.80, 1.34, 2813.59196
2016-05-25, 5, qiang_lie, 45.01, 50.00, -0.56, 50.28, 50.10, 51.71, 49.71, 79812.99, 405140022, 1.59, 3.98, 1.24, 765.76185
2016-05-26, 5, qiang_lie, 45.08, 51.29, 2.58, 50.00, 49.82, 51.44, 48.27, 67337.92, 334065987, 1.34, 6.34, 1.04, 3277.36402
2016-05-27, 5, qiang_lie, 45.15, 50.75, -1.05, 51.29, 50.80, 52.10, 50.50, 58082.98, 297088677, 1.16, 3.12, 0.90, 1712.43596
2016-05-30, 5, qiang_lie, 45.25, 48.16, -5.10, 50.75, 50.12, 50.12, 47.88, 133551.81, 649036001, 2.66, 4.41, 2.07, 507.6561
2016-05-31, 5, qiang_lie, 45.35, 49.64, 3.07, 48.16, 48.15, 49.75, 48.01, 128975.25, 631027768, 2.57, 3.61, 2.00, 3167.98615
2016-06-01, 5, qiang_lie, 45.44, 50.65, 2.03, 49.64, 50.00, 51.10, 49.83, 91046.24, 459435370, 1.82, 2.56, 1.41, 1175.61817
2016-06-02, 5, qiang_lie, 45.40, 49.88, -1.52, 50.65, 50.70, 50.82, 49.40, 91179.12, 454167398, 1.14, 2.80, 1.41, 819.17191
2016-06-03, 5, qiang_lie, 45.55, 49.93, 0.10, 49.88, 49.72, 50.28, 48.88, 84500.37, 418868791, 1.05, 2.81, 1.31, 1569.32807
2016-06-06, 5, qiang_lie, 45.64, 50.47, 1.08, 49.93, 50.11, 50.90, 49.70, 93894.14, 473060058, 1.17, 2.40, 1.46, 872.62797
2016-06-07, 5, qiang_lie, 28.33, 30.79, -1.60, 31.29, 31.28, 31.28, 30.50, 96025.62, 295245664, 1.20, 2.49, 1.49, 4584.18918
2016-06-08, 4, gao_du, 28.35, 29.92, -2.83, 30.79, 30.80, 30.81, 29.77, 114048.98, 343962603, 1.42, 3.38, 1.77, 1550.64392
2016-06-13, 3, zhong_du, 28.37, 29.25, -2.24, 29.92, 29.58, 30.18, 29.06, 113265.26, 335633352, 1.41, 3.74, 1.76, 760.777
2016-06-14, 3, zhong_du, 28.38, 29.40, 0.51, 29.25, 29.15, 29.70, 29.15, 52254.68, 153559463, 0.65, 1.88, 0.81, 1543.71119
2016-06-15, 3, zhong_du, 28.40, 30.06, 2.24, 29.40, 29.38, 30.33, 29.11, 105234.28, 315116893, 1.31, 4.15, 1.63, 4976.67289
2016-06-16, 3, zhong_du, 28.41, 29.64, -1.40, 30.06, 30.00, 30.25, 29.40, 105049.69, 312158121, 1.31, 2.83, 1.63, 3759.84597
2016-06-17, 3, zhong_du, 28.43, 29.92, 0.94, 29.64, 29.61, 30.38, 29.38, 106373.24, 319991326, 1.33, 3.37, 1.65, 4356.10914
2016-06-20, 3, zhong_du, 28.45, 29.36, -1.87, 29.92, 29.80, 29.92, 29.17, 106941.39, 314298495, 1.33, 2.51, 1.66, 26484.03215
2016-06-21, 3, zhong_du, 28.46, 29.14, -0.75, 29.36, 29.50, 29.77, 28.90, 109658.63, 321949616, 1.37, 2.96, 1.70, 2276.64304
2016-06-22, 2, qing_du, 28.47, 29.47, 1.13, 29.14, 28.97, 29.59, 28.97, 80434.99, 236209534, 1.00, 2.13, 1.25, 896.0979
2016-06-23, 2, qing_du, 28.48, 29.88, 1.39, 29.47, 29.50, 30.14, 29.32, 99387.66, 295606618, 1.24, 2.78, 1.54, 1523.03505
2016-06-24, 2, qing_du, 28.50, 29.99, 0.37, 29.88, 29.88, 30.20, 29.16, 102930.66, 307151294, 1.28, 3.48, 1.60, 1808.40993
2016-06-27, 2, qing_du, 28.52, 30.50, 1.70, 29.99, 29.88, 30.51, 29.68, 98514.08, 298222092, 1.23, 2.77, 1.54, 761.971
2016-06-28, 3, zhong_du, 28.59, 31.45, 3.11, 30.50, 30.45, 31.84, 30.26, 189921.13, 593786881, 2.37, 5.18, 2.94, 2864.223
2016-06-30, 4, gao_du, 28.69, 31.40, -0.41, 31.53, 31.60, 32.11, 31.28, 93974.83, 298038418, 1.17, 2.63, 1.46, 2783.13684
2016-07-01, 4, gao_du, 28.72, 31.73, 1.05, 31.40, 31.52, 32.18, 31.40, 87888.29, 279586536, 1.10, 2.48, 1.36, 1196.97189
2016-07-04, 5, qiang_lie, 28.78, 32.64, 2.87, 31.73, 31.67, 32.97, 31.60, 125448.53, 409191055, 1.56, 4.32, 1.94, 2763.98516
2016-07-05, 5, qiang_lie, 28.84, 32.18, -1.41, 32.64, 32.63, 33.10, 32.00, 121124.7, 391946425, 1.51, 3.37, 1.88, 2722.50605
2016-07-06, 5, qiang_lie, 28.89, 32.73, 1.71, 32.18, 32.00, 32.80, 31.59, 129322.13, 416447402, 1.61, 3.76, 2.00, 18379.01211
2016-07-07, 5, qiang_lie, 28.94, 32.52, -0.64, 32.73, 32.50, 33.09, 32.35, 110631.94, 361371633, 1.38, 2.26, 1.72, 3554.72398
2016-07-08, 5, qiang_lie, 28.97, 32.06, -1.41, 32.52, 32.36, 32.59, 32.01, 69312.73, 223394395, 0.86, 1.78, 1.07, 2104.7101
2016-07-11, 5, qiang_lie, 29.01, 31.63, -1.34, 32.06, 31.95, 32.24, 31.60, 114177.77, 364112929, 1.42, 2.00, 1.77, 16396.47007
2016-07-12, 5, qiang_lie, 29.07, 32.57, 2.97, 31.63, 31.63, 32.64, 31.18, 136231.5, 435598520, 1.70, 4.62, 2.13, 15282.20296
2016-07-13, 5, qiang_lie, 29.11, 32.29, -0.89, 32.58, 32.89, 32.97, 32.15, 99966.6, 325160001, 1.25, 2.52, 1.55, 749.13716
2016-07-14, 5, qiang_lie, 29.21, 33.36, 3.31, 32.29, 32.26, 33.65, 32.03, 198837.56, 658636157, 2.48, 5.02, 3.08, 357.98287
2016-07-15, 5, qiang_lie, 29.25, 33.43, 0.21, 33.36, 33.32, 33.66, 33.09, 82991.92, 276538067, 1.03, 1.71, 1.29, 851.68695
2016-07-18, 5, qiang_lie, 29.33, 33.84, 1.23, 33.43, 33.30, 34.76, 33.12, 142604.45, 484999612, 1.78, 4.91, 2.21, 4418.30707
2016-07-19, 5, qiang_lie, 29.38, 33.43, -1.21, 33.84, 34.29, 34.29, 33.05, 98624.83, 330830698, 1.23, 3.66, 1.53, 2595.54195
2016-07-20, 5, qiang_lie, 29.38, 33.41, -0.06, 33.43, 33.43, 33.97, 33.20, 66057.64, 221614127, 0.82, 2.30, 1.03, 575.82116
2016-07-21, 5, qiang_lie, 29.45, 33.56, 0.48, 33.40, 33.20, 33.89, 33.11, 68344.92, 229231215, 0.85, 2.34, 1.06, 3045.52412
2016-07-22, 5, qiang_lie, 29.70, 35.45, 5.63, 33.56, 35.91, 36.91, 34.80, 317976.45, 1137859874, 3.96, 6.29, 4.93, 678.53498
2016-07-25, 5, qiang_lie, 29.91, 37.00, 4.37, 35.45, 35.40, 37.88, 35.13, 240184.76, 885647243, 2.99, 7.76, 3.72, 18050.25601
2016-07-26, 5, qiang_lie, 30.07, 37.90, 2.43, 37.00, 36.78, 38.05, 36.31, 174235.51, 647223231, 2.17, 4.70, 2.70, 718.48488
2016-07-27, 5, qiang_lie, 30.32, 37.30, -1.58, 37.90, 37.88, 38.67, 36.58, 259546.62, 974987213, 3.24, 5.51, 4.02, 19989.7058
2016-07-28, 5, qiang_lie, 30.62, 39.10, 4.83, 37.30, 37.30, 39.81, 37.00, 292987.26, 1137531660, 3.65, 7.53, 4.54, 915.88902
2016-07-29, 5, qiang_lie, 30.76, 38.41, -1.76, 39.10, 38.80, 39.16, 38.20, 139444.2, 538145675, 1.74, 2.46, 2.16, 14511.73711
2016-08-01, 5, qiang_lie, 30.88, 36.72, -4.40, 38.41, 38.10, 38.10, 36.61, 150946.97, 560001378, 1.88, 3.88, 2.34, 5935.30893
2016-08-02, 5, qiang_lie, 30.98, 37.33, 1.66, 36.72, 36.99, 37.63, 36.50, 124600.91, 461727076, 1.55, 3.08, 1.93, 19945.97387
2016-08-03, 5, qiang_lie, 31.20, 39.11, 4.77, 37.33, 37.30, 39.62, 36.88, 235836.32, 909759363, 2.94, 7.34, 3.25, 2579.42796
2016-08-04, 5, qiang_lie, 31.34, 38.47, -1.64, 39.11, 38.68, 39.35, 38.09, 149222, 576496663, 1.86, 3.22, 1.44, 14518.52798
2016-08-05, 5, qiang_lie, 31.46, 38.72, 0.65, 38.47, 38.23, 39.40, 38.23, 134060.78, 520790379, 1.67, 3.04, 1.07, 2569.73791
2016-08-08, 5, qiang_lie, 31.62, 39.02, 0.77, 38.72, 38.38, 39.50, 37.61, 175626.12, 682420710, 2.19, 4.88, 1.23, 3187.289
2016-08-09, 5, qiang_lie, 31.79, 39.69, 1.72, 39.02, 39.02, 40.11, 38.61, 171886.93, 680098220, 2.14, 3.84, 1.05, 18478.72901
2016-08-10, 5, qiang_lie, 32.00, 40.47, 1.97, 39.69, 39.30, 40.96, 39.08, 201976.26, 815275058, 2.52, 4.74, 1.17, 6184.65495
2016-08-11, 5, qiang_lie, 32.15, 38.75, -4.25, 40.47, 40.30, 40.78, 38.71, 166438.97, 659136346, 2.08, 5.11, 1.00, 1404.43897
2016-08-15, 5, qiang_lie, 32.45, 38.45, 0.65, 38.20, 38.00, 38.66, 37.80, 191575.8, 732792861, 2.39, 2.25, 1.05, 619.86399
2016-08-16, 5, qiang_lie, 32.55, 38.15, -0.78, 38.45, 38.38, 38.85, 38.07, 138821.05, 532060147, 1.73, 2.03, 0.74, 641.64186
2016-08-17, 5, qiang_lie, 32.69, 38.74, 1.55, 38.15, 38.15, 39.33, 38.01, 179282.06, 694699844, 2.24, 3.46, 0.99, 14498.12603
2016-08-18, 5, qiang_lie, 32.83, 37.59, -2.97, 38.74, 38.47, 38.47, 37.30, 224426.39, 846351157, 2.80, 3.02, 1.28, 15779.23489
2016-08-19, 5, qiang_lie, 32.90, 37.55, -0.11, 37.59, 37.80, 38.17, 37.45, 112689.02, 425250297, 1.41, 1.92, 0.61, 513.64493
2016-08-22, 5, qiang_lie, 33.04, 38.67, 3.04, 37.53, 37.75, 38.86, 37.37, 203548.43, 781503877, 2.54, 3.97, 1.20, 630.01418
2016-08-23, 5, qiang_lie, 33.14, 38.81, 0.36, 38.67, 38.58, 39.30, 38.33, 141036.96, 548553851, 1.76, 2.51, 0.83, 1604.49386
2016-08-24, 5, qiang_lie, 33.21, 37.91, -2.32, 38.81, 38.65, 38.99, 37.80, 110480.61, 423457451, 1.38, 3.07, 0.64, 3232.52296
2016-08-25, 5, qiang_lie, 33.25, 37.48, -1.13, 37.91, 37.70, 37.70, 37.12, 76791.11, 287088213, 0.96, 1.53, 0.48, 742.42687
2016-08-26, 5, qiang_lie, 33.31, 37.83, 0.93, 37.48, 37.60, 38.55, 37.43, 94725, 360138193, 1.18, 2.99, 0.73, 641.20388
2016-08-29, 5, qiang_lie, 33.47, 39.49, 4.39, 37.83, 38.55, 39.98, 38.55, 217560.68, 856526565, 2.71, 3.78, 1.74, 2686.40494
2016-08-30, 5, qiang_lie, 33.55, 39.40, -0.23, 39.49, 39.10, 40.00, 39.08, 109278.17, 430474892, 1.36, 2.33, 0.85, 532.95207
2016-08-31, 5, qiang_lie, 33.60, 39.30, -0.25, 39.40, 39.38, 39.69, 39.10, 93339.89, 366977911, 1.16, 1.50, 0.77, 690.42516
2016-09-01, 5, qiang_lie, 33.68, 39.27, -0.08, 39.30, 39.40, 39.60, 38.91, 89503.44, 351894577, 1.12, 1.76, 0.76, 614.78496
2016-09-02, 5, qiang_lie, 33.68, 37.50, -4.51, 39.27, 39.13, 39.23, 37.40, 244434.19, 925858946, 3.05, 4.66, 2.07, 4229.88892
2016-09-05, 5, qiang_lie, 33.68, 37.61, 0.29, 37.50, 37.65, 37.95, 37.30, 79448.09, 298575368, 0.99, 1.73, 0.67, 562.44087
2016-09-06, 5, qiang_lie, 33.68, 39.36, -0.10, 39.40, 39.38, 39.69, 39.10, 29816.3, 117266648, 0.37, 1.50, 1.37, 5782.64785
2016-09-07, 4, gao_du, 33.68, 39.36, -0.10, 39.40, 39.38, 39.69, 39.10, 29816.3, 117266648, 0.37, 1.50, 1.37, 549.73507
2016-09-08, 4, gao_du, 33.68, 37.23, -0.45, 37.40, 37.40, 37.40, 37.00, 83370.78, 309610704, 1.04, 1.07, 0.70, 18130.46908
2016-09-09, 4, gao_du, 33.68, 37.32, 0.24, 37.23, 37.35, 37.69, 37.21, 69597.25, 260130521, 0.87, 1.29, 0.59, 18243.16812
2016-09-12, 3, zhong_du, 33.68, 35.66, -4.45, 37.32, 36.53, 36.96, 35.60, 168230.04, 609243508, 2.10, 3.64, 1.42, 2539.37006
2016-09-13, 2, qing_du, 33.68, 36.04, 1.07, 35.66, 36.00, 36.28, 35.80, 70557.82, 254090107, 0.88, 1.35, 0.60, 802.56295
2016-09-14, 1, wei_ruo, 33.68, 39.36, -0.10, 39.40, 39.38, 39.69, 39.10, 29816.3, 117266648, 0.37, 1.50, 1.37, 606.7822
2016-09-19, 1, wei_ruo, 33.68, 36.27, 2.31, 35.45, 35.45, 36.38, 35.45, 63111.9, 227127858, 0.79, 2.62, 0.53, 1756.83689
2016-09-20, 1, wei_ruo, 33.68, 36.57, 0.83, 36.27, 36.27, 36.88, 36.02, 55577.33, 203151575, 0.69, 2.37, 0.47, 511.67417
2016-09-21, 1, wei_ruo, 33.68, 36.37, -0.55, 36.57, 36.33, 36.75, 36.30, 44807.55, 163662399, 0.56, 1.23, 0.38, 2461.50994
2016-09-22, 1, wei_ruo, 33.68, 36.82, 1.24, 36.37, 36.47, 37.32, 36.47, 91802.18, 339167278, 1.14, 2.34, 0.78, 555.22609
2016-09-23, 1, wei_ruo, 33.68, 36.65, -0.46, 36.82, 36.80, 37.28, 36.63, 55071.15, 203796962, 0.69, 1.77, 0.47, 3721.3769
2016-09-26, 1, wei_ruo, 33.68, 36.01, -1.69, 36.63, 36.45, 36.80, 35.83, 61681.03, 222925233, 0.77, 2.65, 0.52, 1861.96804
2016-09-27, 1, wei_ruo, 33.68, 36.03, 0.06, 36.01, 36.01, 36.08, 35.40, 44006.93, 157254612, 0.55, 1.89, 0.37, 633.27122
2016-09-28, 1, wei_ruo, 33.68, 36.26, 0.64, 36.03, 36.06, 36.26, 35.75, 33988.89, 122229091, 0.42, 1.42, 0.29, 633.18205
2016-09-29, 1, wei_ruo, 33.68, 37.01, 2.07, 36.26, 36.23, 37.20, 36.18, 80991.01, 299158312, 1.01, 2.81, 0.68, 6379.17089
2016-09-30, 1, wei_ruo, 33.68, 37.58, 1.54, 37.01, 36.82, 37.73, 36.82, 85768.16, 321295850, 1.07, 2.46, 0.72, 681.38099
2016-10-10, 1, wei_ruo, 33.68, 37.79, 0.56, 37.58, 37.88, 37.89, 37.40, 92608.81, 348919317, 1.15, 1.30, 0.78, 563.2019
2016-10-11, 2, qing_du, 33.68, 37.86, 0.19, 37.79, 37.70, 38.00, 37.37, 62450.77, 235301127, 0.78, 1.67, 0.53, 3219.136
2016-10-12, 2, qing_du, 33.68, 37.90, 0.11, 37.86, 37.94, 38.39, 37.77, 61157.73, 232845243, 0.76, 1.64, 0.52, 410.496
2016-10-13, 2, qing_du, 33.68, 37.35, -1.45, 37.90, 37.94, 38.19, 37.32, 54373.2, 204218568, 0.68, 2.30, 0.46, 24485.35705
2016-10-14, 2, qing_du, 34.39, 37.57, 0.59, 37.35, 37.19, 37.68, 37.15, 37491.56, 140212129, 0.47, 1.42, 0.32, 3547.85109
2016-10-17, 2, qing_du, 34.41, 37.28, -0.77, 37.57, 37.55, 37.70, 37.20, 25801.99, 96333959, 0.32, 1.33, 0.44, 4405.25913
2016-10-18, 2, qing_du, 34.43, 37.28, -0.77, 37.57, 37.55, 37.70, 37.20, 25801.99, 96333959, 0.32, 1.33, 0.44, 1514.65511
2016-10-19, 1, wei_ruo, 34.45, , , , , , , , , , , , 489.6791
2016-10-20, 1, wei_ruo, 34.47, 36.30, -0.30, 36.41, 36.43, 36.68, 36.10, 67802.34, 246840696, 0.84, 1.59, 0.61, 2571.73014
2016-10-21, 1, wei_ruo, 34.48, 36.14, -0.44, 36.30, 36.30, 36.43, 35.88, 68081.89, 245472231, 0.85, 1.52, 0.85, 6131.14095
2016-10-24, 1, wei_ruo, 34.52, 37.36, 3.32, 36.16, 36.10, 37.36, 36.06, 116194.22, 429368295, 1.45, 3.60, 1.60, 599.27607
2016-10-25, 1, wei_ruo, 34.54, 37.14, -0.59, 37.36, 37.28, 37.43, 36.95, 53519.97, 198683378, 0.67, 1.28, 0.73, 663.1
2016-10-26, 1, wei_ruo, 34.56, 37.22, 0.22, 37.14, 37.16, 37.56, 36.80, 57008.42, 212209678, 0.71, 2.05, 0.78, 517.555
2016-10-27, 1, wei_ruo, 34.58, 36.39, -2.23, 37.22, 37.00, 37.10, 36.20, 80301.4, 292907019, 1.00, 2.42, 1.11, 680.86195
2016-10-28, 1, wei_ruo, 34.58, 36.15, -0.63, 36.38, 36.31, 36.59, 36.15, 43699.27, 158615234, 0.54, 1.21, 0.60, 4551.22304
2016-10-31, 1, wei_ruo, 34.59, 36.26, 0.30, 36.15, 36.10, 36.35, 35.93, 48024, 173616700, 0.60, 1.16, 0.66, 883.76403
2016-11-01, 1, wei_ruo, 34.61, 36.75, 1.30, 36.28, 36.28, 36.86, 36.04, 57674.21, 210618617, 0.72, 2.26, 0.79, 528.69606
2016-11-02, 1, wei_ruo, 34.62, 36.43, -0.87, 36.75, 36.80, 36.96, 36.30, 53650.83, 196390378, 0.67, 1.80, 0.74, 478.89304
2016-11-03, 1, wei_ruo, 34.63, 36.31, -0.36, 36.44, 36.25, 36.57, 36.19, 35128.98, 127751770, 0.44, 1.04, 0.48, 837.21399
2016-11-04, 1, wei_ruo, 34.64, 36.20, -0.30, 36.31, 36.31, 36.64, 36.11, 38100.59, 138471334, 0.47, 1.46, 0.52, 510.50997
2016-11-07, 1, wei_ruo, 34.65, 35.37, -2.29, 36.20, 36.21, 36.27, 35.30, 99610.01, 354964094, 1.24, 2.68, 1.38, 962.41903
2016-11-08, 1, wei_ruo, 34.66, 35.95, 1.64, 35.37, 35.60, 36.06, 35.50, 66848.64, 240312722, 0.83, 1.58, 0.92, 367.02704
2016-11-09, 1, wei_ruo, 34.67, 35.92, -0.19, 35.99, 35.90, 36.10, 35.62, 37690.33, 135440387, 0.47, 1.33, 0.51, 563.57217
2016-11-10, 1, wei_ruo, 34.68, 36.45, 1.48, 35.92, 36.10, 36.52, 36.10, 50434.35, 183442983, 0.63, 1.17, 0.69, 2363.92593
2016-11-11, 1, wei_ruo, 34.69, 35.98, -1.40, 36.49, 36.47, 36.59, 35.81, 49964.07, 180149155, 0.62, 2.14, 0.68, 18678.94912
2016-11-14, 1, wei_ruo, 34.69, 35.65, -0.92, 35.98, 35.97, 35.97, 35.50, 66162.08, 236166965, 0.82, 1.31, 0.91, 441.48993
2016-11-15, 1, wei_ruo, 34.70, 35.73, 0.25, 35.64, 35.65, 35.86, 35.45, 21431.11, 76467647, 0.27, 1.15, 0.59, 495.996
2016-11-16, 1, wei_ruo, 34.71, 35.82, -0.06, 35.84, 35.84, 36.10, 35.80, 27542.62, 98961136, 0.34, 0.84, 0.75, 447.60394
2016-11-17, 1, wei_ruo, 34.71, 35.82, -0.06, 35.84, 35.84, 36.10, 35.80, 27542.62, 98961136, 0.34, 0.84, 0.75, 536.55291
2016-11-18, 1, wei_ruo, 34.72, 35.82, -0.06, 35.84, 35.84, 36.10, 35.80, 27542.62, 98961136, 0.34, 0.84, 0.75, 554.67701
2016-11-21, 1, wei_ruo, 34.72, 35.38, -0.20, 35.45, 35.45, 35.64, 35.21, 49251.48, 174380257, 0.61, 1.21, 0.67, 329.66018
2016-11-22, 1, wei_ruo, 34.72, 35.17, -0.59, 35.38, 35.39, 35.44, 34.99, 85582.84, 301237281, 1.06, 1.27, 1.17, 761.99698
2016-11-23, 1, wei_ruo, 34.73, 35.35, 0.51, 35.17, 35.17, 35.37, 35.00, 72977, 256827305, 0.91, 1.05, 1.00, 489.32505
2016-11-24, 1, wei_ruo, 34.73, 35.09, -0.74, 35.35, 35.30, 35.31, 34.94, 62521.52, 219246924, 0.78, 1.05, 0.86, 648.422
2016-11-25, 1, wei_ruo, 34.73, 34.98, -0.29, 35.08, 35.10, 35.20, 34.45, 60746.72, 210682458, 0.76, 2.14, 0.84, 597.77689
2016-11-28, 1, wei_ruo, 34.74, 35.74, 2.17, 34.98, 35.12, 35.90, 34.99, 111610.18, 396869421, 1.39, 2.60, 1.54, 468.02115
2016-11-29, 1, wei_ruo, 34.76, 35.95, 0.62, 35.73, 35.70, 36.28, 35.55, 101841.36, 367510447, 1.27, 2.04, 1.40, 325.74391
2016-11-30, 1, wei_ruo, 34.76, 35.62, -0.92, 35.95, 36.00, 36.08, 35.51, 40874.58, 145802819, 0.51, 1.59, 0.56, 446.78211
2016-12-01, 1, wei_ruo, 34.77, 35.50, -0.28, 35.60, 35.88, 35.88, 35.33, 44447.77, 157663107, 0.55, 1.54, 0.61, 2421.31495
2016-12-02, 1, wei_ruo, 34.77, 34.89, -1.72, 35.50, 35.36, 35.49, 34.85, 44811.08, 157094024, 0.56, 1.80, 0.61, 784.70898
2016-12-05, 1, wei_ruo, 34.77, 35.06, 0.49, 34.89, 34.70, 35.47, 34.60, 35302.02, 124138765, 0.44, 2.49, 0.49, 1041.17918
2016-12-06, 1, wei_ruo, 34.77, 35.35, 0.86, 35.05, 35.05, 35.47, 35.02, 25686.25, 90615432, 0.32, 1.28, 0.35, 918.86401
2016-12-07, 1, wei_ruo, 34.78, 35.60, 0.71, 35.35, 35.35, 35.73, 35.16, 34092.84, 121128083, 0.42, 1.61, 0.47, 484.94101
2016-12-08, 1, wei_ruo, 34.78, 35.78, 0.51, 35.60, 35.75, 36.12, 35.55, 59342.95, 212918647, 0.74, 1.60, 0.81, 1030.17282
2016-12-09, 1, wei_ruo, 34.79, 35.43, -0.98, 35.78, 35.78, 36.11, 35.40, 48603.52, 174163486, 0.60, 1.98, 0.66, 670.35794
2016-12-12, 1, wei_ruo, 34.79, 34.26, -3.30, 35.43, 35.43, 35.45, 33.88, 83028.67, 285223478, 1.03, 4.43, 1.13, 432.79505
2016-12-13, 1, wei_ruo, 34.78, 34.30, 0.12, 34.26, 34.02, 34.42, 33.95, 44272.96, 151477872, 0.55, 1.37, 0.60, 695.77098
2016-12-14, 1, wei_ruo, 34.78, 34.19, -0.32, 34.30, 34.20, 34.44, 34.02, 29933.05, 102481223, 0.37, 1.22, 0.41, 473.77491
2016-12-15, 1, wei_ruo, 34.78, 34.03, -0.47, 34.19, 34.06, 34.38, 33.88, 30754.8, 104858827, 0.38, 1.46, 0.42, 848.57988
2016-12-16, 1, wei_ruo, 34.78, 35.00, 2.85, 34.03, 34.00, 35.06, 33.91, 48074.72, 166939557, 0.60, 3.38, 0.66, 537.01806
2016-12-19, 1, wei_ruo, 34.78, 35.61, 1.74, 35.00, 35.00, 35.85, 34.81, 61542.53, 218895217, 0.77, 2.97, 0.84, 600.87609
2016-12-20, 1, wei_ruo, 34.79, 35.62, 0.03, 35.61, 35.59, 35.63, 35.02, 37113.03, 131023877, 0.46, 1.71, 0.51, 569.26203
2016-12-21, 1, wei_ruo, 34.79, 35.57, -0.14, 35.62, 35.69, 35.82, 35.36, 31051.8, 110323961, 0.39, 1.29, 0.42, 522.14909
2016-12-22, 1, wei_ruo, 34.79, 35.68, 0.31, 35.57, 35.60, 35.76, 35.21, 35562.38, 126258249, 0.44, 1.55, 0.49, 542.95993
2016-12-23, 1, wei_ruo, 34.79, 35.12, -1.57, 35.68, 35.68, 35.68, 35.11, 21314.43, 75216347, 0.27, 1.60, 0.29, 410.50887
2016-12-26, 1, wei_ruo, 34.80, 35.75, 1.79, 35.12, 35.12, 35.90, 34.96, 47101.48, 167753988, 0.59, 2.68, 0.64, 641.38699
2016-12-27, 1, wei_ruo, 34.80, 35.45, -0.84, 35.75, 35.61, 36.10, 35.30, 49272.56, 175853066, 0.61, 2.24, 0.67, 528.45192
2016-12-28, 2, qing_du, 34.81, 35.29, -0.45, 35.45, 35.36, 35.52, 35.25, 21291.24, 75273032, 0.26, 0.76, 0.29, 518.56208
2016-12-30, 1, wei_ruo, 34.81, 35.75, 2.14, 35.00, 34.94, 35.89, 34.94, 71035.97, 252773183, 0.88, 2.71, 0.97, 886.31201
2017-01-04, 2, qing_du, 34.83, 35.83, 0.08, 35.80, 35.79, 36.20, 35.49, 58072.12, 208311415, 0.72, 1.98, 0.79, 570.23096
2017-01-05, 3, zhong_du, 34.84, 36.00, 0.47, 35.83, 35.71, 36.36, 35.66, 62189.95, 224210129, 0.77, 1.95, 0.85, 558.19798
2017-01-10, 3, zhong_du, 34.85, 35.49, 0.25, 35.40, 35.40, 35.50, 35.29, 27554.12, 97552099, 0.34, 0.59, 0.38, 2034.47795
2017-01-11, 3, zhong_du, 34.85, 35.47, 0.20, 35.40, 35.40, 35.50, 35.29, 14585.24, 51629897, 0.18, 0.59, 0.40, 583.4372
2017-01-13, 2, qing_du, 34.85, 34.00, -1.88, 34.65, 34.75, 34.86, 33.98, 39785.01, 136502846, 0.49, 2.54, 0.54, 558.92587
2017-01-16, 1, wei_ruo, 34.84, 35.47, 0.20, 35.40, 35.40, 35.50, 35.29, 14585.24, 51629897, 0.18, 0.59, 0.40, 542.9008
2017-01-17, 1, wei_ruo, 34.83, 33.53, 0.60, 33.33, 33.29, 33.85, 33.22, 37527.62, 125813838, 0.47, 1.89, 0.51, 587.93998
2017-01-18, 1, wei_ruo, 34.82, 33.44, -0.27, 33.53, 33.55, 33.81, 33.43, 36616.82, 123200550, 0.46, 1.13, 0.50, 2678.81799
2017-02-07, 2, qing_du, 34.80, 34.82, 0.20, 34.75, 34.97, 35.13, 34.80, 18213.76, 63677928, 0.23, 0.95, 0.55, 2642.67302
2017-02-08, 2, qing_du, 34.80, 34.92, 0.49, 34.75, 34.97, 35.13, 34.76, 28667.57, 100118423, 0.36, 1.06, 0.39, 784.16991
2017-02-09, 2, qing_du, 34.80, 35.06, 0.40, 34.92, 34.92, 35.23, 34.81, 57941.5, 202970485, 0.72, 1.20, 0.79, 487.28514
2017-02-10, 3, zhong_du, 34.80, 34.69, -1.06, 35.06, 35.20, 35.20, 34.48, 49589.71, 172015710, 0.62, 2.05, 0.68, 560.29987
2017-02-14, 3, zhong_du, 34.81, 35.15, -0.93, 35.48, 35.44, 35.46, 35.01, 46603.69, 163867132, 0.58, 1.27, 0.64, 628.00193
2017-02-16, 3, zhong_du, 34.82, 35.62, 0.56, 35.42, 35.51, 35.98, 35.35, 61627.55, 219675424, 0.77, 1.78, 0.84, 756.23202
2017-02-17, 3, zhong_du, 34.82, 35.07, -1.54, 35.62, 35.49, 35.73, 34.90, 42939.96, 151098950, 0.53, 2.33, 0.59, 496.61088
2017-02-20, 3, zhong_du, 34.83, 35.07, -1.54, 35.62, 35.49, 35.73, 34.90, 42939.96, 151098950, 0.53, 2.33, 0.59, 611.81116
2017-02-21, 3, zhong_du, 34.83, 35.07, -1.54, 35.62, 35.49, 35.73, 34.90, 42939.96, 151098950, 0.53, 2.33, 0.59, 835.55698
2017-02-24, 4, gao_du, 34.88, 36.84, 2.88, 35.81, 35.98, 37.28, 35.97, 104483.4, 384537702, 1.30, 3.66, 7.78, 1159.79505
2017-02-27, 4, gao_du, 34.91, 36.79, 0.99, 36.43, 36.28, 37.13, 36.15, 145896.7, 537715127, 1.82, 2.69, 1.99, 723.2132
2017-02-28, 4, gao_du, 34.92, 36.84, 2.88, 35.81, 35.98, 37.28, 35.97, 104483.4, 384537702, 1.30, 3.66, 7.78, 670.47
2017-03-01, 4, gao_du, 34.93, 36.53, -0.41, 36.68, 36.51, 36.85, 36.41, 38328.67, 140232169, 0.48, 1.20, 0.52, 541.28981
2017-03-02, 4, gao_du, 34.95, 36.95, 1.15, 36.53, 36.53, 37.12, 36.33, 77400.1, 284981800, 0.96, 2.16, 1.06, 868.11113
2017-03-03, 5, qiang_lie, 34.97, 37.04, 0.24, 36.95, 36.83, 37.25, 36.74, 59938.48, 222089291, 0.75, 1.38, 0.82, 62904.06394
2017-03-06, 5, qiang_lie, 34.98, 37.03, -0.03, 37.04, 37.04, 37.10, 36.82, 46094.61, 170365319, 0.57, 0.76, 0.63, 184916.03303
2017-03-07, 5, qiang_lie, 34.99, 36.53, -0.44, 36.69, 36.63, 36.63, 36.20, 28935.19, 105308203, 0.36, 1.17, 0.79, 729.54392
2017-03-08, 5, qiang_lie, 35.00, 36.45, -0.65, 36.69, 36.63, 36.63, 36.20, 43230.97, 157336845, 0.54, 1.17, 0.59, 705.77288
2017-03-09, 5, qiang_lie, 35.00, 36.11, -0.93, 36.45, 36.40, 36.40, 35.98, 37605.67, 135910964, 0.47, 1.15, 0.51, 350.73519
2017-03-10, 5, qiang_lie, 35.01, 35.91, -0.55, 36.11, 36.01, 36.37, 35.89, 55536.89, 200419373, 0.69, 1.33, 0.76, 463.902
2017-03-13, 4, gao_du, 35.02, 36.43, 1.45, 35.91, 35.99, 36.89, 35.93, 75475.61, 275408599, 0.94, 2.67, 1.03, 693.28499
2017-03-14, 4, gao_du, 35.03, 36.35, -0.22, 36.43, 36.58, 36.59, 35.97, 51345.67, 185759635, 0.64, 1.70, 0.70, 650.491
2017-03-15, 4, gao_du, 35.04, 36.00, -0.96, 36.35, 36.38, 36.38, 35.82, 53399.24, 192267732, 0.66, 1.54, 0.73, 572.90816
2017-03-16, 5, qiang_lie, 35.04, 36.22, 0.61, 36.00, 36.02, 36.30, 35.92, 33726.44, 121714409, 0.42, 1.06, 0.46, 558.17389
2017-03-17, 4, gao_du, 35.05, 35.68, -1.49, 36.22, 36.15, 36.22, 35.65, 40966.57, 147331991, 0.51, 1.57, 0.56, 481.49586
2017-03-20, 4, gao_du, 35.06, 36.53, 2.38, 35.68, 35.55, 36.58, 35.45, 74564.73, 269200172, 0.93, 3.17, 1.02, 572.99304
2017-03-21, 5, qiang_lie, 35.08, 36.90, 1.01, 36.53, 36.50, 37.06, 36.35, 96481.69, 354887583, 1.20, 1.94, 1.32, 549.05009
2017-03-22, 5, qiang_lie, 35.10, 36.88, -0.05, 36.90, 36.77, 37.10, 36.40, 77516.64, 284988842, 0.96, 1.90, 1.06, 718.73403
2017-03-23, 5, qiang_lie, 35.13, 37.04, 0.43, 36.88, 37.10, 37.73, 36.97, 128150.12, 478451242, 1.59, 2.06, 1.75, 593.96887
2017-03-24, 5, qiang_lie, 35.15, 37.30, 0.70, 37.04, 37.15, 37.72, 37.15, 87868.04, 328674399, 1.09, 1.54, 1.20, 592.28206
2017-03-27, 5, qiang_lie, 35.17, 36.28, -2.73, 37.30, 37.24, 37.24, 36.25, 83723.25, 306172578, 1.04, 2.65, 1.14, 545.09401
2017-03-28, 5, qiang_lie, 35.17, 36.21, -0.19, 36.28, 36.21, 36.64, 36.10, 35673.57, 129519108, 0.44, 1.49, 0.49, 565.39106
2017-03-29, 5, qiang_lie, 35.18, 36.32, 0.30, 36.21, 36.35, 36.53, 35.95, 35305.69, 128122902, 0.44, 1.60, 0.48, 635.77008
2017-03-30, 4, gao_du, 35.18, 35.89, -1.18, 36.32, 36.19, 36.50, 35.86, 43657.82, 157384583, 0.54, 1.76, 0.60, 526.67403
2017-03-31, 3, zhong_du, 35.19, 35.80, -0.25, 35.89, 35.83, 36.09, 35.65, 48756.19, 174647970, 0.61, 1.23, 0.67, 544.88397
2017-04-05, 3, zhong_du, 35.20, 36.26, 1.28, 35.80, 35.79, 36.50, 35.67, 65969.53, 238640820, 0.82, 2.32, 0.90, 611.9349
2017-04-06, 3, zhong_du, 35.20, 36.06, -0.55, 36.26, 36.20, 36.49, 35.88, 61665.42, 222978427, 0.77, 1.68, 0.84, 2567.70205
2017-04-07, 3, zhong_du, 35.21, 35.63, -1.19, 36.06, 36.27, 36.27, 35.55, 87737.75, 313287824, 1.09, 2.00, 1.20, 609.95483
2017-04-10, 3, zhong_du, 35.21, 35.79, 0.45, 35.63, 35.74, 36.04, 35.59, 62344.75, 223143965, 0.78, 1.26, 0.85, 611.00006
2017-04-11, 2, qing_du, 35.22, 35.64, -0.42, 35.79, 35.82, 35.86, 34.94, 76188.13, 269404753, 0.95, 2.57, 1.04, 579.56219
2017-04-12, 2, qing_du, 35.22, 35.62, -0.06, 35.64, 35.48, 35.91, 35.37, 32209.54, 115056840, 0.40, 1.52, 0.44, 624.31383
2017-04-13, 2, qing_du, 35.22, 35.56, -0.17, 35.62, 35.62, 35.76, 35.46, 25713.64, 91545815, 0.32, 0.84, 0.35, 571.47098
2017-04-14, 2, qing_du, 35.22, 35.25, -0.87, 35.56, 35.74, 35.74, 35.08, 31996.03, 112815065, 0.40, 1.86, 0.44, 638.47399
2017-04-17, 1, wei_ruo, 35.22, 35.40, 0.43, 35.25, 35.26, 35.40, 35.00, 50470.7, 177545590, 0.63, 1.13, 0.69, 601.00079
2017-04-18, 1, wei_ruo, 35.22, 35.90, 1.41, 35.40, 35.40, 35.98, 35.10, 56412.57, 201451159, 0.70, 2.49, 0.77, 667.95588
2017-04-19, 1, wei_ruo, 35.23, 35.81, -0.25, 35.90, 35.71, 35.95, 35.20, 38923.09, 138926111, 0.48, 2.09, 0.53, 668.046
2017-04-20, 2, qing_du, 35.24, 36.46, 1.82, 35.81, 35.71, 36.89, 35.71, 123279.32, 448833733, 1.53, 3.30, 1.68, 578.09305
2017-04-21, 2, qing_du, 35.25, 36.35, -0.30, 36.46, 36.55, 36.93, 36.25, 70013.87, 255722921, 0.87, 1.87, 0.96, 535.98094
2017-04-24, 2, qing_du, 35.26, 35.98, -1.02, 36.35, 36.30, 36.30, 35.57, 57050.14, 204744999, 0.71, 2.01, 0.78, 593.63294
2017-04-25, 2, qing_du, 35.26, 35.98, 0.00, 35.98, 35.78, 36.21, 35.74, 42883.79, 154155686, 0.53, 1.31, 0.59, 641.52193
2017-04-26, 2, qing_du, 35.27, 36.10, 0.33, 35.98, 36.00, 36.73, 35.87, 71812.77, 260642288, 0.89, 2.39, 0.98, 975.83699
2017-04-27, 2, qing_du, 35.28, 36.09, -0.03, 36.10, 36.33, 36.63, 36.00, 101731.68, 369300384, 1.27, 1.75, 1.39, 622.78104
2017-04-28, 2, qing_du, 35.30, 36.61, 1.44, 36.09, 36.01, 36.70, 36.01, 87561.04, 319336413, 1.09, 1.91, 1.20, 533.93197
2017-05-02, 2, qing_du, 35.31, 36.33, -0.76, 36.61, 36.51, 36.75, 36.16, 60739.85, 220602457, 0.76, 1.61, 0.83, 651.45302
2017-05-03, 2, qing_du, 35.31, 36.04, -0.80, 36.33, 36.35, 36.59, 35.87, 52913.58, 191792510, 0.66, 1.98, 0.72, 603.65105
2017-05-04, 2, qing_du, 35.31, 35.74, -0.83, 36.04, 36.00, 36.23, 35.70, 49613.13, 178306592, 0.62, 1.47, 0.68, 597.9681
2017-05-05, 2, qing_du, 35.32, 35.75, 0.03, 35.74, 35.70, 35.88, 35.33, 46669.75, 166163707, 0.58, 1.54, 0.64, 609.89809
2017-05-11, 1, wei_ruo, 35.30, 34.01, -1.73, 34.61, 34.44, 34.44, 33.72, 73554.3, 249994526, 0.92, 2.08, 1.00, 645.98799
2017-05-12, 1, wei_ruo, 35.29, 33.88, -0.38, 34.01, 34.05, 34.24, 33.78, 36373.73, 123480063, 0.45, 1.35, 0.50, 680.08089
2017-05-15, 1, wei_ruo, 35.28, 34.40, 1.53, 33.88, 33.98, 34.48, 33.75, 46154.42, 158009800, 0.57, 2.15, 0.63, 538.04898
2017-05-17, 1, wei_ruo, 35.28, 34.86, -0.91, 35.18, 35.08, 35.29, 34.80, 36413.46, 127546908, 0.45, 1.39, 0.50, 635.13613
2017-05-18, 1, wei_ruo, 35.28, 34.84, -0.06, 34.86, 34.63, 35.05, 34.63, 23151.4, 80693341, 0.29, 1.20, 0.32, 1222.91398
2017-05-19, 1, wei_ruo, 35.27, 34.91, 0.20, 34.84, 34.93, 35.05, 34.41, 31914.35, 110770282, 0.40, 1.84, 0.44, 1003.54505
2017-05-22, 1, wei_ruo, 35.27, 34.82, -0.26, 34.91, 34.78, 35.16, 34.72, 37188.02, 129914186, 0.46, 1.26, 0.51, 717.73601
2017-05-23, 1, wei_ruo, 35.27, 34.93, 0.32, 34.82, 34.82, 35.16, 34.63, 52781.65, 184515320, 0.66, 1.52, 0.72, 872.63203
2017-05-24, 1, wei_ruo, 35.27, 34.87, -0.17, 34.93, 34.80, 35.08, 34.18, 34627.06, 119950210, 0.43, 2.58, 0.47, 670.6109
2017-05-25, 1, wei_ruo, 35.27, 35.30, 1.23, 34.87, 34.88, 35.40, 34.81, 39927.48, 140376728, 0.50, 1.69, 0.54, 538.51581
2017-05-26, 1, wei_ruo, 35.27, 35.38, 0.23, 35.30, 35.30, 35.78, 35.22, 38466.19, 136664769, 0.48, 1.59, 0.53, 687.217
2017-05-31, 1, wei_ruo, 35.27, 35.40, 0.06, 35.38, 35.81, 35.99, 35.35, 33099.36, 117706768, 0.41, 1.81, 0.45, 629.26483
2017-06-01, 1, wei_ruo, 35.27, 35.50, 0.28, 35.40, 35.50, 35.76, 35.35, 41572.32, 148045980, 0.52, 1.16, 0.57, 641.91818
2017-06-02, 2, qing_du, 35.27, 35.72, 0.62, 35.50, 35.47, 35.81, 34.67, 49923.41, 176245749, 0.62, 3.21, 0.68, 730.67617
2017-06-05, 2, qing_du, 35.27, 35.50, -0.62, 35.72, 35.80, 36.05, 35.32, 38065.77, 135855120, 0.47, 2.04, 0.52, 640.03086
2017-06-06, 2, qing_du, 35.27, 35.56, 0.17, 35.50, 35.58, 35.71, 35.40, 18640.88, 66216142, 0.23, 0.87, 0.25, 15677.47211
2017-06-07, 2, qing_du, 35.28, 36.26, 1.97, 35.56, 35.65, 36.26, 35.58, 53526.97, 192626141, 0.67, 1.91, 0.73, 542.38915
2017-06-08, 2, qing_du, 35.30, 36.71, 1.24, 36.26, 36.12, 37.15, 36.10, 113686.48, 416926427, 1.42, 2.90, 1.55, 624.36795
2017-06-09, 3, zhong_du, 35.31, 36.76, 0.14, 36.71, 36.72, 36.96, 36.30, 68566.36, 251363561, 0.85, 1.80, 0.94, 771.15393
2017-06-12, 3, zhong_du, 35.33, 36.38, -1.03, 36.76, 36.76, 37.49, 36.28, 125509.65, 463832560, 1.56, 3.29, 1.71, 618.99209
2017-06-13, 3, zhong_du, 34.96, 36.48, 1.39, 35.98, 36.28, 36.68, 35.89, 91362.84, 330515111, 1.14, 2.20, 1.25, 649.58382
2017-06-14, 3, zhong_du, 34.97, 35.82, -1.81, 36.48, 36.40, 36.42, 35.77, 53214.54, 191477247, 0.66, 1.78, 0.73, 593.56618
2017-06-15, 3, zhong_du, 34.97, 35.71, -0.31, 35.82, 35.71, 36.08, 35.61, 47513.7, 170015636, 0.59, 1.31, 0.65, 643.19205
2017-06-16, 3, zhong_du, 34.98, 35.58, -0.36, 35.71, 35.75, 35.87, 35.41, 53808.15, 191795139, 0.67, 1.29, 0.73, 652.95196
2017-06-19, 3, zhong_du, 34.98, 35.95, 1.04, 35.58, 35.70, 35.99, 35.59, 58119.22, 208185538, 0.72, 1.12, 0.79, 717.05818
2017-06-20, 3, zhong_du, 34.99, 35.74, -0.58, 35.95, 35.98, 36.14, 35.70, 36526, 131027808, 0.45, 1.22, 0.50, 557.43504
2017-06-21, 3, zhong_du, 34.99, 36.01, 0.76, 35.74, 35.80, 36.10, 35.50, 60030.85, 214446585, 0.75, 1.68, 0.82, 831.26283
2017-06-22, 3, zhong_du, 35.01, 35.83, -0.50, 36.01, 36.00, 36.47, 35.80, 134075.63, 485039621, 1.67, 1.86, 1.83, 684.00502
2017-06-23, 3, zhong_du, 35.02, 35.76, -0.20, 35.83, 35.80, 36.05, 35.30, 68519.52, 243984501, 0.85, 2.09, 0.94, 815.64593
2017-06-26, 3, zhong_du, 35.07, 37.18, 3.97, 35.76, 35.90, 37.25, 35.70, 236526.9, 866037545, 2.94, 4.33, 3.23, 640.92517
2017-06-27, 4, gao_du, 35.10, 36.91, -0.73, 37.18, 37.20, 37.45, 36.68, 130478, 482991049, 1.62, 2.07, 1.78, 355.09109
2017-06-28, 4, gao_du, 35.13, 36.80, -0.30, 36.91, 36.90, 37.44, 36.70, 143414.18, 531614126, 1.79, 2.00, 1.96, 716.72416
2017-06-29, 5, qiang_lie, 35.16, 36.66, -0.38, 36.80, 36.72, 37.00, 36.19, 180624.97, 658643471, 2.25, 2.20, 2.47, 3580.0581
2017-06-30, 5, qiang_lie, 35.19, 36.50, -0.44, 36.66, 36.49, 36.63, 36.21, 127698.96, 464398844, 1.59, 1.15, 1.74, 621.15288
2017-07-03, 4, gao_du, 35.21, 36.26, -0.66, 36.50, 36.54, 36.73, 35.96, 163079.23, 591021676, 2.03, 2.11, 2.23, 558.64596
2017-07-04, 4, gao_du, 35.22, 35.26, -2.76, 36.26, 36.18, 36.19, 35.09, 262518.75, 932238239, 3.27, 3.03, 3.58, 2566.21099
2017-07-05, 3, zhong_du, 34.98, 31.73, -10.01, 35.26, 33.21, 33.30, 31.73, 632971.19, 2033427157, 7.88, 4.45, 8.64, 1138.026
2017-07-06, 2, qing_du, 34.75, 31.07, -2.08, 31.73, 31.32, 31.63, 30.33, 470579.2, 1460931727, 5.86, 4.10, 6.42, 614.62092
2017-07-07, 1, wei_ruo, 34.68, 30.98, -0.29, 31.07, 30.82, 31.20, 30.72, 159234.73, 492397889, 1.98, 1.54, 2.17, 649.70899
2017-07-10, 1, wei_ruo, 34.62, 30.85, -0.42, 30.98, 30.89, 31.07, 30.71, 120370.59, 371957276, 1.50, 1.16, 1.64, 653.60999
2017-07-11, 1, wei_ruo, 34.54, 30.32, -1.72, 30.85, 30.75, 30.95, 30.26, 153801.39, 469949615, 1.91, 2.24, 2.10, 1030.26485
2017-07-12, 1, wei_ruo, 34.45, 29.93, -1.29, 30.32, 30.25, 30.46, 29.59, 161176.13, 482159791, 2.01, 2.87, 2.20, 601.99809
2017-07-13, 1, wei_ruo, 34.40, 29.99, 0.20, 29.93, 29.88, 30.13, 29.83, 98396.38, 295299038, 1.22, 1.00, 1.34, 788.53989
2017-07-14, 1, wei_ruo, --, 29.86, -0.43, 29.99, 29.99, 30.07, 29.61, 75182.6, 224049247, 0.94, 1.53, 1.03, 631.58607
2017-07-17, 1, wei_ruo, --, 28.07, -5.99, 29.86, 29.61, 29.74, 27.51, 220379.3, 625076505, 2.74, 7.47, 3.01, 683.55608
2017-07-18, 1, wei_ruo, 34.11, 28.05, -0.07, 28.07, 28.09, 28.36, 27.73, 105019.45, 294056351, 1.31, 2.24, 1.43, 1590.37709
2017-07-19, 1, wei_ruo, --, 28.16, 0.39, 28.05, 28.00, 28.25, 27.69, 130319.12, 364320620, 1.62, 2.00, 1.78, 533.355
2017-07-20, 1, wei_ruo, --, 28.41, 0.89, 28.16, 28.11, 28.63, 27.94, 108637.8, 308393190, 1.35, 2.45, 1.48, 415.066
2017-07-21, 1, wei_ruo, --, 28.35, -0.21, 28.41, 28.38, 28.56, 28.22, 56712.68, 161027011, 0.71, 1.20, 0.77, 483.1481
2017-07-24, 1, wei_ruo, 33.84, 28.04, -1.09, 28.35, 28.36, 28.43, 27.92, 81461.72, 228786939, 1.01, 1.80, 1.11, 636.5869
2017-07-25, 1, wei_ruo, --, 28.40, 1.28, 28.04, 28.05, 28.74, 28.05, 112391.02, 320693059, 1.40, 2.46, 1.53, 794.55996
2017-07-26, 1, wei_ruo, --, 28.10, -1.06, 28.40, 28.42, 28.45, 27.96, 74196.67, 208771765, 0.92, 1.73, 1.01, 656.564
2017-07-27, 1, wei_ruo, 33.65, 28.46, 1.28, 28.10, 28.01, 28.46, 27.81, 88797.89, 250415699, 1.11, 2.31, 1.21, 1734.231
2017-07-28, 1, wei_ruo, 33.60, 28.35, -0.39, 28.46, 28.47, 28.70, 28.35, 73573.46, 209841062, 0.92, 1.23, 1.00, 676.40901
2017-07-31, 1, wei_ruo, 33.55, 28.45, 0.35, 28.35, 28.35, 28.48, 28.00, 72225.89, 203950356, 0.90, 1.69, 0.99, 794.39688
2017-08-01, 1, wei_ruo, 33.52, 28.30, -0.53, 28.45, 28.25, 28.44, 28.18, 47659.4, 134730219, 0.59, 0.91, 0.65, 749.39084
2017-08-02, 1, wei_ruo, 33.48, 28.13, -0.60, 28.30, 28.35, 28.50, 28.10, 57457.94, 162335923, 0.72, 1.41, 0.78, 561.5201
2017-08-03, 1, wei_ruo, 33.43, 28.25, 0.43, 28.13, 28.09, 28.41, 28.00, 81865.03, 230875513, 1.02, 1.46, 1.12, 580.04308
2017-08-04, 1, wei_ruo, 33.38, 28.27, 0.07, 28.25, 28.24, 28.50, 28.07, 76026.41, 214854287, 0.95, 1.52, 1.04, 632.41482
2017-08-07, 1, wei_ruo, 33.27, 29.38, 3.93, 28.27, 28.58, 29.47, 28.50, 203047.76, 591757652, 2.53, 3.43, 2.77, 762.35294
2017-08-08, 1, wei_ruo, 33.22, 29.00, -1.29, 29.38, 29.40, 29.40, 28.86, 109051.72, 316835350, 1.36, 1.84, 1.49, 545.88604
2017-08-09, 1, wei_ruo, 33.17, 29.23, 0.79, 29.00, 29.14, 29.45, 29.02, 100545.42, 294374577, 1.25, 1.48, 1.37, 661.17907
2017-08-10, 1, wei_ruo, 33.13, 28.85, -1.30, 29.23, 29.25, 29.32, 28.71, 78500.99, 227483515, 0.98, 2.09, 1.07, 854.21896
2017-08-11, 1, wei_ruo, 33.09, 28.65, -0.69, 28.85, 28.76, 29.09, 28.55, 66742.69, 192586431, 0.83, 1.87, 0.91, 812.72721
2017-08-14, 1, wei_ruo, 33.06, 28.87, 0.77, 28.65, 28.80, 28.91, 28.56, 64886.96, 186547494, 0.81, 1.22, 0.89, 643.41617
2017-08-15, 1, wei_ruo, 33.02, 28.69, -0.62, 28.87, 28.80, 28.98, 28.56, 61797.52, 177457387, 0.77, 1.45, 0.84, 818.18104
2017-08-16, 1, wei_ruo, 32.99, 28.88, 0.66, 28.69, 28.61, 28.95, 28.60, 52276.69, 150664567, 0.65, 1.22, 0.71, 609.27486
2017-08-17, 1, wei_ruo, 32.96, 29.10, 0.76, 28.88, 28.91, 29.16, 28.91, 66069.35, 191876196, 0.82, 0.87, 0.90, 3555.65405
2017-08-18, 1, wei_ruo, 32.94, 28.93, -0.58, 29.10, 29.00, 29.07, 28.82, 48066.3, 138987178, 0.60, 0.86, 0.66, 681.83088
2017-08-21, 1, wei_ruo, 32.83, 28.18, -2.59, 28.93, 28.65, 28.69, 28.05, 180385.66, 508855739, 2.25, 2.21, 2.46, 846.30203
2017-08-22, 1, wei_ruo, 32.79, 28.05, -0.46, 28.18, 28.12, 28.17, 27.96, 74064.17, 207573352, 0.92, 0.75, 1.01, 556.01096
2017-08-23, 1, wei_ruo, 32.76, 28.14, 0.32, 28.05, 28.05, 28.19, 28.00, 50277.53, 141322239, 0.63, 0.68, 0.69, 849.74885
2017-08-24, 1, wei_ruo, 32.74, 27.98, -0.57, 28.14, 28.15, 28.16, 27.96, 39239.08, 109993050, 0.49, 0.71, 0.54, 1826.23601
2017-08-25, 1, wei_ruo, 32.70, 28.02, 0.14, 27.98, 28.00, 28.09, 27.92, 60398.84, 169132703, 0.75, 0.61, 0.82, 735.466
2017-08-28, 1, wei_ruo, 32.66, 28.23, 0.75, 28.02, 28.00, 28.24, 27.99, 73735.95, 207656396, 0.92, 0.89, 1.01, 760.77104
2017-08-29, 1, wei_ruo, 32.61, 27.99, -0.85, 28.23, 28.28, 28.28, 27.97, 83125.54, 233369640, 1.03, 1.10, 1.13, 876.2579
2017-08-30, 1, wei_ruo, 32.57, 28.17, 0.64, 27.99, 27.96, 28.26, 27.94, 72491.19, 203651671, 0.90, 1.14, 0.99, 646.98696
2017-08-31, 1, wei_ruo, 32.54, 28.06, -0.39, 28.17, 28.09, 28.18, 28.00, 26582.79, 74693571, 0.33, 0.64, 0.73, 728.22809
2017-09-01, 1, wei_ruo, 32.51, 28.06, -0.39, 28.17, 28.09, 28.18, 28.00, 26582.79, 74693571, 0.33, 0.64, 0.73, 940.26899
2017-09-04, 1, wei_ruo, 32.48, 28.12, 0.00, 28.12, 28.10, 28.19, 28.01, 51901.4, 145902867, 0.65, 0.64, 0.71, 639.27102
2017-09-05, 1, wei_ruo, 32.43, 28.35, 0.82, 28.12, 28.15, 28.42, 28.04, 92803.45, 262496445, 1.16, 1.35, 1.27, 703.10402
2017-09-06, 1, wei_ruo, 32.40, 28.06, -0.39, 28.17, 28.09, 28.18, 28.00, 26582.79, 74693571, 0.33, 0.64, 0.73, 513.556
2017-09-07, 1, wei_ruo, 32.38, 28.06, -0.39, 28.17, 28.09, 28.18, 28.00, 26582.79, 74693571, 0.33, 0.64, 0.73, 593.76907
2017-09-08, 1, wei_ruo, 32.32, 28.23, 0.39, 28.12, 28.11, 28.48, 28.08, 107177.42, 303069222, 1.33, 1.42, 1.46, 648.247
2017-09-11, 1, wei_ruo, 32.28, 28.20, -0.11, 28.23, 28.35, 28.43, 28.14, 84620.11, 238677754, 1.05, 1.03, 1.16, 629.27103
2017-09-12, 1, wei_ruo, 32.18, 27.72, -1.70, 28.20, 28.20, 28.28, 27.66, 178204.58, 496646622, 2.22, 2.20, 2.43, 578.03297
2017-09-13, 1, wei_ruo, 32.13, 27.98, 0.94, 27.72, 27.94, 28.07, 27.78, 93105.75, 259997748, 1.16, 1.05, 1.27, 560.23598
2017-09-14, 1, wei_ruo, 32.10, 27.92, -0.21, 27.98, 27.99, 28.05, 27.81, 64870.25, 180992080, 0.81, 0.86, 0.89, 693.12096
2017-09-15, 1, wei_ruo, 32.05, 27.72, -0.72, 27.92, 27.95, 27.95, 27.59, 81237.35, 225049997, 1.01, 1.29, 1.11, 974.12705
2017-09-18, 1, wei_ruo, 31.98, 27.55, -0.61, 27.72, 27.72, 27.74, 27.40, 123829.16, 341179322, 1.54, 1.23, 1.69, 664.52479
2017-09-19, 1, wei_ruo, 31.95, 27.52, -0.11, 27.55, 27.55, 27.68, 27.50, 56988.05, 157167583, 0.71, 0.65, 0.78, 794.21496
2017-09-20, 1, wei_ruo, 31.92, 27.61, 0.33, 27.52, 27.52, 27.62, 27.37, 67041.46, 184377317, 0.83, 0.91, 0.92, 538.9719
2017-09-21, 1, wei_ruo, 31.88, 27.49, -0.43, 27.61, 27.60, 27.76, 27.49, 60876.29, 168092432, 0.76, 0.98, 0.83, 654.17504
2017-09-22, 1, wei_ruo, 31.85, 27.40, -0.33, 27.49, 27.49, 27.60, 27.37, 52654.9, 144645822, 0.66, 0.84, 0.72, 516.76106
2017-09-25, 1, wei_ruo, 31.80, 27.77, 1.35, 27.40, 27.42, 27.90, 27.37, 109371.86, 302582135, 1.36, 1.93, 1.49, 573.771
2017-09-26, 1, wei_ruo, 31.77, 27.49, -1.01, 27.77, 27.76, 27.76, 27.43, 53056.21, 145921816, 0.66, 1.19, 0.72, 644.33908
2017-09-27, 1, wei_ruo, 31.74, 27.43, -0.22, 27.49, 27.51, 27.67, 27.40, 61014.2, 167493605, 0.76, 0.98, 0.83, 750.48399
2017-09-28, 1, wei_ruo, 31.70, 27.30, -0.47, 27.43, 27.43, 27.58, 27.29, 59298.55, 162519522, 0.74, 1.06, 0.81, 742.72299
2017-09-29, 1, wei_ruo, 31.67, 27.21, -0.33, 27.30, 27.34, 27.40, 27.18, 64238.92, 175024808, 0.80, 0.81, 0.88, 727.95701
2017-10-10, 1, wei_ruo, 31.53, 28.60, 3.25, 27.70, 27.66, 28.65, 27.60, 234402.7, 664089677, 2.92, 3.79, 3.20, 663.697
2017-10-12, 1, wei_ruo, 31.42, 28.50, 0.04, 28.49, 28.52, 28.73, 28.31, 85337.25, 243255094, 1.06, 1.47, 1.16, 614.34507
2017-10-13, 1, wei_ruo, 31.39, 28.46, -0.14, 28.50, 28.50, 28.63, 28.25, 70522.4, 200413522, 0.88, 1.33, 0.96, 611.50503
2017-10-16, 2, qing_du, 31.36, 28.08, -1.34, 28.46, 28.60, 28.65, 27.96, 81597.73, 230473154, 1.02, 2.42, 1.11, 584.46217
2017-10-17, 1, wei_ruo, 31.33, 27.94, -0.50, 28.08, 28.11, 28.29, 27.86, 65753.49, 183934827, 0.82, 1.53, 0.90, 690.71794
2017-10-18, 1, wei_ruo, 31.29, 28.75, 2.90, 27.94, 28.09, 28.76, 27.89, 133229.53, 378323383, 1.66, 3.11, 1.82, 714.48088
2017-10-19, 1, wei_ruo, 31.24, 28.68, -0.24, 28.75, 28.62, 29.04, 28.53, 140211.68, 404383245, 1.75, 1.77, 1.91, 2909.69992
2017-10-20, 2, qing_du, 31.21, 28.69, 0.03, 28.68, 28.35, 28.91, 28.10, 107959.92, 307488088, 1.34, 2.82, 1.47, 613.87396
2017-10-23, 3, zhong_du, 31.16, 29.28, 2.06, 28.69, 28.71, 29.28, 28.70, 159185.5, 463334971, 1.98, 2.02, 2.17, 738.37781
2017-10-24, 3, zhong_du, 31.12, 29.65, 1.26, 29.28, 29.35, 29.78, 29.10, 194443.13, 573671046, 2.42, 2.32, 2.65, 656.46601
2017-10-25, 3, zhong_du, 31.10, 29.43, -0.74, 29.65, 29.44, 29.78, 29.32, 101437.58, 299340863, 1.26, 1.55, 1.38, 628.07608
2017-10-26, 4, gao_du, 31.08, 29.23, -0.68, 29.43, 29.40, 29.59, 29.11, 105141.79, 308476853, 1.31, 1.63, 1.44, 1160.54797
2017-10-27, 3, zhong_du, 31.06, 29.23, 0.00, 29.23, 29.15, 29.36, 29.05, 70725.93, 206466976, 0.88, 1.06, 0.97, 660.71606
2017-10-30, 3, zhong_du, 31.03, 28.38, -2.91, 29.23, 29.21, 29.21, 28.33, 97457.08, 278525611, 1.21, 3.01, 1.33, 760.17809
2017-10-31, 3, zhong_du, 31.02, 28.67, 1.02, 28.38, 28.38, 28.67, 28.15, 56412.99, 160208818, 0.70, 1.83, 0.77, 777.06194
2017-11-01, 2, qing_du, 31.00, 28.28, -1.36, 28.67, 28.67, 28.67, 28.28, 43633.15, 124209239, 0.54, 1.36, 0.60, 1676.10621
2017-11-02, 2, qing_du, 30.98, 28.54, 0.92, 28.28, 28.21, 28.58, 27.93, 63722.37, 179394096, 0.79, 2.30, 0.87, 758.32915
2017-11-03, 2, qing_du, 30.96, 28.25, -1.02, 28.54, 28.46, 28.85, 28.22, 53908.27, 153739952, 0.67, 2.21, 0.74, 825.454
2017-11-06, 2, qing_du, 30.94, 0.00, 0.00, 28.75, 0.00, 0.00, 0.00, 0, 0, 0.00, 0.00, 0.00, 242903.5809
2017-11-08, 3, zhong_du, 30.89, 29.24, 1.70, 28.75, 28.71, 29.26, 28.56, 71775.32, 208533296, 0.89, 2.43, 1.96, 2706.65312
2017-11-09, 3, zhong_du, 30.88, 29.03, -0.07, 29.05, 29.11, 29.15, 29.00, 1345, 3908899, 0.02, 0.52, 1.00, 61200.9418
2017-11-10, 3, zhong_du, 30.86, 29.24, 1.70, 28.75, 28.71, 29.26, 28.56, 71775.32, 208533296, 0.89, 2.43, 1.96, 754.26412
2017-11-13, 4, gao_du, 30.84, 29.94, 2.18, 29.30, 29.20, 29.98, 29.11, 150508.4, 446060341, 1.87, 2.97, 1.67, 639.63294
2017-11-14, 4, gao_du, 30.82, 30.60, 2.20, 29.94, 30.09, 30.98, 29.99, 289756.28, 888076828, 3.61, 3.31, 2.78, 824.58186
2017-11-15, 5, qiang_lie, 30.82, 30.54, -0.20, 30.60, 30.61, 30.61, 30.12, 113062.37, 343815402, 1.41, 1.60, 0.81, 712.86702
2017-11-16, 5, qiang_lie, 30.81, 30.30, -0.79, 30.54, 30.40, 30.60, 30.04, 81494.71, 246446275, 1.01, 1.83, 0.57, 787.29105
2017-11-17, 5, qiang_lie, 30.80, 29.57, -2.41, 30.30, 30.49, 30.49, 29.49, 127970.79, 381879847, 1.59, 3.30, 0.87, 650.59495
2017-11-20, 5, qiang_lie, 30.78, 29.82, 0.85, 29.57, 29.60, 29.86, 28.61, 89217.98, 262396622, 1.11, 4.23, 0.58, 636.30319
2017-11-21, 4, gao_du, 30.77, 29.79, -0.10, 29.82, 29.69, 30.13, 29.32, 85162.77, 253710867, 1.06, 2.72, 0.61, 717.57102
2017-11-22, 4, gao_du, 30.76, 30.49, 2.35, 29.79, 29.76, 30.54, 29.68, 136655.65, 413481665, 1.70, 2.89, 1.38, 816.08486
2017-11-23, 4, gao_du, 30.75, 29.35, -3.74, 30.49, 30.46, 30.69, 29.30, 113349.28, 340604012, 1.41, 4.56, 1.09, 679.12412
2017-11-24, 5, qiang_lie, 30.73, 29.71, 1.23, 29.35, 29.18, 29.75, 28.89, 88427.87, 259149661, 1.10, 2.93, 0.80, 659.20806
2017-11-27, 4, gao_du, 30.73, 29.85, 0.47, 29.71, 29.70, 30.23, 29.41, 64562.03, 192383057, 0.80, 2.76, 0.63, 977.51307
2017-11-28, 4, gao_du, 30.72, 30.01, 0.54, 29.85, 29.63, 30.08, 29.48, 64332.34, 192340463, 0.80, 2.01, 0.66, 773.90194
2017-11-29, 4, gao_du, 30.71, 29.38, -2.10, 30.01, 30.12, 30.17, 29.02, 67726.3, 200016481, 0.84, 3.83, 0.72, 790.83014
2017-11-30, 4, gao_du, 30.70, 28.95, -1.46, 29.38, 29.22, 29.55, 28.83, 62315.01, 181554855, 0.78, 2.45, 0.78, 657.22084
2017-12-01, 3, zhong_du, 30.69, 28.80, -0.52, 28.95, 28.80, 29.16, 28.70, 53513.48, 154374320, 0.67, 1.59, 0.77, 2605.70288
2017-12-04, 3, zhong_du, 30.66, 28.04, -2.64, 28.80, 28.77, 28.77, 28.00, 71544.21, 202396503, 0.89, 2.67, 1.14, 748.95096
2017-12-05, 2, qing_du, 30.64, 28.40, 1.28, 28.04, 28.05, 28.55, 27.80, 80896.54, 228280648, 1.01, 2.67, 1.27, 733.45804
2017-12-06, 1, wei_ruo, 30.63, 28.70, 1.06, 28.40, 28.33, 28.87, 28.20, 46916.53, 133455139, 0.58, 2.36, 0.70, 1079.05197
2017-12-07, 1, wei_ruo, 30.62, 28.59, -0.38, 28.70, 28.50, 28.97, 28.40, 31281.31, 89749408, 0.39, 1.99, 0.50, 712.64195
2017-12-08, 1, wei_ruo, 30.61, 28.59, 0.00, 28.59, 28.64, 28.80, 28.48, 28291.94, 80964373, 0.35, 1.12, 0.50, 654.76394
2017-12-11, 1, wei_ruo, 30.60, 28.60, 0.03, 28.59, 28.42, 28.72, 28.23, 52246.83, 148577647, 0.65, 1.71, 1.01, 715.31296
2017-12-12, 1, wei_ruo, 30.59, 28.18, -1.47, 28.60, 28.52, 28.60, 28.16, 44889.78, 126954022, 0.56, 1.54, 0.94, 1136.24287
2017-12-13, 1, wei_ruo, 30.58, 28.28, 0.35, 28.18, 28.10, 28.33, 28.00, 26281.71, 74066658, 0.33, 1.17, 0.65, 2617.48219
2017-12-14, 1, wei_ruo, 30.57, 28.08, -0.71, 28.28, 28.50, 28.60, 28.01, 41100.18, 115877313, 0.51, 2.09, 1.12, 1323.18211
2017-12-15, 1, wei_ruo, 30.56, 27.92, -0.57, 28.08, 27.99, 28.18, 27.92, 31226.11, 87525448, 0.39, 0.93, 0.81, 568.34483
2017-12-18, 1, wei_ruo, 30.55, 27.96, 0.14, 27.92, 28.03, 28.17, 27.91, 22605.69, 63341653, 0.28, 0.93, 0.58, 735.5442
2017-12-19, 1, wei_ruo, 30.54, 27.94, -0.07, 27.96, 27.95, 28.10, 27.85, 36949.3, 103371973, 0.46, 0.89, 1.11, 874.80712
2017-12-20, 1, wei_ruo, 30.51, 27.19, -2.68, 27.94, 27.95, 28.02, 27.18, 75422.2, 207512071, 0.94, 3.01, 2.38, 754.91691
2017-12-21, 1, wei_ruo, 30.47, 26.72, -1.73, 27.19, 27.13, 27.23, 26.51, 84081.71, 225530694, 1.05, 2.65, 2.03, 587.94212
2017-12-22, 1, wei_ruo, 30.44, 27.29, 2.13, 26.72, 27.08, 27.45, 27.00, 66564.2, 181548905, 0.83, 1.68, 1.33, 621.4819
2017-12-25, 1, wei_ruo, 30.43, 27.12, -0.62, 27.29, 27.35, 27.40, 27.01, 38567.35, 104841875, 0.48, 1.43, 0.68, 630.36609
2017-12-26, 1, wei_ruo, 30.42, 27.20, 0.29, 27.12, 27.30, 27.35, 27.06, 30306.36, 82368680, 0.38, 1.07, 0.50, 419.38615
2017-12-27, 1, wei_ruo, 30.40, 27.09, -0.40, 27.20, 27.28, 27.37, 27.04, 39746.43, 107986390, 0.49, 1.21, 0.67, 797.21689
2017-12-29, 1, wei_ruo, 30.34, 28.10, 4.54, 26.88, 26.88, 28.21, 26.88, 115445.36, 320779283, 1.44, 4.95, 2.33, 595.08991
2018-01-03, 1, wei_ruo, 30.27, 28.90, 2.85, 28.10, 28.10, 29.04, 28.10, 160765.37, 463337933, 2.00, 3.35, 2.47, 923.06089
2018-01-04, 1, wei_ruo, 30.25, 28.99, 0.31, 28.90, 28.92, 29.02, 28.52, 93126.35, 268027537, 1.16, 1.73, 1.02, 581.09903
2018-01-05, 1, wei_ruo, 30.24, 28.60, -1.35, 28.99, 28.90, 28.90, 28.47, 48083.58, 137513061, 0.60, 1.48, 0.47, 603.01495
2018-01-08, 1, wei_ruo, 30.23, 28.47, -0.45, 28.60, 28.65, 28.88, 28.20, 52344.36, 148822324, 0.65, 2.38, 0.56, 591.13503
2018-01-09, 1, wei_ruo, 30.22, 28.66, 0.67, 28.47, 28.49, 28.77, 28.40, 42217.41, 120693955, 0.53, 1.30, 0.45, 583.20999
2018-01-10, 1, wei_ruo, 30.21, 28.79, 0.45, 28.66, 28.66, 28.86, 28.42, 64883.24, 185808626, 0.81, 1.54, 0.82, 628.97491
2018-01-11, 1, wei_ruo, 30.20, 28.52, -0.94, 28.79, 28.71, 28.82, 28.48, 49697.91, 142177565, 0.62, 1.18, 0.83, 635.03098
2018-01-12, 1, wei_ruo, 30.18, 28.00, -1.82, 28.52, 28.60, 28.62, 27.95, 57633.29, 162394277, 0.72, 2.35, 1.12, 1147.92514
2018-01-15, 1, wei_ruo, 30.17, 27.67, -1.18, 28.00, 28.11, 28.58, 27.60, 69158.9, 194652394, 0.86, 3.50, 1.30, 647.16911
2018-01-16, 1, wei_ruo, 30.15, 27.38, -1.05, 27.67, 27.77, 27.77, 27.32, 52306.79, 143784711, 0.65, 1.63, 0.92, 614.80618
2018-01-17, 1, wei_ruo, 30.13, 27.61, 0.84, 27.38, 27.39, 27.67, 27.10, 43592.42, 119370505, 0.54, 2.08, 0.74, 496.12713
2018-01-18, 1, wei_ruo, 30.12, 27.42, -0.69, 27.61, 27.59, 27.60, 27.25, 50507.21, 138391580, 0.63, 1.27, 0.93, 572.49904
2018-01-19, 1, wei_ruo, 30.10, 27.44, 0.07, 27.42, 27.50, 27.67, 27.21, 38493.17, 105659987, 0.48, 1.68, 0.70, 666.87417
2018-01-22, 1, wei_ruo, 30.08, 27.32, -0.44, 27.44, 27.46, 27.58, 27.20, 63250.2, 172664465, 0.79, 1.38, 1.24, 772.26806
2018-01-23, 1, wei_ruo, 30.06, 27.30, -0.07, 27.32, 27.50, 27.50, 27.18, 57837.27, 157817054, 0.72, 1.17, 1.17, 735.8861
2018-01-24, 1, wei_ruo, 30.03, 27.24, -0.22, 27.30, 27.30, 27.36, 26.98, 101829.48, 275693761, 1.27, 1.39, 2.01, 546.9501
2018-01-25, 1, wei_ruo, 30.01, 27.20, -0.15, 27.24, 27.18, 27.43, 27.07, 43316.61, 118171143, 0.54, 1.32, 0.69, 787.22095
2018-01-26, 1, wei_ruo, 29.99, 27.48, 1.03, 27.20, 27.25, 27.66, 27.18, 51288.37, 140857180, 0.64, 1.76, 0.84, 686.25903
2018-01-29, 1, wei_ruo, 29.97, 27.65, 0.62, 27.48, 27.86, 28.19, 27.50, 103187.28, 287697105, 1.28, 2.51, 1.62, 862.74815
2018-01-30, 1, wei_ruo, 29.96, 27.74, 0.33, 27.65, 27.52, 28.03, 27.52, 40228.47, 111909678, 0.50, 1.84, 0.56, 424.22414
2018-01-31, 1, wei_ruo, 29.93, 27.02, -2.60, 27.74, 27.56, 27.69, 26.91, 60328.85, 163758555, 0.75, 2.81, 0.89, 812.042
2018-02-01, 1, wei_ruo, 29.90, 26.59, -1.59, 27.02, 27.02, 27.15, 26.23, 84179.2, 224127522, 1.05, 3.40, 1.41, 729.41899
2018-02-02, 1, wei_ruo, 29.87, 26.12, -1.77, 26.59, 26.56, 26.56, 26.08, 66008.93, 173527308, 0.82, 1.81, 0.97, 738.36994
2018-02-05, 1, wei_ruo, 29.83, 25.40, -2.76, 26.12, 25.97, 25.97, 24.95, 78343.03, 198838112, 0.98, 3.91, 1.11, 941.29705
2018-02-06, 1, wei_ruo, 29.79, 25.37, -0.12, 25.40, 24.97, 25.45, 24.80, 60797.55, 153252851, 0.76, 2.56, 0.92, 2480.11994
2018-02-07, 1, wei_ruo, 29.77, 25.18, -0.75, 25.37, 25.60, 25.71, 24.86, 36996.35, 93499872, 0.46, 3.35, 0.53, 776.25799
2018-02-08, 1, wei_ruo, 29.76, 25.29, 0.44, 25.18, 25.24, 25.43, 25.00, 28071.17, 70834966, 0.35, 1.71, 0.56, 692.88397
2018-02-09, 1, wei_ruo, 29.72, 24.93, -1.42, 25.29, 24.80, 25.42, 24.28, 62478.96, 155430277, 0.78, 4.51, 1.87, 746.29092
2018-02-12, 1, wei_ruo, 29.70, 25.34, 1.64, 24.93, 25.08, 25.45, 24.89, 25937.13, 65539545, 0.32, 2.25, 0.59, 884.5911
2018-02-13, 1, wei_ruo, 29.69, 25.30, -0.16, 25.34, 25.37, 25.56, 25.24, 23240.38, 58974130, 0.29, 1.26, 0.57, 626.90711
2018-02-14, 1, wei_ruo, 29.68, 25.55, 0.99, 25.30, 25.43, 25.69, 25.34, 19861.88, 50700439, 0.25, 1.38, 0.80, 2709.75804
