2015-05-29, 5, qiang_lie, 11.15, 0.00, 0.00, 12.84, 0.00, 0.00, 0.00, 0, 0, 0.00, 0.00, 0.00, 874.6469
2015-05-29, 5, qiang_lie, 11.15, 0.00, 0.00, 12.84, 0.00, 0.00, 0.00, 0, 0, 0.00, 0.00, 0.00, 1161.23486
2015-05-29, 5, qiang_lie, 11.15, 0.00, 0.00, 12.84, 0.00, 0.00, 0.00, 0, 0, 0.00, 0.00, 0.00, 1019.60897
2015-05-29, 5, qiang_lie, 11.15, 0.00, 0.00, 12.84, 0.00, 0.00, 0.00, 0, 0, 0.00, 0.00, 0.00, 2983.32691
2015-10-29, 5, qiang_lie, 16.50, 18.83, 9.99, 17.12, 17.51, 18.83, 17.22, 1012609.08, 1849478281, 21.63, 9.40, 1.05, 1113.72113
2015-10-30, 5, qiang_lie, 17.34, 19.15, 1.70, 18.83, 19.50, 20.45, 18.01, 1455050.89, 2840110614, 31.09, 12.96, 1.38, 1019.88697
2015-11-02, 5, qiang_lie, 17.34, 17.24, -9.97, 19.15, 17.24, 17.24, 17.24, 109453, 188696972, 2.34, 0.00, 0.08, 1010.47778
2015-11-03, 5, qiang_lie, 17.15, 16.16, -6.26, 17.24, 15.52, 18.00, 15.52, 1113654.92, 1844642811, 23.79, 14.39, 1.11, 1860.95905
2015-11-04, 5, qiang_lie, 16.93, 16.57, 2.54, 16.16, 16.15, 16.85, 15.36, 1159334.4, 1857120488, 24.77, 9.22, 1.25, 1085.98518
2015-11-05, 5, qiang_lie, 16.71, 15.54, -6.22, 16.57, 16.11, 16.59, 15.38, 928858.47, 1478094789, 19.85, 7.30, 0.96, 1208.07314
2015-11-06, 5, qiang_lie, 16.55, 15.64, 0.64, 15.54, 15.21, 16.09, 15.21, 702699.07, 1106147855, 15.01, 5.66, 0.74, 1322.577
2015-11-09, 5, qiang_lie, 16.41, 16.00, 2.30, 15.64, 15.50, 16.35, 15.08, 903101.05, 1425112018, 19.29, 8.12, 1.12, 16957.66306
2015-11-10, 5, qiang_lie, 16.36, 16.06, 0.38, 16.00, 15.70, 16.79, 15.55, 829268.01, 1340898817, 17.72, 7.75, 0.86, 389.69398
2015-11-11, 5, qiang_lie, 16.36, 17.67, 10.02, 16.06, 15.90, 17.67, 15.80, 1251728.5, 2167742795, 26.74, 11.64, 1.38, 268.88204
2015-11-12, 5, qiang_lie, 16.81, 17.06, -3.45, 17.67, 18.50, 18.50, 16.90, 1320200.24, 2320803891, 28.21, 9.05, 1.43, 1028.77498
2015-11-13, 5, qiang_lie, 16.69, 15.89, -6.86, 17.06, 16.45, 16.67, 15.60, 764994.8, 1235366151, 16.34, 6.27, 0.76, 1067.08598
2015-11-16, 5, qiang_lie, 16.61, 16.11, 1.38, 15.89, 15.35, 16.29, 15.20, 454714.06, 717209890, 9.72, 6.86, 0.45, 2868.91699
2015-11-17, 5, qiang_lie, 16.53, 15.80, -1.92, 16.11, 16.20, 16.37, 15.70, 523897.26, 840999571, 11.19, 4.16, 0.57, 4361.24301
2015-11-18, 5, qiang_lie, 16.41, 14.85, -6.01, 15.80, 15.56, 15.80, 14.73, 408830.26, 628584361, 8.73, 6.77, 0.47, 1222.00489
2015-11-19, 4, gao_du, 16.31, 15.98, 7.61, 14.85, 14.86, 16.30, 14.60, 615068.63, 945863744, 13.14, 11.45, 0.89, 16595.08705
2015-11-20, 4, gao_du, 16.25, 15.62, -2.25, 15.98, 15.70, 16.20, 15.44, 501497.34, 788534331, 10.71, 4.76, 0.91, 32246.58179
2015-11-23, 4, gao_du, 16.20, 15.27, -2.24, 15.62, 15.47, 15.97, 15.22, 329433.9, 513499541, 7.04, 4.80, 0.66, 32095.37077
2015-11-24, 4, gao_du, 16.14, 15.85, 3.80, 15.27, 15.21, 16.20, 14.99, 525574.08, 827520236, 11.23, 7.92, 1.10, 1030.34186
2015-11-25, 4, gao_du, 16.12, 16.01, 1.01, 15.85, 15.68, 16.50, 15.58, 611047.28, 988092182, 13.06, 5.80, 1.28, 938.46989
2015-11-26, 4, gao_du, 16.13, 16.25, 1.50, 16.01, 16.01, 16.46, 15.82, 586460.96, 947620769, 12.53, 4.00, 1.14, 830.76191
2015-11-27, 4, gao_du, 16.22, 16.40, 0.92, 16.25, 16.20, 17.55, 15.72, 951573.65, 1599240909, 20.33, 11.26, 1.86, 1753.49307
2015-11-30, 4, gao_du, 16.18, 15.80, -3.66, 16.40, 16.60, 17.10, 14.98, 739814.94, 1190176280, 15.81, 12.93, 1.23, 910.87198
2015-12-01, 4, gao_du, 16.06, 14.97, -5.25, 15.80, 15.48, 15.61, 14.80, 527882.22, 798272316, 11.28, 5.13, 0.77, 1022.23301
2015-12-02, 3, zhong_du, 15.95, 14.37, -4.01, 14.97, 14.98, 15.26, 13.80, 331259.26, 480325802, 7.08, 9.75, 0.53, 912.27317
2015-12-03, 3, zhong_du, 15.95, 15.12, 4.85, 14.42, 14.64, 15.23, 14.37, 413306.99, 613738588, 8.83, 5.96, 0.65, 739.84504
2015-12-04, 3, zhong_du, 16.00, 15.80, 4.50, 15.12, 15.25, 16.30, 14.75, 648791.38, 1003076679, 13.86, 10.25, 1.08, 1747.04003
2015-12-07, 3, zhong_du, 15.96, 15.38, -2.66, 15.80, 15.58, 15.67, 15.20, 365312.48, 563009692, 7.80, 2.97, 0.68, 681.23317
2015-12-08, 3, zhong_du, 15.91, 15.31, -0.46, 15.38, 15.32, 15.97, 15.23, 439689.07, 687287716, 9.39, 4.81, 0.94, 846.89093
2015-12-09, 2, qing_du, 15.80, 14.81, -3.27, 15.31, 14.98, 15.10, 14.40, 458500.48, 674118939, 9.80, 4.57, 1.02, 5022.71008
2015-12-18, 2, qing_du, 15.80, 16.29, 9.99, 14.81, 16.29, 16.29, 16.29, 28563.67, 46530218, 0.61, 0.00, 0.06, 726.05896
2015-12-21, 1, wei_ruo, 15.87, 15.76, -3.25, 16.29, 17.22, 17.22, 15.69, 711658.77, 1159923575, 15.20, 9.39, 1.83, 2926.20516
2015-12-22, 1, wei_ruo, 15.84, 15.55, -1.33, 15.76, 15.44, 15.75, 15.34, 351945.19, 545689432, 7.52, 2.60, 0.88, 801.52011
2015-12-23, 1, wei_ruo, 15.80, 15.04, -3.28, 15.55, 15.57, 15.66, 15.01, 343976.07, 523172806, 7.35, 4.18, 0.86, 2798.23613
2015-12-24, 1, wei_ruo, 15.76, 15.11, 0.47, 15.04, 15.04, 15.44, 14.81, 240216.95, 363652368, 5.13, 4.19, 0.63, 1269.16289
2015-12-25, 1, wei_ruo, 15.73, 15.00, -0.73, 15.11, 14.83, 15.29, 14.83, 203041.4, 305602711, 4.34, 3.04, 0.61, 699.35393
2015-12-28, 1, wei_ruo, 15.67, 14.43, -3.80, 15.00, 15.10, 15.19, 14.43, 274044.41, 404355730, 5.85, 5.07, 0.74, 1596.48013
2015-12-29, 1, wei_ruo, 15.60, 14.24, -1.32, 14.43, 14.43, 14.55, 13.91, 217834.07, 307576958, 4.65, 4.44, 0.77, 919.04712
2015-12-30, 1, wei_ruo, 15.55, 14.14, -0.70, 14.24, 14.23, 14.23, 14.03, 172156.89, 242680252, 3.68, 1.40, 0.61, 2827.981
2015-12-31, 1, wei_ruo, 15.50, 14.07, -0.50, 14.14, 14.14, 14.34, 14.04, 156267.1, 221424705, 3.34, 2.12, 0.55, 952.53396
2016-01-04, 1, wei_ruo, 15.42, 12.66, -10.02, 14.07, 14.15, 14.19, 12.66, 164863.79, 219059844, 3.52, 10.87, 0.90, 1128.32499
2016-01-05, 1, wei_ruo, 15.21, 11.71, -7.50, 12.66, 11.45, 12.32, 11.39, 268042.65, 317266277, 5.73, 7.35, 0.95, 809.48615
2016-01-06, 1, wei_ruo, 15.03, 12.88, 9.99, 11.71, 11.85, 12.88, 11.85, 317041.03, 392829586, 6.77, 8.80, 1.12, 2977.53716
2016-01-07, 1, wei_ruo, 14.97, 11.61, -9.86, 12.88, 12.66, 12.68, 11.59, 98536.81, 119562214, 2.11, 8.46, 0.35, 743.86621
2016-01-08, 1, wei_ruo, 14.98, 12.14, 4.57, 11.61, 12.06, 12.59, 10.57, 323745.12, 387855838, 6.92, 17.40, 1.15, 2820.67895
2016-01-11, 1, wei_ruo, 14.56, 11.65, -4.04, 12.14, 11.70, 12.60, 11.50, 333612.7, 404755628, 7.13, 9.06, 1.18, 1300.57502
2016-01-12, 1, wei_ruo, 14.40, 11.55, -0.86, 11.65, 11.66, 11.95, 11.08, 241391.92, 277379554, 5.16, 7.47, 0.85, 2820.85395
2016-01-13, 1, wei_ruo, 14.22, 10.46, -9.44, 11.55, 11.59, 11.70, 10.40, 237496.72, 263431285, 5.07, 11.26, 0.84, 845.29686
2016-01-14, 1, wei_ruo, 14.03, 10.75, 2.77, 10.46, 10.00, 10.85, 9.81, 239678.26, 248506870, 5.12, 9.94, 0.85, 816.17403
2016-01-15, 1, wei_ruo, 13.84, 9.85, -8.37, 10.75, 10.50, 10.65, 9.71, 221335.89, 225560322, 4.73, 8.74, 0.78, 1164.536
2016-01-18, 1, wei_ruo, 13.67, 10.02, 1.73, 9.85, 9.56, 10.26, 9.35, 196538.68, 195843738, 4.20, 9.24, 0.70, 4647.98307
2016-01-19, 1, wei_ruo, 13.41, 11.02, 9.98, 10.02, 9.94, 11.02, 9.94, 416190.48, 448604204, 8.89, 10.78, 1.47, 1182.89208
2016-01-20, 1, wei_ruo, 13.17, 11.47, 4.08, 11.02, 11.40, 11.85, 11.10, 575600.59, 661438956, 12.30, 6.81, 2.04, 759.68099
2016-01-21, 1, wei_ruo, 12.99, 10.48, -8.63, 11.47, 11.17, 11.34, 10.46, 348356.91, 384830244, 7.44, 7.67, 1.23, 1877.83504
2016-01-22, 1, wei_ruo, 12.87, 10.67, 1.81, 10.48, 10.69, 10.91, 10.29, 232055.27, 246489660, 4.96, 5.92, 0.82, 2733.02197
2016-01-26, 1, wei_ruo, 12.63, 9.99, -9.43, 11.03, 10.82, 10.88, 9.93, 259853.95, 268973355, 5.55, 8.61, 0.92, 970.71195
2016-01-27, 1, wei_ruo, 12.49, 10.17, 1.80, 9.99, 10.30, 10.40, 9.10, 238788.16, 235459692, 5.10, 13.01, 0.84, 1240.12303
2016-01-28, 1, wei_ruo, 12.38, 9.35, -8.06, 10.17, 9.90, 10.06, 9.22, 170007.5, 164794544, 3.63, 8.26, 0.60, 4697.17789
2016-01-29, 1, wei_ruo, 12.25, 10.06, 7.59, 9.35, 9.25, 10.29, 9.25, 243767.4, 240615652, 5.21, 11.12, 0.86, 1065.24801
2016-02-01, 1, wei_ruo, 12.14, 9.59, -4.67, 10.06, 10.08, 10.08, 9.27, 207692.16, 201332909, 4.44, 8.05, 0.73, 2954.33807
2016-02-02, 1, wei_ruo, 12.04, 9.91, 3.34, 9.59, 9.60, 10.19, 9.60, 195342.54, 194383281, 4.17, 6.15, 0.69, 1302.93894
2016-02-03, 1, wei_ruo, 11.92, 10.42, 5.15, 9.91, 9.70, 10.80, 9.55, 330874.49, 336659932, 7.07, 12.61, 1.17, 3105.71098
2016-02-04, 1, wei_ruo, 11.83, 10.77, 3.36, 10.42, 10.46, 11.19, 10.36, 368849.5, 399459597, 7.88, 7.97, 1.30, 3081.02918
2016-02-05, 1, wei_ruo, 11.77, 10.42, -3.25, 10.77, 10.61, 10.95, 10.40, 232009.46, 246921159, 4.96, 5.11, 0.82, 886.22308
2016-02-15, 1, wei_ruo, 11.70, 10.16, -2.50, 10.42, 10.00, 10.38, 9.61, 173808.94, 174326580, 3.71, 7.39, 0.61, 889.34708
2016-02-16, 1, wei_ruo, 11.67, 11.18, 10.04, 10.16, 10.28, 11.18, 10.16, 163850.87, 180808094, 3.50, 10.04, 0.58, 1069.49496
2016-02-17, 1, wei_ruo, 11.74, 12.30, 10.02, 11.18, 12.00, 12.30, 11.80, 726988.02, 887880846, 15.53, 4.47, 2.57, 261.77096
2016-02-18, 1, wei_ruo, 11.91, 12.24, -0.49, 12.30, 13.00, 13.50, 12.18, 880436.54, 1116099071, 18.81, 10.73, 3.11, 906.147
2016-02-19, 1, wei_ruo, 11.94, 12.23, -0.08, 12.24, 12.25, 12.58, 12.07, 358928.76, 442068958, 7.67, 4.17, 1.60, 2733.69384
2016-02-22, 1, wei_ruo, 11.93, 12.32, 0.82, 12.22, 12.30, 12.59, 12.20, 382243.15, 472581499, 8.17, 3.19, 0.79, 4780.71094
2016-02-23, 1, wei_ruo, 11.97, 11.99, -2.68, 12.32, 12.33, 12.33, 11.72, 366383.48, 437958045, 7.83, 4.95, 0.70, 3211.94983
2016-02-24, 1, wei_ruo, 11.97, 12.06, 0.58, 11.99, 11.88, 12.08, 11.71, 267132.11, 318495377, 5.71, 3.09, 0.47, 907.42016
2016-02-25, 1, wei_ruo, 11.92, 10.85, -10.03, 12.06, 12.06, 12.06, 10.85, 358393.02, 405989190, 7.66, 10.03, 0.76, 887.08496
2016-02-26, 1, wei_ruo, 11.85, 10.68, -1.57, 10.85, 10.90, 11.15, 10.40, 271120.9, 293750465, 5.77, 6.91, 0.73, 2609.48586
2016-02-29, 1, wei_ruo, 11.75, 9.77, -8.52, 10.68, 10.51, 10.55, 9.61, 235549.92, 232808012, 5.02, 8.80, 0.72, 1038.87486
2016-03-01, 1, wei_ruo, 11.68, 10.36, 6.04, 9.77, 9.90, 10.50, 9.72, 232173.98, 234087808, 4.94, 7.98, 0.77, 2989.95519
2016-03-02, 1, wei_ruo, 11.62, 11.40, 10.04, 10.36, 10.21, 11.40, 10.20, 363373.97, 393185740, 7.74, 11.58, 1.33, 811.6231
2016-03-03, 1, wei_ruo, 11.59, 11.11, -2.54, 11.40, 11.63, 11.78, 11.03, 456895.6, 521049890, 9.73, 6.58, 1.56, 1487.27894
2016-03-04, 1, wei_ruo, 11.53, 10.45, -5.94, 11.11, 10.90, 11.10, 10.21, 291649.23, 311124910, 6.21, 8.01, 0.94, 702.65508
2016-03-07, 1, wei_ruo, 11.50, 10.80, 3.35, 10.45, 10.47, 11.18, 10.47, 217970.76, 236980060, 4.64, 6.79, 0.69, 676.03397
2016-03-08, 1, wei_ruo, 11.45, 10.86, 0.56, 10.80, 10.68, 10.97, 10.13, 241251.74, 254774427, 5.14, 7.78, 0.77, 1701.44296
2016-03-09, 1, wei_ruo, 11.42, 10.47, -3.59, 10.86, 10.48, 10.79, 10.31, 157982.79, 166309661, 3.36, 4.42, 0.50, 4702.80099
2016-03-10, 1, wei_ruo, 11.39, 10.48, 0.10, 10.47, 10.51, 10.85, 10.39, 173958.38, 184430351, 3.70, 4.39, 0.64, 2010.38599
2016-03-11, 1, wei_ruo, 11.36, 10.43, -0.48, 10.48, 10.35, 10.58, 10.25, 135328.35, 141022773, 2.88, 3.15, 0.62, 1034.18088
2016-03-14, 1, wei_ruo, 11.34, 10.83, 3.84, 10.43, 10.68, 11.20, 10.58, 259098.62, 283152770, 5.52, 5.94, 1.40, 2590.82484
2016-03-15, 1, wei_ruo, 11.31, 10.79, -0.37, 10.83, 10.69, 11.17, 10.63, 239867.03, 261429116, 5.11, 4.99, 1.24, 1181.94413
2016-03-16, 1, wei_ruo, 11.28, 10.47, -2.97, 10.79, 10.80, 10.96, 10.33, 194246.68, 205819060, 4.14, 5.84, 1.01, 2627.38204
2016-03-17, 1, wei_ruo, 11.25, 10.83, 3.44, 10.47, 10.57, 10.94, 10.44, 262512.86, 281684427, 5.59, 4.78, 1.31, 751.02997
2016-03-18, 1, wei_ruo, 11.29, 11.91, 9.97, 10.83, 10.91, 11.91, 10.82, 552415.94, 634785997, 11.77, 10.06, 2.53, 673.21587
2016-03-21, 1, wei_ruo, 11.43, 12.22, 2.60, 11.91, 12.03, 12.40, 11.80, 763501.61, 921656127, 16.26, 5.04, 2.53, 2866.88209
2016-03-22, 2, qing_du, 11.53, 12.22, 0.00, 12.22, 11.90, 12.67, 11.82, 595873.19, 724468716, 12.69, 6.96, 1.48, 723.68002
2016-03-23, 2, qing_du, 11.62, 12.44, 1.80, 12.22, 12.00, 12.58, 11.95, 529233.45, 650958511, 11.27, 5.16, 1.12, 899.09506
2016-03-24, 3, zhong_du, 11.71, 12.22, -1.77, 12.44, 12.21, 12.98, 12.00, 537888.5, 673528807, 11.46, 7.88, 0.99, 2717.92889
2016-03-25, 3, zhong_du, 11.83, 12.41, 1.55, 12.22, 12.71, 12.98, 12.23, 448247.21, 563426333, 9.55, 6.14, 0.75, 586.88211
2016-03-28, 3, zhong_du, 11.90, 12.37, -0.32, 12.41, 12.50, 12.76, 12.23, 352654.33, 441267276, 11.38, 4.27, 0.61, 2019.73605
2016-03-29, 3, zhong_du, 11.90, 11.81, -4.53, 12.37, 12.28, 12.36, 11.57, 334381.07, 398805239, 10.79, 6.39, 0.68, 934.29899
2016-03-30, 3, zhong_du, 11.92, 12.24, 3.64, 11.81, 12.00, 12.25, 11.89, 307856.23, 371625153, 9.94, 3.05, 0.70, 1189.71515
2016-03-31, 3, zhong_du, 12.00, 12.45, 1.72, 12.24, 12.34, 12.86, 12.18, 420788.28, 526799330, 13.58, 5.56, 1.06, 3045.89105
2016-04-01, 3, zhong_du, 12.03, 12.28, -1.37, 12.45, 12.29, 12.56, 12.01, 281689.16, 344872121, 9.09, 4.42, 0.76, 4667.17005
2016-04-05, 3, zhong_du, 12.07, 12.50, 1.79, 12.28, 12.29, 12.65, 12.07, 334142.34, 414053962, 10.79, 4.72, 0.98, 173.33317
2016-04-06, 3, zhong_du, 12.13, 12.64, 1.12, 12.50, 12.42, 12.68, 12.35, 367628.38, 460856478, 11.76, 2.64, 1.09, 505.69797
2016-04-07, 3, zhong_du, 12.15, 12.23, -3.24, 12.64, 12.69, 12.75, 12.22, 304566.91, 378107926, 9.74, 4.19, 0.89, 783.64801
2016-04-08, 3, zhong_du, 12.14, 12.00, -1.88, 12.23, 12.11, 12.18, 11.70, 238389.3, 286187891, 7.63, 3.92, 0.70, 741.06097
2016-04-11, 3, zhong_du, 12.14, 12.22, 1.83, 12.00, 12.17, 12.35, 12.11, 174355.32, 213370938, 5.58, 2.00, 0.57, 450.44208
2016-04-12, 3, zhong_du, 12.14, 12.01, -1.72, 12.22, 12.20, 12.28, 11.88, 172376.39, 207455573, 5.51, 3.27, 0.61, 2266.80899
2016-04-13, 4, gao_du, 12.15, 12.17, 1.33, 12.01, 12.15, 12.40, 12.11, 258177.47, 317001371, 8.26, 2.41, 1.03, 1132.24316
2016-04-14, 4, gao_du, 12.15, 12.27, 0.82, 12.17, 12.28, 12.34, 12.10, 181676.2, 222028106, 5.81, 1.97, 0.79, 653.29504
2016-04-15, 4, gao_du, 12.23, 12.67, 3.26, 12.27, 12.28, 13.13, 12.20, 477821.88, 607923699, 15.29, 7.58, 2.33, 649.77407
2016-04-18, 4, gao_du, 12.24, 12.32, -2.76, 12.67, 12.40, 12.50, 12.20, 220721.68, 272326096, 7.06, 2.37, 0.87, 3472.54205
2016-04-19, 5, qiang_lie, 12.24, 12.37, 0.41, 12.32, 12.43, 12.49, 12.21, 167188.58, 206085761, 5.35, 2.27, 0.64, 622.32494
2016-04-20, 5, qiang_lie, 12.59, 13.61, 10.02, 12.37, 12.69, 13.61, 12.63, 1041780.29, 1365279502, 33.33, 7.92, 3.99, 3606.43387
2016-04-21, 5, qiang_lie, 13.44, 14.97, 9.99, 13.61, 13.99, 14.97, 13.78, 1343894.5, 1960593177, 42.99, 8.74, 3.22, 618.0501
2016-04-22, 5, qiang_lie, 13.57, 13.60, -9.15, 14.97, 14.39, 14.45, 13.50, 973700.89, 1354554556, 20.80, 6.35, 1.50, 1648.12493
2016-04-25, 5, qiang_lie, 13.68, 13.90, 2.21, 13.60, 13.75, 14.50, 13.55, 797108.07, 1122251777, 17.03, 6.99, 1.06, 1197.60108
2016-04-26, 5, qiang_lie, 13.76, 14.21, 2.23, 13.90, 14.04, 14.45, 13.38, 744778.52, 1039121746, 15.91, 7.70, 0.86, 584.53178
2016-04-27, 5, qiang_lie, 13.78, 13.79, -2.96, 14.21, 14.00, 14.20, 13.70, 497798.46, 693594795, 10.63, 3.52, 0.51, 924.60203
2016-04-28, 4, gao_du, 9.11, 9.10, -0.11, 9.11, 9.02, 9.49, 8.85, 766588.85, 707373083, 16.37, 7.03, 0.88, 644.71507
2016-04-29, 4, gao_du, 9.08, 8.83, -2.97, 9.10, 8.97, 8.99, 8.77, 485176.21, 430158856, 10.36, 2.42, 0.64, 631.08516
2016-05-03, 3, zhong_du, 9.08, 9.19, 4.08, 8.83, 8.83, 9.29, 8.62, 656020.06, 588693264, 14.01, 7.59, 1.00, 677.36697
2016-05-04, 4, gao_du, 9.14, 9.37, 1.96, 9.19, 9.10, 9.80, 9.03, 968818.26, 912428625, 20.69, 8.38, 1.54, 850.50297
2016-05-05, 4, gao_du, 9.17, 9.34, -0.32, 9.37, 9.25, 9.48, 9.20, 574094.03, 535394977, 12.26, 2.99, 0.85, 539.75916
2016-05-06, 5, qiang_lie, 9.15, 8.93, -4.39, 9.34, 9.35, 9.39, 8.90, 633195.83, 575360975, 13.52, 5.25, 0.92, 1455.87301
2016-05-09, 5, qiang_lie, 9.08, 8.27, -7.39, 8.93, 8.80, 8.80, 8.16, 452270.52, 380437360, 9.66, 7.17, 0.68, 1912.99605
2016-05-10, 4, gao_du, 9.04, 8.36, 1.09, 8.27, 8.33, 8.51, 8.25, 298077.74, 249529193, 6.37, 3.14, 0.45, 2680.55201
2016-05-11, 3, zhong_du, 8.99, 8.20, -1.91, 8.36, 8.42, 8.49, 8.10, 297348.3, 246394245, 6.35, 4.67, 0.51, 748.19994
2016-05-12, 2, qing_du, 8.91, 8.00, -2.44, 8.20, 8.01, 8.10, 7.68, 324301.74, 256572215, 6.93, 5.12, 0.72, 1134.92107
2016-05-13, 2, qing_du, 8.87, 8.10, 1.25, 8.00, 8.00, 8.24, 7.99, 272459.8, 221240829, 5.82, 3.13, 0.68, 955.85203
2016-05-16, 2, qing_du, 8.83, 8.26, 1.98, 8.10, 8.08, 8.28, 7.96, 278502.16, 226959708, 5.95, 3.95, 0.85, 2850.71397
2016-05-17, 2, qing_du, 8.79, 8.45, 2.30, 8.26, 8.26, 8.60, 8.19, 454880.68, 383327651, 9.72, 4.96, 1.55, 901.77298
2016-05-18, 2, qing_du, 8.73, 8.04, -4.85, 8.45, 8.28, 8.36, 7.90, 353361.91, 286510246, 7.55, 5.44, 1.09, 1347.44406
2016-05-19, 2, qing_du, 8.70, 8.03, -0.12, 8.04, 8.09, 8.19, 7.99, 246770.62, 199526020, 5.27, 2.49, 0.73, 2886.97481
2016-05-20, 1, wei_ruo, 8.66, 8.01, -0.25, 8.03, 7.90, 8.02, 7.82, 240705.95, 190891261, 5.14, 2.49, 0.75, 1667.99903
2016-05-23, 1, wei_ruo, 8.63, 8.14, 1.62, 8.01, 8.05, 8.15, 8.05, 251596.99, 204240792, 5.37, 1.25, 0.80, 2785.45713
2016-05-24, 1, wei_ruo, 8.60, 8.20, 0.74, 8.14, 8.13, 8.34, 8.02, 381778.81, 312833276, 8.15, 3.93, 1.23, 2289.62898
2016-05-25, 1, wei_ruo, 8.57, 8.09, -1.34, 8.20, 8.28, 8.32, 8.01, 269054.13, 218940690, 5.75, 3.78, 0.87, 3403.48411
2016-05-26, 1, wei_ruo, 8.54, 8.19, 1.24, 8.09, 8.15, 8.27, 8.01, 287530.31, 234223363, 6.14, 3.21, 0.93, 698.00186
2016-05-27, 1, wei_ruo, 8.52, 8.09, -1.22, 8.19, 8.13, 8.17, 8.03, 213306.9, 172942739, 4.56, 1.71, 0.69, 5849.93505
2016-05-30, 1, wei_ruo, 8.50, 8.11, 0.25, 8.09, 8.06, 8.33, 7.91, 283175.69, 229993129, 6.05, 5.19, 0.92, 3753.40605
2016-05-31, 1, wei_ruo, 8.48, 8.49, 4.69, 8.11, 8.01, 8.57, 8.01, 581989.58, 486015627, 12.43, 6.91, 1.88, 3375.64397
2016-06-01, 1, wei_ruo, 8.49, 8.58, 1.06, 8.49, 8.57, 8.74, 8.34, 656751.69, 561957369, 14.03, 4.71, 2.12, 1255.0621
2016-06-02, 1, wei_ruo, 8.49, 8.63, 0.58, 8.58, 8.51, 8.66, 8.46, 422596.1, 362207290, 9.03, 2.33, 1.37, 2942.384
2016-06-03, 1, wei_ruo, 8.52, 8.58, -0.58, 8.63, 8.56, 8.74, 8.50, 402541.88, 345984470, 8.60, 2.78, 1.30, 3826.231
2016-06-06, 1, wei_ruo, 8.52, 8.46, -1.40, 8.58, 8.59, 8.63, 8.40, 290716.01, 247177604, 6.21, 2.68, 0.94, 753.31211
2016-06-07, 1, wei_ruo, 8.51, 8.45, -0.12, 8.46, 8.45, 8.52, 8.38, 233375.58, 196854293, 4.98, 1.65, 0.75, 1605.33595
2016-06-08, 1, wei_ruo, 8.51, 8.43, -0.24, 8.45, 8.40, 8.50, 8.31, 230635.06, 193498812, 4.93, 2.25, 0.75, 2760.83302
2016-06-13, 1, wei_ruo, 8.48, 8.00, -5.10, 8.43, 8.28, 8.28, 7.98, 351545.68, 285775837, 7.51, 3.56, 1.14, 2270.43414
2016-06-14, 1, wei_ruo, 8.46, 7.99, -0.13, 8.00, 7.92, 8.10, 7.90, 171852.35, 137436643, 3.67, 2.50, 0.56, 1426.61119
2016-06-15, 1, wei_ruo, 8.43, 8.17, 2.25, 7.99, 7.86, 8.24, 7.82, 390162.45, 314951745, 8.33, 5.26, 1.26, 5257.75099
2016-06-16, 1, wei_ruo, 8.40, 8.02, -1.84, 8.17, 8.13, 8.14, 7.98, 308181.6, 247948807, 6.58, 1.96, 1.00, 2229.9428
2016-06-17, 1, wei_ruo, 8.39, 8.04, 0.25, 8.02, 8.05, 8.13, 8.00, 210915.05, 169892552, 4.51, 1.62, 0.68, 6250.74983
2016-06-20, 1, wei_ruo, 8.37, 7.96, -1.00, 8.04, 8.03, 8.04, 7.87, 173270.87, 137654051, 3.70, 2.11, 0.56, 1070.539
2016-06-21, 1, wei_ruo, 8.35, 7.89, -0.88, 7.96, 8.02, 8.05, 7.87, 181456.29, 144454337, 3.88, 2.26, 0.59, 7131.91009
2016-06-22, 1, wei_ruo, 8.34, 7.96, 0.89, 7.89, 7.90, 7.97, 7.86, 147565.3, 116808782, 3.15, 1.39, 0.48, 1778.20706
2016-06-23, 1, wei_ruo, 8.34, 8.40, 5.53, 7.96, 7.96, 8.69, 7.91, 658975.56, 553862641, 14.08, 9.80, 2.13, 2801.52297
2016-06-24, 1, wei_ruo, 8.38, 8.64, 2.86, 8.40, 8.22, 8.72, 8.18, 989446.22, 844309558, 21.13, 6.43, 3.20, 657.21607
2016-06-27, 1, wei_ruo, 8.50, 9.50, 9.95, 8.64, 8.51, 9.50, 8.51, 707246.83, 655691746, 15.11, 11.46, 2.29, 789.77919
2016-06-28, 2, qing_du, 9.04, 9.95, 4.74, 9.50, 10.03, 10.35, 9.80, 1660701.89, 1662861566, 35.47, 5.79, 5.37, 855.22795
2016-06-30, 3, zhong_du, 9.52, 10.03, -2.15, 10.25, 10.02, 10.44, 9.85, 909554.45, 918800703, 19.43, 5.76, 2.94, 1037.83393
2016-07-01, 3, zhong_du, 9.80, 10.49, 4.59, 10.03, 10.40, 10.94, 10.27, 1245302.74, 1317574674, 26.60, 6.68, 4.02, 543.67495
2016-07-04, 3, zhong_du, 9.96, 10.68, 1.81, 10.49, 10.22, 10.88, 10.06, 1027390.17, 1071480848, 21.94, 7.82, 3.32, 805.68194
2016-07-05, 3, zhong_du, 10.03, 10.41, -2.53, 10.68, 10.56, 10.65, 10.34, 674799.62, 706408215, 14.41, 2.90, 2.18, 4639.69421
2016-07-06, 3, zhong_du, 10.06, 10.30, -1.06, 10.41, 10.31, 10.53, 10.15, 499522.91, 516037806, 10.67, 3.65, 1.61, 4584.49101
2016-07-07, 4, gao_du, 10.33, 11.33, 10.00, 10.30, 10.35, 11.33, 10.26, 1346134.04, 1486115776, 28.75, 10.39, 4.35, 908.77485
2016-07-08, 4, gao_du, 10.43, 10.92, -3.62, 11.33, 11.00, 11.12, 10.80, 776543.83, 850750379, 16.59, 2.82, 2.51, 4588.84406
2016-07-11, 4, gao_du, 10.47, 10.81, -1.01, 10.92, 10.88, 11.06, 10.58, 505223.13, 547144999, 10.79, 4.40, 1.63, 3029.43993
2016-07-12, 4, gao_du, 10.52, 10.84, 0.28, 10.81, 10.75, 11.13, 10.51, 590327.62, 640516709, 12.61, 5.74, 1.91, 15143.38112
2016-07-13, 4, gao_du, 10.63, 11.13, 2.68, 10.84, 10.98, 11.57, 10.89, 767400.88, 863515705, 16.39, 6.27, 2.50, 2538.84411
2016-07-14, 4, gao_du, 10.69, 11.26, 1.17, 11.13, 11.00, 11.43, 10.81, 570494.78, 641148932, 12.19, 5.57, 1.84, 1734.91001
2016-07-15, 5, qiang_lie, 10.73, 11.20, -0.53, 11.26, 11.18, 11.29, 11.00, 336447.88, 373773703, 7.19, 2.58, 1.09, 640.22422
2016-07-18, 5, qiang_lie, 10.75, 11.09, -0.98, 11.20, 11.18, 11.18, 10.71, 391480.4, 429242263, 8.36, 4.20, 1.29, 3446.31195
2016-07-19, 5, qiang_lie, 10.82, 11.42, 2.98, 11.09, 10.99, 11.75, 10.88, 570515.27, 651840862, 12.19, 7.84, 1.84, 606.01687
2016-07-20, 5, qiang_lie, 10.82, 12.27, 7.44, 11.42, 11.51, 12.56, 11.51, 961315.6, 1161624152, 20.53, 9.19, 3.11, 2565.38606
2016-07-21, 5, qiang_lie, 11.24, 12.15, -0.98, 12.27, 12.03, 12.50, 11.81, 649408.15, 788965636, 13.87, 5.62, 2.10, 2047.91617
2016-07-22, 5, qiang_lie, 11.32, 11.92, -1.89, 12.15, 12.08, 12.46, 11.90, 436447.09, 529372065, 9.32, 4.61, 1.41, 4676.61214
2016-07-25, 5, qiang_lie, 11.38, 12.16, 2.01, 11.92, 11.90, 12.23, 11.55, 457629.56, 543514303, 9.77, 5.70, 1.48, 18111.60922
2016-07-26, 5, qiang_lie, 11.44, 12.19, 0.25, 12.16, 12.00, 12.29, 11.91, 348287.71, 422673688, 7.44, 3.13, 1.13, 930.77898
2016-07-27, 5, qiang_lie, 11.48, 11.85, -2.79, 12.19, 12.18, 12.39, 11.23, 556396.14, 663714458, 11.88, 9.52, 1.80, 22033.12993
2016-07-28, 5, qiang_lie, 11.56, 12.35, 4.22, 11.85, 11.78, 12.48, 11.59, 586483.6, 713813248, 12.53, 7.51, 1.90, 3137.0008
2016-07-29, 5, qiang_lie, 11.60, 11.87, -3.89, 12.35, 12.34, 12.34, 11.71, 447660.86, 536242244, 9.56, 5.10, 1.45, 14291.76688
2016-08-01, 5, qiang_lie, 11.60, 11.43, -3.71, 11.87, 11.64, 11.95, 11.31, 384045.94, 445325713, 8.20, 5.39, 1.24, 6382.51901
2016-08-02, 5, qiang_lie, 11.58, 11.30, -1.14, 11.43, 11.45, 11.75, 11.02, 307767.75, 347603898, 6.57, 6.39, 0.99, 17226.41492
2016-08-03, 5, qiang_lie, 11.57, 11.39, 0.80, 11.30, 11.31, 11.47, 11.16, 266356.75, 300912035, 5.69, 2.74, 0.95, 2631.49405
2016-08-04, 5, qiang_lie, 11.56, 11.51, 1.05, 11.39, 11.40, 11.66, 11.20, 304457.62, 349005269, 6.50, 4.04, 1.17, 14530.32804
2016-08-05, 5, qiang_lie, 11.57, 11.61, 0.87, 11.51, 11.50, 11.84, 11.33, 293878.95, 342279365, 6.28, 4.43, 1.07, 2550.23003
2016-08-08, 5, qiang_lie, 11.59, 11.95, 2.93, 11.61, 11.62, 12.22, 11.61, 359645.82, 430973151, 7.68, 5.25, 1.26, 3660.65598
2016-08-09, 5, qiang_lie, 11.62, 11.95, 0.00, 11.95, 11.90, 12.17, 11.74, 313353, 374316516, 6.69, 3.60, 1.02, 4580.85704
2016-08-10, 5, qiang_lie, 11.65, 12.05, 0.84, 11.95, 11.99, 12.25, 11.88, 342113.91, 412896128, 7.31, 3.10, 1.12, 6528.84221
2016-08-11, 5, qiang_lie, 11.67, 11.94, -0.91, 12.05, 12.05, 12.18, 11.78, 273217.59, 327215927, 5.84, 3.32, 0.84, 597.82004
2016-08-15, 5, qiang_lie, 11.74, 12.22, 0.41, 12.17, 12.10, 12.35, 12.02, 338514.16, 412659102, 7.23, 2.71, 1.02, 775.22898
2016-08-16, 5, qiang_lie, 11.80, 12.28, 0.33, 12.24, 12.26, 12.55, 11.99, 502725.89, 614541072, 10.74, 4.58, 1.52, 660.604
2016-08-17, 5, qiang_lie, 11.82, 12.13, -1.22, 12.28, 12.10, 12.29, 12.05, 269407.09, 327390416, 5.75, 1.95, 0.73, 14491.23001
2016-08-18, 5, qiang_lie, 11.83, 12.06, -0.58, 12.13, 12.06, 12.20, 12.01, 208108.99, 251221730, 4.45, 1.57, 0.59, 16536.66997
2016-08-19, 5, qiang_lie, 11.84, 11.95, -0.91, 12.06, 12.08, 12.09, 11.91, 165275.47, 197904967, 3.53, 1.49, 0.48, 725.74186
2016-08-22, 5, qiang_lie, 11.85, 12.02, 0.59, 11.95, 12.00, 12.19, 11.92, 202488.72, 244245489, 4.33, 2.26, 0.68, 698.43912
2016-08-23, 5, qiang_lie, 11.92, 12.41, 3.24, 12.02, 12.15, 12.87, 12.12, 564140.31, 705041852, 12.05, 6.24, 2.11, 774.34087
2016-08-24, 5, qiang_lie, 12.19, 13.65, 9.99, 12.41, 12.31, 13.65, 12.31, 985377.4, 1300284027, 21.05, 10.80, 3.53, 2438.35402
2016-08-25, 5, qiang_lie, 12.50, 13.55, -0.73, 13.65, 13.48, 14.30, 13.30, 950081.19, 1306800347, 20.29, 7.33, 2.23, 551.88417
2016-08-26, 5, qiang_lie, 12.64, 13.24, -2.29, 13.55, 13.40, 14.17, 12.91, 667750.66, 901881726, 14.26, 9.30, 1.16, 2408.916
2016-08-29, 5, qiang_lie, 12.66, 13.04, -1.51, 13.24, 13.01, 13.14, 12.65, 425602.53, 548594427, 9.09, 3.70, 0.63, 648.38219
2016-08-30, 5, qiang_lie, 12.86, 14.34, 9.97, 13.04, 13.02, 14.34, 12.83, 804585.77, 1117223292, 17.19, 11.58, 1.12, 539.78992
2016-08-31, 5, qiang_lie, 13.01, 14.03, -2.16, 14.34, 14.50, 14.60, 13.81, 724520.57, 1018753000, 15.48, 5.51, 0.94, 653.56803
2016-09-01, 5, qiang_lie, 13.18, 14.05, 0.14, 14.03, 14.02, 14.30, 13.75, 567927.36, 793148497, 12.13, 3.92, 0.79, 998.66509
2016-09-02, 5, qiang_lie, 13.18, 13.95, -0.71, 14.05, 13.86, 13.98, 13.67, 324535.94, 448769030, 6.93, 2.21, 0.45, 6279.78301
2016-09-05, 5, qiang_lie, 13.18, 14.70, 5.38, 13.95, 13.95, 14.90, 13.70, 674049.64, 965973049, 14.40, 8.60, 0.94, 1487.83302
2016-09-06, 5, qiang_lie, 13.18, 14.64, -0.41, 14.70, 14.57, 15.08, 14.30, 592613.76, 868120831, 12.66, 5.31, 0.83, 4485.19301
2016-09-07, 5, qiang_lie, 13.18, 14.64, 0.00, 14.64, 14.68, 14.99, 14.47, 446202.5, 659136611, 9.53, 3.55, 0.62, 2520.95699
2016-09-08, 5, qiang_lie, 13.18, 14.57, -0.48, 14.64, 14.53, 14.70, 14.23, 348642.59, 503465201, 7.45, 3.21, 0.49, 558.04992
2016-09-09, 5, qiang_lie, 13.18, 13.98, -2.51, 14.34, 14.50, 14.60, 13.90, 324620.28, 459216014, 6.93, 4.88, 2.36, 2623.01898
2016-09-12, 5, qiang_lie, 13.18, 13.98, -2.51, 14.34, 14.50, 14.60, 13.90, 324620.28, 459216014, 6.93, 4.88, 2.36, 2595.21508
2016-09-13, 5, qiang_lie, 13.18, 13.60, -0.51, 13.67, 13.80, 13.88, 13.50, 230530.44, 314418009, 4.92, 2.78, 0.32, 18085.08897
2016-09-14, 5, qiang_lie, 13.18, 13.98, -2.51, 14.34, 14.50, 14.60, 13.90, 324620.28, 459216014, 6.93, 4.88, 2.36, 720.92581
2016-09-19, 5, qiang_lie, 13.18, 14.04, 5.17, 13.35, 13.29, 14.27, 13.29, 336942.66, 469175848, 7.20, 7.34, 0.48, 677.86384
2016-09-20, 5, qiang_lie, 13.18, 14.09, 0.36, 14.04, 14.00, 14.30, 13.81, 239284.46, 336233032, 5.11, 3.49, 0.33, 1246.58203
2016-09-21, 5, qiang_lie, 13.18, 13.92, -1.21, 14.09, 14.10, 14.25, 13.86, 209953.26, 295136499, 4.48, 2.77, 0.30, 479.12407
2016-09-22, 5, qiang_lie, 13.18, 13.96, 0.29, 13.92, 14.05, 14.13, 13.81, 207343.66, 288675746, 4.43, 2.30, 0.29, 545.36009
2016-09-23, 5, qiang_lie, 13.18, 13.59, -2.65, 13.96, 13.96, 13.96, 13.55, 251518.7, 343800689, 5.37, 2.94, 0.35, 643.36801
2016-09-26, 5, qiang_lie, 13.18, 13.36, -1.62, 13.58, 13.47, 13.75, 13.30, 196501.63, 265268748, 4.20, 3.31, 0.28, 1588.14192
2016-09-27, 5, qiang_lie, 13.18, 13.47, 0.82, 13.36, 13.35, 13.60, 13.20, 138847.99, 186331461, 2.97, 2.99, 0.19, 1542.377
2016-09-28, 4, gao_du, 13.18, 13.77, 2.23, 13.47, 13.53, 13.95, 13.46, 278819.93, 382955908, 5.96, 3.64, 0.39, 63910.70199
2016-09-29, 4, gao_du, 13.18, 13.63, -1.02, 13.77, 13.66, 13.89, 13.56, 161207.28, 220867945, 3.44, 2.40, 0.23, 7243.96896
2016-09-30, 4, gao_du, 13.18, 13.65, 0.15, 13.63, 13.59, 13.80, 13.56, 102815.96, 140912560, 2.20, 1.76, 0.14, 2371.27709
2016-10-10, 4, gao_du, 13.18, 13.77, 0.88, 13.65, 13.66, 13.84, 13.35, 218418.35, 296816227, 4.67, 3.59, 0.31, 707.23987
2016-10-11, 4, gao_du, 13.18, 13.67, -0.73, 13.77, 13.66, 13.77, 13.57, 183123.54, 249782824, 3.91, 1.45, 0.26, 2873.75617
2016-10-12, 4, gao_du, 13.18, 13.42, -1.83, 13.67, 13.60, 13.65, 13.35, 200508.33, 269604679, 4.28, 2.19, 0.28, 2457.16381
2016-10-13, 3, zhong_du, 13.18, 13.22, -1.49, 13.42, 13.40, 13.43, 13.05, 263180.91, 347153058, 5.62, 2.83, 0.37, 3561.95092
2016-10-14, 3, zhong_du, 13.68, 13.32, 0.76, 13.22, 13.18, 13.36, 12.98, 199901.66, 263888796, 4.27, 2.87, 0.28, 733.74391
2016-10-17, 3, zhong_du, 13.67, 13.44, 0.90, 13.32, 13.34, 13.58, 13.28, 97599.5, 131435094, 2.08, 2.25, 0.27, 2598.69885
2016-10-18, 3, zhong_du, 13.65, 13.44, 0.90, 13.32, 13.34, 13.58, 13.28, 97599.5, 131435094, 2.08, 2.25, 0.27, 2412.12511
2016-10-19, 3, zhong_du, 13.64, , , , , , , , , , , , 491.93406
2016-10-20, 3, zhong_du, 13.63, 13.26, 0.38, 13.21, 13.21, 13.49, 13.08, 213076.57, 283061815, 4.55, 3.10, 0.47, 18136.26885
2016-10-21, 2, qing_du, 13.61, 13.31, 0.38, 13.26, 13.25, 13.37, 13.10, 152715.69, 201637849, 3.26, 2.04, 0.38, 8472.09811
2016-10-24, 2, qing_du, 13.64, 13.90, 4.35, 13.32, 13.39, 14.41, 13.39, 500965.01, 696828654, 10.70, 7.66, 1.80, 2583.4949
2016-10-25, 2, qing_du, 13.75, 14.31, 2.95, 13.90, 13.83, 15.00, 13.73, 739354.39, 1058511281, 15.79, 9.14, 2.64, 733.3281
2016-10-26, 3, zhong_du, 13.78, 13.86, -3.14, 14.31, 14.18, 14.30, 13.78, 425990.34, 593973360, 9.10, 3.63, 1.52, 502.13218
2016-10-27, 3, zhong_du, 13.77, 13.76, -0.72, 13.86, 13.70, 13.98, 13.56, 246550.49, 339413777, 5.27, 3.03, 0.89, 715.60788
2016-10-28, 3, zhong_du, 13.76, 13.41, -2.54, 13.76, 13.71, 13.86, 13.41, 257958.16, 350213784, 5.51, 3.27, 0.92, 20119.23409
2016-10-31, 2, qing_du, 13.75, 13.46, 0.37, 13.41, 13.39, 13.68, 13.22, 146650.84, 197764471, 3.13, 3.43, 0.53, 580.22404
2016-11-01, 1, wei_ruo, 13.74, 13.67, 1.48, 13.47, 13.39, 13.77, 13.25, 241880.27, 329721020, 5.17, 3.86, 0.86, 538.98096
2016-11-02, 1, wei_ruo, 13.75, 13.83, 1.17, 13.67, 13.66, 13.96, 13.52, 262737.61, 362915487, 5.61, 3.22, 0.95, 454.88191
2016-11-03, 1, wei_ruo, 13.74, 13.69, -1.08, 13.84, 13.88, 13.88, 13.56, 221017.3, 303192091, 4.72, 2.31, 0.79, 647.52007
2016-11-04, 2, qing_du, 13.75, 13.88, 1.39, 13.69, 13.66, 14.26, 13.58, 309028.61, 430211808, 6.60, 4.97, 1.10, 1875.23103
2016-11-07, 2, qing_du, 13.75, 13.65, -1.66, 13.88, 13.80, 13.81, 13.51, 181150.02, 247244433, 3.87, 2.16, 0.65, 660.11405
2016-11-08, 2, qing_du, 13.75, 13.82, 1.17, 13.66, 13.75, 13.98, 13.60, 224750.16, 309769161, 4.80, 2.78, 0.81, 426.615
2016-11-09, 1, wei_ruo, 13.75, 13.58, -1.74, 13.82, 13.81, 13.81, 13.41, 210859.91, 287022461, 4.50, 2.89, 0.75, 584.76996
2016-11-10, 1, wei_ruo, 13.74, 13.62, 0.29, 13.58, 13.70, 13.75, 13.57, 179156.16, 244057861, 3.83, 1.33, 0.64, 747.83993
2016-11-11, 1, wei_ruo, 13.73, 13.51, -0.81, 13.62, 13.63, 13.75, 13.30, 257118.21, 346492220, 5.49, 3.30, 0.92, 798.64907
2016-11-14, 1, wei_ruo, 13.72, 13.42, -0.67, 13.51, 13.50, 13.58, 13.35, 194365.4, 261252760, 4.15, 1.70, 0.70, 499.686
2016-11-15, 1, wei_ruo, 13.71, 13.37, -0.37, 13.42, 13.40, 13.49, 13.31, 96198.88, 128616730, 2.05, 1.34, 0.69, 530.53093
2016-11-16, 1, wei_ruo, 13.70, 13.37, -0.37, 13.42, 13.40, 13.49, 13.31, 96198.88, 128616730, 2.05, 1.34, 0.69, 526.41201
2016-11-17, 1, wei_ruo, 13.72, 13.46, 0.00, 13.46, 13.44, 13.48, 13.37, 72296.64, 96956695, 1.54, 0.82, 0.52, 614.9919
2016-11-18, 1, wei_ruo, 13.71, 13.37, -0.37, 13.42, 13.40, 13.49, 13.31, 96198.88, 128616730, 2.05, 1.34, 0.69, 696.09594
2016-11-21, 1, wei_ruo, 13.70, 13.46, -0.44, 13.52, 13.50, 13.57, 13.41, 125541.82, 169119790, 2.68, 1.18, 0.45, 380.15199
2016-11-22, 1, wei_ruo, 13.70, 13.59, 0.97, 13.46, 13.45, 13.75, 13.40, 160150.24, 216403461, 3.42, 2.60, 0.57, 934.92794
2016-11-23, 1, wei_ruo, 13.69, 13.42, -1.25, 13.59, 13.65, 13.65, 13.41, 130458.83, 175800651, 2.79, 1.77, 0.47, 534.18994
2016-11-24, 1, wei_ruo, 13.69, 13.29, -0.97, 13.42, 13.40, 13.49, 13.27, 117233.87, 156701523, 2.50, 1.64, 0.42, 494.88521
2016-11-25, 1, wei_ruo, 13.67, 13.16, -0.98, 13.29, 13.35, 13.35, 12.81, 126852.2, 166232459, 2.71, 4.06, 0.46, 600.34299
2016-11-28, 1, wei_ruo, 13.66, 13.13, -0.15, 13.15, 13.16, 13.35, 13.10, 92440.02, 122200893, 1.97, 1.90, 0.33, 489.36796
2016-11-29, 1, wei_ruo, 13.64, 12.94, -1.75, 13.17, 13.18, 13.18, 12.93, 122303.35, 159457149, 2.61, 1.90, 0.44, 370.121
2016-11-30, 1, wei_ruo, 13.62, 12.73, -1.62, 12.94, 12.91, 12.91, 12.60, 114983.71, 146414402, 2.46, 2.40, 0.41, 460.75416
2016-12-01, 1, wei_ruo, 13.61, 12.69, -0.31, 12.73, 12.65, 12.84, 12.65, 72809.44, 92596092, 1.56, 1.49, 0.26, 941.27297
2016-12-02, 1, wei_ruo, 13.59, 12.68, -0.08, 12.69, 12.69, 12.98, 12.65, 112652.18, 143838580, 2.41, 2.60, 0.40, 2556.58317
2016-12-05, 1, wei_ruo, 13.57, 12.73, 0.39, 12.68, 12.70, 12.87, 12.50, 69395.91, 88146412, 1.48, 2.92, 0.25, 780.79891
2016-12-06, 1, wei_ruo, 13.56, 12.69, -0.31, 12.73, 12.81, 12.81, 12.66, 57879.56, 73564200, 1.24, 1.18, 0.21, 666.09216
2016-12-07, 1, wei_ruo, 13.55, 12.75, 0.47, 12.69, 12.69, 12.75, 12.60, 58040.07, 73603109, 1.24, 1.18, 0.21, 444.62609
2016-12-08, 1, wei_ruo, 13.53, 12.84, 0.71, 12.75, 12.77, 12.92, 12.71, 113429.22, 145186124, 2.42, 1.65, 0.40, 521.65604
2016-12-09, 1, wei_ruo, 13.52, 12.65, -1.48, 12.84, 12.75, 12.95, 12.62, 100759.86, 128685027, 2.15, 2.57, 0.36, 564.69989
2016-12-12, 1, wei_ruo, 13.46, 11.87, -6.17, 12.65, 12.60, 12.66, 11.80, 188587.73, 228706554, 4.03, 6.80, 0.67, 518.38899
2016-12-13, 1, wei_ruo, 13.42, 11.73, -1.18, 11.87, 11.86, 11.88, 11.50, 105553.4, 123406893, 2.25, 3.20, 0.38, 923.50316
2016-12-14, 1, wei_ruo, 13.38, 12.02, 2.47, 11.73, 11.70, 12.55, 11.60, 143637.76, 172069215, 3.07, 8.10, 0.51, 483.92415
2016-12-15, 1, wei_ruo, 13.35, 11.95, -0.58, 12.02, 11.80, 12.25, 11.80, 103252.28, 124137687, 2.21, 3.74, 0.37, 560.81009
2016-12-16, 1, wei_ruo, 13.33, 11.98, 0.25, 11.95, 11.92, 12.08, 11.86, 66676.82, 79957843, 1.42, 1.84, 0.24, 566.64896
2016-12-19, 1, wei_ruo, 13.31, 11.93, -0.42, 11.98, 11.98, 12.13, 11.90, 53958.4, 64648236, 1.15, 1.92, 0.19, 624.82095
2016-12-20, 1, wei_ruo, 13.30, 11.84, -0.75, 11.93, 11.90, 12.04, 11.78, 56962.2, 67733968, 1.22, 2.18, 0.20, 586.92503
2016-12-21, 1, wei_ruo, 13.28, 11.86, 0.17, 11.84, 11.90, 11.97, 11.82, 58163.52, 69012456, 1.24, 1.27, 0.21, 525.79999
2016-12-22, 1, wei_ruo, 13.25, 11.91, 0.42, 11.86, 11.86, 12.08, 11.70, 93070.95, 110516771, 1.99, 3.20, 0.33, 516.04819
2016-12-23, 1, wei_ruo, 13.23, 11.66, -2.10, 11.91, 11.89, 11.97, 11.61, 69658.23, 81920028, 1.49, 3.02, 0.25, 415.74383
2016-12-26, 1, wei_ruo, 13.20, 11.52, -1.20, 11.66, 11.59, 11.59, 11.32, 75222.46, 85866218, 1.61, 2.32, 0.27, 787.52398
2016-12-27, 1, wei_ruo, 13.18, 11.64, 1.04, 11.52, 11.50, 11.75, 11.46, 70218.89, 81776514, 1.50, 2.52, 0.25, 581.89392
2016-12-28, 1, wei_ruo, 13.15, 11.69, 0.43, 11.64, 11.64, 11.80, 11.64, 74870.62, 87758075, 1.60, 1.37, 0.27, 563.23195
2016-12-30, 1, wei_ruo, 13.11, 11.57, 0.61, 11.50, 11.50, 11.66, 11.49, 54876.97, 63553649, 1.17, 1.48, 0.20, 553.37
2017-01-04, 1, wei_ruo, 13.08, 11.72, 0.95, 11.61, 11.62, 11.75, 11.57, 72096.47, 84107334, 1.54, 1.55, 0.26, 536.62705
2017-01-05, 1, wei_ruo, 13.03, 12.18, 3.92, 11.72, 11.72, 12.49, 11.68, 253695.74, 308609287, 5.42, 6.91, 0.91, 550.34804
2017-01-06, 1, wei_ruo, 13.00, 11.83, -2.87, 12.18, 12.00, 12.17, 11.79, 134506.11, 160262414, 2.87, 3.12, 0.48, 2729.88415
2017-01-09, 1, wei_ruo, 12.97, 11.95, 1.01, 11.83, 11.83, 12.30, 11.81, 134467.37, 161878994, 2.87, 4.14, 0.48, 581.07901
2017-01-10, 1, wei_ruo, 12.94, 11.82, -1.09, 11.95, 11.85, 11.94, 11.71, 98554.34, 116237129, 2.11, 1.92, 0.35, 453.38607
2017-01-11, 1, wei_ruo, 12.92, 11.80, -1.26, 11.95, 11.85, 11.94, 11.71, 70631.66, 83316163, 1.51, 1.92, 0.50, 2665.26699
2017-01-13, 1, wei_ruo, 12.85, 11.05, -2.73, 11.36, 11.32, 11.45, 11.00, 102830.57, 114411694, 2.20, 3.96, 0.37, 557.38091
2017-01-16, 1, wei_ruo, 12.79, 10.59, -4.16, 11.05, 11.05, 11.10, 10.10, 129735.45, 138291408, 2.77, 9.05, 0.46, 587.59904
2017-01-17, 1, wei_ruo, 12.75, 10.71, 1.13, 10.59, 10.59, 10.72, 10.32, 83877.43, 88677211, 1.79, 3.78, 0.30, 1245.3711
2017-01-18, 1, wei_ruo, 12.68, 11.20, 4.58, 10.71, 10.71, 11.65, 10.67, 205373.65, 231784237, 4.39, 9.15, 0.73, 2811.68413
2017-02-07, 1, wei_ruo, 12.47, 12.19, 2.61, 11.88, 11.79, 12.40, 11.68, 164336.27, 200194338, 3.51, 6.06, 1.30, 120948.24886
2017-02-08, 1, wei_ruo, 12.45, 12.09, 1.77, 11.88, 11.79, 12.40, 11.68, 239994.02, 292465555, 5.13, 6.06, 0.86, 565.30499
2017-02-09, 2, qing_du, 12.44, 12.06, -0.25, 12.09, 12.06, 12.18, 11.90, 97109.27, 116818016, 2.07, 2.32, 0.44, 499.22299
2017-02-10, 3, zhong_du, 12.43, 12.01, -0.74, 12.10, 12.04, 12.15, 11.98, 87656.86, 105633665, 1.87, 1.40, 0.31, 572.78991
2017-02-13, 3, zhong_du, 12.42, 12.09, 0.67, 12.01, 12.01, 12.12, 11.81, 107899.36, 129060508, 2.30, 2.58, 0.39, 4747.18809
2017-02-14, 3, zhong_du, 12.42, 12.03, -0.50, 12.09, 12.05, 12.30, 11.93, 74789.74, 90254914, 1.60, 3.06, 0.27, 614.86387
2017-02-15, 3, zhong_du, 12.41, 11.77, -2.16, 12.03, 12.09, 12.09, 11.61, 111700.07, 132580030, 2.39, 3.99, 0.40, 4607.61619
2017-02-16, 3, zhong_du, 12.39, 11.97, 1.70, 11.77, 11.87, 12.15, 11.77, 117736.62, 141357360, 2.51, 3.23, 0.42, 715.76905
2017-02-17, 3, zhong_du, 12.38, 11.79, -1.50, 11.97, 12.09, 12.13, 11.71, 84901.42, 100719251, 1.81, 3.51, 0.30, 465.0681
2017-02-20, 3, zhong_du, 12.37, 11.79, -1.50, 11.97, 12.09, 12.13, 11.71, 84901.42, 100719251, 1.81, 3.51, 0.30, 565.20081
2017-02-21, 3, zhong_du, 12.41, 12.80, 3.23, 12.40, 12.45, 13.36, 12.34, 404961.09, 521127335, 8.65, 8.23, 1.45, 664.70003
2017-02-22, 4, gao_du, 12.43, 12.85, 0.39, 12.80, 12.63, 12.95, 12.63, 207229.57, 265470182, 4.43, 2.50, 0.74, 4776.17908
2017-02-23, 4, gao_du, 12.44, 12.53, -2.49, 12.85, 12.80, 12.92, 12.50, 150644.29, 190645468, 3.22, 3.27, 0.54, 4723.24681
2017-02-24, 4, gao_du, 12.44, 12.68, 1.20, 12.53, 12.53, 12.77, 12.53, 33242.23, 42140075, 0.71, 1.92, 0.65, 3389.28819
2017-02-27, 4, gao_du, 12.44, 12.68, 1.20, 12.53, 12.53, 12.77, 12.53, 33242.23, 42140075, 0.71, 1.92, 0.65, 60530.60317
2017-02-28, 4, gao_du, 12.44, 12.68, 1.20, 12.53, 12.53, 12.77, 12.53, 33242.23, 42140075, 0.71, 1.92, 0.65, 856.65298
2017-03-01, 4, gao_du, 12.48, 13.27, 4.90, 12.65, 12.88, 13.36, 12.88, 364416.9, 478941265, 5.13, 3.79, 1.30, 560.04691
2017-03-02, 4, gao_du, 12.50, 12.97, -2.26, 13.27, 13.10, 13.24, 12.90, 198285.02, 259074355, 2.79, 2.56, 0.71, 667.30309
2017-03-03, 5, qiang_lie, 12.52, 13.35, 2.93, 12.97, 12.98, 13.50, 12.80, 244889.92, 325373268, 3.45, 5.40, 0.87, 123125.53191
2017-03-06, 5, qiang_lie, 12.57, 13.71, 2.70, 13.35, 13.34, 13.86, 13.21, 298758.48, 408661571, 4.21, 4.87, 1.07, 4451.44391
2017-03-07, 5, qiang_lie, 12.63, 13.78, 0.07, 13.77, 13.88, 13.95, 13.50, 113778.26, 155317020, 1.60, 3.27, 0.81, 712.41093
2017-03-08, 5, qiang_lie, 12.66, 13.80, 0.22, 13.77, 13.88, 14.04, 13.50, 192607.98, 264495547, 2.71, 3.92, 0.69, 635.58602
2017-03-09, 5, qiang_lie, 12.67, 13.46, -2.46, 13.80, 13.72, 13.82, 13.44, 111596.4, 151076619, 1.57, 2.75, 0.40, 599.86901
2017-03-10, 5, qiang_lie, 12.70, 13.86, 2.97, 13.46, 13.47, 14.03, 13.35, 187468.54, 257676521, 2.64, 5.05, 0.67, 633.66199
2017-03-13, 5, qiang_lie, 12.74, 14.06, 1.44, 13.86, 13.62, 14.22, 13.62, 231535.6, 326007453, 3.26, 4.33, 0.83, 572.34097
2017-03-14, 5, qiang_lie, 12.77, 14.12, 0.43, 14.06, 13.96, 14.19, 13.86, 158120.16, 221351061, 2.23, 2.35, 0.56, 565.26017
2017-03-15, 5, qiang_lie, 12.81, 14.13, 0.07, 14.12, 14.04, 14.58, 13.91, 188405.1, 269215580, 2.65, 4.75, 0.67, 593.50681
2017-03-16, 5, qiang_lie, 12.83, 14.20, 0.50, 14.13, 14.15, 14.25, 13.95, 129177.02, 182596041, 1.82, 2.12, 0.46, 383.89111
2017-03-17, 5, qiang_lie, 12.86, 13.72, -3.38, 14.20, 14.18, 14.18, 13.68, 178572.96, 247986572, 2.52, 3.52, 0.64, 521.54803
2017-03-20, 5, qiang_lie, 12.88, 13.60, -0.87, 13.72, 13.90, 14.01, 13.44, 159625.69, 217116949, 2.25, 4.15, 0.57, 600.68583
2017-03-21, 5, qiang_lie, 12.92, 14.18, 4.26, 13.60, 13.70, 14.20, 13.60, 264422.56, 369536236, 3.73, 4.41, 0.94, 613.87801
2017-03-22, 5, qiang_lie, 12.94, 14.07, -0.78, 14.18, 14.17, 14.22, 13.80, 146881.63, 206467948, 2.07, 2.96, 0.52, 608.90889
2017-03-23, 5, qiang_lie, 12.96, 13.99, -0.57, 14.07, 14.02, 14.17, 13.70, 109574.74, 152272048, 1.54, 3.34, 0.39, 620.26286
2017-03-24, 5, qiang_lie, 12.97, 13.93, -0.43, 13.99, 14.06, 14.06, 13.81, 84310.75, 117362848, 1.19, 1.79, 0.30, 603.17206
2017-03-27, 5, qiang_lie, 12.99, 13.98, 0.36, 13.93, 13.95, 14.03, 13.73, 128901.22, 179445499, 1.82, 2.15, 0.46, 638.90886
2017-03-28, 5, qiang_lie, 13.01, 14.03, 0.36, 13.98, 13.85, 14.39, 13.85, 141420.17, 200169759, 1.99, 3.86, 0.50, 587.66198
2017-03-29, 5, qiang_lie, 13.02, 13.77, -1.85, 14.03, 14.05, 14.19, 13.68, 103323.66, 143216261, 1.46, 3.64, 0.37, 583.55784
2017-03-30, 5, qiang_lie, 13.03, 13.74, -0.22, 13.77, 13.96, 13.99, 13.54, 125270.8, 172810741, 1.76, 3.27, 0.45, 771.57092
2017-03-31, 5, qiang_lie, 13.05, 14.00, 1.89, 13.74, 13.77, 14.18, 13.71, 128161.55, 179556889, 1.81, 3.42, 0.46, 523.00501
2017-04-05, 5, qiang_lie, 13.08, 14.36, 2.57, 14.00, 14.01, 14.55, 14.01, 149068.81, 213523965, 2.10, 3.86, 0.53, 558.09593
2017-04-06, 5, qiang_lie, 13.14, 14.99, 4.39, 14.36, 14.36, 15.00, 14.15, 264694.68, 386534491, 3.73, 5.92, 0.94, 580.04594
2017-04-07, 5, qiang_lie, 13.17, 14.76, -1.53, 14.99, 14.96, 15.08, 14.72, 147801.22, 219722193, 2.08, 2.40, 0.53, 558.61497
2017-04-10, 5, qiang_lie, 13.22, 15.18, 2.85, 14.76, 14.71, 15.48, 14.62, 183035.98, 276964805, 2.58, 5.83, 0.65, 551.12696
2017-04-11, 5, qiang_lie, 13.27, 15.20, 0.13, 15.18, 15.03, 15.38, 14.84, 164411.71, 247768516, 2.32, 3.56, 0.59, 572.66188
2017-04-12, 5, qiang_lie, 13.30, 14.88, -2.11, 15.20, 15.06, 15.39, 14.81, 135144.87, 203721847, 1.89, 3.82, 0.48, 631.20604
2017-04-13, 5, qiang_lie, 13.33, 14.96, 0.54, 14.88, 14.89, 15.35, 14.88, 106821.85, 161781081, 1.49, 3.16, 0.38, 659.02996
2017-04-14, 5, qiang_lie, 13.35, 14.92, -0.27, 14.96, 14.91, 15.23, 14.84, 83070.85, 124809793, 1.16, 2.61, 0.30, 608.08802
2017-04-17, 5, qiang_lie, 13.37, 15.14, 1.47, 14.92, 14.92, 15.19, 14.60, 94014.01, 141290409, 1.31, 3.95, 0.34, 611.54914
2017-04-18, 5, qiang_lie, 13.46, 16.11, 6.41, 15.14, 14.80, 16.30, 14.80, 270653.2, 428312935, 3.78, 9.91, 0.97, 608.80184
2017-04-19, 5, qiang_lie, 13.52, 16.00, -0.68, 16.11, 16.12, 16.52, 15.80, 157260.7, 252923048, 2.20, 4.47, 0.56, 640.34009
2017-04-20, 5, qiang_lie, 13.61, 16.94, 5.88, 16.00, 16.00, 17.36, 15.86, 204193.33, 340878105, 2.85, 9.38, 0.73, 682.98507
2017-04-21, 5, qiang_lie, 13.68, 16.18, -4.49, 16.94, 16.70, 17.46, 16.18, 184917.38, 310723368, 2.58, 7.56, 0.66, 566.13898
2017-04-24, 5, qiang_lie, 13.73, 15.35, -5.13, 16.18, 16.19, 16.25, 14.80, 171166.86, 266051353, 2.39, 8.96, 0.61, 640.78689
2017-04-25, 5, qiang_lie, 13.79, 16.74, 9.06, 15.35, 15.59, 16.78, 15.37, 187187.62, 303625999, 2.62, 9.19, 0.67, 637.52103
2017-04-26, 5, qiang_lie, 13.87, 16.45, -1.73, 16.74, 16.61, 17.19, 16.13, 196185.94, 326486766, 2.74, 6.33, 0.70, 792.70291
2017-04-27, 5, qiang_lie, 13.92, 16.48, 0.18, 16.45, 16.18, 16.84, 15.88, 139832.98, 228291788, 1.95, 5.84, 0.50, 686.40494
2017-04-28, 5, qiang_lie, 13.96, 16.30, -1.09, 16.48, 16.30, 16.68, 16.14, 106497.84, 174042797, 1.49, 3.28, 0.38, 583.69303
2017-05-02, 5, qiang_lie, 13.99, 16.09, -1.29, 16.30, 16.25, 16.35, 15.72, 123381.27, 197452352, 1.72, 3.87, 0.44, 1293.79296
2017-05-03, 5, qiang_lie, 14.02, 15.89, -1.24, 16.09, 16.00, 16.17, 15.75, 110211.13, 175179167, 1.54, 2.61, 0.39, 647.89295
2017-05-04, 5, qiang_lie, 14.06, 15.90, 0.06, 15.89, 15.81, 16.24, 15.80, 119166.26, 191084934, 1.67, 2.77, 0.43, 537.32204
2017-05-05, 5, qiang_lie, 14.09, 15.69, -1.32, 15.90, 15.78, 16.07, 15.39, 129328.34, 203737854, 1.81, 4.28, 0.46, 553.59912
2017-05-11, 3, zhong_du, 14.12, 14.14, 1.58, 13.92, 13.60, 14.19, 13.30, 187842.32, 257500324, 2.63, 6.39, 0.67, 561.61594
2017-05-12, 2, qing_du, 14.12, 14.00, -0.99, 14.14, 14.10, 14.24, 13.65, 140144.1, 195841353, 1.96, 4.17, 0.50, 641.9158
2017-05-15, 2, qing_du, 14.11, 13.81, -1.36, 14.00, 13.81, 14.13, 13.81, 85057.41, 118988104, 1.19, 2.29, 0.30, 597.80908
2017-05-17, 1, wei_ruo, 14.12, 14.40, 0.70, 14.30, 14.31, 14.59, 14.11, 108276.64, 155476806, 1.51, 3.36, 0.39, 580.25098
2017-05-18, 1, wei_ruo, 14.11, 13.49, -6.32, 14.40, 14.18, 14.36, 13.31, 183083.98, 252144079, 2.56, 7.29, 0.65, 903.00512
2017-05-19, 1, wei_ruo, 14.08, 13.14, -2.59, 13.49, 13.47, 13.65, 12.68, 223768.72, 291860469, 3.13, 7.19, 0.80, 574.55015
2017-05-22, 1, wei_ruo, 14.06, 13.48, 2.59, 13.14, 13.10, 13.91, 13.01, 215565.35, 292566129, 3.01, 6.85, 0.77, 680.70507
2017-05-23, 1, wei_ruo, 14.05, 13.61, 0.96, 13.48, 13.35, 13.79, 13.15, 128256.02, 174223536, 1.79, 4.75, 0.46, 838.23609
2017-05-24, 1, wei_ruo, 14.04, 13.48, -0.96, 13.61, 13.50, 13.70, 13.10, 73261.44, 98673514, 1.02, 4.41, 0.26, 678.54691
2017-05-25, 1, wei_ruo, 14.04, 13.92, 3.26, 13.48, 13.38, 14.05, 13.37, 127819.66, 176010522, 1.78, 5.04, 0.46, 652.63891
2017-05-26, 1, wei_ruo, 14.04, 14.17, 1.80, 13.92, 13.88, 14.52, 13.88, 155581.61, 221602440, 2.17, 4.60, 0.56, 634.341
2017-05-31, 1, wei_ruo, 14.04, 14.07, -0.71, 14.17, 14.29, 14.68, 14.00, 90399.45, 129572003, 1.26, 4.80, 0.32, 578.1312
2017-06-01, 1, wei_ruo, 14.05, 14.25, 1.28, 14.07, 13.87, 14.49, 13.87, 112116.37, 159617464, 1.57, 4.41, 0.40, 608.80399
2017-06-02, 1, wei_ruo, 14.04, 13.90, -2.46, 14.25, 14.27, 14.34, 13.35, 131524.1, 181612611, 1.84, 6.95, 0.47, 597.2321
2017-06-05, 1, wei_ruo, 14.04, 14.13, 1.65, 13.90, 13.81, 14.18, 13.55, 89709.42, 125014501, 1.25, 4.53, 0.32, 594.85698
2017-06-06, 1, wei_ruo, 14.04, 14.22, 0.64, 14.13, 14.04, 14.28, 13.96, 67214.91, 95065824, 0.94, 2.26, 0.24, 30816.88499
2017-06-07, 1, wei_ruo, 14.05, 14.51, 2.04, 14.22, 14.25, 14.67, 14.15, 134401.91, 194343045, 1.88, 3.66, 0.48, 1429.36015
2017-06-08, 1, wei_ruo, 14.06, 14.53, 0.14, 14.51, 14.45, 14.85, 14.45, 102702.04, 150635347, 1.43, 2.76, 0.37, 3304.79312
2017-06-09, 1, wei_ruo, 14.08, 15.15, 4.27, 14.53, 14.58, 15.18, 14.43, 171292.61, 255863813, 2.39, 5.16, 0.61, 855.70097
2017-06-12, 1, wei_ruo, 14.10, 14.77, -2.51, 15.15, 15.17, 15.17, 14.35, 199710.61, 293321641, 2.79, 5.41, 0.71, 576.53713
2017-06-13, 1, wei_ruo, 14.06, 14.60, -0.82, 14.72, 14.53, 14.78, 14.38, 112887.61, 164369881, 1.58, 2.72, 0.40, 622.78199
2017-06-14, 1, wei_ruo, 14.07, 14.60, 0.00, 14.60, 14.51, 14.92, 14.42, 104553.02, 153347306, 1.46, 3.42, 0.37, 564.38804
2017-06-15, 1, wei_ruo, 14.07, 14.56, -0.27, 14.60, 14.50, 14.64, 14.36, 91473.1, 132533856, 1.28, 1.92, 0.33, 566.61296
2017-06-16, 1, wei_ruo, 14.08, 14.34, -1.51, 14.56, 14.60, 14.60, 14.25, 84086.92, 120690454, 1.17, 2.40, 0.30, 1110.56614
2017-06-19, 1, wei_ruo, 14.08, 14.32, -0.14, 14.34, 14.33, 14.50, 14.13, 70286.11, 100615922, 0.98, 2.58, 0.25, 647.10808
2017-06-20, 1, wei_ruo, 14.08, 14.35, 0.21, 14.32, 14.30, 14.47, 14.29, 59594.2, 85509872, 0.83, 1.26, 0.21, 522.75419
2017-06-21, 1, wei_ruo, 14.08, 14.23, -0.84, 14.35, 14.42, 14.44, 14.14, 63347.04, 90069367, 0.88, 2.09, 0.23, 701.01786
2017-06-22, 1, wei_ruo, 14.08, 13.69, -3.79, 14.23, 14.21, 14.29, 13.68, 122277.27, 170322820, 1.71, 4.29, 0.44, 626.19591
2017-06-23, 1, wei_ruo, 14.08, 13.84, 1.10, 13.69, 13.65, 13.99, 13.54, 81176.03, 111817423, 1.13, 3.29, 0.29, 796.26703
2017-06-26, 1, wei_ruo, 14.08, 14.09, 1.81, 13.84, 13.83, 14.10, 13.79, 89864.56, 125540593, 1.25, 2.24, 0.32, 6583.60314
2017-06-27, 1, wei_ruo, 14.08, 14.10, 0.07, 14.09, 14.10, 14.33, 14.02, 76691.61, 108581927, 1.07, 2.20, 0.27, 597.73397
2017-06-28, 1, wei_ruo, 14.07, 13.75, -2.48, 14.10, 14.10, 14.10, 13.67, 105648.09, 145686994, 1.47, 3.05, 0.38, 1437.62112
2017-06-29, 1, wei_ruo, 14.07, 13.89, 1.02, 13.75, 13.75, 13.98, 13.70, 71177.79, 98553594, 0.99, 2.04, 0.25, 2524.45292
2017-06-30, 1, wei_ruo, 14.07, 13.84, -0.36, 13.89, 13.88, 13.94, 13.73, 59849.94, 82669478, 0.84, 1.51, 0.21, 1030.70498
2017-07-03, 1, wei_ruo, 14.07, 14.34, 3.61, 13.84, 13.92, 14.35, 13.82, 164516.07, 232922199, 2.30, 3.83, 0.59, 492.23304
2017-07-04, 2, qing_du, 14.08, 14.54, 1.39, 14.34, 14.34, 14.86, 14.34, 177954.38, 260264489, 2.48, 3.63, 0.64, 508.56996
2017-07-05, 2, qing_du, 14.10, 14.67, 0.89, 14.54, 14.56, 14.83, 14.42, 149558.14, 219562025, 2.09, 2.82, 0.53, 733.45113
2017-07-06, 3, zhong_du, 14.12, 15.09, 2.86, 14.67, 14.55, 15.11, 14.52, 232370.89, 346118379, 3.24, 4.02, 0.83, 2602.46491
2017-07-07, 3, zhong_du, 14.14, 14.93, -1.06, 15.09, 15.08, 15.32, 14.73, 169196.95, 253150391, 2.36, 3.91, 0.60, 577.62814
2017-07-10, 4, gao_du, 14.15, 14.55, -2.55, 14.93, 14.96, 15.00, 14.41, 132822.27, 194141024, 1.85, 3.95, 0.47, 549.69597
2017-07-11, 4, gao_du, 14.16, 14.79, 1.65, 14.55, 14.55, 14.92, 14.43, 128466.2, 189126305, 1.79, 3.37, 0.46, 622.75696
2017-07-12, 3, zhong_du, 14.17, 14.55, -1.62, 14.79, 14.72, 14.82, 14.30, 100630.87, 145735425, 1.40, 3.52, 0.36, 658.23793
2017-07-13, 3, zhong_du, 14.17, 14.75, 1.37, 14.55, 14.54, 14.81, 14.38, 94642.34, 138086997, 1.32, 2.96, 0.34, 6675.99201
2017-07-14, 3, zhong_du, --, 14.80, 0.34, 14.75, 14.78, 14.86, 14.53, 93097.99, 137055136, 1.30, 2.24, 0.33, 617.1329
2017-07-17, 3, zhong_du, --, 14.55, -1.69, 14.80, 14.59, 15.09, 14.11, 157225.54, 232132022, 2.19, 6.62, 0.56, 736.54199
2017-07-18, 3, zhong_du, 14.19, 14.43, -0.82, 14.55, 14.30, 14.63, 13.90, 122067.4, 173504946, 1.70, 5.02, 0.44, 582.49211
2017-07-20, 3, zhong_du, --, 14.65, -0.68, 14.75, 14.75, 14.88, 14.56, 80677.77, 118566090, 1.13, 2.17, 0.29, 597.59307
2017-07-21, 3, zhong_du, --, 14.27, -2.59, 14.65, 14.62, 14.74, 14.20, 96070.27, 138485993, 1.34, 3.69, 0.34, 508.59404
2017-07-24, 3, zhong_du, 14.21, 14.44, 1.19, 14.27, 14.23, 14.46, 14.10, 77610.45, 110283228, 1.08, 2.52, 0.28, 2651.13711
2017-07-25, 3, zhong_du, --, 14.23, -1.45, 14.44, 14.35, 14.50, 14.14, 46539.95, 66474182, 0.65, 2.49, 0.17, 850.51298
2017-07-26, 2, qing_du, --, 14.13, -0.70, 14.23, 14.25, 14.33, 14.01, 50688.58, 71502281, 0.71, 2.25, 0.18, 799.95108
2017-07-27, 2, qing_du, 14.21, 14.13, 0.00, 14.13, 14.12, 14.22, 13.92, 73648.62, 103616803, 1.03, 2.12, 0.26, 773.803
2017-07-28, 2, qing_du, 14.21, 14.24, 0.78, 14.13, 14.13, 14.40, 14.10, 80410.72, 114689823, 1.12, 2.12, 0.29, 681.45108
2017-07-31, 2, qing_du, 14.21, 14.02, -1.54, 14.24, 14.27, 14.28, 13.95, 94010.51, 131820595, 1.31, 2.32, 0.34, 807.38401
2017-08-01, 1, wei_ruo, 14.20, 13.86, -1.14, 14.02, 14.04, 14.05, 13.77, 101301.84, 140263652, 1.41, 2.00, 0.36, 700.42205
2017-08-02, 1, wei_ruo, 14.20, 13.58, -2.02, 13.86, 13.87, 13.90, 13.50, 96075.63, 130837925, 1.34, 2.89, 0.34, 1168.35594
2017-08-03, 1, wei_ruo, 14.19, 13.40, -1.33, 13.58, 13.56, 13.68, 13.35, 96026.1, 129596286, 1.34, 2.43, 0.34, 717.99684
2017-08-04, 1, wei_ruo, 14.15, 13.03, -2.76, 13.40, 13.37, 13.53, 12.88, 238643.57, 312188050, 3.33, 4.85, 0.85, 752.28381
2017-08-07, 1, wei_ruo, 14.14, 13.13, 0.77, 13.03, 13.00, 13.23, 12.90, 95432.23, 125122943, 1.33, 2.53, 0.34, 686.3451
2017-08-08, 1, wei_ruo, 14.13, 13.20, 0.53, 13.13, 13.13, 13.30, 13.11, 60631.55, 80038113, 0.85, 1.45, 0.22, 595.34502
2017-08-09, 1, wei_ruo, 14.12, 13.02, -1.36, 13.20, 13.21, 13.28, 12.92, 103654.23, 135137168, 1.45, 2.73, 0.37, 695.99104
2017-08-10, 1, wei_ruo, 14.10, 12.93, -0.69, 13.02, 13.02, 13.08, 12.80, 76275.76, 98392746, 1.06, 2.15, 0.27, 720.51787
2017-08-11, 1, wei_ruo, 14.09, 13.05, 0.93, 12.93, 12.81, 13.11, 12.75, 86892.73, 112995762, 1.21, 2.78, 0.31, 1067.61599
2017-08-14, 1, wei_ruo, 14.08, 13.17, 0.92, 13.05, 13.08, 13.17, 13.03, 64970.37, 85118088, 0.91, 1.07, 0.23, 688.416
2017-08-15, 1, wei_ruo, 14.07, 13.18, 0.08, 13.17, 13.11, 13.26, 13.05, 64932.51, 85286622, 0.91, 1.59, 0.23, 891.18695
2017-08-16, 1, wei_ruo, 14.06, 13.19, 0.08, 13.18, 13.14, 13.22, 13.05, 64358.49, 84577788, 0.90, 1.29, 0.23, 1587.08096
2017-08-17, 1, wei_ruo, 14.05, 13.44, 1.90, 13.19, 13.20, 13.53, 13.15, 116941.66, 156278888, 1.63, 2.88, 0.42, 3612.4711
2017-08-18, 1, wei_ruo, 14.05, 13.30, -1.04, 13.44, 13.36, 13.45, 13.26, 55623.07, 74080221, 0.78, 1.41, 0.20, 2629.66394
2017-08-21, 1, wei_ruo, 14.04, 13.35, 0.38, 13.30, 13.37, 13.42, 13.28, 41753.75, 55679332, 0.58, 1.05, 0.15, 795.50695
2017-08-22, 1, wei_ruo, 14.03, 13.66, 2.32, 13.35, 13.39, 13.75, 13.39, 158572.69, 216340981, 2.21, 2.70, 0.57, 770.504
2017-08-23, 1, wei_ruo, 14.03, 13.53, -0.95, 13.66, 13.70, 13.75, 13.50, 68408.71, 92808102, 0.95, 1.83, 0.24, 840.47198
2017-08-24, 1, wei_ruo, 14.02, 13.19, -2.51, 13.53, 13.53, 13.59, 13.13, 81327.67, 108130369, 1.14, 3.40, 0.29, 607.57208
2017-08-25, 1, wei_ruo, 14.01, 13.28, 0.68, 13.19, 13.18, 13.37, 13.15, 56705.22, 75088917, 0.79, 1.67, 0.20, 823.77219
2017-08-28, 1, wei_ruo, 14.00, 13.25, -0.23, 13.28, 13.25, 13.38, 13.22, 99636.64, 132443300, 1.39, 1.20, 0.36, 765.39898
2017-08-29, 1, wei_ruo, 13.99, 13.10, -1.13, 13.25, 13.25, 13.29, 13.02, 119235.5, 156007176, 1.66, 2.04, 0.43, 598.8431
2017-08-30, 1, wei_ruo, 13.98, 13.08, -0.15, 13.10, 13.11, 13.13, 13.03, 74909.18, 97775760, 1.05, 0.76, 0.27, 649.49203
2017-08-31, 1, wei_ruo, 13.97, 13.19, 0.84, 13.08, 13.08, 13.19, 13.05, 70144.28, 92292167, 0.98, 1.07, 0.25, 761.98697
2017-09-01, 1, wei_ruo, 13.95, 13.13, 0.38, 13.08, 13.08, 13.19, 13.05, 37876.82, 49805613, 0.53, 1.07, 0.27, 738.065
2017-09-04, 1, wei_ruo, 13.94, 13.13, 0.38, 13.08, 13.08, 13.19, 13.05, 37876.82, 49805613, 0.53, 1.07, 0.27, 609.08699
2017-09-05, 1, wei_ruo, 13.92, 13.04, -0.91, 13.16, 13.10, 13.16, 12.98, 114133.45, 148761275, 1.59, 1.37, 0.41, 1259.26399
2017-09-06, 1, wei_ruo, 13.91, 13.03, -0.08, 13.04, 13.03, 13.11, 12.92, 86228.82, 112470344, 1.20, 1.46, 0.31, 580.971
2017-09-07, 1, wei_ruo, 13.90, 13.13, 0.38, 13.08, 13.08, 13.19, 13.05, 37876.82, 49805613, 0.53, 1.07, 0.27, 823.25006
2017-09-08, 1, wei_ruo, 13.89, 12.93, -0.77, 13.03, 13.03, 13.06, 12.88, 98120.61, 127059011, 1.37, 1.38, 0.35, 659.20496
2017-09-11, 1, wei_ruo, 13.87, 13.13, 0.38, 13.08, 13.08, 13.19, 13.05, 37876.82, 49805613, 0.53, 1.07, 0.27, 759.98878
2017-09-12, 1, wei_ruo, 13.86, 12.88, 0.23, 12.85, 12.83, 12.93, 12.82, 96114.76, 123649371, 1.34, 0.86, 0.34, 2683.92205
2017-09-13, 1, wei_ruo, 13.85, 12.88, 0.00, 12.88, 12.85, 12.92, 12.80, 63233.94, 81257607, 0.88, 0.93, 0.23, 909.98602
2017-09-14, 1, wei_ruo, 13.84, 12.86, -0.16, 12.88, 12.85, 12.90, 12.81, 61521.79, 79088596, 0.86, 0.70, 0.22, 779.67119
2017-09-15, 1, wei_ruo, 13.82, 13.09, 1.79, 12.86, 12.88, 13.24, 12.88, 239441.33, 314144161, 3.34, 2.80, 0.85, 2934.55291
2017-09-18, 1, wei_ruo, 13.80, 13.14, 0.38, 13.09, 13.16, 13.34, 13.09, 206786.9, 273102390, 2.89, 1.91, 0.74, 706.06208
2017-09-19, 1, wei_ruo, 13.78, 12.89, -1.90, 13.14, 13.10, 13.18, 12.86, 154411.83, 199856071, 2.16, 2.44, 0.55, 791.54897
2017-09-20, 1, wei_ruo, 13.76, 12.91, 0.16, 12.89, 12.87, 13.05, 12.81, 150363.39, 194263593, 2.10, 1.86, 0.54, 816.08391
2017-09-21, 1, wei_ruo, 13.75, 12.76, -1.16, 12.91, 12.89, 12.94, 12.75, 132395.15, 169564449, 1.85, 1.47, 0.47, 705.9269
2017-09-22, 1, wei_ruo, 13.73, 12.53, -1.80, 12.76, 12.77, 12.82, 12.48, 104773.45, 131640225, 1.46, 2.66, 0.37, 692.3902
2017-09-25, 1, wei_ruo, 13.72, 12.50, -0.24, 12.53, 12.54, 12.67, 12.50, 78933.87, 99260990, 1.10, 1.36, 0.28, 754.35805
2017-09-26, 1, wei_ruo, 13.70, 12.67, 1.36, 12.50, 12.52, 12.75, 12.26, 115734.19, 144908235, 1.62, 3.92, 0.41, 995.26095
2017-09-27, 1, wei_ruo, 13.69, 12.61, -0.47, 12.67, 12.60, 12.74, 12.57, 87704.41, 110774910, 1.22, 1.34, 0.31, 872.41387
2017-09-28, 1, wei_ruo, 13.67, 12.43, -1.43, 12.61, 12.59, 12.62, 12.43, 75467.5, 94554538, 1.05, 1.51, 0.27, 649.79482
2017-09-29, 1, wei_ruo, 13.66, 12.39, -0.32, 12.43, 12.44, 12.53, 12.35, 63101.3, 78279378, 0.88, 1.45, 0.23, 693.88604
2017-10-10, 1, wei_ruo, 13.63, 12.51, 0.89, 12.40, 12.39, 12.53, 12.39, 121819.22, 151657439, 1.70, 1.13, 0.43, 717.47398
2017-10-12, 1, wei_ruo, 13.57, 12.61, -1.64, 12.82, 12.78, 12.78, 12.54, 148667.56, 187868032, 2.08, 1.87, 0.53, 698.25196
2017-10-13, 1, wei_ruo, 13.55, 12.50, -0.87, 12.61, 12.66, 12.68, 12.45, 153837.27, 192681545, 2.15, 1.82, 0.55, 620.84198
2017-10-16, 1, wei_ruo, 13.53, 12.33, -1.36, 12.50, 12.49, 12.58, 12.31, 127321.87, 158138586, 1.78, 2.16, 0.45, 727.79489
2017-10-17, 1, wei_ruo, 13.51, 12.32, -0.08, 12.33, 12.33, 12.42, 12.26, 106112.3, 130607904, 1.48, 1.30, 0.38, 601.65596
2017-10-18, 1, wei_ruo, 13.48, 12.15, -1.38, 12.32, 12.33, 12.36, 12.08, 147592.52, 180128211, 2.06, 2.27, 0.53, 676.32103
2017-10-19, 1, wei_ruo, 13.46, 12.01, -1.15, 12.15, 12.11, 12.16, 12.00, 103723.45, 124952572, 1.45, 1.32, 0.37, 637.9602
2017-10-20, 1, wei_ruo, 13.44, 11.98, -0.25, 12.01, 12.01, 12.10, 11.93, 112850.99, 135141805, 1.58, 1.42, 0.40, 670.87507
2017-10-23, 1, wei_ruo, 13.39, 12.32, 2.84, 11.98, 12.01, 12.47, 11.98, 301767.11, 371661580, 4.21, 4.09, 1.08, 1508.77094
2017-10-24, 1, wei_ruo, 13.37, 12.36, 0.32, 12.32, 12.30, 12.40, 12.06, 124703.94, 152159829, 1.74, 2.76, 0.45, 684.34906
2017-10-25, 1, wei_ruo, 13.35, 12.36, 0.00, 12.36, 12.20, 12.48, 12.16, 127401.25, 157852298, 1.78, 2.59, 0.45, 2684.47208
2017-10-26, 1, wei_ruo, 13.33, 12.21, -1.21, 12.36, 12.38, 12.39, 12.20, 107585.47, 131793944, 1.50, 1.54, 0.38, 662.89616
2017-10-27, 1, wei_ruo, 13.32, 12.12, -0.74, 12.21, 12.21, 12.25, 12.05, 112801.97, 136666811, 1.57, 1.64, 0.40, 643.32104
2017-10-30, 1, wei_ruo, 13.29, 11.70, -3.47, 12.12, 12.09, 12.12, 11.60, 139238.62, 164070360, 1.94, 4.29, 0.50, 4804.1122
2017-10-31, 1, wei_ruo, 13.27, 11.90, 1.71, 11.70, 11.69, 11.96, 11.66, 75142.57, 88974539, 1.05, 2.56, 0.27, 812.86621
2017-11-01, 1, wei_ruo, 13.25, 11.76, -1.18, 11.90, 11.90, 11.94, 11.70, 77424.38, 91087769, 1.08, 2.02, 0.28, 767.32111
2017-11-02, 1, wei_ruo, 13.23, 11.51, -2.13, 11.76, 11.73, 11.77, 11.50, 94831.27, 109735288, 1.32, 2.30, 0.34, 629.18496
2017-11-03, 1, wei_ruo, 13.21, 11.37, -1.22, 11.51, 11.50, 11.58, 11.30, 77101.04, 88011250, 1.08, 2.43, 0.28, 678.70402
2017-11-06, 1, wei_ruo, 13.19, 0.00, 0.00, 11.29, 0.00, 0.00, 0.00, 0, 0, 0.00, 0.00, 0.00, 62645.73383
2017-11-07, 1, wei_ruo, 13.16, 0.00, 0.00, 11.20, 0.00, 0.00, 0.00, 0, 0, 0.00, 0.00, 0.00, 790.10797
2017-11-08, 1, wei_ruo, 13.12, 0.00, 0.00, 11.30, 0.00, 0.00, 0.00, 0, 0, 0.00, 0.00, 0.00, 120937.13999
2017-11-09, 1, wei_ruo, 13.10, 11.18, -0.97, 11.29, 11.29, 11.30, 11.07, 65515.68, 72989827, 0.91, 2.04, 0.47, 60540.23314
2017-11-10, 1, wei_ruo, 13.05, 11.18, -0.97, 11.29, 11.29, 11.30, 11.07, 65515.68, 72989827, 0.91, 2.04, 0.47, 806.9129
2017-11-13, 1, wei_ruo, 13.01, 11.04, 0.45, 10.99, 11.00, 11.18, 10.91, 135506.72, 149979361, 1.89, 2.46, 1.12, 820.997
2017-11-14, 1, wei_ruo, 12.98, 10.91, -1.18, 11.04, 11.00, 11.05, 10.88, 113018.78, 123658034, 1.58, 1.54, 0.88, 786.28898
2017-11-15, 1, wei_ruo, 12.95, 10.79, -1.10, 10.91, 10.86, 10.96, 10.73, 101977.49, 110417498, 1.42, 2.11, 0.79, 779.66809
2017-11-16, 1, wei_ruo, 12.92, 10.81, 0.19, 10.79, 10.81, 10.88, 10.75, 77495.48, 83660481, 1.08, 1.20, 0.62, 786.68809
2017-11-17, 1, wei_ruo, 12.87, 10.42, -3.61, 10.81, 10.83, 10.83, 10.30, 153709.96, 161860795, 2.15, 4.90, 1.26, 684.49497
2017-11-20, 1, wei_ruo, 12.83, 10.57, 1.44, 10.42, 10.35, 10.68, 10.05, 128396.17, 131919451, 1.79, 6.05, 1.10, 640.92994
2017-11-21, 1, wei_ruo, 12.80, 10.39, -1.70, 10.57, 10.48, 10.60, 10.35, 79726.11, 83229628, 1.11, 2.37, 0.69, 772.03894
2017-11-22, 1, wei_ruo, 12.77, 10.17, -2.12, 10.39, 10.35, 10.35, 10.13, 94521.12, 96451693, 1.32, 2.12, 0.87, 746.5179
2017-11-23, 1, wei_ruo, 12.73, 10.02, -1.47, 10.17, 10.10, 10.16, 10.00, 94806.26, 95513721, 1.32, 1.57, 0.89, 2592.92603
2017-11-24, 1, wei_ruo, 12.71, 10.12, 1.00, 10.02, 10.02, 10.20, 10.02, 70156.67, 71101554, 0.98, 1.80, 0.64, 1035.01415
2017-11-27, 1, wei_ruo, 12.64, 10.69, 5.63, 10.12, 10.13, 10.95, 10.13, 234527.35, 250701914, 3.27, 8.10, 2.51, 666.33916
2017-11-28, 1, wei_ruo, 12.60, 10.74, 0.47, 10.69, 10.65, 10.84, 10.52, 141504.83, 151049931, 1.98, 2.99, 1.23, 620.38088
2017-11-29, 1, wei_ruo, 12.55, 11.01, 2.51, 10.74, 10.75, 11.09, 10.67, 220065.53, 239514695, 3.07, 3.91, 1.73, 696.91896
2017-11-30, 1, wei_ruo, 12.51, 10.90, -1.00, 11.01, 10.91, 11.18, 10.85, 187442.25, 206653372, 2.62, 3.00, 1.23, 2591.77113
2017-12-01, 1, wei_ruo, 12.49, 10.95, 0.46, 10.90, 10.85, 11.02, 10.83, 84047.36, 91893905, 1.17, 1.74, 0.49, 608.90508
2017-12-04, 1, wei_ruo, 12.47, 10.78, -1.55, 10.95, 10.87, 10.99, 10.75, 96212.33, 104414987, 1.34, 2.19, 0.55, 791.43786
2017-12-05, 1, wei_ruo, 12.41, 11.22, 4.08, 10.78, 10.70, 11.78, 10.69, 326657.31, 368716181, 4.56, 10.11, 2.24, 825.737
2017-12-06, 1, wei_ruo, 12.38, 11.47, 2.23, 11.22, 11.23, 11.55, 11.05, 213477.9, 241072362, 2.98, 4.46, 1.17, 608.60419
2017-12-07, 1, wei_ruo, 12.36, 11.33, -1.22, 11.47, 11.44, 11.58, 11.27, 135512.41, 154871172, 1.89, 2.70, 0.75, 764.82296
2017-12-08, 1, wei_ruo, 12.34, 11.35, 0.18, 11.33, 11.34, 11.54, 11.27, 112397.32, 127815561, 1.57, 2.38, 0.66, 640.56516
2017-12-11, 1, wei_ruo, 12.33, 11.41, 0.53, 11.35, 11.35, 11.49, 11.28, 92316.54, 105054839, 1.29, 1.85, 0.52, 690.35316
2017-12-12, 1, wei_ruo, 12.32, 11.32, -0.79, 11.41, 11.41, 11.45, 11.30, 71549, 81306174, 1.00, 1.31, 0.41, 668.68901
2017-12-13, 1, wei_ruo, 12.31, 11.51, 1.68, 11.32, 11.31, 11.59, 11.30, 128962.38, 148283493, 1.80, 2.56, 1.03, 605.09491
2017-12-14, 1, wei_ruo, 12.30, 11.55, 0.35, 11.51, 11.48, 11.65, 11.45, 101091.24, 116815099, 1.41, 1.74, 0.93, 752.00391
2017-12-15, 1, wei_ruo, 12.28, 11.51, -0.35, 11.55, 11.50, 11.65, 11.41, 101533, 117103491, 1.42, 2.08, 1.00, 527.09293
2017-12-18, 2, qing_du, 12.27, 11.88, 3.21, 11.51, 11.56, 12.12, 11.56, 178270.96, 211929144, 2.49, 4.87, 1.80, 604.32506
2017-12-19, 2, qing_du, 12.27, 11.90, 0.17, 11.88, 11.88, 12.05, 11.73, 123903.34, 146978071, 1.73, 2.69, 1.07, 828.63808
2017-12-20, 3, zhong_du, 12.26, 11.97, 0.59, 11.90, 11.89, 12.09, 11.80, 144747.29, 173623450, 2.02, 2.44, 1.14, 742.71798
2017-12-21, 3, zhong_du, 12.26, 11.94, -0.25, 11.97, 11.95, 12.04, 11.73, 103551.19, 123162717, 1.45, 2.59, 0.80, 1171.76008
2017-12-22, 4, gao_du, 12.25, 11.97, 0.25, 11.94, 11.93, 11.98, 11.82, 80269.3, 95570983, 1.12, 1.34, 0.62, 579.34308
2017-12-25, 4, gao_du, 12.25, 12.13, 1.34, 11.97, 11.98, 12.22, 11.97, 143178.11, 173802555, 2.00, 2.09, 1.13, 2619.2348
2017-12-26, 4, gao_du, 12.25, 12.06, -0.58, 12.13, 12.14, 12.15, 11.94, 98187.15, 118313073, 1.37, 1.73, 0.82, 452.12698
2017-12-27, 4, gao_du, 12.24, 11.68, -3.15, 12.06, 12.07, 12.07, 11.65, 118264.65, 140587491, 1.65, 3.48, 1.04, 569.95606
2017-12-29, 4, gao_du, 12.23, 12.63, 3.02, 12.26, 12.35, 12.95, 12.35, 263516.76, 334924699, 3.68, 4.89, 1.85, 682.37519
2018-01-03, 5, qiang_lie, 12.25, 12.67, 0.32, 12.63, 12.87, 12.88, 12.51, 167180.81, 211350897, 2.33, 2.93, 1.00, 721.3521
2018-01-04, 5, qiang_lie, 12.26, 12.61, -0.47, 12.67, 12.78, 12.82, 12.52, 109582.45, 138302757, 1.53, 2.37, 0.61, 691.75696
2018-01-05, 5, qiang_lie, 12.26, 12.48, -1.03, 12.61, 12.55, 12.69, 12.45, 101588.44, 127360948, 1.42, 1.90, 0.57, 611.73105
2018-01-08, 5, qiang_lie, 12.27, 12.70, 1.76, 12.48, 12.50, 12.83, 12.50, 148542.82, 188799244, 2.07, 2.64, 0.83, 668.35618
2018-01-09, 5, qiang_lie, 12.28, 12.64, -0.47, 12.70, 12.77, 12.78, 12.51, 90159, 113652192, 1.26, 2.13, 0.57, 644.51313
2018-01-10, 5, qiang_lie, 12.28, 12.33, -2.45, 12.64, 12.57, 12.60, 12.13, 151603.71, 186665032, 2.12, 3.72, 1.23, 683.00414
2018-01-11, 5, qiang_lie, 12.28, 12.47, 1.14, 12.33, 12.35, 12.61, 12.30, 119731.21, 149498503, 1.67, 2.51, 1.00, 562.46996
2018-01-12, 5, qiang_lie, 12.28, 12.26, -1.68, 12.47, 12.41, 12.55, 12.25, 71842.75, 88824548, 1.00, 2.41, 0.59, 1021.16299
2018-01-15, 5, qiang_lie, 12.27, 11.73, -4.32, 12.26, 12.28, 12.38, 11.67, 151122.21, 180427961, 2.11, 5.79, 1.30, 591.39705
2018-01-16, 5, qiang_lie, 12.26, 11.94, 1.79, 11.73, 11.70, 12.06, 11.61, 145251.52, 172405205, 2.03, 3.84, 1.24, 565.26518
2018-01-17, 4, gao_du, 12.26, 11.60, -2.85, 11.94, 11.97, 11.97, 11.54, 116479.63, 135459367, 1.63, 3.60, 0.91, 652.18306
2018-01-18, 3, zhong_du, 12.24, 11.49, -0.95, 11.60, 11.60, 11.60, 11.25, 111233.36, 126860803, 1.55, 3.02, 0.93, 1563.38191
2018-01-19, 3, zhong_du, 12.24, 11.48, -0.09, 11.49, 11.48, 11.59, 11.30, 66944.35, 76773798, 0.93, 2.52, 0.56, 508.06379
2018-01-22, 3, zhong_du, 12.23, 11.58, 0.87, 11.48, 11.49, 11.62, 11.31, 90861.56, 104027844, 1.27, 2.70, 0.77, 643.51487
2018-01-23, 3, zhong_du, 12.22, 11.56, -0.17, 11.58, 11.58, 11.67, 11.45, 85074.59, 97969576, 1.19, 1.90, 0.80, 2652.50993
2018-01-24, 3, zhong_du, 12.21, 11.74, 1.56, 11.56, 11.58, 11.80, 11.40, 155962.49, 181401192, 2.18, 3.46, 1.66, 592.664
2018-01-25, 3, zhong_du, 12.20, 11.61, -1.11, 11.74, 11.75, 11.86, 11.58, 67212.5, 78710173, 0.94, 2.39, 0.66, 727.57101
2018-01-26, 2, qing_du, 12.19, 11.56, -0.43, 11.61, 11.61, 11.64, 11.31, 100530.46, 115426419, 1.40, 2.84, 1.08, 649.55997
2018-01-29, 2, qing_du, 12.18, 11.21, -3.03, 11.56, 11.50, 11.50, 11.15, 96584.99, 109226673, 1.35, 3.03, 0.97, 813.70902
2018-01-30, 1, wei_ruo, 12.17, 11.04, -1.52, 11.21, 11.20, 11.22, 10.93, 60793.93, 67446525, 0.85, 2.59, 0.60, 859.56502
2018-01-31, 1, wei_ruo, 12.15, 10.61, -3.89, 11.04, 11.00, 11.00, 10.45, 99890.46, 106638064, 1.39, 4.98, 1.04, 2685.34994
2018-02-01, 1, wei_ruo, 12.13, 10.65, 0.38, 10.61, 10.61, 10.78, 10.38, 81836.55, 86832518, 1.14, 3.77, 0.96, 612.854
2018-02-02, 1, wei_ruo, 12.12, 10.70, 0.47, 10.65, 10.60, 10.71, 10.30, 54041.43, 56885104, 0.75, 3.85, 0.61, 687.02793
2018-02-05, 1, wei_ruo, 12.09, 11.38, 6.36, 10.70, 10.66, 11.65, 10.54, 205956.44, 230668285, 2.88, 10.37, 2.62, 768.83912
2018-02-06, 1, wei_ruo, 12.07, 10.95, -3.78, 11.38, 11.25, 11.25, 10.70, 139734.07, 154165875, 1.95, 4.83, 1.39, 556.97989
2018-02-07, 1, wei_ruo, 12.06, 11.03, 0.73, 10.95, 11.20, 11.27, 10.75, 75929.92, 83981436, 1.06, 4.75, 0.65, 778.1291
2018-02-08, 1, wei_ruo, 12.05, 11.33, 2.72, 11.03, 11.55, 11.64, 11.16, 134665.66, 152831826, 1.88, 4.35, 1.17, 824.36609
2018-02-09, 1, wei_ruo, 12.03, 10.88, -3.97, 11.33, 10.90, 11.09, 10.68, 108715.87, 118081497, 1.52, 3.62, 1.09, 732.92685
2018-02-12, 1, wei_ruo, 12.02, 11.15, 2.48, 10.88, 10.93, 11.23, 10.91, 63056.71, 69871199, 0.88, 2.94, 0.56, 825.80686
2018-02-13, 1, wei_ruo, 12.01, 11.27, 1.08, 11.15, 11.19, 11.48, 11.16, 74853.85, 84494544, 1.04, 2.87, 0.92, 666.53085
2018-02-14, 1, wei_ruo, 12.01, 11.28, 0.09, 11.27, 11.20, 11.38, 11.20, 44703, 50465800, 0.62, 1.60, 0.66, 2709.14006
