2016-02-01, 1, wei_ruo, 14.85, 11.92, -1.73, 12.13, 12.06, 12.14, 11.79, 139121.96, 166827854, 0.40, 2.89, 0.23, 1611.43112
2016-02-02, 1, wei_ruo, 14.83, 12.03, 0.92, 11.92, 11.85, 12.22, 11.83, 253147.41, 304990700, 0.73, 3.27, 0.43, 1070.23191
2016-02-03, 1, wei_ruo, 14.82, 11.92, -0.91, 12.03, 11.90, 11.98, 11.76, 125786.02, 149128132, 0.36, 1.83, 0.21, 1147.48693
2016-02-04, 1, wei_ruo, 14.81, 12.14, 1.85, 11.92, 11.96, 12.20, 11.95, 180972.69, 219269784, 0.52, 2.10, 0.30, 2846.67921
2016-02-05, 1, wei_ruo, 14.80, 12.03, -0.91, 12.14, 12.15, 12.22, 12.02, 127983.48, 155312974, 0.37, 1.65, 0.21, 2776.22581
2016-02-15, 1, wei_ruo, 14.79, 11.90, -1.08, 12.03, 11.70, 11.93, 11.52, 142138.96, 166908938, 0.41, 3.41, 0.24, 955.45197
2016-02-16, 1, wei_ruo, 14.77, 12.36, 3.87, 11.90, 11.98, 12.48, 11.95, 211416.36, 260018172, 0.61, 4.45, 0.36, 2073.277
2016-02-17, 1, wei_ruo, 14.76, 12.55, 1.54, 12.36, 12.39, 12.67, 12.33, 201539.86, 252308167, 0.58, 2.75, 0.34, 4324.2929
2016-02-18, 1, wei_ruo, 14.75, 12.48, -0.56, 12.55, 12.63, 12.68, 12.42, 159504.68, 200458144, 0.46, 2.07, 0.27, 1842.55195
2016-02-19, 1, wei_ruo, 14.74, 12.38, -0.80, 12.48, 12.48, 12.56, 12.38, 78077.46, 97231807, 0.23, 1.44, 0.17, 1978.652
2016-02-22, 1, wei_ruo, 14.74, 13.07, 5.92, 12.34, 12.46, 13.14, 12.38, 416367.49, 532988830, 1.21, 6.16, 2.47, 2912.21404
2016-02-23, 1, wei_ruo, 14.66, 12.79, -2.14, 13.07, 12.96, 12.96, 12.65, 184487.06, 235929610, 0.53, 2.37, 0.83, 1740.50093
2016-02-24, 1, wei_ruo, 14.65, 12.81, 0.16, 12.79, 12.69, 12.85, 12.50, 159605.54, 202655816, 0.46, 2.74, 0.73, 2014.99486
2016-02-25, 1, wei_ruo, 14.64, 12.10, -5.54, 12.81, 12.75, 12.75, 11.94, 215313.27, 266042608, 0.62, 6.32, 1.03, 2653.018
2016-02-26, 1, wei_ruo, 14.63, 12.16, 0.50, 12.10, 12.15, 12.30, 12.00, 177255.51, 215591462, 0.51, 2.48, 0.80, 1063.23814
2016-02-29, 1, wei_ruo, 14.61, 11.95, -1.73, 12.16, 12.15, 12.20, 11.70, 213938.22, 254394652, 0.62, 4.11, 0.93, 954.66089
2016-03-01, 1, wei_ruo, 14.60, 12.18, 1.92, 11.95, 12.00, 12.35, 11.98, 186066.7, 226125249, 0.54, 3.10, 0.98, 2593.98198
2016-03-02, 1, wei_ruo, 14.58, 12.70, 4.27, 12.18, 12.20, 12.80, 12.12, 263756.26, 329515431, 0.76, 5.58, 1.39, 550.91906
2016-03-03, 1, wei_ruo, 14.56, 12.93, 1.81, 12.70, 12.71, 13.14, 12.65, 379905.91, 491290912, 1.10, 3.86, 1.80, 834.11598
2016-03-04, 1, wei_ruo, 14.54, 13.16, 1.78, 12.93, 12.80, 13.48, 12.80, 578173.91, 764999584, 1.68, 5.26, 2.37, 810.94909
2016-03-07, 1, wei_ruo, 14.53, 13.30, 1.06, 13.16, 13.20, 13.65, 13.09, 316553.41, 421223754, 0.92, 4.26, 0.98, 2600.98004
2016-03-08, 1, wei_ruo, 14.52, 13.28, -0.15, 13.30, 13.21, 13.34, 12.90, 263517.21, 345899944, 0.76, 3.31, 0.76, 536.47709
2016-03-09, 2, qing_du, 14.51, 13.16, -0.90, 13.28, 13.12, 13.21, 12.96, 151310.19, 198230577, 0.44, 1.88, 0.42, 2515.7609
2016-03-10, 2, qing_du, 14.50, 13.11, -0.38, 13.16, 13.12, 13.49, 13.10, 193256.7, 256657071, 0.56, 2.96, 0.57, 4816.30301
2016-03-11, 2, qing_du, 14.50, 13.16, 0.38, 13.11, 13.09, 13.35, 13.01, 150652.09, 199050404, 0.44, 2.59, 0.50, 2735.66604
2016-03-14, 2, qing_du, 14.49, 13.30, 1.06, 13.16, 13.20, 13.68, 13.20, 206916.77, 278493082, 0.60, 3.65, 0.96, 4458.75716
2016-03-15, 2, qing_du, 14.48, 13.20, -0.75, 13.30, 13.30, 13.35, 12.98, 218852.69, 287712159, 0.63, 2.78, 1.13, 680.98307
2016-03-16, 2, qing_du, 14.47, 13.10, -0.76, 13.20, 13.12, 13.39, 13.05, 326993.09, 432229171, 0.95, 2.58, 1.78, 613.29484
2016-03-17, 3, zhong_du, 14.46, 13.11, 0.08, 13.10, 13.05, 13.26, 12.90, 313003.7, 409625379, 0.91, 2.75, 1.43, 678.08914
2016-03-18, 3, zhong_du, 14.44, 13.35, 1.83, 13.11, 13.13, 13.43, 13.10, 416303.41, 551850033, 1.21, 2.52, 1.71, 4560.86993
2016-03-21, 3, zhong_du, 14.43, 13.83, 3.60, 13.35, 13.45, 14.05, 13.35, 529313.58, 729039699, 1.53, 5.24, 1.79, 716.64214
2016-03-22, 3, zhong_du, 14.43, 13.85, 0.14, 13.83, 13.75, 14.11, 13.65, 383504.3, 531674904, 1.11, 3.33, 1.06, 1146.60907
2016-03-23, 4, gao_du, 14.42, 13.71, -1.01, 13.85, 13.89, 13.89, 13.51, 247788.16, 338627710, 0.72, 2.74, 0.63, 1611.40299
2016-03-24, 4, gao_du, 14.42, 13.38, -2.41, 13.71, 13.61, 13.62, 13.35, 233302.79, 314381255, 0.68, 1.97, 0.62, 2566.10584
2016-03-25, 4, gao_du, 14.41, 13.49, 0.82, 13.38, 13.36, 13.57, 13.36, 136472.7, 183918574, 0.40, 1.57, 0.38, 2759.9051
2016-03-28, 3, zhong_du, 14.41, 13.26, -1.70, 13.49, 13.50, 13.60, 13.20, 177260.71, 238180203, 0.51, 2.97, 0.58, 2513.34906
2016-03-29, 3, zhong_du, 14.40, 13.12, -1.06, 13.26, 13.29, 13.43, 13.05, 184850.41, 244710978, 0.54, 2.87, 0.78, 1983.99711
2016-03-30, 3, zhong_du, 14.39, 13.53, 3.13, 13.12, 13.23, 13.56, 13.19, 235922.44, 316663278, 0.68, 2.82, 1.20, 1233.78587
2016-03-31, 3, zhong_du, 14.39, 13.47, -0.44, 13.53, 13.55, 13.59, 13.38, 190713.21, 256735334, 0.55, 1.55, 0.99, 2864.97998
2016-04-01, 3, zhong_du, 14.38, 13.42, -0.37, 13.47, 13.42, 13.52, 13.17, 200209.58, 267437374, 0.58, 2.60, 1.08, 4539.68406
2016-04-05, 4, gao_du, 14.38, 13.60, 1.34, 13.42, 13.42, 13.65, 13.33, 255926.02, 346366196, 0.74, 2.38, 1.29, 190.71198
2016-04-06, 4, gao_du, 14.37, 13.59, -0.07, 13.60, 13.56, 13.74, 13.49, 195475.84, 265842330, 0.57, 1.84, 0.92, 1496.94204
2016-04-07, 4, gao_du, 14.37, 13.33, -1.91, 13.59, 13.62, 13.63, 13.32, 172764.61, 232180907, 0.50, 2.28, 0.80, 2156.44407
2016-04-08, 4, gao_du, 14.36, 13.47, 1.05, 13.33, 13.28, 13.62, 13.24, 216614.48, 290978290, 0.63, 2.85, 1.07, 786.04603
2016-04-11, 4, gao_du, 14.35, 13.50, 0.22, 13.47, 13.45, 13.66, 13.40, 294247.53, 398629633, 0.85, 1.93, 1.41, 420.52412
2016-04-12, 4, gao_du, 14.35, 13.43, -0.52, 13.50, 13.50, 13.51, 13.34, 139966.67, 187740183, 0.41, 1.26, 0.62, 2585.70695
2016-04-13, 4, gao_du, 14.34, 13.62, 1.41, 13.43, 13.45, 13.79, 13.44, 364608.97, 498269056, 1.06, 2.61, 1.79, 638.41319
2016-04-14, 5, qiang_lie, 14.34, 13.67, 0.37, 13.62, 13.70, 13.74, 13.59, 131229.01, 179080800, 0.38, 1.10, 0.55, 1683.69102
2016-04-15, 5, qiang_lie, 14.33, 13.91, 1.76, 13.67, 13.61, 14.02, 13.61, 345413.04, 477398822, 1.00, 3.00, 1.51, 1379.25506
2016-04-18, 5, qiang_lie, 14.33, 13.61, -2.16, 13.91, 13.80, 13.80, 13.61, 192360.68, 263832744, 0.56, 1.37, 0.75, 76.67303
2016-04-19, 5, qiang_lie, 14.33, 13.73, 0.88, 13.61, 13.66, 13.76, 13.54, 160101.48, 218626265, 0.46, 1.62, 0.68, 450.62804
2016-04-20, 5, qiang_lie, 14.32, 13.45, -2.04, 13.73, 13.70, 13.74, 13.20, 255839.7, 343711150, 0.74, 3.93, 1.07, 1270.61415
2016-04-21, 5, qiang_lie, 14.32, 13.41, -0.30, 13.45, 13.41, 13.64, 13.36, 177433.01, 239666451, 0.51, 2.08, 0.82, 752.02298
2016-04-22, 5, qiang_lie, 14.31, 13.48, 0.52, 13.41, 13.33, 13.62, 13.31, 127979.94, 172703197, 0.37, 2.31, 0.57, 3464.81395
2016-04-26, 4, gao_du, 14.31, 13.75, 2.00, 13.48, 13.53, 13.82, 13.43, 251180.22, 343774835, 0.73, 2.89, 1.37, 2224.32613
2016-04-27, 4, gao_du, 14.31, 13.84, 0.65, 13.75, 13.75, 14.02, 13.67, 253805.83, 351670539, 0.74, 2.55, 1.30, 749.58205
2016-04-28, 5, qiang_lie, 14.30, 14.25, 2.96, 13.84, 13.84, 14.43, 13.84, 411195.12, 583819066, 1.19, 4.26, 1.93, 2595.84808
2016-04-29, 5, qiang_lie, 14.30, 14.02, -1.61, 14.25, 14.21, 14.38, 14.00, 237907.96, 338549401, 0.69, 2.67, 0.97, 563.63797
2016-05-03, 5, qiang_lie, 14.30, 14.28, 1.85, 14.02, 14.09, 14.44, 14.04, 274982.57, 392588109, 0.80, 2.85, 1.07, 1424.05915
2016-05-04, 5, qiang_lie, 14.30, 14.58, 2.10, 14.28, 14.22, 14.65, 14.18, 296820.44, 430770229, 0.86, 3.29, 1.04, 363.23404
2016-05-05, 5, qiang_lie, 14.30, 14.55, -0.21, 14.58, 14.55, 14.64, 14.31, 148223.37, 215131395, 0.43, 2.26, 0.50, 3614.9559
2016-05-06, 5, qiang_lie, 14.30, 14.13, -2.89, 14.55, 14.50, 14.54, 14.12, 178831.58, 255903767, 0.52, 2.89, 0.65, 460.72412
2016-05-09, 5, qiang_lie, 14.30, 14.03, -0.71, 14.13, 14.12, 14.28, 13.71, 225498.04, 315986273, 0.65, 4.03, 0.99, 842.44394
2016-05-10, 5, qiang_lie, 14.30, 14.09, 0.43, 14.03, 13.92, 14.24, 13.86, 147262.41, 207444154, 0.43, 2.71, 0.65, 2173.29597
2016-05-11, 5, qiang_lie, 14.30, 14.56, 3.34, 14.09, 14.14, 14.83, 13.94, 293558.61, 423769649, 0.85, 6.32, 1.47, 778.07689
2016-05-12, 5, qiang_lie, 14.31, 14.75, 1.30, 14.56, 14.41, 14.90, 14.29, 262716.03, 385859603, 0.76, 4.19, 1.32, 2223.88887
2016-05-13, 5, qiang_lie, 14.31, 14.56, -1.29, 14.75, 14.66, 14.86, 14.51, 105526.53, 154874733, 0.31, 2.37, 0.48, 2681.05388
2016-05-16, 5, qiang_lie, 14.31, 14.65, 0.62, 14.56, 14.51, 14.76, 14.50, 88931.94, 130208316, 0.26, 1.79, 0.43, 14516.96897
2016-05-17, 5, qiang_lie, 14.31, 14.54, -0.75, 14.65, 14.67, 14.71, 14.50, 84900.19, 124045291, 0.25, 1.43, 0.47, 692.76595
2016-05-18, 5, qiang_lie, 14.31, 14.36, -1.24, 14.54, 14.50, 14.58, 14.00, 196563.39, 280403189, 0.57, 3.99, 1.18, 2099.78795
2016-05-19, 5, qiang_lie, 14.31, 14.32, -0.28, 14.36, 14.27, 14.50, 14.23, 131546.46, 189038916, 0.38, 1.88, 0.89, 1839.62893
2016-05-20, 5, qiang_lie, 14.31, 14.26, -0.42, 14.32, 14.20, 14.40, 14.14, 101429.26, 144597881, 0.29, 1.82, 0.83, 703.68695
2016-05-23, 5, qiang_lie, 14.31, 14.22, -0.28, 14.26, 14.30, 14.35, 14.11, 113715.98, 161945836, 0.33, 1.68, 0.94, 4302.6731
2016-05-24, 4, gao_du, 14.31, 14.20, -0.14, 14.22, 14.17, 14.22, 14.06, 80492.63, 113748816, 0.23, 1.13, 0.64, 603.14679
2016-05-25, 4, gao_du, 14.31, 14.19, -0.07, 14.20, 14.29, 14.30, 14.14, 68945.27, 98006385, 0.20, 1.13, 0.55, 2679.883
2016-05-26, 4, gao_du, 14.31, 14.25, 0.42, 14.19, 14.17, 14.29, 14.13, 76795.22, 109132654, 0.22, 1.13, 0.61, 2429.4529
2016-05-27, 4, gao_du, 14.31, 14.29, 0.28, 14.25, 14.20, 14.34, 14.16, 81208.91, 115777781, 0.24, 1.26, 0.65, 5224.64299
2016-05-30, 4, gao_du, 14.31, 14.26, -0.21, 14.29, 14.25, 14.36, 14.08, 138050.86, 196161963, 0.40, 1.96, 1.10, 486.20105
2016-05-31, 5, qiang_lie, 14.31, 14.90, 4.49, 14.26, 14.30, 14.95, 14.26, 302379.71, 446223013, 0.88, 4.84, 2.41, 667.799
2016-06-01, 5, qiang_lie, 14.31, 14.70, -1.34, 14.90, 14.82, 14.95, 14.67, 179983.59, 266225174, 0.52, 1.88, 1.43, 2600.85797
2016-06-02, 5, qiang_lie, 14.31, 14.74, 0.27, 14.70, 14.74, 14.79, 14.62, 94103.22, 138376702, 0.27, 1.16, 0.75, 652.47011
2016-06-03, 5, qiang_lie, 14.32, 14.76, 0.14, 14.74, 14.71, 14.90, 14.65, 104206.12, 153667171, 0.30, 1.70, 0.83, 5980.4759
2016-06-06, 5, qiang_lie, 14.33, 14.60, -1.08, 14.76, 14.76, 14.83, 14.58, 93200.64, 136639576, 0.27, 1.69, 0.74, 4390.85793
2016-06-07, 5, qiang_lie, 14.33, 14.75, 1.03, 14.60, 14.61, 14.80, 14.59, 106821.38, 156901616, 0.31, 1.44, 0.85, 4660.4991
2016-06-08, 5, qiang_lie, 14.33, 14.68, -0.47, 14.75, 14.68, 14.72, 14.61, 66916.98, 98125704, 0.19, 0.75, 0.53, 1091.87293
2016-06-13, 5, qiang_lie, 14.33, 14.15, -3.61, 14.68, 14.58, 14.59, 14.13, 112993.81, 162735687, 0.33, 3.13, 0.90, 1143.27598
2016-06-14, 5, qiang_lie, 14.33, 14.25, 0.71, 14.15, 14.15, 14.30, 14.12, 84534.35, 120188733, 0.25, 1.27, 0.67, 4641.114
2016-06-15, 5, qiang_lie, 14.33, 14.47, 1.54, 14.25, 14.18, 14.54, 14.17, 130616.31, 187931487, 0.38, 2.60, 1.04, 5038.83791
2016-06-16, 4, gao_du, 14.33, 14.27, -1.38, 14.47, 14.40, 14.45, 14.22, 69108.17, 98901758, 0.20, 1.59, 0.55, 3484.47609
2016-06-17, 4, gao_du, 14.33, 14.30, 0.21, 14.27, 14.28, 14.47, 14.20, 83357.26, 119534604, 0.24, 1.89, 0.66, 6748.96812
2016-06-20, 4, gao_du, 14.33, 14.32, 0.14, 14.30, 14.31, 14.37, 14.25, 80474.53, 115127369, 0.23, 0.84, 0.64, 1799.58797
2016-06-21, 3, zhong_du, 14.33, 14.42, 0.70, 14.32, 14.36, 14.69, 14.36, 160191.49, 232653298, 0.46, 2.30, 1.28, 2647.12095
2016-06-22, 3, zhong_du, 14.33, 14.64, 1.53, 14.42, 14.46, 14.70, 14.36, 107262.48, 156521970, 0.31, 2.36, 0.85, 966.6388
2016-06-23, 4, gao_du, 14.33, 14.63, -0.07, 14.64, 14.60, 14.71, 14.53, 89259.82, 130535063, 0.26, 1.23, 0.71, 2012.30407
2016-06-24, 4, gao_du, 14.33, 14.39, -1.64, 14.63, 14.65, 14.75, 14.32, 178970.48, 259782455, 0.52, 2.94, 1.42, 1710.27613
2016-06-27, 4, gao_du, 14.33, 14.60, 1.46, 14.39, 14.40, 14.60, 14.36, 71059.46, 103225185, 0.21, 1.67, 0.57, 2778.79095
2016-06-28, 4, gao_du, 14.33, 14.59, -0.07, 14.60, 14.56, 14.63, 14.40, 84061.62, 121866587, 0.24, 1.58, 0.67, 895.62798
2016-06-30, 5, qiang_lie, 14.34, 14.78, -0.74, 14.89, 14.81, 14.93, 14.73, 111429.32, 165334701, 0.32, 1.34, 0.89, 912.82701
2016-07-01, 5, qiang_lie, 14.34, 14.84, 0.41, 14.78, 14.75, 14.87, 14.75, 77491.95, 114807295, 0.22, 0.81, 0.62, 630.66912
2016-07-04, 5, qiang_lie, 14.34, 15.35, 3.44, 14.84, 14.73, 15.68, 14.73, 281715.82, 431108108, 0.82, 6.40, 2.24, 854.34604
2016-07-05, 5, qiang_lie, 14.35, 15.31, -0.26, 15.35, 15.33, 15.40, 15.15, 112705.68, 172076725, 0.33, 1.63, 0.90, 2540.08293
2016-07-06, 5, qiang_lie, 14.35, 15.31, 0.00, 15.31, 15.30, 15.45, 15.17, 97906.73, 150108663, 0.28, 1.83, 0.78, 18639.30798
2016-07-07, 5, qiang_lie, 14.35, 15.20, -0.72, 15.31, 15.24, 15.30, 15.08, 105347.86, 159919149, 0.31, 1.44, 0.84, 1276.15595
2016-07-08, 5, qiang_lie, 14.36, 15.10, -0.66, 15.20, 15.19, 15.31, 15.08, 135340.72, 205352672, 0.39, 1.51, 1.08, 4907.511
2016-07-11, 5, qiang_lie, 14.36, 15.35, 1.66, 15.10, 15.10, 15.55, 15.10, 178494.5, 274037809, 0.52, 2.98, 1.42, 2792.63186
2016-07-12, 5, qiang_lie, 13.95, 15.15, 1.68, 14.90, 14.82, 15.21, 14.76, 195862.5, 293567435, 0.57, 3.02, 1.56, 20905.67708
2016-07-13, 5, qiang_lie, 13.96, 15.53, 2.51, 15.15, 15.19, 16.09, 15.19, 363488.38, 572447993, 1.05, 5.94, 2.89, 707.25393
2016-07-14, 5, qiang_lie, 13.97, 15.70, 1.09, 15.53, 15.47, 15.72, 15.34, 131817.25, 205058924, 0.38, 2.45, 1.05, 771.348
2016-07-15, 5, qiang_lie, 13.97, 15.70, 0.00, 15.70, 15.68, 15.77, 15.60, 92044.66, 144343775, 0.27, 1.08, 0.73, 896.40307
2016-07-18, 5, qiang_lie, 13.98, 15.85, 0.96, 15.70, 15.69, 16.10, 15.69, 146138.34, 232952518, 0.42, 2.61, 1.19, 2358.85
2016-07-19, 5, qiang_lie, 13.99, 15.62, -1.64, 15.88, 15.88, 16.06, 15.50, 166192.82, 261452673, 0.48, 3.53, 1.32, 555.08804
2016-07-20, 5, qiang_lie, 13.99, 15.50, -0.77, 15.62, 15.60, 15.63, 15.29, 130072.86, 200804837, 0.38, 2.18, 1.04, 557.621
2016-07-21, 5, qiang_lie, 14.01, 15.81, 1.87, 15.52, 15.50, 15.92, 15.47, 192059.71, 302955575, 0.56, 2.90, 1.53, 2753.68094
2016-07-22, 5, qiang_lie, 14.01, 15.56, -1.58, 15.81, 15.81, 15.83, 15.51, 91301.21, 142682155, 0.26, 2.02, 0.73, 844.40017
2016-07-25, 5, qiang_lie, 14.02, 15.46, -0.64, 15.56, 15.57, 15.72, 15.38, 122888.65, 191103886, 0.36, 2.19, 0.98, 4761.83987
2016-07-26, 5, qiang_lie, 14.02, 15.73, 1.75, 15.46, 15.45, 15.76, 15.40, 182536.68, 284542202, 0.53, 2.33, 1.45, 981.43291
2016-07-27, 5, qiang_lie, 14.03, 15.44, -1.84, 15.73, 15.67, 15.92, 15.17, 208937.6, 325072553, 0.61, 4.77, 1.66, 2834.45191
2016-07-28, 5, qiang_lie, 14.04, 15.23, -1.36, 15.44, 15.40, 15.40, 15.04, 204725.24, 310367464, 0.59, 2.33, 1.63, 16458.15516
2016-07-29, 5, qiang_lie, 14.05, 15.42, 1.25, 15.23, 15.13, 15.46, 15.13, 163880.87, 251738471, 0.47, 2.17, 1.30, 14116.00494
2016-08-01, 5, qiang_lie, 14.05, 15.40, -0.13, 15.42, 15.37, 15.59, 15.22, 156171.46, 240413725, 0.45, 2.40, 1.24, 2986.60207
2016-08-02, 5, qiang_lie, 14.06, 15.25, -0.97, 15.40, 15.40, 15.47, 15.16, 99092.89, 151153906, 0.29, 2.01, 0.79, 17075.56009
2016-08-03, 5, qiang_lie, 14.06, 15.27, 0.13, 15.25, 15.23, 15.34, 15.22, 76995.58, 117670786, 0.22, 0.79, 0.60, 3206.37703
2016-08-04, 5, qiang_lie, 14.06, 15.35, 0.52, 15.27, 15.28, 15.36, 15.26, 111400.38, 170608674, 0.32, 0.65, 1.07, 14250.07415
2016-08-05, 5, qiang_lie, 14.07, 15.80, 2.93, 15.35, 15.36, 15.85, 15.32, 252966.47, 396210077, 0.73, 3.45, 2.52, 2567.75498
2016-08-08, 5, qiang_lie, 14.08, 15.74, -0.38, 15.80, 15.70, 15.79, 15.58, 120536.74, 189064680, 0.35, 1.33, 0.92, 5705.60002
2016-08-09, 5, qiang_lie, 14.09, 15.82, 0.51, 15.74, 15.74, 15.98, 15.67, 143602.27, 226661738, 0.42, 1.97, 1.09, 4543.32018
2016-08-10, 5, qiang_lie, 14.09, 15.75, -0.44, 15.82, 15.78, 15.96, 15.73, 136100.01, 215641641, 0.39, 1.45, 0.96, 3449.89014
2016-08-11, 5, qiang_lie, 14.13, 16.33, 3.68, 15.75, 15.72, 17.21, 15.72, 510464.72, 844737111, 1.48, 9.46, 3.34, 2612.53405
2016-08-15, 5, qiang_lie, 14.23, 17.41, 1.87, 17.09, 17.35, 18.01, 17.27, 691833.68, 1218740535, 2.01, 4.33, 2.54, 667.67597
2016-08-16, 5, qiang_lie, 14.44, 16.22, -6.78, 17.40, 17.34, 17.35, 16.04, 3088734.6, 5059580146, 8.95, 7.53, 7.92, 1416.46194
2016-08-17, 5, qiang_lie, 14.50, 16.19, -0.18, 16.22, 16.10, 16.38, 16.10, 1175834.66, 1910464099, 3.41, 1.73, 1.20, 14664.28995
2016-08-18, 5, qiang_lie, 14.55, 16.35, 0.99, 16.19, 16.19, 16.58, 16.10, 861908.42, 1409708181, 2.50, 2.96, 0.73, 14347.33701
2016-08-19, 4, gao_du, 14.56, 16.25, -0.61, 16.35, 16.35, 16.42, 16.17, 343595.44, 559307521, 1.00, 1.53, 0.27, 2639.60695
2016-08-22, 3, zhong_du, 14.58, 16.19, -0.37, 16.25, 16.21, 16.35, 16.04, 362344.08, 586222483, 1.05, 1.91, 0.29, 1115.04722
2016-08-23, 3, zhong_du, 14.60, 16.26, 0.43, 16.19, 16.15, 16.39, 16.11, 350336.82, 569965529, 1.02, 1.73, 0.30, 594.48814
2016-08-24, 3, zhong_du, 14.61, 16.15, -0.68, 16.26, 16.24, 16.42, 16.13, 235070.12, 382042643, 0.68, 1.78, 0.38, 25503.79801
2016-08-25, 3, zhong_du, 14.62, 16.02, -0.74, 16.14, 16.11, 16.20, 15.88, 359834.35, 576492595, 1.04, 1.98, 0.83, 512.29882
2016-08-26, 3, zhong_du, 14.63, 16.01, -0.06, 16.02, 16.05, 16.20, 15.98, 212512.97, 341932483, 0.62, 1.37, 0.64, 558.24614
2016-08-29, 3, zhong_du, 14.65, 16.24, 1.44, 16.01, 16.07, 16.31, 16.05, 285492.52, 463491856, 0.83, 1.62, 0.94, 752.29502
2016-08-30, 3, zhong_du, 14.67, 16.64, 2.46, 16.24, 16.27, 16.75, 16.26, 465386.85, 768879112, 1.35, 3.02, 1.61, 1834.33414
2016-08-31, 3, zhong_du, 14.69, 16.57, -0.42, 16.64, 16.65, 16.65, 16.49, 79166.38, 130995992, 0.23, 0.96, 1.41, 2651.4411
2016-09-01, 3, zhong_du, 14.71, 16.53, -1.02, 16.70, 16.71, 16.83, 16.44, 295711.7, 490706763, 0.86, 2.34, 0.86, 2337.96906
2016-09-02, 3, zhong_du, 14.71, 16.57, -0.42, 16.64, 16.65, 16.65, 16.49, 79166.38, 130995992, 0.23, 0.96, 1.41, 3812.37411
2016-09-05, 3, zhong_du, 14.71, 16.57, -0.42, 16.64, 16.65, 16.65, 16.49, 79166.38, 130995992, 0.23, 0.96, 1.41, 603.36185
2016-09-06, 3, zhong_du, 14.71, 16.28, 0.56, 16.19, 16.21, 16.31, 16.04, 245634.4, 397216504, 0.71, 1.67, 0.72, 5782.90606
2016-09-07, 3, zhong_du, 14.71, 16.32, 0.25, 16.28, 16.28, 16.41, 16.21, 194550.83, 317546971, 0.56, 1.23, 0.57, 2483.25706
2016-09-08, 2, qing_du, 14.71, 16.20, -0.74, 16.32, 16.32, 16.40, 16.15, 170525.5, 277540424, 0.49, 1.53, 0.50, 2586.41601
2016-09-09, 2, qing_du, 14.71, 16.57, -0.42, 16.64, 16.65, 16.65, 16.49, 79166.38, 130995992, 0.23, 0.96, 1.41, 764.28008
2016-09-12, 2, qing_du, 14.71, 15.99, -1.42, 16.22, 16.01, 16.24, 15.92, 225753.07, 362168506, 0.65, 1.97, 0.66, 883.41308
2016-09-13, 2, qing_du, 14.71, 15.86, -0.81, 15.99, 16.01, 16.09, 15.85, 176641.73, 282215702, 0.51, 1.50, 0.52, 2621.18006
2016-09-14, 2, qing_du, 14.71, 16.57, -0.42, 16.64, 16.65, 16.65, 16.49, 79166.38, 130995992, 0.23, 0.96, 1.41, 1191.98203
2016-09-19, 1, wei_ruo, 14.71, 15.43, 0.33, 15.38, 15.45, 15.64, 15.37, 168745.73, 261133783, 0.49, 1.76, 0.49, 2723.984
2016-09-20, 1, wei_ruo, 14.71, 15.32, -0.71, 15.43, 15.44, 15.46, 15.23, 143984.16, 220607517, 0.42, 1.49, 0.42, 18186.72013
2016-09-21, 1, wei_ruo, 14.71, 15.44, 0.78, 15.32, 15.32, 15.48, 15.28, 135516.62, 208494085, 0.39, 1.31, 0.40, 465.02209
2016-09-22, 1, wei_ruo, 14.71, 15.71, 1.75, 15.44, 15.49, 15.78, 15.45, 199808.76, 313145260, 0.58, 2.14, 0.59, 554.82697
2016-09-23, 1, wei_ruo, 14.71, 15.68, -0.19, 15.71, 15.74, 15.80, 15.58, 115445.99, 181267361, 0.33, 1.40, 0.34, 1375.22912
2016-09-26, 1, wei_ruo, 14.71, 15.32, -2.30, 15.68, 15.58, 15.64, 15.30, 191117.92, 293997970, 0.55, 2.17, 0.56, 2566.11991
2016-09-27, 1, wei_ruo, 14.71, 15.32, 0.00, 15.32, 15.26, 15.48, 15.18, 129193.74, 197951212, 0.37, 1.96, 0.38, 768.87679
2016-09-28, 1, wei_ruo, 14.71, 15.31, -0.07, 15.32, 15.39, 15.39, 15.24, 62383.16, 95442086, 0.18, 0.98, 0.18, 594.22803
2016-09-29, 1, wei_ruo, 14.71, 15.60, 1.89, 15.31, 15.30, 15.63, 15.28, 205585.31, 318443438, 0.60, 2.29, 0.60, 6004.25315
2016-09-30, 1, wei_ruo, 14.71, 15.65, 0.32, 15.60, 15.53, 15.74, 15.50, 126657.98, 198345121, 0.37, 1.54, 0.37, 700.8009
2016-10-10, 1, wei_ruo, 14.71, 15.67, 0.13, 15.65, 15.68, 15.76, 15.51, 131871.71, 205964783, 0.38, 1.60, 0.38, 643.35108
2016-10-11, 1, wei_ruo, 14.71, 15.72, 0.32, 15.67, 15.69, 15.74, 15.65, 115520.97, 181346919, 0.33, 0.57, 0.34, 2847.41807
2016-10-12, 1, wei_ruo, 14.71, 15.59, -0.83, 15.72, 15.69, 15.71, 15.53, 144121.2, 224829645, 0.42, 1.15, 0.42, 882.29704
2016-10-13, 1, wei_ruo, 14.71, 15.68, 0.58, 15.59, 15.60, 15.84, 15.59, 125385.86, 197255836, 0.36, 1.60, 0.37, 36508.0719
2016-10-14, 1, wei_ruo, 14.83, 15.76, 0.51, 15.68, 15.65, 15.82, 15.61, 91664.67, 144404012, 0.27, 1.34, 0.27, 3635.19311
2016-10-17, 1, wei_ruo, 14.83, 15.70, -0.38, 15.76, 15.83, 15.83, 15.63, 63596.22, 99985251, 0.18, 1.27, 0.37, 786.93008
2016-10-18, 1, wei_ruo, 14.84, 15.70, -0.38, 15.76, 15.83, 15.83, 15.63, 63596.22, 99985251, 0.18, 1.27, 0.37, 1115.51499
2016-10-19, 1, wei_ruo, 14.84, , , , , , , , , , , , 2399.36209
2016-10-20, 1, wei_ruo, 14.85, 16.05, 2.10, 15.72, 15.75, 16.07, 15.73, 226190.66, 360538209, 0.66, 2.16, 0.79, 2695.17517
2016-10-21, 1, wei_ruo, 14.86, 16.22, 1.06, 16.05, 16.00, 16.41, 15.99, 255198.81, 415071561, 0.74, 2.62, 0.95, 2701.46203
2016-10-24, 1, wei_ruo, 14.89, 16.60, 2.28, 16.23, 16.45, 17.12, 16.45, 595436.48, 1000617157, 1.72, 4.13, 2.59, 666.80694
2016-10-25, 2, qing_du, 14.90, 16.64, 0.24, 16.60, 16.65, 16.86, 16.53, 167772.54, 279974717, 0.49, 1.99, 0.72, 2630.90086
2016-10-26, 2, qing_du, 14.91, 16.46, -1.08, 16.64, 16.60, 16.62, 16.32, 209134.49, 343388310, 0.61, 1.80, 0.90, 19109.60197
2016-10-27, 2, qing_du, 14.92, 16.71, 1.52, 16.46, 16.44, 16.76, 16.36, 134108.16, 221585261, 0.39, 2.43, 0.58, 672.89877
2016-10-28, 3, zhong_du, 14.93, 16.71, 0.00, 16.71, 16.69, 17.37, 16.68, 289734.43, 493020491, 0.84, 4.13, 1.25, 737.12492
2016-10-31, 3, zhong_du, 14.94, 16.79, 0.48, 16.71, 16.71, 16.95, 16.51, 141285.71, 236831745, 0.41, 2.63, 0.61, 584.80287
2016-11-01, 3, zhong_du, 14.95, 16.88, 0.54, 16.79, 16.77, 17.13, 16.73, 157311.81, 266817498, 0.46, 2.38, 0.68, 525.20609
2016-11-02, 3, zhong_du, 14.96, 16.78, -0.59, 16.88, 16.88, 17.08, 16.74, 158716.27, 268002868, 0.46, 2.01, 0.69, 505.04708
2016-11-03, 3, zhong_du, 14.97, 16.95, 0.89, 16.80, 16.77, 17.03, 16.66, 196543.6, 331420102, 0.57, 2.20, 0.85, 1167.01698
2016-11-04, 3, zhong_du, 14.98, 16.85, -0.59, 16.95, 16.90, 17.29, 16.83, 273568.95, 466537567, 0.79, 2.71, 1.19, 498.08288
2016-11-07, 3, zhong_du, 14.99, 16.68, -1.01, 16.85, 16.88, 16.95, 16.57, 192783.24, 322404544, 0.56, 2.26, 0.84, 584.03993
2016-11-08, 3, zhong_du, 15.01, 16.91, 1.50, 16.66, 16.69, 17.03, 16.54, 255030.06, 428519182, 0.74, 2.94, 1.12, 461.04407
2016-11-09, 3, zhong_du, 15.02, 16.72, -1.18, 16.92, 16.85, 16.95, 16.53, 252903.87, 422741128, 0.73, 2.48, 1.09, 560.85992
2016-11-10, 3, zhong_du, 15.03, 16.93, 1.26, 16.72, 16.81, 17.08, 16.77, 160926.09, 272433153, 0.47, 1.85, 0.70, 1465.20901
2016-11-11, 3, zhong_du, 15.05, 17.26, 1.95, 16.93, 16.93, 17.43, 16.87, 338086.4, 582117216, 0.98, 3.31, 1.46, 729.44403
2016-11-14, 3, zhong_du, 15.07, 17.28, 0.12, 17.26, 17.30, 17.95, 17.25, 328225.23, 577265317, 0.95, 4.06, 1.43, 485.54802
2016-11-15, 4, gao_du, 15.08, 17.27, -0.06, 17.28, 17.30, 17.44, 17.21, 63499.96, 109816779, 0.18, 1.33, 0.55, 510.31208
2016-11-16, 4, gao_du, 15.09, 17.27, -0.06, 17.28, 17.30, 17.44, 17.21, 63499.96, 109816779, 0.18, 1.33, 0.55, 591.45117
2016-11-17, 4, gao_du, 15.10, 17.27, -0.06, 17.28, 17.30, 17.44, 17.21, 63499.96, 109816779, 0.18, 1.33, 0.55, 686.5449
2016-11-18, 3, zhong_du, 15.10, 17.27, -0.06, 17.28, 17.30, 17.44, 17.21, 63499.96, 109816779, 0.18, 1.33, 0.55, 632.86591
2016-11-21, 4, gao_du, 15.11, 17.29, 1.11, 17.10, 17.12, 17.64, 17.05, 204269.77, 355505680, 0.59, 3.45, 0.88, 359.47394
2016-11-22, 4, gao_du, 15.14, 17.57, 1.62, 17.29, 17.38, 17.81, 17.31, 332694.97, 586650378, 0.96, 2.89, 1.44, 825.33002
2016-11-23, 4, gao_du, 15.18, 17.95, 2.16, 17.57, 17.60, 18.33, 17.57, 555945.81, 1006771727, 1.61, 4.33, 2.42, 519.36007
2016-11-24, 5, qiang_lie, 15.20, 17.80, -0.78, 17.94, 17.90, 18.09, 17.76, 159656.64, 285582163, 0.46, 1.84, 0.69, 565.58084
2016-11-25, 5, qiang_lie, 15.22, 18.19, 2.19, 17.80, 17.85, 18.35, 17.75, 299988.87, 543389905, 0.87, 3.37, 1.31, 636.59883
2016-11-28, 5, qiang_lie, 15.27, 18.20, -0.05, 18.21, 18.39, 18.74, 18.14, 490756.38, 907095635, 1.42, 3.29, 2.14, 2281.50988
2016-11-29, 5, qiang_lie, 15.29, 18.07, -0.71, 18.20, 18.08, 18.41, 17.91, 302961.97, 548134514, 0.88, 2.75, 1.32, 379.03404
2016-11-30, 5, qiang_lie, 15.31, 17.54, -2.88, 18.06, 18.00, 18.00, 17.39, 247128.32, 436860760, 0.72, 3.38, 1.08, 417.07611
2016-12-01, 5, qiang_lie, 15.32, 17.80, 1.54, 17.53, 17.60, 17.98, 17.54, 214113.17, 380693054, 0.62, 2.51, 0.92, 359.46703
2016-12-02, 5, qiang_lie, 15.34, 17.63, -0.96, 17.80, 17.82, 17.98, 17.54, 221255.82, 392599623, 0.64, 2.47, 0.96, 535.85505
2016-12-05, 4, gao_du, 15.35, 17.54, -0.51, 17.63, 17.58, 17.82, 17.39, 181448.06, 318849086, 0.53, 2.44, 0.79, 668.84708
2016-12-06, 4, gao_du, 15.36, 17.55, 0.29, 17.50, 17.51, 17.62, 17.44, 138617.49, 242914052, 0.40, 1.03, 0.60, 649.43695
2016-12-07, 4, gao_du, 15.37, 17.61, 0.34, 17.55, 17.50, 17.66, 17.42, 143835.43, 252055031, 0.42, 1.37, 0.63, 512.38084
2016-12-08, 4, gao_du, 15.39, 18.04, 2.33, 17.63, 17.70, 18.21, 17.64, 218790.22, 393272829, 0.63, 3.23, 0.94, 440.08899
2016-12-09, 5, qiang_lie, 15.41, 18.32, 1.55, 18.04, 18.05, 18.48, 17.96, 234012.17, 428833144, 0.68, 2.88, 1.01, 567.09409
2016-12-12, 5, qiang_lie, 15.43, 17.90, -2.29, 18.32, 18.29, 18.40, 17.72, 313073.56, 563892093, 0.91, 3.71, 1.35, 503.26991
2016-12-13, 5, qiang_lie, 15.44, 17.63, -1.51, 17.90, 17.86, 17.86, 17.29, 227191.15, 398276940, 0.66, 3.18, 0.98, 727.5331
2016-12-14, 5, qiang_lie, 15.45, 17.59, -0.23, 17.63, 17.56, 17.83, 17.47, 163522.63, 288457489, 0.47, 2.04, 0.71, 482.67984
2016-12-15, 3, zhong_du, 15.47, 16.78, -4.60, 17.59, 17.40, 17.40, 16.68, 390516.99, 659404018, 1.13, 4.09, 1.69, 560.03785
2016-12-16, 3, zhong_du, 15.48, 16.78, 0.00, 16.78, 16.78, 16.95, 16.72, 145919.75, 245771683, 0.42, 1.37, 0.63, 495.05901
2016-12-19, 2, qing_du, 15.48, 16.69, -0.54, 16.78, 16.77, 16.95, 16.65, 145298.64, 244020891, 0.42, 1.79, 0.63, 670.22204
2016-12-20, 1, wei_ruo, 15.49, 16.29, -2.40, 16.69, 16.74, 16.74, 16.12, 321280.99, 522747036, 0.93, 3.71, 1.39, 590.50298
2016-12-21, 1, wei_ruo, 15.50, 16.62, 2.03, 16.29, 16.33, 16.68, 16.31, 207390.01, 342438592, 0.60, 2.27, 0.90, 535.64978
2016-12-22, 1, wei_ruo, 15.50, 16.75, 0.78, 16.62, 16.60, 16.83, 16.49, 130170.79, 217700848, 0.38, 2.05, 0.56, 482.89585
2016-12-23, 1, wei_ruo, 15.50, 16.50, -1.49, 16.75, 16.80, 16.81, 16.39, 130809.53, 216024323, 0.38, 2.51, 0.56, 425.99893
2016-12-26, 1, wei_ruo, 15.51, 16.71, 1.27, 16.50, 16.52, 16.76, 16.21, 122200.96, 201041125, 0.35, 3.33, 0.53, 540.91597
2016-12-27, 1, wei_ruo, 15.51, 16.73, 0.12, 16.71, 16.80, 16.80, 16.64, 95036.62, 158853922, 0.28, 0.96, 0.41, 573.22001
2016-12-28, 1, wei_ruo, 15.51, 16.58, -0.90, 16.73, 16.75, 16.77, 16.50, 96224.14, 159970243, 0.28, 1.61, 0.42, 437.79492
2016-12-29, 1, wei_ruo, 15.52, 16.45, -0.78, 16.58, 16.58, 16.58, 16.41, 214278.16, 352809049, 0.62, 1.03, 0.93, 4524.11103
2016-12-30, 1, wei_ruo, 15.53, 16.64, 1.16, 16.45, 16.45, 16.65, 16.43, 181571.87, 300684724, 0.53, 1.34, 0.78, 545.83311
2017-01-03, 1, wei_ruo, 15.54, 16.64, 1.16, 16.45, 16.45, 16.65, 16.43, 181571.87, 300684724, 0.53, 1.34, 0.78, 2508.38113
2017-01-04, 1, wei_ruo, 15.55, 17.51, 0.63, 17.40, 17.38, 17.70, 17.29, 123286.1, 215940905, 0.36, 2.36, 0.53, 598.45591
2017-01-05, 2, qing_du, 15.55, 17.32, -1.09, 17.51, 17.60, 17.68, 17.28, 133424.68, 233138447, 0.39, 2.28, 0.58, 537.73308
2017-01-06, 2, qing_du, 15.56, 17.25, -0.40, 17.32, 17.40, 17.43, 17.11, 84973.77, 146398638, 0.25, 1.85, 0.37, 3816.0429
2017-01-09, 2, qing_du, 15.57, 17.51, 1.51, 17.25, 17.26, 17.52, 17.20, 133283.26, 231521908, 0.39, 1.86, 0.58, 580.54304
2017-01-10, 2, qing_du, 15.57, 17.52, 0.06, 17.51, 17.45, 17.55, 17.42, 34988.63, 61237502, 0.10, 0.74, 0.30, 592.66615
2017-01-11, 2, qing_du, 15.57, 17.52, 0.06, 17.51, 17.45, 17.55, 17.42, 34988.63, 61237502, 0.10, 0.74, 0.30, 2653.584
2017-01-12, 2, qing_du, 15.58, 17.52, 0.06, 17.51, 17.45, 17.55, 17.42, 34988.63, 61237502, 0.10, 0.74, 0.30, 368.18004
2017-01-13, 1, wei_ruo, 15.58, 17.03, 0.71, 16.91, 16.91, 17.23, 16.90, 105130.37, 179809526, 0.30, 1.95, 0.45, 360.62694
2017-01-16, 1, wei_ruo, 15.59, 17.17, 0.82, 17.03, 17.18, 17.29, 16.86, 221486.35, 378393556, 0.64, 2.52, 0.96, 2740.11207
2017-01-17, 1, wei_ruo, 15.60, 17.52, 0.06, 17.51, 17.45, 17.55, 17.42, 34988.63, 61237502, 0.10, 0.74, 0.30, 567.1351
2017-01-18, 2, qing_du, 15.61, 17.52, 0.06, 17.51, 17.45, 17.55, 17.42, 34988.63, 61237502, 0.10, 0.74, 0.30, 4779.58798
2017-02-07, 3, zhong_du, 15.67, 17.61, -0.28, 17.66, 17.60, 17.71, 17.52, 59839.34, 105433087, 0.17, 1.08, 0.60, 672.54519
2017-02-08, 3, zhong_du, 15.68, 17.67, 0.06, 17.66, 17.60, 17.71, 17.52, 113043.16, 199213555, 0.33, 1.08, 0.49, 559.80802
2017-02-09, 3, zhong_du, 15.69, 17.64, -0.17, 17.67, 17.65, 17.90, 17.61, 135523.06, 240929986, 0.39, 1.64, 0.75, 576.61104
2017-02-10, 3, zhong_du, 15.70, 17.83, 1.42, 17.58, 17.65, 17.97, 17.58, 175639.37, 313392610, 0.51, 2.22, 0.76, 4788.81097
2017-02-13, 4, gao_du, 15.72, 18.33, 2.80, 17.83, 17.84, 18.43, 17.84, 271892.93, 495388311, 0.79, 3.31, 1.17, 2625.05507
2017-02-14, 4, gao_du, 15.73, 18.28, -0.27, 18.33, 18.34, 18.52, 18.06, 176195.49, 321343114, 0.51, 2.51, 0.76, 638.13591
2017-02-15, 5, qiang_lie, 15.76, 18.31, 0.16, 18.28, 18.30, 18.73, 18.22, 323746.81, 598906405, 0.94, 2.79, 1.40, 4679.97289
2017-02-16, 5, qiang_lie, 15.77, 18.40, 0.49, 18.31, 18.60, 18.66, 18.30, 151675.19, 279450322, 0.44, 1.97, 0.65, 854.83098
2017-02-17, 5, qiang_lie, 15.78, 18.11, -1.58, 18.40, 18.43, 18.47, 18.04, 111902.24, 203840095, 0.32, 2.34, 0.48, 602.93317
2017-02-20, 5, qiang_lie, 15.80, 18.11, -1.58, 18.40, 18.43, 18.47, 18.04, 111902.24, 203840095, 0.32, 2.34, 0.48, 639.59312
2017-02-21, 5, qiang_lie, 15.82, 18.69, -1.16, 18.91, 18.80, 18.87, 18.60, 155484.31, 291364403, 0.45, 1.43, 0.67, 854.75087
2017-02-22, 5, qiang_lie, 15.83, 18.78, 0.48, 18.69, 18.69, 18.80, 18.61, 135560.2, 253295303, 0.39, 1.02, 0.59, 4646.21997
2017-02-23, 5, qiang_lie, 15.84, 18.58, -1.06, 18.78, 18.70, 18.80, 18.41, 133703.82, 248753997, 0.39, 2.08, 0.58, 4711.33208
2017-02-24, 5, qiang_lie, 15.85, 18.54, -0.22, 18.58, 18.60, 18.63, 18.48, 18017.67, 33423489, 0.05, 0.81, 0.42, 4815.09805
2017-02-27, 5, qiang_lie, 15.86, 18.50, -0.38, 18.57, 18.57, 18.68, 18.45, 120112.6, 223222984, 0.35, 1.24, 0.52, 655.6201
2017-02-28, 5, qiang_lie, 15.87, 18.54, -0.22, 18.58, 18.60, 18.63, 18.48, 18017.67, 33423489, 0.05, 0.81, 0.42, 63882.90596
2017-03-01, 5, qiang_lie, 15.88, 18.65, -0.96, 18.83, 18.75, 18.96, 18.65, 120641.56, 226866383, 0.35, 1.65, 0.52, 542.22083
2017-03-02, 5, qiang_lie, 15.89, 18.37, -1.50, 18.65, 18.72, 18.78, 18.36, 114256.01, 211327215, 0.33, 2.25, 0.49, 652.63796
2017-03-03, 5, qiang_lie, 15.90, 18.15, -1.20, 18.37, 18.37, 18.37, 18.09, 139985.65, 254674437, 0.41, 1.52, 0.60, 4658.00309
2017-03-06, 5, qiang_lie, 15.90, 18.30, 0.83, 18.15, 18.15, 18.36, 18.15, 103294.93, 188733047, 0.30, 1.16, 0.45, 4588.902
2017-03-07, 5, qiang_lie, 15.91, 18.17, -0.49, 18.26, 18.28, 18.29, 18.15, 43469.49, 79165301, 0.13, 0.77, 0.45, 64650.40016
2017-03-08, 4, gao_du, 15.92, 18.19, -0.38, 18.26, 18.28, 18.29, 18.09, 113591.49, 206436608, 0.33, 1.10, 0.49, 2626.75881
2017-03-09, 4, gao_du, 15.93, 17.96, -1.26, 18.19, 18.15, 18.16, 17.80, 154511.02, 277036830, 0.45, 1.98, 0.67, 4707.08299
2017-03-10, 4, gao_du, 15.93, 18.02, 0.33, 17.96, 17.95, 18.10, 17.92, 105362.89, 190064459, 0.31, 1.00, 0.45, 1139.94002
2017-03-13, 4, gao_du, 15.94, 18.11, 0.50, 18.02, 18.00, 18.20, 17.69, 160340.96, 287991707, 0.46, 2.83, 0.69, 727.04816
2017-03-14, 4, gao_du, 15.95, 18.28, 0.94, 18.11, 18.10, 18.47, 18.10, 150231.04, 275502086, 0.44, 2.04, 0.65, 2554.88396
2017-03-15, 4, gao_du, 15.96, 18.22, -0.33, 18.28, 18.31, 18.38, 18.14, 79041.96, 144061598, 0.23, 1.31, 0.34, 711.36093
2017-03-16, 4, gao_du, 15.97, 18.36, 0.77, 18.22, 18.30, 18.58, 18.24, 130372.96, 239999647, 0.38, 1.87, 0.56, 600.15893
2017-03-17, 4, gao_du, 15.97, 18.06, -1.63, 18.36, 18.36, 18.40, 18.00, 112739.99, 205080826, 0.33, 2.18, 0.49, 2586.57408
2017-03-20, 4, gao_du, 15.98, 17.97, -0.50, 18.06, 18.07, 18.17, 17.78, 111052.11, 199437579, 0.32, 2.16, 0.48, 607.31196
2017-03-21, 3, zhong_du, 15.99, 18.03, 0.33, 17.97, 17.98, 18.07, 17.77, 142825.22, 256016595, 0.41, 1.67, 0.62, 585.52504
2017-03-22, 3, zhong_du, 16.00, 17.58, -2.50, 18.03, 17.95, 17.95, 17.51, 226463.19, 400799254, 0.66, 2.44, 0.98, 609.30991
2017-03-23, 3, zhong_du, 16.01, 17.88, 1.71, 17.58, 17.58, 17.90, 17.51, 145551.61, 258925053, 0.42, 2.22, 0.63, 588.17506
2017-03-24, 2, qing_du, 16.02, 18.16, 1.57, 17.88, 17.90, 18.23, 17.83, 150592.43, 271425754, 0.44, 2.24, 0.65, 604.23112
2017-03-27, 3, zhong_du, 16.03, 18.25, 0.50, 18.16, 18.10, 18.40, 18.06, 189518.41, 346316387, 0.55, 1.87, 0.82, 594.74087
2017-03-28, 3, zhong_du, 16.03, 18.09, -0.88, 18.25, 18.26, 18.26, 18.03, 87915.77, 159372339, 0.25, 1.26, 0.38, 639.74309
2017-03-29, 3, zhong_du, 16.04, 17.91, -1.00, 18.09, 18.15, 18.17, 17.85, 90090.04, 161985395, 0.26, 1.77, 0.39, 662.94312
2017-03-30, 3, zhong_du, 16.04, 17.94, 0.17, 17.91, 17.91, 18.02, 17.83, 73010.04, 131000989, 0.21, 1.06, 0.32, 571.78807
2017-03-31, 2, qing_du, 16.06, 18.42, 2.68, 17.94, 17.95, 18.42, 17.92, 191876.41, 351140788, 0.56, 2.79, 0.83, 610.89492
2017-04-05, 3, zhong_du, 16.06, 18.39, -0.16, 18.42, 18.37, 18.41, 18.22, 131794.72, 241328786, 0.38, 1.03, 0.57, 583.06384
2017-04-06, 3, zhong_du, 16.08, 18.14, -1.36, 18.39, 18.37, 18.37, 18.03, 209961.43, 380469300, 0.61, 1.85, 0.91, 605.82089
2017-04-07, 3, zhong_du, 16.09, 18.21, 0.39, 18.14, 18.14, 18.22, 18.00, 179493.65, 325245590, 0.52, 1.21, 0.77, 648.3779
2017-04-10, 3, zhong_du, 16.10, 18.04, -0.93, 18.21, 18.17, 18.21, 17.93, 131065.17, 236267303, 0.38, 1.54, 0.57, 612.50615
2017-04-11, 2, qing_du, 16.10, 17.95, -0.50, 18.04, 18.02, 18.13, 17.78, 159552.94, 285758221, 0.46, 1.94, 0.69, 560.59909
2017-04-12, 2, qing_du, 16.11, 17.72, -1.28, 17.95, 17.91, 17.94, 17.64, 172526.85, 306245079, 0.50, 1.67, 0.74, 625.06509
2017-04-13, 1, wei_ruo, 16.12, 17.45, -1.52, 17.72, 17.70, 17.70, 17.41, 216628.52, 379102947, 0.63, 1.64, 0.94, 563.77196
2017-04-14, 1, wei_ruo, 16.13, 17.26, -1.09, 17.45, 17.48, 17.55, 17.21, 133028.96, 230871210, 0.39, 1.95, 0.57, 647.21799
2017-04-17, 1, wei_ruo, 16.13, 16.93, -1.91, 17.26, 17.22, 17.22, 16.71, 322019.53, 543762232, 0.93, 2.95, 1.39, 583.73499
2017-04-18, 1, wei_ruo, 16.14, 16.70, -1.36, 16.93, 16.99, 17.07, 16.64, 337475.65, 565731599, 0.98, 2.54, 1.46, 848.48404
2017-04-19, 1, wei_ruo, 16.15, 16.92, 1.32, 16.70, 16.61, 16.98, 16.35, 323376.01, 540049842, 0.94, 3.77, 1.40, 550.49396
2017-04-20, 1, wei_ruo, 16.15, 16.85, -0.41, 16.92, 16.83, 17.02, 16.65, 198887.84, 334776924, 0.58, 2.19, 0.86, 665.27009
2017-04-21, 1, wei_ruo, 16.16, 17.24, 2.31, 16.85, 16.88, 17.42, 16.82, 241880.92, 417478224, 0.70, 3.56, 1.04, 642.36307
2017-04-24, 1, wei_ruo, 16.16, 17.25, 0.06, 17.24, 17.20, 17.42, 17.00, 198144.49, 340882251, 0.57, 2.44, 0.86, 641.68096
2017-04-25, 1, wei_ruo, 16.17, 17.37, 0.70, 17.25, 17.20, 17.53, 17.16, 149403.8, 259685200, 0.43, 2.14, 0.65, 626.94812
2017-04-26, 1, wei_ruo, 16.17, 17.24, -0.75, 17.37, 17.33, 17.50, 17.19, 177898.93, 308687784, 0.52, 1.78, 0.77, 809.08704
2017-04-27, 1, wei_ruo, 16.18, 17.37, 0.75, 17.24, 17.10, 17.49, 17.10, 172812.66, 299852161, 0.50, 2.26, 0.75, 615.38982
2017-04-28, 1, wei_ruo, 16.19, 17.61, 1.38, 17.37, 17.45, 17.70, 17.42, 214412.88, 376811148, 0.62, 1.61, 0.93, 536.15522
2017-05-02, 1, wei_ruo, 16.20, 17.15, -2.61, 17.61, 17.50, 17.55, 16.88, 241333.78, 413636403, 0.70, 3.80, 1.04, 678.85208
2017-05-03, 1, wei_ruo, 16.20, 16.99, -0.93, 17.15, 17.06, 17.34, 16.92, 209334.46, 358554068, 0.61, 2.45, 0.90, 1408.45513
2017-05-04, 1, wei_ruo, 16.20, 16.98, -0.06, 16.99, 16.96, 17.08, 16.85, 71092.69, 120671950, 0.21, 1.35, 0.31, 690.50694
2017-05-05, 1, wei_ruo, 16.21, 16.63, -2.06, 16.98, 16.92, 16.97, 16.53, 173746.81, 289843293, 0.50, 2.59, 0.75, 590.38496
2017-05-11, 1, wei_ruo, 16.22, 17.30, 2.00, 16.96, 16.90, 17.42, 16.86, 163200.74, 281054237, 0.47, 3.30, 0.70, 2504.05002
2017-05-12, 1, wei_ruo, 16.23, 17.83, 3.06, 17.30, 17.30, 17.90, 17.17, 241427.62, 426510379, 0.70, 4.22, 1.04, 459.58805
2017-05-15, 1, wei_ruo, 16.24, 17.98, 0.84, 17.83, 17.82, 18.17, 17.78, 206480.79, 371417489, 0.60, 2.19, 0.89, 638.26799
2017-05-17, 2, qing_du, 16.25, 17.36, -1.64, 17.65, 17.56, 17.56, 17.28, 185851.03, 323136889, 0.54, 1.59, 0.80, 592.70096
2017-05-18, 2, qing_du, 16.26, 17.37, 0.06, 17.36, 17.26, 17.42, 17.21, 137390.74, 237688565, 0.40, 1.21, 0.59, 652.93622
2017-05-19, 2, qing_du, 16.26, 17.30, -0.40, 17.37, 17.35, 17.43, 17.22, 81205.99, 140821345, 0.24, 1.21, 0.35, 561.36799
2017-05-22, 1, wei_ruo, 16.26, 17.12, -1.04, 17.30, 17.27, 17.30, 16.98, 131625.98, 225501522, 0.38, 1.85, 0.57, 587.82315
2017-05-23, 1, wei_ruo, 16.27, 17.68, 3.27, 17.12, 17.06, 17.73, 17.03, 221170.62, 387690245, 0.64, 4.09, 0.95, 889.91404
2017-05-24, 2, qing_du, 16.28, 17.56, -0.68, 17.68, 17.69, 17.83, 17.35, 200459, 352536563, 0.58, 2.71, 0.87, 642.19284
2017-05-25, 2, qing_du, 16.30, 18.23, 3.82, 17.56, 17.54, 18.26, 17.45, 462077.96, 833760748, 1.34, 4.61, 2.00, 608.93106
2017-05-26, 3, zhong_du, 16.32, 18.15, -0.44, 18.23, 18.25, 18.60, 18.08, 323668.75, 593589806, 0.94, 2.85, 1.40, 560.63199
2017-05-31, 3, zhong_du, 16.33, 18.45, 1.65, 18.15, 18.17, 18.46, 18.00, 224549.56, 410090107, 0.65, 2.53, 0.97, 545.5761
2017-06-01, 3, zhong_du, 16.34, 18.34, -0.60, 18.45, 18.36, 18.45, 18.24, 150352.68, 275808299, 0.44, 1.14, 0.65, 4622.45107
2017-06-02, 4, gao_du, 16.35, 18.04, -1.64, 18.34, 18.30, 18.48, 17.95, 225497.76, 410257245, 0.65, 2.89, 0.97, 4777.52018
2017-06-05, 4, gao_du, 16.36, 17.79, -1.39, 18.04, 18.03, 18.07, 17.61, 178391.27, 316347230, 0.52, 2.55, 0.77, 626.74284
2017-06-06, 3, zhong_du, 16.37, 17.96, 0.96, 17.79, 17.73, 17.98, 17.65, 156175.8, 277870485, 0.45, 1.85, 0.67, 2573.90499
2017-06-07, 3, zhong_du, 16.38, 18.10, 0.78, 17.96, 17.91, 18.26, 17.91, 221812.44, 402056285, 0.64, 1.95, 0.96, 1582.14712
2017-06-08, 3, zhong_du, 16.39, 17.98, -0.66, 18.10, 18.09, 18.09, 17.78, 226416.74, 405132226, 0.66, 1.71, 0.98, 2596.08388
2017-06-09, 3, zhong_du, 16.40, 18.07, 0.50, 17.98, 17.99, 18.27, 17.91, 232267.43, 420972132, 0.67, 2.00, 1.00, 829.40888
2017-06-12, 4, gao_du, 16.41, 18.22, 0.83, 18.07, 18.08, 18.27, 17.97, 157810.6, 286783556, 0.46, 1.66, 0.68, 2603.44291
2017-06-13, 4, gao_du, 16.42, 18.26, 0.22, 18.22, 18.16, 18.35, 18.06, 162822.33, 296280740, 0.47, 1.59, 0.70, 2575.63996
2017-06-14, 4, gao_du, 16.43, 17.91, -1.92, 18.26, 18.21, 18.23, 17.78, 202939.46, 364287379, 0.59, 2.46, 0.88, 574.23306
2017-06-15, 4, gao_du, 16.43, 17.83, -0.45, 17.91, 17.86, 18.03, 17.76, 151920.37, 271168684, 0.44, 1.51, 0.66, 614.00008
2017-06-16, 4, gao_du, 16.44, 17.63, -1.12, 17.83, 17.82, 17.84, 17.59, 135765.37, 240420337, 0.39, 1.40, 0.59, 545.05205
2017-06-19, 3, zhong_du, 16.44, 17.71, 0.45, 17.63, 17.63, 17.83, 17.54, 143727.47, 254477476, 0.42, 1.64, 0.62, 648.51308
2017-06-20, 3, zhong_du, 16.45, 17.55, -0.90, 17.71, 17.74, 17.76, 17.45, 204094.69, 358236117, 0.59, 1.75, 0.88, 645.07413
2017-06-21, 3, zhong_du, 16.45, 17.69, 0.80, 17.55, 17.59, 17.70, 17.46, 159041.81, 279348174, 0.46, 1.37, 0.69, 787.38713
2017-06-22, 3, zhong_du, 16.47, 17.83, 0.79, 17.69, 17.66, 18.26, 17.63, 435745.51, 783325803, 1.26, 3.56, 1.88, 713.46617
2017-06-23, 3, zhong_du, 16.49, 18.18, 1.96, 17.83, 17.91, 18.18, 17.76, 298718.72, 538293351, 0.87, 2.36, 1.29, 818.38393
2017-06-26, 4, gao_du, 16.51, 18.41, 1.27, 18.18, 18.18, 18.67, 18.15, 408365.75, 755848552, 1.18, 2.86, 1.76, 2606.62484
2017-06-27, 5, qiang_lie, 16.53, 18.94, 2.88, 18.41, 18.36, 19.08, 18.26, 365822.43, 683188672, 1.06, 4.45, 1.58, 784.40499
2017-06-28, 5, qiang_lie, 16.58, 19.65, 3.75, 18.94, 18.90, 20.18, 18.81, 503529.56, 980753568, 1.46, 7.23, 2.17, 696.69604
2017-06-29, 5, qiang_lie, 16.60, 19.80, 0.76, 19.65, 19.52, 19.93, 19.50, 252829.57, 498618241, 0.73, 2.19, 1.09, 6540.34495
2017-06-30, 5, qiang_lie, 16.63, 19.30, -2.53, 19.80, 19.48, 19.48, 19.15, 354020, 682322564, 1.03, 1.67, 1.53, 624.33219
2017-07-03, 5, qiang_lie, 16.64, 19.35, 0.26, 19.30, 19.24, 19.52, 19.15, 189195.21, 366087168, 0.55, 1.92, 0.82, 521.39497
2017-07-04, 5, qiang_lie, 16.66, 19.12, -1.19, 19.35, 19.33, 19.33, 18.88, 234650.13, 447139312, 0.68, 2.33, 1.01, 565.56296
2017-07-05, 5, qiang_lie, 16.69, 20.02, 4.71, 19.12, 19.07, 20.05, 19.02, 308836.38, 605574901, 0.69, 5.39, 1.33, 646.65985
2017-07-06, 5, qiang_lie, 16.71, 20.02, 0.00, 20.02, 19.89, 20.04, 19.56, 210436.63, 417103088, 0.47, 2.40, 0.91, 704.20694
2017-07-07, 5, qiang_lie, 16.72, 19.87, -0.75, 20.02, 19.85, 19.93, 19.66, 156481.8, 309725773, 0.35, 1.35, 0.68, 673.64693
2017-07-10, 5, qiang_lie, 16.74, 19.28, -2.97, 19.87, 19.80, 19.83, 19.19, 200258.35, 389325347, 0.45, 3.22, 0.86, 605.73101
2017-07-11, 5, qiang_lie, 12.66, 15.19, 4.33, 14.56, 14.64, 15.32, 14.53, 432855.29, 650539486, 0.96, 5.43, 1.87, 552.39201
2017-07-12, 5, qiang_lie, 12.69, 15.05, -0.92, 15.19, 15.10, 15.62, 14.98, 461621.45, 706266841, 1.03, 4.21, 1.99, 2676.49794
2017-07-13, 4, gao_du, 12.71, 15.70, 4.32, 15.05, 15.07, 15.75, 15.05, 368324.52, 570545801, 0.82, 4.65, 1.59, 759.9318
2017-07-14, 5, qiang_lie, --, 15.96, 1.66, 15.70, 15.62, 16.08, 15.45, 327981.84, 517788996, 0.73, 4.01, 1.42, 581.45714
2017-07-17, 5, qiang_lie, --, 16.40, 2.76, 15.96, 15.87, 16.89, 15.66, 556656.01, 907032457, 1.24, 7.71, 2.40, 2722.0161
2017-07-18, 5, qiang_lie, 12.82, 16.36, -0.24, 16.40, 16.20, 16.48, 15.79, 509680.88, 819633029, 1.13, 4.21, 2.20, 1601.03798
2017-07-19, 5, qiang_lie, --, 16.35, -0.06, 16.36, 16.18, 16.51, 16.13, 306179.85, 499104894, 0.68, 2.32, 1.32, 510.52809
2017-07-20, 5, qiang_lie, --, 16.20, -0.92, 16.35, 16.28, 16.33, 15.83, 347240.53, 556901390, 0.77, 3.06, 1.50, 530.93791
2017-07-21, 5, qiang_lie, --, 15.96, -1.48, 16.20, 16.10, 16.15, 15.85, 240540.49, 385300202, 0.53, 1.85, 1.04, 500.21601
2017-07-24, 5, qiang_lie, 12.91, 16.08, 0.75, 15.96, 15.91, 16.20, 15.74, 327783.32, 525816882, 0.73, 2.88, 1.42, 31669.67487
2017-07-25, 5, qiang_lie, --, 15.90, -1.12, 16.08, 16.03, 16.32, 15.85, 298154.72, 479856089, 0.66, 2.92, 1.29, 793.96987
2017-07-26, 5, qiang_lie, --, 15.65, -1.57, 15.90, 15.85, 16.08, 15.60, 246490.22, 389209506, 0.55, 3.02, 1.06, 710.07681
2017-07-27, 5, qiang_lie, 12.95, 15.78, 0.83, 15.65, 15.71, 15.80, 15.53, 183368.43, 287589268, 0.41, 1.73, 0.79, 817.03091
2017-07-28, 5, qiang_lie, 12.96, 15.92, 0.89, 15.78, 15.72, 15.97, 15.64, 152224.43, 241662989, 0.34, 2.09, 0.66, 728.56498
2017-07-31, 5, qiang_lie, 12.98, 15.81, -0.69, 15.92, 15.85, 15.95, 15.60, 260479.44, 409679571, 0.58, 2.20, 1.12, 839.324
2017-08-01, 5, qiang_lie, 13.00, 16.13, 2.02, 15.81, 15.72, 16.20, 15.65, 321836.42, 515775870, 0.72, 3.48, 1.39, 664.13522
2017-08-02, 5, qiang_lie, 13.02, 16.16, 0.19, 16.13, 16.05, 16.46, 16.02, 304773.89, 495543887, 0.68, 2.73, 1.32, 4738.98005
2017-08-03, 5, qiang_lie, 13.04, 15.75, -2.54, 16.16, 16.12, 16.12, 15.68, 339180.77, 537914017, 0.75, 2.72, 1.46, 716.19415
2017-08-04, 5, qiang_lie, 13.06, 15.30, -2.86, 15.75, 15.71, 15.77, 15.29, 313788.79, 485346062, 0.70, 3.05, 1.35, 748.17491
2017-08-07, 5, qiang_lie, 13.07, 15.27, -0.20, 15.30, 15.21, 15.30, 15.07, 230440.32, 349839078, 0.51, 1.50, 0.99, 1360.45003
2017-08-08, 4, gao_du, 13.08, 15.16, -0.72, 15.27, 15.29, 15.46, 15.09, 204710.16, 311657501, 0.46, 2.42, 0.88, 553.60889
2017-08-09, 4, gao_du, 13.09, 15.20, 0.26, 15.16, 15.17, 15.43, 15.08, 190161.06, 289974867, 0.42, 2.31, 0.82, 659.91306
2017-08-10, 4, gao_du, 13.10, 15.36, 1.05, 15.20, 15.22, 15.51, 15.20, 185660.29, 285321494, 0.41, 2.04, 0.80, 651.34192
2017-08-11, 4, gao_du, 13.11, 15.04, -2.08, 15.36, 15.30, 15.31, 15.01, 169755.12, 256690848, 0.38, 1.95, 0.73, 597.32795
2017-08-14, 3, zhong_du, 13.11, 15.12, 0.53, 15.04, 14.98, 15.19, 14.98, 137128.78, 207120356, 0.30, 1.40, 0.59, 609.39884
2017-08-15, 3, zhong_du, 13.13, 15.38, 1.72, 15.12, 15.12, 15.55, 15.12, 245374.83, 378109818, 0.55, 2.84, 1.06, 760.79607
2017-08-16, 3, zhong_du, 13.13, 15.33, -0.33, 15.38, 15.37, 15.40, 15.12, 156780.68, 238686403, 0.35, 1.82, 0.68, 590.4882
2017-08-17, 3, zhong_du, 13.14, 15.30, -0.20, 15.33, 15.29, 15.32, 15.17, 106517.25, 162358525, 0.24, 0.98, 0.46, 5648.72599
2017-08-18, 3, zhong_du, 13.15, 15.44, 0.92, 15.30, 15.27, 15.50, 15.23, 251529.65, 387159383, 0.56, 1.76, 1.09, 605.45301
2017-08-21, 3, zhong_du, 13.16, 15.36, -0.52, 15.44, 15.40, 15.49, 15.28, 127959.9, 196262298, 0.28, 1.36, 0.55, 732.78689
2017-08-22, 3, zhong_du, 13.17, 15.41, 0.33, 15.36, 15.38, 15.47, 15.28, 178210.28, 274319925, 0.40, 1.24, 0.77, 690.02604
2017-08-23, 3, zhong_du, 13.19, 16.00, 3.83, 15.41, 15.44, 16.09, 15.39, 477270.56, 755419308, 1.06, 4.54, 2.06, 1926.58997
2017-08-24, 3, zhong_du, 13.22, 15.96, -0.25, 16.00, 15.92, 16.26, 15.85, 367568.16, 590274448, 0.82, 2.56, 1.59, 669.30795
2017-08-25, 3, zhong_du, 13.24, 16.23, 1.69, 15.96, 15.97, 16.30, 15.92, 396637.4, 642911165, 0.88, 2.38, 1.71, 723.47498
2017-08-28, 4, gao_du, 13.26, 16.31, 0.49, 16.23, 16.27, 16.55, 16.16, 291648.31, 477003467, 0.65, 2.40, 1.26, 776.78895
2017-08-29, 4, gao_du, 13.28, 16.17, -0.86, 16.31, 16.33, 16.33, 16.02, 217943.4, 351557286, 0.48, 1.90, 0.94, 1174.9928
2017-08-30, 4, gao_du, 13.29, 15.95, -1.36, 16.17, 16.12, 16.29, 15.88, 223409.75, 358218099, 0.50, 2.54, 0.96, 703.17602
2017-08-31, 3, zhong_du, 13.30, 15.91, -0.25, 15.95, 15.93, 16.02, 15.75, 151881.3, 241068141, 0.34, 1.69, 0.66, 686.20014
2017-09-01, 3, zhong_du, 13.32, 16.03, 0.75, 15.91, 15.86, 16.11, 15.85, 281440.17, 450017933, 0.63, 1.63, 1.22, 658.80895
2017-09-04, 3, zhong_du, 13.34, 16.45, 2.62, 16.03, 15.97, 16.49, 15.87, 328522.23, 534599842, 0.73, 3.87, 1.42, 781.95906
2017-09-05, 3, zhong_du, 13.35, 15.77, -1.13, 15.95, 15.93, 16.02, 15.75, 94127.54, 149528165, 0.21, 1.69, 0.81, 654.93798
2017-09-06, 4, gao_du, 13.37, 16.06, -1.17, 16.25, 16.27, 16.27, 15.98, 193859.57, 311264039, 0.43, 1.78, 0.84, 2076.71785
2017-09-07, 4, gao_du, 13.38, 15.77, -1.13, 15.95, 15.93, 16.02, 15.75, 94127.54, 149528165, 0.21, 1.69, 0.81, 733.04009
2017-09-08, 4, gao_du, 13.38, 16.08, 0.82, 15.95, 15.95, 16.10, 15.93, 144941.58, 232423772, 0.32, 1.07, 0.63, 535.36487
2017-09-11, 3, zhong_du, 13.40, 15.96, -0.75, 16.08, 16.07, 16.09, 15.90, 202701.94, 323655715, 0.45, 1.18, 0.88, 2692.84105
2017-09-12, 3, zhong_du, 13.41, 15.90, -0.38, 15.96, 15.94, 15.99, 15.70, 266775.6, 421537868, 0.59, 1.82, 1.15, 2600.13199
2017-09-13, 3, zhong_du, 13.42, 15.84, -0.38, 15.90, 15.88, 15.88, 15.66, 170542.81, 269001200, 0.38, 1.38, 0.74, 2600.87705
2017-09-14, 3, zhong_du, 13.43, 15.99, 0.95, 15.84, 15.84, 16.08, 15.78, 203634.41, 325197630, 0.45, 1.89, 0.88, 675.65084
2017-09-15, 3, zhong_du, 13.44, 15.89, -0.63, 15.99, 16.00, 16.02, 15.86, 119778.89, 190675556, 0.27, 1.00, 0.52, 4099.16091
2017-09-18, 3, zhong_du, 13.45, 15.81, -0.50, 15.89, 15.85, 15.95, 15.79, 183531.82, 290768780, 0.41, 1.01, 0.79, 909.6241
2017-09-19, 3, zhong_du, 13.46, 15.94, 0.82, 15.81, 15.84, 15.94, 15.79, 150500.87, 238737460, 0.33, 0.95, 0.65, 716.19391
2017-09-20, 3, zhong_du, 13.47, 16.19, 1.57, 15.94, 15.92, 16.22, 15.90, 277230.02, 446667381, 0.62, 2.01, 1.20, 1150.56181
2017-09-21, 3, zhong_du, 13.48, 16.20, 0.06, 16.19, 16.19, 16.28, 16.13, 189680.47, 307329843, 0.42, 0.93, 0.82, 746.92988
2017-09-22, 4, gao_du, 13.50, 16.28, 0.49, 16.20, 16.16, 16.55, 16.15, 201425.77, 329398082, 0.45, 2.47, 0.87, 1511.99698
2017-09-25, 4, gao_du, 13.51, 16.30, 0.12, 16.28, 16.15, 16.42, 15.96, 189163.73, 306653465, 0.42, 2.83, 0.82, 702.45409
2017-09-26, 4, gao_du, 13.51, 16.10, -1.23, 16.30, 16.20, 16.27, 16.07, 100641.73, 162281586, 0.22, 1.23, 0.43, 2594.88201
2017-09-27, 4, gao_du, 13.52, 15.88, -1.37, 16.10, 16.09, 16.11, 15.81, 149432.01, 237422445, 0.33, 1.86, 0.65, 1340.81721
2017-09-28, 3, zhong_du, 13.53, 15.70, -1.13, 15.88, 15.87, 15.91, 15.68, 140244.68, 220890410, 0.31, 1.45, 0.61, 1327.16513
2017-09-29, 3, zhong_du, 13.53, 15.78, 0.51, 15.70, 15.69, 15.82, 15.67, 90829.62, 142941714, 0.20, 0.96, 0.39, 649.63794
2017-10-10, 3, zhong_du, 13.56, 16.30, 1.31, 16.09, 16.10, 16.30, 16.03, 198197.32, 320813495, 0.44, 1.68, 0.86, 651.24202
2017-10-12, 4, gao_du, 13.58, 16.20, -0.55, 16.29, 16.25, 16.36, 16.11, 132200.96, 214711192, 0.29, 1.53, 0.57, 673.59996
2017-10-13, 4, gao_du, 13.58, 16.20, 0.00, 16.20, 16.19, 16.35, 16.11, 138486.92, 224922331, 0.31, 1.48, 0.60, 971.77005
2017-10-16, 5, qiang_lie, 13.61, 16.66, 2.84, 16.20, 16.20, 16.66, 16.18, 398935.5, 656246347, 0.89, 2.96, 1.72, 729.34794
2017-10-17, 5, qiang_lie, 13.63, 16.74, 0.48, 16.66, 16.63, 16.93, 16.55, 255637.24, 427585336, 0.57, 2.28, 1.10, 602.74506
2017-10-18, 5, qiang_lie, 13.64, 16.87, 0.78, 16.74, 16.75, 16.88, 16.53, 211285.05, 352466660, 0.47, 2.09, 0.91, 701.00498
2017-10-19, 5, qiang_lie, 13.65, 16.63, -1.42, 16.87, 16.82, 16.84, 16.57, 162583.08, 271085752, 0.36, 1.60, 0.70, 686.44595
2017-10-20, 5, qiang_lie, 13.66, 16.42, -1.26, 16.63, 16.55, 16.55, 16.26, 150047.76, 245785063, 0.33, 1.74, 0.65, 639.93287
2017-10-23, 5, qiang_lie, 13.67, 16.19, -1.40, 16.42, 16.43, 16.44, 16.17, 173334.43, 282804579, 0.39, 1.64, 0.75, 715.60907
2017-10-24, 4, gao_du, 13.68, 16.42, 1.42, 16.19, 16.18, 16.45, 16.16, 181535.03, 297174818, 0.40, 1.79, 0.78, 846.34399
2017-10-25, 3, zhong_du, 13.69, 16.45, 0.18, 16.42, 16.40, 16.46, 16.28, 112097.11, 183533434, 0.25, 1.10, 0.48, 703.78613
2017-10-26, 3, zhong_du, 13.70, 16.43, -0.12, 16.45, 16.40, 16.49, 16.23, 170731.59, 278960446, 0.38, 1.58, 0.74, 714.19597
2017-10-27, 4, gao_du, 13.74, 17.30, 5.30, 16.43, 16.44, 17.37, 16.43, 578855.22, 986045861, 1.29, 5.72, 2.50, 691.23697
2017-10-30, 5, qiang_lie, 13.77, 17.34, 0.23, 17.30, 17.28, 17.50, 17.07, 369888.08, 641138803, 0.82, 2.49, 1.60, 619.57693
2017-10-31, 5, qiang_lie, 13.79, 17.15, -1.10, 17.34, 17.34, 17.40, 16.96, 226848.86, 387867128, 0.50, 2.54, 0.98, 867.82908
2017-11-01, 5, qiang_lie, 13.81, 16.85, -1.75, 17.15, 17.09, 17.13, 16.77, 228917.13, 387581212, 0.51, 2.10, 0.99, 769.1319
2017-11-02, 5, qiang_lie, 13.82, 17.12, 1.60, 16.85, 16.82, 17.13, 16.59, 255692.76, 432009170, 0.57, 3.20, 1.10, 747.75982
2017-11-03, 5, qiang_lie, 13.84, 16.83, -1.69, 17.12, 17.02, 17.16, 16.62, 222254.82, 374504131, 0.49, 3.15, 0.96, 1707.80778
2017-11-06, 4, gao_du, 13.85, 16.72, -0.65, 16.83, 16.76, 16.81, 16.41, 206805.85, 343179584, 0.46, 2.38, 0.89, 784.75213
2017-11-08, 4, gao_du, 13.89, 17.06, -0.76, 17.19, 17.05, 17.39, 16.97, 249901.79, 429503570, 0.56, 2.44, 1.08, 606.16803
2017-11-09, 5, qiang_lie, 13.90, 17.02, -0.23, 17.06, 17.01, 17.17, 16.93, 160691.44, 273552007, 0.36, 1.41, 0.69, 667.85479
2017-11-10, 5, qiang_lie, 13.92, 17.04, 1.91, 16.72, 16.65, 17.08, 16.63, 169743.53, 286820505, 0.38, 2.69, 1.47, 1044.17109
2017-11-13, 5, qiang_lie, 13.95, 17.32, 2.49, 16.90, 16.85, 17.67, 16.83, 404383.38, 701379203, 0.90, 4.97, 1.71, 824.74303
2017-11-14, 5, qiang_lie, 13.97, 17.27, -0.29, 17.32, 17.36, 17.41, 17.02, 239772.67, 412849481, 0.53, 2.25, 0.87, 731.7481
2017-11-15, 5, qiang_lie, 13.99, 17.58, 1.80, 17.27, 17.21, 17.67, 17.16, 315282.03, 551757774, 0.70, 2.95, 1.22, 711.56406
2017-11-16, 5, qiang_lie, 14.01, 17.44, -0.80, 17.58, 17.50, 17.56, 17.27, 269913.79, 469434769, 0.60, 1.65, 1.00, 17108.89506
2017-11-17, 5, qiang_lie, 14.05, 17.90, 2.64, 17.44, 17.43, 17.95, 17.38, 473014.28, 841900819, 1.05, 3.27, 1.61, 740.01098
2017-11-20, 5, qiang_lie, 14.10, 18.58, 3.80, 17.90, 17.70, 18.60, 17.67, 549171.44, 994348555, 1.22, 5.20, 1.61, 1036.40699
2017-11-21, 5, qiang_lie, 14.14, 18.65, 0.38, 18.58, 18.48, 18.96, 18.37, 360579, 675381864, 0.80, 3.18, 0.98, 775.49291
2017-11-22, 5, qiang_lie, 14.18, 18.56, -0.48, 18.65, 18.64, 19.23, 18.32, 360346.22, 673334283, 0.80, 4.88, 0.92, 764.97412
2017-11-23, 5, qiang_lie, 14.21, 18.02, -2.91, 18.56, 18.54, 19.07, 17.91, 416947.88, 776656085, 0.93, 6.25, 1.04, 794.53111
2017-11-24, 5, qiang_lie, 14.24, 18.83, 4.50, 18.02, 18.14, 18.88, 17.86, 302962.24, 556196705, 0.67, 5.66, 0.70, 678.09796
2017-11-27, 5, qiang_lie, 14.27, 18.20, -3.35, 18.83, 18.54, 18.68, 17.89, 336809.3, 612212594, 0.75, 4.20, 0.85, 584.23805
2017-11-28, 5, qiang_lie, 14.29, 17.91, -1.59, 18.20, 18.00, 18.17, 17.71, 180511.76, 323819779, 0.40, 2.53, 0.51, 665.16018
2017-11-29, 5, qiang_lie, 14.31, 18.48, 3.18, 17.91, 17.92, 18.49, 17.87, 236103.65, 428890464, 0.52, 3.46, 0.74, 753.29709
2017-11-30, 5, qiang_lie, 14.33, 18.38, -0.54, 18.48, 18.32, 18.80, 18.07, 249922.27, 460857727, 0.56, 3.95, 0.85, 2898.81206
2017-12-01, 5, qiang_lie, 14.36, 17.62, -4.13, 18.38, 18.26, 18.28, 17.53, 300831.2, 537678524, 0.67, 4.08, 1.15, 716.14289
2017-12-04, 4, gao_du, 14.38, 17.58, -0.23, 17.62, 17.62, 17.94, 17.35, 288876.92, 508272771, 0.64, 3.35, 1.11, 828.01509
2017-12-05, 4, gao_du, 14.40, 17.75, 0.97, 17.58, 17.58, 17.89, 17.43, 257229.56, 456144109, 0.57, 2.62, 1.02, 627.64502
2017-12-06, 3, zhong_du, 14.41, 17.82, 0.39, 17.75, 17.62, 17.89, 17.43, 192959.55, 341705186, 0.43, 2.59, 0.72, 704.44608
2017-12-07, 3, zhong_du, 14.42, 17.20, -3.48, 17.82, 17.75, 17.83, 17.13, 220803.83, 383846189, 0.49, 3.93, 0.86, 714.81895
2017-12-08, 3, zhong_du, 14.44, 17.25, 0.29, 17.20, 17.19, 17.30, 17.00, 196302.19, 337482984, 0.44, 1.74, 0.78, 610.76903
2017-12-11, 3, zhong_du, 14.45, 17.38, 0.75, 17.25, 17.28, 17.54, 17.08, 224666.2, 388846104, 0.50, 2.67, 0.97, 625.45395
2017-12-12, 3, zhong_du, 14.46, 17.16, -1.27, 17.38, 17.33, 17.55, 17.15, 139135.02, 240651696, 0.31, 2.30, 0.64, 665.98296
2017-12-13, 2, qing_du, 14.47, 17.20, 0.23, 17.16, 17.11, 17.30, 17.06, 168094.63, 288623413, 0.37, 1.40, 0.86, 676.085
2017-12-14, 2, qing_du, 14.48, 17.19, -0.06, 17.20, 17.25, 17.36, 17.10, 160699.27, 276783550, 0.36, 1.51, 0.85, 645.80679
2017-12-15, 2, qing_du, 14.49, 17.11, -0.47, 17.19, 17.10, 17.17, 16.88, 214631.04, 365361417, 0.48, 1.69, 1.21, 726.48501
2017-12-18, 2, qing_du, 14.50, 17.28, 0.99, 17.11, 17.05, 17.34, 17.01, 191877.35, 331155920, 0.43, 1.93, 1.06, 626.06311
2017-12-19, 2, qing_du, 14.52, 17.67, 2.26, 17.28, 17.28, 17.77, 17.28, 291391.69, 511759404, 0.65, 2.84, 1.67, 1056.17714
2017-12-20, 2, qing_du, 14.54, 17.65, -0.11, 17.67, 17.59, 17.73, 17.46, 204542.23, 360670951, 0.45, 1.53, 1.00, 2576.07603
2017-12-21, 2, qing_du, 14.55, 17.79, 0.79, 17.65, 17.60, 17.97, 17.58, 241486.91, 429852311, 0.54, 2.21, 1.14, 670.90201
2017-12-22, 3, zhong_du, 14.56, 17.81, 0.11, 17.79, 17.74, 18.07, 17.67, 134979.98, 241642120, 0.30, 2.25, 0.59, 690.6569
2017-12-25, 3, zhong_du, 14.58, 17.88, 0.39, 17.81, 17.81, 18.20, 17.70, 199925.92, 359461691, 0.44, 2.81, 0.94, 743.85595
2017-12-26, 3, zhong_du, 14.59, 18.15, 1.51, 17.88, 17.77, 18.16, 17.77, 200417.31, 360981093, 0.45, 2.18, 0.93, 468.86897
2017-12-27, 3, zhong_du, 14.61, 17.92, -1.27, 18.15, 18.13, 18.29, 17.70, 175996.06, 317580527, 0.39, 3.25, 0.90, 639.97078
2017-12-29, 3, zhong_du, 14.63, 18.50, 3.87, 17.81, 17.81, 18.57, 17.73, 259650.51, 476836261, 0.58, 4.72, 1.52, 793.37502
2018-01-03, 3, zhong_du, 14.66, 18.38, -0.65, 18.50, 18.46, 18.56, 18.30, 142517.58, 262847377, 0.32, 1.41, 0.78, 610.09288
2018-01-04, 3, zhong_du, 14.67, 18.39, 0.05, 18.38, 18.30, 18.44, 18.11, 117548.84, 214652789, 0.26, 1.80, 0.69, 730.25608
2018-01-05, 3, zhong_du, 14.68, 18.17, -1.20, 18.39, 18.32, 18.36, 18.15, 162510.51, 296270305, 0.36, 1.14, 1.02, 731.73213
2018-01-08, 3, zhong_du, 14.71, 17.76, -2.26, 18.17, 18.24, 18.24, 17.56, 403008.29, 717513382, 0.90, 3.74, 2.50, 623.02089
2018-01-09, 2, qing_du, 14.73, 17.71, -0.28, 17.76, 17.76, 17.89, 17.51, 282313.58, 497833149, 0.63, 2.14, 1.30, 655.50804
2018-01-10, 2, qing_du, 14.75, 18.03, 1.81, 17.71, 17.69, 18.12, 17.69, 282090.96, 505638575, 0.63, 2.43, 1.27, 2586.93099
2018-01-11, 2, qing_du, 14.77, 18.28, 1.39, 18.03, 18.00, 18.47, 17.93, 224985.07, 412290672, 0.50, 3.00, 0.90, 496.15884
2018-01-12, 2, qing_du, 14.79, 18.51, 1.26, 18.28, 18.29, 18.57, 18.13, 243689.82, 450571493, 0.54, 2.41, 0.90, 653.59092
2018-01-15, 3, zhong_du, 14.83, 19.17, 3.57, 18.51, 18.37, 19.46, 18.37, 502407.32, 954943502, 1.12, 5.89, 1.75, 1054.24309
2018-01-16, 4, gao_du, 14.86, 19.51, 1.77, 19.17, 19.10, 19.51, 18.90, 269147.48, 518189484, 0.60, 3.18, 0.88, 441.30898
2018-01-17, 4, gao_du, 14.91, 19.80, 1.49, 19.51, 19.51, 20.50, 19.41, 398403.85, 797899028, 0.89, 5.59, 1.31, 590.32202
2018-01-18, 5, qiang_lie, 14.93, 20.00, 1.01, 19.80, 19.88, 20.10, 19.61, 240736.15, 477595400, 0.54, 2.47, 0.74, 405.70402
2018-01-19, 4, gao_du, 14.98, 19.98, -0.10, 20.00, 20.20, 20.62, 19.94, 399409.37, 809541676, 0.89, 3.40, 1.21, 4732.16391
2018-01-22, 4, gao_du, 15.01, 19.81, -0.85, 19.98, 19.88, 20.25, 19.68, 252280.12, 502216171, 0.56, 2.85, 0.70, 632.37691
2018-01-23, 4, gao_du, 15.05, 20.66, 4.29, 19.81, 20.00, 20.66, 19.96, 326641.86, 668376167, 0.73, 3.53, 1.05, 752.74014
2018-01-24, 5, qiang_lie, 15.08, 20.20, -2.23, 20.66, 20.46, 20.96, 20.15, 277346.47, 568274445, 0.62, 3.92, 0.86, 619.5879
2018-01-25, 5, qiang_lie, 15.11, 19.97, -1.14, 20.20, 20.21, 20.23, 19.60, 242960.68, 482100139, 0.54, 3.12, 0.81, 920.01104
2018-01-26, 5, qiang_lie, 15.13, 19.79, -0.90, 19.97, 19.95, 20.47, 19.77, 253628.05, 508201599, 0.56, 3.51, 0.85, 719.53106
2018-01-29, 4, gao_du, 15.16, 19.50, -1.47, 19.79, 19.90, 19.98, 19.31, 301553.45, 588982327, 0.67, 3.39, 1.11, 714.42008
2018-01-30, 4, gao_du, 15.18, 19.22, -1.44, 19.50, 19.53, 19.68, 19.16, 179526.58, 348249606, 0.40, 2.67, 0.64, 693.97998
2018-01-31, 4, gao_du, 15.21, 20.05, 4.32, 19.22, 19.34, 20.10, 19.10, 300365.24, 590253490, 0.67, 5.20, 1.20, 715.96813
2018-02-01, 4, gao_du, 15.24, 20.15, 0.50, 20.05, 20.11, 20.44, 19.80, 269247.67, 542219334, 0.60, 3.19, 1.05, 631.51598
2018-02-02, 4, gao_du, 15.26, 20.08, -0.35, 20.15, 19.79, 20.23, 19.38, 219913.02, 435533365, 0.49, 4.22, 0.84, 763.31711
2018-02-05, 5, qiang_lie, 15.33, 21.62, 7.67, 20.08, 20.25, 21.87, 20.21, 538111.8, 1143396365, 1.20, 8.27, 2.12, 780.82108
2018-02-06, 5, qiang_lie, 15.39, 21.47, -0.69, 21.62, 21.26, 21.77, 21.01, 405185.59, 867422354, 0.90, 3.52, 1.34, 597.06688
2018-02-07, 5, qiang_lie, 15.45, 20.17, -6.05, 21.47, 21.47, 22.30, 20.00, 545125.8, 1158178078, 1.21, 10.71, 1.57, 1011.09505
2018-02-08, 5, qiang_lie, 15.50, 19.99, -0.89, 20.17, 20.00, 20.70, 19.50, 423695.53, 846713703, 0.94, 5.95, 0.82, 732.07498
2018-02-09, 4, gao_du, 15.53, 18.84, -5.75, 19.99, 19.35, 19.74, 18.26, 466027.71, 880651937, 1.04, 7.40, 0.94, 781.66389
2018-02-12, 3, zhong_du, 15.56, 19.26, 2.23, 18.84, 18.81, 19.31, 18.66, 324621.29, 618947402, 0.72, 3.45, 0.70, 748.69108
2018-02-13, 3, zhong_du, 15.59, 20.05, 4.10, 19.26, 19.55, 20.30, 19.50, 318761.79, 637398944, 0.71, 4.15, 0.84, 632.11894
2018-02-14, 3, zhong_du, 15.60, 19.91, -0.70, 20.05, 20.05, 20.08, 19.72, 128364.9, 255043170, 0.29, 1.80, 0.40, 2732.41186
