2015-08-20, 1, wei_ruo, 14.25, 13.05, 3.33, 12.63, 12.38, 13.88, 12.01, 462811.7, 604992883, 4.06, 14.81, 1.46, 825.59681
2015-08-21, 1, wei_ruo, 14.19, 11.75, -9.96, 13.05, 12.65, 12.85, 11.75, 311326.67, 378476791, 2.73, 8.43, 0.88, 1185.80484
2015-08-24, 1, wei_ruo, 14.17, 10.58, -9.96, 11.75, 10.98, 10.99, 10.58, 83226.1, 88679110, 0.73, 3.49, 0.23, 3020.03503
2015-08-25, 1, wei_ruo, 14.13, 9.52, -10.02, 10.58, 9.52, 9.85, 9.52, 102750.75, 98026929, 0.90, 3.12, 0.34, 1223.51909
2015-08-26, 1, wei_ruo, 14.00, 8.57, -9.98, 9.52, 9.15, 9.69, 8.57, 269854.83, 243759508, 2.37, 11.76, 1.12, 3513.47089
2015-08-27, 1, wei_ruo, 13.90, 8.84, 3.15, 8.57, 8.75, 8.99, 7.90, 223772.06, 192356387, 1.96, 12.72, 0.91, 1101.47405
2015-08-28, 1, wei_ruo, 13.79, 9.61, 8.71, 8.84, 8.96, 9.67, 8.81, 262750.42, 240088394, 2.30, 9.73, 1.33, 927.71196
2015-08-31, 1, wei_ruo, 13.70, 8.95, -6.87, 9.61, 9.47, 9.47, 8.88, 214776.49, 195453424, 1.88, 6.14, 1.14, 937.27589
2015-09-01, 1, wei_ruo, 13.62, 8.06, -9.94, 8.95, 8.81, 8.84, 8.06, 187699.78, 154445389, 1.65, 8.72, 0.87, 1292.39297
2015-09-02, 1, wei_ruo, 13.48, 8.11, 0.62, 8.06, 7.46, 8.34, 7.29, 270746.98, 213153795, 2.37, 13.03, 1.17, 1267.31396
2015-09-02, 1, wei_ruo, 13.48, 8.11, 0.62, 8.06, 7.46, 8.34, 7.29, 270746.98, 213153795, 2.37, 13.03, 1.17, 1042.96803
2015-09-02, 1, wei_ruo, 13.48, 8.11, 0.62, 8.06, 7.46, 8.34, 7.29, 270746.98, 213153795, 2.37, 13.03, 1.17, 1053.18093
2015-09-07, 1, wei_ruo, 13.40, 8.31, 2.47, 8.11, 8.15, 8.75, 8.15, 172558.55, 145335508, 1.51, 7.40, 0.74, 1260.80179
2015-09-08, 1, wei_ruo, 13.33, 8.77, 5.54, 8.31, 8.21, 8.83, 7.90, 180499.18, 151159965, 1.58, 11.19, 0.81, 1196.37585
2015-09-09, 1, wei_ruo, 13.24, 9.06, 3.31, 8.77, 8.75, 9.15, 8.68, 230675.81, 206655305, 2.02, 5.36, 1.12, 1016.61801
2015-09-10, 1, wei_ruo, 13.18, 8.94, -1.32, 9.06, 8.82, 9.15, 8.69, 166225.36, 147947520, 1.46, 5.08, 0.80, 730.00288
2015-09-11, 1, wei_ruo, 13.12, 9.02, 0.89, 8.94, 8.95, 9.12, 8.80, 148918.06, 133580432, 1.31, 3.58, 0.73, 1252.41017
2015-09-14, 1, wei_ruo, 13.04, 8.12, -9.98, 9.02, 9.14, 9.28, 8.12, 188093.75, 162016964, 1.65, 12.86, 1.05, 1098.72293
2015-09-15, 1, wei_ruo, 12.97, 7.31, -9.98, 8.12, 7.70, 7.87, 7.31, 160040.22, 120152333, 1.40, 6.90, 0.88, 1125.72885
2015-09-16, 1, wei_ruo, 12.86, 8.00, 9.44, 7.31, 7.43, 8.04, 7.01, 231065.96, 174962358, 2.03, 14.09, 1.29, 1285.34698
2015-09-17, 1, wei_ruo, 12.78, 7.73, -3.38, 8.00, 7.90, 8.23, 7.69, 193494.79, 154186336, 1.70, 6.75, 1.08, 1021.38901
2015-09-18, 1, wei_ruo, 12.70, 8.50, 9.96, 7.73, 7.80, 8.50, 7.66, 181153.65, 148133893, 1.59, 10.87, 0.98, 1065.11092
2015-09-21, 1, wei_ruo, 12.56, 8.90, 4.71, 8.50, 8.50, 9.15, 8.33, 411063.78, 359814423, 3.60, 9.65, 2.15, 939.38589
2015-09-22, 1, wei_ruo, 12.47, 8.74, -1.80, 8.90, 8.70, 8.90, 8.57, 281660.96, 245945120, 2.47, 3.71, 1.20, 1163.46598
2015-09-23, 1, wei_ruo, 12.40, 8.49, -2.86, 8.74, 8.51, 8.73, 8.36, 189625.61, 162113605, 1.66, 4.23, 0.73, 940.53197
2015-09-24, 1, wei_ruo, 12.29, 9.09, 7.07, 8.49, 8.51, 9.27, 8.51, 374623.05, 332878043, 3.28, 8.95, 1.49, 1111.54294
2015-09-25, 1, wei_ruo, 12.19, 8.22, -9.57, 9.09, 8.88, 8.93, 8.18, 293195.81, 249304161, 2.57, 8.25, 1.02, 1162.0779
2015-09-28, 1, wei_ruo, 12.14, 8.46, 2.92, 8.22, 8.22, 8.54, 8.05, 148701.12, 124402630, 1.30, 5.96, 0.48, 1033.97989
2015-09-29, 1, wei_ruo, 12.09, 8.19, -3.19, 8.46, 8.22, 8.32, 8.01, 131217.58, 107726082, 1.15, 3.66, 0.51, 1101.05777
2015-09-30, 1, wei_ruo, 12.06, 8.20, 0.12, 8.19, 8.22, 8.35, 8.02, 107168.93, 87835326, 0.94, 4.03, 0.47, 1101.02201
2015-10-08, 1, wei_ruo, 12.00, 8.62, 5.12, 8.20, 8.52, 8.72, 8.42, 173551.94, 148890345, 1.52, 3.66, 0.82, 1191.6821
2015-10-09, 1, wei_ruo, 11.94, 8.82, 2.32, 8.62, 8.60, 9.00, 8.52, 246093.15, 216975641, 2.16, 5.57, 1.44, 1390.21516
2015-10-12, 1, wei_ruo, 11.86, 9.39, 6.46, 8.82, 8.82, 9.49, 8.82, 315470.21, 289757770, 2.77, 7.60, 1.96, 1411.85999
2015-10-13, 1, wei_ruo, 11.78, 9.69, 3.19, 9.39, 9.23, 10.05, 9.12, 392150.71, 376059620, 3.44, 9.90, 2.01, 1322.11614
2015-10-14, 1, wei_ruo, 11.73, 9.38, -3.20, 9.69, 9.52, 9.80, 9.32, 275833, 262375773, 2.42, 4.95, 1.12, 781.69298
2015-10-15, 1, wei_ruo, 11.65, 10.20, 8.74, 9.38, 9.24, 10.30, 9.20, 482205.38, 481678982, 4.23, 11.73, 1.72, 878.1178
2015-10-16, 1, wei_ruo, 11.60, 11.19, 9.71, 10.20, 10.05, 11.22, 10.00, 677926.58, 711856275, 5.94, 11.96, 1.98, 1299.94297
2015-10-19, 1, wei_ruo, 11.57, 10.82, -3.31, 11.19, 11.00, 11.27, 10.52, 465524.82, 508431533, 4.08, 6.70, 1.09, 1247.55001
2015-10-29, 4, gao_du, 11.73, 13.18, -0.38, 13.23, 13.10, 13.50, 12.75, 760871.16, 1001347297, 6.67, 5.67, 1.42, 1044.30294
2015-10-30, 4, gao_du, 11.76, 12.16, -7.74, 13.18, 12.85, 12.85, 11.88, 620855.2, 765701719, 5.44, 7.36, 0.97, 3586.38406
2015-11-02, 4, gao_du, 11.75, 11.35, -6.66, 12.16, 11.72, 12.15, 11.08, 410648.51, 477510211, 3.60, 8.80, 0.58, 1078.66693
2015-11-03, 3, zhong_du, 11.74, 11.55, 1.76, 11.35, 11.60, 11.73, 11.15, 274548.11, 317185060, 2.41, 5.11, 0.40, 2931.25296
2015-11-04, 3, zhong_du, 11.75, 12.24, 5.97, 11.55, 11.56, 12.35, 11.55, 380580.27, 455593908, 3.34, 6.93, 0.60, 1125.31805
2015-11-05, 3, zhong_du, 11.76, 11.90, -2.78, 12.24, 12.15, 12.21, 11.71, 378647.69, 452576304, 3.32, 4.08, 0.77, 1696.22493
2015-11-06, 3, zhong_du, 11.77, 12.18, 2.35, 11.90, 12.00, 12.36, 11.93, 357671.3, 436262704, 3.14, 3.61, 0.87, 1384.35411
2015-11-09, 4, gao_du, 11.78, 12.09, -0.74, 12.18, 11.93, 12.18, 11.66, 446161.94, 533786327, 3.91, 4.27, 1.24, 17202.10505
2015-11-10, 4, gao_du, 11.82, 12.55, 3.80, 12.09, 12.36, 12.83, 12.11, 571789.21, 714532288, 5.01, 5.96, 1.56, 422.61291
2015-11-11, 4, gao_du, 11.82, 13.15, 4.78, 12.55, 12.40, 13.43, 12.25, 587956.49, 759281385, 5.15, 9.40, 1.38, 271.36588
2015-11-12, 5, qiang_lie, 11.92, 13.04, -0.84, 13.15, 13.01, 13.18, 12.61, 448201.26, 577748463, 3.93, 4.33, 0.96, 962.73208
2015-11-13, 5, qiang_lie, 12.00, 13.35, 2.38, 13.04, 13.02, 13.99, 12.82, 645489.72, 871686506, 5.66, 8.97, 1.34, 1187.6421
2015-11-16, 5, qiang_lie, 12.10, 14.69, 10.04, 13.35, 13.00, 14.69, 12.80, 574296.34, 802087235, 5.03, 14.16, 1.06, 882.08795
2015-11-17, 5, qiang_lie, 12.29, 14.67, -0.14, 14.69, 15.11, 15.45, 14.37, 795035.29, 1180545251, 6.97, 7.35, 1.41, 1064.26692
2015-11-18, 5, qiang_lie, 12.36, 13.81, -5.86, 14.67, 14.72, 15.08, 13.70, 416263.96, 600297140, 3.65, 9.41, 0.68, 1300.04716
2015-11-19, 5, qiang_lie, 12.41, 14.29, 3.48, 13.81, 13.80, 14.37, 13.59, 317445.11, 445188062, 2.78, 5.65, 0.55, 16462.81004
2015-11-20, 5, qiang_lie, 12.46, 14.18, -0.77, 14.29, 14.29, 14.50, 13.72, 351913.06, 496692322, 3.08, 5.46, 0.64, 32301.92494
2015-11-23, 5, qiang_lie, 12.53, 14.30, 0.85, 14.18, 14.19, 14.66, 13.85, 415468.37, 592559447, 3.64, 5.71, 0.85, 16861.17387
2015-11-24, 5, qiang_lie, 12.56, 14.05, -1.75, 14.30, 14.10, 14.26, 13.65, 268621.13, 373208866, 2.35, 4.27, 0.58, 1120.75496
2015-11-25, 5, qiang_lie, 12.63, 14.57, 3.70, 14.05, 14.06, 14.65, 13.96, 408450.12, 585875142, 3.58, 4.91, 1.15, 2929.69203
2015-11-26, 5, qiang_lie, 12.69, 14.30, -1.85, 14.57, 14.58, 14.79, 13.98, 377912.34, 543915563, 3.31, 5.56, 1.07, 2851.05014
2015-11-27, 5, qiang_lie, 12.71, 12.87, -10.00, 14.30, 14.00, 14.21, 12.87, 322891.53, 436746299, 2.83, 9.37, 0.89, 876.88088
2015-11-30, 5, qiang_lie, 12.72, 13.49, 4.82, 12.87, 12.80, 13.79, 12.58, 363978.9, 482840221, 3.19, 9.40, 1.01, 3250.41509
2015-12-01, 5, qiang_lie, 12.85, 14.84, 10.01, 13.49, 13.25, 14.84, 13.10, 930457.32, 1355355971, 8.16, 12.90, 2.67, 1090.62505
2015-12-02, 5, qiang_lie, 12.90, 13.49, -9.10, 14.84, 14.30, 14.58, 13.36, 717919.88, 982829522, 6.29, 8.22, 1.49, 846.18402
2015-12-03, 5, qiang_lie, 12.90, 13.98, 3.63, 13.49, 13.19, 14.07, 13.19, 383844.78, 523724942, 3.36, 6.52, 0.71, 819.05103
2015-12-04, 5, qiang_lie, 13.06, 13.75, -1.65, 13.98, 13.79, 14.17, 13.55, 292431.74, 404352881, 2.56, 4.43, 0.54, 3288.94615
2015-12-07, 5, qiang_lie, 13.14, 14.64, 6.47, 13.75, 13.81, 15.13, 13.65, 669018.78, 977630039, 5.86, 10.76, 1.24, 754.52209
2015-12-08, 5, qiang_lie, 13.17, 14.09, -3.76, 14.64, 14.30, 14.40, 13.91, 360674.19, 510607034, 3.16, 3.35, 0.60, 784.50298
2015-12-09, 5, qiang_lie, 13.20, 14.20, 0.78, 14.09, 14.16, 14.50, 13.90, 283960.65, 403649368, 2.49, 4.26, 0.59, 2115.00311
2015-12-10, 5, qiang_lie, 13.23, 14.53, 2.32, 14.20, 14.34, 14.64, 13.71, 376106.06, 532821707, 3.30, 6.55, 0.95, 884.17912
2015-12-11, 5, qiang_lie, 13.25, 14.06, -3.23, 14.53, 14.47, 14.47, 14.00, 238247.99, 339013757, 2.09, 3.23, 0.60, 1445.45293
2015-12-14, 5, qiang_lie, 13.27, 14.20, 1.00, 14.06, 13.71, 14.21, 13.60, 180322.26, 250901309, 1.58, 4.34, 0.47, 4342.70406
2015-12-15, 5, qiang_lie, 13.33, 14.97, 5.42, 14.20, 14.19, 15.18, 14.03, 518914.9, 769926293, 4.55, 8.10, 1.80, 994.79198
2015-12-16, 5, qiang_lie, 13.41, 15.28, 2.07, 14.97, 15.10, 15.35, 14.80, 491450.15, 742825576, 4.31, 3.67, 1.54, 2777.40598
2015-12-17, 5, qiang_lie, 13.50, 15.43, 0.98, 15.28, 15.28, 15.98, 15.16, 460903.5, 714616181, 4.04, 5.37, 1.28, 2498.25621
2015-12-18, 5, qiang_lie, 13.61, 16.15, 4.67, 15.43, 15.38, 16.28, 15.07, 537111.39, 842845892, 4.71, 7.84, 1.42, 2937.13498
2015-12-21, 5, qiang_lie, 13.68, 16.00, -0.93, 16.15, 15.90, 16.34, 15.75, 359440.14, 575985052, 3.15, 3.65, 0.82, 1363.39116
2015-12-22, 5, qiang_lie, 13.74, 15.89, -0.69, 16.00, 15.90, 16.12, 15.44, 283858.72, 446572455, 2.49, 4.25, 0.60, 2804.2872
2015-12-23, 5, qiang_lie, 13.78, 15.30, -3.71, 15.89, 15.99, 16.10, 15.10, 290325.94, 453085166, 2.54, 6.29, 0.68, 908.79607
2015-12-24, 5, qiang_lie, 13.81, 15.55, 1.63, 15.30, 15.20, 15.70, 15.08, 178248.7, 274642054, 1.56, 4.05, 0.46, 3531.17704
2015-12-25, 5, qiang_lie, 13.88, 16.32, 4.95, 15.55, 15.60, 16.58, 15.38, 377145.96, 603215348, 3.31, 7.72, 1.14, 818.12406
2015-12-28, 5, qiang_lie, 13.93, 15.59, -4.47, 16.32, 16.26, 16.55, 15.58, 292452.42, 471153896, 2.56, 5.94, 0.98, 1682.53994
2015-12-29, 5, qiang_lie, 13.96, 15.78, 1.22, 15.59, 15.60, 15.96, 15.36, 159859.45, 251432114, 1.40, 3.85, 0.56, 2850.05093
2015-12-30, 5, qiang_lie, 13.99, 15.55, -1.46, 15.78, 15.85, 15.90, 15.35, 193911.52, 301877533, 1.70, 3.49, 0.68, 2826.41912
2015-12-31, 5, qiang_lie, 14.03, 15.85, 1.93, 15.55, 15.80, 16.22, 15.60, 285715.42, 455655296, 2.50, 3.99, 1.00, 1030.62797
2016-01-04, 5, qiang_lie, 14.05, 14.27, -9.97, 15.85, 15.63, 15.73, 14.27, 249027.19, 367295618, 2.18, 9.21, 1.36, 2985.0831
2016-01-05, 5, qiang_lie, 14.03, 13.32, -6.66, 14.27, 13.11, 13.99, 12.84, 308562.99, 411867325, 2.70, 8.06, 1.08, 1234.61795
2016-01-06, 3, zhong_du, 14.03, 14.08, 5.71, 13.32, 13.45, 14.27, 13.02, 254002.38, 348112711, 2.23, 9.38, 0.89, 1083.37402
2016-01-07, 3, zhong_du, 14.02, 12.67, -10.01, 14.08, 13.60, 13.87, 12.67, 63407, 82907846, 0.56, 8.52, 1.85, 1190.43422
2016-01-08, 2, qing_du, 14.02, 12.72, 0.39, 12.67, 13.18, 13.40, 11.41, 233836.03, 299107203, 2.05, 15.71, 0.82, 924.36504
2016-01-11, 2, qing_du, 13.95, 11.45, -9.98, 12.72, 12.72, 12.72, 11.45, 192236.88, 227948700, 1.69, 9.98, 0.68, 2963.23109
2016-01-12, 1, wei_ruo, 13.89, 10.60, -7.42, 11.45, 11.40, 11.40, 10.31, 233648.15, 252391986, 2.05, 9.52, 0.82, 3089.90908
2016-01-13, 1, wei_ruo, 13.82, 9.60, -9.43, 10.60, 10.78, 10.88, 9.58, 215656.88, 221954266, 1.89, 12.26, 0.76, 879.04716
2016-01-14, 1, wei_ruo, 13.71, 10.09, 5.10, 9.60, 9.15, 10.20, 9.05, 313459.08, 302405981, 2.75, 11.98, 1.10, 1131.81496
2016-01-15, 1, wei_ruo, 13.61, 9.24, -8.42, 10.09, 10.00, 10.03, 9.12, 250269.35, 240823038, 2.19, 9.02, 0.88, 2763.62705
2016-01-18, 1, wei_ruo, 13.52, 9.79, 5.95, 9.24, 8.97, 10.02, 8.84, 273213.95, 261684558, 2.39, 12.77, 0.96, 1061.22613
2016-01-19, 1, wei_ruo, 13.45, 10.19, 4.09, 9.79, 9.70, 10.29, 9.64, 219359.74, 219877512, 1.92, 6.64, 0.77, 802.51813
2016-01-20, 1, wei_ruo, 13.39, 10.02, -1.67, 10.19, 10.14, 10.33, 9.81, 211773.38, 213300601, 1.86, 5.10, 0.74, 790.133
2016-01-21, 1, wei_ruo, 13.32, 9.39, -6.29, 10.02, 9.88, 10.26, 9.38, 215399.39, 212489280, 1.89, 8.78, 0.76, 4251.20091
2016-01-22, 1, wei_ruo, 13.26, 9.70, 3.30, 9.39, 9.50, 9.77, 9.28, 181243.87, 172719606, 1.59, 5.22, 0.64, 2765.86604
2016-01-25, 1, wei_ruo, 13.20, 9.99, 2.99, 9.70, 9.85, 10.24, 9.70, 187056.38, 186614204, 1.64, 5.57, 0.66, 1332.66616
2016-01-26, 1, wei_ruo, 13.12, 9.00, -9.91, 9.99, 9.70, 9.80, 8.99, 242203.71, 226945385, 2.12, 8.11, 0.85, 651.70503
2016-01-27, 1, wei_ruo, 13.03, 8.72, -3.11, 9.00, 9.10, 9.15, 8.12, 228778.06, 195886780, 2.01, 11.44, 0.80, 957.42702
2016-01-28, 1, wei_ruo, 12.96, 8.38, -3.90, 8.72, 8.50, 8.83, 8.20, 162808.92, 139138581, 1.43, 7.22, 0.57, 4844.72513
2016-01-29, 1, wei_ruo, 12.90, 8.79, 4.89, 8.38, 8.38, 8.97, 8.35, 168020.8, 146053442, 1.47, 7.40, 0.59, 1080.29604
2016-02-01, 1, wei_ruo, 12.84, 8.45, -3.87, 8.79, 8.60, 8.77, 8.14, 159095.61, 135570757, 1.39, 7.17, 0.56, 762.23993
2016-02-02, 1, wei_ruo, 12.78, 8.85, 4.73, 8.45, 8.42, 8.97, 8.42, 176389.6, 155461163, 1.55, 6.51, 0.62, 1052.00982
2016-02-03, 1, wei_ruo, 12.72, 8.93, 0.90, 8.85, 8.68, 9.05, 8.60, 158216.16, 139219127, 1.39, 5.08, 0.56, 1175.65513
2016-02-04, 1, wei_ruo, 12.66, 9.33, 4.48, 8.93, 8.99, 9.38, 8.94, 215355.37, 197425949, 1.89, 4.93, 0.76, 2818.71104
2016-02-05, 1, wei_ruo, 12.61, 9.05, -3.00, 9.33, 9.35, 9.36, 9.00, 159111.87, 145709665, 1.39, 3.86, 0.56, 320.45007
2016-02-15, 1, wei_ruo, 12.54, 9.50, 4.97, 9.05, 8.70, 9.67, 8.66, 238093.12, 219744921, 2.09, 11.16, 0.84, 954.57816
2016-02-16, 1, wei_ruo, 12.46, 9.82, 3.37, 9.50, 9.41, 9.95, 9.36, 328131.99, 319085176, 2.88, 6.21, 1.15, 1039.76297
2016-02-17, 1, wei_ruo, 12.40, 9.90, 0.81, 9.82, 9.74, 9.98, 9.54, 258587.38, 252377268, 2.27, 4.48, 0.91, 2996.93894
2016-02-18, 1, wei_ruo, 12.34, 9.77, -1.31, 9.90, 9.96, 10.04, 9.76, 239268.47, 236711375, 2.10, 2.83, 0.84, 936.67006
2016-02-19, 1, wei_ruo, 12.32, 9.77, 0.00, 9.77, 9.76, 9.92, 9.70, 112991.07, 110727136, 0.99, 2.25, 0.50, 1451.60508
2016-02-22, 1, wei_ruo, 12.32, 10.27, 5.01, 9.78, 9.89, 10.37, 9.82, 301189.99, 305761668, 2.64, 5.62, 1.24, 3341.84718
2016-02-23, 1, wei_ruo, 12.22, 9.90, -3.60, 10.27, 10.20, 10.21, 9.74, 249013.33, 248986725, 2.18, 4.58, 0.97, 2703.90606
2016-02-24, 1, wei_ruo, 12.19, 9.94, 0.40, 9.90, 9.82, 10.04, 9.63, 175551.29, 173129681, 1.54, 4.14, 0.73, 847.51296
2016-02-25, 1, wei_ruo, 12.12, 8.95, -9.96, 9.94, 9.97, 9.97, 8.95, 243035.02, 227001412, 2.13, 10.26, 1.09, 727.34022
2016-02-26, 1, wei_ruo, 12.08, 8.76, -2.12, 8.95, 8.99, 9.08, 8.51, 142696.6, 125555492, 1.25, 6.37, 0.64, 784.74903
2016-02-29, 1, wei_ruo, 12.00, 7.88, -10.05, 8.76, 8.60, 8.71, 7.88, 231959.95, 185923218, 2.03, 9.47, 1.04, 1051.72396
2016-03-01, 1, wei_ruo, 11.94, 8.09, 2.66, 7.88, 7.90, 8.20, 7.61, 168662.7, 133944509, 1.48, 7.49, 0.81, 795.34197
2016-03-02, 1, wei_ruo, 11.88, 8.55, 5.69, 8.09, 8.09, 8.60, 8.01, 205424.35, 171014385, 1.80, 7.29, 1.07, 2976.72892
2016-03-03, 1, wei_ruo, 11.81, 8.53, -0.23, 8.55, 8.51, 8.82, 8.50, 230170.78, 198218867, 2.02, 3.74, 1.16, 2245.82601
2016-03-04, 1, wei_ruo, 11.75, 8.08, -5.28, 8.53, 8.50, 8.53, 7.95, 195034.78, 160923118, 1.71, 6.80, 1.00, 2657.90677
2016-03-07, 1, wei_ruo, 11.71, 8.32, 2.97, 8.08, 8.18, 8.49, 8.14, 121080, 100930254, 1.06, 4.33, 0.59, 2324.25284
2016-03-08, 1, wei_ruo, 11.65, 8.30, -0.24, 8.32, 8.29, 8.34, 7.85, 190356.4, 153410764, 1.67, 5.89, 1.03, 552.13308
2016-03-09, 1, wei_ruo, 11.61, 8.10, -2.41, 8.30, 8.12, 8.24, 8.02, 129780.21, 105338962, 1.14, 2.65, 0.69, 3723.629
2016-03-21, 1, wei_ruo, 11.58, 8.91, 10.00, 8.10, 8.91, 8.91, 8.91, 135458.35, 120693390, 1.19, 0.00, 0.78, 888.52906
2016-03-22, 1, wei_ruo, 11.47, 9.80, 9.99, 8.91, 9.15, 9.80, 9.02, 649379.84, 617559869, 5.69, 8.75, 4.21, 690.21916
2016-03-23, 1, wei_ruo, 11.37, 9.96, 1.63, 9.80, 9.97, 9.97, 9.48, 666080.79, 644767186, 5.84, 5.00, 2.72, 2786.46803
2016-03-24, 1, wei_ruo, 11.31, 9.62, -3.41, 9.96, 9.69, 9.84, 9.54, 398694.68, 386125637, 3.49, 3.01, 1.13, 580.85418
2016-03-25, 2, qing_du, 11.27, 9.51, -1.14, 9.62, 9.62, 9.70, 9.34, 260082.01, 248165353, 2.28, 3.74, 0.66, 1770.30087
2016-03-28, 2, qing_du, 11.22, 9.56, 0.53, 9.51, 9.56, 9.88, 9.43, 348509.27, 336124682, 3.05, 4.73, 0.83, 4470.32809
2016-03-29, 2, qing_du, 11.19, 9.24, -3.35, 9.56, 9.40, 9.50, 9.16, 187143.58, 173841707, 1.64, 3.56, 0.40, 698.01188
2016-03-30, 2, qing_du, 11.15, 9.55, 3.35, 9.24, 9.35, 9.56, 9.27, 215718.53, 203573695, 1.89, 3.14, 0.58, 1232.84197
2016-03-31, 2, qing_du, 11.11, 9.60, 0.52, 9.55, 9.56, 9.77, 9.51, 323231.34, 311824095, 2.83, 2.72, 1.15, 2947.59297
2016-04-01, 2, qing_du, 11.07, 9.34, -2.71, 9.60, 9.52, 9.56, 9.09, 273864.59, 253916357, 2.40, 4.90, 1.03, 2992.30194
2016-04-05, 2, qing_du, 11.03, 9.61, 2.89, 9.34, 9.31, 9.62, 9.26, 256784.13, 243792449, 2.25, 3.85, 0.95, 569.74792
2016-04-06, 2, qing_du, 10.99, 9.81, 2.08, 9.61, 9.59, 9.90, 9.50, 344864.02, 333986940, 3.02, 4.16, 1.37, 577.04401
2016-04-07, 3, zhong_du, 10.96, 9.39, -4.28, 9.81, 9.77, 9.83, 9.32, 285732.67, 271989562, 2.50, 5.20, 1.01, 722.25189
2016-04-08, 3, zhong_du, 10.93, 9.41, 0.21, 9.39, 9.35, 9.49, 9.22, 163051.74, 152448536, 1.43, 2.88, 0.55, 1167.35697
2016-04-11, 3, zhong_du, 10.91, 9.62, 2.23, 9.41, 9.47, 9.71, 9.47, 245191.05, 235768318, 2.15, 2.55, 0.93, 445.59288
2016-04-12, 3, zhong_du, 10.87, 9.82, 2.08, 9.62, 9.65, 9.89, 9.31, 367870.83, 354848336, 3.22, 6.03, 1.42, 603.55401
2016-04-13, 3, zhong_du, 10.82, 10.16, 3.46, 9.82, 9.70, 10.37, 9.69, 620662.59, 624472673, 5.44, 6.92, 2.21, 1070.04499
2016-04-14, 3, zhong_du, 10.80, 10.21, 0.49, 10.16, 10.10, 10.26, 9.93, 339425.77, 342767598, 2.98, 3.25, 1.01, 833.12821
2016-04-15, 4, gao_du, 10.78, 9.99, -2.15, 10.21, 10.17, 10.20, 9.91, 252718.76, 253458996, 2.22, 2.84, 0.73, 327.76403
2016-04-18, 4, gao_du, 10.76, 10.10, 1.10, 9.99, 10.20, 10.52, 10.08, 537412.49, 553364336, 4.71, 4.40, 1.47, 505.06401
2016-04-19, 4, gao_du, 10.73, 9.87, -2.28, 10.10, 9.89, 9.99, 9.72, 326790.17, 321701400, 2.86, 2.67, 0.77, 462.5299
2016-04-20, 4, gao_du, 10.69, 9.09, -7.90, 9.87, 9.83, 9.85, 8.90, 375645.5, 350903981, 3.29, 9.63, 0.90, 549.26205
2016-04-21, 3, zhong_du, 10.66, 8.83, -2.86, 9.09, 8.96, 9.07, 8.80, 171394.71, 153308252, 1.50, 2.97, 0.47, 698.57907
2016-04-22, 3, zhong_du, 10.63, 8.80, -0.34, 8.83, 8.63, 8.81, 8.41, 162032.65, 140118676, 1.42, 4.53, 0.49, 736.19604
2016-04-25, 2, qing_du, 10.60, 8.84, 0.45, 8.80, 8.70, 9.03, 8.48, 177203.2, 153877449, 1.55, 6.25, 0.56, 822.49308
2016-04-26, 2, qing_du, 10.58, 9.00, 1.81, 8.84, 8.80, 9.05, 8.71, 155493, 138067475, 1.36, 3.85, 0.64, 4558.67314
2016-04-27, 2, qing_du, 10.56, 8.92, -0.89, 9.00, 8.90, 9.15, 8.87, 151072.99, 135826181, 1.32, 3.11, 0.73, 1216.44187
2016-04-28, 2, qing_du, 10.54, 8.81, -1.23, 8.92, 8.88, 8.98, 8.63, 122086.29, 107470994, 1.07, 3.92, 0.75, 608.64592
2016-04-29, 2, qing_du, 10.52, 8.68, -1.48, 8.81, 8.77, 8.85, 8.65, 99289.74, 86686808, 0.87, 2.27, 0.65, 2741.87398
2016-05-03, 2, qing_du, 10.50, 8.94, 3.00, 8.68, 8.68, 8.95, 8.60, 154387.44, 136640698, 1.35, 4.03, 1.09, 828.73297
2016-05-04, 2, qing_du, 10.48, 8.93, -0.11, 8.94, 8.90, 9.07, 8.85, 162177.58, 144832781, 1.42, 2.46, 1.19, 400.77496
2016-05-05, 2, qing_du, 10.45, 9.16, 2.58, 8.93, 8.90, 9.26, 8.86, 246843.75, 224157175, 2.16, 4.48, 1.79, 1503.66807
2016-05-06, 2, qing_du, 10.41, 8.60, -6.11, 9.16, 9.25, 9.33, 8.60, 264304.39, 236852726, 2.32, 7.97, 1.68, 2661.82089
2016-05-09, 2, qing_du, 10.38, 8.14, -5.35, 8.60, 8.50, 8.50, 8.06, 170869.61, 140277075, 1.50, 5.12, 0.92, 4323.62604
2016-05-10, 1, wei_ruo, 10.36, 8.15, 0.12, 8.14, 8.11, 8.21, 8.08, 83643.57, 68200136, 0.73, 1.60, 0.42, 2151.09897
2016-05-11, 1, wei_ruo, 10.34, 8.06, -1.10, 8.15, 8.20, 8.24, 8.06, 89110.01, 72656995, 0.78, 2.21, 0.48, 741.31203
2016-05-12, 1, wei_ruo, 10.32, 7.97, -1.12, 8.06, 7.91, 7.98, 7.68, 92292.97, 72589500, 0.81, 3.72, 0.54, 704.62704
2016-05-13, 1, wei_ruo, 10.31, 7.94, -0.38, 7.97, 7.96, 8.07, 7.88, 69669.82, 55547004, 0.61, 2.38, 0.50, 2679.1122
2016-05-16, 1, wei_ruo, 10.29, 8.15, 2.64, 7.94, 7.90, 8.15, 7.90, 85902.79, 69309467, 0.75, 3.15, 0.85, 14580.94716
2016-05-17, 1, wei_ruo, 10.28, 8.11, -0.49, 8.15, 8.11, 8.22, 8.02, 86046.89, 69783278, 0.75, 2.45, 1.02, 1159.84201
2016-05-18, 1, wei_ruo, 10.26, 7.80, -3.82, 8.11, 8.06, 8.06, 7.73, 96294.71, 75693213, 0.84, 4.07, 1.14, 1822.32618
2016-05-19, 1, wei_ruo, 10.23, 7.94, 1.79, 7.80, 7.82, 8.09, 7.82, 112965.59, 90435708, 0.99, 3.46, 1.31, 1829.52785
2016-05-20, 1, wei_ruo, 10.22, 8.03, 1.13, 7.94, 7.83, 8.05, 7.81, 64615.84, 51409435, 0.57, 3.02, 0.72, 2620.09096
2016-05-23, 1, wei_ruo, 10.20, 8.20, 2.12, 8.03, 8.12, 8.29, 8.09, 123596.96, 101323048, 1.08, 2.49, 1.39, 1451.54381
2016-05-24, 1, wei_ruo, 10.18, 8.27, 0.85, 8.20, 8.13, 8.32, 7.97, 117814.58, 95736289, 1.03, 4.27, 1.22, 1042.68289
2016-05-25, 1, wei_ruo, 10.16, 8.14, -1.57, 8.27, 8.28, 8.34, 8.12, 97403.45, 79931145, 0.85, 2.66, 1.01, 4558.34198
2016-05-26, 1, wei_ruo, 10.14, 8.28, 1.72, 8.14, 8.19, 8.30, 7.98, 147447.48, 120669380, 1.29, 3.93, 1.52, 724.73383
2016-05-27, 1, wei_ruo, 10.10, 8.47, 2.29, 8.28, 8.33, 8.59, 8.28, 208539.67, 176797845, 1.83, 3.74, 2.16, 3243.65187
2016-05-30, 1, wei_ruo, 10.09, 8.33, -1.65, 8.47, 8.47, 8.49, 8.15, 121892.93, 101620475, 1.07, 4.01, 1.26, 707.7179
2016-05-31, 1, wei_ruo, 10.06, 8.76, 5.16, 8.33, 8.33, 8.78, 8.33, 217959.27, 187159731, 1.91, 5.40, 2.25, 2594.33317
2016-06-01, 1, wei_ruo, 10.04, 8.67, -1.03, 8.76, 8.78, 8.82, 8.64, 180359.73, 157115473, 1.58, 2.05, 1.87, 1221.88497
2016-06-02, 1, wei_ruo, 10.04, 8.75, 0.92, 8.67, 8.62, 8.75, 8.60, 137531.08, 119501492, 1.21, 1.73, 1.42, 1422.53709
2016-06-03, 1, wei_ruo, 9.99, 8.69, -0.69, 8.75, 8.78, 8.78, 8.62, 148310.39, 129009984, 1.30, 1.83, 1.53, 6057.89304
2016-06-06, 1, wei_ruo, 9.97, 8.88, 2.19, 8.69, 8.70, 9.08, 8.65, 234108.07, 207030685, 2.05, 4.95, 2.42, 3002.39301
2016-06-07, 1, wei_ruo, 9.96, 8.73, -1.69, 8.88, 8.83, 8.85, 8.67, 115532.45, 100926505, 1.01, 2.03, 1.19, 1726.44687
2016-06-08, 1, wei_ruo, 9.94, 8.61, -1.37, 8.73, 8.69, 8.73, 8.50, 120946.24, 103959872, 1.06, 2.63, 1.25, 1678.21288
2016-06-13, 1, wei_ruo, 9.92, 7.92, -8.01, 8.61, 8.50, 8.53, 7.85, 144898.7, 119617693, 1.27, 7.90, 1.50, 2690.43779
2016-06-14, 1, wei_ruo, 9.90, 7.86, -0.76, 7.92, 7.92, 7.99, 7.80, 122982.19, 96996236, 1.08, 2.40, 1.27, 818.21084
2016-06-15, 1, wei_ruo, 9.88, 8.05, 2.42, 7.86, 7.79, 8.20, 7.75, 129767.08, 104259354, 1.14, 5.73, 1.34, 4431.705
2016-06-16, 1, wei_ruo, 9.86, 7.94, -1.37, 8.05, 8.05, 8.13, 7.91, 104131.93, 83352102, 0.91, 2.73, 1.08, 2645.61701
2016-06-17, 1, wei_ruo, 9.84, 8.04, 1.26, 7.94, 8.00, 8.17, 7.98, 109739.94, 88711189, 0.96, 2.39, 1.13, 2853.25313
2016-06-20, 1, wei_ruo, 9.83, 8.04, 1.26, 7.94, 8.00, 8.17, 7.98, 109739.94, 88711189, 0.96, 2.39, 1.13, 1779.78301
2016-06-21, 1, wei_ruo, 9.81, 7.93, -0.75, 7.99, 8.07, 8.12, 7.88, 109164.34, 87293595, 0.96, 3.00, 1.13, 2736.96709
2016-06-22, 1, wei_ruo, 9.80, 8.06, 1.64, 7.93, 7.94, 8.10, 7.89, 88093.31, 70488542, 0.77, 2.65, 0.91, 927.1419
2016-06-23, 1, wei_ruo, 9.78, 8.01, -0.62, 8.06, 8.06, 8.09, 7.92, 87599.31, 70130668, 0.77, 2.11, 0.91, 2891.58797
2016-06-24, 1, wei_ruo, 9.76, 7.84, -2.12, 8.01, 8.01, 8.06, 7.53, 127783.32, 100477967, 1.12, 6.62, 1.32, 2628.51
2016-06-27, 1, wei_ruo, 9.74, 7.98, 1.79, 7.84, 7.71, 8.01, 7.71, 100303.42, 79378930, 0.88, 3.83, 1.05, 850.38018
2016-06-28, 1, wei_ruo, 9.73, 8.08, 1.25, 7.98, 7.93, 8.08, 7.91, 119047.54, 95373128, 1.04, 2.13, 1.23, 2678.46298
2016-06-30, 1, wei_ruo, 9.68, 8.21, 0.86, 8.14, 8.16, 8.25, 8.10, 155527.54, 127111648, 1.36, 1.84, 1.61, 1705.45101
2016-07-01, 1, wei_ruo, 9.67, 8.15, -0.73, 8.21, 8.22, 8.25, 8.13, 94226.87, 77031065, 0.83, 1.46, 0.97, 602.59295
2016-07-04, 1, wei_ruo, 9.65, 8.27, 1.47, 8.15, 8.12, 8.29, 8.10, 149439.33, 122848605, 1.31, 2.33, 1.55, 1095.79492
2016-07-05, 1, wei_ruo, 9.63, 8.35, 0.97, 8.27, 8.30, 8.40, 8.24, 140311.22, 116514316, 1.23, 1.93, 1.45, 2590.26003
2016-07-06, 1, wei_ruo, 9.61, 8.51, 1.92, 8.35, 8.30, 8.76, 8.27, 304005.64, 258859992, 2.66, 5.87, 3.14, 19415.46702
2016-07-07, 1, wei_ruo, 9.58, 8.35, -1.88, 8.51, 8.45, 8.48, 8.27, 209282.36, 174996912, 1.83, 2.47, 2.16, 759.39107
2016-07-08, 1, wei_ruo, 9.57, 8.29, -0.72, 8.35, 8.35, 8.37, 8.24, 110258.68, 91559676, 0.97, 1.56, 1.14, 1214.782
2016-07-11, 1, wei_ruo, 9.56, 8.27, -0.24, 8.29, 8.31, 8.37, 8.25, 110022, 91425495, 0.96, 1.45, 1.14, 3197.01815
2016-07-12, 1, wei_ruo, 9.54, 8.38, 1.33, 8.27, 8.28, 8.38, 8.16, 122587.94, 101658187, 1.07, 2.66, 1.28, 14444.68689
2016-07-13, 1, wei_ruo, 9.52, 8.55, 2.03, 8.38, 8.38, 8.64, 8.34, 245245.45, 208641111, 2.15, 3.58, 2.56, 1257.11203
2016-07-14, 2, qing_du, 9.50, 8.68, 1.52, 8.55, 8.55, 8.83, 8.45, 318708.78, 275394308, 2.79, 4.44, 3.30, 2821.17105
2016-07-15, 2, qing_du, 9.48, 8.57, -1.27, 8.68, 8.60, 8.80, 8.47, 246241.25, 212473455, 2.16, 3.80, 2.55, 748.41309
2016-07-18, 3, zhong_du, 9.47, 8.44, -1.52, 8.57, 8.52, 8.57, 8.36, 126641.45, 106881195, 1.11, 2.45, 1.31, 946.8689
2016-07-19, 3, zhong_du, 9.44, 8.79, 4.15, 8.44, 8.46, 8.85, 8.42, 329490.11, 286299553, 2.89, 5.09, 3.41, 851.99618
2016-07-20, 3, zhong_du, 9.44, 8.67, -1.37, 8.79, 8.70, 8.77, 8.64, 179315.6, 155794051, 1.57, 1.48, 1.87, 580.69491
2016-07-21, 3, zhong_du, 9.42, 8.67, 0.00, 8.67, 8.68, 8.76, 8.61, 145341.91, 126267738, 1.27, 1.73, 1.50, 837.11505
2016-07-22, 3, zhong_du, 9.41, 8.62, -0.58, 8.67, 8.65, 8.84, 8.60, 171868.83, 149850561, 1.51, 2.77, 1.78, 557.8711
2016-07-25, 3, zhong_du, 9.40, 8.68, 0.70, 8.62, 8.60, 8.73, 8.55, 139412.84, 120374923, 1.22, 2.09, 1.44, 18241.38093
2016-07-26, 3, zhong_du, 9.39, 8.88, 2.30, 8.68, 8.68, 8.95, 8.61, 237657.2, 209086974, 2.08, 3.92, 2.46, 2409.32703
2016-07-27, 3, zhong_du, 9.37, 8.30, -6.53, 8.88, 8.86, 8.87, 8.22, 270751.48, 230841345, 2.37, 7.32, 2.80, 2746.41991
2016-07-28, 3, zhong_du, 9.36, 8.32, 0.24, 8.30, 8.26, 8.43, 8.15, 131283.57, 108748145, 1.15, 3.37, 1.36, 16224.17903
2016-07-29, 3, zhong_du, 9.35, 8.14, -2.16, 8.32, 8.28, 8.31, 8.10, 91389.32, 74750354, 0.80, 2.52, 0.95, 14285.0771
2016-08-01, 2, qing_du, 9.34, 8.08, -0.74, 8.14, 8.11, 8.17, 7.95, 91314.6, 73580663, 0.80, 2.70, 0.94, 3555.31001
2016-08-02, 2, qing_du, 9.33, 8.26, 2.23, 8.08, 8.09, 8.26, 8.06, 77292.5, 63033015, 0.68, 2.48, 0.80, 14536.9091
2016-08-03, 2, qing_du, 9.32, 8.16, -1.21, 8.26, 8.24, 8.25, 8.15, 80492.61, 65878490, 0.71, 1.21, 0.85, 4525.66385
2016-08-04, 2, qing_du, 9.31, 8.16, 0.00, 8.16, 8.16, 8.24, 8.10, 76374.73, 62424125, 0.67, 1.72, 0.84, 14361.9709
2016-08-05, 2, qing_du, 9.30, 8.12, -0.49, 8.16, 8.17, 8.29, 8.10, 103082.81, 84368338, 0.90, 2.33, 1.23, 557.652
2016-08-08, 2, qing_du, 9.30, 8.17, 0.62, 8.12, 8.11, 8.19, 8.02, 70599.89, 57317515, 0.62, 2.09, 0.77, 2586.90596
2016-08-09, 2, qing_du, 9.29, 8.30, 1.59, 8.17, 8.16, 8.32, 8.15, 111702.79, 91875297, 0.98, 2.08, 1.37, 18114.39109
2016-08-10, 2, qing_du, 9.28, 8.24, -0.72, 8.30, 8.34, 8.36, 8.20, 96369.13, 79836788, 0.84, 1.93, 1.09, 563.66205
2016-08-11, 2, qing_du, 9.27, 8.10, -1.70, 8.24, 8.22, 8.26, 8.05, 77514.82, 63167857, 0.68, 2.55, 0.85, 2556.66995
2016-08-15, 2, qing_du, 9.25, 8.38, 2.07, 8.21, 8.21, 8.42, 8.16, 166545.66, 138432675, 1.46, 3.17, 1.95, 668.27512
2016-08-16, 2, qing_du, 9.24, 8.38, 0.00, 8.38, 8.36, 8.46, 8.36, 119906.74, 100719321, 1.05, 1.19, 1.15, 645.49613
2016-08-17, 2, qing_du, 9.23, 8.39, 0.12, 8.38, 8.40, 8.44, 8.30, 95426.88, 79922166, 0.84, 1.67, 0.90, 14667.71007
2016-08-18, 2, qing_du, 9.23, 8.41, 0.24, 8.39, 8.39, 8.43, 8.36, 92865.6, 77991234, 0.81, 0.83, 0.88, 14363.45291
2016-08-19, 2, qing_du, 9.22, 8.39, -0.24, 8.41, 8.41, 8.44, 8.33, 71985.06, 60314637, 0.63, 1.31, 0.66, 497.21217
2016-08-22, 2, qing_du, 9.21, 8.23, -1.91, 8.39, 8.35, 8.40, 8.20, 101555.94, 84239026, 0.89, 2.38, 0.93, 480.00193
2016-08-23, 2, qing_du, 9.21, 8.25, 0.24, 8.23, 8.23, 8.33, 8.17, 65662.88, 54162864, 0.58, 1.94, 0.68, 508.98004
2016-08-24, 2, qing_du, 9.20, 8.24, -0.12, 8.25, 8.26, 8.30, 8.21, 65598.54, 54132073, 0.57, 1.09, 0.77, 622.49398
2016-08-25, 1, wei_ruo, 9.19, 8.11, -1.58, 8.24, 8.19, 8.19, 8.02, 91162.15, 73780467, 0.80, 2.06, 1.15, 16075.18792
2016-08-26, 1, wei_ruo, 9.19, 8.11, 0.00, 8.11, 8.08, 8.21, 8.07, 72714.43, 59145590, 0.64, 1.73, 0.92, 440.57202
2016-08-29, 1, wei_ruo, 9.18, 8.12, 0.12, 8.11, 8.11, 8.14, 8.06, 50216.46, 40671235, 0.44, 0.99, 0.63, 842.85593
2016-08-30, 1, wei_ruo, 9.18, 8.11, -0.12, 8.12, 8.13, 8.14, 8.07, 53819.56, 43641779, 0.47, 0.86, 0.78, 440.89103
2016-08-31, 1, wei_ruo, 9.17, 8.11, 0.00, 8.11, 8.12, 8.13, 8.05, 50500.41, 40835414, 0.44, 0.99, 0.76, 500.07606
2016-09-01, 1, wei_ruo, 9.17, 8.07, -0.49, 8.11, 8.12, 8.13, 8.05, 12825.89, 10362637, 0.11, 0.99, 1.10, 607.30195
2016-09-02, 1, wei_ruo, 9.17, 8.01, -0.50, 8.05, 8.01, 8.06, 7.97, 59560.17, 47740251, 0.52, 1.12, 0.94, 4301.32008
2016-09-05, 1, wei_ruo, 9.17, 8.07, -0.49, 8.11, 8.12, 8.13, 8.05, 12825.89, 10362637, 0.11, 0.99, 1.10, 2499.23491
2016-09-06, 1, wei_ruo, 9.17, 8.07, -0.49, 8.11, 8.12, 8.13, 8.05, 12825.89, 10362637, 0.11, 0.99, 1.10, 1622.18499
2016-09-07, 1, wei_ruo, 9.17, 8.07, -0.49, 8.11, 8.12, 8.13, 8.05, 12825.89, 10362637, 0.11, 0.99, 1.10, 2634.78398
2016-09-08, 1, wei_ruo, 9.17, 8.07, -0.49, 8.11, 8.12, 8.13, 8.05, 12825.89, 10362637, 0.11, 0.99, 1.10, 2590.868
2016-09-09, 1, wei_ruo, 9.17, 8.07, -0.49, 8.11, 8.12, 8.13, 8.05, 12825.89, 10362637, 0.11, 0.99, 1.10, 785.30383
2016-09-12, 1, wei_ruo, 9.17, 8.07, -0.49, 8.11, 8.12, 8.13, 8.05, 12825.89, 10362637, 0.11, 0.99, 1.10, 6596.02594
2016-09-13, 1, wei_ruo, 9.17, 8.07, -0.49, 8.11, 8.12, 8.13, 8.05, 12825.89, 10362637, 0.11, 0.99, 1.10, 2608.08492
2016-09-14, 1, wei_ruo, 9.17, 8.07, -0.49, 8.11, 8.12, 8.13, 8.05, 12825.89, 10362637, 0.11, 0.99, 1.10, 2634.24492
2016-09-19, 1, wei_ruo, 9.17, 8.04, 0.75, 7.98, 7.98, 8.05, 7.98, 39064.63, 31326003, 0.34, 0.88, 0.62, 4727.89192
2016-09-20, 1, wei_ruo, 9.17, 8.12, 1.00, 8.04, 8.04, 8.15, 8.01, 64568.45, 52149233, 0.57, 1.74, 1.01, 2561.2762
2016-09-21, 1, wei_ruo, 9.17, 8.05, -0.86, 8.12, 8.09, 8.11, 8.04, 50168.83, 40487690, 0.44, 0.86, 0.79, 2497.61009
2016-09-22, 1, wei_ruo, 9.17, 8.07, 0.25, 8.05, 8.07, 8.12, 8.05, 54187.83, 43803106, 0.47, 0.87, 0.86, 556.69999
2016-09-23, 1, wei_ruo, 9.17, 8.05, -0.25, 8.07, 8.11, 8.11, 8.04, 30247, 24394226, 0.27, 0.87, 0.48, 643.56589
2016-09-26, 1, wei_ruo, 9.17, 8.02, -0.37, 8.05, 8.05, 8.14, 7.99, 78682.48, 63525191, 0.69, 1.86, 1.24, 780.06697
2016-09-27, 1, wei_ruo, 9.17, 8.05, 0.37, 8.02, 8.00, 8.06, 7.96, 56122.6, 44924435, 0.49, 1.25, 0.88, 1432.8599
2016-09-28, 1, wei_ruo, 9.17, 8.10, 0.62, 8.05, 8.10, 8.11, 8.02, 58807.85, 47518469, 0.52, 1.12, 0.92, 662.38904
2016-09-29, 1, wei_ruo, 9.17, 8.11, 0.12, 8.10, 8.10, 8.18, 8.09, 60218.65, 48991918, 0.53, 1.11, 0.95, 1681.09822
2016-09-30, 1, wei_ruo, 9.17, 8.11, 0.00, 8.11, 8.14, 8.17, 8.10, 67735.9, 55016471, 0.59, 0.86, 1.06, 665.81321
2016-10-10, 1, wei_ruo, 9.17, 8.22, 1.36, 8.11, 8.13, 8.23, 8.12, 98062.16, 80238901, 0.86, 1.36, 1.54, 670.50099
2016-10-11, 1, wei_ruo, 9.17, 8.22, 0.00, 8.22, 8.22, 8.23, 8.18, 83832.86, 68766931, 0.73, 0.61, 1.32, 2956.37798
2016-10-12, 1, wei_ruo, 9.17, 8.29, 0.85, 8.22, 8.25, 8.33, 8.22, 166272.61, 137810311, 1.46, 1.34, 2.61, 485.3251
2016-10-13, 2, qing_du, 9.17, 8.29, 0.00, 8.29, 8.32, 8.33, 8.25, 107913.97, 89364305, 0.95, 0.97, 1.69, 5726.45712
2016-10-14, 2, qing_du, 9.02, 8.25, -0.48, 8.29, 8.27, 8.29, 8.16, 94233.39, 77484344, 0.83, 1.57, 1.48, 2522.03798
2016-10-17, 2, qing_du, 9.01, 8.23, -0.24, 8.25, 8.22, 8.27, 8.20, 21382.33, 17596522, 0.19, 0.85, 0.67, 2749.70412
2016-10-18, 2, qing_du, 9.00, 8.29, 1.34, 8.18, 8.17, 8.30, 8.15, 151218.94, 124634735, 1.33, 1.83, 2.37, 514.20712
2016-10-19, 2, qing_du, 8.99, , , , , , , , , , , , 5888.60512
2016-10-20, 2, qing_du, 8.93, 7.80, -6.14, 8.31, 8.03, 8.03, 7.72, 582932.54, 455946828, 5.11, 3.73, 6.38, 2752.63405
2016-10-21, 2, qing_du, 8.91, 7.80, 0.00, 7.80, 7.76, 7.85, 7.65, 233760.19, 181368078, 2.05, 2.56, 1.20, 1895.32185
2016-10-24, 1, wei_ruo, 8.89, 7.78, -0.26, 7.80, 7.75, 7.80, 7.67, 224049.86, 173549597, 1.96, 1.67, 0.96, 745.929
2016-10-25, 1, wei_ruo, 8.87, 7.84, 0.77, 7.78, 7.78, 7.86, 7.76, 152033.39, 118801295, 1.33, 1.29, 0.65, 19201.54691
2016-10-26, 1, wei_ruo, 8.86, 7.80, -0.51, 7.84, 7.82, 7.87, 7.74, 140105.52, 108865747, 1.23, 1.66, 0.60, 4559.196
2016-10-27, 1, wei_ruo, 8.85, 7.80, 0.00, 7.80, 7.76, 7.83, 7.76, 84253.3, 65614020, 0.74, 0.90, 0.36, 745.9712
2016-10-28, 1, wei_ruo, 8.84, 7.71, -1.28, 7.81, 7.84, 7.93, 7.68, 171177.32, 132933927, 1.50, 3.20, 0.73, 4423.522
2016-10-31, 1, wei_ruo, 8.83, 7.66, -0.65, 7.71, 7.68, 7.71, 7.63, 76234.53, 58347315, 0.67, 1.04, 0.33, 641.01005
2016-11-01, 1, wei_ruo, 8.81, 7.70, 0.52, 7.66, 7.66, 7.70, 7.59, 132315.54, 101181495, 1.16, 1.44, 0.56, 492.63477
2016-11-02, 1, wei_ruo, 8.81, 7.61, -1.17, 7.70, 7.67, 7.69, 7.60, 79941.4, 61044199, 0.70, 1.17, 0.34, 727.19693
2016-11-03, 1, wei_ruo, 8.80, 7.64, 0.39, 7.61, 7.60, 7.68, 7.58, 79152.89, 60458916, 0.69, 1.31, 0.34, 901.89099
2016-11-04, 1, wei_ruo, 8.79, 7.65, 0.13, 7.64, 7.64, 7.67, 7.62, 60602.86, 46347611, 0.53, 0.65, 0.26, 446.34199
2016-11-07, 1, wei_ruo, 8.78, 7.67, 0.26, 7.65, 7.65, 7.70, 7.63, 66621.53, 51068900, 0.58, 0.92, 0.28, 625.79417
2016-11-08, 1, wei_ruo, 8.78, 7.70, 0.39, 7.67, 7.68, 7.71, 7.66, 73610.34, 56567406, 0.65, 0.65, 0.32, 415.34591
2016-11-09, 1, wei_ruo, 8.77, 7.66, -0.52, 7.70, 7.69, 7.72, 7.59, 92486.39, 70795932, 0.81, 1.69, 0.39, 585.87098
2016-11-10, 1, wei_ruo, 8.75, 7.76, 1.31, 7.66, 7.67, 7.78, 7.67, 174217.48, 134504827, 1.53, 1.44, 0.75, 892.41099
2016-11-11, 1, wei_ruo, 8.74, 7.82, 0.77, 7.76, 7.76, 7.84, 7.72, 189781.29, 147609936, 1.66, 1.55, 0.81, 813.10701
2016-11-14, 1, wei_ruo, 8.72, 7.82, 0.00, 7.82, 7.80, 7.85, 7.77, 140465.48, 109812100, 1.23, 1.02, 0.60, 567.065
2016-11-15, 1, wei_ruo, 8.72, 7.81, -0.13, 7.82, 7.81, 7.84, 7.80, 42011.82, 32821603, 0.37, 0.51, 0.36, 548.02394
2016-11-16, 1, wei_ruo, 8.71, 7.83, -0.13, 7.84, 7.86, 7.86, 7.81, 51352.28, 40214038, 0.45, 0.64, 0.44, 451.47395
2016-11-17, 1, wei_ruo, 8.70, 7.81, -0.13, 7.82, 7.81, 7.84, 7.80, 42011.82, 32821603, 0.37, 0.51, 0.36, 2575.37508
2016-11-18, 1, wei_ruo, 8.70, 7.81, -0.13, 7.82, 7.81, 7.84, 7.80, 42011.82, 32821603, 0.37, 0.51, 0.36, 624.52698
2016-11-21, 1, wei_ruo, 8.69, 7.74, -0.13, 7.75, 7.74, 7.78, 7.72, 54464, 42179854, 0.48, 0.77, 0.23, 898.91601
2016-11-22, 1, wei_ruo, 8.68, 7.87, 1.68, 7.74, 7.75, 7.97, 7.73, 237750.8, 186709299, 2.08, 3.10, 1.01, 10967.73911
2016-11-23, 1, wei_ruo, 8.67, 7.86, -0.13, 7.87, 7.85, 7.93, 7.82, 135658.35, 106842812, 1.19, 1.40, 0.58, 509.02891
2016-11-24, 1, wei_ruo, 8.66, 7.80, -0.76, 7.86, 7.84, 7.88, 7.77, 100626.49, 78853476, 0.88, 1.40, 0.43, 654.89006
2016-11-25, 1, wei_ruo, 8.65, 7.85, 0.77, 7.79, 7.79, 7.95, 7.77, 110861.05, 86835679, 0.97, 2.31, 0.47, 631.83212
2016-11-28, 1, wei_ruo, 8.64, 7.85, 0.00, 7.85, 7.87, 7.91, 7.84, 89477.6, 70349680, 0.78, 0.89, 0.38, 943.66622
2016-11-29, 1, wei_ruo, 8.64, 7.74, -1.40, 7.85, 7.85, 7.86, 7.74, 84845.1, 66099235, 0.74, 1.53, 0.36, 394.70577
2016-11-30, 1, wei_ruo, 8.63, 7.70, -0.52, 7.74, 7.74, 7.74, 7.67, 70968.95, 54695723, 0.62, 0.90, 0.30, 477.05197
2016-12-01, 1, wei_ruo, 8.63, 7.74, 0.52, 7.70, 7.69, 7.78, 7.68, 69241.66, 53510630, 0.61, 1.30, 0.29, 647.03798
2016-12-02, 1, wei_ruo, 8.62, 7.64, -1.29, 7.74, 7.73, 7.76, 7.63, 113070.5, 87204004, 0.99, 1.68, 0.48, 1215.02399
2016-12-05, 1, wei_ruo, 8.61, 7.62, -0.26, 7.64, 7.61, 7.67, 7.58, 66129.39, 50408757, 0.58, 1.18, 0.28, 709.84101
2016-12-06, 1, wei_ruo, 8.61, 7.66, 0.52, 7.62, 7.62, 7.69, 7.61, 39204.64, 30032137, 0.34, 1.05, 0.17, 729.84195
2016-12-07, 1, wei_ruo, 8.60, 7.80, 1.83, 7.66, 7.64, 7.81, 7.64, 85776.57, 66439742, 0.75, 2.22, 0.37, 480.64089
2016-12-08, 1, wei_ruo, 8.60, 7.79, -0.13, 7.80, 7.80, 7.83, 7.75, 68502.32, 53399581, 0.60, 1.03, 0.29, 546.69881
2016-12-09, 1, wei_ruo, 8.58, 8.02, 2.95, 7.79, 7.79, 8.16, 7.75, 225082, 178167900, 1.97, 5.26, 0.96, 566.29992
2016-12-12, 1, wei_ruo, 8.57, 7.62, -4.99, 8.02, 7.88, 7.92, 7.58, 216999.09, 167928143, 1.90, 4.24, 0.92, 754.26888
2016-12-13, 1, wei_ruo, 8.56, 7.64, 0.26, 7.62, 7.58, 7.67, 7.56, 85196.89, 64819924, 0.75, 1.44, 0.36, 774.87588
2016-12-14, 1, wei_ruo, 8.56, 7.66, 0.26, 7.64, 7.64, 7.74, 7.59, 70232, 53693165, 0.62, 1.96, 0.30, 571.90514
2016-12-15, 1, wei_ruo, 8.54, 7.96, 3.92, 7.66, 7.91, 8.08, 7.78, 333465.34, 264165205, 2.92, 3.92, 1.42, 567.39497
2016-12-16, 1, wei_ruo, 8.53, 7.89, -0.88, 7.96, 7.93, 7.95, 7.81, 130998.55, 103263649, 1.15, 1.76, 0.56, 508.43501
2016-12-19, 1, wei_ruo, 8.52, 7.99, 1.27, 7.89, 7.83, 8.04, 7.81, 181607.99, 144471379, 1.59, 2.92, 0.77, 633.19302
2016-12-20, 1, wei_ruo, 8.51, 7.88, -1.38, 7.99, 7.97, 8.02, 7.83, 113962.63, 90093615, 1.00, 2.38, 0.49, 598.65284
2016-12-21, 2, qing_du, 8.51, 8.05, 2.16, 7.88, 7.86, 8.05, 7.86, 183328.3, 146402295, 1.61, 2.41, 0.78, 528.373
2016-12-22, 2, qing_du, 8.50, 8.04, -0.12, 8.05, 8.07, 8.15, 7.95, 158818.31, 127928110, 1.39, 2.48, 0.68, 490.01193
2016-12-23, 2, qing_du, 8.49, 7.87, -2.11, 8.04, 8.01, 8.03, 7.86, 118612.75, 93843675, 1.04, 2.11, 0.51, 421.62418
2016-12-26, 3, zhong_du, 8.49, 7.94, 0.89, 7.87, 7.83, 7.97, 7.81, 78979.74, 62353462, 0.69, 2.03, 0.34, 622.87092
2016-12-27, 2, qing_du, 8.49, 7.90, -0.50, 7.94, 7.90, 7.98, 7.89, 66748.4, 52962330, 0.59, 1.13, 0.28, 527.64893
2016-12-28, 2, qing_du, 8.48, 7.88, -0.25, 7.90, 7.91, 7.95, 7.87, 59713.89, 47190060, 0.52, 1.01, 0.25, 558.45785
2016-12-30, 2, qing_du, 8.48, 7.88, -0.13, 7.89, 7.91, 7.94, 7.86, 51388.68, 40553937, 0.45, 1.01, 0.22, 579.58508
2017-01-03, 2, qing_du, 8.47, 7.88, -0.13, 7.89, 7.91, 7.94, 7.86, 51388.68, 40553937, 0.45, 1.01, 0.22, 2551.71299
2017-01-04, 2, qing_du, 8.46, 7.78, -1.39, 7.89, 7.92, 7.92, 7.73, 145345.79, 113280488, 1.27, 2.41, 0.62, 618.34002
2017-01-05, 2, qing_du, 8.46, 7.78, 0.00, 7.78, 7.77, 7.81, 7.75, 83153.46, 64682940, 0.73, 0.77, 0.35, 574.75019
2017-01-06, 1, wei_ruo, 8.46, 7.74, -0.51, 7.78, 7.78, 7.80, 7.73, 67552.52, 52411374, 0.59, 0.90, 0.29, 3794.30604
2017-01-09, 1, wei_ruo, 8.45, 7.77, 0.39, 7.74, 7.74, 7.77, 7.68, 59727.9, 46166737, 0.52, 1.16, 0.25, 623.40617
2017-01-10, 1, wei_ruo, 8.45, 7.70, -0.90, 7.77, 7.74, 7.79, 7.68, 59808.64, 46356900, 0.52, 1.42, 0.25, 467.49806
2017-01-11, 1, wei_ruo, 8.44, 7.65, -0.65, 7.70, 7.70, 7.75, 7.65, 44712.15, 34362051, 0.39, 1.30, 0.19, 659.78003
2017-01-13, 1, wei_ruo, 8.43, 7.78, 0.13, 7.77, 7.74, 7.78, 7.74, 22931.86, 17808452, 0.20, 0.51, 0.20, 779.17504
2017-01-16, 1, wei_ruo, 8.41, 6.58, -7.19, 7.09, 7.08, 7.13, 6.40, 131275.89, 89068534, 1.15, 10.30, 0.56, 2595.46089
2017-01-17, 1, wei_ruo, 8.39, 6.70, 1.82, 6.58, 6.56, 6.76, 6.54, 89088.99, 59116546, 0.78, 3.34, 0.38, 60603.26219
2017-01-18, 1, wei_ruo, 8.39, 6.70, 0.00, 6.70, 6.65, 6.73, 6.65, 42162.68, 28211027, 0.37, 1.19, 0.18, 2748.41285
2017-02-07, 1, wei_ruo, 8.34, 6.99, 0.43, 6.96, 7.00, 7.15, 6.98, 52761.3, 37084725, 0.46, 2.44, 0.52, 749.45712
2017-02-08, 1, wei_ruo, 8.33, 7.03, 1.01, 6.96, 7.00, 7.15, 6.98, 70800.85, 49746441, 0.62, 2.44, 0.30, 182795.03012
2017-02-09, 1, wei_ruo, 8.33, 7.03, 0.00, 7.03, 7.02, 7.06, 7.00, 51792.33, 36388401, 0.45, 0.85, 0.22, 552.02007
2017-02-10, 1, wei_ruo, 8.32, 7.04, 0.14, 7.03, 7.04, 7.09, 7.02, 36283.25, 25563158, 0.32, 1.00, 0.15, 2751.98603
2017-02-13, 1, wei_ruo, 8.31, 7.17, 1.85, 7.04, 7.03, 7.23, 7.03, 89798.59, 64240724, 0.79, 2.84, 0.38, 4743.43896
2017-02-14, 1, wei_ruo, 8.31, 7.13, -0.56, 7.17, 7.15, 7.21, 7.10, 28449.46, 20304665, 0.25, 1.53, 0.12, 677.0761
2017-02-15, 1, wei_ruo, 8.31, 7.04, -1.26, 7.13, 7.12, 7.15, 7.01, 44627.64, 31618148, 0.39, 1.96, 0.19, 4666.20898
2017-02-16, 1, wei_ruo, 8.30, 7.13, 1.28, 7.04, 7.03, 7.15, 7.03, 48177.62, 34178747, 0.42, 1.70, 0.21, 921.67807
2017-02-17, 1, wei_ruo, 8.30, 7.11, -0.28, 7.13, 7.10, 7.14, 7.06, 44393.47, 31510532, 0.39, 1.12, 0.19, 638.37194
2017-02-20, 1, wei_ruo, 8.29, 7.11, -0.28, 7.13, 7.10, 7.14, 7.06, 44393.47, 31510532, 0.39, 1.12, 0.19, 672.59192
2017-02-21, 1, wei_ruo, 8.28, 7.23, -0.28, 7.25, 7.25, 7.28, 7.16, 62527.75, 45095185, 0.55, 1.66, 0.27, 862.90097
2017-02-22, 1, wei_ruo, 8.28, 7.22, -0.14, 7.23, 7.22, 7.22, 7.16, 43413.07, 31242883, 0.38, 0.83, 0.18, 4761.74903
2017-02-23, 1, wei_ruo, 8.27, 7.20, -0.28, 7.22, 7.20, 7.22, 7.16, 38348.51, 27543632, 0.34, 0.83, 0.16, 4631.81114
2017-02-24, 1, wei_ruo, 8.27, 7.22, 0.28, 7.20, 7.19, 7.26, 7.19, 41092.62, 29682398, 0.36, 0.97, 0.17, 1376.66512
2017-02-27, 1, wei_ruo, 8.27, 7.23, 0.42, 7.20, 7.19, 7.26, 7.19, 13789.94, 9967243, 0.12, 0.97, 0.32, 875.07105
2017-02-28, 1, wei_ruo, 8.26, 7.27, 1.39, 7.17, 7.22, 7.30, 7.18, 54061.88, 39139399, 0.47, 1.67, 0.23, 744.41695
2017-03-01, 1, wei_ruo, 8.26, 7.23, -0.55, 7.27, 7.25, 7.29, 7.21, 53219.32, 38609685, 0.47, 1.10, 0.23, 735.14891
2017-03-02, 2, qing_du, 8.25, 7.22, -0.14, 7.23, 7.28, 7.29, 7.22, 50897.69, 36896652, 0.45, 0.97, 0.22, 875.39411
2017-03-03, 2, qing_du, 8.25, 7.18, -0.55, 7.22, 7.22, 7.24, 7.14, 37248.64, 26732367, 0.33, 1.39, 0.16, 4734.53593
2017-03-06, 2, qing_du, 8.24, 7.32, 1.95, 7.18, 7.17, 7.35, 7.14, 69996.59, 50693459, 0.61, 2.92, 0.30, 4463.27496
2017-03-07, 2, qing_du, 8.24, 7.31, -0.95, 7.38, 7.34, 7.38, 7.29, 31226.17, 22892382, 0.27, 1.22, 0.30, 4395.046
2017-03-08, 2, qing_du, 8.23, 7.32, -0.81, 7.38, 7.34, 7.38, 7.29, 57567.87, 42174927, 0.50, 1.22, 0.25, 721.58694
2017-03-09, 3, zhong_du, 8.23, 7.24, -1.09, 7.32, 7.32, 7.34, 7.20, 38075.94, 27604556, 0.33, 1.91, 0.16, 2843.63794
2017-03-10, 3, zhong_du, 8.23, 7.22, -0.28, 7.24, 7.24, 7.26, 7.19, 25091.81, 18114413, 0.22, 0.97, 0.11, 565.68193
2017-03-13, 3, zhong_du, 8.22, 7.20, -0.28, 7.22, 7.19, 7.23, 7.09, 26044.81, 18692818, 0.23, 1.94, 0.11, 695.79792
2017-03-14, 3, zhong_du, 8.22, 7.19, -0.14, 7.20, 7.20, 7.22, 7.18, 22377.63, 16112953, 0.20, 0.56, 0.10, 2782.95517
2017-03-15, 3, zhong_du, 8.22, 7.19, 0.00, 7.19, 7.19, 7.19, 7.13, 22042.19, 15787671, 0.19, 0.83, 0.09, 2589.12706
2017-03-16, 3, zhong_du, 8.22, 7.23, 0.56, 7.19, 7.20, 7.25, 7.19, 50630.76, 36554304, 0.44, 0.83, 0.22, 622.81704
2017-03-17, 4, gao_du, 8.21, 7.37, 1.94, 7.23, 7.23, 7.42, 7.21, 120651.56, 88407628, 1.06, 2.90, 0.51, 2619.30585
2017-03-20, 4, gao_du, 8.20, 7.36, -0.14, 7.37, 7.41, 7.41, 7.32, 54606.17, 40187164, 0.48, 1.22, 0.23, 637.35294
2017-03-21, 5, qiang_lie, 8.20, 7.34, -0.27, 7.36, 7.36, 7.39, 7.27, 35408.7, 25939202, 0.31, 1.63, 0.15, 613.52205
2017-03-22, 5, qiang_lie, 8.20, 7.36, 0.27, 7.34, 7.30, 7.38, 7.27, 53392.88, 39177922, 0.47, 1.50, 0.23, 603.64485
2017-03-23, 5, qiang_lie, 8.19, 7.38, 0.27, 7.36, 7.34, 7.50, 7.32, 64609.65, 47863909, 0.57, 2.45, 0.28, 626.60599
2017-03-24, 5, qiang_lie, 8.19, 7.53, 2.03, 7.38, 7.38, 7.58, 7.32, 101811.82, 76453585, 0.89, 3.52, 0.43, 557.76381
2017-03-27, 5, qiang_lie, 8.18, 7.53, 0.00, 7.53, 7.54, 7.55, 7.39, 60336.22, 45086417, 0.53, 2.12, 0.26, 663.41496
2017-03-28, 5, qiang_lie, 8.18, 7.48, -0.66, 7.53, 7.50, 7.52, 7.45, 23519.81, 17605845, 0.21, 0.93, 0.10, 678.36308
2017-03-29, 5, qiang_lie, 8.18, 7.48, 0.00, 7.48, 7.46, 7.51, 7.41, 34715.49, 25916998, 0.30, 1.34, 0.15, 634.0661
2017-03-30, 5, qiang_lie, 8.17, 7.15, -4.41, 7.48, 7.48, 7.48, 7.15, 69324.47, 50643054, 0.61, 4.41, 0.30, 628.43394
2017-03-31, 4, gao_du, 8.17, 7.30, 2.10, 7.15, 7.18, 7.30, 7.17, 29097.4, 21093254, 0.26, 1.82, 0.12, 591.38608
2017-04-05, 3, zhong_du, 8.16, 7.09, -2.88, 7.30, 7.19, 7.25, 7.00, 125072.77, 88753945, 1.10, 3.42, 0.53, 593.32204
2017-04-06, 2, qing_du, 8.15, 7.13, 0.56, 7.09, 7.05, 7.18, 7.00, 82584.74, 58466834, 0.72, 2.54, 0.35, 2603.23
2017-04-07, 2, qing_du, 8.15, 7.07, -0.84, 7.13, 7.10, 7.12, 7.02, 64848.23, 45854088, 0.57, 1.40, 0.28, 637.07304
2017-04-10, 1, wei_ruo, 8.14, 7.07, 0.00, 7.07, 7.07, 7.11, 7.01, 43120.14, 30453999, 0.38, 1.41, 0.18, 644.72294
2017-04-11, 1, wei_ruo, 8.13, 7.10, 0.42, 7.07, 7.05, 7.16, 6.94, 78704.46, 55395999, 0.69, 3.11, 0.34, 592.87095
2017-04-12, 1, wei_ruo, 8.12, 7.34, 3.38, 7.10, 7.20, 7.64, 7.17, 174699.23, 129369972, 1.53, 6.62, 0.74, 703.4831
2017-04-13, 2, qing_du, 8.12, 7.28, -0.82, 7.34, 7.28, 7.33, 7.16, 92674.35, 67095432, 0.81, 2.32, 0.39, 586.99918
2017-04-14, 2, qing_du, 8.11, 7.10, -2.47, 7.28, 7.26, 7.26, 7.10, 53960.6, 38637435, 0.47, 2.20, 0.23, 651.60108
2017-04-17, 2, qing_du, 8.10, 7.02, -1.13, 7.10, 7.06, 7.07, 6.78, 87690.42, 60951185, 0.77, 4.08, 0.37, 673.2831
2017-04-18, 2, qing_du, 8.10, 6.88, -1.99, 7.02, 7.02, 7.03, 6.87, 27932.53, 19428328, 0.24, 2.28, 0.12, 607.198
2017-04-19, 1, wei_ruo, 8.09, 6.82, -0.87, 6.88, 6.88, 7.03, 6.70, 46705.21, 31800897, 0.41, 4.80, 0.20, 733.67691
2017-04-20, 1, wei_ruo, 8.09, 6.82, 0.00, 6.82, 6.82, 6.83, 6.70, 28183.1, 19087915, 0.25, 1.91, 0.12, 651.44992
2017-04-21, 1, wei_ruo, 8.09, 6.88, 0.88, 6.82, 6.82, 6.92, 6.79, 21850.68, 14985842, 0.19, 1.91, 0.09, 519.37199
2017-04-24, 1, wei_ruo, 8.09, 6.73, -2.18, 6.88, 6.87, 6.87, 6.65, 27441.36, 18439411, 0.24, 3.20, 0.12, 684.03101
2017-04-25, 1, wei_ruo, 8.08, 6.70, -0.45, 6.73, 6.72, 6.78, 6.70, 33105.4, 22335893, 0.29, 1.19, 0.14, 789.08205
2017-04-26, 1, wei_ruo, 8.08, 6.55, -2.24, 6.70, 6.67, 6.75, 6.54, 37726.8, 24983939, 0.33, 3.13, 0.16, 859.08985
2017-04-27, 1, wei_ruo, 8.07, 6.61, 0.92, 6.55, 6.57, 6.64, 6.38, 37952.83, 24708191, 0.33, 3.97, 0.16, 696.1782
2017-04-28, 1, wei_ruo, 8.07, 6.60, -0.15, 6.61, 6.63, 6.64, 6.51, 19355.57, 12768652, 0.17, 1.97, 0.08, 680.0549
2017-05-02, 1, wei_ruo, 8.07, 6.58, -0.30, 6.60, 6.61, 6.64, 6.50, 26166.45, 17179974, 0.23, 2.12, 0.11, 700.22011
2017-05-03, 1, wei_ruo, 8.06, 6.60, 0.30, 6.58, 6.58, 6.67, 6.52, 21168.39, 13969782, 0.19, 2.28, 0.09, 748.18397
2017-05-04, 1, wei_ruo, 8.06, 6.63, 0.45, 6.60, 6.62, 6.66, 6.54, 23650.11, 15633265, 0.21, 1.82, 0.10, 638.23009
2017-05-05, 1, wei_ruo, 8.06, 6.53, -1.51, 6.63, 6.63, 6.63, 6.52, 22687.69, 14865486, 0.20, 1.66, 0.10, 706.46
2017-05-11, 1, wei_ruo, 8.02, 5.82, -5.06, 6.13, 6.12, 6.33, 5.74, 107811.44, 63477234, 0.94, 9.62, 0.46, 626.019
2017-05-12, 1, wei_ruo, 8.00, 5.61, -3.61, 5.82, 5.81, 5.84, 5.57, 119335.72, 67355380, 1.05, 4.64, 0.51, 671.58794
2017-05-15, 1, wei_ruo, 7.99, 5.62, 0.18, 5.61, 5.61, 5.67, 5.58, 42908.95, 24145493, 0.38, 1.60, 0.18, 1036.04484
2017-05-17, 1, wei_ruo, 7.96, 5.70, 0.18, 5.69, 5.67, 5.76, 5.65, 68498.97, 39208850, 0.60, 1.93, 0.29, 622.77007
2017-05-18, 1, wei_ruo, 7.95, 5.68, -0.35, 5.70, 5.67, 5.75, 5.64, 37189.01, 21134757, 0.33, 1.93, 0.16, 614.82596
2017-05-19, 1, wei_ruo, 7.94, 5.70, 0.35, 5.68, 5.67, 5.73, 5.66, 42010.05, 23900124, 0.37, 1.23, 0.18, 693.80498
2017-05-22, 1, wei_ruo, 7.93, 5.47, -4.04, 5.70, 5.68, 5.71, 5.44, 55859.14, 31153920, 0.49, 4.74, 0.24, 545.97306
2017-05-23, 1, wei_ruo, 7.92, 5.10, -6.76, 5.47, 5.53, 5.53, 5.10, 57614.43, 30595275, 0.51, 7.86, 0.25, 1083.29701
2017-05-24, 1, wei_ruo, 7.90, 5.19, 1.76, 5.10, 5.11, 5.21, 4.97, 65368.58, 33257376, 0.57, 4.71, 0.28, 673.55108
2017-05-25, 1, wei_ruo, 7.89, 5.23, 0.77, 5.19, 5.17, 5.28, 5.01, 49520.67, 25521610, 0.43, 5.20, 0.21, 743.39509
2017-05-26, 1, wei_ruo, 7.88, 5.22, -0.19, 5.23, 5.19, 5.25, 5.16, 32052.01, 16719819, 0.28, 1.72, 0.14, 1089.24103
2017-05-31, 1, wei_ruo, 7.87, 5.27, 0.96, 5.22, 5.29, 5.33, 5.27, 35257.79, 18705028, 0.31, 1.15, 0.15, 718.75286
2017-06-01, 1, wei_ruo, 7.86, 5.14, -2.47, 5.27, 5.29, 5.29, 5.10, 36431.88, 18979670, 0.32, 3.61, 0.16, 3498.54898
2017-06-02, 1, wei_ruo, 7.85, 5.27, 2.53, 5.14, 5.08, 5.33, 5.07, 45045.44, 23479811, 0.39, 5.06, 0.19, 4703.80902
2017-06-05, 1, wei_ruo, 7.84, 5.30, 0.57, 5.27, 5.27, 5.39, 5.25, 46760.6, 24918379, 0.41, 2.66, 0.20, 655.09105
2017-06-06, 1, wei_ruo, 7.83, 5.39, 1.70, 5.30, 5.31, 5.50, 5.28, 45424.36, 24491830, 0.40, 4.15, 0.19, 594.55299
2017-06-07, 1, wei_ruo, 7.82, 5.46, 1.30, 5.39, 5.41, 5.50, 5.38, 60948.2, 33206564, 0.53, 2.23, 0.26, 599.81894
2017-06-08, 1, wei_ruo, 7.81, 5.45, -0.18, 5.46, 5.46, 5.49, 5.42, 36849.83, 20092779, 0.32, 1.28, 0.16, 122527.72617
2017-06-09, 1, wei_ruo, 7.80, 5.39, -1.10, 5.45, 5.45, 5.45, 5.33, 52604.57, 28260757, 0.46, 2.20, 0.22, 849.22695
2017-06-12, 1, wei_ruo, 7.79, 5.23, -2.97, 5.39, 5.35, 5.37, 5.20, 41029.33, 21715395, 0.36, 3.15, 0.17, 30702.96502
2017-06-13, 1, wei_ruo, 7.79, 5.36, 2.49, 5.23, 5.23, 5.38, 5.21, 28967.16, 15397235, 0.25, 3.25, 0.12, 3142.77983
2017-06-14, 1, wei_ruo, 7.78, 5.38, 0.37, 5.36, 5.36, 5.42, 5.33, 26369.18, 14160877, 0.23, 1.68, 0.11, 924.14689
2017-06-15, 1, wei_ruo, 7.77, 5.48, 1.86, 5.38, 5.35, 5.50, 5.34, 45034.23, 24579606, 0.39, 2.97, 0.19, 589.43295
2017-06-16, 1, wei_ruo, 7.76, 5.47, -0.18, 5.48, 5.46, 5.50, 5.40, 38198.96, 20784949, 0.33, 1.82, 0.16, 674.42608
2017-06-19, 1, wei_ruo, 7.76, 5.50, 0.55, 5.47, 5.49, 5.51, 5.43, 40332.24, 22075204, 0.35, 1.46, 0.17, 768.27288
2017-06-20, 1, wei_ruo, 7.74, 5.54, 0.73, 5.50, 5.50, 5.61, 5.48, 60470.03, 33553147, 0.53, 2.36, 0.26, 595.75009
2017-06-21, 1, wei_ruo, 7.74, 5.48, -1.08, 5.54, 5.53, 5.55, 5.43, 41107.13, 22513756, 0.36, 2.17, 0.18, 1151.3629
2017-06-22, 1, wei_ruo, 7.73, 5.44, -0.73, 5.48, 5.47, 5.55, 5.38, 42443.34, 23190331, 0.37, 3.10, 0.18, 787.07194
2017-06-23, 1, wei_ruo, 7.72, 5.39, -0.92, 5.44, 5.41, 5.47, 5.27, 42210.66, 22587243, 0.37, 3.68, 0.18, 762.15982
2017-06-26, 1, wei_ruo, 7.71, 5.43, 0.74, 5.39, 5.36, 5.43, 5.34, 31250.34, 16829143, 0.27, 1.67, 0.13, 603.87802
2017-06-27, 1, wei_ruo, 7.71, 5.43, 0.00, 5.43, 5.41, 5.46, 5.39, 33666.93, 18280058, 0.30, 1.29, 0.14, 675.26603
2017-06-28, 1, wei_ruo, 7.70, 5.38, -0.92, 5.43, 5.42, 5.45, 5.37, 22373.45, 12080501, 0.20, 1.47, 0.10, 1314.86702
2017-06-29, 1, wei_ruo, 7.70, 5.38, 0.00, 5.38, 5.40, 5.44, 5.37, 24936.54, 13449864, 0.22, 1.30, 0.11, 3584.46598
2017-06-30, 1, wei_ruo, 7.69, 5.41, 0.56, 5.38, 5.35, 5.41, 5.34, 21432.87, 11513416, 0.19, 1.30, 0.09, 716.71009
2017-07-03, 1, wei_ruo, 7.69, 5.46, 0.92, 5.41, 5.41, 5.46, 5.38, 30477, 16522200, 0.27, 1.48, 0.13, 626.472
2017-07-04, 1, wei_ruo, 7.68, 5.44, -0.37, 5.46, 5.47, 5.48, 5.40, 22770.47, 12361964, 0.20, 1.47, 0.10, 638.50904
2017-07-05, 1, wei_ruo, 7.67, 5.47, 0.55, 5.44, 5.45, 5.47, 5.40, 35920, 19533649, 0.31, 1.29, 0.15, 759.08017
2017-07-06, 1, wei_ruo, 7.67, 5.45, -0.37, 5.47, 5.45, 5.47, 5.41, 33124.7, 18039208, 0.29, 1.10, 0.14, 639.14704
2017-07-07, 1, wei_ruo, 7.66, 5.47, 0.37, 5.45, 5.42, 5.47, 5.39, 32808, 17842851, 0.29, 1.47, 0.14, 695.05882
2017-07-10, 2, qing_du, 7.65, 5.48, 0.18, 5.47, 5.47, 5.49, 5.42, 38070.18, 20820854, 0.33, 1.28, 0.16, 620.08119
2017-07-11, 2, qing_du, 7.65, 5.39, -1.64, 5.48, 5.48, 5.50, 5.36, 41956.18, 22797087, 0.37, 2.55, 0.18, 538.92708
2017-07-12, 2, qing_du, 7.64, 5.34, -0.93, 5.39, 5.42, 5.42, 5.27, 28683.27, 15289823, 0.25, 2.78, 0.12, 661.43584
2017-07-13, 2, qing_du, 7.64, 5.33, -0.19, 5.34, 5.33, 5.36, 5.31, 22163.25, 11820478, 0.19, 0.94, 0.09, 748.53301
2017-07-14, 2, qing_du, --, 5.34, 0.19, 5.33, 5.33, 5.36, 5.29, 26015.55, 13855912, 0.23, 1.31, 0.11, 628.4759
2017-07-17, 1, wei_ruo, --, 5.00, -6.37, 5.34, 5.33, 5.33, 4.99, 72850.75, 37157910, 0.64, 6.37, 0.31, 2645.56479
2017-07-18, 1, wei_ruo, 7.61, 5.05, 1.00, 5.00, 4.97, 5.06, 4.92, 34523.42, 17229568, 0.30, 2.80, 0.15, 2586.7908
2017-07-19, 1, wei_ruo, --, 5.10, 0.99, 5.05, 5.03, 5.11, 4.99, 43703.74, 22028083, 0.38, 2.38, 0.19, 2851.28999
2017-07-20, 1, wei_ruo, --, 5.10, 0.00, 5.10, 5.10, 5.15, 5.07, 34390.95, 17560321, 0.30, 1.57, 0.15, 519.40203
2017-07-21, 1, wei_ruo, --, 5.09, -0.20, 5.10, 5.10, 5.12, 5.07, 24197.19, 12343530, 0.21, 0.98, 0.10, 522.40396
2017-07-24, 1, wei_ruo, 7.57, 5.15, 1.18, 5.09, 5.10, 5.16, 5.06, 41341.78, 21173474, 0.36, 1.96, 0.18, 734.86304
2017-07-25, 1, wei_ruo, --, 5.12, -0.58, 5.15, 5.15, 5.16, 5.04, 33175.85, 16958627, 0.29, 2.33, 0.14, 821.29717
2017-07-26, 1, wei_ruo, --, 5.10, -0.39, 5.12, 5.13, 5.14, 5.08, 19100.82, 9740569, 0.17, 1.17, 0.08, 3896.75498
2017-07-27, 1, wei_ruo, 7.55, 5.25, 2.94, 5.10, 5.11, 5.27, 5.08, 57602.24, 29989139, 0.50, 3.73, 0.25, 806.16498
2017-07-28, 1, wei_ruo, 7.55, 5.23, -0.38, 5.25, 5.23, 5.30, 5.21, 30313.51, 15890013, 0.27, 1.71, 0.13, 728.52612
2017-07-31, 1, wei_ruo, 7.54, 5.25, 0.38, 5.23, 5.23, 5.26, 5.16, 21554.52, 11266861, 0.19, 1.91, 0.09, 665.29393
2017-08-01, 1, wei_ruo, 7.53, 5.31, 1.14, 5.25, 5.25, 5.33, 5.24, 44450.87, 23483479, 0.39, 1.71, 0.19, 1407.01294
2017-08-02, 2, qing_du, 7.53, 5.24, -1.32, 5.31, 5.30, 5.30, 5.23, 32668.1, 17190333, 0.29, 1.32, 0.14, 2776.90697
2017-08-03, 2, qing_du, 7.52, 5.27, 0.57, 5.24, 5.23, 5.33, 5.20, 25885.88, 13665702, 0.23, 2.48, 0.11, 718.1139
2017-08-04, 2, qing_du, 7.50, 5.43, 3.04, 5.27, 5.29, 5.70, 5.23, 125976, 69058893, 1.10, 8.92, 0.54, 729.31814
2017-08-07, 2, qing_du, 7.49, 5.39, -0.74, 5.43, 5.39, 5.44, 5.31, 59090.87, 31805487, 0.52, 2.39, 0.25, 743.28995
2017-08-09, 3, zhong_du, 7.47, 5.48, 1.67, 5.39, 5.39, 5.60, 5.38, 70976.21, 39047958, 0.62, 4.08, 0.30, 668.77198
2017-08-10, 3, zhong_du, 7.46, 5.42, -1.09, 5.48, 5.44, 5.48, 5.38, 37389.75, 20276114, 0.33, 1.82, 0.16, 787.36591
2017-08-11, 3, zhong_du, 7.45, 5.27, -2.77, 5.42, 5.40, 5.40, 5.26, 35127, 18740548, 0.31, 2.58, 0.15, 625.34904
2017-08-14, 3, zhong_du, 7.44, 5.51, 4.55, 5.27, 5.33, 5.54, 5.33, 70452.44, 38460898, 0.62, 3.98, 0.30, 867.69509
2017-08-15, 3, zhong_du, 7.43, 5.55, 0.73, 5.51, 5.48, 5.55, 5.44, 51678.91, 28422678, 0.45, 2.00, 0.22, 886.1649
2017-08-16, 3, zhong_du, 7.42, 5.49, -1.08, 5.55, 5.53, 5.60, 5.45, 69419.93, 38204253, 0.61, 2.70, 0.30, 642.23599
2017-08-17, 3, zhong_du, 7.41, 5.51, 0.36, 5.49, 5.49, 5.52, 5.46, 49933.73, 27445680, 0.44, 1.09, 0.21, 4077.93212
2017-08-18, 4, gao_du, 7.41, 5.45, -1.09, 5.51, 5.50, 5.51, 5.44, 38152, 20878061, 0.33, 1.27, 0.16, 740.61394
2017-08-21, 3, zhong_du, 7.40, 5.49, 0.73, 5.45, 5.44, 5.50, 5.43, 24722.55, 13525395, 0.22, 1.28, 0.11, 2797.23597
2017-08-22, 3, zhong_du, 7.39, 5.50, 0.18, 5.49, 5.49, 5.54, 5.45, 47158.51, 25990896, 0.41, 1.64, 0.20, 669.8041
2017-08-23, 3, zhong_du, 7.39, 5.48, -0.36, 5.50, 5.49, 5.50, 5.44, 27953.34, 15283460, 0.25, 1.09, 0.12, 909.70898
2017-08-24, 3, zhong_du, 7.39, 5.41, -1.28, 5.48, 5.49, 5.49, 5.41, 21924.4, 11943814, 0.19, 1.46, 0.09, 2348.95802
2017-08-25, 3, zhong_du, 7.38, 5.50, 1.66, 5.41, 5.41, 5.50, 5.41, 31480.34, 17212097, 0.28, 1.66, 0.13, 771.35205
2017-08-28, 3, zhong_du, 7.37, 5.58, 1.45, 5.50, 5.49, 5.60, 5.46, 62077.06, 34507741, 0.55, 2.55, 0.26, 765.96308
2017-08-29, 4, gao_du, 7.37, 5.58, 0.00, 5.58, 5.58, 5.62, 5.54, 31029.06, 17313622, 0.27, 1.43, 0.13, 651.36409
2017-08-30, 4, gao_du, 7.36, 5.58, 0.00, 5.58, 5.57, 5.60, 5.53, 26049.81, 14491798, 0.23, 1.25, 0.11, 665.98797
2017-08-31, 5, qiang_lie, 7.36, 5.54, -0.72, 5.58, 5.58, 5.60, 5.54, 9590, 5334960, 0.08, 1.08, 0.08, 779.61111
2017-09-01, 5, qiang_lie, 7.35, 5.54, -0.72, 5.58, 5.58, 5.60, 5.54, 9590, 5334960, 0.08, 1.08, 0.08, 1177.85788
2017-09-04, 5, qiang_lie, 7.33, 5.54, -0.72, 5.58, 5.58, 5.60, 5.54, 9590, 5334960, 0.08, 1.08, 0.08, 579.90599
2017-09-05, 5, qiang_lie, 7.33, 5.77, 0.70, 5.73, 5.73, 5.81, 5.69, 48399.25, 27821870, 0.43, 2.09, 0.21, 649.56093
2017-09-06, 5, qiang_lie, 7.32, 5.78, 0.17, 5.77, 5.75, 5.82, 5.72, 56568.45, 32702141, 0.50, 1.73, 0.24, 720.62683
2017-09-07, 5, qiang_lie, 7.31, 5.54, -0.72, 5.58, 5.58, 5.60, 5.54, 9590, 5334960, 0.08, 1.08, 0.08, 787.83011
2017-09-08, 5, qiang_lie, 7.31, 5.76, -0.17, 5.77, 5.77, 5.81, 5.70, 32864.39, 18890877, 0.29, 1.91, 0.14, 686.48005
2017-09-11, 5, qiang_lie, 7.30, 5.76, 0.00, 5.76, 5.75, 5.82, 5.71, 27906.58, 16019039, 0.25, 1.91, 0.12, 2680.41587
2017-09-12, 5, qiang_lie, 7.30, 5.68, -1.39, 5.76, 5.78, 5.78, 5.63, 45936.43, 26129341, 0.40, 2.60, 0.20, 615.57913
2017-09-13, 5, qiang_lie, 7.29, 5.66, -0.35, 5.68, 5.70, 5.70, 5.63, 21408.86, 12096222, 0.19, 1.23, 0.09, 780.03407
2017-09-14, 5, qiang_lie, 7.29, 5.77, 1.94, 5.66, 5.63, 5.78, 5.63, 44344.85, 25342448, 0.39, 2.65, 0.19, 714.06317
2017-09-15, 5, qiang_lie, 7.29, 5.71, -1.04, 5.77, 5.76, 5.77, 5.68, 24172.42, 13843132, 0.21, 1.56, 0.10, 1023.92197
2017-09-18, 5, qiang_lie, 7.28, 5.65, -1.05, 5.71, 5.70, 5.73, 5.63, 45048.66, 25536931, 0.40, 1.75, 0.19, 643.36801
2017-09-19, 4, gao_du, 7.27, 5.63, -0.35, 5.65, 5.65, 5.70, 5.60, 46918.96, 26476480, 0.41, 1.77, 0.20, 793.09201
2017-09-20, 4, gao_du, 7.26, 5.67, 0.71, 5.63, 5.65, 5.69, 5.62, 49781.71, 28176545, 0.44, 1.24, 0.21, 660.29811
2017-09-21, 4, gao_du, 7.26, 5.60, -1.23, 5.67, 5.66, 5.69, 5.60, 34560, 19514967, 0.30, 1.59, 0.15, 773.8781
2017-09-22, 4, gao_du, 7.25, 5.53, -1.25, 5.60, 5.60, 5.66, 5.53, 47660.95, 26588870, 0.42, 2.32, 0.20, 2363.43217
2017-09-25, 3, zhong_du, 7.25, 5.46, -1.27, 5.53, 5.53, 5.57, 5.46, 21051.02, 11585587, 0.19, 1.99, 0.09, 594.62404
2017-09-26, 3, zhong_du, 7.25, 5.48, 0.37, 5.46, 5.46, 5.53, 5.45, 23508, 12885396, 0.21, 1.47, 0.10, 2705.17993
2017-09-27, 2, qing_du, 7.24, 5.50, 0.36, 5.48, 5.49, 5.51, 5.42, 31343.75, 17127576, 0.28, 1.64, 0.13, 743.66617
2017-09-28, 2, qing_du, 7.24, 5.44, -1.09, 5.50, 5.50, 5.50, 5.44, 16863.5, 9222608, 0.15, 1.09, 0.07, 730.05795
2017-09-29, 2, qing_du, 7.24, 5.48, 0.74, 5.44, 5.49, 5.50, 5.44, 19978.01, 10926105, 0.18, 1.10, 0.09, 684.51285
2017-10-10, 2, qing_du, 7.23, 5.66, 2.17, 5.54, 5.54, 5.66, 5.52, 44897.56, 25043514, 0.40, 2.53, 0.19, 649.40715
2017-10-12, 3, zhong_du, 7.20, 5.68, -1.05, 5.74, 5.72, 5.73, 5.61, 54098.11, 30599105, 0.48, 2.09, 0.23, 1314.17918
2017-10-13, 3, zhong_du, 7.20, 5.74, 1.06, 5.68, 5.67, 5.75, 5.66, 43437.46, 24869700, 0.38, 1.58, 0.18, 503.06702
2017-10-16, 3, zhong_du, 7.17, 5.85, 1.92, 5.74, 5.74, 5.92, 5.72, 212630.33, 123737700, 1.87, 3.48, 0.91, 794.49987
2017-10-17, 4, gao_du, 7.16, 5.78, -1.20, 5.85, 5.90, 5.90, 5.72, 109273.04, 63477083, 0.96, 3.08, 0.47, 748.24405
2017-10-18, 4, gao_du, 7.15, 5.61, -2.94, 5.78, 5.78, 5.80, 5.58, 92744.5, 52680211, 0.82, 3.81, 0.39, 1137.82287
2017-10-19, 3, zhong_du, 7.14, 5.48, -2.32, 5.61, 5.58, 5.61, 5.46, 59554.97, 32964975, 0.53, 2.67, 0.25, 719.65814
2017-10-20, 2, qing_du, 7.13, 5.58, 1.82, 5.48, 5.48, 5.60, 5.42, 25262, 13971338, 0.22, 3.28, 0.11, 601.84908
2017-10-23, 2, qing_du, 7.13, 5.58, 0.00, 5.58, 5.58, 5.61, 5.54, 21858, 12176991, 0.19, 1.25, 0.09, 876.83988
2017-10-24, 1, wei_ruo, 7.12, 5.60, 0.36, 5.58, 5.58, 5.72, 5.55, 84971.19, 47995733, 0.75, 3.05, 0.36, 1127.16198
2017-10-25, 2, qing_du, 7.11, 5.69, 1.61, 5.60, 5.62, 5.70, 5.58, 44048.89, 24792825, 0.39, 2.14, 0.19, 730.0179
2017-10-26, 2, qing_du, 7.11, 5.66, -0.53, 5.69, 5.66, 5.70, 5.64, 30461, 17290722, 0.27, 1.05, 0.13, 695.60099
2017-10-27, 2, qing_du, 7.11, 5.71, 0.88, 5.66, 5.66, 5.72, 5.63, 36714.56, 20851422, 0.32, 1.59, 0.16, 1193.24589
2017-10-30, 2, qing_du, 7.10, 5.45, -4.55, 5.71, 5.71, 5.71, 5.36, 45599.34, 25194013, 0.40, 6.13, 0.19, 1477.86593
2017-10-31, 2, qing_du, 7.10, 5.47, 0.37, 5.45, 5.48, 5.49, 5.41, 24280.22, 13230506, 0.21, 1.47, 0.10, 770.0181
2017-11-01, 1, wei_ruo, 7.09, 5.38, -1.65, 5.47, 5.48, 5.48, 5.38, 32862.89, 17832211, 0.29, 1.83, 0.14, 936.25498
2017-11-02, 1, wei_ruo, 7.08, 5.26, -2.23, 5.38, 5.46, 5.46, 5.24, 43899.42, 23284117, 0.39, 4.09, 0.19, 725.33512
2017-11-03, 1, wei_ruo, 7.08, 5.19, -1.33, 5.26, 5.27, 5.29, 5.13, 31801.3, 16491250, 0.28, 3.04, 0.14, 802.01697
2017-11-06, 1, wei_ruo, 7.08, 5.23, 0.77, 5.19, 5.20, 5.23, 5.16, 19322.46, 10036673, 0.17, 1.35, 0.08, 2664.55388
2017-11-09, 1, wei_ruo, 7.06, 5.26, -1.31, 5.33, 5.31, 5.35, 5.24, 40409.96, 21316218, 0.36, 2.06, 0.17, 242925.22287
2017-11-10, 1, wei_ruo, 7.06, 5.30, 1.34, 5.23, 5.23, 5.32, 5.22, 14418.43, 7629467, 0.13, 1.91, 0.12, 854.59113
2017-11-13, 1, wei_ruo, 7.06, 5.22, -0.57, 5.25, 5.27, 5.27, 5.19, 30780.35, 16049300, 0.27, 1.52, 1.31, 652.3602
2017-11-14, 1, wei_ruo, 7.05, 5.10, -2.30, 5.22, 5.21, 5.21, 5.07, 42643.75, 21870980, 0.38, 2.68, 1.65, 843.33706
2017-11-15, 1, wei_ruo, 7.05, 5.10, 0.00, 5.10, 5.10, 5.11, 5.06, 15127.31, 7698373, 0.13, 0.98, 0.51, 714.12301
2017-11-16, 1, wei_ruo, 7.04, 5.09, -0.20, 5.10, 5.10, 5.14, 5.07, 27019.02, 13791858, 0.24, 1.37, 0.93, 4930.60899
2017-11-17, 1, wei_ruo, 7.03, 4.91, -3.54, 5.09, 5.11, 5.11, 4.89, 44917.55, 22313291, 0.40, 4.32, 1.70, 877.18201
2017-11-20, 1, wei_ruo, 7.03, 4.90, -0.20, 4.91, 4.92, 4.92, 4.64, 33020.39, 15827280, 0.29, 5.70, 1.03, 811.38802
2017-11-21, 1, wei_ruo, 7.02, 4.86, -0.82, 4.90, 4.87, 4.91, 4.83, 21258.8, 10333037, 0.19, 1.63, 0.65, 858.27994
2017-11-22, 1, wei_ruo, 7.01, 4.79, -1.44, 4.86, 4.91, 4.91, 4.76, 46563.39, 22398973, 0.41, 3.09, 1.65, 712.67605
2017-11-23, 1, wei_ruo, 7.01, 4.74, -1.04, 4.79, 4.80, 4.83, 4.74, 20712.24, 9900800, 0.18, 1.88, 0.60, 2675.23694
2017-11-24, 1, wei_ruo, 7.01, 4.79, 1.05, 4.74, 4.72, 4.80, 4.71, 13512.03, 6428455, 0.12, 1.90, 0.41, 687.289
2017-11-27, 1, wei_ruo, 7.00, 4.76, -0.63, 4.79, 4.83, 4.84, 4.74, 14506.24, 6951340, 0.13, 2.09, 0.54, 651.98088
2017-11-28, 1, wei_ruo, 7.00, 4.80, 0.84, 4.76, 4.75, 4.82, 4.74, 17274.01, 8262179, 0.15, 1.68, 0.74, 623.79289
2017-11-29, 1, wei_ruo, 7.00, 4.80, 0.00, 4.80, 4.82, 4.82, 4.77, 10977, 5261458, 0.10, 1.04, 0.49, 1117.378
2017-11-30, 1, wei_ruo, 6.99, 4.81, 0.21, 4.80, 4.81, 4.84, 4.77, 25668.79, 12336407, 0.23, 1.46, 1.67, 663.77783
2017-12-01, 1, wei_ruo, 6.99, 4.91, 2.08, 4.81, 4.82, 4.95, 4.81, 40765.16, 19962321, 0.36, 2.91, 2.49, 1023.38314
2017-12-04, 1, wei_ruo, 6.98, 4.96, 1.02, 4.91, 4.92, 5.02, 4.88, 42877.96, 21222548, 0.38, 2.85, 1.96, 831.96807
2017-12-05, 1, wei_ruo, 6.97, 4.85, -2.22, 4.96, 4.94, 5.04, 4.85, 28470, 13960778, 0.25, 3.83, 1.03, 932.50203
2017-12-06, 1, wei_ruo, 6.97, 4.87, 0.41, 4.85, 4.83, 4.90, 4.75, 24209.6, 11671369, 0.21, 3.09, 0.81, 593.90593
2017-12-07, 1, wei_ruo, 6.97, 4.86, -0.21, 4.87, 4.86, 4.90, 4.81, 15271.1, 7428046, 0.13, 1.85, 0.47, 824.28193
2017-12-08, 1, wei_ruo, 6.96, 4.93, 1.44, 4.86, 4.86, 4.95, 4.83, 19732.01, 9655340, 0.17, 2.47, 0.65, 688.78007
2017-12-11, 1, wei_ruo, 6.96, 4.96, 0.61, 4.93, 4.91, 4.96, 4.90, 16437.62, 8120948, 0.14, 1.22, 0.63, 712.79287
2017-12-12, 1, wei_ruo, 6.95, 5.00, 0.81, 4.96, 4.96, 5.04, 4.91, 33339.29, 16652692, 0.29, 2.62, 1.60, 670.42899
2017-12-13, 1, wei_ruo, 6.95, 4.98, -0.40, 5.00, 4.99, 5.00, 4.92, 21930.92, 10872277, 0.19, 1.60, 1.01, 648.17691
2017-12-14, 1, wei_ruo, 6.95, 4.96, -0.40, 4.98, 5.01, 5.01, 4.95, 15268.8, 7581824, 0.13, 1.20, 0.72, 625.30994
2017-12-15, 1, wei_ruo, 6.94, 4.95, -0.20, 4.96, 4.98, 4.99, 4.94, 14086.42, 6977432, 0.12, 1.01, 0.66, 594.87009
2017-12-18, 1, wei_ruo, 6.94, 4.86, -1.82, 4.95, 4.95, 4.97, 4.82, 36416.22, 17725335, 0.32, 3.03, 1.80, 545.60089
2017-12-19, 1, wei_ruo, 6.93, 4.89, 0.62, 4.86, 4.87, 4.90, 4.83, 17771.2, 8660087, 0.16, 1.44, 0.73, 676.46217
2017-12-20, 1, wei_ruo, 6.93, 4.81, -1.64, 4.89, 4.89, 4.90, 4.80, 16929, 8189675, 0.15, 2.04, 0.80, 908.80799
2017-12-21, 1, wei_ruo, 6.93, 4.88, 1.46, 4.81, 4.79, 4.89, 4.77, 23386.5, 11331793, 0.21, 2.49, 1.16, 1665.94887
2017-12-22, 1, wei_ruo, 6.92, 4.87, -0.20, 4.88, 4.90, 4.95, 4.85, 17200.5, 8433635, 0.15, 2.05, 0.79, 583.38594
2017-12-25, 1, wei_ruo, 6.92, 4.86, -0.21, 4.87, 4.86, 4.89, 4.83, 16306.2, 7916869, 0.14, 1.23, 0.73, 648.92483
2017-12-26, 1, wei_ruo, 6.92, 4.88, 0.41, 4.86, 4.88, 4.91, 4.85, 17813.59, 8685689, 0.16, 1.23, 0.97, 490.803
2017-12-27, 1, wei_ruo, 6.91, 4.88, 0.00, 4.88, 4.87, 4.90, 4.86, 16659.98, 8117897, 0.15, 0.82, 0.91, 617.0702
2017-12-29, 1, wei_ruo, 6.91, 4.93, 1.02, 4.88, 4.89, 4.98, 4.85, 19259.02, 9473459, 0.17, 2.66, 1.30, 612.47015
2018-01-03, 1, wei_ruo, 6.90, 5.00, 1.42, 4.93, 4.92, 5.02, 4.91, 34503.39, 17183947, 0.30, 2.23, 2.23, 732.40209
2018-01-04, 1, wei_ruo, 6.89, 5.01, 0.20, 5.00, 5.00, 5.04, 4.93, 38271.91, 19097373, 0.34, 2.20, 2.04, 612.7131
2018-01-05, 2, qing_du, 6.89, 5.00, -0.20, 5.01, 5.04, 5.04, 4.95, 30350.68, 15139086, 0.27, 1.80, 1.31, 719.78903
2018-01-08, 2, qing_du, 6.89, 4.94, -1.20, 5.00, 5.00, 5.00, 4.92, 22207.1, 10979729, 0.20, 1.60, 0.83, 619.12894
2018-01-09, 3, zhong_du, 6.88, 4.97, 0.61, 4.94, 4.96, 4.98, 4.94, 15600.2, 7734928, 0.14, 0.81, 0.54, 630.12791
2018-01-10, 3, zhong_du, 6.88, 4.93, -0.80, 4.97, 4.97, 4.99, 4.91, 14761.6, 7294805, 0.13, 1.61, 0.52, 681.108
2018-01-11, 3, zhong_du, 6.87, 5.13, 4.06, 4.93, 4.99, 5.15, 4.92, 65777.8, 33279038, 0.58, 4.67, 2.71, 806.10514
2018-01-12, 3, zhong_du, 6.86, 4.99, -2.73, 5.13, 5.09, 5.10, 4.96, 48781.36, 24521455, 0.43, 2.73, 1.64, 668.24508
2018-01-15, 3, zhong_du, 6.86, 4.88, -2.20, 4.99, 4.99, 4.99, 4.85, 25697, 12622128, 0.23, 2.81, 0.77, 638.21721
2018-01-16, 2, qing_du, 6.85, 4.83, -1.02, 4.88, 4.88, 4.90, 4.79, 28092.1, 13610564, 0.25, 2.25, 0.82, 559.34906
2018-01-17, 1, wei_ruo, 6.85, 4.86, 0.62, 4.83, 4.84, 4.89, 4.76, 25616.8, 12357019, 0.23, 2.69, 0.70, 680.17602
2018-01-18, 1, wei_ruo, 6.85, 4.84, -0.41, 4.86, 4.86, 4.89, 4.82, 13264.66, 6425224, 0.12, 1.44, 0.35, 448.56691
2018-01-19, 1, wei_ruo, 6.84, 4.82, -0.41, 4.84, 4.84, 4.86, 4.81, 10829.21, 5236058, 0.10, 1.03, 0.38, 620.03803
2018-01-22, 1, wei_ruo, 6.84, 4.86, 0.83, 4.82, 4.82, 4.89, 4.79, 16808.83, 8145892, 0.15, 2.07, 0.81, 592.0198
2018-01-23, 1, wei_ruo, 6.84, 4.86, 0.00, 4.86, 4.86, 4.88, 4.84, 13089, 6361402, 0.12, 0.82, 0.69, 684.42798
2018-01-24, 1, wei_ruo, 6.83, 4.94, 1.65, 4.86, 4.86, 4.95, 4.82, 37826, 18543563, 0.33, 2.67, 2.38, 615.60512
2018-01-25, 1, wei_ruo, 6.81, 5.06, 2.43, 4.94, 4.93, 5.33, 4.89, 114921.95, 59124816, 1.01, 8.91, 6.26, 2663.52701
2018-01-26, 1, wei_ruo, 6.80, 5.00, -1.19, 5.06, 5.03, 5.07, 4.96, 63803.45, 31943320, 0.56, 2.17, 1.65, 625.56791
2018-01-29, 1, wei_ruo, 6.80, 4.88, -2.40, 5.00, 5.00, 5.01, 4.86, 42864.89, 21060226, 0.38, 3.00, 0.87, 838.66096
2018-01-30, 1, wei_ruo, 6.79, 4.97, 1.84, 4.88, 4.90, 5.02, 4.80, 57576.12, 28361560, 0.51, 4.51, 1.06, 436.39517
2018-01-31, 1, wei_ruo, 6.78, 4.81, -3.22, 4.97, 4.91, 4.96, 4.79, 35205.1, 17066941, 0.31, 3.42, 0.56, 2327.78788
2018-02-01, 1, wei_ruo, 6.77, 4.64, -3.53, 4.81, 4.81, 4.85, 4.57, 39437.71, 18436274, 0.35, 5.82, 0.63, 637.47001
2018-02-02, 1, wei_ruo, 6.77, 4.64, 0.00, 4.64, 4.57, 4.68, 4.46, 23422.41, 10743914, 0.21, 4.74, 0.49, 606.60696
2018-02-05, 1, wei_ruo, 6.77, 4.65, 0.22, 4.64, 4.59, 4.70, 4.57, 15318.62, 7120721, 0.14, 2.80, 0.39, 1108.1171
2018-02-06, 1, wei_ruo, 6.76, 4.34, -6.67, 4.65, 4.52, 4.60, 4.31, 30427.81, 13567728, 0.27, 6.24, 0.89, 544.75999
2018-02-07, 1, wei_ruo, 6.75, 4.35, 0.23, 4.34, 4.40, 4.45, 4.32, 28584.31, 12473955, 0.25, 3.00, 0.99, 1053.6468
2018-02-08, 1, wei_ruo, 6.75, 4.37, 0.46, 4.35, 4.35, 4.42, 4.32, 23384.01, 10188327, 0.21, 2.30, 0.89, 876.40715
2018-02-09, 1, wei_ruo, 6.74, 4.10, -6.18, 4.37, 4.29, 4.29, 4.05, 38592.39, 15973042, 0.34, 5.49, 1.46, 771.13819
2018-02-12, 1, wei_ruo, 6.74, 4.20, 2.44, 4.10, 4.13, 4.22, 4.11, 19828.8, 8309510, 0.17, 2.68, 0.65, 2672.93191
2018-02-13, 1, wei_ruo, 6.73, 4.18, -0.48, 4.20, 4.17, 4.23, 4.17, 17204.2, 7231496, 0.15, 1.43, 0.63, 620.03994
2018-02-14, 1, wei_ruo, 6.73, 4.20, 0.48, 4.18, 4.17, 4.26, 4.17, 15029.4, 6339994, 0.13, 2.15, 0.80, 756.23417
