2016-02-01, 1, wei_ruo, 37.13, 26.63, -3.44, 27.58, 27.50, 27.65, 26.00, 282356.51, 760253548, 2.82, 5.98, 0.78, 812.16598
2016-02-02, 1, wei_ruo, 36.81, 27.81, 4.43, 26.63, 26.66, 28.64, 26.66, 340494.67, 949350965, 3.40, 7.44, 0.94, 1196.00701
2016-02-03, 1, wei_ruo, 36.57, 27.80, -0.04, 27.81, 27.44, 28.04, 26.85, 256316.22, 700448530, 2.56, 4.28, 0.71, 3072.89004
2016-02-04, 1, wei_ruo, 36.32, 29.19, 5.00, 27.80, 28.12, 29.49, 27.99, 334468.26, 967126233, 3.34, 5.40, 0.93, 2836.72881
2016-02-05, 1, wei_ruo, 36.14, 28.11, -3.70, 29.19, 29.10, 29.17, 28.11, 229350.72, 655314316, 2.29, 3.63, 0.64, 1185.60982
2016-02-15, 1, wei_ruo, 35.97, 27.62, -1.74, 28.11, 26.90, 27.97, 26.63, 190677.29, 521024484, 1.91, 4.77, 0.53, 1360.86488
2016-02-16, 1, wei_ruo, 35.77, 30.38, 9.99, 27.62, 27.99, 30.38, 27.91, 305948.37, 901020399, 3.06, 8.94, 0.85, 1897.97807
2016-02-17, 1, wei_ruo, 35.56, 30.81, 1.42, 30.38, 30.75, 31.10, 29.81, 405804.48, 1236887079, 4.06, 4.25, 1.12, 1477.01097
2016-02-18, 1, wei_ruo, 35.37, 30.55, -0.84, 30.81, 31.20, 32.21, 30.38, 423957.78, 1323614622, 4.24, 5.94, 1.17, 879.85015
2016-02-19, 1, wei_ruo, 35.11, 29.63, -3.01, 30.55, 29.55, 30.18, 28.78, 443177.66, 1301550071, 4.43, 4.58, 1.55, 2735.76283
2016-02-22, 1, wei_ruo, 35.11, 30.25, 0.33, 30.15, 30.30, 30.47, 29.72, 409091.51, 1229803519, 4.09, 2.49, 1.11, 835.58297
2016-02-23, 1, wei_ruo, 35.28, 29.26, -3.27, 30.25, 30.30, 30.30, 28.74, 366543.09, 1078097692, 3.66, 5.16, 0.89, 674.42894
2016-02-24, 1, wei_ruo, 35.08, 29.36, 0.34, 29.26, 29.16, 29.90, 28.38, 323542.4, 942918943, 3.23, 5.19, 0.76, 916.64505
2016-02-25, 1, wei_ruo, 34.73, 26.42, -10.01, 29.36, 29.00, 29.25, 26.42, 450077.17, 1231902257, 4.50, 9.64, 1.10, 2114.14814
2016-02-26, 1, wei_ruo, 34.42, 25.40, -3.86, 26.42, 26.04, 26.48, 24.80, 337449.64, 868143764, 3.37, 6.36, 0.82, 744.72499
2016-02-29, 1, wei_ruo, 34.08, 22.86, -10.00, 25.40, 25.39, 25.39, 22.86, 319690.96, 740782624, 3.19, 9.96, 0.85, 983.96015
2016-03-01, 1, wei_ruo, 33.61, 22.90, 0.17, 22.86, 22.34, 23.39, 21.21, 404756.3, 904299915, 4.04, 9.54, 1.13, 1632.19309
2016-03-02, 1, wei_ruo, 33.23, 24.05, 5.02, 22.90, 22.80, 24.32, 22.60, 381998.31, 894760937, 3.82, 7.51, 1.04, 594.60402
2016-03-03, 1, wei_ruo, 32.89, 23.85, -0.83, 24.05, 23.98, 24.95, 23.75, 378953.21, 925182292, 3.79, 4.99, 1.00, 4340.82198
2016-03-04, 1, wei_ruo, 32.47, 21.79, -8.64, 23.85, 23.60, 23.72, 21.58, 398986.64, 902034215, 3.99, 8.97, 1.09, 737.65898
2016-03-07, 1, wei_ruo, 31.92, 23.97, 10.00, 21.79, 22.28, 23.97, 22.22, 605092.55, 1431509973, 6.05, 8.03, 1.61, 582.29399
2016-03-08, 1, wei_ruo, 31.37, 25.27, 5.42, 23.97, 23.90, 26.06, 23.15, 777484.46, 1915956977, 7.77, 12.14, 1.79, 662.72902
2016-03-09, 1, wei_ruo, 31.03, 25.00, -1.07, 25.27, 24.75, 26.15, 24.75, 559091.51, 1424472930, 5.59, 5.54, 1.10, 4443.85386
2016-03-10, 1, wei_ruo, 30.80, 24.25, -3.00, 25.00, 24.78, 25.49, 24.25, 368174.29, 912101968, 3.68, 4.96, 0.68, 521.33894
2016-03-11, 1, wei_ruo, 30.61, 24.42, 0.70, 24.25, 24.15, 24.73, 23.75, 285557.91, 692856353, 2.85, 4.04, 0.53, 2637.85791
2016-03-14, 1, wei_ruo, 30.41, 26.86, 9.99, 24.42, 25.15, 26.86, 24.88, 456398.63, 1199258491, 4.56, 8.11, 0.88, 667.10997
2016-03-15, 1, wei_ruo, 30.19, 25.98, -3.28, 26.86, 26.86, 26.98, 25.82, 538272.4, 1415555148, 5.38, 4.32, 1.10, 639.33301
2016-03-16, 1, wei_ruo, 30.01, 26.27, 1.12, 25.98, 26.30, 26.40, 24.80, 413177.67, 1063639862, 4.13, 6.16, 0.94, 2552.58203
2016-03-17, 1, wei_ruo, 29.84, 27.69, 5.41, 26.27, 26.04, 28.60, 25.90, 657594.15, 1801493674, 6.57, 10.28, 1.59, 932.90997
2016-03-18, 1, wei_ruo, 29.75, 28.53, 3.03, 27.69, 27.52, 29.15, 27.42, 581494.23, 1644840130, 5.81, 6.25, 1.24, 2526.79801
2016-03-21, 1, wei_ruo, 29.75, 29.88, 4.73, 28.53, 29.10, 30.79, 28.66, 638311.47, 1902772670, 6.38, 7.47, 1.21, 695.21213
2016-03-22, 2, qing_du, 29.73, 29.13, -2.51, 29.88, 29.39, 29.66, 29.02, 360374.73, 1056385752, 3.60, 2.14, 0.64, 715.83319
2016-03-23, 2, qing_du, 29.74, 29.89, 2.61, 29.13, 29.19, 30.50, 29.14, 412450.39, 1228052414, 4.12, 4.67, 0.78, 2552.30999
2016-03-24, 2, qing_du, 29.71, 28.81, -3.61, 29.89, 29.49, 29.60, 28.72, 381678.39, 1112505380, 3.81, 2.94, 0.72, 1788.34915
2016-03-25, 2, qing_du, 29.69, 28.85, 0.14, 28.81, 28.60, 29.20, 28.40, 255479.2, 734419352, 2.55, 2.78, 0.54, 2782.59611
2016-03-28, 2, qing_du, 29.66, 28.27, -2.01, 28.85, 29.10, 29.66, 28.10, 293445.01, 852111624, 2.93, 5.41, 0.72, 4469.63406
2016-03-29, 2, qing_du, 29.59, 27.20, -3.78, 28.27, 28.25, 28.43, 26.81, 306548.55, 841603153, 3.06, 5.73, 0.90, 1086.4799
2016-03-30, 2, qing_du, 29.55, 28.53, 4.89, 27.20, 27.69, 28.56, 27.27, 299782.99, 837043286, 3.00, 4.74, 0.91, 1149.70994
2016-03-31, 2, qing_du, 29.54, 29.45, 3.22, 28.53, 28.79, 30.31, 28.58, 495566.31, 1472057916, 4.95, 6.06, 1.61, 1758.60405
2016-04-01, 2, qing_du, 29.55, 30.05, 2.04, 29.45, 29.02, 30.15, 28.62, 448191.07, 1319915804, 4.48, 5.20, 1.36, 2622.63012
2016-04-05, 3, zhong_du, 29.69, 32.46, 8.02, 30.05, 30.06, 32.98, 29.81, 634248.47, 1990175839, 6.34, 10.55, 1.72, 434.38315
2016-04-06, 3, zhong_du, 29.81, 32.17, -0.89, 32.46, 32.00, 32.78, 31.60, 484727.51, 1558848742, 4.84, 3.64, 1.11, 2442.75308
2016-04-07, 4, gao_du, 29.87, 30.60, -4.88, 32.17, 32.00, 32.18, 30.58, 460743.8, 1439253856, 4.60, 4.97, 0.98, 4580.17421
2016-04-08, 4, gao_du, 29.87, 30.34, -0.85, 30.60, 30.10, 30.41, 29.40, 382337.1, 1142842664, 3.82, 3.30, 0.76, 1054.94809
2016-04-11, 4, gao_du, 29.91, 30.50, 0.53, 30.34, 30.81, 31.70, 30.33, 363939.71, 1128034852, 3.64, 4.52, 0.75, 494.3459
2016-04-12, 4, gao_du, 29.91, 30.05, -1.48, 30.50, 30.36, 30.40, 29.40, 282296.46, 841074566, 2.82, 3.28, 0.61, 695.88089
2016-04-13, 4, gao_du, 29.94, 30.30, 0.83, 30.05, 30.30, 31.29, 30.17, 361219.32, 1111359697, 3.61, 3.73, 0.91, 532.24301
2016-04-14, 4, gao_du, 29.95, 30.82, 1.72, 30.30, 30.66, 30.98, 30.32, 237586.09, 727097881, 2.37, 2.18, 0.64, 598.84596
2016-04-15, 4, gao_du, 29.96, 30.16, -2.14, 30.82, 30.85, 30.91, 29.85, 286596.31, 865467834, 2.86, 3.44, 0.88, 246.97781
2016-04-18, 4, gao_du, 29.95, 29.10, -3.51, 30.16, 29.77, 29.78, 29.02, 251962.23, 736877961, 2.52, 2.52, 0.82, 320.364
2016-04-19, 4, gao_du, 29.93, 29.40, 1.03, 29.10, 29.41, 29.56, 28.85, 219124.11, 640920966, 2.19, 2.44, 0.77, 461.52496
2016-04-20, 4, gao_du, 29.85, 27.15, -7.65, 29.40, 29.54, 29.67, 26.83, 416552.68, 1164727722, 4.16, 9.66, 1.54, 2573.16399
2016-04-21, 3, zhong_du, 29.77, 26.50, -2.39, 27.15, 27.18, 27.58, 26.35, 255426.91, 692094455, 2.55, 4.53, 0.90, 3451.26295
2016-04-22, 3, zhong_du, 29.71, 27.17, 2.53, 26.50, 26.55, 27.18, 26.55, 214836.2, 578036201, 2.15, 2.38, 0.75, 782.18198
2016-04-25, 3, zhong_du, 29.66, 27.53, 1.32, 27.17, 27.00, 27.75, 26.50, 210851.47, 571637794, 2.11, 4.60, 0.78, 2111.00197
2016-04-26, 3, zhong_du, 29.62, 27.89, 1.31, 27.53, 27.51, 28.20, 27.20, 204076.28, 567864612, 2.04, 3.63, 0.77, 2946.63095
2016-04-27, 3, zhong_du, 29.58, 27.29, -2.15, 27.89, 27.96, 28.08, 27.18, 166526.99, 460046843, 1.66, 3.23, 0.64, 1088.9771
2016-04-28, 3, zhong_du, 29.52, 26.82, -1.72, 27.29, 27.42, 27.54, 26.00, 240003.06, 639563480, 2.40, 5.64, 1.14, 2558.81596
2016-04-29, 2, qing_du, 29.48, 26.59, -0.86, 26.82, 26.68, 27.10, 26.39, 148062.43, 396235153, 1.48, 2.65, 0.71, 2732.87392
2016-05-03, 2, qing_du, 29.42, 28.89, 8.65, 26.59, 27.00, 29.00, 26.48, 382014.31, 1061894014, 3.82, 9.48, 1.97, 2053.77007
2016-05-04, 2, qing_du, 29.40, 28.49, -1.38, 28.89, 28.52, 29.33, 28.38, 312969.83, 900024860, 3.13, 3.29, 1.37, 355.82685
2016-05-05, 3, zhong_du, 29.38, 28.60, 0.39, 28.49, 28.44, 28.76, 28.03, 204898.86, 582147298, 2.05, 2.56, 0.82, 2337.82387
2016-05-06, 2, qing_du, 29.33, 27.01, -5.56, 28.60, 28.62, 28.89, 26.90, 301227.33, 836386282, 3.01, 6.96, 1.17, 655.80606
2016-05-09, 2, qing_du, 29.25, 26.10, -3.37, 27.01, 26.72, 26.76, 25.80, 255338.4, 670047201, 2.55, 3.55, 0.95, 2554.35109
2016-05-10, 1, wei_ruo, 29.20, 26.00, -0.38, 26.10, 26.10, 26.48, 25.80, 157204.6, 410004897, 1.57, 2.61, 0.54, 1259.85813
2016-05-11, 1, wei_ruo, 29.14, 25.41, -2.27, 26.00, 26.20, 26.35, 25.40, 186286.92, 480811610, 1.86, 3.65, 0.76, 914.5751
2016-05-12, 1, wei_ruo, 29.07, 25.27, -0.55, 25.41, 25.28, 25.46, 24.65, 170856.69, 428090837, 1.71, 3.19, 0.77, 568.50314
2016-05-13, 1, wei_ruo, 28.99, 24.93, -1.35, 25.27, 25.30, 25.85, 24.68, 205569.95, 519878514, 2.05, 4.63, 0.96, 721.9789
2016-05-16, 1, wei_ruo, 28.92, 25.63, 2.81, 24.93, 24.70, 25.71, 24.70, 184529.82, 467631020, 1.76, 4.05, 0.95, 14447.97301
2016-05-17, 1, wei_ruo, 28.85, 25.67, 0.16, 25.63, 25.64, 26.06, 25.09, 217711.78, 557064510, 2.08, 3.78, 1.20, 2703.19819
2016-05-18, 1, wei_ruo, 28.76, 24.38, -5.03, 25.67, 25.31, 25.39, 24.00, 223586.71, 549578982, 2.13, 5.41, 1.16, 1538.67197
2016-05-19, 1, wei_ruo, 28.69, 24.43, 0.21, 24.38, 24.35, 25.18, 24.33, 185065.49, 458215209, 1.76, 3.49, 0.92, 2296.46015
2016-05-20, 1, wei_ruo, 28.60, 25.40, 3.97, 24.43, 24.19, 25.69, 24.00, 266148.43, 668431016, 2.54, 6.92, 1.31, 2620.70322
2016-05-23, 1, wei_ruo, 28.53, 26.36, 3.78, 25.40, 25.60, 26.88, 25.55, 289555.65, 758035915, 1.38, 5.24, 1.34, 930.69792
2016-05-24, 1, wei_ruo, 28.49, 26.05, -1.18, 26.36, 26.19, 26.33, 25.75, 173997.98, 453043730, 0.83, 2.20, 0.74, 609.77602
2016-05-25, 1, wei_ruo, 28.45, 26.15, 0.38, 26.05, 26.45, 26.73, 25.78, 183350.03, 481528493, 0.87, 3.65, 0.78, 3048.26808
2016-05-26, 1, wei_ruo, 28.40, 26.51, 1.38, 26.15, 26.07, 26.51, 25.08, 233634.82, 603749610, 1.11, 5.47, 0.99, 2055.2361
2016-05-27, 1, wei_ruo, 14.05, 12.78, -2.67, 13.13, 13.02, 13.09, 12.75, 350634.48, 451911721, 1.67, 2.59, 1.48, 5726.63784
2016-05-30, 1, wei_ruo, 14.03, 12.38, -3.13, 12.78, 12.72, 12.85, 12.31, 285973.67, 358563242, 1.36, 4.23, 1.21, 2469.26904
2016-05-31, 1, wei_ruo, 13.99, 13.33, 7.67, 12.38, 12.45, 13.55, 12.42, 710907.83, 935782775, 3.39, 9.13, 3.01, 614.89606
2016-06-01, 1, wei_ruo, 13.98, 13.49, 1.20, 13.33, 13.37, 13.63, 13.23, 652440.64, 877170946, 3.11, 3.00, 2.76, 700.40202
2016-06-02, 1, wei_ruo, 13.98, 13.62, 0.96, 13.49, 13.48, 13.73, 13.35, 542672.72, 735325168, 2.59, 2.82, 2.30, 1097.97597
2016-06-03, 1, wei_ruo, 14.06, 14.05, 3.16, 13.62, 13.59, 14.20, 13.30, 793239.57, 1087747150, 3.78, 6.61, 3.36, 723.87409
2016-06-06, 1, wei_ruo, 14.06, 13.95, -0.71, 14.05, 13.97, 14.28, 13.78, 548731.95, 767856476, 2.62, 3.56, 2.32, 1833.30107
2016-06-07, 2, qing_du, 14.05, 13.94, -0.07, 13.95, 13.95, 14.15, 13.70, 433813.05, 605344516, 2.07, 3.23, 1.83, 4167.31
2016-06-08, 2, qing_du, 14.05, 13.89, -0.36, 13.94, 13.89, 14.04, 13.63, 434284.54, 601077149, 2.07, 2.94, 1.84, 2860.34513
2016-06-13, 2, qing_du, 14.03, 12.80, -7.85, 13.89, 13.60, 13.83, 12.72, 484834.69, 650764931, 2.31, 7.99, 2.05, 706.78091
2016-06-14, 1, wei_ruo, 14.01, 12.80, 0.00, 12.80, 12.71, 12.89, 12.53, 387075.56, 492583839, 1.85, 2.81, 1.64, 700.03605
2016-06-15, 1, wei_ruo, 13.99, 13.85, 8.20, 12.80, 12.63, 14.00, 12.63, 732302.62, 987441092, 3.49, 10.70, 3.10, 4809.42202
2016-06-16, 1, wei_ruo, 13.98, 13.86, 0.07, 13.85, 13.74, 14.08, 13.61, 486011.7, 670755356, 2.32, 3.39, 2.06, 2697.26801
2016-06-17, 2, qing_du, 13.99, 13.88, 0.14, 13.86, 13.90, 14.45, 13.80, 638453.48, 902045994, 3.04, 4.69, 2.70, 3309.73411
2016-06-20, 2, qing_du, 13.98, 13.88, 0.14, 13.86, 13.90, 14.45, 13.80, 638453.48, 902045994, 3.04, 4.69, 2.70, 3793.89906
2016-06-21, 2, qing_du, 13.97, 13.42, -2.26, 13.73, 13.95, 14.12, 13.25, 494044.99, 679912176, 2.36, 6.34, 2.09, 2040.23099
2016-06-22, 2, qing_du, 13.97, 13.93, 3.80, 13.42, 13.28, 13.93, 13.14, 439621.96, 595517634, 2.10, 5.89, 1.86, 1218.647
2016-06-23, 2, qing_du, 13.96, 13.75, -1.29, 13.93, 13.89, 14.08, 13.66, 438780.72, 607137902, 2.09, 3.02, 1.86, 786.01909
2016-06-24, 2, qing_du, 13.95, 13.62, -0.95, 13.75, 13.71, 13.86, 13.05, 609696.4, 825247087, 2.91, 5.89, 2.58, 2530.95984
2016-06-27, 3, zhong_du, 13.95, 14.15, 3.89, 13.62, 13.51, 14.29, 13.51, 701412.28, 981779915, 3.34, 5.73, 2.97, 950.56701
2016-06-28, 3, zhong_du, 13.97, 14.57, 2.97, 14.15, 14.02, 14.57, 13.93, 879521.58, 1258012392, 4.19, 4.52, 3.72, 2026.1271
2016-06-30, 4, gao_du, 13.99, 14.32, -0.07, 14.33, 14.36, 14.55, 14.20, 494509.53, 710661841, 2.36, 2.44, 2.09, 2841.01105
2016-07-01, 4, gao_du, 14.00, 14.27, -0.35, 14.32, 14.45, 14.60, 14.13, 529565.74, 759802899, 2.52, 3.28, 2.24, 555.17101
2016-07-04, 4, gao_du, 14.01, 14.37, 0.70, 14.27, 14.17, 14.57, 14.11, 747157.85, 1076634650, 3.56, 3.22, 3.16, 2933.40802
2016-07-05, 4, gao_du, 14.02, 14.36, -0.07, 14.37, 14.35, 14.56, 14.28, 571967.11, 823934067, 2.73, 1.95, 2.42, 2579.22697
2016-07-06, 5, qiang_lie, 14.03, 14.31, -0.35, 14.36, 14.30, 14.40, 14.18, 444405.61, 634480723, 2.12, 1.53, 1.88, 4958.72903
2016-07-07, 5, qiang_lie, 14.03, 14.15, -1.12, 14.31, 14.29, 14.31, 13.80, 607578.96, 853764312, 2.90, 3.56, 2.57, 838.72914
2016-07-08, 5, qiang_lie, 14.03, 13.91, -1.70, 14.15, 14.10, 14.10, 13.85, 390458.63, 544329675, 1.86, 1.77, 1.65, 3613.976
2016-07-11, 4, gao_du, 14.03, 13.80, -0.79, 13.91, 13.94, 14.05, 13.79, 344189.7, 479266957, 1.64, 1.87, 1.46, 2088.20486
2016-07-12, 4, gao_du, 14.02, 13.92, 0.87, 13.80, 13.80, 13.97, 13.50, 502437.48, 690235476, 2.40, 3.41, 2.13, 14433.55107
2016-07-13, 4, gao_du, 14.02, 14.14, 1.58, 13.92, 14.00, 14.26, 13.82, 581343.82, 816322761, 2.77, 3.16, 2.46, 8548.98691
2016-07-14, 4, gao_du, 14.02, 14.15, 0.07, 14.14, 14.14, 14.16, 13.96, 319501.41, 448937378, 1.52, 1.41, 1.35, 783.04005
2016-07-15, 4, gao_du, 14.02, 14.00, -1.06, 14.15, 14.17, 14.44, 13.98, 465094.79, 659209644, 2.22, 3.25, 1.97, 2805.08804
2016-07-18, 5, qiang_lie, 14.03, 14.21, 1.50, 14.00, 13.90, 14.37, 13.82, 545229.78, 768673421, 2.60, 3.93, 2.36, 1964.58697
2016-07-19, 5, qiang_lie, 14.03, 14.25, 0.28, 14.21, 14.21, 14.35, 14.12, 406794.31, 577840923, 1.94, 1.62, 1.72, 758.14486
2016-07-20, 5, qiang_lie, 14.03, 14.08, -1.19, 14.25, 14.25, 14.32, 14.03, 414781.21, 585739603, 1.98, 2.04, 1.75, 555.21393
2016-07-21, 5, qiang_lie, 14.04, 14.07, -0.07, 14.08, 14.20, 14.25, 14.05, 513650.61, 726769815, 2.45, 1.42, 2.17, 2787.20117
2016-07-22, 5, qiang_lie, 14.03, 13.82, -1.78, 14.07, 14.00, 14.12, 13.81, 340319.31, 474636292, 1.62, 2.20, 1.44, 671.30089
2016-07-25, 5, qiang_lie, 14.03, 13.77, -0.36, 13.82, 13.81, 13.89, 13.65, 310121.72, 426950054, 1.48, 1.74, 1.31, 4698.46606
2016-07-26, 4, gao_du, 14.03, 13.96, 1.38, 13.77, 13.75, 14.08, 13.73, 338473.78, 470935842, 1.61, 2.54, 1.43, 1066.97297
2016-07-27, 4, gao_du, 14.01, 12.99, -6.95, 13.96, 13.98, 14.08, 12.92, 680992.98, 913450492, 3.25, 8.31, 2.88, 2913.11693
2016-07-28, 3, zhong_du, 13.97, 12.56, -3.31, 12.99, 12.93, 13.10, 12.22, 611203.48, 771745868, 2.91, 6.77, 2.59, 4668.926
2016-07-29, 2, qing_du, 13.94, 12.41, -1.19, 12.56, 12.60, 12.67, 12.22, 330343.39, 409032266, 1.57, 3.58, 1.40, 14354.316
2016-08-01, 1, wei_ruo, 13.92, 12.22, -1.53, 12.41, 12.34, 12.38, 12.06, 246762.84, 300481808, 1.18, 2.58, 1.04, 1310.5731
2016-08-02, 1, wei_ruo, 13.91, 12.30, 0.65, 12.22, 12.23, 12.36, 12.21, 147358.96, 181058974, 0.70, 1.23, 0.62, 14427.41704
2016-08-03, 1, wei_ruo, 13.89, 12.20, -0.81, 12.30, 12.33, 12.35, 12.12, 197051.23, 240693234, 0.94, 1.87, 0.89, 4611.92703
2016-08-04, 1, wei_ruo, 13.88, 12.34, 1.15, 12.20, 12.20, 12.37, 12.16, 220771.96, 271120098, 1.05, 1.72, 1.02, 14221.53091
2016-08-05, 1, wei_ruo, 13.85, 12.46, 0.97, 12.34, 12.75, 12.94, 12.44, 444824.49, 562658140, 2.12, 4.05, 1.98, 881.59204
2016-08-08, 1, wei_ruo, 13.83, 12.67, 1.69, 12.46, 12.43, 12.67, 12.30, 284154.69, 356327986, 1.35, 2.97, 1.09, 2672.79601
2016-08-09, 1, wei_ruo, 13.82, 12.70, 0.24, 12.67, 12.68, 12.72, 12.57, 209646.65, 265233704, 1.00, 1.18, 0.81, 4498.38996
2016-08-10, 1, wei_ruo, 13.81, 12.51, -1.50, 12.70, 12.68, 12.76, 12.50, 226020.78, 285431422, 1.08, 2.05, 0.84, 3922.5769
2016-08-11, 1, wei_ruo, 13.79, 12.21, -2.32, 12.50, 12.50, 12.53, 12.21, 289253.03, 356968448, 1.38, 2.56, 1.04, 2489.58111
2016-08-15, 1, wei_ruo, 13.75, 12.79, 3.40, 12.37, 12.41, 12.90, 12.30, 488322.83, 620069820, 2.33, 4.85, 2.01, 589.61201
2016-08-16, 1, wei_ruo, 13.73, 12.70, -0.70, 12.79, 12.81, 12.86, 12.69, 308989.23, 394647736, 1.47, 1.33, 1.08, 1762.65192
2016-08-17, 1, wei_ruo, 13.71, 12.95, 1.97, 12.70, 12.74, 13.04, 12.69, 474958.81, 613151451, 2.26, 2.76, 1.55, 14652.21405
2016-08-18, 1, wei_ruo, 13.70, 12.83, -0.93, 12.95, 12.90, 13.07, 12.77, 323638.12, 417454000, 1.54, 2.32, 0.91, 14288.306
2016-08-19, 1, wei_ruo, 13.69, 12.82, -0.08, 12.83, 12.83, 12.89, 12.73, 210958.92, 270115636, 1.01, 1.25, 0.59, 578.35913
2016-08-22, 1, wei_ruo, 13.68, 12.57, -1.95, 12.82, 12.84, 12.90, 12.55, 191610.35, 243835705, 0.91, 2.73, 0.53, 4623.38901
2016-08-23, 1, wei_ruo, 13.67, 12.67, 0.80, 12.57, 12.56, 12.68, 12.56, 170207.3, 214752847, 0.81, 0.95, 0.56, 2482.76687
2016-08-24, 1, wei_ruo, 13.66, 12.59, -0.63, 12.67, 12.66, 12.71, 12.56, 167145.96, 211171256, 0.80, 1.18, 0.61, 2021.07692
2016-08-25, 1, wei_ruo, 13.65, 12.39, -1.51, 12.58, 12.50, 12.51, 12.22, 284216.25, 350123948, 1.35, 2.31, 1.34, 539.00194
2016-08-26, 1, wei_ruo, 13.63, 12.28, -0.89, 12.39, 12.39, 12.46, 12.26, 294527.85, 363376196, 1.40, 1.61, 1.43, 525.96998
2016-08-29, 1, wei_ruo, 13.62, 12.29, 0.08, 12.28, 12.30, 12.37, 12.23, 207861.99, 255338691, 0.99, 1.14, 0.94, 996.89221
2016-08-30, 1, wei_ruo, 13.60, 12.30, 0.08, 12.29, 12.30, 12.36, 12.27, 162351.27, 199797580, 0.77, 0.73, 0.72, 497.05815
2016-08-31, 1, wei_ruo, 13.60, 12.23, -0.57, 12.30, 12.33, 12.33, 12.14, 222650.39, 272267903, 1.06, 1.54, 0.99, 2914.81304
2016-09-01, 1, wei_ruo, 13.57, 12.28, 0.41, 12.23, 12.25, 12.46, 12.21, 288963.15, 355997784, 1.38, 2.04, 1.23, 743.19291
2016-09-02, 1, wei_ruo, 13.57, 12.20, -0.65, 12.28, 12.29, 12.37, 12.17, 207882.68, 254872841, 0.99, 1.63, 0.89, 4003.18193
2016-09-05, 1, wei_ruo, 13.57, 12.19, -0.08, 12.20, 12.28, 12.34, 12.16, 180816.98, 221405065, 0.86, 1.48, 0.77, 4050.73714
2016-09-06, 1, wei_ruo, 13.57, 12.24, 0.41, 12.19, 12.19, 12.24, 11.82, 445898.68, 535709942, 2.13, 3.45, 1.90, 3580.31893
2016-09-07, 1, wei_ruo, 13.57, 12.23, -0.57, 12.30, 12.33, 12.33, 12.20, 42751.18, 52392404, 0.20, 1.06, 1.07, 670.63212
2016-09-08, 1, wei_ruo, 13.57, 12.19, -0.25, 12.22, 12.20, 12.30, 12.12, 182618.59, 223021982, 0.87, 1.47, 0.78, 2617.25187
2016-09-09, 1, wei_ruo, 13.57, 12.23, -0.57, 12.30, 12.33, 12.33, 12.20, 42751.18, 52392404, 0.20, 1.06, 1.07, 3466.50004
2016-09-12, 1, wei_ruo, 13.57, 12.23, -0.57, 12.30, 12.33, 12.33, 12.20, 42751.18, 52392404, 0.20, 1.06, 1.07, 1457.37195
2016-09-13, 1, wei_ruo, 13.57, 11.50, -0.52, 11.56, 11.67, 11.70, 11.43, 203103.81, 234156496, 0.97, 2.34, 0.87, 2602.07987
2016-09-14, 1, wei_ruo, 13.57, 11.43, -0.61, 11.50, 11.44, 11.54, 11.38, 180233.94, 206323340, 0.86, 1.39, 0.77, 632.15208
2016-09-19, 1, wei_ruo, 13.57, 11.60, 1.49, 11.43, 11.45, 11.69, 11.44, 176077.06, 203933068, 0.84, 2.19, 0.76, 1471.83704
2016-09-20, 1, wei_ruo, 13.57, 11.62, 0.17, 11.60, 11.63, 11.70, 11.53, 147883.79, 172139525, 0.70, 1.47, 0.63, 2555.03988
2016-09-21, 1, wei_ruo, 13.57, 11.93, 2.67, 11.62, 11.68, 12.24, 11.65, 488409.92, 584942619, 2.33, 5.08, 2.10, 460.71696
2016-09-22, 1, wei_ruo, 13.57, 11.89, -0.34, 11.93, 11.94, 12.00, 11.83, 247503.31, 294677671, 1.18, 1.42, 1.06, 2499.78399
2016-09-23, 1, wei_ruo, 13.57, 11.80, -0.76, 11.89, 11.95, 12.01, 11.75, 204248.09, 242658877, 0.97, 2.19, 0.87, 4012.76302
2016-09-26, 1, wei_ruo, 13.57, 11.40, -3.39, 11.80, 11.80, 11.80, 11.38, 224292.6, 259138550, 1.07, 3.56, 0.96, 813.72881
2016-09-27, 1, wei_ruo, 13.57, 11.51, 0.96, 11.40, 11.45, 11.59, 11.33, 182909.2, 209290136, 0.87, 2.28, 0.78, 629.02904
2016-09-28, 1, wei_ruo, 13.57, 11.41, -0.87, 11.51, 11.53, 11.54, 11.39, 124997.13, 143255190, 0.60, 1.30, 0.53, 2621.50717
2016-09-29, 1, wei_ruo, 13.57, 11.38, -0.26, 11.41, 11.44, 11.49, 11.38, 147247.38, 168126518, 0.70, 0.96, 0.63, 3926.13792
2016-09-30, 1, wei_ruo, 13.57, 11.35, -0.26, 11.38, 11.35, 11.42, 11.32, 171568.74, 194806798, 0.82, 0.88, 0.73, 4648.93723
2016-10-10, 1, wei_ruo, 13.57, 11.70, 3.08, 11.35, 11.44, 11.70, 11.37, 311045.09, 359364476, 1.48, 2.91, 1.33, 639.95004
2016-10-11, 1, wei_ruo, 13.57, 12.87, 10.00, 11.70, 11.72, 12.87, 11.63, 1024145.53, 1277026166, 4.88, 10.60, 4.37, 784.25097
2016-10-12, 1, wei_ruo, 13.57, 12.50, -2.87, 12.87, 12.80, 12.80, 12.44, 1028930.08, 1300779740, 4.90, 2.80, 4.39, 509.547
2016-10-13, 1, wei_ruo, 13.57, 12.53, 0.24, 12.50, 12.50, 12.78, 12.43, 762004.78, 959141002, 3.63, 2.80, 3.25, 23292.52005
2016-10-14, 2, qing_du, 13.11, 12.83, 2.39, 12.53, 12.48, 13.25, 12.43, 1371507.16, 1773075709, 6.54, 6.54, 5.85, 10361.34505
2016-10-17, 2, qing_du, 13.11, 13.23, 3.12, 12.83, 12.90, 13.45, 12.85, 882745.09, 1167523752, 4.21, 4.68, 7.53, 722.60094
2016-10-18, 2, qing_du, 13.11, 13.16, 0.61, 13.08, 12.96, 13.18, 12.79, 839051.18, 1088844130, 4.00, 2.98, 3.58, 1953.94301
2016-10-19, 3, zhong_du, 13.11, , , , , , , , , , , , 2478.99795
2016-10-20, 3, zhong_du, 13.11, 12.99, -0.23, 13.02, 13.00, 13.09, 12.87, 569227.47, 738589973, 2.71, 1.69, 1.29, 684.18694
2016-10-21, 3, zhong_du, 13.10, 12.84, -1.15, 12.99, 13.00, 13.16, 12.72, 632774.83, 816880457, 3.02, 3.39, 1.23, 4059.63683
2016-10-24, 3, zhong_du, 13.09, 12.85, 0.08, 12.84, 12.83, 13.08, 12.75, 547627.39, 707500810, 2.61, 2.57, 0.91, 1474.85995
2016-10-25, 3, zhong_du, 13.09, 13.02, 1.32, 12.85, 12.83, 13.25, 12.80, 730279.52, 954210570, 3.48, 3.50, 1.20, 2651.86119
2016-10-26, 3, zhong_du, 13.09, 12.73, -2.23, 13.02, 13.07, 13.07, 12.70, 485606.37, 622444922, 2.31, 2.84, 0.80, 531.73208
2016-10-27, 3, zhong_du, 13.08, 12.89, 1.26, 12.73, 12.76, 12.95, 12.65, 394059.56, 506213137, 1.88, 2.36, 0.65, 673.83504
2016-10-28, 3, zhong_du, 13.07, 12.58, -2.56, 12.91, 12.80, 12.93, 12.56, 453584.03, 575110186, 2.16, 2.87, 0.74, 2593.60123
2016-10-31, 3, zhong_du, 13.07, 12.68, 0.79, 12.58, 12.53, 12.79, 12.52, 312493.19, 395748422, 1.49, 2.15, 0.52, 603.96194
2016-11-01, 3, zhong_du, 13.06, 12.86, 1.34, 12.69, 12.70, 12.86, 12.60, 425305.63, 540971813, 2.03, 2.05, 0.70, 601.57895
2016-11-02, 3, zhong_du, 13.06, 13.00, 1.09, 12.86, 12.81, 13.12, 12.64, 730013.18, 941578034, 3.48, 3.73, 1.21, 694.15212
2016-11-03, 3, zhong_du, 13.08, 13.42, 3.15, 13.01, 12.91, 13.80, 12.89, 1350285.74, 1791882891, 6.43, 6.99, 2.22, 540.29679
2016-11-04, 3, zhong_du, 13.08, 13.18, -1.79, 13.42, 13.36, 13.48, 13.12, 770575.14, 1023452522, 3.67, 2.68, 1.28, 1175.50015
2016-11-07, 3, zhong_du, 13.08, 12.96, -1.67, 13.18, 13.16, 13.25, 12.90, 464536.79, 604708821, 2.21, 2.66, 0.76, 686.81788
2016-11-08, 3, zhong_du, 13.08, 12.99, 0.23, 12.96, 13.01, 13.14, 12.78, 477458.82, 618267339, 2.27, 2.78, 0.78, 391.02197
2016-11-09, 3, zhong_du, 13.06, 12.57, -3.23, 12.99, 12.96, 12.97, 12.36, 652442.28, 825588779, 3.11, 4.70, 1.07, 604.91896
2016-11-10, 3, zhong_du, 13.06, 12.74, 1.35, 12.57, 12.72, 12.84, 12.65, 383726.22, 488743504, 1.83, 1.51, 0.64, 16480.74293
2016-11-11, 3, zhong_du, 13.05, 12.63, -0.86, 12.74, 12.69, 12.79, 12.50, 453914.17, 572770878, 2.16, 2.28, 0.75, 764.23407
2016-11-14, 3, zhong_du, 13.04, 12.57, -0.48, 12.63, 12.63, 12.70, 12.52, 369632.04, 465692092, 1.76, 1.43, 0.61, 515.94305
2016-11-15, 3, zhong_du, 13.04, 12.73, 1.19, 12.58, 12.61, 12.75, 12.54, 334200.12, 422120657, 1.59, 1.67, 0.55, 525.16198
2016-11-16, 3, zhong_du, 13.03, 12.63, 0.40, 12.58, 12.61, 12.66, 12.54, 142561.93, 179616875, 0.68, 0.95, 0.47, 693.49909
2016-11-17, 3, zhong_du, 13.03, 12.63, 0.40, 12.58, 12.61, 12.66, 12.54, 142561.93, 179616875, 0.68, 0.95, 0.47, 550.86613
2016-11-18, 3, zhong_du, 13.02, 12.63, 0.40, 12.58, 12.61, 12.66, 12.54, 142561.93, 179616875, 0.68, 0.95, 0.47, 708.55999
2016-11-21, 3, zhong_du, 13.01, 12.48, 0.16, 12.46, 12.48, 12.57, 12.40, 241422.68, 301016014, 1.15, 1.36, 0.40, 411.093
2016-11-22, 3, zhong_du, 13.01, 12.67, 1.52, 12.48, 12.55, 12.71, 12.45, 370065.32, 465539689, 1.76, 2.08, 0.61, 783.05912
2016-11-23, 3, zhong_du, 13.00, 12.53, -1.10, 12.67, 12.69, 12.78, 12.52, 323824.03, 409595114, 1.54, 2.05, 0.53, 470.47901
2016-11-24, 3, zhong_du, 12.98, 12.13, -3.19, 12.53, 12.53, 12.53, 12.03, 599771.63, 737564529, 2.86, 3.99, 0.98, 514.41789
2016-11-25, 3, zhong_du, 12.96, 12.17, 0.33, 12.13, 12.15, 12.22, 11.88, 339111.38, 408848503, 1.62, 2.80, 0.56, 1056.4661
2016-11-28, 2, qing_du, 12.95, 12.07, -0.82, 12.17, 12.20, 12.26, 12.03, 266743.79, 323000195, 1.27, 1.89, 0.44, 483.42991
2016-11-29, 2, qing_du, 12.94, 12.01, -0.50, 12.07, 12.10, 12.19, 11.98, 245419.78, 296083061, 1.17, 1.74, 0.41, 370.21589
2016-11-30, 1, wei_ruo, 12.93, 12.06, 0.50, 12.00, 11.92, 12.15, 11.88, 211617.95, 254782588, 1.01, 2.25, 0.35, 524.99294
2016-12-01, 1, wei_ruo, 12.92, 11.96, -0.83, 12.06, 12.06, 12.07, 11.92, 237189.32, 283658151, 1.13, 1.24, 0.39, 412.32705
2016-12-02, 1, wei_ruo, 12.91, 11.80, -1.34, 11.96, 11.94, 11.96, 11.78, 277885.21, 328906674, 1.32, 1.51, 0.46, 591.47906
2016-12-05, 1, wei_ruo, 12.90, 11.81, 0.08, 11.80, 11.62, 11.85, 11.57, 187464.97, 220939606, 0.89, 2.37, 0.31, 721.40789
2016-12-06, 1, wei_ruo, 12.89, 11.96, 1.27, 11.81, 12.05, 12.11, 11.95, 219569.06, 263755368, 1.05, 1.35, 0.36, 612.2849
2016-12-07, 1, wei_ruo, 12.88, 12.10, 1.17, 11.96, 11.88, 12.13, 11.87, 210442.01, 253146965, 1.00, 2.17, 0.35, 500.75388
2016-12-08, 1, wei_ruo, 12.87, 12.09, -0.08, 12.10, 12.10, 12.25, 11.96, 317126.43, 383516143, 1.51, 2.40, 0.52, 2497.83516
2016-12-09, 1, wei_ruo, 12.86, 11.99, -0.83, 12.09, 12.03, 12.12, 11.98, 217981.01, 262388990, 1.04, 1.16, 0.36, 657.93085
2016-12-12, 1, wei_ruo, 12.83, 11.21, -6.51, 11.99, 11.95, 12.03, 11.11, 423441.88, 489881856, 2.02, 7.67, 0.70, 478.87707
2016-12-13, 1, wei_ruo, 12.81, 11.17, -0.36, 11.21, 11.11, 11.24, 10.97, 286969.78, 318822468, 1.37, 2.41, 0.47, 748.22998
2016-12-14, 1, wei_ruo, 12.79, 11.04, -1.16, 11.17, 11.16, 11.16, 11.00, 185545.88, 205531282, 0.88, 1.43, 0.30, 476.18794
2016-12-15, 1, wei_ruo, 12.78, 11.07, 0.27, 11.04, 11.02, 11.15, 11.00, 183633.79, 203384359, 0.87, 1.36, 0.30, 555.25708
2016-12-16, 1, wei_ruo, 12.76, 11.14, 0.63, 11.07, 11.13, 11.25, 11.07, 160916.83, 179611632, 0.77, 1.63, 0.26, 479.27403
2016-12-19, 1, wei_ruo, 12.75, 11.03, -0.99, 11.14, 11.16, 11.16, 11.00, 144689.24, 159837802, 0.69, 1.44, 0.24, 607.01609
2016-12-20, 1, wei_ruo, 12.74, 11.01, -0.18, 11.03, 11.05, 11.05, 10.90, 168398.88, 184623754, 0.80, 1.36, 0.28, 577.17013
2016-12-21, 1, wei_ruo, 12.73, 11.10, 0.82, 11.01, 11.01, 11.11, 11.01, 153168.63, 169544991, 0.73, 0.91, 0.25, 527.52113
2016-12-22, 1, wei_ruo, 12.71, 11.00, -0.90, 11.10, 11.10, 11.11, 10.99, 151229.28, 166830719, 0.72, 1.08, 0.25, 466.93897
2016-12-23, 1, wei_ruo, 12.70, 11.03, 0.27, 11.00, 11.00, 11.23, 10.97, 231984.76, 257103296, 1.11, 2.36, 0.38, 485.85081
2016-12-26, 1, wei_ruo, 12.68, 11.14, 1.00, 11.03, 11.06, 11.17, 10.89, 200053.17, 220788751, 0.95, 2.54, 0.33, 742.07997
2016-12-27, 1, wei_ruo, 12.67, 11.09, -0.45, 11.14, 11.14, 11.18, 11.07, 131339.65, 146110858, 0.63, 0.99, 0.22, 602.81682
2016-12-28, 1, wei_ruo, 12.66, 11.03, -0.54, 11.09, 11.06, 11.14, 10.98, 144079.56, 159197936, 0.69, 1.44, 0.24, 531.12602
2016-12-29, 1, wei_ruo, 12.65, 10.91, -1.09, 11.03, 11.00, 11.05, 10.90, 145815.19, 159982251, 0.69, 1.36, 0.24, 4533.62012
2016-12-30, 1, wei_ruo, 12.64, 10.86, -0.46, 10.91, 10.94, 10.97, 10.85, 126242.23, 137694397, 0.60, 1.10, 0.21, 1042.73009
2017-01-03, 1, wei_ruo, 12.63, 10.86, -0.46, 10.91, 10.94, 10.97, 10.85, 126242.23, 137694397, 0.60, 1.10, 0.21, 4522.77184
2017-01-04, 1, wei_ruo, 12.61, 11.15, 0.90, 11.05, 11.05, 11.16, 10.97, 215364.99, 238819449, 1.03, 1.72, 0.35, 624.59612
2017-01-05, 1, wei_ruo, 12.60, 11.07, -0.72, 11.15, 11.14, 11.16, 11.04, 138251.67, 153302330, 0.66, 1.08, 0.23, 527.807
2017-01-06, 1, wei_ruo, 12.59, 11.01, -0.54, 11.07, 11.06, 11.11, 11.00, 129250.27, 142688454, 0.62, 0.99, 0.21, 3774.68896
2017-01-09, 1, wei_ruo, 12.58, 11.15, 1.27, 11.01, 10.98, 11.22, 10.98, 212287.92, 235955145, 1.01, 2.18, 0.35, 613.39402
2017-01-10, 1, wei_ruo, 12.54, 11.45, 2.69, 11.15, 11.18, 11.68, 11.08, 548394.66, 623812576, 2.61, 5.38, 0.90, 882.43508
2017-01-11, 1, wei_ruo, 12.53, 11.30, 1.35, 11.15, 11.18, 11.32, 11.08, 177729.44, 198944774, 0.85, 2.15, 0.58, 608.97613
2017-01-12, 1, wei_ruo, 12.52, 11.29, 0.27, 11.26, 11.27, 11.48, 11.22, 202994.03, 230615119, 0.97, 2.31, 0.33, 424.01004
2017-01-13, 1, wei_ruo, 12.51, 11.30, 1.35, 11.15, 11.18, 11.32, 11.08, 177729.44, 198944774, 0.85, 2.15, 0.58, 681.65684
2017-01-16, 1, wei_ruo, 12.48, 11.30, 1.35, 11.15, 11.18, 11.32, 11.08, 177729.44, 198944774, 0.85, 2.15, 0.58, 2838.71603
2017-01-17, 1, wei_ruo, 12.46, 10.60, 0.86, 10.51, 10.45, 10.65, 10.13, 202468.59, 212084805, 0.96, 4.95, 0.33, 2588.57799
2017-01-18, 1, wei_ruo, 12.45, 10.53, -0.66, 10.60, 10.57, 10.63, 10.51, 107209.38, 113200688, 0.51, 1.13, 0.18, 2711.77793
2017-02-07, 1, wei_ruo, 12.37, 10.50, -1.32, 10.64, 10.64, 10.64, 10.44, 71047.46, 74717870, 0.34, 1.88, 0.27, 769.82903
2017-02-08, 1, wei_ruo, 12.35, 10.86, 2.07, 10.64, 10.64, 11.24, 10.44, 267296.08, 288913068, 1.27, 7.52, 0.44, 1477.947
2017-02-09, 1, wei_ruo, 12.34, 10.87, 0.09, 10.86, 10.83, 10.92, 10.80, 109453.91, 118983796, 0.52, 1.10, 0.23, 545.41397
2017-02-10, 1, wei_ruo, 12.33, 10.88, 0.09, 10.87, 10.86, 11.02, 10.82, 179114.57, 195378953, 0.85, 1.84, 0.29, 785.815
2017-02-13, 1, wei_ruo, 12.32, 10.89, 0.09, 10.88, 10.87, 10.97, 10.82, 133714.85, 145768359, 0.64, 1.38, 0.22, 4666.57805
2017-02-14, 1, wei_ruo, 12.31, 10.98, 0.83, 10.89, 10.87, 11.09, 10.87, 146951.64, 160922452, 0.70, 2.02, 0.24, 601.28593
2017-02-15, 1, wei_ruo, 12.29, 10.80, -1.64, 10.98, 10.94, 10.98, 10.76, 186507.79, 202963409, 0.89, 2.00, 0.31, 4842.36503
2017-02-16, 1, wei_ruo, 12.29, 10.82, 0.19, 10.80, 10.77, 10.91, 10.75, 110453.77, 119398672, 0.53, 1.48, 0.18, 844.07902
2017-02-17, 1, wei_ruo, 12.28, 10.68, -1.29, 10.82, 10.82, 10.89, 10.68, 136738.11, 147252422, 0.65, 1.94, 0.22, 2512.58588
2017-02-20, 1, wei_ruo, 12.27, 10.74, 0.56, 10.68, 10.67, 10.74, 10.63, 127391.88, 136209962, 0.61, 1.03, 0.21, 548.32292
2017-02-21, 1, wei_ruo, 12.25, 11.01, 2.51, 10.74, 10.77, 11.09, 10.74, 325368.34, 356971885, 1.55, 3.26, 0.53, 809.47208
2017-02-22, 1, wei_ruo, 12.24, 10.97, -0.36, 11.01, 11.02, 11.04, 10.92, 145905.47, 160139879, 0.70, 1.09, 0.24, 2824.48387
2017-02-23, 1, wei_ruo, 12.22, 11.13, 1.46, 10.97, 11.00, 11.28, 10.88, 293207.18, 324883011, 1.40, 3.65, 0.48, 4707.39293
2017-02-24, 2, qing_du, 12.21, 11.13, 0.00, 11.13, 11.12, 11.25, 11.03, 236331.16, 263839133, 1.13, 1.98, 0.39, 1140.75804
2017-02-27, 2, qing_du, 12.20, 11.15, 0.18, 11.13, 11.12, 11.32, 11.09, 221440.55, 247924602, 1.06, 2.07, 0.36, 3031.106
2017-02-28, 2, qing_du, 12.18, 11.21, 0.72, 11.13, 11.12, 11.25, 11.03, 60745.66, 67676110, 0.29, 1.98, 0.54, 608.41894
2017-03-01, 3, zhong_du, 12.17, 11.21, -1.75, 11.41, 11.36, 11.43, 11.17, 311098.99, 350932307, 1.48, 2.28, 0.51, 494.29393
2017-03-02, 3, zhong_du, 12.16, 11.08, -1.16, 11.21, 11.20, 11.20, 11.05, 175638.34, 195009803, 0.84, 1.34, 0.29, 809.49712
2017-03-03, 3, zhong_du, 12.15, 11.10, 0.18, 11.08, 11.06, 11.17, 11.02, 128707.06, 142662783, 0.61, 1.35, 0.21, 4932.85489
2017-03-06, 3, zhong_du, 12.14, 11.15, 0.45, 11.10, 11.10, 11.18, 11.04, 129772.14, 144515598, 0.62, 1.26, 0.21, 2777.12297
2017-03-07, 3, zhong_du, 12.14, 11.05, -0.72, 11.13, 11.10, 11.11, 11.04, 62181, 68811498, 0.30, 0.63, 0.25, 4441.00404
2017-03-08, 3, zhong_du, 12.13, 11.01, -1.08, 11.13, 11.10, 11.11, 10.96, 164309.22, 181329595, 0.78, 1.35, 0.27, 2679.4951
2017-03-09, 3, zhong_du, 12.12, 10.96, -0.45, 11.01, 11.02, 11.04, 10.95, 132025.64, 145074541, 0.63, 0.82, 0.22, 4776.89791
2017-03-10, 3, zhong_du, 12.11, 10.83, -1.19, 10.96, 10.98, 11.05, 10.80, 174809.28, 191083029, 0.83, 2.28, 0.29, 653.43881
2017-03-13, 3, zhong_du, 12.10, 10.99, 1.48, 10.83, 10.80, 11.05, 10.72, 212643.16, 232177718, 1.01, 3.05, 0.35, 1229.36392
2017-03-14, 2, qing_du, 12.09, 11.07, 0.73, 10.99, 11.02, 11.23, 10.91, 255205.24, 282483031, 1.22, 2.91, 0.42, 620.37897
2017-03-15, 3, zhong_du, 12.08, 11.02, -0.45, 11.07, 11.06, 11.06, 10.91, 126475.61, 139101775, 0.60, 1.36, 0.21, 596.27199
2017-03-16, 3, zhong_du, 12.07, 11.03, 0.09, 11.02, 11.04, 11.16, 11.01, 152516.43, 168846662, 0.73, 1.36, 0.25, 589.17904
2017-03-17, 3, zhong_du, 12.06, 10.97, -0.54, 11.03, 11.08, 11.15, 10.95, 191547.02, 211704957, 0.91, 1.81, 0.31, 2597.7931
2017-03-20, 2, qing_du, 12.05, 10.89, -0.73, 10.97, 10.95, 11.00, 10.81, 151589.8, 165157419, 0.72, 1.73, 0.25, 589.54406
2017-03-21, 2, qing_du, 12.05, 10.86, -0.28, 10.89, 10.90, 10.92, 10.84, 104926.1, 114057823, 0.50, 0.73, 0.17, 587.62002
2017-03-22, 2, qing_du, 12.03, 10.64, -2.03, 10.86, 10.82, 10.82, 10.55, 227382.65, 242439556, 1.08, 2.49, 0.37, 619.874
2017-03-23, 1, wei_ruo, 12.02, 10.64, 0.00, 10.64, 10.62, 10.77, 10.51, 145618.57, 154720281, 0.69, 2.44, 0.24, 591.00509
2017-03-24, 1, wei_ruo, 12.01, 10.62, -0.19, 10.64, 10.60, 10.70, 10.58, 134590.61, 143107435, 0.64, 1.13, 0.22, 623.44003
2017-03-27, 1, wei_ruo, 12.01, 10.56, -0.56, 10.62, 10.62, 10.66, 10.54, 136431.97, 144474012, 0.65, 1.13, 0.22, 563.40504
2017-03-28, 1, wei_ruo, 12.00, 10.50, -0.57, 10.56, 10.56, 10.63, 10.49, 150287.55, 158598139, 0.72, 1.33, 0.25, 595.34621
2017-03-29, 1, wei_ruo, 11.99, 10.45, -0.48, 10.50, 10.53, 10.56, 10.40, 115171.64, 120772758, 0.55, 1.52, 0.19, 637.68601
2017-03-30, 1, wei_ruo, 11.97, 10.22, -2.20, 10.45, 10.45, 10.47, 10.15, 199053.32, 204871197, 0.95, 3.06, 0.33, 973.16813
2017-03-31, 1, wei_ruo, 11.96, 10.18, -0.39, 10.22, 10.24, 10.32, 10.17, 163185.19, 167210472, 0.78, 1.47, 0.27, 571.39111
2017-04-05, 1, wei_ruo, 11.94, 10.37, 1.87, 10.18, 10.22, 10.42, 10.21, 185930.32, 192189380, 0.89, 2.06, 0.31, 604.53105
2017-04-06, 1, wei_ruo, 11.93, 10.39, 0.19, 10.37, 10.40, 10.43, 10.34, 112182.45, 116554498, 0.53, 0.87, 0.18, 2637.40683
2017-04-07, 1, wei_ruo, 11.93, 10.33, -0.58, 10.39, 10.39, 10.42, 10.30, 116057.1, 120024910, 0.55, 1.15, 0.19, 627.51007
2017-04-10, 1, wei_ruo, 11.90, 10.64, 3.00, 10.33, 10.32, 10.68, 10.23, 329236.19, 344445227, 1.57, 4.36, 0.54, 623.18397
2017-04-11, 1, wei_ruo, 11.89, 10.55, -0.85, 10.64, 10.59, 10.59, 10.32, 265686.6, 278350896, 1.27, 2.54, 0.44, 601.54986
2017-04-12, 1, wei_ruo, 11.87, 10.58, 0.28, 10.55, 10.53, 10.85, 10.46, 299800.87, 319782212, 1.43, 3.70, 0.49, 662.50896
2017-04-13, 1, wei_ruo, 11.86, 10.54, -0.38, 10.58, 10.55, 10.66, 10.49, 133961.87, 141419861, 0.64, 1.61, 0.22, 762.41493
2017-04-14, 1, wei_ruo, 11.84, 10.28, -2.47, 10.54, 10.50, 10.53, 10.25, 200843.78, 207752529, 0.96, 2.66, 0.33, 633.43692
2017-04-17, 1, wei_ruo, 11.83, 10.21, -0.68, 10.28, 10.29, 10.29, 10.11, 152478.65, 155249403, 0.73, 1.75, 0.25, 671.17
2017-04-18, 1, wei_ruo, 11.82, 10.11, -0.98, 10.21, 10.19, 10.24, 10.04, 124351.18, 126201771, 0.59, 1.96, 0.20, 665.12299
2017-04-19, 1, wei_ruo, 11.81, 9.99, -1.19, 10.11, 10.08, 10.09, 9.86, 173944.56, 173181649, 0.83, 2.27, 0.29, 528.94807
2017-04-20, 1, wei_ruo, 11.80, 9.92, -0.70, 9.99, 10.00, 10.05, 9.88, 90561.85, 90183260, 0.43, 1.70, 0.15, 675.84515
2017-04-21, 1, wei_ruo, 11.79, 9.96, 0.40, 9.92, 9.92, 9.99, 9.91, 69838.7, 69470301, 0.33, 0.81, 0.11, 587.76689
2017-04-24, 1, wei_ruo, 11.78, 9.57, -3.92, 9.96, 9.98, 9.98, 9.56, 142605.82, 138259653, 0.68, 4.22, 0.23, 619.05813
2017-04-25, 1, wei_ruo, 11.77, 9.57, 0.00, 9.57, 9.58, 9.74, 9.53, 104388.15, 100459873, 0.50, 2.19, 0.17, 713.94897
2017-04-26, 1, wei_ruo, 11.70, 8.70, -9.09, 9.57, 9.57, 9.64, 8.61, 534351.63, 481327290, 2.55, 10.76, 0.88, 725.92402
2017-04-27, 1, wei_ruo, 11.64, 8.80, 1.15, 8.70, 8.60, 9.00, 8.17, 430666.11, 367872926, 2.05, 9.54, 0.71, 705.03902
2017-04-28, 1, wei_ruo, 11.61, 8.75, -0.57, 8.80, 8.68, 8.84, 8.62, 171651.81, 150065613, 0.82, 2.50, 0.28, 642.51304
2017-05-02, 1, wei_ruo, 11.60, 8.76, 0.11, 8.75, 8.71, 8.84, 8.70, 97808.63, 85712015, 0.46, 1.60, 0.16, 786.33499
2017-05-03, 1, wei_ruo, 11.58, 8.68, -0.91, 8.76, 8.75, 8.80, 8.64, 101344.77, 88325910, 0.48, 1.83, 0.17, 611.64308
2017-05-04, 1, wei_ruo, 11.57, 8.60, -0.92, 8.68, 8.66, 8.74, 8.57, 126033.32, 108955762, 0.60, 1.96, 0.21, 643.31818
2017-05-05, 1, wei_ruo, 11.55, 8.40, -2.33, 8.60, 8.59, 8.59, 8.40, 143660.76, 121955448, 0.68, 2.21, 0.24, 705.26791
2017-05-11, 1, wei_ruo, 11.42, 8.00, -0.50, 8.04, 7.96, 8.14, 7.75, 220832.03, 175264325, 1.05, 4.85, 0.36, 2529.55103
2017-05-12, 1, wei_ruo, 11.40, 8.00, 0.00, 8.00, 8.00, 8.06, 7.84, 147548.49, 117495544, 0.70, 2.75, 0.24, 1040.75503
2017-05-15, 1, wei_ruo, 11.37, 8.05, 0.63, 8.00, 8.03, 8.25, 8.03, 170099.55, 138093108, 0.81, 2.75, 0.28, 782.44901
2017-05-16, 1, wei_ruo, 11.33, 8.45, 4.97, 8.05, 8.06, 8.47, 7.93, 287924.96, 237438845, 1.37, 6.71, 0.47, 878.82209
2017-05-17, 1, wei_ruo, 11.30, 8.39, -0.71, 8.45, 8.40, 8.52, 8.36, 225408.95, 190201658, 1.07, 1.89, 0.37, 662.55903
2017-05-18, 1, wei_ruo, 11.28, 8.35, -0.48, 8.39, 8.30, 8.45, 8.29, 133117.5, 111336327, 0.63, 1.91, 0.22, 535.53104
2017-05-19, 1, wei_ruo, 11.26, 8.40, 0.60, 8.35, 8.35, 8.48, 8.33, 123534.09, 103873309, 0.59, 1.80, 0.20, 641.62493
2017-05-22, 1, wei_ruo, 11.24, 8.10, -3.57, 8.40, 8.38, 8.39, 8.04, 143893.05, 118242501, 0.68, 4.17, 0.24, 671.55004
2017-05-23, 1, wei_ruo, 11.22, 8.00, -1.23, 8.10, 8.14, 8.28, 8.00, 155627.89, 126491023, 0.74, 3.46, 0.26, 882.97582
2017-05-24, 1, wei_ruo, 11.20, 8.16, 2.00, 8.00, 8.06, 8.16, 7.80, 139678.73, 111875031, 0.66, 4.50, 0.23, 855.28207
2017-05-25, 1, wei_ruo, 11.17, 8.29, 1.59, 8.16, 8.14, 8.33, 8.03, 179338.2, 147149489, 0.85, 3.68, 0.29, 633.41689
2017-05-26, 1, wei_ruo, 11.14, 8.37, 0.97, 8.29, 8.35, 8.52, 8.23, 208724.66, 174884951, 0.99, 3.50, 0.34, 747.59102
2017-05-31, 1, wei_ruo, 11.12, 8.27, -1.19, 8.37, 8.51, 8.58, 8.26, 160122.25, 134817306, 0.76, 3.82, 0.26, 610.96096
2017-06-01, 1, wei_ruo, 11.10, 8.05, -2.66, 8.27, 8.22, 8.30, 8.03, 135386.42, 110439493, 0.64, 3.26, 0.22, 655.80416
2017-06-02, 1, wei_ruo, 11.08, 8.37, 3.98, 8.05, 8.05, 8.39, 8.02, 182083.04, 149655131, 0.86, 4.60, 0.30, 1488.82794
2017-06-05, 1, wei_ruo, 10.95, 8.41, 1.45, 8.29, 8.35, 8.48, 8.26, 204920.57, 171950045, 0.97, 2.65, 0.34, 2611.34291
2017-06-06, 1, wei_ruo, 10.93, 8.39, -0.24, 8.41, 8.40, 8.47, 8.34, 111013.54, 93214673, 0.52, 1.55, 0.18, 2605.05009
2017-06-07, 1, wei_ruo, 10.90, 8.60, 2.50, 8.39, 8.40, 8.64, 8.38, 290994.94, 249313632, 1.37, 3.10, 0.48, 591.35008
2017-06-08, 1, wei_ruo, 10.88, 8.58, -0.23, 8.60, 8.58, 8.65, 8.51, 191321.58, 163986820, 0.90, 1.63, 0.31, 593.26911
2017-06-09, 1, wei_ruo, 10.86, 8.55, -0.35, 8.58, 8.56, 8.60, 8.43, 165555.1, 141050971, 0.78, 1.98, 0.27, 844.2781
2017-06-12, 1, wei_ruo, 10.85, 8.39, -1.87, 8.55, 8.46, 8.53, 8.38, 135310.47, 114256516, 0.64, 1.75, 0.22, 17638.43417
2017-06-13, 1, wei_ruo, 10.83, 8.56, 2.03, 8.39, 8.38, 8.62, 8.38, 165345.82, 141063205, 0.78, 2.86, 0.27, 2571.07091
2017-06-14, 1, wei_ruo, 10.81, 8.55, -0.12, 8.56, 8.57, 8.63, 8.50, 136036.91, 116503933, 0.64, 1.52, 0.22, 612.57386
2017-06-15, 1, wei_ruo, 10.78, 8.76, 2.46, 8.55, 8.50, 8.88, 8.49, 313300.3, 273842912, 1.48, 4.56, 0.51, 618.06107
2017-06-16, 1, wei_ruo, 10.76, 8.65, -1.26, 8.76, 8.77, 8.77, 8.60, 176807.56, 153125210, 0.83, 1.94, 0.29, 738.80982
2017-06-19, 1, wei_ruo, 10.75, 8.69, 0.46, 8.65, 8.62, 8.73, 8.62, 132472.28, 114939574, 0.63, 1.27, 0.22, 765.81383
2017-06-20, 1, wei_ruo, 10.74, 8.72, 0.35, 8.69, 8.74, 8.84, 8.70, 163255.32, 143056561, 0.77, 1.61, 0.27, 615.77582
2017-06-21, 2, qing_du, 10.72, 8.60, -1.38, 8.72, 8.76, 8.79, 8.55, 169474.73, 146503678, 0.80, 2.75, 0.28, 804.01707
2017-06-22, 3, zhong_du, 10.69, 8.46, -1.63, 8.60, 8.60, 8.71, 8.44, 236840.57, 203867875, 1.12, 3.14, 0.39, 605.17192
2017-06-23, 3, zhong_du, 10.68, 8.54, 0.95, 8.46, 8.45, 8.68, 8.40, 170982.96, 145562510, 0.81, 3.31, 0.28, 2803.42388
2017-06-26, 3, zhong_du, 10.66, 8.67, 1.52, 8.54, 8.56, 8.68, 8.53, 177062.66, 152643402, 0.84, 1.76, 0.29, 2615.25202
2017-06-27, 3, zhong_du, 10.64, 8.66, -0.12, 8.67, 8.66, 8.71, 8.58, 156924.2, 135898458, 0.74, 1.50, 0.26, 642.11893
2017-06-28, 3, zhong_du, 10.63, 8.60, -0.69, 8.66, 8.62, 8.72, 8.57, 135837.97, 117203388, 0.64, 1.73, 0.22, 746.89507
2017-06-29, 3, zhong_du, 10.62, 8.62, 0.23, 8.60, 8.62, 8.69, 8.58, 143266.27, 123629891, 0.68, 1.28, 0.24, 5634.92608
2017-06-30, 3, zhong_du, 10.60, 8.63, 0.12, 8.62, 8.58, 8.72, 8.56, 165221.75, 142809149, 0.78, 1.86, 0.27, 609.8609
2017-07-03, 3, zhong_du, 10.58, 8.73, 1.16, 8.63, 8.63, 8.73, 8.58, 206439.81, 178983102, 0.97, 1.74, 0.34, 634.30381
2017-07-04, 3, zhong_du, 10.57, 8.63, -1.15, 8.73, 8.71, 8.74, 8.58, 168132.87, 145318864, 0.79, 1.83, 0.28, 642.6549
2017-07-05, 4, gao_du, 10.55, 8.73, 1.16, 8.63, 8.61, 8.75, 8.60, 244135.02, 211958831, 1.15, 1.74, 0.40, 671.82994
2017-07-06, 4, gao_du, 10.51, 8.96, 2.63, 8.73, 8.75, 9.00, 8.73, 423779.13, 377068571, 2.00, 3.09, 0.70, 666.96882
2017-07-07, 4, gao_du, 10.50, 8.89, -0.78, 8.96, 8.91, 8.94, 8.85, 177125.88, 157309805, 0.84, 1.00, 0.29, 732.1229
2017-07-10, 5, qiang_lie, 10.49, 8.77, -1.35, 8.89, 8.91, 8.96, 8.76, 177029.02, 156468051, 0.84, 2.25, 0.29, 614.15982
2017-07-11, 5, qiang_lie, 10.47, 8.58, -2.17, 8.77, 8.75, 8.79, 8.57, 186056.23, 161372400, 0.88, 2.51, 0.31, 677.51408
2017-07-12, 4, gao_du, 10.45, 8.43, -1.75, 8.58, 8.55, 8.60, 8.33, 206001.23, 173640707, 0.97, 3.15, 0.34, 592.2792
2017-07-13, 3, zhong_du, 10.44, 8.41, -0.24, 8.43, 8.41, 8.45, 8.36, 135962.65, 114345605, 0.64, 1.07, 0.22, 1678.46298
2017-07-14, 3, zhong_du, --, 8.54, 1.55, 8.41, 8.41, 8.63, 8.35, 192771.65, 163407220, 0.91, 3.33, 0.32, 598.05608
2017-07-17, 3, zhong_du, --, 7.83, -8.31, 8.54, 8.50, 8.50, 7.83, 341192.24, 275924101, 1.61, 7.85, 0.56, 873.93808
2017-07-18, 2, qing_du, 10.36, 7.91, 1.02, 7.83, 7.83, 7.98, 7.80, 146912.68, 115875582, 0.69, 2.30, 0.24, 1662.99701
2017-07-19, 1, wei_ruo, --, 8.00, 1.14, 7.91, 7.91, 8.04, 7.82, 190163.14, 150802593, 0.90, 2.78, 0.31, 535.69794
2017-07-20, 1, wei_ruo, --, 7.97, -0.38, 8.00, 8.00, 8.07, 7.95, 136801.26, 109599308, 0.65, 1.50, 0.22, 1179.12388
2017-07-21, 1, wei_ruo, --, 7.97, 0.00, 7.97, 7.93, 8.04, 7.93, 102626.14, 81972301, 0.48, 1.38, 0.17, 460.09111
2017-07-24, 1, wei_ruo, 10.30, 7.99, 0.25, 7.97, 7.98, 8.05, 7.95, 114093.74, 91408077, 0.54, 1.25, 0.19, 15657.13096
2017-07-25, 1, wei_ruo, --, 7.90, -1.13, 7.99, 8.00, 8.07, 7.82, 219629.53, 174205252, 1.04, 3.13, 0.36, 923.85101
2017-07-26, 1, wei_ruo, --, 7.82, -1.01, 7.90, 7.89, 7.93, 7.76, 147208.6, 115463226, 0.70, 2.15, 0.24, 661.12399
2017-07-27, 1, wei_ruo, 10.23, 8.15, 4.22, 7.82, 7.80, 8.22, 7.74, 339007.8, 272748443, 1.60, 6.14, 0.56, 794.28506
2017-07-28, 1, wei_ruo, 10.21, 8.04, -1.35, 8.15, 8.15, 8.15, 8.01, 178569.37, 143866078, 0.84, 1.72, 0.29, 679.57497
2017-07-31, 1, wei_ruo, 10.19, 8.08, 0.50, 8.04, 8.04, 8.11, 8.00, 152587.93, 122874822, 0.72, 1.37, 0.25, 808.41303
2017-08-01, 1, wei_ruo, 10.17, 8.22, 1.73, 8.08, 8.07, 8.25, 8.03, 271834, 221593857, 1.28, 2.72, 0.45, 1168.83588
2017-08-02, 1, wei_ruo, 10.15, 8.07, -1.82, 8.22, 8.22, 8.22, 8.06, 166813.14, 135595167, 0.79, 1.95, 0.27, 4548.33603
2017-08-03, 1, wei_ruo, 10.13, 8.15, 0.99, 8.07, 8.06, 8.23, 8.05, 184769.78, 150715524, 0.87, 2.23, 0.30, 730.50308
2017-08-04, 1, wei_ruo, 10.12, 8.06, -1.10, 8.15, 8.13, 8.15, 8.06, 145211.76, 117625338, 0.69, 1.10, 0.24, 672.72305
2017-09-05, 2, qing_du, 10.06, 0.00, 0.00, 8.06, 0.00, 0.00, 0.00, 0, 0, 0.00, 0.00, 0.00, 769.42682
2017-09-06, 2, qing_du, 10.00, 0.00, 0.00, 8.06, 0.00, 0.00, 0.00, 0, 0, 0.00, 0.00, 0.00, 601.21393
2017-09-07, 3, zhong_du, 9.97, 9.06, -2.27, 9.27, 9.15, 9.28, 9.00, 742775.09, 678213397, 3.51, 3.02, 1.22, 954.30303
2017-09-08, 4, gao_du, 9.95, 8.96, -1.10, 9.06, 9.07, 9.10, 8.92, 398416.99, 357569522, 1.88, 1.99, 0.65, 567.45315
2017-09-11, 4, gao_du, 9.94, 0.00, 0.00, 8.06, 0.00, 0.00, 0.00, 0, 0, 0.00, 0.00, 0.00, 632.77316
2017-09-12, 4, gao_du, 9.91, 8.92, -0.56, 8.97, 9.00, 9.06, 8.79, 503616.11, 448007574, 2.38, 3.01, 0.83, 616.51111
2017-09-13, 3, zhong_du, 9.90, 8.82, -1.12, 8.92, 8.87, 8.92, 8.76, 276272.07, 243152085, 1.30, 1.79, 0.45, 599.97296
2017-09-14, 3, zhong_du, 9.89, 8.85, 0.34, 8.82, 8.83, 8.89, 8.76, 239267.1, 211061800, 1.13, 1.47, 0.39, 613.17205
2017-09-15, 3, zhong_du, 9.87, 8.62, -2.60, 8.85, 8.84, 8.85, 8.60, 251054.46, 218109235, 1.19, 2.82, 0.41, 9416.05592
2017-09-18, 3, zhong_du, 9.86, 8.77, 1.74, 8.62, 8.62, 8.81, 8.60, 219228.25, 191717216, 1.04, 2.44, 0.36, 680.92895
2017-09-19, 3, zhong_du, 9.84, 8.81, 0.46, 8.77, 8.78, 8.93, 8.76, 329085.96, 291221801, 1.55, 1.94, 0.54, 1113.56187
2017-09-20, 3, zhong_du, 9.83, 8.77, -0.45, 8.81, 8.79, 8.80, 8.65, 277082.66, 241283133, 1.31, 1.70, 0.45, 596.982
2017-09-21, 3, zhong_du, 9.81, 8.84, 0.80, 8.77, 8.76, 8.95, 8.71, 337137.7, 299367438, 1.59, 2.74, 0.55, 1698.02713
2017-09-22, 3, zhong_du, 9.80, 8.72, -1.36, 8.84, 8.84, 8.93, 8.70, 219486.94, 192785912, 1.04, 2.60, 0.36, 628.8271
2017-09-25, 3, zhong_du, 9.79, 8.48, -2.75, 8.72, 8.65, 8.67, 8.48, 239712.02, 205600326, 1.13, 2.18, 0.39, 628.78799
2017-09-26, 2, qing_du, 9.78, 8.50, 0.24, 8.48, 8.48, 8.55, 8.41, 137856.94, 116736866, 0.65, 1.65, 0.23, 2733.28996
2017-09-27, 2, qing_du, 9.77, 8.50, 0.00, 8.50, 8.52, 8.63, 8.45, 168463.24, 143973657, 0.80, 2.12, 0.28, 706.3899
2017-09-28, 2, qing_du, 9.76, 8.39, -1.29, 8.50, 8.46, 8.54, 8.39, 170215.96, 143885272, 0.80, 1.76, 0.28, 588.40013
2017-09-29, 1, wei_ruo, 9.75, 8.41, 0.24, 8.39, 8.41, 8.48, 8.39, 139710.95, 117631202, 0.66, 1.07, 0.23, 706.44116
2017-10-10, 2, qing_du, 9.72, 8.89, 0.57, 8.84, 8.80, 8.98, 8.76, 281847.92, 250325217, 1.33, 2.49, 0.46, 581.56705
2017-10-12, 3, zhong_du, 9.69, 8.94, -1.76, 9.10, 9.09, 9.15, 8.86, 307272.61, 276476529, 1.45, 3.19, 0.50, 738.14106
2017-10-13, 3, zhong_du, 9.69, 9.00, 0.67, 8.94, 8.94, 9.08, 8.90, 232922.4, 209493767, 1.10, 2.01, 0.38, 666.13913
2017-10-16, 3, zhong_du, 9.67, 8.78, -2.44, 9.00, 9.20, 9.25, 8.72, 356131.11, 319201486, 1.68, 5.89, 0.58, 786.27491
2017-10-17, 3, zhong_du, 9.66, 8.97, 2.16, 8.78, 8.70, 9.16, 8.66, 348910.12, 312117896, 1.65, 5.69, 0.57, 657.77898
2017-10-18, 3, zhong_du, 9.65, 8.78, -2.12, 8.97, 8.93, 9.00, 8.78, 237173.39, 210599898, 1.12, 2.45, 0.39, 729.26903
2017-10-19, 3, zhong_du, 9.63, 8.97, 2.16, 8.78, 8.82, 9.10, 8.81, 542869.15, 488279187, 2.56, 3.30, 0.89, 713.33098
2017-10-20, 4, gao_du, 9.62, 9.35, 4.24, 8.97, 9.20, 9.62, 9.20, 1001665.03, 939795618, 4.73, 4.68, 1.64, 825.09398
2017-10-23, 4, gao_du, 9.62, 9.38, 0.32, 9.35, 9.70, 9.70, 9.35, 1016462.34, 967481791, 4.80, 3.74, 1.67, 690.3789
2017-10-24, 4, gao_du, 9.60, 9.03, -3.73, 9.38, 9.20, 9.27, 8.95, 678535.95, 615569030, 3.21, 3.41, 1.11, 748.41309
2017-10-25, 4, gao_du, 9.59, 9.02, -0.11, 9.03, 9.00, 9.09, 8.88, 385561.6, 346990230, 1.82, 2.33, 0.63, 821.29192
2017-10-26, 4, gao_du, 9.58, 8.98, -0.44, 9.02, 8.99, 9.08, 8.95, 343288.51, 309104331, 1.62, 1.44, 0.56, 687.18791
2017-10-27, 3, zhong_du, 9.57, 8.83, -1.67, 8.98, 8.96, 9.01, 8.81, 301956.96, 268474234, 1.43, 2.23, 0.50, 731.55308
2017-10-30, 3, zhong_du, 9.54, 8.30, -6.00, 8.83, 8.79, 8.79, 8.16, 483647.49, 406469263, 2.28, 7.13, 0.79, 966.76183
2017-10-31, 2, qing_du, 9.53, 8.49, 2.29, 8.30, 8.36, 8.57, 8.29, 290059.76, 245006897, 1.37, 3.37, 0.48, 711.68995
2017-11-01, 1, wei_ruo, 9.52, 8.43, -0.71, 8.49, 8.42, 8.58, 8.41, 204304.41, 172891121, 0.96, 2.00, 0.34, 605.79395
2017-11-02, 1, wei_ruo, 9.51, 8.41, -0.24, 8.43, 8.44, 8.55, 8.34, 170532, 143761099, 0.80, 2.49, 0.28, 1078.06897
2017-11-03, 1, wei_ruo, 9.50, 8.31, -1.19, 8.41, 8.40, 8.43, 8.22, 183090.79, 152172551, 0.86, 2.50, 0.30, 775.55799
2017-11-06, 1, wei_ruo, 9.49, 8.49, 2.17, 8.31, 8.30, 8.49, 8.30, 159015.3, 133738792, 0.75, 2.29, 0.26, 60649.6079
2017-11-08, 1, wei_ruo, 9.47, 8.53, 0.71, 8.47, 8.46, 8.58, 8.36, 246379.18, 208914571, 1.16, 2.60, 0.40, 180738.12294
2017-11-09, 1, wei_ruo, 9.46, 8.43, -1.17, 8.53, 8.50, 8.56, 8.35, 195799.84, 165567818, 0.92, 2.46, 0.32, 680.49693
2017-11-10, 1, wei_ruo, 9.45, 8.45, -0.47, 8.49, 8.48, 8.54, 8.40, 80263.39, 67931115, 0.38, 1.65, 0.26, 1044.82818
2017-11-13, 1, wei_ruo, 9.43, 8.11, -2.41, 8.31, 8.31, 8.37, 8.07, 298067.99, 242889454, 1.41, 3.61, 1.49, 704.7379
2017-11-14, 1, wei_ruo, 9.42, 8.11, 0.00, 8.11, 8.10, 8.15, 8.00, 195938.44, 158236799, 0.92, 1.85, 0.86, 777.65608
2017-11-15, 1, wei_ruo, 9.41, 8.10, -0.12, 8.11, 8.08, 8.16, 8.05, 108130.34, 87646783, 0.51, 1.36, 0.46, 681.29992
2017-11-16, 1, wei_ruo, 9.40, 7.99, -1.36, 8.10, 8.10, 8.14, 7.99, 133336.35, 107487524, 0.63, 1.85, 0.64, 29155.38621
2017-11-17, 1, wei_ruo, 9.38, 7.70, -3.63, 7.99, 7.99, 8.00, 7.69, 288126.93, 225450961, 1.36, 3.88, 1.47, 700.96111
2017-11-20, 1, wei_ruo, 9.37, 7.76, 0.78, 7.70, 7.68, 7.79, 7.56, 139621.04, 107066324, 0.66, 2.99, 0.68, 648.35405
2017-11-21, 1, wei_ruo, 9.36, 7.66, -1.29, 7.76, 7.76, 7.85, 7.63, 151584.55, 116948842, 0.72, 2.84, 0.88, 641.89601
2017-11-22, 1, wei_ruo, 9.34, 7.61, -0.65, 7.66, 7.67, 7.71, 7.59, 166521.47, 127163316, 0.79, 1.57, 1.01, 851.42994
2017-11-23, 1, wei_ruo, 9.33, 7.50, -1.45, 7.61, 7.60, 7.68, 7.44, 153529.6, 116659190, 0.72, 3.15, 0.87, 760.76388
2017-11-24, 1, wei_ruo, 9.32, 7.46, -0.53, 7.50, 7.47, 7.56, 7.37, 108847.72, 81367253, 0.51, 2.53, 0.61, 706.57897
2017-11-27, 1, wei_ruo, 9.31, 7.39, -0.94, 7.46, 7.51, 7.54, 7.38, 100159.89, 74561939, 0.47, 2.14, 0.70, 665.34805
2017-11-28, 1, wei_ruo, 9.30, 7.54, 2.03, 7.39, 7.39, 7.56, 7.38, 118492.66, 88578451, 0.56, 2.44, 0.87, 867.70391
2017-11-29, 1, wei_ruo, 9.29, 7.51, -0.40, 7.54, 7.53, 7.55, 7.38, 113699.24, 85015166, 0.54, 2.25, 0.88, 3177.32692
2017-11-30, 1, wei_ruo, 9.28, 7.51, 0.00, 7.51, 7.48, 7.60, 7.45, 95132, 71561168, 0.45, 2.00, 0.80, 2926.96905
2017-12-01, 1, wei_ruo, 9.28, 7.60, 1.20, 7.51, 7.50, 7.62, 7.48, 114372.25, 86639207, 0.54, 1.86, 1.07, 2730.39699
2017-12-04, 1, wei_ruo, 9.27, 7.44, -2.11, 7.60, 7.60, 7.61, 7.42, 99702.72, 74846383, 0.47, 2.50, 0.92, 836.94911
2017-12-05, 1, wei_ruo, 9.24, 7.05, -5.24, 7.44, 7.41, 7.45, 6.95, 275890.98, 197938914, 1.30, 6.72, 2.55, 749.09711
2017-12-06, 1, wei_ruo, 9.22, 7.06, 0.14, 7.05, 7.04, 7.08, 6.87, 164909.86, 115395629, 0.78, 2.98, 1.18, 872.90096
2017-12-07, 1, wei_ruo, 9.18, 7.47, 5.81, 7.06, 7.04, 7.63, 6.99, 464547.25, 342207823, 2.19, 9.07, 3.10, 691.25104
2017-12-08, 1, wei_ruo, 9.16, 7.37, -1.34, 7.47, 7.37, 7.45, 7.27, 276630.78, 204113061, 1.31, 2.41, 1.24, 637.37321
2017-12-11, 1, wei_ruo, 9.15, 7.37, 0.00, 7.37, 7.37, 7.44, 7.30, 143208.59, 105647136, 0.68, 1.90, 0.56, 1015.07711
2017-12-12, 1, wei_ruo, 9.13, 7.39, 0.27, 7.37, 7.34, 7.52, 7.34, 173742.97, 128983028, 0.82, 2.44, 0.66, 707.67021
2017-12-13, 1, wei_ruo, 9.12, 7.33, -0.81, 7.39, 7.34, 7.43, 7.27, 107099.57, 78535925, 0.51, 2.17, 0.44, 2689.62789
2017-12-14, 1, wei_ruo, 9.11, 7.26, -0.95, 7.33, 7.33, 7.37, 7.25, 112621.57, 82263736, 0.53, 1.64, 0.48, 762.86793
2017-12-15, 1, wei_ruo, 9.11, 7.25, -0.14, 7.26, 7.26, 7.31, 7.22, 85905.24, 62381475, 0.41, 1.24, 0.53, 510.17189
2017-12-18, 1, wei_ruo, 9.10, 7.21, -0.55, 7.25, 7.27, 7.29, 7.20, 95015.93, 68790039, 0.45, 1.24, 0.76, 593.56213
2017-12-19, 1, wei_ruo, 9.09, 7.26, 0.69, 7.21, 7.22, 7.34, 7.20, 112371.02, 81868306, 0.53, 1.94, 0.98, 888.46993
2017-12-20, 1, wei_ruo, 9.08, 7.18, -1.10, 7.26, 7.26, 7.30, 7.16, 86324.63, 62347509, 0.41, 1.93, 0.84, 2776.52884
2017-12-21, 1, wei_ruo, 9.07, 7.13, -0.70, 7.18, 7.16, 7.21, 7.04, 107720.87, 76723191, 0.51, 2.37, 1.09, 2337.852
2017-12-22, 1, wei_ruo, 9.06, 7.04, -1.26, 7.13, 7.08, 7.14, 7.03, 103195.48, 73088092, 0.49, 1.54, 1.06, 1585.09803
2017-12-25, 1, wei_ruo, 9.05, 6.91, -1.85, 7.04, 7.08, 7.10, 6.89, 133916.89, 93563388, 0.63, 2.98, 1.33, 690.19413
2017-12-26, 1, wei_ruo, 9.03, 7.18, 3.91, 6.91, 6.91, 7.21, 6.89, 199973.23, 141931310, 0.94, 4.63, 1.84, 454.59795
2017-12-27, 1, wei_ruo, 9.02, 7.05, -1.81, 7.18, 7.16, 7.16, 7.04, 118453.26, 83861743, 0.56, 1.67, 0.94, 632.59196
2017-12-29, 1, wei_ruo, 9.00, 7.21, 2.27, 7.05, 7.06, 7.39, 7.03, 303427.92, 219458777, 1.43, 5.11, 2.20, 656.50606
2018-01-03, 1, wei_ruo, 8.95, 7.24, 0.42, 7.21, 7.20, 7.26, 7.16, 220133.69, 158985984, 1.04, 1.39, 1.28, 581.19082
2018-01-04, 1, wei_ruo, 8.94, 7.26, 0.28, 7.24, 7.24, 7.28, 7.19, 152200.72, 110015494, 0.72, 1.24, 0.86, 698.03715
2018-01-05, 1, wei_ruo, 8.91, 7.35, 1.24, 7.26, 7.29, 7.46, 7.25, 330252.38, 243158814, 1.56, 2.89, 1.81, 668.10703
2018-01-08, 1, wei_ruo, 8.90, 7.26, -1.22, 7.35, 7.29, 7.31, 7.22, 194291.75, 140965100, 0.92, 1.22, 0.87, 597.33605
2018-01-09, 1, wei_ruo, 8.89, 7.23, -0.41, 7.26, 7.26, 7.30, 7.22, 107984.23, 78307787, 0.51, 1.10, 0.45, 609.34591
2018-01-10, 1, wei_ruo, 8.87, 7.35, 1.66, 7.23, 7.26, 7.56, 7.26, 279817.36, 206554528, 1.32, 4.15, 1.39, 2661.45205
2018-01-11, 1, wei_ruo, 8.83, 7.78, 5.85, 7.35, 7.39, 7.80, 7.25, 702311.34, 534571578, 3.31, 7.48, 3.30, 661.25917
2018-01-12, 1, wei_ruo, 8.81, 7.65, -1.67, 7.78, 7.79, 7.82, 7.59, 419414.92, 321669253, 1.98, 2.96, 1.30, 718.92786
2018-01-15, 2, qing_du, 8.78, 7.35, -3.92, 7.65, 7.60, 7.65, 7.29, 347184.77, 258619089, 1.64, 4.71, 1.02, 677.29902
2018-01-16, 2, qing_du, 8.77, 7.39, 0.54, 7.35, 7.35, 7.45, 7.28, 191457.18, 140917646, 0.90, 2.31, 0.52, 568.60304
2018-01-17, 2, qing_du, 8.75, 7.62, 3.11, 7.39, 7.30, 7.69, 7.28, 370111.12, 278514172, 1.75, 5.55, 0.95, 630.14197
2018-01-18, 2, qing_du, 8.74, 7.53, -1.18, 7.62, 7.57, 7.64, 7.47, 174106.22, 131338758, 0.82, 2.23, 0.43, 502.29311
2018-01-19, 2, qing_du, 8.73, 7.42, -1.46, 7.53, 7.55, 7.57, 7.40, 129755.25, 96998053, 0.61, 2.26, 0.43, 657.09901
2018-01-22, 2, qing_du, 8.71, 7.69, 3.64, 7.42, 7.42, 7.85, 7.34, 429630.82, 329974846, 2.03, 6.87, 1.77, 652.79508
2018-01-23, 3, zhong_du, 8.70, 7.72, 0.39, 7.69, 7.65, 7.76, 7.57, 206254.36, 158027569, 0.97, 2.47, 0.80, 1352.70786
2018-01-24, 3, zhong_du, 8.68, 7.86, 1.81, 7.72, 7.72, 7.93, 7.59, 416091.68, 324270347, 1.96, 4.40, 1.59, 610.20184
2018-01-25, 3, zhong_du, 8.67, 7.71, -1.91, 7.86, 7.78, 7.94, 7.71, 299820.83, 234119058, 1.42, 2.93, 1.11, 2750.09704
2018-01-26, 3, zhong_du, 8.66, 7.66, -0.65, 7.71, 7.68, 7.78, 7.63, 164814.02, 126635400, 0.78, 1.95, 0.56, 677.94204
2018-01-29, 3, zhong_du, 8.65, 7.73, 0.91, 7.66, 7.65, 7.77, 7.60, 200779.64, 154220028, 0.95, 2.22, 0.66, 810.84895
2018-01-30, 3, zhong_du, 8.65, 7.63, -1.29, 7.73, 7.72, 7.79, 7.63, 122872.8, 94322420, 0.58, 2.07, 0.48, 468.60218
2018-01-31, 3, zhong_du, 8.63, 7.27, -4.72, 7.63, 7.59, 7.62, 7.25, 262692.66, 194131728, 1.24, 4.85, 1.09, 766.61205
2018-02-01, 2, qing_du, 8.62, 7.00, -3.71, 7.27, 7.24, 7.33, 6.98, 212057.23, 151600280, 1.00, 4.81, 1.01, 621.29998
2018-02-02, 1, wei_ruo, 8.60, 6.88, -1.71, 7.00, 6.98, 7.05, 6.76, 195104.75, 134453490, 0.92, 4.14, 1.01, 842.00883
2018-02-05, 1, wei_ruo, 8.59, 6.85, -0.44, 6.88, 6.79, 6.92, 6.72, 112748.79, 76909632, 0.53, 2.91, 0.57, 956.352
2018-02-06, 1, wei_ruo, 8.56, 6.25, -8.76, 6.85, 6.72, 6.76, 6.25, 254229.48, 165510423, 1.20, 7.45, 1.40, 570.53995
2018-02-07, 1, wei_ruo, 8.55, 6.25, 0.00, 6.25, 6.40, 6.45, 6.15, 163574.26, 103593805, 0.77, 4.80, 0.79, 879.99487
2018-02-08, 1, wei_ruo, 8.54, 6.40, 2.40, 6.25, 6.24, 6.47, 6.24, 110275.31, 70436500, 0.52, 3.68, 0.64, 873.60382
2018-02-09, 1, wei_ruo, 8.52, 6.22, -2.81, 6.40, 6.24, 6.47, 6.16, 175159.86, 109919284, 0.83, 4.84, 1.23, 865.21316
2018-02-12, 1, wei_ruo, 8.51, 6.33, 1.77, 6.22, 6.24, 6.40, 6.24, 94672.59, 60043000, 0.45, 2.57, 0.64, 749.83907
2018-02-13, 1, wei_ruo, 8.50, 6.35, 0.32, 6.33, 6.38, 6.44, 6.32, 91241.99, 58206049, 0.43, 1.90, 0.72, 595.42108
2018-02-14, 1, wei_ruo, 8.49, 6.38, 0.47, 6.35, 6.35, 6.40, 6.32, 55939.92, 35636600, 0.26, 1.26, 0.60, 2754.26888
