2015-08-20, 1, wei_ruo, 17.34, 15.52, -5.48, 16.42, 15.85, 16.68, 15.42, 133121.59, 213437441, 7.53, 7.67, 0.61, 838.39417
2015-08-21, 1, wei_ruo, 17.12, 14.09, -9.21, 15.52, 15.14, 15.50, 14.04, 144219.61, 212093857, 8.16, 9.41, 0.73, 1077.44002
2015-08-25, 1, wei_ruo, 16.55, 11.41, -10.02, 12.68, 11.41, 11.81, 11.41, 124532.79, 142631632, 7.04, 3.15, 0.81, 1199.26596
2015-08-26, 1, wei_ruo, 15.97, 10.29, -9.82, 11.41, 11.41, 11.89, 10.29, 179304.56, 199931566, 10.14, 14.02, 1.30, 2526.42202
2015-10-29, 4, gao_du, 17.54, 18.36, 4.50, 17.57, 17.86, 18.45, 16.77, 332057.94, 584471954, 18.78, 9.56, 1.01, 9946.13814
2015-10-30, 4, gao_du, 17.62, 18.18, -0.98, 18.36, 18.27, 18.72, 17.46, 233130.77, 420980815, 13.19, 6.86, 0.74, 982.26881
2015-11-02, 4, gao_du, 17.51, 16.36, -10.01, 18.18, 17.41, 17.71, 16.36, 237254.78, 404246647, 13.42, 7.43, 0.86, 3197.50094
2015-11-03, 3, zhong_du, 17.30, 15.61, -4.58, 16.36, 16.48, 16.66, 15.54, 235699.63, 375604193, 13.33, 6.85, 0.87, 919.523
2015-11-04, 3, zhong_du, 17.13, 16.75, 7.30, 15.61, 15.77, 16.80, 15.65, 339219.18, 555230957, 19.19, 7.37, 1.37, 1259.78708
2015-11-05, 3, zhong_du, 17.05, 16.80, 0.30, 16.75, 16.69, 17.39, 16.11, 384735.74, 642803686, 21.76, 7.64, 1.40, 1135.71596
2015-11-06, 3, zhong_du, 17.04, 17.15, 2.08, 16.80, 16.68, 17.28, 16.51, 256501.39, 436519305, 14.51, 4.58, 0.90, 1172.27507
2015-11-09, 3, zhong_du, 17.14, 17.75, 3.50, 17.15, 16.80, 18.28, 16.62, 337745.49, 592737408, 19.10, 9.68, 1.16, 16981.848
2015-11-10, 3, zhong_du, 17.17, 17.39, -2.03, 17.75, 17.44, 17.75, 17.03, 256274.44, 446213495, 14.50, 4.06, 0.82, 383.76498
2015-11-11, 4, gao_du, 17.17, 18.43, 5.98, 17.39, 17.46, 18.68, 17.31, 355782.56, 644329984, 20.12, 7.88, 1.13, 311.41305
2015-11-12, 4, gao_du, 17.47, 17.95, -2.60, 18.43, 18.25, 18.38, 17.73, 273577.76, 492268407, 15.47, 3.53, 0.86, 998.22593
2015-11-13, 4, gao_du, 17.42, 16.91, -5.79, 17.95, 17.58, 17.74, 16.61, 200059.1, 343831849, 11.32, 6.30, 0.68, 1139.66203
2015-11-16, 4, gao_du, 17.39, 17.36, 2.66, 16.91, 16.41, 17.36, 16.26, 137097.75, 233418126, 7.75, 6.51, 0.48, 3921.00906
2015-11-17, 4, gao_du, 17.37, 16.93, -2.48, 17.36, 17.57, 17.71, 16.80, 156118.4, 270738636, 8.83, 5.24, 0.64, 1068.72106
2015-11-18, 4, gao_du, 17.32, 16.30, -3.72, 16.93, 17.00, 17.18, 16.25, 119549.65, 200822657, 6.76, 5.49, 0.53, 1226.57704
2015-11-19, 4, gao_du, 17.28, 16.87, 3.50, 16.30, 16.40, 16.90, 16.30, 111459.24, 185025872, 6.30, 3.68, 0.63, 32027.493
2015-11-20, 4, gao_du, 17.28, 17.50, 3.73, 16.87, 16.98, 17.75, 16.81, 181268.31, 314268763, 10.25, 5.57, 1.25, 33507.59792
2015-11-23, 4, gao_du, 17.32, 17.36, -0.80, 17.50, 17.45, 18.10, 17.22, 200447.94, 354513318, 11.34, 5.03, 1.42, 32080.3659
2015-11-24, 4, gao_du, 17.32, 17.70, 1.96, 17.36, 17.31, 17.73, 16.71, 144700.1, 249356443, 8.18, 5.88, 0.94, 1012.20107
2015-11-25, 5, qiang_lie, 17.46, 18.41, 4.01, 17.70, 17.88, 18.48, 17.60, 292496.87, 529048554, 16.54, 4.97, 1.93, 993.06107
2015-11-26, 5, qiang_lie, 17.61, 18.09, -1.74, 18.41, 18.60, 19.00, 18.09, 282295.36, 523702998, 15.97, 4.94, 1.52, 847.06402
2015-11-27, 5, qiang_lie, 17.54, 16.42, -9.23, 18.09, 18.40, 18.43, 16.28, 224084.96, 388609790, 12.67, 11.89, 1.02, 930.6159
2015-11-30, 4, gao_du, 17.41, 16.30, -0.73, 16.42, 16.42, 16.65, 15.20, 154711.16, 248638265, 8.75, 8.83, 0.68, 928.73287
2015-12-01, 3, zhong_du, 17.34, 16.18, -0.74, 16.30, 16.20, 16.59, 16.00, 95416.44, 156313969, 5.40, 3.62, 0.49, 1347.95403
2015-12-02, 3, zhong_du, 17.27, 16.36, 1.05, 16.19, 16.30, 16.66, 15.41, 105806.6, 170448258, 5.98, 7.72, 0.50, 863.02686
2016-03-17, 3, zhong_du, 17.42, 16.49, 0.79, 16.36, 16.00, 17.00, 14.85, 347145.92, 549660765, 19.63, 13.14, 1.98, 683.17819
2016-03-18, 2, qing_du, 17.25, 16.60, 0.67, 16.49, 15.92, 16.98, 15.82, 315540.94, 519026947, 17.85, 7.03, 1.68, 743.34407
2016-03-21, 2, qing_du, 17.32, 18.26, 10.00, 16.60, 16.83, 18.26, 16.81, 236860.93, 418693312, 13.40, 8.73, 1.15, 2504.96602
2016-03-22, 3, zhong_du, 17.77, 18.90, 3.50, 18.26, 18.58, 19.80, 18.41, 462887.08, 879428671, 26.18, 7.61, 2.08, 882.447
2016-03-23, 3, zhong_du, 18.12, 19.70, 4.23, 18.90, 18.90, 19.74, 18.33, 411877.68, 787215091, 23.30, 7.46, 1.40, 2603.67799
2016-03-24, 4, gao_du, 18.25, 18.70, -5.08, 19.70, 19.20, 19.60, 18.60, 274625.23, 524218426, 15.53, 5.08, 0.77, 719.81597
2016-03-25, 4, gao_du, 18.27, 18.49, -1.12, 18.70, 18.50, 18.83, 17.92, 176577.08, 324941035, 9.99, 4.87, 0.52, 749.47095
2016-03-28, 4, gao_du, 18.35, 18.58, 0.49, 18.49, 18.70, 19.80, 18.38, 235960.09, 448223388, 13.35, 7.68, 0.75, 2351.57895
2016-03-29, 4, gao_du, 18.32, 17.76, -4.41, 18.58, 18.50, 18.76, 17.51, 153928.55, 277178817, 8.71, 6.73, 0.49, 733.22606
2016-03-30, 4, gao_du, 18.30, 18.25, 2.76, 17.76, 17.91, 18.33, 17.62, 154722.67, 279388294, 8.75, 4.00, 0.62, 1415.97605
2016-03-31, 4, gao_du, 18.30, 17.99, -1.42, 18.25, 18.60, 18.80, 17.95, 151410.22, 277661093, 8.56, 4.66, 0.76, 955.61719
2016-04-01, 3, zhong_du, 18.20, 17.25, -4.11, 17.99, 17.79, 17.88, 16.77, 166191.18, 286662137, 9.40, 6.17, 0.95, 2942.92402
2016-04-05, 3, zhong_du, 18.15, 17.76, 2.96, 17.25, 17.25, 17.80, 17.10, 141980.11, 249349973, 8.03, 4.06, 0.82, 478.06787
2016-04-06, 3, zhong_du, 18.12, 18.01, 1.41, 17.76, 17.50, 18.19, 17.39, 156085.12, 276354341, 8.83, 4.50, 1.02, 531.38709
2016-04-07, 3, zhong_du, 18.08, 17.20, -4.50, 18.01, 18.00, 18.11, 17.20, 127609.22, 224318009, 7.22, 5.05, 0.83, 2668.823
2016-04-08, 3, zhong_du, 18.00, 16.75, -2.62, 17.20, 16.97, 17.04, 16.50, 103949.84, 174835547, 5.88, 3.14, 0.70, 792.43207
2016-04-11, 3, zhong_du, 17.95, 17.29, 3.22, 16.75, 16.96, 17.29, 16.85, 100500.24, 172397355, 5.68, 2.63, 0.72, 408.05197
2016-04-12, 3, zhong_du, 17.92, 17.08, -1.21, 17.29, 17.30, 17.30, 16.80, 73180.26, 124397819, 4.14, 2.89, 0.58, 644.04011
2016-04-13, 2, qing_du, 17.88, 17.25, 1.00, 17.08, 17.17, 17.64, 17.17, 124953.22, 217452234, 7.07, 2.75, 1.11, 2527.10795
2016-04-14, 3, zhong_du, 17.86, 17.63, 2.20, 17.25, 17.56, 17.83, 17.40, 122698.94, 216291566, 6.94, 2.49, 1.16, 578.49789
2016-04-15, 3, zhong_du, 17.84, 17.40, -1.30, 17.63, 17.80, 17.85, 17.32, 85203.16, 148721748, 4.82, 3.01, 0.81, 554.29888
2016-04-18, 3, zhong_du, 17.79, 16.72, -3.91, 17.40, 17.35, 17.35, 16.51, 98606.91, 165353440, 5.58, 4.83, 0.97, 580.90305
2016-04-19, 2, qing_du, 17.75, 16.81, 0.54, 16.72, 16.85, 16.91, 16.55, 61551.99, 103001491, 3.48, 2.15, 0.61, 454.96106
2016-04-20, 2, qing_du, 17.58, 15.22, -9.46, 16.81, 16.78, 16.90, 15.13, 150558.72, 236707158, 8.52, 10.53, 1.53, 482.57303
2016-04-21, 1, wei_ruo, 17.47, 14.91, -2.04, 15.22, 15.20, 15.44, 14.88, 81723.53, 124529314, 4.62, 3.68, 0.79, 711.32302
2016-04-22, 1, wei_ruo, 17.38, 15.07, 1.07, 14.91, 14.92, 15.13, 14.69, 57635.73, 86068357, 3.26, 2.95, 0.60, 2655.65205
2016-04-25, 1, wei_ruo, 17.32, 15.26, 1.26, 15.07, 15.11, 15.28, 14.96, 53844.74, 81524112, 3.05, 2.12, 0.60, 5293.99109
2016-04-26, 1, wei_ruo, 17.26, 15.35, 0.59, 15.26, 15.25, 15.35, 15.01, 49276.24, 74868018, 2.79, 2.23, 0.61, 8150.70987
2016-04-27, 1, wei_ruo, 17.19, 15.12, -1.50, 15.35, 15.38, 15.46, 15.10, 55974.42, 85555261, 3.17, 2.35, 0.71, 1075.59991
2016-04-28, 1, wei_ruo, 17.11, 14.90, -1.46, 15.12, 15.20, 15.26, 14.49, 62597.51, 92560133, 3.54, 5.09, 1.05, 576.0181
2016-04-29, 1, wei_ruo, 17.06, 14.68, -1.48, 14.90, 14.80, 14.88, 14.60, 41588.52, 61235191, 2.35, 1.88, 0.74, 841.95614
2016-05-03, 1, wei_ruo, 16.98, 15.34, 4.50, 14.68, 14.79, 15.35, 14.62, 66622.67, 100389257, 3.77, 4.97, 1.27, 490.19504
2016-05-04, 1, wei_ruo, 16.92, 15.35, 0.07, 15.34, 15.32, 15.55, 15.18, 71741.33, 110533837, 4.06, 2.41, 1.30, 365.062
2016-05-05, 1, wei_ruo, 16.86, 15.63, 1.82, 15.35, 15.38, 15.77, 15.30, 70104.15, 109203847, 3.97, 3.06, 1.17, 1736.98902
2016-05-06, 1, wei_ruo, 16.78, 14.68, -6.08, 15.63, 15.50, 15.64, 14.68, 81222.56, 122876556, 4.59, 6.14, 1.30, 657.74918
2016-05-09, 1, wei_ruo, 16.65, 13.63, -7.15, 14.68, 14.38, 14.38, 13.51, 75877.3, 105047711, 4.29, 5.93, 1.15, 698.90499
2016-05-10, 1, wei_ruo, 16.59, 13.55, -0.59, 13.63, 13.51, 13.83, 13.44, 38808.9, 52834651, 2.20, 2.86, 0.53, 2748.64197
2016-05-11, 1, wei_ruo, 16.47, 12.94, -4.50, 13.55, 13.75, 13.80, 12.90, 58058.59, 76740072, 3.28, 6.64, 0.86, 696.62786
2016-05-12, 1, wei_ruo, 16.37, 12.81, -1.00, 12.94, 12.98, 12.98, 12.35, 48793, 61753208, 2.76, 4.87, 0.75, 1296.34309
2016-05-13, 1, wei_ruo, 16.31, 12.93, 0.94, 12.81, 12.81, 13.15, 12.70, 47243.94, 61513744, 2.67, 3.51, 0.78, 745.90397
2016-05-16, 1, wei_ruo, 16.24, 13.49, 4.33, 12.93, 13.15, 13.53, 13.15, 56052.47, 75043159, 2.24, 2.94, 1.04, 14542.81688
2016-05-17, 1, wei_ruo, 16.18, 13.25, -1.78, 13.49, 13.39, 13.49, 13.12, 47107.71, 62517657, 1.88, 2.74, 0.95, 640.24496
2016-05-18, 1, wei_ruo, 16.11, 12.47, -5.89, 13.25, 13.20, 13.20, 12.32, 56061.56, 71018082, 2.24, 6.64, 1.09, 1505.78618
2016-05-19, 1, wei_ruo, 16.01, 12.85, 3.05, 12.47, 12.48, 13.32, 12.48, 77910.42, 100963928, 3.11, 6.74, 1.53, 3307.33109
2016-05-20, 1, wei_ruo, 15.95, 13.07, 1.71, 12.85, 12.80, 13.14, 12.61, 45815.33, 59479335, 1.83, 4.12, 0.81, 2624.19796
2016-05-23, 1, wei_ruo, 15.90, 13.27, 1.53, 13.07, 13.20, 13.35, 13.09, 49304.75, 65337506, 1.97, 1.99, 0.87, 2979.77614
2016-05-24, 1, wei_ruo, 15.85, 13.00, -2.03, 13.27, 13.30, 13.30, 12.90, 40469.72, 52628338, 1.62, 3.01, 0.73, 778.59211
2016-05-25, 1, wei_ruo, 15.81, 14.30, 10.00, 13.00, 13.60, 14.30, 13.55, 54255.08, 77182701, 2.17, 5.77, 0.98, 816.80894
2016-05-26, 1, wei_ruo, 15.71, 14.56, 1.82, 14.30, 14.00, 14.63, 13.81, 177909, 254361599, 7.11, 5.73, 3.22, 2578.48501
2016-05-27, 1, wei_ruo, 15.64, 14.05, -3.50, 14.56, 14.30, 14.42, 14.01, 101885.95, 145039984, 4.07, 2.82, 1.84, 5193.88604
2016-05-30, 1, wei_ruo, 15.60, 13.71, -2.42, 14.05, 13.99, 14.02, 13.65, 63472.13, 87785879, 2.54, 2.63, 1.15, 2486.02104
2016-05-31, 1, wei_ruo, 15.54, 14.37, 4.81, 13.71, 13.83, 14.39, 13.81, 106053.89, 150137301, 4.24, 4.23, 1.92, 5657.78589
2016-06-01, 1, wei_ruo, 15.49, 14.35, -0.14, 14.37, 14.51, 14.80, 14.33, 115613.52, 167910367, 4.62, 3.27, 2.09, 851.48311
2016-06-02, 1, wei_ruo, 15.49, 14.39, 0.28, 14.35, 14.21, 14.48, 14.14, 76013.4, 108922390, 3.04, 2.37, 1.38, 2197.83902
2016-06-03, 1, wei_ruo, 15.42, 14.42, 0.21, 14.39, 14.49, 14.59, 14.35, 93721.9, 135866896, 3.74, 1.67, 1.70, 2788.08498
2016-06-06, 1, wei_ruo, 15.38, 14.33, -0.62, 14.42, 14.47, 14.47, 14.14, 74039.84, 105695990, 2.96, 2.29, 1.34, 1106.1759
2016-06-07, 1, wei_ruo, 15.35, 14.61, 1.95, 14.33, 14.27, 14.79, 14.03, 106087.89, 153554788, 4.24, 5.30, 1.92, 4046.46683
2016-06-08, 1, wei_ruo, 15.32, 14.30, -2.12, 14.61, 14.53, 14.55, 14.16, 66693.64, 95647039, 2.66, 2.67, 1.21, 782.54604
2016-06-13, 1, wei_ruo, 15.26, 13.07, -8.60, 14.30, 14.27, 14.27, 13.06, 78087.6, 107742634, 3.12, 8.46, 1.41, 681.73385
2016-06-14, 1, wei_ruo, 15.22, 13.06, -0.08, 13.07, 13.00, 13.27, 12.85, 50365.1, 65781872, 2.01, 3.21, 0.91, 4610.0471
2016-06-15, 1, wei_ruo, 15.17, 13.43, 2.83, 13.06, 12.80, 13.57, 12.77, 61586.47, 82170366, 2.46, 6.13, 1.11, 4819.1011
2016-06-16, 1, wei_ruo, 15.13, 13.45, 0.15, 13.43, 13.43, 13.53, 13.23, 52282.92, 69964226, 2.09, 2.23, 0.95, 2677.5198
2016-06-17, 1, wei_ruo, 15.10, 13.46, 0.07, 13.45, 13.45, 13.73, 13.29, 49586.16, 67039692, 1.98, 3.27, 0.90, 3656.60095
2016-06-20, 1, wei_ruo, 15.06, 13.46, 0.07, 13.45, 13.45, 13.73, 13.29, 49586.16, 67039692, 1.98, 3.27, 0.90, 3667.87601
2016-06-21, 1, wei_ruo, 15.03, 13.26, -0.45, 13.32, 13.43, 13.58, 13.15, 52987.36, 70971507, 2.12, 3.23, 0.96, 842.95797
2016-06-22, 1, wei_ruo, 15.00, 13.55, 2.19, 13.26, 13.15, 13.55, 13.10, 49783.5, 66490101, 1.99, 3.39, 0.90, 2387.60996
2016-06-23, 1, wei_ruo, 14.94, 14.91, 10.04, 13.55, 13.46, 14.91, 13.46, 256349.09, 377809390, 10.24, 10.70, 4.64, 2746.75703
2016-06-24, 1, wei_ruo, 15.02, 15.62, 4.76, 14.91, 15.00, 15.98, 14.66, 424490.52, 649713049, 16.95, 8.85, 7.68, 1563.55095
2016-06-27, 2, qing_du, 15.12, 15.95, 2.11, 15.62, 15.30, 16.40, 15.11, 297783.68, 467286147, 11.89, 8.26, 5.44, 2678.41983
2016-06-28, 3, zhong_du, 15.16, 15.67, -1.82, 15.96, 15.71, 15.90, 15.38, 192356.87, 300570193, 7.68, 3.26, 3.48, 715.45696
2016-06-30, 3, zhong_du, 15.20, 15.46, -0.32, 15.51, 15.35, 15.80, 15.20, 138335.08, 214253370, 5.53, 3.87, 2.50, 835.20508
2016-07-01, 3, zhong_du, 15.20, 15.30, -1.03, 15.46, 15.42, 15.48, 15.10, 123294.08, 188297145, 4.92, 2.46, 2.23, 582.7632
2016-07-04, 3, zhong_du, 15.21, 15.50, 1.31, 15.30, 15.10, 15.55, 15.03, 125350.22, 193015698, 5.01, 3.40, 2.27, 684.03387
2016-07-05, 3, zhong_du, 15.22, 15.30, -1.29, 15.50, 15.60, 15.64, 15.25, 115170.17, 176746594, 4.60, 2.52, 2.08, 4469.92493
2016-07-06, 3, zhong_du, 15.22, 15.31, 0.07, 15.30, 15.21, 15.37, 15.15, 72833.36, 111125957, 2.91, 1.44, 1.32, 2981.09102
2016-07-07, 3, zhong_du, 15.22, 15.19, -0.78, 15.31, 15.32, 15.44, 15.03, 94932.18, 144615410, 3.79, 2.68, 1.72, 789.0501
2016-07-08, 3, zhong_du, 15.22, 15.32, 0.86, 15.19, 15.25, 15.43, 15.16, 100477.21, 154133652, 4.01, 1.78, 1.82, 6027.94385
2016-07-11, 3, zhong_du, 15.22, 15.15, -1.11, 15.32, 15.44, 15.49, 15.13, 103333.22, 158350274, 4.13, 2.35, 1.87, 1241.03403
2016-07-12, 3, zhong_du, 15.22, 15.30, 0.99, 15.15, 15.01, 15.31, 14.79, 108192, 162941600, 4.32, 3.43, 1.98, 19328.43614
2016-07-13, 3, zhong_du, 15.24, 15.50, 1.17, 15.32, 15.37, 15.69, 15.37, 147213.97, 228454663, 5.88, 2.09, 2.66, 60102.45895
2016-07-14, 3, zhong_du, 15.24, 15.42, -0.52, 15.50, 15.40, 15.55, 15.32, 88561.89, 136640364, 3.54, 1.48, 1.60, 736.71198
2016-07-15, 4, gao_du, 15.25, 15.61, 1.23, 15.42, 15.41, 15.61, 15.11, 97075.33, 148655072, 3.88, 3.24, 1.76, 822.14713
2016-07-18, 4, gao_du, 15.27, 15.46, -0.96, 15.61, 15.48, 15.93, 15.44, 146033.4, 228282369, 5.83, 3.14, 2.64, 747.94912
2016-07-19, 4, gao_du, 15.27, 15.38, -0.52, 15.46, 15.31, 15.44, 15.05, 87272, 132669488, 3.49, 2.52, 1.58, 2500.32711
2016-07-20, 4, gao_du, 15.27, 15.36, -0.13, 15.38, 15.33, 15.46, 15.25, 59728, 91675587, 2.39, 1.37, 1.09, 509.38797
2016-07-21, 4, gao_du, 15.33, 16.13, 4.94, 15.37, 15.27, 16.25, 15.20, 232209.79, 367341830, 9.27, 6.83, 4.20, 5584.01299
2016-07-22, 4, gao_du, 15.35, 15.53, -3.72, 16.13, 15.91, 16.00, 15.51, 134446.17, 211408900, 5.37, 3.04, 2.43, 735.40998
2016-07-25, 5, qiang_lie, 15.35, 15.30, -1.48, 15.53, 15.57, 15.84, 15.24, 87156.84, 135196983, 3.48, 3.86, 1.58, 5133.30603
2016-07-26, 5, qiang_lie, 15.35, 15.42, 0.78, 15.30, 15.30, 15.50, 15.22, 60958.51, 93572655, 2.43, 1.83, 1.10, 712.82601
2016-07-27, 4, gao_du, 15.30, 13.99, -9.27, 15.42, 15.46, 15.48, 13.96, 144965.97, 212251471, 5.79, 9.86, 2.62, 6414.37697
2016-07-28, 3, zhong_du, 15.27, 14.09, 0.71, 13.99, 14.15, 14.25, 13.71, 72943.13, 102321932, 2.91, 3.86, 1.32, 16542.07897
2016-07-29, 3, zhong_du, 15.24, 13.96, -0.92, 14.09, 14.08, 14.19, 13.78, 45057, 63018502, 1.80, 2.91, 0.82, 14354.90513
2016-08-01, 2, qing_du, 15.21, 13.67, -2.08, 13.96, 13.80, 13.83, 13.32, 56357.47, 76380542, 2.25, 3.65, 1.02, 2879.68206
2016-08-02, 2, qing_du, 15.18, 14.02, 2.56, 13.67, 13.70, 14.02, 13.64, 56026.36, 77599053, 2.24, 2.78, 1.01, 18113.66415
2016-08-03, 2, qing_du, 15.16, 13.86, -1.14, 14.02, 14.10, 14.17, 13.80, 40884.73, 56899776, 1.63, 2.64, 0.72, 4149.85585
2016-08-04, 2, qing_du, 15.14, 13.97, 0.79, 13.86, 13.80, 13.97, 13.79, 31562.16, 43872576, 1.26, 1.30, 0.58, 14489.38799
2016-08-05, 2, qing_du, 15.12, 13.66, -2.22, 13.97, 13.90, 13.99, 13.61, 42111.03, 58054414, 1.68, 2.72, 0.95, 1218.03784
2016-08-08, 1, wei_ruo, 15.09, 13.88, 1.61, 13.66, 13.66, 13.97, 13.31, 42201.82, 57522902, 1.69, 4.83, 0.96, 4036.53002
2016-08-09, 1, wei_ruo, 15.08, 14.07, 1.37, 13.88, 13.85, 14.08, 13.78, 40660.54, 56813862, 1.62, 2.16, 0.96, 5470.72506
2016-08-10, 1, wei_ruo, 15.06, 14.03, -0.28, 14.07, 14.08, 14.24, 13.95, 42894.63, 60428104, 1.71, 2.06, 1.09, 636.68799
2016-08-11, 1, wei_ruo, 15.04, 13.64, -2.78, 14.03, 13.93, 14.00, 13.61, 39659.51, 54769031, 1.58, 2.78, 0.99, 506.92987
2016-08-15, 1, wei_ruo, 15.01, 14.15, 2.46, 13.81, 13.83, 14.25, 13.81, 46619.57, 65663318, 1.86, 3.19, 1.21, 497.2198
2016-08-16, 1, wei_ruo, 14.99, 14.22, 0.49, 14.15, 14.20, 14.29, 14.10, 49040.73, 69644629, 1.96, 1.34, 1.25, 2574.81503
2016-08-17, 1, wei_ruo, 14.98, 14.31, 0.63, 14.22, 14.10, 14.34, 14.10, 45480.56, 64769586, 1.82, 1.69, 1.11, 14297.93286
2016-08-18, 1, wei_ruo, 14.96, 14.38, 0.49, 14.31, 14.21, 14.45, 14.21, 48525.08, 69551783, 1.94, 1.68, 1.17, 14399.51801
2016-08-19, 1, wei_ruo, 14.95, 14.21, -1.18, 14.38, 14.35, 14.40, 14.15, 34540.5, 49229700, 1.38, 1.74, 0.80, 736.53293
2016-08-22, 1, wei_ruo, 14.94, 14.02, -1.34, 14.21, 14.21, 14.32, 14.02, 31747.02, 44931294, 1.27, 2.11, 0.71, 16107.64813
2016-08-23, 1, wei_ruo, 14.93, 13.86, -1.14, 14.02, 14.00, 14.10, 13.78, 35369.44, 49372277, 1.41, 2.28, 0.84, 508.69703
2016-08-24, 1, wei_ruo, 14.92, 14.24, 2.74, 13.86, 13.91, 14.24, 13.91, 45120.35, 63612702, 1.80, 2.38, 1.15, 536.62086
2016-08-25, 1, wei_ruo, 14.90, 14.07, -1.19, 14.24, 14.16, 14.16, 13.94, 37516.49, 52647402, 1.50, 1.54, 0.97, 717.6249
2016-08-26, 1, wei_ruo, 14.89, 14.14, 0.50, 14.07, 14.05, 14.26, 14.04, 31989.81, 45209203, 1.28, 1.56, 0.87, 387.59613
2016-08-29, 1, wei_ruo, 14.88, 14.20, 0.42, 14.14, 14.25, 14.45, 14.11, 34159.78, 48713889, 1.36, 2.40, 0.94, 589.83803
2016-08-30, 1, wei_ruo, 14.88, 14.20, 0.00, 14.20, 14.20, 14.35, 14.06, 27930.2, 39536372, 1.12, 2.04, 0.76, 418.432
2016-08-31, 1, wei_ruo, 14.87, 13.98, -1.55, 14.20, 14.17, 14.21, 13.97, 9743.97, 13724277, 0.39, 1.69, 1.54, 855.73101
2016-09-01, 1, wei_ruo, 14.85, 14.24, 0.99, 14.10, 14.06, 14.38, 13.97, 64059.52, 90966028, 2.56, 2.91, 2.00, 545.58992
2016-09-02, 1, wei_ruo, 14.85, 13.98, -1.55, 14.20, 14.17, 14.21, 13.97, 9743.97, 13724277, 0.39, 1.69, 1.54, 658.77914
2016-09-05, 1, wei_ruo, 14.85, 13.98, -1.55, 14.20, 14.17, 14.21, 13.97, 9743.97, 13724277, 0.39, 1.69, 1.54, 545.88389
2016-09-06, 1, wei_ruo, 14.85, 14.42, 0.98, 14.28, 14.30, 14.48, 14.01, 73303.68, 104674225, 2.93, 3.29, 2.29, 436.00607
2016-09-07, 1, wei_ruo, 14.85, 13.98, -1.55, 14.20, 14.17, 14.21, 13.97, 9743.97, 13724277, 0.39, 1.69, 1.54, 529.60706
2016-09-19, 1, wei_ruo, 14.85, 13.69, -5.91, 14.55, 13.51, 13.76, 13.30, 147126.83, 200106348, 5.88, 3.16, 4.59, 697.58201
2016-09-20, 1, wei_ruo, 14.85, 13.43, -1.90, 13.69, 13.50, 13.57, 13.31, 87510.17, 117242166, 3.50, 1.90, 2.73, 520.40601
2016-09-21, 1, wei_ruo, 14.85, 13.32, -0.82, 13.43, 13.34, 13.43, 13.27, 61844.37, 82484661, 2.47, 1.19, 1.93, 432.74593
2016-09-22, 1, wei_ruo, 14.85, 13.39, 0.53, 13.32, 13.48, 13.49, 13.33, 55327.54, 74066272, 2.21, 1.20, 1.73, 559.95393
2016-09-23, 1, wei_ruo, 14.85, 13.40, 0.07, 13.39, 13.43, 13.52, 13.36, 52868.11, 71018622, 2.11, 1.19, 1.65, 885.73194
2016-09-26, 1, wei_ruo, 14.85, 12.69, -5.30, 13.40, 13.51, 13.51, 12.68, 62913.15, 82301779, 2.51, 6.19, 1.96, 1724.74599
2016-09-27, 1, wei_ruo, 14.85, 12.89, 1.58, 12.69, 12.69, 12.96, 12.65, 42647.76, 54444803, 1.70, 2.44, 1.33, 651.43585
2016-09-28, 1, wei_ruo, 14.85, 12.76, -1.01, 12.89, 12.88, 12.88, 12.72, 26304.46, 33645315, 1.05, 1.24, 0.82, 2651.67189
2016-09-29, 1, wei_ruo, 14.85, 12.83, 0.55, 12.76, 12.77, 12.88, 12.73, 24423.98, 31303045, 0.98, 1.18, 0.76, 15627.02179
2016-09-30, 1, wei_ruo, 14.85, 12.95, 0.94, 12.83, 12.83, 12.96, 12.80, 22437, 28922623, 0.90, 1.25, 0.70, 577.2841
2016-10-10, 1, wei_ruo, 14.85, 13.37, 3.24, 12.95, 13.12, 13.43, 13.11, 53836.69, 71714767, 2.15, 2.47, 1.68, 2570.52803
2016-10-11, 1, wei_ruo, 14.85, 13.39, 0.15, 13.37, 13.37, 13.48, 13.32, 30161.05, 40381062, 1.20, 1.20, 0.94, 851.00698
2016-10-12, 1, wei_ruo, 14.85, 13.50, 0.82, 13.39, 13.40, 13.68, 13.30, 50949.29, 69104440, 2.03, 2.84, 1.59, 2484.54499
2016-10-13, 1, wei_ruo, 14.85, 13.43, -0.52, 13.50, 13.40, 13.50, 13.32, 30226.9, 40483920, 1.21, 1.33, 0.94, 22471.6332
2016-10-14, 1, wei_ruo, 14.40, 13.36, -0.52, 13.43, 13.43, 13.44, 13.11, 32555.34, 43184080, 1.30, 2.46, 1.02, 10626.60599
2016-10-17, 1, wei_ruo, 14.38, 13.30, -0.45, 13.36, 13.37, 13.37, 13.25, 11836, 15742721, 0.47, 0.90, 0.74, 4414.07204
2016-10-18, 1, wei_ruo, 14.37, 13.33, 1.06, 13.19, 13.13, 13.37, 13.05, 36575.29, 48488141, 1.46, 2.43, 1.14, 669.04807
2016-10-19, 1, wei_ruo, 14.34, , , , , , , , , , , , 501.8959
2016-10-20, 1, wei_ruo, 14.33, 13.34, -0.82, 13.45, 13.44, 13.44, 13.27, 37295.36, 49773702, 1.49, 1.26, 1.01, 4546.942
2016-10-21, 1, wei_ruo, 14.30, 13.78, 3.30, 13.34, 13.33, 14.03, 13.20, 102634.74, 139698747, 4.10, 6.22, 2.73, 13227.82207
2016-10-24, 1, wei_ruo, 14.29, 13.91, 0.94, 13.78, 14.38, 14.40, 13.76, 106260.62, 148393556, 4.24, 4.64, 2.04, 2900.36607
2016-10-25, 1, wei_ruo, 14.28, 14.10, 1.51, 13.89, 13.98, 14.20, 13.82, 86208.84, 120660055, 3.44, 2.74, 1.64, 6077.63004
2016-10-26, 1, wei_ruo, 14.28, 14.04, -0.43, 14.10, 14.19, 14.38, 13.91, 87931.42, 123731635, 3.51, 3.33, 1.67, 551.24617
2016-10-27, 2, qing_du, 14.27, 14.04, 0.00, 14.04, 14.08, 14.13, 13.76, 61206.68, 85152501, 2.44, 2.64, 1.17, 2680.26519
2016-10-28, 2, qing_du, 14.25, 13.61, -3.13, 14.05, 14.05, 14.05, 13.61, 65528.19, 90554966, 2.62, 3.13, 1.25, 597.84389
2016-10-31, 2, qing_du, 14.25, 13.77, 1.18, 13.61, 13.53, 13.78, 13.46, 29312.08, 40111122, 1.17, 2.35, 0.56, 657.21798
2016-11-01, 1, wei_ruo, 14.24, 13.88, 0.73, 13.78, 13.81, 13.93, 13.69, 41476.51, 57206700, 1.66, 1.74, 0.80, 524.96409
2016-11-02, 1, wei_ruo, 14.23, 13.74, -0.94, 13.87, 13.77, 13.90, 13.69, 47889.11, 66127034, 1.91, 1.51, 0.92, 482.23805
2016-11-03, 1, wei_ruo, 14.23, 13.81, 0.07, 13.80, 13.90, 13.90, 13.71, 40205.89, 55559159, 1.61, 1.38, 0.76, 620.19491
2016-11-04, 1, wei_ruo, 14.22, 13.82, 0.07, 13.81, 13.81, 13.89, 13.71, 32840.45, 45304032, 1.31, 1.30, 0.62, 601.35102
2016-11-07, 2, qing_du, 14.21, 14.19, 2.68, 13.82, 13.80, 14.30, 13.79, 105322.36, 148089643, 4.21, 3.69, 2.00, 771.9481
2016-11-08, 2, qing_du, 14.21, 14.18, -0.07, 14.19, 14.19, 14.37, 13.92, 80634.55, 113938100, 3.22, 3.17, 1.55, 403.76115
2016-11-09, 2, qing_du, 14.20, 13.72, -2.97, 14.14, 14.00, 14.13, 13.51, 84830.66, 117069391, 3.39, 4.38, 1.61, 648.25702
2016-11-10, 2, qing_du, 14.19, 13.79, 0.51, 13.72, 13.76, 13.89, 13.67, 55472.3, 76365942, 2.22, 1.60, 1.06, 745.87107
2016-11-11, 2, qing_du, 14.18, 13.74, -0.36, 13.79, 13.73, 13.79, 13.63, 50738.01, 69482428, 2.03, 1.16, 0.97, 16814.15009
2016-11-14, 2, qing_du, 14.17, 14.12, 2.77, 13.74, 13.74, 14.18, 13.70, 97723.02, 136794599, 3.90, 3.49, 1.87, 736.62186
2016-11-15, 3, zhong_du, 14.26, 15.54, 9.98, 14.13, 14.07, 15.54, 13.99, 263711.75, 390933948, 10.53, 10.97, 5.06, 535.08306
2016-11-16, 3, zhong_du, 14.40, 15.30, -1.54, 15.54, 15.54, 16.00, 15.18, 186924.34, 290832369, 7.47, 5.28, 7.11, 502.177
2016-11-17, 4, gao_du, 14.47, 14.56, 3.04, 14.13, 14.07, 14.60, 13.99, 95619.85, 137119695, 3.82, 4.32, 3.64, 587.25882
2016-11-18, 5, qiang_lie, 14.54, 14.56, 3.04, 14.13, 14.07, 14.60, 13.99, 95619.85, 137119695, 3.82, 4.32, 3.64, 974.95294
2016-11-21, 4, gao_du, 14.58, 15.00, -3.66, 15.57, 15.32, 15.32, 14.65, 221539.53, 328909257, 8.85, 4.30, 4.21, 481.29797
2016-11-22, 4, gao_du, 14.61, 15.23, 1.53, 15.00, 14.77, 15.26, 14.69, 157543.63, 236228583, 6.29, 3.80, 3.00, 844.21802
2016-11-23, 4, gao_du, 14.72, 15.81, 3.81, 15.23, 15.10, 16.60, 15.01, 223937.68, 354366806, 8.94, 10.44, 4.31, 500.45705
2016-11-24, 4, gao_du, 14.78, 15.90, 0.57, 15.81, 15.52, 16.09, 15.38, 143469.52, 226061399, 5.73, 4.49, 2.73, 498.40403
2016-11-25, 4, gao_du, 14.81, 15.81, -0.57, 15.90, 15.70, 16.08, 15.22, 91472.3, 142756505, 3.65, 5.41, 1.75, 611.61995
2016-11-28, 4, gao_du, 14.87, 16.05, 1.52, 15.81, 15.68, 16.23, 15.51, 123690.41, 197040185, 4.94, 4.55, 2.37, 497.612
2016-11-29, 5, qiang_lie, 14.97, 15.91, -0.93, 16.06, 16.00, 16.64, 15.86, 191283.22, 312162586, 7.64, 4.86, 3.67, 369.57598
2016-11-30, 5, qiang_lie, 14.98, 15.37, -3.39, 15.91, 15.58, 15.58, 15.03, 96689.01, 148226317, 3.86, 3.46, 1.85, 414.07704
2016-12-01, 4, gao_du, 15.00, 15.56, 1.04, 15.40, 15.40, 15.66, 15.22, 72011.38, 111166148, 2.88, 2.86, 1.37, 591.61401
2016-12-05, 3, zhong_du, 14.99, 14.52, -1.89, 14.80, 14.35, 15.08, 14.25, 54350.23, 79821121, 2.17, 5.61, 1.03, 692.45696
2016-12-06, 3, zhong_du, 14.97, 14.33, -1.31, 14.52, 14.51, 14.78, 14.16, 57874.84, 83568591, 2.31, 4.27, 1.10, 644.14811
2016-12-07, 3, zhong_du, 14.97, 14.58, 1.74, 14.33, 14.34, 14.68, 14.34, 45687.79, 66354572, 1.82, 2.37, 0.87, 647.94302
2016-12-08, 2, qing_du, 14.96, 14.51, -0.48, 14.58, 14.58, 14.64, 14.34, 58538.14, 84610365, 2.34, 2.06, 1.11, 464.98108
2016-12-09, 2, qing_du, 14.95, 14.72, 1.45, 14.51, 14.54, 14.97, 14.43, 101097.13, 149097183, 4.04, 3.72, 1.92, 611.75513
2016-12-12, 2, qing_du, 14.92, 13.95, -5.23, 14.72, 14.55, 14.76, 13.95, 74671.03, 107822434, 2.98, 5.50, 1.42, 488.99508
2016-12-13, 2, qing_du, 14.90, 14.10, 1.08, 13.95, 13.74, 14.26, 13.61, 63487.87, 88467272, 2.54, 4.66, 1.21, 796.10109
2016-12-14, 1, wei_ruo, 14.89, 14.09, -0.07, 14.10, 14.03, 14.26, 13.91, 36485.99, 51424360, 1.46, 2.48, 0.69, 472.48697
2017-02-07, 1, wei_ruo, 14.93, 14.17, -1.32, 14.36, 14.28, 14.38, 14.01, 12245, 17403395, 0.49, 2.58, 0.51, 713.1989
2017-02-08, 1, wei_ruo, 14.92, 14.34, -0.14, 14.36, 14.28, 14.47, 14.01, 25208.12, 35977066, 1.01, 3.20, 0.48, 629.05002
2017-02-09, 1, wei_ruo, 14.92, 14.66, 2.23, 14.34, 14.34, 15.03, 14.20, 33157.01, 48572189, 1.32, 5.79, 0.81, 616.65678
2017-02-10, 1, wei_ruo, 14.91, 14.47, -1.03, 14.62, 14.63, 14.85, 14.42, 26122.16, 37859532, 1.04, 2.94, 0.50, 536.39698
2017-02-13, 1, wei_ruo, 14.91, 14.44, -0.21, 14.47, 14.50, 14.60, 14.38, 19947.72, 28865289, 0.80, 1.52, 0.38, 4705.83296
2017-02-14, 1, wei_ruo, 14.90, 14.45, 0.07, 14.44, 14.42, 14.67, 14.32, 22148.08, 32220109, 0.88, 2.42, 0.42, 595.20292
2017-02-16, 1, wei_ruo, 14.89, 13.98, -0.78, 14.09, 13.98, 14.16, 13.92, 32159.56, 45130185, 1.28, 1.70, 0.61, 2744.50111
2017-02-17, 1, wei_ruo, 14.87, 13.83, -1.07, 13.98, 13.93, 14.13, 13.80, 32331.8, 44960308, 1.29, 2.36, 0.61, 485.425
2017-02-20, 1, wei_ruo, 14.84, 13.83, -1.07, 13.98, 13.93, 14.13, 13.80, 32331.8, 44960308, 1.29, 2.36, 0.61, 593.98603
2017-02-21, 1, wei_ruo, 14.82, 13.73, 1.48, 13.53, 13.50, 13.79, 13.46, 34495.17, 47189108, 1.38, 2.44, 0.66, 1035.01701
2017-02-22, 1, wei_ruo, 14.81, 14.06, 2.40, 13.73, 13.77, 14.08, 13.66, 39226.84, 54698096, 1.57, 3.06, 0.75, 4852.16308
2017-02-23, 1, wei_ruo, 14.79, 13.82, -1.71, 14.06, 14.08, 14.19, 13.75, 44699.71, 62238661, 1.79, 3.13, 0.85, 879.22001
2017-02-24, 1, wei_ruo, 14.78, 13.91, 0.65, 13.82, 13.82, 14.01, 13.80, 7673.93, 10675337, 0.31, 1.52, 0.80, 1209.66792
2017-02-27, 1, wei_ruo, 14.77, 14.28, -0.90, 14.41, 14.30, 14.56, 14.08, 48690.82, 69671858, 1.94, 3.33, 0.93, 1412.34398
2017-02-28, 1, wei_ruo, 14.76, 14.18, -0.70, 14.28, 14.32, 14.32, 14.13, 23545.74, 33425520, 0.94, 1.33, 0.45, 670.94684
2017-03-01, 1, wei_ruo, 14.74, 13.90, -1.97, 14.18, 14.19, 14.26, 13.80, 64854.51, 90482622, 2.59, 3.24, 1.23, 520.58721
2017-03-02, 1, wei_ruo, 14.73, 13.72, -1.29, 13.90, 13.84, 13.96, 13.68, 33040.47, 45442785, 1.32, 2.01, 0.63, 650.86508
2017-03-03, 1, wei_ruo, 14.71, 13.87, 1.09, 13.72, 13.61, 13.90, 13.50, 48965.84, 66869298, 1.96, 2.92, 0.93, 3026.31497
2017-03-06, 1, wei_ruo, 14.70, 13.87, 0.00, 13.87, 13.87, 13.92, 13.76, 35887.11, 49643473, 1.43, 1.15, 0.68, 180795.70198
2017-03-07, 1, wei_ruo, 14.69, 13.96, 0.29, 13.92, 13.93, 14.05, 13.85, 18116.3, 25283476, 0.72, 1.44, 0.69, 778.67889
2017-03-08, 1, wei_ruo, 14.67, 13.81, -0.79, 13.92, 13.93, 14.05, 13.80, 34227.76, 47654031, 1.37, 1.80, 0.65, 2381.39009
2017-03-09, 1, wei_ruo, 14.66, 13.74, -0.51, 13.81, 13.80, 13.90, 13.56, 31249.31, 42821433, 1.25, 2.46, 0.59, 763.88812
2017-03-10, 1, wei_ruo, 14.65, 13.60, -1.02, 13.74, 13.65, 13.81, 13.52, 35265.49, 48246072, 1.41, 2.11, 0.67, 540.52401
2017-03-13, 1, wei_ruo, 14.63, 13.80, 1.47, 13.60, 13.55, 13.83, 13.51, 37908.46, 51937377, 1.51, 2.35, 0.72, 582.18503
2017-03-14, 1, wei_ruo, 14.62, 13.61, -1.38, 13.80, 13.75, 13.85, 13.56, 37686.56, 51713014, 1.51, 2.10, 0.72, 570.08505
2017-03-15, 1, wei_ruo, 14.61, 13.61, 0.00, 13.61, 13.62, 13.76, 13.55, 26187.76, 35709595, 1.05, 1.54, 0.50, 585.44302
2017-03-16, 1, wei_ruo, 14.60, 13.73, 0.88, 13.61, 13.62, 13.77, 13.62, 30188.53, 41355049, 1.21, 1.10, 0.57, 576.11108
2017-03-17, 1, wei_ruo, 14.58, 13.76, 0.22, 13.73, 13.73, 13.95, 13.70, 54781.86, 75794847, 2.19, 1.82, 1.04, 631.69289
2017-03-20, 1, wei_ruo, 14.57, 13.85, 0.65, 13.76, 13.85, 13.91, 13.63, 34305.86, 47277460, 1.19, 2.03, 0.65, 619.76504
2017-03-21, 1, wei_ruo, 14.56, 13.91, 0.43, 13.85, 13.83, 13.98, 13.80, 39257.04, 54618527, 1.36, 1.30, 0.75, 628.39794
2017-03-22, 1, wei_ruo, 14.55, 13.83, -0.58, 13.91, 13.86, 13.94, 13.75, 33103.45, 45918536, 1.15, 1.37, 0.63, 585.13999
2017-03-23, 1, wei_ruo, 14.54, 13.65, -1.30, 13.83, 13.78, 13.86, 13.51, 48739.52, 66495895, 1.69, 2.53, 0.93, 597.19014
2017-03-24, 1, wei_ruo, 14.53, 13.73, 0.59, 13.65, 13.65, 13.75, 13.44, 35588.08, 48306157, 1.23, 2.27, 0.68, 669.49201
2017-03-27, 1, wei_ruo, 14.52, 13.54, -1.38, 13.73, 13.76, 13.76, 13.38, 36173.07, 48941981, 1.25, 2.77, 0.69, 607.46479
2017-03-28, 1, wei_ruo, 14.50, 13.70, 1.18, 13.54, 13.51, 13.91, 13.50, 45826.16, 62865951, 1.59, 3.03, 0.87, 632.82108
2017-03-29, 1, wei_ruo, 14.49, 13.49, -1.53, 13.70, 13.70, 13.74, 13.43, 37012.36, 50030601, 1.28, 2.26, 0.70, 580.95312
2017-03-30, 1, wei_ruo, 14.47, 13.65, 1.19, 13.49, 13.45, 13.71, 13.15, 59313.66, 80177680, 2.05, 4.15, 1.13, 566.12611
2017-03-31, 1, wei_ruo, 14.46, 13.80, 1.10, 13.65, 13.65, 13.87, 13.52, 51826.69, 70742795, 1.79, 2.56, 0.99, 599.23792
2017-04-05, 1, wei_ruo, 14.45, 13.87, 0.51, 13.80, 13.76, 14.03, 13.71, 54062.43, 75170338, 1.87, 2.32, 1.03, 660.45189
2017-04-06, 1, wei_ruo, 14.45, 14.69, 5.91, 13.87, 13.91, 14.82, 13.69, 88271.06, 124654825, 3.06, 8.15, 1.68, 612.61487
2017-04-07, 2, qing_du, 14.44, 14.22, -3.20, 14.69, 14.54, 14.54, 14.15, 77143.44, 110112734, 2.67, 2.65, 1.47, 631.006
2017-04-10, 2, qing_du, 14.44, 14.00, -1.55, 14.22, 14.20, 14.20, 13.81, 40903.16, 57074473, 1.42, 2.74, 0.78, 608.48188
2017-04-11, 2, qing_du, 14.43, 14.00, 0.00, 14.00, 13.85, 14.01, 13.72, 32582.56, 45185114, 1.13, 2.07, 0.62, 645.648
2017-04-12, 2, qing_du, 14.42, 13.72, -2.00, 14.00, 13.97, 13.97, 13.60, 44208.2, 60780024, 1.53, 2.64, 0.84, 1427.60897
2017-04-13, 1, wei_ruo, 14.41, 13.68, -0.29, 13.72, 13.67, 13.83, 13.58, 20083.47, 27563397, 0.70, 1.82, 0.38, 632.76505
2017-04-14, 1, wei_ruo, 14.40, 13.31, -2.70, 13.68, 13.74, 13.74, 13.24, 39926.45, 53647606, 1.38, 3.65, 0.76, 633.72993
2017-04-17, 1, wei_ruo, 14.39, 13.22, -0.68, 13.31, 13.31, 13.45, 13.12, 27658.02, 36760129, 0.96, 2.48, 0.53, 636.28483
2017-04-18, 1, wei_ruo, 14.38, 13.02, -1.51, 13.22, 13.26, 13.28, 12.98, 24607.26, 32325482, 0.85, 2.27, 0.47, 650.20585
2017-04-19, 1, wei_ruo, 14.34, 12.09, -7.14, 13.02, 13.01, 13.01, 11.81, 57192.6, 70539157, 1.98, 9.22, 1.09, 559.29399
2017-04-20, 1, wei_ruo, 14.30, 11.80, -2.40, 12.09, 12.08, 12.12, 11.51, 42203.63, 49671501, 1.46, 5.05, 0.80, 691.63489
2017-04-21, 1, wei_ruo, 14.28, 11.80, 0.00, 11.80, 11.79, 11.92, 11.61, 20172.76, 23757362, 0.70, 2.63, 0.38, 549.34001
2017-04-24, 1, wei_ruo, 14.23, 11.00, -6.78, 11.80, 11.75, 11.75, 10.66, 47051.27, 51983867, 1.63, 9.24, 0.89, 611.27019
2017-04-25, 1, wei_ruo, 14.20, 10.70, -2.73, 11.00, 10.99, 11.13, 10.68, 27654.01, 30104304, 0.96, 4.09, 0.53, 838.36699
2017-04-26, 1, wei_ruo, 14.18, 10.80, 0.93, 10.70, 10.70, 10.95, 10.70, 19912.67, 21534734, 0.69, 2.34, 0.38, 802.56605
2017-04-27, 1, wei_ruo, 14.14, 10.87, 0.65, 10.80, 10.82, 11.02, 10.50, 34544.07, 37259517, 1.20, 4.81, 0.66, 651.19195
2017-04-28, 1, wei_ruo, 14.11, 10.94, 0.64, 10.87, 10.87, 10.94, 10.79, 23504.7, 25546034, 0.81, 1.38, 0.45, 675.67611
2017-05-02, 1, wei_ruo, 14.09, 10.89, -0.46, 10.94, 10.88, 10.96, 10.82, 13204.5, 14378873, 0.46, 1.28, 0.25, 819.75412
2017-05-03, 1, wei_ruo, 14.06, 11.25, 3.31, 10.89, 10.84, 11.40, 10.71, 29646.2, 32983626, 1.03, 6.34, 0.56, 3765.30099
2017-05-04, 1, wei_ruo, 14.04, 11.23, -0.18, 11.25, 11.26, 11.45, 11.02, 21941.14, 24685917, 0.76, 3.82, 0.42, 666.255
2017-05-05, 1, wei_ruo, 14.03, 11.00, -2.05, 11.23, 11.22, 11.32, 11.00, 14015.82, 15602947, 0.49, 2.85, 0.27, 602.18906
2017-05-11, 1, wei_ruo, 13.85, 9.51, -2.76, 9.78, 9.70, 9.74, 9.13, 36500.01, 34423477, 1.26, 6.24, 0.69, 1185.97817
2017-05-12, 1, wei_ruo, 13.79, 10.00, 5.15, 9.51, 9.65, 10.00, 9.52, 39624.58, 38628604, 1.37, 5.05, 0.75, 646.58499
2017-05-31, 1, wei_ruo, 13.79, 11.00, 10.00, 10.00, 11.00, 11.00, 11.00, 4271.05, 4698155, 0.15, 0.00, 0.08, 675.62199
2017-06-01, 1, wei_ruo, 13.66, 11.50, 4.55, 11.00, 11.38, 12.10, 11.10, 158811.51, 183801780, 5.50, 9.09, 3.02, 2154.94204
2017-06-02, 1, wei_ruo, 13.59, 11.30, -1.74, 11.50, 11.01, 11.32, 10.53, 80651.27, 88822442, 2.79, 6.87, 1.53, 1467.0682
2017-06-05, 1, wei_ruo, 13.55, 11.05, -2.21, 11.30, 11.16, 11.49, 11.04, 54864.99, 61455406, 1.90, 3.98, 1.04, 520.50591
2017-06-06, 1, wei_ruo, 13.50, 10.92, -1.18, 11.05, 10.95, 10.95, 10.55, 45460.91, 48897561, 1.57, 3.62, 0.86, 560.65297
2017-06-07, 1, wei_ruo, 13.46, 11.07, 1.37, 10.92, 10.81, 11.18, 10.80, 45584.42, 50172526, 1.58, 3.48, 0.87, 604.11906
2017-06-08, 1, wei_ruo, 13.42, 10.70, -3.34, 11.07, 10.98, 11.08, 10.66, 45656.89, 49503199, 1.58, 3.79, 0.87, 587.88514
2017-06-09, 1, wei_ruo, 13.37, 11.77, 10.00, 10.70, 10.71, 11.77, 10.66, 70163.88, 78786437, 2.43, 10.37, 1.33, 1334.38802
2017-06-12, 1, wei_ruo, 13.31, 11.33, -3.74, 11.77, 11.80, 12.13, 11.28, 103301.61, 120399438, 3.58, 7.22, 1.96, 658.1521
2017-06-13, 1, wei_ruo, 13.28, 11.40, 0.62, 11.33, 11.44, 11.50, 11.25, 43327.62, 49245587, 1.50, 2.21, 0.82, 705.92618
2017-06-14, 1, wei_ruo, 13.26, 11.25, -1.32, 11.40, 11.28, 11.43, 11.21, 28413.22, 32040282, 0.98, 1.93, 0.54, 563.31015
2017-06-15, 1, wei_ruo, 13.23, 11.30, 0.44, 11.25, 11.20, 11.48, 11.18, 41485.02, 47118771, 1.44, 2.67, 0.79, 1190.48715
2017-06-16, 1, wei_ruo, 13.22, 11.23, -0.62, 11.30, 11.20, 11.39, 11.20, 21982.54, 24807193, 0.76, 1.68, 0.42, 690.00292
2017-06-19, 1, wei_ruo, 13.20, 11.36, 1.16, 11.23, 11.21, 11.48, 11.11, 29849.01, 33924028, 1.03, 3.29, 0.57, 795.05897
2017-06-20, 1, wei_ruo, 13.18, 11.19, -1.50, 11.36, 11.46, 11.46, 11.12, 29001.1, 32773659, 1.00, 2.99, 0.55, 583.35996
2017-06-21, 1, wei_ruo, 13.16, 11.16, -0.27, 11.19, 11.22, 11.39, 11.12, 21298.04, 23912203, 0.74, 2.41, 0.41, 826.62606
2017-06-22, 1, wei_ruo, 13.14, 10.59, -5.11, 11.16, 11.16, 11.20, 10.51, 34754.7, 37863876, 1.20, 6.18, 0.66, 655.43914
2017-06-23, 1, wei_ruo, 13.11, 10.55, -0.38, 10.59, 10.59, 10.78, 10.30, 27601.39, 29218135, 0.96, 4.53, 0.52, 820.65701
2017-06-26, 1, wei_ruo, 13.08, 10.97, 3.98, 10.55, 10.55, 11.02, 10.55, 33109.19, 35996376, 1.15, 4.45, 0.63, 5640.07902
2017-06-27, 1, wei_ruo, 13.07, 10.90, -0.64, 10.97, 11.19, 11.19, 10.78, 24753.04, 27054700, 0.86, 3.74, 0.47, 600.71087
2017-06-28, 1, wei_ruo, 13.05, 10.72, -1.65, 10.90, 10.80, 10.86, 10.65, 18699, 20107584, 0.65, 1.93, 0.36, 765.87486
2017-06-29, 1, wei_ruo, 13.04, 10.76, 0.37, 10.72, 10.67, 10.95, 10.67, 13223.01, 14327402, 0.46, 2.61, 0.25, 640.54894
2017-06-30, 2, qing_du, 13.03, 10.74, -0.19, 10.76, 10.76, 10.80, 10.60, 10736.95, 11486472, 0.37, 1.86, 0.20, 633.02803
2017-07-03, 2, qing_du, 13.02, 10.77, 0.28, 10.74, 10.74, 10.84, 10.63, 10036, 10778013, 0.35, 1.96, 0.19, 621.54078
2017-07-04, 2, qing_du, 13.01, 10.96, 1.76, 10.77, 10.79, 11.12, 10.77, 23343.13, 25486041, 0.81, 3.25, 0.44, 574.4071
2017-07-05, 2, qing_du, 12.99, 10.95, -0.09, 10.96, 10.96, 11.02, 10.86, 18745, 20522457, 0.65, 1.46, 0.36, 767.33685
2017-07-06, 2, qing_du, 12.98, 10.98, 0.27, 10.95, 10.99, 11.04, 10.87, 18341.05, 20110589, 0.63, 1.55, 0.35, 838.46307
2017-07-07, 2, qing_du, 12.97, 11.02, 0.36, 10.98, 10.91, 11.10, 10.91, 18695.6, 20639027, 0.65, 1.73, 0.36, 672.297
2017-07-10, 2, qing_du, 12.95, 11.12, 0.91, 11.02, 11.02, 11.15, 10.94, 22474.02, 24846852, 0.78, 1.91, 0.43, 607.67698
2017-07-11, 2, qing_du, 12.94, 10.83, -2.61, 11.12, 11.12, 11.15, 10.80, 19978.01, 21902609, 0.69, 3.15, 0.38, 715.11889
2017-07-12, 3, zhong_du, 12.93, 10.90, 0.65, 10.83, 10.83, 10.92, 10.73, 18673, 20277003, 0.65, 1.75, 0.36, 653.21422
2017-07-13, 3, zhong_du, 12.92, 10.89, -0.09, 10.90, 10.79, 10.99, 10.78, 11429.89, 12454564, 0.40, 1.93, 0.22, 768.00704
2017-07-14, 3, zhong_du, --, 11.00, 1.01, 10.89, 10.92, 11.06, 10.70, 16844.85, 18475137, 0.58, 3.31, 0.32, 659.43694
2017-07-17, 2, qing_du, --, 10.47, -4.82, 11.00, 10.93, 11.00, 10.00, 35217.01, 37594249, 1.22, 9.09, 0.67, 2753.91603
2017-07-18, 2, qing_du, 12.86, 10.60, 1.24, 10.47, 10.48, 10.71, 10.38, 17860.6, 18929301, 0.62, 3.15, 0.34, 601.542
2017-07-19, 2, qing_du, --, 10.63, 0.28, 10.60, 10.67, 10.67, 10.50, 23346.6, 24680743, 0.81, 1.60, 0.44, 633.9581
2017-07-20, 1, wei_ruo, --, 10.78, 1.41, 10.63, 10.77, 10.82, 10.64, 16726.91, 18000772, 0.58, 1.69, 0.32, 544.97504
2017-07-21, 1, wei_ruo, --, 10.69, -0.83, 10.78, 10.67, 10.82, 10.58, 19516.87, 20945774, 0.68, 2.23, 0.37, 463.11808
2017-07-24, 1, wei_ruo, 12.81, 10.72, 0.28, 10.69, 10.69, 10.78, 10.57, 16862.2, 18041623, 0.58, 1.96, 0.32, 864.97402
2017-07-25, 1, wei_ruo, --, 10.70, -0.19, 10.72, 10.75, 10.75, 10.59, 13209.43, 14093468, 0.46, 1.49, 0.25, 2838.58109
2017-07-26, 1, wei_ruo, --, 10.68, -0.19, 10.70, 10.74, 10.74, 10.59, 15790.51, 16833897, 0.55, 1.40, 0.30, 3739.55107
2017-07-27, 1, wei_ruo, 12.77, 10.93, 2.34, 10.68, 10.75, 10.96, 10.58, 21520.03, 23157841, 0.74, 3.56, 0.41, 1825.90199
2017-07-28, 1, wei_ruo, 12.76, 10.93, 0.00, 10.93, 10.93, 11.09, 10.85, 18267, 20072756, 0.63, 2.20, 0.35, 675.43316
2017-07-31, 2, qing_du, 12.75, 10.84, -0.82, 10.93, 11.05, 11.06, 10.78, 15544.66, 16940917, 0.54, 2.56, 0.30, 790.17711
2017-08-01, 2, qing_du, 12.73, 10.63, -1.94, 10.84, 10.97, 10.97, 10.55, 23017.32, 24514329, 0.80, 3.87, 0.44, 751.2939
2017-08-02, 2, qing_du, 12.72, 10.46, -1.60, 10.63, 10.63, 10.74, 10.40, 17698.1, 18663804, 0.61, 3.20, 0.34, 2764.00685
2017-08-03, 2, qing_du, 12.71, 10.53, 0.67, 10.46, 10.49, 10.65, 10.45, 9020, 9510478, 0.31, 1.91, 0.17, 744.53783
2017-08-04, 1, wei_ruo, 12.70, 10.42, -1.04, 10.53, 10.59, 10.62, 10.41, 11207.01, 11742424, 0.39, 1.99, 0.21, 787.84084
2017-08-07, 1, wei_ruo, 12.69, 10.42, 0.00, 10.42, 10.41, 10.48, 10.36, 11137, 11596830, 0.39, 1.15, 0.21, 703.65906
2017-08-08, 1, wei_ruo, 12.68, 10.56, 1.34, 10.42, 10.51, 10.69, 10.41, 13081.01, 13800437, 0.45, 2.69, 0.25, 555.76992
2017-08-09, 1, wei_ruo, 12.68, 10.44, -1.14, 10.56, 10.55, 10.63, 10.39, 12604.21, 13210460, 0.44, 2.27, 0.24, 2725.23117
2017-08-10, 1, wei_ruo, 12.66, 10.23, -2.01, 10.44, 10.48, 10.58, 10.14, 12590.54, 13018380, 0.44, 4.21, 0.24, 739.91394
2017-08-11, 1, wei_ruo, 12.65, 10.07, -1.56, 10.23, 10.19, 10.32, 10.01, 11362.5, 11505862, 0.39, 3.03, 0.22, 601.21822
2017-08-14, 1, wei_ruo, 12.64, 10.24, 1.69, 10.07, 10.05, 10.28, 10.05, 13030.95, 13297010, 0.45, 2.28, 0.25, 2771.83604
2017-08-15, 1, wei_ruo, 12.63, 10.28, 0.39, 10.24, 10.24, 10.29, 10.15, 10758.51, 11006035, 0.37, 1.37, 0.20, 873.76904
2017-08-16, 1, wei_ruo, 12.62, 10.36, 0.78, 10.28, 10.27, 10.42, 10.18, 13053.5, 13508488, 0.45, 2.33, 0.25, 746.57297
2017-08-17, 1, wei_ruo, 12.61, 10.53, 1.64, 10.36, 10.35, 10.80, 10.26, 24637.02, 26005601, 0.85, 5.21, 0.47, 10555.67384
2017-08-18, 1, wei_ruo, 12.59, 10.58, 0.47, 10.53, 10.49, 10.75, 10.30, 25987.26, 27341861, 0.90, 4.27, 0.49, 745.06402
2017-08-21, 2, qing_du, 12.55, 11.13, 5.20, 10.58, 10.62, 11.29, 10.57, 68858.39, 75251301, 2.38, 6.81, 1.31, 836.92217
2017-08-22, 2, qing_du, 12.51, 11.81, 6.11, 11.13, 11.05, 12.09, 10.89, 129012.84, 147919308, 4.47, 10.78, 2.45, 676.86605
2017-08-23, 3, zhong_du, 12.48, 11.47, -2.88, 11.81, 11.73, 11.94, 11.20, 77082.5, 89296256, 2.67, 6.27, 1.47, 805.99284
2017-08-24, 3, zhong_du, 12.47, 11.28, -1.66, 11.47, 11.26, 11.56, 11.16, 34387.3, 38938379, 1.19, 3.49, 0.65, 1385.36596
2017-08-25, 3, zhong_du, 12.46, 11.34, 0.53, 11.28, 11.29, 11.59, 11.22, 29033.11, 33138911, 1.00, 3.28, 0.55, 849.20883
2017-08-28, 3, zhong_du, 12.45, 11.25, -0.79, 11.34, 11.20, 11.38, 11.15, 27555.99, 31015803, 0.95, 2.03, 0.52, 811.04803
2017-08-29, 3, zhong_du, 12.43, 11.12, -1.16, 11.25, 11.20, 11.26, 11.04, 25395, 28289995, 0.88, 1.96, 0.48, 634.92703
2017-08-30, 2, qing_du, 12.43, 11.24, 1.08, 11.12, 11.15, 11.29, 11.04, 15446.59, 17276504, 0.53, 2.25, 0.29, 716.67719
2017-08-31, 2, qing_du, 12.42, 11.25, 0.09, 11.24, 11.28, 11.33, 11.19, 10644.21, 11985611, 0.37, 1.25, 0.41, 807.52897
2017-09-01, 3, zhong_du, 12.40, 11.90, 5.87, 11.24, 11.22, 11.94, 11.15, 92624.57, 107903487, 3.21, 7.03, 1.76, 720.752
2017-09-04, 3, zhong_du, 12.38, 11.25, 0.09, 11.24, 11.28, 11.33, 11.19, 10644.21, 11985611, 0.37, 1.25, 0.41, 2597.50199
2017-09-05, 3, zhong_du, 12.38, 11.25, 0.09, 11.24, 11.28, 11.33, 11.19, 10644.21, 11985611, 0.37, 1.25, 0.41, 721.21
2017-09-06, 4, gao_du, 12.37, 11.25, 0.09, 11.24, 11.28, 11.33, 11.19, 10644.21, 11985611, 0.37, 1.25, 0.41, 670.23206
2017-09-07, 4, gao_du, 12.36, 11.25, 0.09, 11.24, 11.28, 11.33, 11.19, 10644.21, 11985611, 0.37, 1.25, 0.41, 791.16297
2017-09-08, 4, gao_du, 12.35, 11.70, -2.01, 11.94, 11.80, 11.97, 11.62, 40334.4, 47508377, 1.40, 2.93, 0.77, 981.99797
2017-09-11, 4, gao_du, 12.35, 11.25, 0.09, 11.24, 11.28, 11.33, 11.19, 10644.21, 11985611, 0.37, 1.25, 0.41, 689.22997
2017-09-12, 3, zhong_du, 12.33, 11.78, 0.17, 11.76, 11.75, 11.98, 11.50, 50996.13, 60037341, 1.77, 4.08, 0.97, 619.33088
2017-09-13, 3, zhong_du, 12.33, 11.63, -1.27, 11.78, 11.62, 11.80, 11.53, 22922.01, 26751970, 0.79, 2.29, 0.44, 120959.27596
2017-09-14, 3, zhong_du, 12.33, 11.70, 0.60, 11.63, 11.62, 11.85, 11.62, 20701.77, 24294679, 0.72, 1.98, 0.39, 560.251
2017-09-15, 3, zhong_du, 12.32, 11.77, 0.60, 11.70, 11.69, 11.82, 11.55, 19751.21, 23126834, 0.68, 2.31, 0.38, 916.80694
2017-09-18, 3, zhong_du, 12.32, 11.93, 1.36, 11.77, 11.77, 12.04, 11.77, 36577.89, 43554128, 1.27, 2.29, 0.70, 652.05097
2017-09-19, 4, gao_du, 12.31, 11.80, -1.09, 11.93, 11.92, 11.94, 11.77, 18052.1, 21417426, 0.62, 1.42, 0.34, 791.69917
2017-09-20, 4, gao_du, 12.31, 11.90, 0.85, 11.80, 11.83, 11.93, 11.71, 21538.01, 25527208, 0.75, 1.86, 0.41, 1192.99912
2017-09-21, 4, gao_du, 12.30, 11.67, -1.93, 11.90, 11.95, 11.97, 11.62, 21979.1, 25998579, 0.76, 2.94, 0.42, 849.10297
2017-09-22, 4, gao_du, 12.30, 11.89, 1.89, 11.67, 11.65, 11.95, 11.62, 38139.5, 45163525, 1.32, 2.83, 0.73, 641.00504
2017-09-25, 4, gao_du, 12.29, 11.50, -3.28, 11.89, 11.92, 11.93, 11.48, 23180, 27100694, 0.80, 3.78, 0.44, 909.51014
2017-09-26, 4, gao_du, 12.29, 11.55, 0.43, 11.50, 11.46, 11.83, 11.25, 21810.87, 25140560, 0.75, 5.04, 0.41, 646.66891
2017-09-27, 4, gao_du, 12.28, 12.03, 4.16, 11.55, 11.34, 12.06, 11.34, 44995.92, 53309828, 1.56, 6.23, 0.86, 769.17982
2017-09-28, 4, gao_du, 12.27, 11.82, -1.75, 12.03, 12.20, 12.35, 11.80, 75213.48, 90438619, 2.60, 4.57, 1.43, 2633.14486
2017-09-29, 5, qiang_lie, 12.26, 12.16, 2.88, 11.82, 11.70, 12.35, 11.68, 129143.74, 156411316, 4.47, 5.67, 2.46, 822.33095
2017-10-10, 5, qiang_lie, 12.27, 12.39, -1.43, 12.57, 12.42, 12.56, 12.19, 64504.34, 79694128, 2.23, 2.94, 1.23, 609.82203
2017-10-12, 5, qiang_lie, 12.31, 13.23, 9.98, 12.03, 12.13, 13.23, 12.02, 213879.6, 275974436, 7.40, 10.06, 4.07, 703.28593
2017-10-13, 5, qiang_lie, 12.37, 12.99, -1.81, 13.23, 13.13, 13.47, 12.80, 227783.44, 297916843, 7.88, 5.06, 4.33, 675.88687
2017-10-16, 5, qiang_lie, 12.38, 12.41, -4.46, 12.99, 12.70, 12.79, 12.29, 95338.66, 119678283, 3.30, 3.85, 1.81, 4366.25004
2017-10-17, 5, qiang_lie, 12.38, 12.65, 1.93, 12.41, 12.45, 12.73, 12.25, 110494.81, 138259847, 3.82, 3.87, 2.10, 815.18006
2017-10-18, 5, qiang_lie, 12.38, 12.26, -3.08, 12.65, 12.54, 12.61, 12.18, 64536.18, 80002694, 2.23, 3.40, 1.23, 757.31707
2017-10-19, 4, gao_du, 12.41, 13.09, 6.77, 12.26, 12.17, 13.49, 12.12, 162820.38, 211018187, 5.64, 11.17, 3.10, 1110.57782
2017-10-20, 4, gao_du, 12.42, 12.70, -2.98, 13.09, 12.98, 12.98, 12.48, 85468.93, 108323554, 2.96, 3.82, 1.63, 651.89314
2017-10-23, 5, qiang_lie, 12.43, 13.00, 2.36, 12.70, 12.64, 13.07, 12.39, 71480.73, 91020143, 2.47, 5.35, 1.36, 825.81186
2017-10-24, 5, qiang_lie, 12.44, 12.75, -1.92, 13.00, 12.85, 12.94, 12.61, 47158.32, 60132458, 1.63, 2.54, 0.90, 803.8888
2017-10-25, 5, qiang_lie, 12.44, 12.65, -0.78, 12.75, 12.79, 12.79, 12.47, 34692.42, 43606489, 1.20, 2.51, 0.66, 693.61591
2017-10-26, 5, qiang_lie, 12.44, 12.58, -0.55, 12.65, 12.65, 12.79, 12.46, 30736.49, 38752765, 1.06, 2.61, 0.58, 679.50296
2017-10-27, 4, gao_du, 12.44, 12.49, -0.72, 12.58, 12.50, 12.68, 12.45, 22395.59, 28108428, 0.78, 1.83, 0.43, 680.62592
2017-10-30, 4, gao_du, 12.44, 11.72, -6.16, 12.49, 12.60, 12.66, 11.60, 39330.42, 47141881, 1.36, 8.49, 0.75, 697.00003
2017-10-31, 3, zhong_du, 12.43, 11.83, 0.94, 11.72, 11.70, 11.94, 11.68, 18288.62, 21599921, 0.63, 2.22, 0.35, 580.22094
2017-11-01, 2, qing_du, 12.43, 11.60, -1.94, 11.83, 11.84, 11.94, 11.53, 23515, 27564840, 0.81, 3.47, 0.45, 877.59399
2017-11-02, 2, qing_du, 12.42, 11.65, 0.43, 11.60, 11.55, 11.68, 11.20, 32979.3, 37847473, 1.14, 4.14, 0.63, 682.35016
2017-11-03, 1, wei_ruo, 12.41, 11.72, 0.60, 11.65, 11.69, 11.76, 11.49, 19702.18, 22948642, 0.68, 2.32, 0.37, 644.07706
2017-11-06, 1, wei_ruo, 12.41, 11.52, -0.78, 11.61, 11.55, 11.61, 11.44, 1447, 1666857, 0.05, 1.46, 0.55, 2681.15091
2017-11-07, 1, wei_ruo, 12.40, 11.38, -1.98, 11.61, 11.55, 11.61, 11.25, 13947.6, 15891125, 0.48, 3.10, 0.53, 2847.2321
2017-11-09, 2, qing_du, 12.40, 12.34, -1.28, 12.50, 12.42, 12.58, 12.31, 4077, 5061659, 0.14, 2.16, 1.29, 643.21399
2017-11-10, 2, qing_du, 12.40, 11.38, -1.98, 11.61, 11.55, 11.61, 11.25, 13947.6, 15891125, 0.48, 3.10, 0.53, 738.01017
2017-11-13, 3, zhong_du, 12.40, 12.45, -0.16, 12.47, 12.47, 12.65, 12.37, 26638.62, 33297159, 0.92, 2.25, 0.66, 672.62793
2017-11-14, 3, zhong_du, 12.40, 12.06, -3.13, 12.45, 12.48, 12.62, 12.03, 30700.56, 37682479, 1.06, 4.74, 0.71, 749.45688
2017-11-15, 3, zhong_du, 12.40, 12.22, 1.33, 12.06, 12.19, 12.26, 12.05, 18781.01, 22855785, 0.65, 1.74, 0.42, 748.15392
2017-11-16, 2, qing_du, 12.39, 12.30, 0.65, 12.22, 12.14, 12.50, 11.90, 31135.11, 37992698, 1.08, 4.91, 0.89, 686.08809
2017-11-17, 2, qing_du, 12.39, 11.70, -4.88, 12.30, 12.24, 12.30, 11.48, 26730, 32037864, 0.93, 6.67, 0.95, 715.6229
2017-11-20, 2, qing_du, 12.38, 11.92, 1.88, 11.70, 11.63, 11.97, 11.31, 25207.08, 29258323, 0.87, 5.64, 0.94, 642.30704
2017-11-21, 1, wei_ruo, 12.38, 11.63, -2.43, 11.92, 11.92, 11.98, 11.55, 15626.04, 18389311, 0.54, 3.61, 0.59, 838.27114
2017-11-22, 1, wei_ruo, 12.38, 11.52, -0.95, 11.63, 11.75, 11.75, 11.43, 15789, 18239215, 0.55, 2.75, 0.67, 2971.84706
2017-11-23, 1, wei_ruo, 12.37, 11.20, -2.78, 11.52, 11.40, 11.58, 11.20, 18326, 20829441, 0.63, 3.30, 0.80, 638.28397
2017-11-24, 1, wei_ruo, 12.37, 11.22, 0.18, 11.20, 11.15, 11.38, 11.15, 7495, 8435188, 0.26, 2.05, 0.37, 612.19907
2017-11-27, 1, wei_ruo, 12.35, 10.88, -3.03, 11.22, 11.22, 11.22, 10.50, 27033.68, 29266268, 0.94, 6.42, 1.64, 712.52704
2017-11-28, 1, wei_ruo, 12.35, 10.90, 0.18, 10.88, 10.83, 11.05, 10.77, 12255, 13376269, 0.42, 2.57, 0.73, 811.43284
2017-11-29, 1, wei_ruo, 12.34, 10.82, -0.73, 10.90, 10.90, 11.02, 10.78, 10091.45, 10950433, 0.35, 2.20, 0.62, 820.66393
2017-11-30, 1, wei_ruo, 12.34, 10.74, -0.74, 10.82, 10.85, 10.88, 10.70, 7013.01, 7571728, 0.24, 1.66, 0.47, 2531.89301
2017-12-01, 1, wei_ruo, 12.33, 10.84, 0.93, 10.74, 10.74, 10.98, 10.70, 8901.01, 9637897, 0.31, 2.61, 0.70, 585.85191
2017-12-04, 1, wei_ruo, 12.33, 10.55, -2.68, 10.84, 10.88, 10.92, 10.53, 9987.58, 10672496, 0.35, 3.60, 0.76, 699.23687
2017-12-05, 1, wei_ruo, 12.32, 10.60, 0.47, 10.55, 10.65, 10.72, 10.49, 18010.62, 19141280, 0.62, 2.18, 1.87, 795.54296
2017-12-06, 1, wei_ruo, 12.29, 10.90, 2.83, 10.60, 10.59, 10.97, 10.51, 44008.18, 47475994, 1.52, 4.34, 4.07, 607.95116
2017-12-07, 1, wei_ruo, 12.28, 10.89, -0.09, 10.90, 10.90, 10.98, 10.61, 24739.52, 26652588, 0.86, 3.39, 1.41, 583.37522
2017-12-08, 1, wei_ruo, 12.27, 11.01, 1.10, 10.89, 10.73, 11.08, 10.61, 28573.55, 31151680, 0.99, 4.32, 1.35, 592.07201
2017-12-11, 1, wei_ruo, 12.26, 10.98, -0.27, 11.01, 10.94, 11.05, 10.90, 11035.12, 12102852, 0.38, 1.36, 0.44, 668.83898
2017-12-12, 1, wei_ruo, 12.25, 11.02, 0.36, 10.98, 11.00, 11.04, 10.73, 23456, 25597162, 0.81, 2.82, 0.93, 2678.30801
2017-12-13, 1, wei_ruo, 12.24, 11.10, 0.73, 11.02, 10.93, 11.10, 10.90, 16778.04, 18523120, 0.58, 1.81, 0.64, 2620.97192
2017-12-14, 1, wei_ruo, 12.24, chrome=1">
		<style>
			body { font-size: 14px; padding: 2% 0 30px; line-height: 1.5; color: #666; font-family: Hiragino Sans GB,  Microsoft YaHei,  SimHei,  Helvetica Neue,  Helvetica,  Arial,  sans-serif; }
			h1,  h2 { font-weight: normal; margin: 10px 0; line-height: 1.2; }
			h1 { font-size: 36px; color: #333; }
			h2 { font-size: 16px; }
			i { display: inline-block; vertical-align: middle; }
			strong { font-weight: normal; }
			.mb30 { margin-bottom: 30px; }
			.tac { text-align: center; }
			.b span { padding: 0 20px; }
			.b .hr { border-left: 1px dashed #ddd; border-right: 1px dashed #ddd; }
			.fl { float: left; display: inline; }
			.auto { margin-left: auto; margin-right: auto; }
			.fr { float: right; }
			.ms { list-style: none; }
			.db { display: block; }
			.m,  .n { display: inline-block; *display: inline; *zoom: 1; vertical-align: top; }
			.n { width: 166px; }
			.n-1 { border-top: 1px solid #4f71f6; border-bottom: 1px solid #4f71f6; height: 6px; margin: 45px 0; position: relative; }
			.n-1 span,  .n-1 i { position: absolute; height: 0; width: 0; }
			.n1-1,  .n1-1 i { border-top: 4px dashed transparent; border-right: 7px dashed transparent; }
			.n1-1 { top: -9px; right: 0; border-left: 7px solid #4f71f6; border-bottom: 4px solid #4f71f6; }
			.n1-1 i { left: -8px; top: -4px; border-left: 7px solid #fff; border-bottom: 4px solid #fff; }
			.n1-2, 1072.04413
2017-12-15, 1, wei_ruo, 12.23, 11.00, -0.18, 11.02, 11.05, 11.08, 10.87, 11760.01, 12859270, 0.41, 1.91, 0.66, 1237.94794
2017-12-18, 1, wei_ruo, 12.23, 11.00, 0.00, 11.00, 11.00, 11.00, 10.75, 16865, 18420827, 0.58, 2.27, 1.16, 617.42806
2017-12-19, 1, wei_ruo, 12.22, 11.08, 0.73, 11.00, 10.99, 11.10, 10.85, 19647.45, 21618526, 0.68, 2.27, 1.25, 722.96786
2017-12-20, 1, wei_ruo, 12.21, 11.00, -0.72, 11.08, 11.06, 11.06, 10.71, 26408.57, 28717834, 0.91, 3.16, 1.77, 742.61618
2017-12-21, 1, wei_ruo, 12.20, 10.75, -2.27, 11.00, 10.90, 10.90, 10.70, 14267, 15377148, 0.49, 1.82, 0.85, 581.68697
2017-12-22, 1, wei_ruo, 12.19, 10.52, -2.14, 10.75, 10.79, 10.80, 10.45, 17484.61, 18472043, 0.61, 3.26, 0.98, 699.58901
2017-12-25, 1, wei_ruo, 12.18, 10.51, -0.10, 10.52, 10.52, 10.55, 10.28, 12177.76, 12671399, 0.42, 2.57, 0.64, 817.78288
2017-12-26, 1, wei_ruo, 12.18, 10.51, 0.00, 10.51, 10.48, 10.54, 10.38, 6006.1, 6288275, 0.21, 1.52, 0.33, 533.63204
2017-12-27, 1, wei_ruo, 12.17, 10.55, 0.38, 10.51, 10.52, 10.55, 10.38, 8670.02, 9104274, 0.30, 1.62, 0.57, 779.54006
2017-12-29, 1, wei_ruo, 12.16, 11.06, 0.55, 11.00, 11.01, 11.06, 10.89, 8574.02, 9428909, 0.30, 1.55, 0.71, 642.92097
2018-01-03, 1, wei_ruo, 12.15, 11.06, 0.00, 11.06, 11.04, 11.09, 10.88, 14167.6, 15584683, 0.49, 1.90, 1.25, 721.20404
2018-01-04, 1, wei_ruo, 12.15, 10.96, -0.90, 11.06, 10.93, 11.05, 10.93, 9391.2, 10292630, 0.33, 1.08, 0.72, 826.91789
2018-01-05, 1, wei_ruo, 12.14, 11.01, 0.46, 10.96, 10.89, 11.06, 10.80, 12270.66, 13447687, 0.42, 2.37, 0.94, 645.06102
2018-01-08, 1, wei_ruo, 12.14, 11.02, 0.09, 11.01, 10.96, 11.03, 10.85, 10641, 11648225, 0.37, 1.63, 0.83, 641.98303
2018-01-09, 1, wei_ruo, 12.13, 10.96, -0.54, 11.02, 11.00, 11.00, 10.90, 7189.01, 7863783, 0.25, 0.91, 0.65, 640.34104
2018-01-10, 1, wei_ruo, 12.13, 10.79, -1.55, 10.96, 10.93, 10.94, 10.68, 11491.01, 12366362, 0.40, 2.37, 1.07, 658.75721
2018-01-11, 1, wei_ruo, 12.12, 10.72, -0.65, 10.79, 10.79, 10.84, 10.67, 7003.01, 7532035, 0.24, 1.58, 0.69, 612.43701
2018-01-12, 1, wei_ruo, 12.11, 10.68, -0.37, 10.72, 10.70, 10.74, 10.45, 25800, 27401672, 0.89, 2.71, 2.65, 1001.22619
2018-01-15, 1, wei_ruo, 12.10, 10.53, -1.40, 10.68, 10.61, 10.64, 10.35, 24403, 25581073, 0.84, 2.72, 1.96, 752.81
2018-01-16, 1, wei_ruo, 12.09, 10.59, 0.57, 10.53, 10.58, 10.74, 10.44, 11126, 11751885, 0.39, 2.85, 0.73, 639.67109
2018-01-17, 1, wei_ruo, 12.09, 10.61, 0.19, 10.59, 10.57, 10.68, 10.40, 11821.05, 12440918, 0.41, 2.64, 0.74, 772.63999
2018-01-18, 1, wei_ruo, 12.08, 10.61, 0.00, 10.61, 10.59, 10.61, 10.50, 8277, 8740607, 0.29, 1.04, 0.52, 2484.04694
2018-01-19, 1, wei_ruo, 12.08, 10.60, -0.09, 10.61, 10.54, 10.65, 10.51, 8001.64, 8473021, 0.28, 1.32, 0.49, 538.43784
2018-01-22, 1, wei_ruo, 12.07, 10.60, 0.00, 10.60, 10.60, 10.62, 10.50, 7294.7, 7710019, 0.25, 1.13, 0.57, 680.14693
2018-01-23, 1, wei_ruo, 12.07, 10.60, 0.00, 10.60, 10.53, 10.60, 10.50, 9740.69, 10285186, 0.34, 0.94, 1.05, 693.67599
2018-01-24, 1, wei_ruo, 12.06, 10.56, -0.38, 10.60, 10.56, 10.62, 10.53, 8381, 8863783, 0.29, 0.85, 0.93, 628.1209
2018-01-25, 1, wei_ruo, 12.06, 10.62, 0.57, 10.56, 10.56, 10.62, 10.52, 10747, 11361600, 0.37, 0.95, 1.29, 609.24387
2018-01-26, 1, wei_ruo, 12.05, 10.60, -0.19, 10.62, 10.63, 10.63, 10.52, 9862, 10428056, 0.34, 1.04, 1.12, 598.86909
2018-01-29, 1, wei_ruo, 12.05, 10.50, -0.94, 10.60, 10.60, 10.60, 10.40, 11103, 11661422, 0.38, 1.89, 1.21, 771.626
2018-01-30, 1, wei_ruo, 12.04, 10.45, -0.48, 10.50, 10.41, 10.49, 10.28, 11048.09, 11476185, 0.38, 2.00, 1.11, 432.47986
2018-01-31, 1, wei_ruo, 12.03, 9.82, -6.03, 10.45, 10.25, 10.42, 9.82, 22092.01, 22126811, 0.76, 5.74, 2.16, 1361.96899
2018-02-01, 1, wei_ruo, 12.01, 9.49, -3.36, 9.82, 9.78, 9.89, 8.84, 22826, 21434768, 0.79, 10.69, 1.76, 450.09303
2018-02-02, 1, wei_ruo, 11.98, 9.73, 2.53, 9.49, 9.21, 9.73, 9.01, 23653.24, 22271370, 0.82, 7.59, 1.54, 656.34203
2018-02-05, 1, wei_ruo, 11.98, 9.67, -0.62, 9.73, 9.69, 9.70, 9.39, 11359, 10831083, 0.39, 3.19, 0.63, 934.59511
2018-02-06, 1, wei_ruo, 11.94, 8.74, -9.62, 9.67, 9.50, 9.50, 8.72, 36946.1, 33356111, 1.28, 8.07, 2.03, 2739.14599
2018-02-07, 1, wei_ruo, 11.90, 8.80, 0.69, 8.74, 8.99, 8.99, 8.20, 29288, 24966805, 1.01, 9.04, 1.25, 848.45901
2018-02-08, 1, wei_ruo, 11.88, 8.50, -3.41, 8.80, 8.56, 8.68, 8.43, 23049.01, 19625109, 0.80, 2.84, 0.85, 834.88202
2018-02-09, 1, wei_ruo, 11.77, 7.77, -8.59, 8.50, 8.26, 8.27, 7.65, 76743.2, 59189879, 2.66, 7.29, 2.86, 744.48705
2018-02-12, 1, wei_ruo, 11.63, 8.09, 4.12, 7.77, 6.99, 8.14, 6.99, 98290.01, 72337334, 3.40, 14.80, 2.15, 805.80711
2018-02-13, 1, wei_ruo, 11.51, 7.47, -7.66, 8.09, 7.77, 7.77, 7.28, 84960, 63753076, 2.94, 6.06, 0.95, 631.91009
2018-02-14, 1, wei_ruo, 11.41, 7.63, 2.14, 7.47, 7.39, 7.63, 7.12, 73256.3, 54159359, 2.54, 6.83, 0.79, 1015.11288
