2015-08-20, 2, qing_du, 9.53, 9.53, 3.36, 9.22, 9.02, 9.75, 8.95, 200496.25, 188015855, 4.33, 8.68, 1.10, 858.35409
2015-08-21, 2, qing_du, 9.52, 9.10, -4.51, 9.53, 9.23, 9.70, 8.79, 190412.28, 174933442, 4.11, 9.55, 1.01, 1176.22399
2015-08-25, 2, qing_du, 9.44, 7.37, -10.01, 8.19, 7.43, 7.60, 7.37, 104583.09, 77470738, 2.26, 2.81, 0.56, 1113.74187
2015-08-26, 1, wei_ruo, 9.35, 6.68, -9.36, 7.37, 7.38, 7.59, 6.67, 163849.34, 116705502, 3.53, 12.48, 0.98, 1143.54491
2015-10-29, 4, gao_du, 8.63, 9.12, 0.00, 9.12, 9.22, 9.45, 9.00, 165950.26, 152174270, 3.58, 4.93, 0.71, 1047.00398
2015-10-30, 4, gao_du, 8.68, 9.42, 3.29, 9.12, 9.16, 9.93, 9.06, 284742.8, 272892685, 6.14, 9.54, 1.32, 935.97007
2015-11-02, 4, gao_du, 8.72, 9.57, 1.59, 9.42, 9.01, 9.88, 8.95, 224473.61, 215034157, 4.84, 9.87, 1.00, 1560.18806
2015-11-03, 4, gao_du, 8.85, 10.53, 10.03, 9.57, 9.40, 10.53, 9.36, 419263.66, 438913266, 9.04, 12.23, 2.01, 1115.11898
2015-11-04, 5, qiang_lie, 8.96, 11.58, 9.97, 10.53, 10.58, 11.58, 10.55, 222017.56, 247173299, 4.79, 9.78, 0.89, 1090.03878
2015-11-05, 5, qiang_lie, 9.29, 12.74, 10.02, 11.58, 12.74, 12.74, 12.30, 414518.66, 527786173, 8.94, 3.80, 1.57, 1102.07319
2015-11-06, 5, qiang_lie, 9.80, 13.42, 5.34, 12.74, 13.20, 13.99, 12.31, 602413.8, 796211536, 13.00, 13.19, 1.92, 1352.60201
2015-11-09, 5, qiang_lie, 10.13, 13.36, -0.45, 13.42, 13.11, 14.30, 12.63, 416721.23, 559322163, 8.99, 12.44, 1.11, 1166.95905
2015-11-10, 5, qiang_lie, 10.43, 14.70, 10.03, 13.36, 12.90, 14.70, 12.80, 350805.46, 490379788, 7.57, 14.22, 0.85, 456.53701
2015-11-11, 5, qiang_lie, 10.43, 14.80, 0.68, 14.70, 14.88, 15.95, 14.10, 367214.49, 552762230, 7.92, 12.59, 0.92, 264.04285
2015-11-12, 5, qiang_lie, 10.92, 14.22, -3.92, 14.80, 14.91, 15.02, 14.04, 169616.48, 243188921, 3.66, 6.62, 0.39, 1015.75279
2015-11-13, 5, qiang_lie, 11.16, 14.65, 3.02, 14.22, 14.55, 15.54, 14.24, 293841.8, 437592693, 6.34, 9.14, 0.77, 1388.47613
2015-11-16, 5, qiang_lie, 11.42, 15.79, 7.78, 14.65, 14.15, 15.95, 14.00, 285382.91, 436006167, 6.16, 13.31, 0.89, 909.48892
2015-11-17, 5, qiang_lie, 11.60, 16.12, 2.09, 15.79, 16.00, 16.80, 15.30, 178961.61, 286033837, 3.86, 9.50, 0.61, 1119.97485
2015-11-18, 5, qiang_lie, 11.75, 16.00, -0.74, 16.12, 16.00, 16.71, 15.50, 158075.66, 257806189, 3.41, 7.51, 0.61, 1287.15897
2015-11-19, 5, qiang_lie, 11.90, 15.90, -0.63, 16.00, 16.30, 16.55, 15.11, 166863.77, 262226921, 3.60, 9.00, 0.77, 1228.02496
2015-11-20, 5, qiang_lie, 12.17, 17.49, 10.00, 15.90, 15.65, 17.49, 15.65, 252409.64, 426831489, 5.45, 11.57, 1.17, 16667.238
2015-11-23, 5, qiang_lie, 12.47, 18.42, 5.32, 17.49, 17.80, 19.24, 17.00, 233987.23, 423333498, 5.05, 12.81, 1.12, 1015.79189
2015-11-24, 5, qiang_lie, 12.60, 18.34, -0.43, 18.42, 18.99, 18.99, 17.27, 101163.7, 182723804, 2.18, 9.34, 0.51, 1062.83092
2015-11-25, 5, qiang_lie, 12.74, 18.18, -0.87, 18.34, 18.43, 18.62, 17.64, 119461.94, 215547288, 2.58, 5.34, 0.65, 1012.65693
2015-11-26, 5, qiang_lie, 12.91, 17.49, -3.80, 18.18, 18.17, 18.39, 16.98, 157252.04, 274636543, 3.39, 7.76, 0.90, 911.04412
2015-11-27, 5, qiang_lie, 13.02, 15.81, -9.61, 17.49, 17.20, 17.65, 15.74, 145299.65, 240781630, 3.13, 10.92, 0.84, 899.44506
2015-11-30, 5, qiang_lie, 13.12, 15.20, -3.86, 15.81, 15.83, 16.10, 14.33, 221044.51, 337918477, 4.77, 11.20, 1.46, 2865.64708
2015-12-01, 5, qiang_lie, 13.17, 14.50, -4.61, 15.20, 15.10, 15.45, 14.22, 117908.99, 177126592, 2.54, 8.09, 0.89, 1395.81394
2015-12-02, 5, qiang_lie, 13.23, 15.13, 3.28, 14.65, 14.80, 15.50, 14.26, 154182.81, 231825108, 3.33, 8.46, 1.06, 976.30501
2015-12-03, 5, qiang_lie, 13.23, 16.75, 9.98, 15.23, 15.26, 16.75, 14.86, 224062.19, 356433800, 4.83, 12.41, 1.34, 820.85705
2015-12-04, 5, qiang_lie, 13.62, 15.90, -5.07, 16.75, 16.40, 17.15, 15.80, 177442.58, 289510498, 3.83, 8.06, 0.98, 545.76492
2015-12-07, 5, qiang_lie, 13.69, 16.16, 1.64, 15.90, 15.90, 16.65, 15.44, 131832.93, 210449460, 2.84, 7.61, 0.70, 662.45604
2015-12-08, 5, qiang_lie, 13.73, 15.60, -3.47, 16.16, 15.84, 16.06, 15.40, 96684.14, 150897958, 2.09, 4.08, 0.57, 769.89198
2015-12-09, 5, qiang_lie, 13.75, 15.01, -3.78, 15.60, 15.44, 15.73, 14.99, 71897.63, 109624987, 1.55, 4.74, 0.45, 2561.23614
2015-12-10, 5, qiang_lie, 13.79, 15.17, 1.07, 15.01, 15.00, 15.80, 14.97, 92405.24, 141493700, 1.99, 5.53, 0.66, 2809.17406
2015-12-11, 5, qiang_lie, 13.80, 14.20, -6.39, 15.17, 15.06, 15.18, 14.00, 75753.45, 109529271, 1.63, 7.78, 0.66, 1269.26017
2015-12-14, 4, gao_du, 13.80, 14.28, 0.56, 14.20, 14.09, 14.30, 13.52, 108109.88, 149549449, 2.33, 5.49, 1.15, 877.16293
2015-12-15, 4, gao_du, 13.82, 14.60, 2.24, 14.28, 14.40, 14.82, 14.15, 92752.8, 135032126, 2.00, 4.69, 1.04, 1045.74513
2015-12-16, 4, gao_du, 13.86, 15.50, 6.16, 14.60, 14.30, 16.05, 14.30, 138949, 217055532, 3.00, 11.99, 1.58, 2863.06596
2015-12-17, 4, gao_du, 13.91, 15.60, 0.65, 15.50, 15.80, 15.95, 15.30, 122054.84, 189512723, 2.63, 4.19, 1.20, 845.68882
2015-12-18, 4, gao_du, 14.00, 16.26, 4.23, 15.60, 15.55, 16.80, 15.50, 193015.18, 314294304, 4.16, 8.33, 1.80, 812.76011
2015-12-21, 5, qiang_lie, 14.07, 16.22, -0.25, 16.26, 16.03, 16.42, 15.18, 165690.66, 261564495, 3.57, 7.63, 1.27, 1177.03605
2015-12-22, 5, qiang_lie, 14.11, 16.10, -0.74, 16.22, 16.00, 16.29, 15.60, 99381.35, 158778868, 2.14, 4.25, 0.70, 1322.97993
2015-12-23, 5, qiang_lie, 14.20, 16.59, 3.04, 16.10, 15.99, 17.40, 15.86, 156345.04, 262531723, 3.37, 9.57, 1.09, 2842.82899
2015-12-24, 4, gao_du, 14.28, 17.05, 2.77, 16.59, 16.33, 17.22, 16.10, 148593.99, 249846482, 3.21, 6.75, 1.01, 1097.69917
2015-12-25, 4, gao_du, 14.33, 16.82, -1.35, 17.05, 17.16, 17.26, 16.60, 82540.14, 139932525, 1.78, 3.87, 0.54, 765.26904
2015-12-28, 4, gao_du, 14.48, 17.75, 5.53, 16.82, 16.94, 18.50, 16.94, 203399.57, 363546980, 4.39, 9.27, 1.56, 2905.56312
2015-12-29, 5, qiang_lie, 14.70, 19.53, 10.03, 17.75, 17.93, 19.53, 17.92, 230531.86, 436231123, 4.97, 9.07, 1.67, 893.25809
2015-12-30, 5, qiang_lie, 15.07, 20.92, 7.12, 19.53, 19.57, 21.48, 19.40, 293073.59, 595313877, 6.32, 10.65, 2.12, 254.51493
2015-12-31, 5, qiang_lie, 15.31, 20.06, -4.11, 20.92, 20.98, 20.98, 19.71, 210737.79, 425158567, 4.55, 6.07, 1.53, 944.345
2016-01-04, 5, qiang_lie, 15.51, 18.12, -9.67, 20.06, 20.00, 20.55, 18.05, 256354.8, 509184369, 5.53, 12.46, 1.86, 3917.65404
2016-01-05, 5, qiang_lie, 15.62, 17.12, -5.52, 18.12, 16.81, 18.48, 16.50, 270785.55, 468817125, 5.84, 10.93, 1.96, 2798.11883
2016-01-06, 4, gao_du, 15.77, 18.83, 9.99, 17.12, 17.62, 18.83, 17.51, 262201.74, 489171850, 5.66, 7.71, 1.90, 1343.16802
2016-01-07, 3, zhong_du, 15.82, 16.95, -9.98, 18.83, 18.88, 19.62, 16.95, 115030.69, 210607792, 2.48, 14.18, 6.90, 1099.27893
2016-01-08, 3, zhong_du, 15.82, 18.65, 10.03, 16.95, 17.49, 18.65, 17.11, 233223.91, 423833002, 5.03, 9.09, 1.69, 1387.82191
2016-01-11, 3, zhong_du, 16.09, 16.79, -9.97, 18.65, 18.00, 19.96, 16.79, 350521.88, 648709407, 7.56, 17.00, 2.54, 983.39009
2016-01-12, 3, zhong_du, 16.13, 17.17, 2.26, 16.79, 15.63, 17.74, 15.63, 246038.7, 409335645, 5.31, 12.57, 1.78, 1067.21306
2016-01-13, 3, zhong_du, 16.13, 15.79, -8.04, 17.17, 16.70, 17.13, 15.79, 163326.04, 267937805, 3.52, 7.80, 1.18, 940.59682
2016-01-14, 3, zhong_du, 16.15, 17.37, 10.01, 15.79, 14.90, 17.37, 14.90, 171927.14, 280069445, 3.71, 15.64, 1.25, 840.32512
2016-01-15, 2, qing_du, 16.24, 17.38, 0.06, 17.37, 17.38, 18.38, 17.35, 271294.5, 483085782, 5.85, 5.93, 1.97, 945.01686
2016-01-18, 3, zhong_du, 16.36, 19.12, 10.01, 17.38, 16.78, 19.12, 16.71, 265476.54, 492631095, 5.73, 13.87, 1.92, 2601.09591
2016-01-19, 3, zhong_du, 16.56, 20.21, 5.70, 19.12, 19.30, 20.88, 18.55, 267184.27, 521310650, 5.76, 12.19, 1.94, 859.01403
2016-01-20, 4, gao_du, 16.88, 22.23, 10.00, 20.21, 19.81, 22.23, 19.55, 314832.51, 666620611, 6.79, 13.26, 2.28, 751.5769
2016-01-21, 5, qiang_lie, 17.16, 20.01, -9.99, 22.23, 22.23, 22.50, 20.01, 326797.17, 694424619, 7.05, 11.20, 2.37, 4658.4549
2016-01-22, 5, qiang_lie, 17.35, 20.90, 4.45, 20.01, 20.01, 21.41, 19.78, 241162, 500034849, 5.20, 8.15, 1.75, 793.90097
2016-01-26, 5, qiang_lie, 18.02, 20.69, -10.00, 22.99, 22.21, 23.10, 20.69, 345981.55, 756341686, 7.46, 10.48, 2.51, 3025.99287
2016-01-27, 5, qiang_lie, 18.13, 19.73, -4.64, 20.69, 20.69, 21.00, 18.62, 297984.53, 570467324, 6.43, 11.50, 2.16, 776.59512
2016-01-28, 5, qiang_lie, 18.29, 20.30, 2.89, 19.73, 19.19, 21.37, 18.87, 348283.92, 709677960, 7.51, 12.67, 2.52, 843.87898
2016-01-29, 4, gao_du, 18.38, 19.80, -2.46, 20.30, 20.15, 21.20, 18.27, 292924.92, 576353145, 6.32, 14.43, 2.12, 1036.88884
2016-02-01, 4, gao_du, 18.41, 18.29, -7.63, 19.80, 19.24, 20.60, 18.04, 233169.99, 450279371, 5.03, 12.93, 1.69, 791.51511
2016-02-02, 4, gao_du, 18.47, 19.89, 8.75, 18.29, 18.00, 20.09, 18.00, 313408.72, 603669054, 6.76, 11.43, 2.27, 1026.78394
2016-02-03, 4, gao_du, 18.56, 20.58, 3.47, 19.89, 19.38, 20.98, 19.24, 240765.32, 487954004, 5.19, 8.75, 1.74, 1190.14907
2016-02-04, 4, gao_du, 18.70, 21.16, 2.82, 20.58, 20.56, 21.81, 20.18, 261146.28, 545637269, 5.63, 7.92, 1.89, 982.96809
2016-02-05, 4, gao_du, 18.76, 19.70, -6.90, 21.16, 21.10, 21.40, 19.22, 191102.32, 385844967, 4.12, 10.30, 1.38, 1140.62214
2016-02-15, 4, gao_du, 18.78, 19.95, 1.27, 19.70, 18.94, 20.45, 18.33, 120060.27, 235468680, 2.59, 10.76, 0.87, 2930.77612
2016-02-16, 4, gao_du, 18.88, 21.31, 6.82, 19.95, 19.90, 21.80, 19.90, 198011.75, 413887738, 4.27, 9.52, 1.43, 1015.19704
2016-02-17, 4, gao_du, 19.10, 23.44, 10.00, 21.31, 20.80, 23.44, 20.80, 274315.43, 610362432, 5.92, 12.39, 1.99, 1421.83399
2016-02-18, 5, qiang_lie, 19.43, 24.16, 3.07, 23.44, 23.65, 25.20, 22.96, 309380.68, 740500215, 6.67, 9.56, 2.24, 1218.44792
2016-02-19, 5, qiang_lie, 19.59, 24.13, -0.12, 24.16, 24.21, 24.66, 23.40, 162415.31, 390387806, 3.50, 5.22, 1.49, 701.59817
2016-02-22, 5, qiang_lie, 19.59, 24.10, 0.21, 24.05, 24.16, 24.35, 23.40, 195225.83, 464134288, 4.21, 3.95, 0.87, 2332.04794
2016-02-23, 5, qiang_lie, 19.91, 22.94, -4.81, 24.10, 23.95, 24.29, 22.31, 264603.24, 609931327, 5.71, 8.22, 1.11, 2422.29199
2016-02-24, 5, qiang_lie, 20.03, 21.51, -6.23, 22.94, 22.94, 23.19, 20.77, 285785.62, 621567379, 6.17, 10.55, 1.13, 2749.5029
2016-02-25, 5, qiang_lie, 20.05, 19.74, -8.23, 21.51, 21.43, 21.94, 19.39, 292375.36, 603677707, 6.31, 11.85, 1.15, 2758.97193
2016-02-26, 4, gao_du, 20.06, 20.26, 2.63, 19.74, 20.02, 20.68, 19.59, 241345.97, 489650379, 5.21, 5.52, 0.96, 158.75888
2016-02-29, 3, zhong_du, 20.01, 18.23, -10.02, 20.26, 19.39, 19.92, 18.23, 173519.22, 320763206, 3.74, 8.34, 0.68, 947.66808
2016-03-01, 3, zhong_du, 19.85, 18.20, -0.16, 18.23, 17.56, 19.00, 16.41, 334910.52, 577349968, 7.22, 14.21, 1.33, 2806.74696
2016-03-02, 3, zhong_du, 19.75, 18.71, 2.80, 18.20, 17.45, 19.12, 17.00, 293614.77, 534251285, 6.33, 11.65, 1.11, 946.57707
2016-03-03, 2, qing_du, 19.70, 18.45, -1.39, 18.71, 18.69, 19.78, 18.30, 301045.02, 571403150, 6.49, 7.91, 1.13, 1833.95815
2016-03-04, 2, qing_du, 19.52, 16.61, -9.97, 18.45, 18.00, 18.24, 16.61, 314421.2, 537063868, 6.78, 8.83, 1.17, 848.60897
2016-03-07, 2, qing_du, 19.38, 16.79, 1.08, 16.61, 16.61, 17.36, 16.33, 250038.92, 419601750, 5.39, 6.20, 0.88, 712.34107
2016-03-08, 1, wei_ruo, 19.20, 16.60, -1.13, 16.79, 16.60, 16.63, 15.19, 247960.26, 393309476, 5.35, 8.58, 0.83, 547.04499
2016-03-10, 1, wei_ruo, 18.95, 16.62, 2.91, 16.15, 16.19, 17.12, 16.17, 256376.87, 428449792, 5.53, 5.88, 0.99, 1555.68719
2016-03-14, 1, wei_ruo, 18.72, 17.09, 5.95, 16.13, 16.36, 17.56, 16.11, 263846.98, 448738846, 5.69, 8.99, 1.16, 2606.4589
2016-03-15, 1, wei_ruo, 18.65, 17.38, 1.70, 17.09, 17.09, 18.12, 16.81, 251516.14, 442994330, 5.43, 7.67, 1.09, 599.59579
2016-03-16, 1, wei_ruo, 18.58, 16.77, -3.51, 17.38, 17.58, 17.98, 16.41, 196670.24, 337362135, 4.24, 9.03, 0.85, 1473.86909
2016-03-17, 1, wei_ruo, 18.54, 18.32, 9.24, 16.77, 17.00, 18.45, 16.87, 306775.14, 543002500, 6.62, 9.42, 1.31, 650.39611
2016-03-18, 1, wei_ruo, 18.58, 19.47, 6.28, 18.32, 18.33, 19.95, 18.32, 311100.05, 599811432, 6.71, 8.90, 1.28, 805.53198
2016-03-21, 1, wei_ruo, 18.66, 19.71, 1.23, 19.47, 19.70, 20.48, 19.13, 286784.39, 562882744, 6.19, 6.93, 1.08, 2663.98597
2016-03-22, 1, wei_ruo, 18.68, 18.93, -3.96, 19.71, 19.15, 19.30, 18.80, 238793.41, 454686117, 5.15, 2.54, 0.88, 854.26211
2016-03-23, 2, qing_du, 18.69, 19.04, 0.58, 18.93, 18.71, 19.30, 18.43, 189785.66, 357301679, 4.09, 4.60, 0.71, 2604.04778
2016-03-24, 2, qing_du, 18.77, 19.68, 3.36, 19.04, 18.70, 20.94, 18.38, 399681.95, 797246890, 8.62, 13.45, 1.50, 538.02705
2016-03-25, 2, qing_du, 18.79, 19.20, -2.44, 19.68, 19.25, 19.67, 18.70, 195406.55, 374517361, 4.22, 4.93, 0.69, 2549.83687
2016-03-28, 2, qing_du, 18.79, 18.71, -2.55, 19.20, 19.56, 19.75, 18.31, 201915.1, 384437810, 4.36, 7.50, 0.77, 2552.06609
2016-03-29, 1, wei_ruo, 18.79, 18.34, -1.98, 18.71, 18.60, 19.13, 18.02, 142985.16, 266342455, 3.08, 5.93, 0.58, 770.19501
2016-03-30, 1, wei_ruo, 18.79, 19.12, 4.25, 18.34, 18.60, 19.19, 18.13, 189276.34, 353657596, 4.08, 5.78, 0.84, 1180.31883
2016-03-31, 1, wei_ruo, 18.93, 21.03, 9.99, 19.12, 19.32, 21.03, 19.32, 385328.59, 787297793, 8.31, 8.94, 1.71, 167.86098
2016-04-01, 2, qing_du, 19.17, 21.36, 1.57, 21.03, 21.55, 21.80, 20.49, 502934.6, 1063246872, 10.85, 6.23, 2.26, 1134.6519
2016-04-05, 2, qing_du, 19.38, 22.04, 3.18, 21.36, 21.30, 22.70, 20.62, 370883.62, 805407406, 8.00, 9.74, 1.30, 210.03795
2016-04-06, 3, zhong_du, 19.50, 21.55, -2.22, 22.04, 22.00, 22.08, 21.30, 244433.06, 529253004, 5.27, 3.54, 0.77, 1129.2541
2016-04-07, 3, zhong_du, 19.58, 20.89, -3.06, 21.55, 21.60, 21.77, 20.61, 240832.11, 509132869, 5.20, 5.38, 0.71, 615.84687
2016-04-08, 3, zhong_du, 19.63, 20.90, 0.05, 20.89, 20.98, 21.36, 20.49, 172235.59, 360196818, 3.72, 4.16, 0.49, 668.34402
2016-04-11, 2, qing_du, 19.70, 21.15, 1.20, 20.90, 21.18, 21.78, 20.88, 190220.31, 406009545, 4.10, 4.31, 0.62, 402.84514
2016-04-12, 2, qing_du, 19.74, 20.92, -1.09, 21.15, 21.28, 21.28, 20.02, 178966.79, 367983473, 3.86, 5.96, 0.73, 583.92406
2016-04-13, 2, qing_du, 19.82, 20.94, 0.10, 20.92, 21.15, 21.57, 20.70, 262725.76, 554310483, 5.67, 4.16, 1.28, 519.22297
2016-04-14, 3, zhong_du, 19.86, 20.95, 0.05, 20.94, 20.96, 21.25, 20.50, 184912.31, 385677168, 3.99, 3.58, 0.88, 539.45208
2016-04-15, 3, zhong_du, 19.92, 21.13, 0.86, 20.95, 20.79, 21.69, 20.65, 216291.29, 460352290, 4.67, 4.96, 1.09, 451.95198
2016-04-18, 3, zhong_du, 19.93, 20.10, -4.87, 21.13, 20.54, 20.80, 19.12, 281337.09, 561798611, 6.07, 7.95, 1.36, 2819.15593
2016-04-19, 3, zhong_du, 19.92, 19.55, -2.74, 20.10, 20.11, 20.23, 19.38, 194283.46, 381164552, 4.19, 4.23, 0.86, 444.42892
2016-04-20, 3, zhong_du, 19.85, 17.86, -8.64, 19.55, 19.73, 19.82, 17.72, 230087.8, 427501720, 4.96, 10.74, 1.01, 1283.97703
2016-04-21, 2, qing_du, 19.76, 17.28, -3.25, 17.86, 17.87, 18.15, 17.18, 170592.1, 302314318, 3.68, 5.43, 0.77, 761.66606
2016-04-22, 1, wei_ruo, 19.68, 17.37, 0.52, 17.28, 17.11, 17.49, 16.88, 141957.97, 244137691, 3.06, 3.53, 0.65, 713.97185
2016-04-25, 1, wei_ruo, 19.61, 17.04, -1.90, 17.37, 17.36, 17.49, 16.55, 123426.88, 209166560, 2.66, 5.41, 0.61, 2296.14091
2016-04-26, 1, wei_ruo, 19.53, 18.74, 9.98, 17.04, 17.05, 18.74, 17.05, 250427.86, 450770912, 5.40, 9.92, 1.46, 589.28895
2016-04-27, 1, wei_ruo, 19.50, 18.67, -0.37, 18.74, 19.25, 19.25, 18.55, 233797.37, 443193845, 5.04, 3.74, 1.28, 847.55015
2016-04-28, 1, wei_ruo, 19.47, 18.97, 1.61, 18.67, 18.58, 19.48, 18.31, 249527.08, 476541324, 5.38, 6.27, 1.36, 2599.8621
2016-04-29, 2, qing_du, 19.47, 19.56, 3.11, 18.97, 19.04, 20.25, 18.98, 218602.04, 430337804, 4.72, 6.69, 1.09, 960.65307
2016-05-03, 2, qing_du, 19.49, 19.92, 1.84, 19.56, 19.40, 20.23, 19.33, 165549.38, 328925938, 3.57, 4.60, 0.77, 509.70697
2016-05-04, 2, qing_du, 19.52, 20.33, 2.06, 19.92, 19.92, 20.66, 19.70, 206005.03, 415161701, 4.44, 4.82, 0.92, 467.92412
2016-05-05, 3, zhong_du, 19.54, 19.99, -1.67, 20.33, 20.11, 20.34, 19.75, 146845.04, 292566635, 3.17, 2.90, 0.68, 4118.52121
2016-05-06, 3, zhong_du, 19.61, 20.25, 1.30, 19.99, 20.14, 21.30, 20.00, 328580.17, 679569283, 7.09, 6.50, 1.67, 669.17086
2016-05-09, 3, zhong_du, 19.57, 18.23, -9.98, 20.25, 19.87, 19.87, 18.23, 213309.23, 400727014, 4.60, 8.10, 1.00, 2709.18417
2016-05-10, 2, qing_du, 19.53, 19.38, 6.31, 18.23, 17.88, 19.76, 17.50, 250461.25, 469782833, 5.40, 12.40, 1.18, 1726.00889
2016-05-11, 2, qing_du, 19.53, 19.35, -0.15, 19.38, 19.74, 20.00, 19.10, 175481.11, 343974572, 3.79, 4.64, 0.77, 997.6871
2016-10-17, 2, qing_du, 19.48, 19.89, 2.84, 19.34, 19.99, 19.99, 17.84, 446916.29, 838521182, 13.06, 11.12, 2.00, 697.42012
2016-10-18, 2, qing_du, 19.44, 18.89, -5.03, 19.89, 19.04, 19.45, 18.59, 270144.49, 513469097, 7.90, 4.32, 1.21, 493.05201
2016-10-19, 2, qing_du, 19.41, , , , , , , , , , , , 479.27713
2016-10-20, 2, qing_du, 19.36, 18.40, -2.54, 18.88, 18.91, 19.04, 18.08, 197116.55, 363059522, 5.76, 5.08, 0.91, 2503.2289
2016-10-21, 2, qing_du, 19.32, 17.88, -2.83, 18.40, 18.20, 18.45, 17.78, 116709.42, 210672546, 3.41, 3.64, 0.55, 6158.64396
2016-10-24, 1, wei_ruo, 19.26, 18.00, 0.84, 17.85, 17.93, 18.07, 17.50, 140556.89, 250762586, 4.11, 3.19, 0.75, 1548.0938
2016-10-25, 1, wei_ruo, 19.21, 17.91, -0.50, 18.00, 17.90, 18.24, 17.83, 113035.07, 203579434, 3.30, 2.28, 0.60, 848.83499
2016-10-26, 1, wei_ruo, 19.15, 17.56, -1.95, 17.91, 17.85, 17.92, 17.38, 126586.98, 222602528, 3.70, 3.02, 0.67, 572.33691
2016-10-27, 1, wei_ruo, 19.11, 17.50, -0.34, 17.56, 17.60, 17.72, 17.42, 97161.87, 170519712, 2.84, 1.71, 0.52, 677.20413
2016-10-28, 1, wei_ruo, 19.06, 17.12, -2.12, 17.49, 17.52, 17.64, 17.05, 93174.58, 161694182, 2.72, 3.37, 0.50, 2552.75607
2016-10-31, 1, wei_ruo, 18.99, 16.74, -2.22, 17.12, 17.15, 17.15, 16.50, 99849.88, 166673904, 2.92, 3.80, 0.53, 568.54892
2016-11-01, 1, wei_ruo, 18.94, 16.84, 0.60, 16.74, 16.76, 16.87, 16.61, 81657.95, 136715066, 2.39, 1.55, 0.43, 585.80804
2016-11-02, 1, wei_ruo, 18.84, 17.37, 3.15, 16.84, 16.80, 17.64, 16.43, 183141.76, 311138978, 5.35, 7.19, 0.98, 476.52292
2016-11-03, 1, wei_ruo, 18.78, 17.16, -1.21, 17.37, 17.08, 17.65, 16.93, 136181.35, 235867608, 3.98, 4.15, 0.72, 655.32494
2016-11-04, 1, wei_ruo, 18.73, 17.23, 0.41, 17.16, 17.15, 17.31, 16.82, 108790.09, 186043494, 3.18, 2.86, 0.58, 449.01323
2016-11-07, 1, wei_ruo, 18.66, 16.73, -2.90, 17.23, 17.21, 17.22, 16.70, 113187.03, 191622579, 3.31, 3.02, 0.60, 640.34009
2016-11-08, 1, wei_ruo, 18.62, 17.05, 1.91, 16.73, 16.75, 17.11, 16.75, 90445.09, 153667928, 2.64, 2.15, 0.48, 420.86387
2016-11-09, 1, wei_ruo, 18.58, 16.89, -0.94, 17.05, 17.05, 17.16, 16.75, 77293.7, 131057631, 2.26, 2.40, 0.41, 592.07106
2016-11-10, 1, wei_ruo, 18.55, 16.98, 0.53, 16.89, 17.08, 17.09, 16.92, 73487.95, 125013459, 2.15, 1.01, 0.39, 2823.20404
2016-11-11, 1, wei_ruo, 18.49, 16.75, -1.47, 17.00, 16.95, 17.07, 16.62, 114153.62, 191752070, 3.34, 2.65, 0.61, 1273.27394
2016-11-14, 1, wei_ruo, 18.44, 16.61, -0.84, 16.75, 16.84, 16.98, 16.57, 101002.03, 169028858, 2.95, 2.45, 0.54, 485.37183
2016-11-15, 1, wei_ruo, 18.39, 16.68, 0.36, 16.62, 16.71, 16.72, 16.43, 91754.54, 151962873, 2.68, 1.74, 0.49, 563.12704
2016-11-16, 1, wei_ruo, 18.32, 17.17, 2.94, 16.68, 16.77, 17.38, 16.66, 112202.51, 190634396, 3.28, 4.32, 1.19, 462.0769
2016-11-17, 1, wei_ruo, 18.29, 17.17, 2.94, 16.68, 16.77, 17.38, 16.66, 112202.51, 190634396, 3.28, 4.32, 1.19, 627.87485
2016-11-18, 1, wei_ruo, 18.27, 17.17, 2.94, 16.68, 16.77, 17.38, 16.66, 112202.51, 190634396, 3.28, 4.32, 1.19, 589.27178
2016-11-21, 1, wei_ruo, 18.23, 16.67, -1.65, 16.95, 16.98, 16.98, 16.59, 91408.19, 152819487, 2.67, 2.30, 0.49, 400.94185
2016-11-22, 1, wei_ruo, 18.19, 16.69, 0.12, 16.67, 16.70, 16.78, 16.58, 68422.08, 113967112, 2.00, 1.20, 0.36, 954.422
2016-11-23, 1, wei_ruo, 18.17, 16.59, -0.60, 16.69, 16.71, 16.75, 16.57, 56476.09, 93964978, 1.65, 1.08, 0.30, 546.04197
2016-11-24, 1, wei_ruo, 18.14, 16.54, -0.24, 16.58, 16.55, 16.77, 16.43, 71441.65, 118569355, 2.09, 2.05, 0.38, 560.05096
2016-11-25, 1, wei_ruo, 18.07, 16.22, -1.93, 16.54, 16.50, 16.50, 15.53, 107765.11, 172942194, 3.15, 5.86, 0.58, 712.06284
2016-11-28, 1, wei_ruo, 18.04, 16.04, -1.05, 16.21, 16.23, 16.24, 16.00, 46142.8, 74340777, 1.35, 1.48, 0.25, 487.07795
2016-11-29, 1, wei_ruo, 18.00, 16.00, -0.25, 16.04, 16.01, 16.19, 15.82, 74775.36, 119529044, 2.19, 2.31, 0.40, 399.92905
2016-11-30, 1, wei_ruo, 17.97, 15.82, -1.25, 16.02, 15.99, 16.15, 15.81, 52426.45, 83732213, 1.53, 2.12, 0.28, 1079.52714
2016-12-01, 1, wei_ruo, 17.91, 15.49, -2.02, 15.81, 15.72, 15.90, 15.46, 85789.22, 134036530, 2.51, 2.78, 0.46, 513.11302
2016-12-05, 1, wei_ruo, 17.68, 14.16, -4.52, 14.83, 14.73, 14.74, 13.95, 147725.97, 211346957, 4.32, 5.33, 0.79, 770.4699
2016-12-06, 1, wei_ruo, 17.62, 14.23, 0.49, 14.16, 14.19, 14.32, 14.13, 59703.97, 84955804, 1.74, 1.34, 0.32, 614.18104
2016-12-07, 1, wei_ruo, 17.51, 15.65, 9.98, 14.23, 14.30, 15.65, 14.23, 155458.14, 232397597, 4.54, 9.98, 0.83, 2049.51596
2016-12-08, 1, wei_ruo, 17.38, 15.25, -2.56, 15.65, 15.78, 16.68, 15.23, 245524.92, 390263820, 7.18, 9.27, 1.31, 450.18721
2016-12-09, 1, wei_ruo, 17.30, 15.04, -1.38, 15.25, 15.60, 15.68, 14.90, 119273.35, 180925422, 3.49, 5.11, 0.63, 608.84714
2016-12-12, 1, wei_ruo, 17.19, 13.79, -8.31, 15.04, 14.70, 15.04, 13.79, 120700.02, 173353131, 3.53, 8.31, 0.64, 482.9371
2016-12-13, 1, wei_ruo, 17.09, 14.19, 2.90, 13.79, 13.61, 14.38, 13.16, 103001.3, 141712462, 3.01, 8.85, 0.55, 911.66401
2016-12-14, 1, wei_ruo, 17.03, 13.66, -3.74, 14.19, 14.10, 14.15, 13.65, 67272.93, 93388880, 1.97, 3.52, 0.36, 487.88214
2017-02-07, 1, wei_ruo, 15.60, 13.30, -0.23, 13.33, 13.40, 13.49, 13.23, 21486.65, 28594432, 0.63, 1.95, 0.25, 4688.12084
2017-02-08, 1, wei_ruo, 15.57, 13.38, 0.38, 13.33, 13.40, 13.49, 13.23, 51630.63, 68862331, 1.51, 1.95, 0.27, 657.01199
2017-02-09, 1, wei_ruo, 15.53, 13.44, 0.45, 13.38, 13.50, 13.75, 13.38, 59171.06, 80162814, 1.73, 2.77, 0.40, 622.86496
2017-02-10, 1, wei_ruo, 15.49, 13.24, -1.93, 13.50, 13.45, 13.48, 13.20, 53581.13, 71409148, 1.57, 2.07, 0.28, 614.01296
2017-02-13, 1, wei_ruo, 15.45, 13.25, 0.08, 13.24, 13.24, 13.32, 13.01, 59366.17, 78163641, 1.74, 2.34, 0.32, 4551.77379
2017-02-14, 1, wei_ruo, 15.43, 13.16, -0.68, 13.25, 13.35, 13.35, 13.10, 31369.24, 41335411, 0.92, 1.89, 0.17, 592.18383
2017-02-15, 1, wei_ruo, 15.39, 13.10, -0.46, 13.16, 13.13, 13.46, 13.07, 56012.01, 74312544, 1.64, 2.96, 0.30, 4643.69702
2017-02-16, 1, wei_ruo, 15.37, 13.20, 0.76, 13.10, 13.14, 13.35, 13.10, 36479.16, 48079959, 1.07, 1.91, 0.19, 2747.12801
2017-02-17, 1, wei_ruo, 15.33, 12.83, -2.80, 13.20, 13.22, 13.27, 12.66, 52201.69, 67603357, 1.53, 4.62, 0.28, 560.03499
2017-02-20, 1, wei_ruo, 15.30, 12.93, 0.78, 12.83, 12.78, 12.95, 12.75, 40536.23, 52158098, 1.18, 1.56, 0.22, 611.67192
2017-02-21, 1, wei_ruo, 15.25, 12.83, -2.80, 13.20, 13.22, 13.27, 12.66, 52201.69, 67603357, 1.53, 4.62, 0.28, 2993.07489
2017-02-22, 1, wei_ruo, 15.21, 13.00, -1.59, 13.21, 13.10, 13.13, 12.96, 63861.81, 83230381, 1.87, 1.29, 0.34, 4687.31499
2017-02-23, 1, wei_ruo, 15.17, 12.90, -0.77, 13.00, 13.03, 13.07, 12.82, 51903.8, 67086064, 1.52, 1.92, 0.28, 2384.78589
2017-02-24, 1, wei_ruo, 15.15, 12.94, 0.31, 12.90, 12.92, 12.98, 12.88, 40873.93, 52832801, 1.19, 0.78, 0.22, 1481.74381
2017-02-27, 1, wei_ruo, 15.08, 12.95, 0.39, 12.90, 12.92, 12.98, 12.88, 10083.01, 13026322, 0.29, 0.78, 0.29, 1467.74006
2017-02-28, 1, wei_ruo, 15.03, 12.95, 0.39, 12.90, 12.92, 12.98, 12.88, 10083.01, 13026322, 0.29, 0.78, 0.29, 654.54102
2017-03-01, 1, wei_ruo, 14.93, 13.92, 5.78, 13.16, 13.20, 14.36, 13.02, 290756.27, 397378596, 8.50, 10.18, 1.55, 542.27495
2017-03-02, 2, qing_du, 14.88, 13.78, -1.01, 13.92, 13.80, 13.97, 13.67, 138412.92, 190904808, 4.05, 2.16, 0.74, 653.86581
2017-03-03, 2, qing_du, 14.83, 14.23, 3.27, 13.78, 13.76, 14.40, 13.61, 203731.57, 287913532, 5.95, 5.73, 1.08, 2920.07303
2017-03-06, 3, zhong_du, 14.81, 14.44, 1.48, 14.23, 14.40, 14.57, 14.11, 167492.94, 240619000, 4.90, 3.23, 0.89, 3197.14904
2017-03-07, 3, zhong_du, 14.80, 14.56, 1.96, 14.28, 14.29, 14.64, 14.21, 63780.51, 91997281, 1.86, 3.01, 0.68, 742.8298
2017-03-08, 4, gao_du, 14.78, 14.29, 0.07, 14.28, 14.29, 14.64, 14.21, 101585.71, 146350300, 2.97, 3.01, 0.54, 1140.80596
2017-03-09, 4, gao_du, 14.76, 14.51, 1.54, 14.29, 14.12, 14.70, 14.02, 169501.28, 245717945, 4.95, 4.76, 0.90, 2727.67711
2017-03-10, 4, gao_du, 14.76, 14.70, 1.31, 14.51, 14.55, 14.90, 14.25, 155353.15, 226290289, 4.54, 4.48, 0.83, 639.19616
2017-03-13, 4, gao_du, 14.78, 15.33, 4.29, 14.70, 14.58, 15.39, 14.53, 189977.17, 286231995, 5.55, 5.85, 1.01, 670.64381
2017-03-14, 5, qiang_lie, 14.82, 15.08, -1.63, 15.33, 15.50, 16.09, 15.01, 249134.26, 386028044, 7.28, 7.05, 1.32, 607.90896
2017-03-15, 5, qiang_lie, 14.87, 15.42, 2.25, 15.08, 15.26, 15.97, 15.15, 247577.68, 385629114, 7.24, 5.44, 1.32, 891.53814
2017-03-16, 4, gao_du, 14.89, 15.40, -0.13, 15.42, 15.22, 15.48, 15.15, 127735.08, 195383728, 3.73, 2.14, 0.68, 598.06085
2017-03-17, 4, gao_du, 14.90, 15.10, -1.95, 15.40, 15.37, 15.58, 15.05, 106353.37, 163127453, 3.11, 3.44, 0.57, 587.69608
2017-03-20, 4, gao_du, 14.90, 14.80, -1.99, 15.10, 15.06, 15.19, 14.46, 123513.97, 181955901, 3.61, 4.83, 0.66, 607.66101
2017-03-21, 4, gao_du, 14.89, 14.84, 0.27, 14.80, 14.87, 14.97, 14.59, 72639.03, 107285837, 2.12, 2.57, 0.39, 613.801
2017-03-22, 3, zhong_du, 14.88, 14.34, -3.37, 14.84, 14.70, 14.75, 14.28, 112487.95, 162739892, 3.29, 3.17, 0.60, 617.83004
2017-03-23, 3, zhong_du, 14.86, 14.16, -1.26, 14.34, 14.30, 14.58, 13.98, 102912.66, 147156437, 3.01, 4.18, 0.55, 629.23288
2017-03-24, 3, zhong_du, 14.85, 14.30, 0.99, 14.16, 14.18, 14.33, 14.05, 68153.84, 96700517, 1.99, 1.98, 0.36, 617.41209
2017-03-27, 3, zhong_du, 14.82, 13.75, -3.85, 14.30, 14.25, 14.30, 13.75, 117804.37, 164821067, 3.44, 3.85, 0.63, 624.7561
2017-03-28, 2, qing_du, 14.77, 13.64, -0.80, 13.75, 13.80, 13.88, 13.45, 129155.48, 175831262, 3.77, 3.13, 0.69, 683.41684
2017-03-29, 2, qing_du, 14.74, 14.05, 3.01, 13.64, 13.76, 14.25, 13.71, 128139.12, 179484864, 3.75, 3.96, 0.68, 623.01302
2017-03-30, 2, qing_du, 14.73, 13.82, -1.64, 14.05, 14.01, 14.03, 13.63, 69463.18, 95785739, 2.03, 2.85, 0.37, 581.55417
2017-03-31, 2, qing_du, 14.71, 13.90, 0.58, 13.82, 13.82, 14.12, 13.77, 57789.1, 80629957, 1.69, 2.53, 0.31, 574.8589
2017-04-05, 2, qing_du, 14.70, 14.28, 2.73, 13.90, 14.00, 14.30, 13.84, 78057.72, 110647125, 2.28, 3.31, 0.42, 597.57209
2017-04-06, 2, qing_du, 14.69, 14.17, -0.77, 14.28, 14.20, 14.44, 14.12, 82114.39, 117120894, 2.40, 2.24, 0.44, 643.55087
2017-04-07, 2, qing_du, 14.68, 13.86, -2.19, 14.17, 14.12, 14.12, 13.83, 55471.13, 77333818, 1.62, 2.05, 0.29, 661.62014
2017-04-10, 2, qing_du, 14.66, 13.67, -1.37, 13.86, 13.80, 14.11, 13.51, 68665.01, 94543250, 2.01, 4.33, 0.37, 618.77203
2017-04-11, 2, qing_du, 14.62, 13.29, -2.78, 13.67, 13.61, 13.74, 13.06, 96482.58, 128601270, 2.82, 4.97, 0.51, 617.66505
2017-04-12, 1, wei_ruo, 14.60, 13.22, -0.53, 13.29, 13.28, 13.43, 13.13, 46495.19, 61761731, 1.36, 2.26, 0.25, 953.14097
2017-04-13, 1, wei_ruo, 14.59, 13.24, 0.15, 13.22, 13.22, 13.41, 13.11, 33781.26, 44775825, 0.99, 2.27, 0.18, 634.516
2017-04-14, 1, wei_ruo, 14.58, 13.27, 0.23, 13.24, 13.28, 13.37, 13.12, 34499.01, 45712209, 1.01, 1.89, 0.18, 656.09908
2017-04-17, 1, wei_ruo, 14.55, 12.66, -4.60, 13.27, 13.14, 13.25, 12.61, 60368.21, 77663410, 1.76, 4.82, 0.32, 671.27895
2017-04-18, 1, wei_ruo, 14.52, 12.43, -1.82, 12.66, 12.76, 12.82, 12.43, 37856.28, 47744756, 1.11, 3.08, 0.20, 667.62304
2017-04-19, 1, wei_ruo, 14.50, 12.47, 0.32, 12.43, 12.43, 12.50, 12.20, 35039.43, 43246225, 1.02, 2.41, 0.19, 578.26614
2017-04-20, 1, wei_ruo, 14.49, 12.27, -1.60, 12.47, 12.47, 12.55, 12.23, 25183.05, 31085887, 0.74, 2.57, 0.13, 665.52997
2017-04-21, 1, wei_ruo, 14.47, 12.26, -0.08, 12.27, 12.35, 12.41, 12.25, 20846, 25650801, 0.61, 1.30, 0.11, 626.95813
2017-04-24, 1, wei_ruo, 14.43, 11.70, -4.57, 12.26, 12.26, 12.32, 11.58, 59898.59, 70567861, 1.75, 6.04, 0.32, 1664.95204
2017-04-25, 1, wei_ruo, 14.36, 11.02, -5.81, 11.70, 11.80, 11.86, 10.96, 70099.96, 79769564, 2.05, 7.69, 0.37, 794.22593
2017-04-26, 1, wei_ruo, 14.31, 11.25, 2.09, 11.02, 10.97, 11.40, 10.81, 55472.84, 61868985, 1.62, 5.35, 0.29, 791.41593
2017-04-27, 1, wei_ruo, 14.27, 11.33, 0.71, 11.25, 11.25, 11.49, 11.00, 47026.71, 53119174, 1.37, 4.36, 0.25, 647.37701
2017-04-28, 1, wei_ruo, 14.22, 11.28, -0.44, 11.33, 11.30, 11.43, 11.23, 55926.53, 63241117, 1.63, 1.77, 0.30, 751.41501
2017-05-02, 1, wei_ruo, 14.18, 11.43, 1.33, 11.28, 11.33, 11.52, 11.28, 43488.6, 49609741, 1.27, 2.13, 0.23, 639.86301
2017-05-03, 1, wei_ruo, 14.16, 11.25, -1.57, 11.43, 11.43, 11.52, 11.21, 27651.4, 31332309, 0.81, 2.71, 0.15, 691.5462
2017-05-04, 1, wei_ruo, 14.13, 11.38, 1.16, 11.25, 11.24, 11.55, 11.10, 42225.12, 48114899, 1.23, 4.00, 0.22, 739.05897
2017-05-05, 1, wei_ruo, 14.10, 11.35, -0.26, 11.38, 11.33, 11.54, 11.19, 37522.75, 42821285, 1.10, 3.08, 0.20, 650.31695
2017-05-11, 1, wei_ruo, 13.88, 10.35, -9.37, 11.42, 11.42, 11.43, 10.28, 130804.84, 138180216, 3.82, 10.07, 0.70, 618.66903
2017-05-12, 1, wei_ruo, 13.76, 9.74, -5.89, 10.35, 10.36, 10.49, 9.71, 106877.4, 106556649, 3.12, 7.54, 0.57, 2596.74406
2017-05-15, 1, wei_ruo, 13.72, 9.80, 0.62, 9.74, 9.75, 9.96, 9.71, 37685.7, 37061567, 1.10, 2.57, 0.20, 692.5292
2017-05-17, 1, wei_ruo, 13.61, 10.23, 1.29, 10.10, 10.15, 10.33, 10.01, 49118.05, 50124009, 1.44, 3.17, 0.26, 589.62393
2017-05-18, 1, wei_ruo, 13.55, 10.17, -0.59, 10.23, 10.16, 10.38, 10.05, 63029.66, 64144555, 1.84, 3.23, 0.34, 616.43004
2017-05-19, 1, wei_ruo, 13.52, 10.00, -1.67, 10.17, 10.15, 10.17, 9.94, 32347.03, 32485293, 0.95, 2.26, 0.17, 591.58802
2017-05-22, 1, wei_ruo, 13.49, 9.80, -2.00, 10.00, 10.00, 10.09, 9.69, 30295.36, 30057728, 0.89, 4.00, 0.16, 641.09302
2017-05-23, 1, wei_ruo, 13.36, 8.82, -10.00, 9.80, 9.86, 9.90, 8.82, 99337.46, 90928229, 2.90, 11.02, 0.53, 905.46894
2017-05-24, 1, wei_ruo, 13.19, 8.93, 1.25, 8.82, 9.19, 9.23, 8.45, 130559.7, 115058158, 3.82, 8.84, 0.69, 611.69887
2017-05-25, 1, wei_ruo, 13.08, 8.97, 0.45, 8.93, 8.83, 9.04, 8.54, 89916.26, 79568896, 2.63, 5.60, 0.48, 606.16612
2017-05-26, 1, wei_ruo, 12.97, 9.09, 1.45, 8.96, 9.00, 9.23, 8.90, 78864.19, 71742877, 2.30, 3.68, 0.42, 695.24097
2017-05-31, 1, wei_ruo, 12.87, 9.35, 2.86, 9.09, 9.34, 9.54, 9.18, 94879.01, 88932852, 2.77, 3.96, 0.50, 612.1819
2017-06-01, 1, wei_ruo, 12.82, 9.18, -1.82, 9.35, 9.35, 9.39, 9.08, 49877.49, 45960249, 1.46, 3.32, 0.27, 1229.40087
2017-06-02, 1, wei_ruo, 12.73, 9.41, 2.51, 9.18, 9.13, 9.46, 8.83, 79757.72, 73052553, 2.33, 6.86, 0.42, 682.02996
2017-06-05, 1, wei_ruo, 12.69, 9.35, -0.64, 9.41, 9.41, 9.46, 9.30, 46142.01, 43240688, 1.35, 1.70, 0.25, 620.78691
2017-06-06, 1, wei_ruo, 12.63, 9.51, 1.71, 9.35, 9.35, 9.65, 9.30, 62393.51, 59105637, 1.82, 3.74, 0.33, 30632.9031
2017-06-07, 1, wei_ruo, 12.55, 9.79, 2.94, 9.51, 9.47, 9.94, 9.41, 90794.13, 88388399, 2.65, 5.57, 0.48, 722.80192
2017-06-08, 1, wei_ruo, 12.50, 9.87, 0.82, 9.79, 9.80, 10.05, 9.76, 72123.99, 71561887, 2.11, 2.96, 0.38, 647.51792
2017-06-09, 1, wei_ruo, 12.46, 9.86, -0.10, 9.87, 9.81, 9.89, 9.71, 45625.29, 44765866, 1.33, 1.82, 0.24, 866.55307
2017-06-12, 1, wei_ruo, 12.41, 9.56, -3.04, 9.86, 9.85, 9.85, 9.55, 66037.2, 63680763, 1.93, 3.04, 0.35, 717.30995
2017-06-13, 1, wei_ruo, 12.37, 9.64, 0.84, 9.56, 9.54, 9.75, 9.45, 41200.95, 39842330, 1.20, 3.14, 0.22, 598.52409
2017-06-14, 1, wei_ruo, 12.34, 9.69, 0.52, 9.64, 9.62, 9.77, 9.61, 35790.61, 34635326, 1.05, 1.66, 0.19, 589.36501
2017-06-15, 1, wei_ruo, 12.29, 10.15, 4.75, 9.69, 9.71, 10.18, 9.69, 76852.25, 76987151, 2.25, 5.06, 0.41, 630.30195
2017-06-16, 1, wei_ruo, 12.26, 9.96, -1.87, 10.15, 10.20, 10.22, 9.91, 49451.26, 49518102, 1.45, 3.05, 0.26, 631.21796
2017-06-19, 1, wei_ruo, 12.23, 10.06, 1.00, 9.96, 9.91, 10.09, 9.80, 47196.64, 46867891, 1.38, 2.91, 0.25, 807.0581
2017-06-20, 1, wei_ruo, 12.20, 10.05, -0.10, 10.06, 10.08, 10.12, 9.94, 46770.19, 46966343, 1.37, 1.79, 0.25, 636.71112
2017-06-21, 1, wei_ruo, 12.15, 10.38, 3.28, 10.05, 10.05, 10.45, 9.86, 88985.84, 90405606, 2.60, 5.87, 0.47, 779.69909
2017-06-22, 1, wei_ruo, 12.10, 10.29, -0.87, 10.38, 10.34, 10.39, 10.10, 75466.99, 77374742, 2.21, 2.79, 0.40, 579.18692
2017-06-23, 1, wei_ruo, 12.04, 10.37, 0.78, 10.29, 10.17, 10.67, 10.03, 125175.45, 128759132, 3.66, 6.22, 0.67, 772.49503
2017-06-26, 1, wei_ruo, 12.00, 10.43, 0.58, 10.37, 10.16, 11.16, 10.16, 95741.27, 99969654, 2.80, 9.64, 0.51, 3649.28412
2017-06-27, 1, wei_ruo, 11.97, 10.44, 0.10, 10.43, 10.75, 10.75, 10.35, 77363.65, 81604595, 2.26, 3.84, 0.41, 635.99706
2017-06-28, 1, wei_ruo, 11.94, 10.20, -2.30, 10.44, 10.25, 10.42, 10.15, 47461.97, 48507462, 1.39, 2.59, 0.25, 829.24318
2017-06-29, 1, wei_ruo, 11.92, 10.22, 0.20, 10.20, 10.26, 10.36, 10.21, 36273.08, 37218824, 1.06, 1.47, 0.19, 633.19612
2017-06-30, 1, wei_ruo, 11.91, 10.23, 0.10, 10.22, 10.15, 10.24, 10.11, 32346.02, 32915015, 0.95, 1.27, 0.17, 597.97311
2017-07-03, 1, wei_ruo, 11.90, 10.25, 0.20, 10.23, 10.17, 10.32, 10.17, 24561.66, 25167936, 0.72, 1.47, 0.13, 654.45614
2017-07-04, 2, qing_du, 11.88, 10.25, 0.00, 10.25, 10.25, 10.30, 10.19, 24205.73, 24779741, 0.71, 1.07, 0.13, 578.38917
2017-07-05, 2, qing_du, 11.86, 10.28, 0.29, 10.25, 10.21, 10.39, 10.18, 50131.7, 51512289, 1.47, 2.05, 0.27, 695.59908
2017-07-06, 2, qing_du, 11.83, 10.20, -0.78, 10.28, 10.26, 10.32, 10.02, 56264.57, 57281586, 1.64, 2.92, 0.30, 816.02502
2017-07-07, 2, qing_du, 11.82, 10.20, 0.00, 10.20, 10.13, 10.25, 10.11, 35855.72, 36482193, 1.05, 1.37, 0.19, 657.83906
2017-07-10, 2, qing_du, 11.80, 10.08, -1.18, 10.20, 10.20, 10.27, 10.07, 35641.38, 36075116, 1.04, 1.96, 0.19, 541.54015
2017-07-11, 2, qing_du, 11.76, 9.70, -3.77, 10.08, 10.01, 10.08, 9.66, 61275.97, 60275623, 1.79, 4.17, 0.33, 712.76188
2017-07-12, 2, qing_du, 11.74, 9.69, -0.10, 9.70, 9.65, 9.75, 9.55, 31076.98, 29986855, 0.91, 2.06, 0.17, 2726.83406
2017-07-13, 2, qing_du, 11.73, 9.64, -0.52, 9.69, 9.71, 9.76, 9.62, 22890.2, 22160521, 0.67, 1.44, 0.12, 726.46189
2017-07-14, 2, qing_du, --, 9.65, 0.10, 9.64, 9.64, 9.72, 9.52, 27640.48, 26531568, 0.81, 2.07, 0.15, 659.21998
2017-07-17, 1, wei_ruo, --, 9.00, -6.74, 9.65, 9.58, 9.64, 8.75, 42597.76, 38914983, 1.24, 9.22, 0.23, 851.09782
2017-07-18, 1, wei_ruo, 11.65, 9.16, 1.78, 9.00, 8.89, 9.20, 8.79, 38848.7, 34879061, 1.14, 4.56, 0.21, 696.13719
2017-07-19, 1, wei_ruo, --, 9.22, 0.66, 9.16, 9.15, 9.27, 9.05, 22250.61, 20395041, 0.65, 2.40, 0.12, 780.21407
2017-07-20, 1, wei_ruo, --, 9.30, 0.87, 9.22, 9.22, 9.41, 9.20, 30335.59, 28229687, 0.89, 2.28, 0.16, 1220.73078
2017-07-21, 1, wei_ruo, --, 9.30, 0.00, 9.30, 9.30, 9.36, 9.21, 16851.21, 15688857, 0.49, 1.61, 0.09, 483.01697
2017-07-24, 1, wei_ruo, 11.59, 9.29, -0.11, 9.30, 9.25, 9.30, 9.14, 21621.45, 19928911, 0.63, 1.72, 0.11, 641.01386
2017-07-25, 1, wei_ruo, --, 9.29, 0.00, 9.29, 9.24, 9.41, 9.10, 36163.39, 33462497, 1.06, 3.34, 0.19, 60807.57117
2017-07-26, 1, wei_ruo, --, 9.15, -1.51, 9.29, 9.18, 9.30, 9.08, 27568.01, 25226086, 0.81, 2.37, 0.15, 780.75314
2017-07-27, 1, wei_ruo, 11.51, 9.49, 3.72, 9.15, 9.15, 9.58, 9.06, 59245.09, 55400392, 1.73, 5.68, 0.32, 1754.14777
2017-07-28, 1, wei_ruo, 11.49, 9.38, -1.16, 9.49, 9.45, 9.54, 9.33, 31954.29, 30121929, 0.93, 2.21, 0.17, 635.4332
2017-07-31, 1, wei_ruo, 11.47, 9.42, 0.43, 9.38, 9.44, 9.44, 9.35, 23557.57, 22138391, 0.69, 0.96, 0.13, 814.50915
2017-08-01, 1, wei_ruo, 11.46, 9.48, 0.64, 9.42, 9.47, 9.55, 9.34, 27046.98, 25581852, 0.79, 2.23, 0.14, 676.83387
2017-08-02, 1, wei_ruo, 11.44, 9.30, -1.90, 9.48, 9.46, 9.48, 9.28, 26565.97, 24914010, 0.78, 2.11, 0.14, 15764.18185
2017-08-03, 1, wei_ruo, 11.42, 9.55, 2.69, 9.30, 9.28, 9.62, 9.28, 39786.75, 37746428, 1.16, 3.66, 0.21, 703.81212
2017-08-04, 1, wei_ruo, 11.38, 9.74, 1.99, 9.55, 9.55, 9.92, 9.52, 73679.37, 72174457, 2.15, 4.19, 0.39, 708.32705
2017-08-07, 1, wei_ruo, 11.33, 10.38, 6.57, 9.74, 9.77, 10.50, 9.72, 127329.17, 129859815, 4.30, 8.01, 0.68, 712.5001
2017-08-08, 2, qing_du, 11.29, 10.44, 0.58, 10.38, 10.30, 10.58, 10.12, 117381.51, 121509823, 3.96, 4.43, 0.62, 680.81594
2017-08-09, 2, qing_du, 11.27, 10.32, -1.15, 10.44, 10.40, 10.49, 10.21, 56046.77, 57863982, 1.89, 2.68, 0.30, 2659.98507
2017-08-10, 3, zhong_du, 11.25, 10.14, -1.74, 10.32, 10.28, 10.32, 10.02, 56457.57, 57378960, 1.91, 2.91, 0.30, 752.71702
2017-08-11, 3, zhong_du, 11.24, 10.10, -0.39, 10.14, 10.09, 10.17, 10.04, 45281.62, 45716299, 1.53, 1.28, 0.24, 610.84104
2017-08-14, 3, zhong_du, 11.21, 10.15, 0.50, 10.10, 10.13, 10.25, 10.07, 59302.26, 60209948, 2.00, 1.78, 0.32, 775.17605
2017-08-15, 3, zhong_du, 11.19, 10.82, 6.60, 10.15, 10.20, 10.88, 10.13, 143139.55, 151977764, 4.83, 7.39, 0.76, 808.45594
2017-08-16, 3, zhong_du, 11.17, 10.78, -0.37, 10.82, 10.78, 10.87, 10.61, 85504.1, 91524384, 2.89, 2.40, 0.45, 2732.76401
2017-08-17, 4, gao_du, 11.16, 10.73, -0.46, 10.78, 10.78, 11.12, 10.72, 109558.81, 119966829, 3.70, 3.71, 0.58, 12522.8529
2017-08-18, 4, gao_du, 11.15, 10.58, -1.40, 10.73, 10.73, 10.73, 10.50, 58250.75, 61688744, 1.97, 2.14, 0.31, 668.34593
2017-08-21, 4, gao_du, 11.14, 10.64, 0.57, 10.58, 10.56, 10.89, 10.53, 50718.57, 54238476, 1.71, 3.40, 0.27, 863.92593
2017-08-22, 4, gao_du, 11.13, 10.39, -2.35, 10.64, 10.64, 10.75, 10.36, 68607, 72078128, 2.32, 3.67, 0.36, 763.62681
2017-08-23, 3, zhong_du, 11.11, 10.34, -0.48, 10.39, 10.39, 10.47, 10.23, 49146.85, 50909370, 1.66, 2.31, 0.26, 821.419
2017-08-24, 3, zhong_du, 11.10, 10.29, -0.48, 10.34, 10.29, 10.44, 10.21, 44286, 45708556, 1.50, 2.22, 0.24, 1855.21793
2017-08-25, 3, zhong_du, 11.09, 10.41, 1.17, 10.29, 10.26, 10.48, 10.26, 48459.36, 50258236, 1.64, 2.14, 0.26, 759.87101
2017-08-28, 3, zhong_du, 11.08, 10.52, 1.06, 10.41, 10.41, 10.65, 10.32, 51914.36, 54555085, 1.75, 3.17, 0.28, 745.17202
2017-08-29, 3, zhong_du, 11.07, 10.50, -0.19, 10.52, 10.52, 10.71, 10.42, 42102.02, 44346284, 1.42, 2.76, 0.22, 592.00406
2017-08-30, 3, zhong_du, 11.06, 10.39, -1.05, 10.50, 10.51, 10.58, 10.23, 63355, 65557438, 2.14, 3.33, 0.34, 720.66998
2017-08-31, 3, zhong_du, 11.05, 10.29, -0.96, 10.39, 10.32, 10.42, 10.26, 23298.54, 24072759, 0.79, 1.54, 0.25, 707.77702
2017-09-01, 3, zhong_du, 11.04, 10.29, -0.96, 10.39, 10.32, 10.42, 10.26, 23298.54, 24072759, 0.79, 1.54, 0.25, 707.75914
2017-09-04, 3, zhong_du, 11.03, 10.59, 1.83, 10.40, 10.40, 10.64, 10.35, 60245.83, 63384989, 2.03, 2.79, 0.32, 672.65487
2017-09-05, 3, zhong_du, 11.02, 10.52, -0.66, 10.59, 10.59, 10.68, 10.47, 39934.52, 42149834, 1.35, 1.98, 0.21, 765.82694
2017-09-06, 4, gao_du, 11.01, 11.01, 4.66, 10.52, 10.56, 11.11, 10.55, 125145.97, 135328376, 4.23, 5.32, 0.67, 770.47396
2017-09-07, 4, gao_du, 11.01, 10.29, -0.96, 10.39, 10.32, 10.42, 10.26, 23298.54, 24072759, 0.79, 1.54, 0.25, 780.81179
2017-09-08, 5, qiang_lie, 11.01, 10.63, -1.12, 10.75, 10.73, 10.84, 10.59, 48279.11, 51645705, 1.63, 2.33, 0.26, 2613.54613
2017-09-11, 5, qiang_lie, 11.01, 10.29, -0.96, 10.39, 10.32, 10.42, 10.26, 23298.54, 24072759, 0.79, 1.54, 0.25, 667.66596
2017-09-12, 5, qiang_lie, 11.05, 11.58, 4.14, 11.12, 11.08, 12.13, 10.96, 237344.28, 272570147, 8.01, 10.52, 1.26, 1389.14704
2017-09-13, 5, qiang_lie, 11.08, 11.60, 0.17, 11.58, 11.59, 11.98, 11.45, 138967.7, 162430880, 4.69, 4.58, 0.74, 1215.35802
2017-09-14, 5, qiang_lie, 11.10, 11.46, -1.21, 11.60, 11.57, 11.86, 11.40, 95226.94, 110356688, 3.22, 3.97, 0.51, 606.99105
2017-09-15, 5, qiang_lie, 11.19, 12.61, 10.03, 11.46, 11.50, 12.61, 11.30, 266059.14, 323430239, 8.98, 11.43, 1.41, 816.44678
2017-09-18, 5, qiang_lie, 11.51, 13.50, 7.06, 12.61, 13.10, 13.77, 12.87, 432879.05, 573297146, 14.62, 7.14, 2.30, 677.33693
2017-09-19, 5, qiang_lie, 11.81, 13.68, 1.33, 13.50, 13.25, 13.88, 13.09, 427099.12, 575863538, 14.42, 5.85, 2.27, 1414.32309
2017-09-20, 5, qiang_lie, 12.02, 13.76, 0.58, 13.68, 13.58, 13.95, 13.35, 342607.41, 467704105, 11.57, 4.39, 1.82, 662.65011
2017-09-21, 5, qiang_lie, 12.13, 13.17, -4.29, 13.76, 13.56, 13.76, 13.12, 236449.42, 316619592, 7.98, 4.65, 1.26, 770.31493
2017-09-22, 5, qiang_lie, 12.20, 12.93, -1.82, 13.17, 13.20, 13.55, 12.75, 218049.06, 286516611, 7.36, 6.07, 1.16, 646.08407
2017-09-25, 5, qiang_lie, 12.25, 13.03, 0.77, 12.93, 12.95, 13.28, 12.78, 161386.58, 210153302, 5.45, 3.87, 0.86, 697.41607
2017-09-26, 5, qiang_lie, 12.27, 12.38, -4.99, 13.03, 12.95, 13.22, 12.01, 204565.3, 256806990, 6.91, 9.29, 1.09, 827.40307
2017-09-27, 5, qiang_lie, 12.28, 12.58, 1.62, 12.38, 12.54, 12.66, 12.38, 130484.13, 163461462, 4.41, 2.26, 0.69, 1529.562
2017-09-28, 5, qiang_lie, 12.28, 12.26, -2.54, 12.58, 12.48, 12.73, 12.21, 136707.96, 170036655, 4.62, 4.13, 0.73, 616.13584
2017-09-29, 5, qiang_lie, 12.30, 12.59, 2.69, 12.26, 12.38, 12.81, 12.26, 149236.5, 186761659, 5.04, 4.49, 0.79, 841.16578
2017-10-10, 5, qiang_lie, 12.36, 12.87, -0.08, 12.88, 12.98, 13.08, 12.68, 117962.42, 151338241, 3.98, 3.11, 0.63, 587.54301
2017-10-12, 5, qiang_lie, 12.51, 12.87, -4.17, 13.43, 13.24, 13.33, 12.38, 228127.09, 293346094, 7.70, 7.07, 1.21, 597.98193
2017-10-13, 5, qiang_lie, 12.52, 12.54, -2.56, 12.87, 12.75, 12.98, 12.51, 118065.59, 149589254, 3.99, 3.65, 0.63, 629.40288
2017-10-16, 5, qiang_lie, 12.50, 11.87, -5.34, 12.54, 12.49, 12.79, 11.70, 145931.57, 178997740, 4.93, 8.69, 0.78, 773.32687
2017-10-17, 4, gao_du, 12.48, 11.64, -1.94, 11.87, 11.51, 11.85, 11.51, 63710.6, 74423146, 2.15, 2.86, 0.34, 708.89091
2017-10-18, 3, zhong_du, 12.46, 11.36, -2.41, 11.64, 11.77, 11.83, 11.26, 68190.51, 78619542, 2.30, 4.90, 0.36, 1090.24596
2017-10-19, 3, zhong_du, 12.42, 11.12, -2.11, 11.36, 11.35, 11.39, 10.97, 77913.21, 86968733, 2.63, 3.70, 0.41, 777.00114
2017-10-20, 2, qing_du, 12.40, 11.37, 2.25, 11.12, 11.13, 11.39, 11.13, 50608.07, 57024732, 1.71, 2.34, 0.27, 665.27605
2017-10-23, 2, qing_du, 12.38, 11.54, 1.50, 11.37, 11.30, 11.69, 11.22, 60228.61, 69231739, 2.03, 4.13, 0.32, 769.36603
2017-10-24, 2, qing_du, 12.36, 11.38, -1.39, 11.54, 11.44, 11.53, 11.12, 68168.58, 76952761, 2.30, 3.55, 0.36, 634.20701
2017-10-25, 2, qing_du, 12.34, 11.56, 1.58, 11.38, 11.35, 11.65, 11.28, 69455.21, 80014118, 2.35, 3.25, 0.37, 1048.76304
2017-10-26, 2, qing_du, 12.32, 11.42, -1.21, 11.56, 11.56, 11.65, 11.31, 65233.14, 74662587, 2.20, 2.94, 0.35, 756.83308
2017-10-27, 2, qing_du, 12.29, 11.08, -2.98, 11.42, 11.41, 11.52, 11.01, 69729.72, 78776754, 2.35, 4.47, 0.37, 1125.64015
2017-10-30, 2, qing_du, 12.24, 10.66, -3.79, 11.08, 11.10, 11.25, 10.42, 97453.19, 105317368, 3.29, 7.49, 0.52, 2708.55689
2017-10-31, 1, wei_ruo, 12.22, 10.84, 1.69, 10.66, 10.75, 10.89, 10.69, 48820, 52682737, 1.65, 1.88, 0.26, 599.11084
2017-11-01, 1, wei_ruo, 12.20, 10.86, 0.18, 10.84, 10.85, 10.98, 10.76, 46012.96, 50104316, 1.55, 2.03, 0.24, 1672.87803
2017-11-02, 1, wei_ruo, 12.17, 11.27, 3.78, 10.86, 11.01, 11.63, 11.00, 115802.23, 131839656, 3.91, 5.80, 0.62, 658.83994
2017-11-03, 1, wei_ruo, 12.14, 11.34, 0.62, 11.27, 11.29, 11.49, 11.05, 76228.95, 85615874, 2.57, 3.90, 0.41, 2642.05003
2017-11-06, 1, wei_ruo, 12.12, 11.22, -0.80, 11.31, 11.31, 11.35, 11.21, 5636, 6341925, 0.19, 1.24, 0.60, 694.95797
2017-11-07, 1, wei_ruo, 12.09, 11.00, -0.18, 11.02, 11.00, 11.00, 11.00, 668, 734800, 0.02, 0.00, 0.85, 122929.43406
2017-11-08, 1, wei_ruo, 12.07, 10.99, -0.63, 11.06, 10.98, 11.00, 10.91, 3783, 4146256, 0.13, 0.81, 0.60, 2918.76101
2017-11-09, 1, wei_ruo, 12.05, 10.99, -2.83, 11.31, 11.31, 11.35, 10.95, 53000, 58676374, 1.79, 3.54, 0.56, 708.79507
2017-11-10, 1, wei_ruo, 12.03, 10.99, -2.83, 11.31, 11.31, 11.35, 10.95, 53000, 58676374, 1.79, 3.54, 0.56, 858.19101
2017-11-13, 1, wei_ruo, 12.01, 11.34, 2.53, 11.06, 11.01, 11.34, 11.01, 80745.73, 90430569, 2.73, 2.98, 1.21, 643.84699
2017-11-14, 1, wei_ruo, 11.99, 11.12, -1.94, 11.34, 11.35, 11.43, 11.02, 65189.62, 72870026, 2.20, 3.62, 0.93, 865.767
2017-11-15, 1, wei_ruo, 11.98, 10.93, -1.71, 11.12, 11.15, 11.15, 10.90, 41923.01, 46012892, 1.42, 2.25, 0.66, 594.7721
2017-11-16, 1, wei_ruo, 11.96, 10.85, -0.73, 10.93, 10.89, 10.98, 10.66, 47665.05, 51584705, 1.61, 2.93, 0.80, 758.32295
2017-11-17, 1, wei_ruo, 11.92, 10.73, -1.11, 10.85, 10.85, 11.10, 10.59, 90968.88, 98423449, 3.07, 4.70, 1.56, 683.03204
2017-11-20, 1, wei_ruo, 11.90, 10.45, -2.61, 10.73, 10.61, 10.63, 9.88, 45673.62, 47365516, 1.54, 6.99, 0.70, 695.58001
2017-11-21, 1, wei_ruo, 11.87, 10.33, -1.15, 10.45, 10.57, 10.68, 10.29, 47272.05, 49441227, 1.60, 3.73, 0.81, 732.14912
2017-11-22, 1, wei_ruo, 11.84, 10.86, 5.13, 10.33, 10.22, 10.99, 10.11, 72182.48, 75404208, 2.44, 8.52, 1.32, 2827.95501
2017-11-23, 1, wei_ruo, 11.82, 10.42, -4.05, 10.86, 10.68, 11.08, 10.41, 67940.02, 73075767, 2.29, 6.17, 1.12, 2889.82296
2017-11-24, 1, wei_ruo, 11.80, 10.36, -0.58, 10.42, 10.30, 10.54, 10.22, 28489, 29625812, 0.96, 3.07, 0.44, 733.92105
2017-11-27, 1, wei_ruo, 11.79, 10.20, -1.54, 10.36, 10.38, 10.40, 10.01, 29366, 30051272, 0.99, 3.76, 0.56, 2909.61218
2017-11-28, 1, wei_ruo, 11.77, 10.30, 0.98, 10.20, 10.24, 10.46, 10.20, 34629.01, 35625529, 1.17, 2.55, 0.71, 802.37603
2017-11-29, 1, wei_ruo, 11.74, 10.35, 0.49, 10.30, 10.25, 10.52, 10.09, 67608, 69394199, 2.28, 4.17, 1.45, 960.922
2017-11-30, 1, wei_ruo, 11.70, 10.50, 1.45, 10.35, 10.30, 10.70, 10.28, 99411.87, 104318310, 3.36, 4.06, 2.18, 860.97908
2017-12-01, 1, wei_ruo, 11.68, 10.44, -0.57, 10.50, 10.44, 10.57, 10.31, 36992.87, 38723889, 1.25, 2.48, 0.71, 690.63306
2017-12-04, 1, wei_ruo, 11.65, 10.26, -1.72, 10.44, 10.46, 10.64, 10.24, 75780.89, 79547284, 2.56, 3.83, 1.41, 703.52983
2017-12-05, 1, wei_ruo, 11.59, 9.80, -4.48, 10.26, 10.15, 10.25, 9.23, 87272.38, 85461018, 2.95, 9.94, 1.39, 809.56888
2017-12-06, 1, wei_ruo, 11.53, 9.70, -1.02, 9.80, 9.51, 9.83, 9.46, 89301.7, 85970177, 3.02, 3.78, 1.22, 640.55395
2017-12-07, 1, wei_ruo, 11.51, 9.61, -0.93, 9.70, 9.59, 9.67, 9.51, 35392, 33928403, 1.20, 1.65, 0.46, 659.58405
2017-12-08, 1, wei_ruo, 11.47, 9.79, 1.87, 9.61, 9.70, 9.97, 9.61, 73540.52, 71904842, 2.48, 3.75, 1.13, 622.04814
2017-12-11, 1, wei_ruo, 11.40, 10.24, 4.60, 9.79, 9.80, 10.32, 9.75, 136236.68, 137255422, 4.60, 5.82, 1.89, 650.54798
2017-12-12, 1, wei_ruo, 11.38, 9.90, -3.32, 10.24, 10.14, 10.28, 9.89, 57709.59, 57927484, 1.95, 3.81, 0.68, 696.6722
2017-12-13, 1, wei_ruo, 11.36, 10.00, 1.01, 9.90, 9.90, 10.11, 9.90, 30275.6, 30319721, 1.02, 2.12, 0.39, 627.738
2017-12-14, 1, wei_ruo, 11.35, 9.92, -0.80, 10.00, 9.99, 10.06, 9.82, 30830.31, 30570347, 1.04, 2.40, 0.46, 762.48193
2017-12-15, 1, wei_ruo, 11.32, 10.01, 0.91, 9.92, 9.88, 10.08, 9.88, 54758.33, 54854491, 1.85, 2.02, 0.83, 551.70107
2017-12-18, 1, wei_ruo, 11.30, 10.03, 0.20, 10.01, 9.97, 10.16, 9.95, 60962.85, 61578345, 2.06, 2.10, 0.98, 487.76507
2017-12-19, 1, wei_ruo, 11.29, 10.07, 0.40, 10.03, 9.97, 10.12, 9.97, 24711.2, 24830522, 0.83, 1.50, 0.53, 870.36204
2017-12-20, 1, wei_ruo, 11.25, 10.11, 0.40, 10.07, 10.04, 10.29, 10.00, 81069, 82451384, 2.74, 2.88, 2.01, 744.31682
2017-12-21, 1, wei_ruo, 11.24, 9.98, -1.29, 10.11, 10.06, 10.08, 9.84, 40980.21, 40779973, 1.38, 2.37, 0.81, 1641.05797
2017-12-22, 1, wei_ruo, 11.22, 9.99, 0.10, 9.98, 9.98, 10.05, 9.89, 31053, 31007297, 1.05, 1.60, 0.59, 636.92093
2017-12-25, 1, wei_ruo, 11.20, 10.00, 0.10, 9.99, 9.99, 10.12, 9.72, 62681.75, 62287483, 2.12, 4.00, 1.31, 772.07088
2017-12-26, 1, wei_ruo, 11.16, 10.10, 1.00, 10.00, 9.99, 10.19, 9.88, 98583.23, 99656176, 3.33, 3.10, 2.05, 463.07802
2017-12-27, 1, wei_ruo, 11.13, 10.22, 1.19, 10.10, 10.05, 10.43, 9.98, 88438.21, 89919534, 2.99, 4.46, 1.41, 1913.486
2017-12-29, 1, wei_ruo, 11.07, 10.60, 1.15, 10.48, 10.50, 10.69, 10.36, 104070.38, 109764247, 3.51, 3.15, 1.08, 699.04685
2018-01-03, 1, wei_ruo, 11.04, 10.55, -0.47, 10.60, 10.56, 10.84, 10.51, 116908.99, 124076829, 3.95, 3.11, 1.11, 831.69699
2018-01-04, 2, qing_du, 11.02, 10.54, -0.09, 10.55, 10.50, 10.70, 10.44, 115051.82, 121381843, 3.88, 2.46, 1.06, 774.1971
2018-01-05, 2, qing_du, 11.00, 10.42, -1.14, 10.54, 10.51, 10.62, 10.33, 101825.74, 106229929, 3.44, 2.75, 0.89, 677.61683
2018-01-08, 2, qing_du, 10.99, 10.49, 0.67, 10.42, 10.68, 10.80, 10.40, 95731.67, 101053382, 3.23, 3.84, 0.83, 600.02398
2018-01-09, 2, qing_du, 10.98, 10.39, -0.95, 10.49, 10.40, 10.52, 10.27, 53451.16, 55275891, 1.80, 2.38, 0.50, 580.30701
2018-01-10, 2, qing_du, 10.96, 10.39, 0.00, 10.39, 10.34, 10.50, 10.20, 70051.01, 72350771, 2.37, 2.89, 0.73, 663.55586
2018-01-11, 2, qing_du, 10.95, 10.36, -0.29, 10.39, 10.35, 10.52, 10.32, 50545.49, 52492824, 1.71, 1.92, 0.58, 553.56288
2018-01-12, 2, qing_du, 10.94, 10.48, 1.16, 10.36, 10.36, 10.53, 10.23, 64868.65, 67335927, 2.19, 2.90, 0.87, 794.61002
2018-01-15, 3, zhong_du, 10.93, 10.33, -1.43, 10.48, 10.46, 10.59, 10.28, 78222.71, 81208140, 2.64, 2.96, 1.17, 564.13007
2018-01-16, 3, zhong_du, 10.91, 10.30, -0.29, 10.33, 10.28, 10.37, 10.15, 74820.93, 76742579, 2.53, 2.13, 1.18, 631.14905
2018-01-17, 3, zhong_du, 10.89, 10.53, 2.23, 10.30, 10.24, 10.55, 10.12, 115374.88, 119261479, 3.90, 4.17, 1.70, 696.41709
2018-01-18, 3, zhong_du, 10.87, 10.47, -0.57, 10.53, 10.49, 10.62, 10.37, 101895.02, 106878966, 3.44, 2.37, 1.34, 588.65905
2018-01-19, 3, zhong_du, 10.86, 10.31, -1.53, 10.47, 10.40, 10.53, 10.25, 77572, 80326591, 2.62, 2.67, 0.89, 899.85681
2018-01-22, 3, zhong_du, 10.85, 10.27, -0.39, 10.31, 10.27, 10.35, 10.17, 36742.12, 37691581, 1.24, 1.75, 0.41, 670.90988
2018-01-23, 3, zhong_du, 10.85, 10.20, -0.68, 10.27, 10.34, 10.41, 10.19, 35637.66, 36543819, 1.20, 2.14, 0.44, 679.97003
2018-01-24, 3, zhong_du, 10.84, 10.25, 0.49, 10.20, 10.19, 10.38, 10.17, 54068.04, 55413483, 1.83, 2.06, 0.74, 584.19895
2018-01-25, 3, zhong_du, 10.82, 10.25, 0.00, 10.25, 10.20, 10.38, 10.18, 62090, 63681211, 2.10, 1.95, 1.01, 571.77401
2018-01-26, 3, zhong_du, 10.81, 10.22, -0.29, 10.25, 10.24, 10.37, 10.17, 51804.16, 52975345, 1.75, 1.95, 0.97, 699.93615
2018-01-29, 3, zhong_du, 10.80, 10.20, -0.20, 10.22, 10.22, 10.30, 9.98, 57320.32, 58204222, 1.94, 3.13, 1.19, 662.05716
2018-01-30, 2, qing_du, 10.79, 10.21, 0.10, 10.20, 10.21, 10.33, 10.14, 51588.21, 52704417, 1.74, 1.86, 0.99, 534.91497
2018-01-31, 2, qing_du, 10.78, 10.20, -0.10, 10.21, 10.12, 10.26, 10.06, 49318.71, 50182622, 1.67, 1.96, 0.89, 1247.35999
2018-02-01, 2, qing_du, 10.76, 10.00, -1.96, 10.20, 10.18, 10.18, 9.50, 73617, 72942055, 2.49, 6.67, 1.35, 2662.75001
2018-02-02, 2, qing_du, 10.74, 9.99, -0.10, 10.00, 9.89, 10.14, 9.67, 68542.67, 68152860, 2.31, 4.70, 1.21, 775.61903
2018-02-05, 2, qing_du, 10.72, 10.40, 4.10, 9.99, 9.79, 10.50, 9.77, 112387.75, 113994639, 3.79, 7.31, 1.87, 1043.75505
2018-02-06, 2, qing_du, 10.71, 10.11, -2.79, 10.40, 10.29, 10.47, 10.05, 85979.63, 88494202, 2.90, 4.04, 1.21, 4594.40589
2018-02-07, 2, qing_du, 10.70, 10.03, -0.79, 10.11, 10.35, 10.39, 10.01, 33557.67, 34062579, 1.13, 3.76, 0.43, 904.70099
2018-02-08, 2, qing_du, 10.69, 10.05, 0.20, 10.03, 10.05, 10.16, 10.00, 23079.89, 23208879, 0.78, 1.60, 0.39, 817.00706
2018-02-09, 2, qing_du, 10.68, 9.74, -3.08, 10.05, 10.00, 10.05, 9.54, 61248.69, 59833210, 2.07, 5.07, 2.09, 751.96695
2018-02-12, 2, qing_du, 10.67, 9.83, 0.92, 9.74, 9.70, 9.88, 9.70, 19823.8, 19453703, 0.67, 1.85, 0.49, 754.73785
2018-02-13, 1, wei_ruo, 10.66, 9.61, -2.24, 9.83, 9.85, 9.89, 9.61, 24282.59, 23760408, 0.82, 2.85, 0.67, 618.44897
2018-02-14, 1, wei_ruo, 10.66, 9.66, 0.52, 9.61, 9.70, 9.72, 9.52, 18884.8, 18138232, 0.64, 2.08, 0.87, 718.22309
