2015-08-20, 1, wei_ruo, 8.12, 7.20, -3.87, 7.49, 7.37, 7.63, 7.18, 308849.49, 228444009, 3.94, 6.01, 0.55, 816.06698
2015-08-21, 1, wei_ruo, 8.06, 6.65, -7.64, 7.20, 7.05, 7.25, 6.60, 365589.28, 251491941, 4.66, 9.03, 0.77, 1103.5502
2015-08-24, 1, wei_ruo, 7.97, 5.99, -9.92, 6.65, 6.32, 6.50, 5.99, 368204.04, 224671300, 4.69, 7.67, 0.84, 18424.9239
2015-08-25, 1, wei_ruo, 7.81, 5.84, -2.50, 5.99, 5.60, 6.49, 5.47, 606581.95, 364894981, 7.73, 17.03, 1.51, 1158.66804
2015-08-26, 1, wei_ruo, 7.67, 6.12, 4.79, 5.84, 6.12, 6.34, 5.85, 622659.89, 380776514, 7.94, 8.39, 1.50, 3035.86888
2015-08-27, 1, wei_ruo, 7.58, 6.34, 3.59, 6.12, 6.19, 6.43, 5.85, 488360.45, 301244450, 6.23, 9.48, 1.07, 1198.80795
2015-08-28, 1, wei_ruo, 7.51, 6.73, 6.15, 6.34, 6.35, 6.77, 6.21, 603093.68, 390452436, 7.69, 8.83, 1.23, 886.75714
2015-08-31, 1, wei_ruo, 7.44, 6.19, -8.02, 6.73, 6.60, 6.63, 6.19, 407877.17, 260309659, 5.20, 6.54, 0.76, 1066.95604
2015-10-29, 4, gao_du, 6.76, 7.44, 0.95, 7.37, 7.98, 7.99, 7.40, 1112841.7, 846754460, 14.19, 8.01, 3.61, 944.51308
2015-10-30, 4, gao_du, 6.79, 7.17, -3.63, 7.44, 7.22, 7.36, 7.12, 487710.37, 353032480, 6.22, 3.23, 1.04, 4138.47399
2015-11-02, 3, zhong_du, 6.80, 7.04, -1.81, 7.17, 6.90, 7.33, 6.90, 340395.92, 242892520, 4.34, 6.00, 0.69, 2959.99694
2015-11-03, 3, zhong_du, 6.81, 7.12, 1.14, 7.04, 7.06, 7.19, 6.97, 261534.58, 185615458, 3.33, 3.13, 0.54, 2334.39112
2015-11-04, 3, zhong_du, 6.84, 7.40, 3.93, 7.12, 7.10, 7.41, 7.06, 422646.12, 308899878, 5.39, 4.92, 0.91, 985.80217
2015-11-05, 3, zhong_du, 6.87, 7.27, -1.76, 7.40, 7.39, 7.41, 7.18, 602432.8, 438380677, 7.68, 3.11, 1.15, 1204.25987
2015-11-06, 3, zhong_du, 6.90, 7.35, 1.10, 7.27, 7.25, 7.41, 7.24, 401013.46, 294491804, 5.11, 2.34, 0.95, 1142.99703
2015-11-09, 3, zhong_du, 6.92, 7.39, 0.54, 7.35, 7.31, 7.39, 7.13, 415425.75, 302881230, 5.30, 3.54, 1.02, 1404.09517
2015-11-10, 4, gao_du, 6.94, 7.43, 0.54, 7.39, 7.31, 7.57, 7.30, 413094.98, 306786195, 5.27, 3.65, 0.98, 399.20592
2015-11-11, 4, gao_du, 6.94, 7.52, 1.21, 7.43, 7.41, 7.55, 7.37, 369629.06, 276384280, 4.71, 2.42, 0.82, 239.39204
2015-11-12, 4, gao_du, 6.99, 7.38, -1.86, 7.52, 7.55, 7.56, 7.28, 400370.4, 296171987, 5.10, 3.72, 0.91, 946.87796
2015-11-13, 4, gao_du, 7.00, 7.18, -2.71, 7.38, 7.25, 7.33, 7.14, 275242.45, 199188392, 3.51, 2.57, 0.69, 3875.32306
2015-11-16, 4, gao_du, 7.01, 7.36, 2.51, 7.18, 7.04, 7.39, 6.99, 266997.56, 192833638, 3.40, 5.57, 0.71, 848.71697
2015-11-17, 4, gao_du, 7.05, 7.44, 1.09, 7.36, 7.43, 7.77, 7.37, 655947.45, 494585612, 8.36, 5.43, 1.90, 911.74197
2015-11-18, 4, gao_du, 7.06, 7.23, -2.82, 7.44, 7.49, 7.58, 7.22, 341254.89, 250714570, 4.35, 4.84, 0.87, 3395.9372
2015-11-19, 4, gao_du, 7.07, 7.39, 2.21, 7.23, 7.27, 7.44, 7.20, 238312.15, 173978697, 3.04, 3.32, 0.61, 16925.92096
2015-11-20, 4, gao_du, 7.10, 7.53, 1.89, 7.39, 7.40, 7.65, 7.34, 484065.07, 362726033, 6.17, 4.19, 1.36, 16892.09795
2015-11-23, 5, qiang_lie, 7.13, 7.57, 0.53, 7.53, 7.55, 7.76, 7.48, 498848.48, 379750549, 6.36, 3.72, 1.26, 16904.59299
2015-11-24, 5, qiang_lie, 7.16, 7.70, 1.72, 7.57, 7.57, 7.72, 7.40, 394551.43, 298823687, 5.03, 4.23, 0.89, 998.85106
2015-11-25, 5, qiang_lie, 7.21, 7.89, 2.47, 7.70, 7.81, 8.10, 7.74, 550277.58, 434584933, 7.02, 4.68, 1.41, 1571.4941
2015-11-26, 5, qiang_lie, 7.24, 7.71, -2.28, 7.89, 7.84, 7.89, 7.70, 395030.49, 307375349, 5.04, 2.41, 0.91, 853.75595
2015-11-27, 5, qiang_lie, 7.24, 7.15, -7.26, 7.71, 7.73, 7.86, 7.06, 455638.4, 343256044, 5.81, 10.38, 0.98, 880.05996
2015-11-30, 5, qiang_lie, 7.24, 7.17, 0.28, 7.15, 7.13, 7.30, 6.78, 313850.27, 222462676, 4.00, 7.27, 0.68, 877.96092
2015-12-01, 4, gao_du, 7.24, 7.15, -0.28, 7.17, 7.18, 7.26, 7.05, 200662.14, 143293661, 2.56, 2.93, 0.54, 1212.77094
2015-12-02, 4, gao_du, 7.23, 7.18, -0.83, 7.24, 7.17, 7.22, 6.93, 198979.47, 141476165, 2.54, 4.01, 0.51, 970.01696
2015-12-03, 4, gao_du, 7.23, 7.36, 2.51, 7.18, 7.22, 7.38, 7.16, 246486.65, 180110760, 3.14, 3.06, 0.77, 825.7401
2015-12-04, 4, gao_du, 7.34, 7.41, 0.68, 7.36, 7.30, 7.46, 7.21, 279969.08, 205868335, 3.57, 3.40, 0.97, 571.86222
2015-12-07, 4, gao_du, 7.34, 7.59, 2.43, 7.41, 7.46, 7.62, 7.36, 277955.7, 209067553, 3.54, 3.51, 1.09, 648.61393
2015-12-08, 4, gao_du, 7.35, 7.31, -3.69, 7.59, 7.52, 7.57, 7.28, 234344.29, 173118436, 2.99, 3.82, 0.95, 743.34908
2015-12-09, 4, gao_du, 7.34, 7.24, -0.96, 7.31, 7.23, 7.40, 7.18, 167157.39, 122006121, 2.13, 3.01, 0.68, 594.12003
2015-12-10, 4, gao_du, 7.34, 7.10, -1.93, 7.24, 7.21, 7.32, 7.08, 172572.26, 123974146, 2.20, 3.31, 0.72, 810.74595
2015-12-11, 3, zhong_du, 7.34, 7.07, -0.42, 7.10, 7.08, 7.10, 6.96, 125155.39, 88120042, 1.60, 1.97, 0.55, 4141.90888
2015-12-14, 3, zhong_du, 7.33, 7.22, 2.12, 7.07, 6.99, 7.23, 6.91, 136261.75, 96929158, 1.74, 4.53, 0.70, 3729.61807
2015-12-15, 3, zhong_du, 7.33, 7.29, 0.97, 7.22, 7.25, 7.35, 7.22, 140887.14, 102580890, 1.80, 1.80, 0.84, 2520.94197
2015-12-16, 3, zhong_du, 7.33, 7.33, 0.55, 7.29, 7.31, 7.37, 7.25, 143844.23, 105145372, 1.83, 1.65, 0.97, 857.52511
2015-12-17, 2, qing_du, 7.34, 7.51, 2.46, 7.33, 7.35, 7.65, 7.33, 339281.87, 255093369, 4.33, 4.37, 2.36, 914.2971
2015-12-18, 2, qing_du, 7.34, 7.39, -1.60, 7.51, 7.45, 7.50, 7.35, 206821.05, 153412669, 2.64, 2.00, 1.17, 814.15606
2015-12-21, 3, zhong_du, 7.35, 7.57, 2.44, 7.39, 7.35, 7.61, 7.32, 315940.9, 236046994, 4.03, 3.92, 1.63, 1133.80599
2015-12-22, 3, zhong_du, 7.36, 7.70, 1.72, 7.57, 7.62, 7.78, 7.52, 381671.35, 290993293, 4.87, 3.43, 1.66, 819.23199
2015-12-23, 3, zhong_du, 7.37, 7.45, -3.25, 7.70, 7.69, 7.70, 7.43, 291185.22, 220673851, 3.71, 3.51, 1.05, 826.48301
2015-12-24, 3, zhong_du, 7.38, 7.81, 4.83, 7.45, 7.44, 7.87, 7.39, 383344.79, 291097438, 4.89, 6.44, 1.25, 792.72294
2015-12-25, 3, zhong_du, 7.41, 7.81, 0.00, 7.81, 7.77, 7.93, 7.69, 398143.11, 310918806, 5.08, 3.07, 1.26, 2775.57302
2015-12-28, 3, zhong_du, 7.43, 7.61, -2.56, 7.81, 7.87, 8.06, 7.61, 443089.81, 347241418, 5.65, 5.76, 1.25, 1441.55598
2015-12-29, 3, zhong_du, 7.43, 7.75, 1.84, 7.61, 7.63, 7.75, 7.52, 246153.34, 187962176, 3.14, 3.02, 0.65, 942.74592
2015-12-30, 3, zhong_du, 7.44, 7.85, 1.29, 7.75, 7.77, 7.88, 7.67, 248958.66, 193545519, 3.17, 2.71, 0.66, 4842.44299
2015-12-31, 3, zhong_du, 7.45, 7.61, -3.06, 7.85, 7.80, 7.83, 7.61, 223800.43, 172602455, 2.85, 2.80, 0.59, 962.87894
2016-01-04, 3, zhong_du, 7.44, 6.86, -9.86, 7.61, 7.64, 7.74, 6.85, 239083.75, 176104042, 3.05, 11.70, 0.63, 2922.88923
2016-01-05, 2, qing_du, 7.42, 6.92, 0.87, 6.86, 6.57, 7.05, 6.52, 309615.11, 210702116, 3.95, 7.73, 0.82, 2435.28605
2016-01-06, 1, wei_ruo, 7.41, 7.13, 3.03, 6.92, 6.95, 7.18, 6.95, 220044.18, 155425937, 2.81, 3.32, 0.58, 1030.05004
2016-01-07, 1, wei_ruo, 7.40, 6.44, -9.68, 7.13, 7.00, 7.00, 6.42, 73545.71, 49336267, 0.94, 8.13, 0.19, 775.12193
2016-01-08, 1, wei_ruo, 7.41, 6.59, 2.33, 6.44, 6.73, 6.74, 6.12, 220047.91, 144731263, 2.81, 9.63, 0.58, 3923.07091
2016-01-11, 1, wei_ruo, 7.36, 6.13, -6.98, 6.59, 6.45, 6.65, 6.10, 224536.63, 143283022, 2.86, 8.35, 0.59, 2860.44288
2016-01-12, 1, wei_ruo, 7.33, 6.22, 1.47, 6.13, 6.26, 6.28, 6.10, 150424.73, 93440171, 1.92, 2.94, 0.40, 1211.60793
2016-01-13, 1, wei_ruo, 7.31, 6.00, -3.54, 6.22, 6.27, 6.32, 5.99, 158515.82, 98292917, 2.02, 5.31, 0.42, 930.42803
2016-01-14, 1, wei_ruo, 7.28, 6.18, 3.00, 6.00, 5.80, 6.23, 5.80, 176694.83, 106560506, 2.25, 7.17, 0.47, 1719.95091
2016-01-15, 1, wei_ruo, 7.26, 5.98, -3.24, 6.18, 6.14, 6.22, 5.94, 159239.33, 97016642, 2.03, 4.53, 0.42, 1209.79309
2016-01-18, 1, wei_ruo, 7.24, 6.06, 1.34, 5.98, 5.87, 6.14, 5.85, 116344.93, 70210883, 1.48, 4.85, 0.31, 2463.89389
2016-01-19, 1, wei_ruo, 7.22, 6.25, 3.14, 6.06, 6.03, 6.27, 6.02, 144023.84, 88840004, 1.84, 4.13, 0.38, 823.22288
2016-01-20, 1, wei_ruo, 7.20, 6.13, -1.92, 6.25, 6.21, 6.27, 6.08, 142780.75, 88195931, 1.82, 3.04, 0.38, 755.68891
2016-01-21, 1, wei_ruo, 7.18, 5.94, -3.10, 6.13, 6.06, 6.19, 5.91, 145356.07, 88137291, 1.85, 4.57, 0.38, 5895.35689
2016-01-22, 1, wei_ruo, 7.16, 6.03, 1.52, 5.94, 5.98, 6.07, 5.89, 102751.96, 61606367, 1.31, 3.03, 0.27, 4508.358
2016-01-26, 1, wei_ruo, 7.12, 5.59, -8.21, 6.09, 6.04, 6.07, 5.52, 145281.36, 84659701, 1.85, 9.03, 0.38, 884.40084
2016-01-27, 1, wei_ruo, 7.09, 5.63, 0.72, 5.59, 5.67, 5.69, 5.31, 151816.18, 84018900, 1.94, 6.80, 0.40, 5925.03905
2016-01-28, 1, wei_ruo, 7.07, 5.42, -3.73, 5.63, 5.59, 5.66, 5.40, 102037.9, 56652821, 1.30, 4.62, 0.27, 4988.693
2016-01-29, 1, wei_ruo, 7.05, 5.60, 3.32, 5.42, 5.38, 5.67, 5.37, 102751.02, 57100109, 1.31, 5.54, 0.27, 1024.29414
2016-02-01, 1, wei_ruo, 7.04, 5.49, -1.96, 5.60, 5.63, 5.63, 5.44, 76321.49, 42374124, 0.97, 3.39, 0.20, 840.09314
2016-02-02, 1, wei_ruo, 7.02, 5.66, 3.10, 5.49, 5.53, 5.70, 5.51, 89006.28, 50187843, 1.13, 3.46, 0.23, 2937.52503
2016-02-03, 1, wei_ruo, 7.01, 5.65, -0.18, 5.66, 5.59, 5.69, 5.53, 78436.17, 43907394, 1.00, 2.83, 0.21, 1185.86898
2016-02-04, 1, wei_ruo, 6.99, 5.77, 2.12, 5.65, 5.65, 5.83, 5.65, 110711.21, 63758265, 1.41, 3.19, 0.29, 2809.7949
2016-02-05, 1, wei_ruo, 6.98, 5.73, -0.69, 5.77, 5.80, 5.81, 5.71, 66639.9, 38343758, 0.85, 1.73, 0.18, 2836.25317
2016-02-15, 1, wei_ruo, 6.96, 5.68, -0.87, 5.73, 5.56, 5.72, 5.50, 80280.4, 44937217, 1.02, 3.84, 0.21, 2902.5979
2016-02-16, 1, wei_ruo, 6.95, 5.90, 3.87, 5.68, 5.69, 5.94, 5.69, 125390.55, 73214894, 1.60, 4.40, 0.33, 4718.83392
2016-02-17, 1, wei_ruo, 6.93, 5.98, 1.36, 5.90, 5.86, 6.04, 5.85, 147124.74, 87657541, 1.88, 3.22, 0.39, 1094.58089
2016-02-18, 1, wei_ruo, 6.91, 5.90, -1.34, 5.98, 6.00, 6.05, 5.90, 125928.72, 75159506, 1.61, 2.51, 0.33, 938.205
2016-02-19, 1, wei_ruo, 6.90, 5.93, 0.51, 5.90, 5.91, 5.99, 5.88, 71000.98, 42151416, 0.91, 1.86, 0.24, 2764.37902
2016-02-22, 1, wei_ruo, 6.90, 6.06, 2.02, 5.94, 5.99, 6.10, 5.97, 145577.24, 87967891, 1.86, 2.19, 1.26, 878.27802
2016-02-23, 1, wei_ruo, 6.88, 6.03, -0.50, 6.06, 6.06, 6.08, 5.93, 128811.8, 77320631, 1.64, 2.48, 1.00, 908.04887
2016-02-24, 1, wei_ruo, 6.87, 6.06, 0.50, 6.03, 5.98, 6.06, 5.93, 100830.92, 60585899, 1.29, 2.16, 0.78, 3036.53288
2016-02-25, 1, wei_ruo, 6.85, 5.52, -8.91, 6.06, 6.04, 6.05, 5.45, 179033.96, 103354987, 2.28, 9.90, 1.49, 1089.09488
2016-02-26, 1, wei_ruo, 6.83, 5.60, 1.45, 5.52, 5.64, 5.66, 5.45, 119237.83, 66552726, 1.52, 3.80, 0.91, 838.18507
2016-02-29, 1, wei_ruo, 6.80, 5.36, -4.29, 5.60, 5.51, 5.59, 5.23, 150116.54, 80429324, 1.91, 6.43, 1.11, 2604.39992
2016-03-01, 1, wei_ruo, 6.78, 5.47, 2.05, 5.36, 5.38, 5.51, 5.35, 102185.41, 55410470, 1.30, 2.99, 0.75, 767.47084
2016-03-02, 1, wei_ruo, 6.76, 5.72, 4.57, 5.47, 5.48, 5.74, 5.46, 154752.11, 86888472, 1.97, 5.12, 1.19, 2492.01798
2016-03-03, 1, wei_ruo, 6.74, 5.74, 0.35, 5.72, 5.71, 5.85, 5.68, 146130.59, 84171111, 1.86, 2.97, 1.04, 6186.25998
2016-03-04, 1, wei_ruo, 6.72, 5.64, -1.74, 5.74, 5.68, 5.84, 5.56, 163552.88, 93337867, 2.09, 4.88, 1.22, 2838.47499
2016-03-07, 1, wei_ruo, 6.70, 5.76, 2.13, 5.64, 5.70, 5.82, 5.69, 111726.41, 64431242, 1.42, 2.30, 0.78, 1138.27205
2016-03-08, 1, wei_ruo, 6.68, 5.74, -0.35, 5.76, 5.79, 5.79, 5.48, 172474.12, 96762666, 2.20, 5.38, 1.27, 891.01505
2016-03-09, 1, wei_ruo, 6.67, 5.60, -2.44, 5.74, 5.64, 5.64, 5.52, 115698.86, 64615278, 1.48, 2.09, 0.77, 2689.90993
2016-03-10, 1, wei_ruo, 6.65, 5.50, -1.79, 5.60, 5.60, 5.65, 5.48, 86687.9, 48216725, 1.11, 3.04, 0.61, 478.43313
2016-03-11, 1, wei_ruo, 6.64, 5.55, 0.91, 5.50, 5.50, 5.56, 5.40, 74530.09, 40931223, 0.95, 2.91, 0.57, 2776.93105
2016-03-14, 1, wei_ruo, 6.62, 5.72, 3.06, 5.55, 5.58, 5.76, 5.57, 149098.22, 84999243, 1.90, 3.42, 1.33, 2711.69281
2016-03-15, 1, wei_ruo, 6.61, 5.67, -0.87, 5.72, 5.70, 5.73, 5.60, 93749.79, 53184647, 1.20, 2.27, 0.78, 631.02007
2016-03-16, 1, wei_ruo, 6.60, 5.58, -1.59, 5.67, 5.69, 5.72, 5.56, 82237.1, 46278707, 1.05, 2.82, 0.79, 1898.26703
2016-03-17, 1, wei_ruo, 6.58, 5.73, 2.69, 5.58, 5.60, 5.77, 5.58, 150088.69, 85388531, 1.91, 3.41, 1.54, 2539.69693
2016-03-18, 1, wei_ruo, 6.56, 5.90, 2.97, 5.73, 5.73, 5.90, 5.72, 223189.83, 130380678, 2.85, 3.14, 2.03, 460.7029
2016-03-21, 1, wei_ruo, 6.55, 5.98, 1.36, 5.90, 5.94, 6.02, 5.87, 235591.78, 140293131, 3.00, 2.54, 1.69, 717.87882
2016-03-22, 2, qing_du, 6.53, 5.98, 0.00, 5.98, 5.96, 6.09, 5.89, 224552.17, 134258493, 2.86, 3.34, 1.43, 691.79201
2016-03-23, 3, zhong_du, 6.52, 6.00, 0.33, 5.98, 5.98, 6.03, 5.94, 164484.34, 98420286, 2.10, 1.51, 0.90, 2609.18403
2016-03-24, 3, zhong_du, 6.50, 6.03, 0.50, 6.00, 5.96, 6.19, 5.87, 310287.59, 187328495, 3.96, 5.33, 1.55, 2741.00804
2016-03-25, 3, zhong_du, 6.49, 6.05, 0.33, 6.03, 5.93, 6.07, 5.93, 134814.02, 80996960, 1.72, 2.32, 0.58, 587.55589
2016-03-28, 3, zhong_du, 6.48, 5.99, -0.99, 6.05, 6.08, 6.15, 5.96, 160509.23, 97578822, 2.05, 3.14, 0.75, 4590.35802
2016-03-29, 3, zhong_du, 6.47, 5.88, -1.84, 5.99, 6.01, 6.02, 5.85, 136691.7, 80818682, 1.74, 2.84, 0.69, 916.58401
2016-03-30, 3, zhong_du, 6.46, 6.09, 3.57, 5.88, 5.94, 6.10, 5.92, 149232.7, 89615128, 1.90, 3.06, 0.82, 1414.46614
2016-03-31, 3, zhong_du, 6.46, 6.06, -0.49, 6.09, 6.12, 6.15, 6.04, 155380.13, 94642375, 1.98, 1.81, 0.87, 1254.04406
2016-04-01, 4, gao_du, 6.45, 6.01, -0.83, 6.06, 6.03, 6.04, 5.90, 129928.3, 77573394, 1.66, 2.31, 0.88, 4777.89497
2016-04-05, 4, gao_du, 6.44, 6.13, 2.00, 6.01, 6.01, 6.15, 5.98, 169556.48, 103270806, 2.16, 2.83, 1.16, 172.91093
2016-04-06, 4, gao_du, 6.43, 6.16, 0.49, 6.13, 6.13, 6.18, 6.08, 150969.39, 92647707, 1.92, 1.63, 1.02, 532.88698
2016-04-07, 5, qiang_lie, 6.43, 6.03, -2.11, 6.16, 6.19, 6.20, 6.03, 131324.09, 80158494, 1.67, 2.76, 0.87, 2584.78785
2016-04-08, 5, qiang_lie, 6.42, 6.03, 0.00, 6.03, 5.98, 6.07, 5.96, 107364.63, 64517858, 1.37, 1.82, 0.73, 725.05808
2016-04-11, 5, qiang_lie, 6.42, 6.15, 1.99, 6.03, 6.08, 6.23, 6.05, 180254.76, 110854444, 2.30, 2.99, 1.31, 382.73096
2016-04-12, 5, qiang_lie, 6.41, 6.10, -0.81, 6.15, 6.14, 6.16, 6.04, 113240.06, 68995529, 1.44, 1.95, 0.77, 1548.16699
2016-04-13, 5, qiang_lie, 6.41, 6.16, 0.98, 6.10, 6.13, 6.28, 6.13, 228994.77, 142236962, 2.92, 2.46, 1.68, 596.47012
2016-04-14, 5, qiang_lie, 6.40, 6.29, 2.11, 6.16, 6.19, 6.34, 6.19, 199481.11, 125021831, 2.54, 2.44, 1.31, 2522.32599
2016-04-15, 5, qiang_lie, 6.40, 6.25, -0.64, 6.29, 6.28, 6.30, 6.19, 143161.17, 89359528, 1.83, 1.75, 0.86, 445.15705
2016-04-18, 5, qiang_lie, 6.40, 6.14, -1.76, 6.25, 6.22, 6.22, 6.10, 110054.05, 67592782, 1.40, 1.92, 0.64, 2482.59592
2016-04-19, 5, qiang_lie, 6.39, 6.18, 0.65, 6.14, 6.17, 6.21, 6.11, 90802.2, 55897932, 1.16, 1.63, 0.57, 634.11713
2016-04-20, 5, qiang_lie, 6.38, 5.88, -4.85, 6.18, 6.17, 6.20, 5.73, 203187.83, 121243850, 2.59, 7.61, 1.32, 2701.64204
2016-04-21, 5, qiang_lie, 6.37, 5.86, -0.34, 5.88, 5.88, 6.00, 5.83, 128912.81, 76248030, 1.64, 2.89, 0.86, 871.52719
2016-04-22, 4, gao_du, 6.37, 5.89, 0.51, 5.86, 5.80, 5.92, 5.76, 81927.18, 47976718, 1.04, 2.73, 0.61, 1779.92487
2016-04-25, 3, zhong_du, 6.36, 5.92, 0.51, 5.89, 5.89, 5.92, 5.80, 73185.11, 42923750, 0.93, 2.04, 0.60, 2567.32202
2016-04-26, 3, zhong_du, 6.36, 5.97, 0.84, 5.92, 5.91, 5.98, 5.88, 101336.89, 60139087, 1.29, 1.69, 0.88, 2507.04193
2016-04-27, 4, gao_du, 6.35, 5.99, 0.34, 5.97, 5.98, 6.07, 5.94, 102317.85, 61447184, 1.30, 2.18, 0.87, 935.10008
2016-04-28, 4, gao_du, 6.35, 5.96, -0.50, 5.99, 5.98, 6.02, 5.86, 94172.49, 55866270, 1.20, 2.67, 0.97, 662.42504
2016-04-29, 4, gao_du, 6.34, 5.94, -0.34, 5.96, 5.95, 5.98, 5.87, 63888.67, 37863323, 0.81, 1.85, 0.71, 4641.34407
2016-05-03, 4, gao_du, 6.34, 6.12, 3.03, 5.94, 5.94, 6.12, 5.87, 151595.88, 91410991, 1.93, 4.21, 1.74, 2687.26015
2016-05-04, 4, gao_du, 6.34, 6.12, 0.00, 6.12, 6.06, 6.13, 6.05, 113485.51, 69176708, 1.45, 1.31, 1.11, 2589.71381
2016-05-05, 5, qiang_lie, 6.33, 6.25, 2.12, 6.12, 6.10, 6.27, 6.08, 188518.05, 116652976, 2.40, 3.10, 1.79, 2857.25904
2016-05-06, 5, qiang_lie, 6.33, 5.99, -4.16, 6.25, 6.22, 6.24, 5.98, 181218.59, 110668104, 2.31, 4.16, 1.48, 2540.92598
2016-05-09, 5, qiang_lie, 6.32, 5.73, -4.34, 5.99, 5.93, 5.95, 5.70, 132732.9, 77252808, 1.69, 4.17, 0.95, 705.48201
2016-05-10, 3, zhong_du, 6.31, 5.71, -0.35, 5.73, 5.76, 5.80, 5.65, 111155.69, 63341171, 1.42, 2.62, 0.72, 1110.20398
2016-05-11, 2, qing_du, 6.30, 5.63, -1.40, 5.71, 5.74, 5.78, 5.63, 95420.55, 54137820, 1.22, 2.63, 0.66, 878.8712
2016-05-12, 1, wei_ruo, 6.29, 5.64, 0.18, 5.63, 5.60, 5.65, 5.48, 77481.74, 43105996, 0.99, 3.02, 0.55, 893.05997
2016-05-13, 1, wei_ruo, 6.29, 5.60, -0.71, 5.64, 5.61, 5.68, 5.51, 69358.18, 38858000, 0.88, 3.01, 0.58, 2883.62098
2016-05-16, 1, wei_ruo, 6.28, 5.65, 0.89, 5.60, 5.61, 5.66, 5.50, 69974.65, 39238165, 0.85, 2.86, 0.72, 14551.31006
2016-05-17, 1, wei_ruo, 6.28, 5.64, -0.18, 5.65, 5.66, 5.69, 5.56, 73119.42, 41145056, 0.89, 2.30, 0.86, 730.81398
2016-05-18, 1, wei_ruo, 6.27, 5.50, -2.48, 5.64, 5.62, 5.62, 5.43, 91786.01, 50662152, 1.12, 3.37, 1.19, 3215.11412
2016-05-19, 1, wei_ruo, 6.26, 5.53, 0.55, 5.50, 5.51, 5.60, 5.49, 66413, 36895784, 0.81, 2.00, 0.87, 1116.10293
2016-05-20, 1, wei_ruo, 6.26, 5.58, 0.90, 5.53, 5.53, 5.59, 5.49, 63891.68, 35455368, 0.78, 1.81, 0.86, 4559.76295
2016-05-23, 1, wei_ruo, 6.25, 5.69, 1.97, 5.58, 5.58, 5.76, 5.56, 95266.45, 54074506, 1.16, 3.58, 1.30, 981.53281
2016-05-24, 1, wei_ruo, 6.24, 5.62, -1.23, 5.69, 5.68, 5.68, 5.55, 91278.78, 51143369, 1.11, 2.28, 1.17, 610.96501
2016-05-25, 1, wei_ruo, 6.24, 5.61, -0.18, 5.62, 5.65, 5.67, 5.57, 85219.85, 47865520, 1.04, 1.78, 1.09, 2069.78989
2016-05-26, 1, wei_ruo, 6.23, 5.56, -0.89, 5.61, 5.61, 5.62, 5.40, 107132.79, 58996811, 1.30, 3.92, 1.37, 780.59101
2016-05-27, 1, wei_ruo, 6.22, 5.53, -0.54, 5.56, 5.52, 5.57, 5.50, 77070, 42691800, 0.94, 1.26, 0.99, 4075.72198
2016-05-30, 1, wei_ruo, 6.21, 5.53, 0.00, 5.53, 5.51, 5.56, 5.43, 74466.67, 40929223, 0.90, 2.35, 0.95, 837.59499
2016-05-31, 1, wei_ruo, 6.20, 5.72, 3.44, 5.53, 5.51, 5.72, 5.51, 148537.93, 84017970, 1.80, 3.80, 1.90, 2647.91203
2016-06-01, 1, wei_ruo, 6.20, 5.70, -0.35, 5.72, 5.72, 5.74, 5.69, 106163.65, 60650590, 1.29, 0.87, 1.36, 907.51982
2016-06-02, 1, wei_ruo, 6.20, 5.78, 1.40, 5.70, 5.69, 5.82, 5.66, 143722.8, 82647459, 1.75, 2.81, 1.84, 2609.56597
2016-06-03, 1, wei_ruo, 6.17, 5.82, 0.69, 5.78, 5.76, 5.85, 5.73, 107719.3, 62397241, 1.31, 2.08, 1.38, 744.78221
2016-06-06, 1, wei_ruo, 6.17, 5.81, -0.17, 5.82, 5.81, 5.83, 5.74, 80466.88, 46563381, 0.98, 1.55, 1.03, 2966.61901
2016-06-07, 1, wei_ruo, 6.17, 5.80, -0.17, 5.81, 5.81, 5.82, 5.74, 68838.65, 39773663, 0.84, 1.38, 0.88, 2725.99888
2016-06-08, 1, wei_ruo, 6.16, 5.75, -0.86, 5.80, 5.79, 5.79, 5.71, 75871.77, 43573003, 0.92, 1.38, 0.97, 4642.23695
2016-06-13, 1, wei_ruo, 6.16, 5.53, -3.83, 5.75, 5.66, 5.73, 5.52, 93224.93, 52665163, 1.13, 3.65, 1.19, 1107.43403
2016-06-14, 1, wei_ruo, 6.15, 5.51, -0.36, 5.53, 5.50, 5.56, 5.40, 117541.5, 64540249, 1.43, 2.89, 1.51, 962.31294
2016-06-15, 1, wei_ruo, 6.14, 5.65, 2.54, 5.51, 5.47, 5.69, 5.41, 104663.77, 58570077, 1.27, 5.08, 1.34, 2626.91903
2016-06-16, 1, wei_ruo, 6.13, 5.63, -0.35, 5.65, 5.63, 5.70, 5.57, 138155.67, 77592907, 1.68, 2.30, 1.77, 4770.7231
2016-06-17, 1, wei_ruo, 6.13, 5.65, 0.36, 5.63, 5.63, 5.72, 5.60, 98449.02, 55784097, 1.20, 2.13, 1.26, 3569.01503
2016-06-20, 1, wei_ruo, 6.12, 5.65, 0.36, 5.63, 5.63, 5.72, 5.60, 98449.02, 55784097, 1.20, 2.13, 1.26, 2971.22002
2016-06-21, 1, wei_ruo, 6.11, 5.63, -1.57, 5.72, 5.72, 5.81, 5.61, 123001.98, 70515156, 1.49, 3.50, 1.58, 765.32412
2016-06-22, 1, wei_ruo, 6.11, 5.74, 1.95, 5.63, 5.63, 5.76, 5.61, 87705.35, 49988026, 1.07, 2.66, 1.12, 937.79612
2016-06-23, 1, wei_ruo, 6.11, 5.70, -0.70, 5.74, 5.75, 5.79, 5.66, 83594.95, 47799443, 1.02, 2.26, 1.07, 2832.59296
2016-06-24, 1, wei_ruo, 6.10, 5.60, -1.75, 5.70, 5.68, 5.75, 5.51, 108733.25, 61325956, 1.32, 4.21, 1.39, 2730.37195
2016-06-27, 1, wei_ruo, 6.09, 5.75, 2.68, 5.60, 5.56, 5.75, 5.54, 106011.41, 60253636, 1.29, 3.75, 1.36, 1416.48912
2016-06-28, 1, wei_ruo, 6.09, 5.81, 1.04, 5.75, 5.72, 5.81, 5.70, 134654.95, 77594938, 1.64, 1.91, 1.72, 2814.77594
2016-06-30, 2, qing_du, 6.08, 5.80, 0.17, 5.79, 5.78, 5.82, 5.76, 96383.01, 55808939, 1.17, 1.04, 1.23, 1072.6738
2016-07-01, 3, zhong_du, 6.08, 5.80, 0.00, 5.80, 5.81, 5.84, 5.77, 87802.43, 51032620, 1.07, 1.21, 1.12, 783.355
2016-07-04, 3, zhong_du, 6.07, 5.92, 2.07, 5.80, 5.78, 5.94, 5.76, 141560.1, 83332878, 1.72, 3.10, 1.81, 1157.77397
2016-07-05, 4, gao_du, 6.07, 5.99, 1.18, 5.92, 5.92, 6.08, 5.89, 192273.24, 115350352, 2.34, 3.21, 2.46, 2314.59689
2016-07-06, 4, gao_du, 6.07, 5.96, -0.50, 5.99, 5.95, 5.98, 5.90, 109584.92, 65137274, 1.33, 1.34, 1.40, 4565.33694
2016-07-07, 4, gao_du, 6.07, 5.94, -0.34, 5.96, 5.96, 5.99, 5.86, 115686.02, 68534711, 1.41, 2.18, 1.48, 791.48412
2016-07-08, 4, gao_du, 6.07, 6.10, 2.69, 5.94, 5.93, 6.15, 5.89, 251733.08, 151997914, 3.06, 4.38, 3.22, 2596.08412
2016-07-11, 4, gao_du, 6.07, 6.04, -0.98, 6.10, 6.10, 6.18, 6.02, 169205.78, 103225250, 2.06, 2.62, 2.17, 1156.83603
2016-07-12, 4, gao_du, 6.07, 6.12, 1.32, 6.04, 6.03, 6.12, 5.98, 146814.26, 88849225, 1.78, 2.32, 1.88, 14558.57205
2016-07-13, 4, gao_du, 6.07, 6.11, -0.16, 6.12, 6.12, 6.18, 6.07, 127987.47, 78234261, 1.56, 1.80, 1.64, 2010.71811
2016-07-14, 5, qiang_lie, 6.07, 6.07, -0.65, 6.11, 6.09, 6.11, 6.05, 92927, 56426450, 1.13, 0.98, 1.19, 3966.01295
2016-07-15, 5, qiang_lie, 6.07, 6.08, 0.16, 6.07, 6.06, 6.11, 6.05, 87409.45, 53121022, 1.06, 0.99, 1.12, 1168.81299
2016-07-18, 5, qiang_lie, 6.07, 5.98, -1.64, 6.08, 6.06, 6.07, 5.94, 115928.17, 69452367, 1.41, 2.14, 1.52, 943.23015
2016-07-19, 5, qiang_lie, 6.07, 6.00, 0.17, 5.99, 5.98, 6.02, 5.96, 79490.56, 47554614, 0.97, 1.00, 1.02, 670.5761
2016-07-20, 4, gao_du, 6.07, 6.01, 0.17, 6.00, 6.00, 6.04, 5.95, 90584.58, 54378850, 1.10, 1.50, 1.17, 2549.26801
2016-07-21, 4, gao_du, 6.07, 6.00, -0.17, 6.01, 6.01, 6.05, 5.96, 83988.63, 50524211, 1.02, 1.50, 1.08, 2460.58702
2016-07-22, 4, gao_du, 6.07, 6.01, 0.17, 6.00, 6.00, 6.12, 5.98, 115427.14, 69847605, 1.40, 2.33, 1.48, 4664.57891
2016-07-25, 5, qiang_lie, 6.07, 6.05, 0.67, 6.01, 6.01, 6.06, 5.98, 87921.72, 52942451, 1.07, 1.33, 1.13, 18446.82121
2016-07-26, 5, qiang_lie, 6.07, 6.08, 0.50, 6.05, 6.04, 6.09, 6.03, 113794.8, 69065900, 1.38, 0.99, 1.46, 1035.36701
2016-07-27, 5, qiang_lie, 6.06, 5.79, -4.77, 6.08, 6.09, 6.10, 5.70, 178029.19, 104906602, 2.16, 6.58, 2.28, 20054.83985
2016-07-28, 4, gao_du, 6.06, 5.82, 0.52, 5.79, 5.80, 5.84, 5.75, 97659.02, 56542080, 1.19, 1.55, 1.25, 2960.67786
2016-07-29, 4, gao_du, 6.06, 5.76, -1.03, 5.82, 5.80, 5.84, 5.76, 68132.34, 39451545, 0.83, 1.37, 0.87, 14419.18516
2016-08-01, 3, zhong_du, 6.05, 5.68, -1.39, 5.76, 5.75, 5.76, 5.62, 95500.46, 54155366, 1.16, 2.43, 1.22, 2642.06791
2016-08-02, 3, zhong_du, 6.05, 5.71, 0.53, 5.68, 5.68, 5.74, 5.65, 54620.68, 31059246, 0.66, 1.58, 0.70, 14779.26207
2016-08-03, 3, zhong_du, 6.05, 5.73, 0.35, 5.71, 5.69, 5.77, 5.67, 73062.01, 41865371, 0.89, 1.75, 0.98, 2665.70306
2016-08-04, 2, qing_du, 6.04, 5.75, 0.35, 5.73, 5.73, 5.76, 5.68, 46897.37, 26877056, 0.57, 1.40, 0.67, 14391.59799
2016-08-05, 2, qing_du, 6.04, 5.76, 0.17, 5.75, 5.75, 5.80, 5.70, 53135.29, 30591182, 0.65, 1.74, 0.81, 976.59516
2016-08-08, 2, qing_du, 6.04, 5.86, 1.74, 5.76, 5.75, 5.86, 5.74, 87991.3, 51166264, 1.07, 2.08, 1.36, 2786.92198
2016-08-09, 3, zhong_du, 6.04, 5.87, 0.17, 5.86, 5.87, 5.88, 5.80, 77177.82, 45177026, 0.94, 1.37, 1.22, 18282.49192
2016-08-10, 3, zhong_du, 6.04, 5.86, -0.17, 5.87, 5.85, 5.89, 5.85, 68500.5, 40200691, 0.83, 0.68, 1.02, 1323.03905
2016-08-11, 3, zhong_du, 6.04, 5.82, -0.68, 5.86, 5.85, 5.88, 5.80, 71160.19, 41553857, 0.86, 1.37, 1.06, 1029.67501
2016-08-15, 3, zhong_du, 6.03, 5.96, 1.36, 5.88, 5.87, 5.98, 5.85, 109238.02, 64826443, 1.26, 2.21, 1.46, 719.10787
2016-08-16, 3, zhong_du, 6.03, 5.95, -0.17, 5.96, 5.96, 6.00, 5.92, 108417.08, 64477858, 1.25, 1.34, 1.36, 1022.39394
2016-08-17, 3, zhong_du, 6.03, 5.95, 0.00, 5.95, 5.96, 5.98, 5.92, 108786.89, 64683884, 1.26, 1.01, 1.26, 14356.16803
2016-08-18, 3, zhong_du, 6.03, 5.94, -0.17, 5.95, 5.94, 5.98, 5.93, 87049.17, 51855380, 1.01, 0.84, 0.93, 14211.17783
2016-08-19, 3, zhong_du, 6.03, 5.95, 0.17, 5.94, 5.94, 5.97, 5.91, 76605.02, 45497397, 0.88, 1.01, 0.80, 2557.81698
2016-08-22, 3, zhong_du, 6.03, 5.93, -0.34, 5.95, 5.95, 5.97, 5.91, 80854.63, 48022795, 0.93, 1.01, 0.82, 2566.11586
2016-08-23, 3, zhong_du, 6.03, 5.98, 0.84, 5.93, 5.93, 5.99, 5.92, 94215.92, 56175589, 1.09, 1.18, 1.02, 690.75584
2016-08-24, 3, zhong_du, 6.03, 5.95, -0.50, 5.98, 5.99, 6.00, 5.93, 71281.09, 42502679, 0.82, 1.17, 0.80, 1321.66719
2016-08-25, 3, zhong_du, 6.03, 5.88, -1.18, 5.95, 5.94, 5.94, 5.81, 83255.5, 48833604, 0.96, 2.18, 1.01, 539.90698
2016-08-26, 3, zhong_du, 6.02, 5.90, 0.34, 5.88, 5.88, 5.94, 5.87, 72087.28, 42593164, 0.83, 1.19, 0.89, 585.87694
2016-08-29, 3, zhong_du, 6.02, 5.94, 0.68, 5.90, 5.89, 5.94, 5.88, 66376, 39310475, 0.77, 1.02, 0.83, 801.23305
2016-08-30, 3, zhong_du, 6.02, 5.92, -0.34, 5.94, 5.95, 5.97, 5.91, 73058.09, 43401593, 0.84, 1.01, 0.94, 2452.36182
2016-08-31, 3, zhong_du, 6.02, 5.94, 0.34, 5.92, 5.94, 5.95, 5.89, 51875.93, 30722907, 0.60, 1.01, 0.71, 2642.37404
2016-09-01, 3, zhong_du, 6.02, 5.90, -0.34, 5.92, 5.94, 5.95, 5.89, 9640, 5702297, 0.11, 1.01, 0.75, 673.09093
2016-09-02, 3, zhong_du, 6.02, 5.90, -0.34, 5.92, 5.92, 5.95, 5.86, 59609.1, 35236788, 0.69, 1.52, 0.86, 4170.71009
2016-09-05, 3, zhong_du, 6.02, 5.90, -0.34, 5.92, 5.94, 5.95, 5.89, 9640, 5702297, 0.11, 1.01, 0.75, 2616.02497
2016-09-06, 3, zhong_du, 6.02, 6.08, 2.18, 5.95, 5.94, 6.10, 5.89, 203955.59, 123081835, 2.36, 3.53, 2.94, 6396.65103
2016-09-07, 4, gao_du, 6.02, 6.01, -1.15, 6.08, 6.06, 6.10, 6.01, 108364.01, 65532100, 1.25, 1.48, 1.56, 593.84704
2016-09-08, 4, gao_du, 6.02, 6.04, 0.50, 6.01, 6.03, 6.05, 6.00, 85988.1, 51754637, 0.99, 0.83, 1.24, 606.01211
2016-09-09, 4, gao_du, 6.02, 5.90, -0.34, 5.92, 5.94, 5.95, 5.89, 9640, 5702297, 0.11, 1.01, 0.75, 5256.52385
2016-09-12, 4, gao_du, 6.02, 5.90, -0.34, 5.92, 5.94, 5.95, 5.89, 9640, 5702297, 0.11, 1.01, 0.75, 2282.84597
2016-09-13, 4, gao_du, 6.02, 5.90, -0.34, 5.92, 5.94, 5.95, 5.89, 9640, 5702297, 0.11, 1.01, 0.75, 2606.35495
2016-09-14, 3, zhong_du, 6.02, 5.88, -0.17, 5.89, 5.86, 5.94, 5.80, 58498.85, 34386073, 0.68, 2.38, 0.84, 609.9081
2016-09-19, 3, zhong_du, 6.02, 5.96, 1.36, 5.88, 5.88, 5.97, 5.88, 63956.79, 37938751, 0.74, 1.53, 0.93, 702.04806
2016-09-20, 3, zhong_du, 6.02, 6.02, 0.84, 5.97, 5.96, 6.02, 5.92, 65770.55, 39223012, 0.76, 1.68, 0.95, 2835.37698
2016-09-21, 4, gao_du, 6.02, 6.00, -0.33, 6.02, 6.00, 6.03, 5.96, 62417.79, 37445943, 0.72, 1.16, 0.91, 2497.27201
2016-09-22, 4, gao_du, 6.02, 6.01, 0.17, 6.00, 6.03, 6.05, 5.97, 66584.96, 39999711, 0.77, 1.33, 0.97, 523.62013
2016-09-23, 5, qiang_lie, 6.02, 6.01, 0.00, 6.01, 6.02, 6.04, 5.98, 88406.71, 53166251, 1.02, 1.00, 1.28, 632.06601
2016-09-26, 4, gao_du, 6.02, 5.85, -2.66, 6.01, 5.96, 5.98, 5.83, 91862.86, 54335091, 1.06, 2.50, 1.32, 694.42391
2016-09-27, 3, zhong_du, 6.02, 5.86, 0.17, 5.85, 5.83, 5.91, 5.81, 60382.88, 35336446, 0.70, 1.71, 0.87, 2987.46514
2016-09-28, 3, zhong_du, 6.02, 5.90, 0.68, 5.86, 5.86, 5.94, 5.86, 57782.89, 34132314, 0.67, 1.37, 0.83, 2609.34711
2016-09-29, 2, qing_du, 6.02, 5.94, 0.68, 5.90, 5.88, 5.98, 5.88, 57454.5, 34160269, 0.66, 1.69, 0.83, 5945.472
2016-09-30, 2, qing_du, 6.02, 5.98, 0.67, 5.94, 5.92, 5.98, 5.91, 61703.36, 36725264, 0.71, 1.18, 0.89, 764.67109
2016-10-10, 3, zhong_du, 6.02, 6.03, 0.84, 5.98, 5.99, 6.05, 5.98, 82875.93, 49888681, 0.96, 1.17, 1.20, 619.58194
2016-10-11, 3, zhong_du, 6.02, 6.04, 0.17, 6.03, 6.04, 6.06, 6.01, 105495.05, 63642472, 1.22, 0.83, 1.52, 2871.26303
2016-10-12, 4, gao_du, 6.02, 6.03, -0.17, 6.04, 6.02, 6.08, 6.01, 86809.75, 52428546, 1.00, 1.16, 1.25, 1820.09315
2016-10-13, 5, qiang_lie, 6.02, 6.19, 2.65, 6.03, 6.04, 6.25, 6.04, 316186.11, 194796952, 3.65, 3.48, 4.56, 3163.58995
2016-10-14, 5, qiang_lie, 6.02, 6.11, -1.29, 6.19, 6.15, 6.19, 6.07, 140407.53, 85735676, 1.62, 1.94, 2.03, 2739.92515
2016-10-17, 4, gao_du, 6.02, 6.02, -1.47, 6.11, 6.12, 6.14, 5.99, 140629.78, 85208156, 1.62, 2.45, 2.03, 1420.55702
2016-10-18, 4, gao_du, 6.02, 6.08, 1.00, 6.02, 6.02, 6.09, 6.00, 113127.68, 68443577, 1.31, 1.50, 1.63, 504.25315
2016-10-19, 3, zhong_du, 6.02, , , , , , , , , , , , 500.93198
2016-10-20, 3, zhong_du, 6.02, 6.10, 0.33, 6.08, 6.09, 6.14, 6.04, 102635.51, 62623016, 1.19, 1.64, 1.28, 4665.11393
2016-10-21, 3, zhong_du, 6.02, 6.06, -0.66, 6.10, 6.10, 6.12, 6.01, 111726.24, 67787025, 1.29, 1.80, 1.29, 1945.83893
2016-10-24, 4, gao_du, 6.02, 6.12, 0.82, 6.07, 6.07, 6.14, 6.06, 104756.2, 63982620, 1.21, 1.32, 1.10, 707.96299
2016-10-25, 4, gao_du, 6.02, 6.12, 0.00, 6.12, 6.12, 6.16, 6.10, 85210.37, 52186004, 0.98, 0.98, 0.89, 5726.72391
2016-10-26, 4, gao_du, 6.03, 6.17, 0.82, 6.12, 6.11, 6.17, 6.10, 135189.03, 82983216, 1.56, 1.14, 1.41, 2551.87297
2016-10-27, 4, gao_du, 6.03, 6.09, -1.30, 6.17, 6.16, 6.17, 6.06, 114377.2, 69858796, 1.32, 1.78, 1.20, 2691.66613
2016-10-28, 4, gao_du, 6.03, 6.06, -0.49, 6.09, 6.08, 6.12, 6.03, 92823.07, 56298227, 1.07, 1.48, 0.97, 6517.20715
2016-10-31, 4, gao_du, 6.03, 6.05, -0.17, 6.06, 6.04, 6.06, 6.01, 67490.91, 40754386, 0.78, 0.83, 0.70, 570.85299
2016-11-01, 4, gao_du, 6.03, 6.09, 0.66, 6.05, 6.05, 6.11, 6.04, 70949.35, 43063906, 0.82, 1.16, 0.75, 608.59799
2016-11-02, 3, zhong_du, 6.03, 6.04, -0.98, 6.10, 6.08, 6.10, 6.03, 80788.63, 48928506, 0.93, 1.15, 0.85, 486.19604
2016-11-03, 3, zhong_du, 6.03, 6.08, 0.66, 6.04, 6.02, 6.12, 6.00, 101838.96, 61744104, 1.18, 1.99, 1.06, 517.10987
2016-11-04, 3, zhong_du, 6.03, 6.09, 0.16, 6.08, 6.08, 6.14, 6.07, 96115.51, 58620195, 1.11, 1.15, 1.00, 928.75695
2016-11-07, 4, gao_du, 6.03, 6.19, 1.64, 6.09, 6.07, 6.30, 6.06, 247872.94, 153620930, 2.86, 3.94, 2.60, 805.125
2016-11-08, 4, gao_du, 6.07, 6.53, 5.32, 6.20, 6.19, 6.64, 6.14, 689980.75, 444958625, 7.97, 8.06, 7.18, 386.42001
2016-11-09, 5, qiang_lie, 6.09, 6.59, 0.92, 6.53, 6.46, 6.65, 6.31, 454371.84, 294724471, 5.25, 5.21, 4.73, 562.45589
2016-11-10, 5, qiang_lie, 6.12, 6.72, 1.97, 6.59, 6.59, 6.83, 6.53, 479794.4, 321351710, 5.54, 4.55, 5.04, 760.60605
2016-11-11, 5, qiang_lie, 6.15, 6.77, 0.74, 6.72, 6.66, 6.82, 6.62, 302500.61, 203345125, 3.49, 2.98, 3.15, 3053.87712
2016-11-14, 5, qiang_lie, 6.16, 6.75, -0.30, 6.77, 6.74, 6.83, 6.67, 253729.69, 171045245, 2.93, 2.36, 2.67, 556.97608
2016-11-15, 5, qiang_lie, 6.18, 6.74, -0.15, 6.75, 6.75, 6.75, 6.61, 126899.01, 84658933, 1.47, 2.07, 2.64, 503.17192
2016-11-16, 5, qiang_lie, 6.22, 6.92, 0.73, 6.87, 6.81, 7.12, 6.81, 319443.22, 222935559, 3.69, 4.51, 6.65, 442.909
2016-11-17, 5, qiang_lie, 6.23, 6.92, 0.73, 6.87, 6.81, 7.12, 6.81, 319443.22, 222935559, 3.69, 4.51, 6.65, 458.75907
2016-11-18, 5, qiang_lie, 6.25, 6.74, -0.15, 6.75, 6.75, 6.75, 6.61, 126899.01, 84658933, 1.47, 2.07, 2.64, 586.94196
2016-11-21, 5, qiang_lie, 6.26, 6.87, -0.29, 6.89, 6.85, 6.94, 6.79, 132057.36, 90294278, 1.53, 2.18, 1.37, 382.53689
2016-11-22, 5, qiang_lie, 6.27, 6.87, 0.00, 6.87, 6.81, 6.92, 6.79, 155604.31, 106382928, 1.80, 1.89, 1.62, 1366.98413
2016-11-23, 5, qiang_lie, 6.29, 6.76, -1.60, 6.87, 6.89, 7.05, 6.70, 253292.67, 173416028, 2.93, 5.09, 2.67, 520.06102
2016-11-24, 5, qiang_lie, 6.30, 6.66, -1.48, 6.76, 6.70, 6.74, 6.65, 146097.23, 97741671, 1.69, 1.33, 1.54, 538.94997
2016-11-25, 5, qiang_lie, 6.30, 6.71, 0.60, 6.67, 6.66, 6.73, 6.56, 137734.63, 91559174, 1.59, 2.55, 1.45, 597.31507
2016-11-28, 4, gao_du, 6.31, 6.54, -2.68, 6.72, 6.70, 6.73, 6.50, 269172.16, 177599886, 3.11, 3.42, 2.83, 876.03784
2016-11-29, 4, gao_du, 6.32, 6.58, 0.92, 6.52, 6.53, 6.67, 6.52, 206253.89, 136356492, 2.38, 2.30, 2.17, 659.05809
2016-11-30, 4, gao_du, 6.32, 6.70, 1.67, 6.59, 6.56, 6.73, 6.51, 188356.8, 125040858, 2.18, 3.34, 1.98, 444.25201
2016-12-01, 4, gao_du, 6.34, 6.91, 3.13, 6.70, 6.68, 6.91, 6.65, 279761.5, 190160287, 3.23, 3.88, 2.91, 496.00983
2016-12-02, 4, gao_du, 6.35, 6.85, -0.87, 6.91, 6.93, 6.95, 6.77, 176159.95, 120577502, 2.04, 2.60, 1.83, 2618.91603
2016-12-05, 5, qiang_lie, 6.36, 6.88, 0.44, 6.85, 6.75, 6.93, 6.66, 203422.95, 138402087, 2.35, 3.94, 2.14, 840.02805
2016-12-06, 5, qiang_lie, 6.37, 6.81, -1.02, 6.88, 6.88, 6.92, 6.73, 119916.11, 81525311, 1.39, 2.76, 1.25, 606.52113
2016-12-07, 5, qiang_lie, 6.37, 6.82, 0.15, 6.81, 6.77, 6.82, 6.67, 93219.9, 62959219, 1.08, 2.20, 0.98, 480.55291
2016-12-08, 5, qiang_lie, 6.38, 6.75, -1.03, 6.82, 6.84, 6.86, 6.75, 72711, 49395895, 0.84, 1.61, 0.76, 503.56889
2016-12-09, 5, qiang_lie, 6.40, 7.02, 4.00, 6.75, 6.72, 7.09, 6.65, 303432.06, 208664671, 3.51, 6.52, 3.16, 684.00192
2016-12-12, 5, qiang_lie, 6.41, 6.78, -3.42, 7.02, 6.98, 7.03, 6.68, 264322.46, 181218129, 3.05, 4.99, 2.75, 491.51802
2016-12-13, 5, qiang_lie, 6.44, 7.18, 5.90, 6.78, 6.72, 7.35, 6.53, 480246.59, 338750458, 5.55, 12.09, 5.00, 757.71809
2016-12-14, 5, qiang_lie, 6.46, 7.06, -1.67, 7.18, 7.13, 7.29, 7.06, 263841, 189019103, 3.05, 3.20, 2.75, 462.62479
2016-12-15, 5, qiang_lie, 6.48, 7.08, 0.28, 7.06, 7.06, 7.25, 6.97, 252194.37, 179354374, 2.91, 3.97, 2.62, 557.08694
2016-12-16, 5, qiang_lie, 6.50, 6.88, -2.82, 7.08, 7.06, 7.17, 6.87, 297888.12, 208169062, 3.44, 4.24, 3.10, 540.57503
2016-12-19, 5, qiang_lie, 6.51, 6.73, -2.18, 6.88, 6.85, 6.88, 6.63, 298194.83, 200593425, 3.44, 3.63, 3.10, 597.25809
2016-12-20, 4, gao_du, 6.51, 6.61, -1.78, 6.73, 6.71, 6.76, 6.50, 245636.54, 162526664, 2.84, 3.86, 2.56, 539.07204
2016-12-21, 4, gao_du, 6.51, 6.60, -0.15, 6.61, 6.59, 6.66, 6.55, 180768.77, 119267331, 2.09, 1.66, 1.88, 502.93016
2016-12-22, 3, zhong_du, 6.52, 6.66, 0.91, 6.60, 6.58, 6.71, 6.56, 161294.43, 107585651, 1.86, 2.27, 1.68, 481.58598
2016-12-23, 3, zhong_du, 6.52, 6.72, 0.90, 6.66, 6.64, 6.74, 6.51, 160828.37, 106677415, 1.86, 3.45, 1.67, 468.63008
2016-12-26, 3, zhong_du, 6.52, 6.77, 0.74, 6.72, 6.66, 6.81, 6.58, 174856.55, 117910750, 2.02, 3.42, 1.82, 584.27691
2016-12-27, 3, zhong_du, 6.53, 6.85, 1.18, 6.77, 6.72, 6.94, 6.71, 168865.58, 115544745, 1.95, 3.40, 1.76, 493.46089
2016-12-28, 3, zhong_du, 6.53, 6.83, -0.29, 6.85, 6.81, 6.92, 6.76, 114708.25, 78364745, 1.33, 2.34, 1.19, 593.09101
2016-12-30, 3, zhong_du, 6.54, 6.91, 2.37, 6.75, 6.76, 6.96, 6.70, 181320.46, 124141727, 2.09, 3.85, 1.89, 910.86602
2017-01-04, 3, zhong_du, 6.55, 7.02, 1.45, 6.92, 6.92, 7.07, 6.88, 156573.26, 109626197, 1.81, 2.75, 1.63, 605.15594
2017-01-05, 3, zhong_du, 6.56, 7.00, -0.28, 7.02, 7.02, 7.05, 6.94, 102744.11, 71833951, 1.19, 1.57, 1.07, 551.28694
2017-01-06, 3, zhong_du, 6.56, 6.88, -1.71, 7.00, 6.99, 7.01, 6.87, 109983.03, 76019040, 1.27, 2.00, 1.14, 1714.11085
2017-01-09, 3, zhong_du, 6.57, 6.95, 1.02, 6.88, 6.85, 6.97, 6.76, 120685.43, 82893740, 1.39, 3.05, 1.26, 639.50086
2017-01-10, 3, zhong_du, 6.57, 6.98, 0.43, 6.95, 6.93, 7.05, 6.87, 67022.02, 46609479, 0.77, 2.59, 1.40, 1692.57307
2017-01-11, 3, zhong_du, 6.59, 6.99, 1.01, 6.92, 6.94, 7.19, 6.94, 297543.13, 210410448, 3.44, 3.61, 3.10, 2592.10014
2017-01-13, 3, zhong_du, 6.60, 6.98, 0.43, 6.95, 6.93, 7.05, 6.87, 67022.02, 46609479, 0.77, 2.59, 1.40, 559.71193
2017-01-16, 2, qing_du, 6.60, 6.98, 0.43, 6.95, 6.93, 7.05, 6.87, 67022.02, 46609479, 0.77, 2.59, 1.40, 537.781
2017-01-17, 2, qing_du, 6.59, 6.49, 1.25, 6.41, 6.40, 6.52, 6.35, 79158.44, 50910381, 0.91, 2.65, 0.82, 506.5949
2017-01-18, 1, wei_ruo, 6.59, 6.49, 0.00, 6.49, 6.46, 6.57, 6.43, 90079.7, 58525922, 1.04, 2.16, 0.94, 4638.5932
2017-02-07, 3, zhong_du, 6.61, 6.98, 0.58, 6.94, 6.93, 7.18, 6.91, 158501, 111673892, 1.83, 3.89, 3.74, 2780.89714
2017-02-08, 3, zhong_du, 6.63, 7.00, 0.86, 6.94, 6.93, 7.18, 6.91, 248338.26, 174446681, 2.87, 3.89, 2.58, 4937.13093
2017-02-09, 3, zhong_du, 6.70, 7.70, 10.00, 7.00, 6.95, 7.70, 6.91, 738239.13, 561255613, 8.53, 11.29, 7.68, 682.45888
2017-02-10, 4, gao_du, 7.07, 8.21, 6.62, 7.70, 8.10, 8.47, 8.02, 2104843.6, 1749522985, 24.32, 5.84, 21.91, 3317.51299
2017-02-13, 4, gao_du, 7.18, 7.93, -3.41, 8.21, 8.05, 8.05, 7.76, 1099782.29, 869437905, 12.71, 3.53, 11.45, 4648.11897
2017-02-14, 4, gao_du, 7.26, 7.98, 0.63, 7.93, 7.81, 8.19, 7.79, 875908.54, 697645163, 10.12, 5.04, 9.12, 654.43182
2017-02-15, 4, gao_du, 7.30, 7.73, -3.13, 7.98, 7.90, 8.00, 7.71, 569335.15, 445291584, 6.58, 3.63, 5.93, 4768.785
2017-02-16, 4, gao_du, 7.32, 7.81, 1.03, 7.73, 7.74, 7.91, 7.73, 373998.56, 292299030, 4.32, 2.33, 3.89, 60835.12211
2017-02-17, 4, gao_du, 7.39, 8.04, 2.94, 7.81, 7.76, 8.37, 7.73, 871096.58, 703713902, 10.06, 8.19, 9.07, 578.64404
2017-02-20, 4, gao_du, 7.57, 8.84, 9.95, 8.04, 8.22, 8.84, 8.22, 1265179.69, 1103945087, 14.62, 7.71, 13.17, 611.51481
2017-02-21, 5, qiang_lie, 7.73, 8.65, -2.15, 8.84, 9.00, 9.15, 8.50, 1136300.95, 993415119, 13.13, 7.35, 11.83, 662.12106
2017-02-22, 5, qiang_lie, 7.80, 8.67, 0.23, 8.65, 8.59, 8.74, 8.43, 671477.37, 575314330, 7.76, 3.58, 6.99, 64584.37991
2017-02-23, 5, qiang_lie, 7.84, 8.40, -3.11, 8.67, 8.53, 8.67, 8.40, 467120.2, 396604770, 5.40, 3.11, 4.86, 4754.8511
2017-02-24, 5, qiang_lie, 7.88, 8.50, 1.19, 8.40, 8.37, 8.63, 8.25, 609234.62, 515166447, 7.04, 4.52, 6.34, 955.61409
2017-02-27, 4, gao_du, 7.89, 8.34, -0.71, 8.40, 8.37, 8.48, 8.25, 137997.78, 115149375, 1.59, 2.74, 7.83, 4523.18621
2017-02-28, 4, gao_du, 7.89, 8.34, -0.71, 8.40, 8.37, 8.48, 8.25, 137997.78, 115149375, 1.59, 2.74, 7.83, 4715.77311
2017-03-01, 4, gao_du, 7.90, 7.96, 0.25, 7.94, 7.98, 8.07, 7.90, 362531.08, 289642223, 4.19, 2.14, 3.77, 631.5639
2017-03-02, 3, zhong_du, 7.90, 8.12, 2.01, 7.96, 7.91, 8.19, 7.88, 400307.69, 321723700, 4.62, 3.89, 4.17, 700.93393
2017-03-03, 3, zhong_du, 7.91, 7.99, -1.60, 8.12, 8.08, 8.12, 7.92, 249990.82, 200006365, 2.89, 2.46, 2.60, 4896.91186
2017-03-06, 3, zhong_du, 7.91, 8.02, 0.38, 7.99, 7.92, 8.04, 7.78, 234151.17, 185957966, 2.71, 3.25, 2.44, 2539.99805
2017-03-07, 3, zhong_du, 7.91, 8.29, 2.09, 8.12, 8.12, 8.35, 8.12, 241492.6, 198960369, 2.79, 2.83, 5.03, 858.10709
2017-03-08, 4, gao_du, 7.93, 8.22, 1.23, 8.12, 8.12, 8.35, 8.12, 356617.39, 293388252, 4.12, 2.83, 3.71, 720.53099
2017-03-09, 4, gao_du, 7.93, 8.01, -2.55, 8.22, 8.20, 8.20, 7.95, 239261.62, 192213331, 2.76, 3.04, 2.49, 1174.752
2017-03-10, 4, gao_du, 7.93, 8.00, -0.12, 8.01, 8.02, 8.20, 7.92, 215385.42, 173253772, 2.49, 3.50, 2.24, 556.99301
2017-03-13, 4, gao_du, 7.94, 8.11, 1.38, 8.00, 8.01, 8.16, 7.88, 199781.48, 160534422, 2.31, 3.50, 2.08, 861.85479
2017-03-14, 4, gao_du, 7.94, 8.16, 0.62, 8.11, 8.09, 8.28, 8.09, 208719.7, 170776097, 2.41, 2.34, 2.17, 634.61399
2017-03-15, 4, gao_du, 7.96, 8.39, 2.82, 8.16, 8.12, 8.49, 8.05, 404279.92, 336709856, 4.67, 5.39, 4.21, 480.87311
2017-03-16, 4, gao_du, 7.97, 8.40, 0.12, 8.39, 8.38, 8.45, 8.25, 283503.21, 236489566, 3.28, 2.38, 2.95, 601.15314
2017-03-17, 4, gao_du, 7.98, 8.29, -1.31, 8.40, 8.40, 8.46, 8.26, 220528.72, 184267519, 2.55, 2.38, 2.30, 629.96888
2017-03-20, 4, gao_du, 7.99, 8.18, -1.33, 8.29, 8.22, 8.29, 8.08, 190256.53, 155176392, 2.20, 2.53, 1.98, 585.41703
2017-03-21, 4, gao_du, 7.99, 8.31, 1.59, 8.18, 8.15, 8.36, 8.11, 154609.71, 127411370, 1.79, 3.06, 1.61, 616.29391
2017-03-22, 4, gao_du, 8.00, 8.29, -0.24, 8.31, 8.28, 8.41, 8.19, 188310.71, 156048335, 2.18, 2.65, 1.96, 610.47077
2017-03-23, 4, gao_du, 8.00, 8.28, -0.12, 8.29, 8.32, 8.40, 8.17, 178080.01, 147718459, 2.06, 2.77, 1.85, 617.0342
2017-03-24, 4, gao_du, 8.01, 8.22, -0.72, 8.28, 8.28, 8.31, 8.03, 224391.69, 182754619, 2.59, 3.38, 2.34, 1076.21408
2017-03-27, 4, gao_du, 8.02, 8.30, 0.97, 8.22, 8.14, 8.31, 8.14, 253185.48, 208795018, 2.92, 2.07, 2.64, 584.76996
2017-03-28, 4, gao_du, 8.03, 8.48, 2.17, 8.30, 8.34, 8.58, 8.33, 368790.71, 311948217, 4.26, 3.01, 3.84, 631.87981
2017-03-29, 4, gao_du, 8.05, 8.45, -0.35, 8.48, 8.46, 8.57, 8.33, 310102.76, 262203435, 3.58, 2.83, 3.23, 609.92599
2017-03-30, 4, gao_du, 8.06, 8.00, -5.33, 8.45, 8.40, 8.55, 8.00, 480824.64, 402500702, 5.55, 6.51, 5.00, 588.76801
2017-03-31, 3, zhong_du, 8.04, 7.78, -2.75, 8.00, 7.89, 7.89, 7.50, 435274.47, 335690586, 5.03, 4.88, 4.53, 620.96286
2017-04-05, 3, zhong_du, 8.04, 8.56, 10.03, 7.78, 8.56, 8.56, 8.56, 33866.78, 28989964, 0.39, 0.00, 0.35, 614.15195
2017-04-06, 3, zhong_du, 8.05, 9.42, 10.05, 8.56, 9.42, 9.42, 9.42, 28624.4, 26964185, 0.33, 0.00, 0.30, 1055.52292
2017-04-07, 4, gao_du, 8.06, 10.36, 9.98, 9.42, 10.36, 10.36, 10.36, 55853.06, 57863770, 0.65, 0.00, 0.58, 645.49184
2017-04-10, 5, qiang_lie, 8.08, 11.40, 10.04, 10.36, 11.40, 11.40, 11.40, 34973.32, 39869585, 0.40, 0.00, 0.36, 772.089
2017-04-11, 5, qiang_lie, 8.09, 12.54, 10.00, 11.40, 12.54, 12.54, 12.54, 23138.26, 29015378, 0.27, 0.00, 0.24, 597.35703
2017-04-12, 5, qiang_lie, 8.18, 13.79, 9.97, 12.54, 13.79, 13.79, 13.79, 147913.67, 203972951, 1.71, 0.00, 1.54, 635.05602
2017-04-17, 5, qiang_lie, 9.12, 12.41, -10.01, 13.79, 13.20, 13.50, 12.41, 1763236.1, 2229734090, 20.37, 7.90, 18.35, 582.93009
2017-04-18, 5, qiang_lie, 9.63, 11.39, -8.22, 12.41, 11.93, 12.22, 11.25, 1777723.95, 2087742777, 20.54, 7.82, 18.50, 671.60201
2017-04-19, 5, qiang_lie, 9.87, 11.44, 0.44, 11.39, 11.50, 11.80, 11.18, 1134697.08, 1308769286, 13.11, 5.44, 11.81, 550.27103
2017-04-20, 4, gao_du, 10.01, 10.39, -9.18, 11.44, 11.46, 11.49, 10.30, 1408677.65, 1514504232, 16.27, 10.40, 14.66, 576.53403
2017-04-21, 3, zhong_du, 10.04, 10.17, -2.12, 10.39, 10.25, 10.65, 10.02, 973105.22, 1006093300, 11.24, 6.06, 10.13, 503.45397
2017-04-24, 3, zhong_du, 10.04, 9.78, -3.83, 10.17, 10.15, 10.37, 9.78, 794060.41, 800419773, 9.17, 5.80, 8.26, 654.72698
2017-04-25, 3, zhong_du, 10.03, 10.05, 2.76, 9.78, 9.81, 10.55, 9.46, 1375814.77, 1383168341, 15.89, 11.15, 14.32, 655.87997
2017-04-26, 3, zhong_du, 10.11, 10.70, 6.47, 10.05, 9.90, 10.96, 9.72, 1548451.69, 1601711199, 16.13, 12.34, 16.12, 728.14894
2017-04-27, 3, zhong_du, 10.19, 10.36, -3.18, 10.70, 10.43, 11.05, 10.29, 1532521.9, 1626199499, 15.96, 7.10, 15.95, 527.57597
2017-04-28, 3, zhong_du, 10.28, 11.40, 10.04, 10.36, 10.20, 11.40, 10.18, 917344.23, 1013671967, 9.56, 11.78, 9.55, 545.41421
2017-05-02, 3, zhong_du, 10.73, 12.16, 6.67, 11.40, 11.97, 12.36, 11.62, 2207777.67, 2638006049, 23.00, 6.49, 22.98, 565.89198
2017-05-03, 3, zhong_du, 10.85, 11.17, -8.14, 12.16, 11.77, 11.82, 11.02, 1741780.87, 1988806320, 18.14, 6.58, 18.13, 633.93283
2017-05-04, 4, gao_du, 10.95, 11.32, 1.34, 11.17, 10.75, 12.06, 10.65, 1682219.56, 1918617338, 17.52, 12.62, 17.51, 680.22704
2017-05-05, 4, gao_du, 11.10, 11.67, 3.09, 11.32, 11.05, 12.20, 11.05, 1906563.24, 2248176660, 19.86, 10.16, 19.84, 644.1679
2017-05-11, 3, zhong_du, 10.72, 10.06, 5.89, 9.50, 9.45, 10.10, 9.26, 915855.73, 888094759, 9.54, 8.84, 9.53, 590.16109
2017-05-12, 2, qing_du, 10.64, 10.09, 0.30, 10.06, 9.90, 10.39, 9.80, 1072583.18, 1084778956, 11.17, 5.86, 11.16, 561.91206
2017-05-15, 2, qing_du, 10.60, 10.08, -0.10, 10.09, 9.98, 10.46, 9.92, 807962.91, 823709606, 8.42, 5.35, 8.41, 700.48189
2017-05-17, 2, qing_du, 10.70, 11.20, 5.07, 10.66, 10.50, 11.73, 10.46, 1956118.64, 2184625635, 20.38, 11.91, 20.36, 2582.48997
2017-05-18, 3, zhong_du, 10.70, 10.68, -4.64, 11.20, 10.88, 11.04, 10.28, 1199178.65, 1284784069, 12.49, 6.79, 12.48, 583.08816
2017-05-19, 3, zhong_du, 10.74, 11.16, 4.49, 10.68, 10.70, 11.39, 10.40, 1480694.22, 1639499761, 15.42, 9.27, 15.41, 655.97486
2017-05-22, 3, zhong_du, 10.75, 10.88, -2.51, 11.16, 10.89, 10.98, 10.50, 877663.64, 942465701, 9.14, 4.30, 9.13, 613.81292
2017-05-23, 3, zhong_du, 10.71, 10.08, -7.35, 10.88, 10.74, 11.10, 9.86, 865373.86, 911910174, 9.01, 11.40, 9.01, 872.04695
2017-05-24, 3, zhong_du, 10.67, 10.31, 2.28, 10.08, 9.85, 10.36, 9.65, 612524.2, 619516269, 6.38, 7.04, 6.38, 939.16297
2017-05-25, 3, zhong_du, 10.65, 10.63, 3.10, 10.31, 10.22, 10.96, 9.95, 884228, 924454472, 9.21, 9.80, 9.20, 642.10701
2017-05-26, 3, zhong_du, 10.75, 11.69, 9.97, 10.63, 11.68, 11.69, 11.65, 820041.57, 958562454, 8.54, 0.38, 8.54, 616.00399
2017-05-31, 3, zhong_du, 11.01, 11.70, 0.09, 11.69, 11.69, 12.34, 11.45, 2104903.16, 2507073655, 21.93, 7.61, 21.91, 621.63401
2017-06-01, 3, zhong_du, 11.12, 11.52, -1.54, 11.70, 11.32, 12.20, 11.22, 1490134.94, 1746114550, 15.52, 8.38, 15.51, 605.20887
2017-06-02, 3, zhong_du, 11.15, 11.75, 2.00, 11.52, 11.25, 11.79, 10.37, 1283170.67, 1415862732, 13.37, 12.33, 13.36, 3170.42685
2017-06-05, 3, zhong_du, 11.24, 11.76, 0.09, 11.75, 11.55, 12.09, 11.47, 1344780.95, 1586155421, 14.01, 5.28, 14.00, 2566.44893
2017-06-06, 3, zhong_du, 11.24, 11.15, -5.19, 11.76, 11.45, 11.60, 10.90, 1027166.53, 1157862189, 10.70, 5.95, 10.69, 5227.84901
2017-06-07, 2, qing_du, 11.30, 11.81, 5.92, 11.15, 11.03, 12.05, 11.01, 1243714.22, 1437408314, 12.96, 9.33, 12.94, 597.59688
2017-06-08, 3, zhong_du, 11.41, 11.99, 1.52, 11.81, 11.75, 12.24, 11.55, 1514376.49, 1804058505, 15.77, 5.84, 15.76, 2538.10501
2017-06-09, 3, zhong_du, 11.61, 12.43, 3.67, 11.99, 11.90, 13.06, 11.61, 1818084.27, 2223016570, 18.94, 12.09, 18.92, 860.03399
2017-06-12, 4, gao_du, 11.72, 12.04, -3.14, 12.43, 12.03, 12.78, 11.88, 1489866.97, 1826574201, 15.52, 7.24, 15.51, 552.02985
2017-06-13, 4, gao_du, 11.75, 11.98, -0.50, 12.04, 11.82, 12.35, 11.78, 1039239.35, 1254592314, 10.83, 4.73, 10.82, 576.35808
2017-06-14, 4, gao_du, 11.83, 12.36, 3.17, 11.98, 11.88, 12.48, 11.79, 1384540.35, 1691775154, 14.42, 5.76, 14.41, 782.25708
2017-06-15, 4, gao_du, 11.86, 12.05, -2.51, 12.36, 12.23, 12.34, 11.88, 1078916.24, 1302594462, 11.24, 3.72, 11.23, 594.19298
2017-06-16, 4, gao_du, 11.85, 11.64, -3.40, 12.05, 11.96, 12.22, 11.56, 997749.41, 1185407585, 10.39, 5.48, 10.38, 656.45695
2017-06-19, 3, zhong_du, 11.76, 11.10, -4.64, 11.64, 11.31, 11.38, 10.78, 1020401.48, 1127335011, 10.63, 5.15, 10.62, 708.53209
2017-06-20, 3, zhong_du, 11.71, 11.20, 0.90, 11.10, 11.10, 11.35, 10.96, 765784.75, 855013175, 7.98, 3.51, 7.97, 561.28788
2017-06-21, 3, zhong_du, 11.68, 11.37, 1.52, 11.20, 11.17, 11.45, 11.05, 713575.02, 808136073, 7.43, 3.57, 7.43, 780.28607
2017-06-22, 3, zhong_du, 11.63, 10.84, -4.66, 11.37, 11.30, 11.43, 10.80, 652301.52, 725187107, 6.79, 5.54, 6.79, 532.52006
2017-06-23, 3, zhong_du, 11.57, 10.91, 0.65, 10.84, 10.87, 11.05, 10.32, 607980.63, 651326174, 6.33, 6.73, 6.33, 754.48203
2017-06-26, 2, qing_du, 11.53, 10.89, -0.18, 10.91, 10.84, 10.98, 10.66, 379285.64, 411893828, 3.95, 2.93, 3.95, 3625.3171
2017-06-27, 2, qing_du, 11.50, 10.72, -1.56, 10.89, 10.85, 10.98, 10.66, 365984.98, 395715367, 3.81, 2.94, 3.81, 647.74585
2017-06-28, 2, qing_du, 11.43, 10.30, -3.92, 10.72, 10.66, 10.66, 10.25, 542826.42, 563713111, 5.65, 3.82, 5.65, 725.47102
2017-06-29, 2, qing_du, 11.39, 10.36, 0.58, 10.30, 10.31, 10.54, 10.26, 389805.67, 404856688, 4.06, 2.72, 4.06, 6612.6101
2017-06-30, 1, wei_ruo, 11.33, 10.07, -2.80, 10.36, 10.36, 10.42, 10.06, 417505.68, 425487891, 4.35, 3.47, 4.35, 1398.27085
2017-07-03, 1, wei_ruo, 11.29, 10.16, 0.89, 10.07, 10.11, 10.28, 10.03, 304416.72, 309715979, 3.17, 2.48, 3.17, 2547.76406
2017-07-04, 1, wei_ruo, 11.24, 10.39, 2.26, 10.16, 10.18, 10.48, 10.13, 436576.18, 453035890, 4.55, 3.44, 4.54, 576.29895
2017-07-05, 1, wei_ruo, 11.21, 10.36, -0.29, 10.39, 10.42, 10.43, 10.21, 276304.17, 284493099, 2.88, 2.12, 2.88, 741.292
2017-07-06, 1, wei_ruo, 11.17, 10.17, -1.83, 10.36, 10.35, 10.35, 10.16, 318385.91, 325682954, 3.32, 1.83, 3.31, 1671.32211
2017-07-07, 1, wei_ruo, 11.14, 10.18, 0.10, 10.17, 10.13, 10.38, 10.10, 308610.33, 315654988, 3.21, 2.75, 3.21, 690.74106
2017-07-10, 1, wei_ruo, 11.10, 10.15, -0.29, 10.18, 10.10, 10.30, 10.01, 354269.57, 359590289, 3.69, 2.85, 3.69, 2638.1228
2017-07-11, 1, wei_ruo, 11.03, 9.69, -4.53, 10.15, 10.13, 10.19, 9.58, 466417.02, 461905793, 4.86, 6.01, 4.85, 985.65006
2017-07-12, 1, wei_ruo, 10.96, 9.81, 1.24, 9.69, 9.69, 9.86, 9.25, 445053.13, 428337429, 4.64, 6.30, 4.63, 664.49499
2017-07-13, 1, wei_ruo, 10.92, 9.53, -2.85, 9.81, 9.72, 9.77, 9.51, 251277.96, 242032920, 2.62, 2.65, 2.62, 838.31692
2017-07-14, 1, wei_ruo, --, 9.47, -0.63, 9.53, 9.50, 9.61, 9.46, 194655.21, 185627261, 2.03, 1.57, 2.03, 592.21792
2017-07-17, 1, wei_ruo, --, 8.52, -10.03, 9.47, 9.29, 9.37, 8.52, 478998.71, 419091686, 4.99, 8.98, 4.99, 2726.15314
2017-07-18, 1, wei_ruo, 10.61, 8.35, -2.00, 8.52, 8.48, 8.65, 8.20, 604831.81, 506428556, 6.30, 5.28, 6.30, 626.7128
2017-07-19, 1, wei_ruo, --, 8.40, 0.60, 8.35, 8.30, 8.40, 8.13, 401889.23, 333150306, 4.19, 3.23, 4.18, 627.96807
2017-07-20, 1, wei_ruo, --, 8.30, -1.19, 8.40, 8.35, 8.54, 8.29, 389515.23, 327432489, 4.06, 2.98, 4.05, 1617.55514
2017-07-21, 1, wei_ruo, --, 8.24, -0.72, 8.30, 8.25, 8.43, 8.15, 378973.13, 314143148, 3.95, 3.37, 3.94, 499.76993
2017-07-24, 1, wei_ruo, 10.18, 8.76, 6.31, 8.24, 8.21, 8.83, 8.18, 663029.22, 564353294, 6.91, 7.89, 6.90, 15603.544
2017-07-25, 1, wei_ruo, --, 8.53, -2.63, 8.76, 8.70, 8.70, 8.48, 411392.55, 352914454, 4.29, 2.51, 4.28, 726.02105
2017-07-26, 1, wei_ruo, --, 8.64, 1.29, 8.53, 8.54, 8.73, 8.52, 351346.95, 303146933, 3.66, 2.46, 3.66, 818.26901
2017-07-27, 1, wei_ruo, 9.97, 8.81, 1.97, 8.64, 9.00, 9.25, 8.80, 569318.22, 508306598, 5.93, 5.21, 5.93, 750.92697
2017-07-28, 1, wei_ruo, 9.92, 8.75, -0.68, 8.81, 8.60, 8.99, 8.58, 353171.13, 310643645, 3.68, 4.65, 3.68, 690.04512
2017-07-31, 1, wei_ruo, 9.88, 8.66, -1.03, 8.75, 8.73, 8.79, 8.60, 291531.54, 252828540, 3.04, 2.17, 3.03, 723.70005
2017-08-01, 1, wei_ruo, 9.81, 8.92, 3.00, 8.66, 8.67, 9.09, 8.60, 634852.64, 565187047, 6.61, 5.66, 6.61, 773.86713
2017-08-02, 1, wei_ruo, 9.74, 9.19, 3.03, 8.92, 8.93, 9.45, 8.79, 819027.25, 741769440, 8.53, 7.40, 8.52, 732.32102
2017-08-03, 1, wei_ruo, 9.71, 9.13, -0.65, 9.19, 9.09, 9.43, 9.06, 579254.12, 535132510, 6.03, 4.03, 6.03, 638.07297
2017-08-04, 1, wei_ruo, 9.68, 9.01, -1.31, 9.13, 9.08, 9.24, 9.00, 409497.92, 373418170, 4.27, 2.63, 4.26, 672.48893
2017-08-07, 1, wei_ruo, 9.66, 9.03, 0.22, 9.01, 8.95, 9.15, 8.93, 257350.55, 232775744, 2.68, 2.44, 2.68, 649.29986
2017-08-08, 1, wei_ruo, 9.64, 9.08, 0.55, 9.03, 9.20, 9.38, 9.05, 383176.45, 352193544, 3.99, 3.65, 3.99, 638.85188
2017-08-09, 1, wei_ruo, 9.61, 9.13, 0.55, 9.08, 9.05, 9.22, 8.97, 384800.99, 351245235, 4.01, 2.75, 4.01, 635.59699
2017-08-10, 1, wei_ruo, 9.58, 8.80, -3.61, 9.13, 9.08, 9.13, 8.71, 392666.31, 349556651, 4.09, 4.60, 4.09, 2704.12803
2017-08-11, 1, wei_ruo, 9.54, 9.06, 2.95, 8.80, 8.69, 9.25, 8.65, 611852.29, 550106853, 6.37, 6.82, 6.37, 1011.34396
2017-08-14, 1, wei_ruo, 9.52, 9.45, 4.30, 9.06, 9.13, 9.46, 9.13, 703254.78, 653273845, 7.33, 3.64, 7.32, 816.81299
2017-08-15, 1, wei_ruo, 9.51, 9.35, -1.06, 9.45, 9.47, 9.47, 9.26, 448707.2, 418988462, 5.09, 2.22, 4.67, 880.39804
2017-08-16, 1, wei_ruo, 9.50, 9.23, -1.28, 9.35, 9.31, 9.39, 9.18, 356891.68, 330345899, 4.05, 2.25, 3.71, 689.40401
2017-08-17, 1, wei_ruo, 9.50, 9.55, 3.47, 9.23, 9.24, 9.76, 9.17, 650065.79, 613782298, 7.38, 6.39, 6.77, 5991.49513
2017-08-18, 1, wei_ruo, 9.50, 9.41, -1.47, 9.55, 9.43, 9.68, 9.40, 554800.71, 528071340, 6.30, 2.93, 5.77, 751.18804
2017-08-21, 1, wei_ruo, 9.50, 9.42, 0.11, 9.41, 9.42, 9.47, 9.32, 298555.28, 280172805, 3.39, 1.59, 3.11, 2776.42012
2017-08-22, 1, wei_ruo, 9.50, 9.42, 0.00, 9.42, 9.65, 9.76, 9.39, 540922.26, 517890739, 6.14, 3.93, 5.63, 609.11584
2017-08-23, 1, wei_ruo, 9.49, 9.15, -2.87, 9.42, 9.26, 9.30, 9.14, 356859.14, 328510601, 4.05, 1.70, 3.71, 786.14402
2017-08-24, 1, wei_ruo, 9.48, 9.15, 0.00, 9.15, 9.18, 9.30, 9.10, 282130.92, 259222142, 3.20, 2.19, 2.94, 605.93796
2017-08-25, 1, wei_ruo, 9.47, 9.24, 0.98, 9.15, 9.10, 9.27, 9.08, 255424.97, 234314042, 2.90, 2.08, 2.66, 816.56098
2017-08-28, 1, wei_ruo, 9.46, 9.34, 1.08, 9.24, 9.22, 9.41, 9.19, 352209.1, 327907406, 4.00, 2.38, 3.67, 789.08801
2017-08-29, 1, wei_ruo, 9.46, 9.38, 0.43, 9.34, 9.28, 9.43, 9.24, 375410.98, 349995111, 4.26, 2.03, 3.91, 823.69089
2017-08-30, 2, qing_du, 9.46, 9.41, 0.32, 9.38, 9.34, 9.54, 9.28, 422427.68, 398087672, 4.79, 2.77, 4.40, 656.06594
2017-08-31, 2, qing_du, 9.45, 9.30, -1.17, 9.41, 9.36, 9.41, 9.27, 326347.7, 303897214, 3.70, 1.49, 3.40, 800.47584
2017-09-01, 3, zhong_du, 9.45, 9.33, -0.85, 9.41, 9.36, 9.41, 9.27, 189676.7, 176731672, 2.15, 1.49, 3.95, 675.59695
2017-09-04, 3, zhong_du, 9.46, 9.33, -0.85, 9.41, 9.36, 9.41, 9.27, 189676.7, 176731672, 2.15, 1.49, 3.95, 665.58599
2017-09-05, 3, zhong_du, 9.46, 9.48, -1.56, 9.63, 9.65, 9.65, 9.44, 409701.53, 390108673, 4.65, 2.18, 4.26, 606.96793
2017-09-06, 3, zhong_du, 9.47, 9.57, 0.95, 9.48, 9.44, 9.65, 9.36, 431698.22, 410493035, 4.90, 3.06, 4.49, 1391.81304
2017-09-07, 4, gao_du, 9.51, 9.33, -0.85, 9.41, 9.36, 9.41, 9.27, 189676.7, 176731672, 2.15, 1.49, 3.95, 697.97301
2017-09-08, 4, gao_du, 9.52, 9.64, -1.83, 9.82, 9.73, 9.78, 9.53, 567655.67, 548292142, 6.44, 2.55, 5.91, 585.17098
2017-09-11, 4, gao_du, 9.52, 9.33, -0.85, 9.41, 9.36, 9.41, 9.27, 189676.7, 176731672, 2.15, 1.49, 3.95, 732.373
2017-09-12, 4, gao_du, 9.52, 9.38, -1.88, 9.56, 9.52, 9.62, 9.36, 407028, 386076376, 4.62, 2.72, 4.24, 560.27198
2017-09-13, 3, zhong_du, 9.51, 9.42, 0.43, 9.38, 9.40, 9.54, 9.37, 221720.6, 209343474, 2.52, 1.81, 2.31, 570.00899
2017-09-14, 3, zhong_du, 9.50, 9.17, -2.65, 9.42, 9.41, 9.42, 9.15, 391945.27, 362728398, 4.45, 2.87, 4.08, 773.15998
2017-09-15, 3, zhong_du, 9.49, 9.08, -0.98, 9.17, 9.16, 9.24, 9.08, 217701, 199407630, 2.47, 1.74, 2.27, 2928.09582
2017-09-18, 2, qing_du, 9.48, 9.11, 0.33, 9.08, 9.10, 9.14, 9.01, 165587.5, 150398214, 1.88, 1.43, 1.72, 591.07804
2017-09-19, 2, qing_du, 9.48, 9.05, -0.66, 9.11, 9.12, 9.15, 9.04, 149359.01, 135755661, 1.70, 1.21, 1.55, 768.27407
2017-09-20, 2, qing_du, 9.46, 9.12, 0.77, 9.05, 9.06, 9.19, 8.86, 298735.07, 270426408, 3.39, 3.65, 3.11, 1089.7491
2017-09-21, 1, wei_ruo, 9.45, 8.98, -1.54, 9.12, 9.08, 9.15, 8.98, 178710, 161843220, 2.03, 1.86, 1.86, 666.84103
2017-09-22, 1, wei_ruo, 9.44, 8.82, -1.78, 8.98, 8.97, 8.98, 8.82, 158557.58, 140874015, 1.80, 1.78, 1.65, 637.04801
2017-09-25, 1, wei_ruo, 9.43, 8.65, -1.93, 8.82, 8.82, 8.96, 8.61, 146284, 128484012, 1.66, 3.97, 1.52, 592.33308
2017-09-26, 1, wei_ruo, 9.42, 8.70, 0.58, 8.65, 8.61, 8.79, 8.61, 120307.05, 104471718, 1.37, 2.08, 1.25, 785.84313
2017-09-27, 1, wei_ruo, 9.41, 8.87, 1.95, 8.70, 8.92, 9.16, 8.86, 280586.47, 252448533, 3.18, 3.45, 2.92, 672.58596
2017-09-28, 1, wei_ruo, 9.39, 8.72, -1.69, 8.87, 8.76, 8.86, 8.71, 184274.79, 161876360, 2.09, 1.69, 1.92, 614.30693
2017-09-29, 1, wei_ruo, 9.39, 8.84, 1.38, 8.72, 8.75, 8.85, 8.75, 134904, 118821488, 1.53, 1.15, 1.40, 732.481
2017-10-10, 1, wei_ruo, 9.37, 8.91, 0.68, 8.85, 8.85, 8.93, 8.77, 164924.42, 146273783, 1.87, 1.81, 1.72, 698.05193
2017-10-12, 1, wei_ruo, 9.35, 8.80, 0.23, 8.78, 8.78, 8.87, 8.75, 129549, 114006803, 1.47, 1.37, 1.35, 795.66216
2017-10-13, 1, wei_ruo, 9.34, 8.86, 0.68, 8.80, 8.82, 8.90, 8.75, 177716.59, 156874231, 2.02, 1.70, 1.85, 688.81202
2017-10-16, 1, wei_ruo, 9.32, 8.45, -4.63, 8.86, 8.86, 8.86, 8.45, 245797.99, 212073679, 2.79, 4.63, 2.56, 790.37094
2017-10-17, 1, wei_ruo, 9.31, 8.40, -0.59, 8.45, 8.46, 8.50, 8.38, 107670.03, 90771953, 1.22, 1.42, 1.12, 702.70991
2017-10-18, 1, wei_ruo, 9.30, 8.31, -1.07, 8.40, 8.40, 8.46, 8.30, 114518, 96147114, 1.30, 1.90, 1.19, 727.75793
2017-10-19, 1, wei_ruo, 9.26, 7.92, -4.69, 8.31, 8.28, 8.28, 7.90, 226953.16, 182977993, 2.58, 4.57, 2.36, 181036.08108
2017-10-20, 1, wei_ruo, 9.25, 7.98, 0.76, 7.92, 7.91, 7.99, 7.84, 99958.73, 79487153, 1.13, 1.89, 1.04, 2672.46103
2017-10-23, 1, wei_ruo, 9.22, 8.22, 3.01, 7.98, 8.02, 8.35, 7.98, 203481.17, 166692672, 2.31, 4.64, 2.12, 798.2142
2017-10-24, 1, wei_ruo, 9.21, 8.07, -1.82, 8.22, 8.18, 8.19, 8.01, 130189.7, 105482076, 1.48, 2.19, 1.36, 816.74886
2017-10-25, 1, wei_ruo, 9.19, 8.06, -0.12, 8.07, 8.06, 8.13, 7.99, 95197.59, 76629906, 1.08, 1.73, 0.99, 3086.77721
2017-10-26, 1, wei_ruo, 9.18, 8.10, 0.50, 8.06, 8.08, 8.15, 8.03, 117023.65, 94860745, 1.33, 1.49, 1.22, 719.30099
2017-10-27, 1, wei_ruo, 9.17, 8.05, -0.62, 8.10, 8.10, 8.16, 8.03, 85803.66, 69431962, 0.97, 1.60, 0.89, 653.64194
2017-10-30, 1, wei_ruo, 9.14, 7.65, -4.97, 8.05, 8.06, 8.06, 7.50, 185995.68, 143705316, 2.11, 6.96, 1.94, 674.13902
2017-10-31, 1, wei_ruo, 9.12, 7.67, 0.26, 7.65, 7.65, 7.73, 7.61, 90607, 69474509, 1.03, 1.57, 0.94, 653.29003
2017-11-01, 1, wei_ruo, 9.11, 7.63, -0.52, 7.67, 7.67, 7.72, 7.61, 95175, 72895479, 1.08, 1.43, 0.99, 680.67908
2017-11-02, 1, wei_ruo, 9.09, 7.50, -1.70, 7.63, 7.62, 7.64, 7.50, 126736.39, 95393758, 1.44, 1.83, 1.32, 832.73101
2017-11-03, 1, wei_ruo, 9.06, 7.27, -3.07, 7.50, 7.51, 7.55, 7.20, 150484.52, 110975745, 1.71, 4.67, 1.57, 837.19993
2017-11-07, 1, wei_ruo, 9.00, 7.47, 2.05, 7.32, 7.31, 7.60, 7.22, 137763.85, 102106220, 1.56, 5.19, 2.87, 62640.94615
2017-11-08, 1, wei_ruo, 8.98, 7.40, -0.80, 7.46, 7.39, 7.48, 7.35, 117201.06, 86973698, 1.33, 1.74, 1.22, 944.26298
2017-11-09, 1, wei_ruo, 8.96, 7.43, 0.41, 7.40, 7.43, 7.48, 7.38, 94827.89, 70477661, 1.08, 1.35, 0.99, 122706.91991
2017-11-10, 1, wei_ruo, 8.94, 7.33, -1.35, 7.43, 7.39, 7.44, 7.30, 122562.3, 90067880, 1.39, 1.88, 0.91, 845.70313
2017-11-13, 1, wei_ruo, 8.91, 7.21, -1.64, 7.33, 7.32, 7.32, 7.17, 138161.81, 99882967, 1.57, 2.05, 1.07, 568.42399
2017-11-14, 1, wei_ruo, 8.88, 7.29, 1.11, 7.21, 7.21, 7.43, 7.19, 148283.33, 108504477, 1.68, 3.33, 1.13, 859.38811
2017-11-15, 1, wei_ruo, 8.86, 7.23, -0.82, 7.29, 7.27, 7.36, 7.19, 104716.79, 76006856, 1.19, 2.33, 0.84, 2504.85086
2017-11-16, 1, wei_ruo, 8.84, 7.10, -1.80, 7.23, 7.25, 7.25, 7.03, 120767.64, 86393482, 1.37, 3.04, 0.99, 622.24698
2017-11-17, 1, wei_ruo, 8.79, 6.65, -6.34, 7.10, 7.11, 7.15, 6.55, 231560.61, 158346876, 2.63, 8.45, 1.82, 774.34397
2017-11-20, 1, wei_ruo, 8.75, 6.56, -1.35, 6.65, 6.61, 6.62, 6.33, 133067.65, 86036242, 1.51, 4.36, 0.89, 778.20492
2017-11-21, 1, wei_ruo, 8.72, 6.51, -0.76, 6.56, 6.54, 6.62, 6.45, 106591.2, 69599001, 1.21, 2.59, 0.72, 603.10888
2017-11-22, 1, wei_ruo, 8.68, 6.59, 1.23, 6.51, 6.50, 6.67, 6.42, 180752.85, 118503354, 2.05, 3.84, 1.30, 737.16617
2017-11-23, 1, wei_ruo, 8.64, 6.35, -3.64, 6.59, 6.57, 6.67, 6.31, 162786.47, 106093837, 1.85, 5.46, 1.05, 700.71006
2017-11-24, 1, wei_ruo, 8.61, 6.35, 0.00, 6.35, 6.35, 6.44, 6.33, 106041.13, 67639826, 1.20, 1.73, 0.65, 642.96389
2017-11-27, 1, wei_ruo, 8.56, 6.48, 2.05, 6.35, 6.37, 6.63, 6.33, 213395.79, 138946628, 2.42, 4.72, 1.55, 4333.02212
2017-11-28, 1, wei_ruo, 8.53, 6.55, 1.08, 6.48, 6.48, 6.55, 6.43, 135287.25, 87708504, 1.54, 1.85, 0.88, 677.7792
2017-11-29, 1, wei_ruo, 8.47, 6.61, 0.92, 6.55, 6.68, 6.81, 6.57, 256226.87, 171210958, 2.91, 3.66, 1.60, 623.37804
2017-11-30, 1, wei_ruo, 8.45, 6.53, -1.21, 6.61, 6.54, 6.64, 6.50, 126687.03, 83217733, 1.44, 2.12, 0.72, 2732.867
2017-12-01, 1, wei_ruo, 8.42, 6.53, 0.00, 6.53, 6.51, 6.56, 6.42, 101354.59, 65959377, 1.15, 2.14, 0.61, 834.8
2017-12-04, 1, wei_ruo, 8.40, 6.40, -1.99, 6.53, 6.56, 6.56, 6.36, 111032, 71668758, 1.26, 3.06, 0.67, 710.72793
2017-12-05, 1, wei_ruo, 8.36, 6.12, -4.38, 6.40, 6.42, 6.44, 6.07, 154173.56, 96110353, 1.75, 5.78, 1.06, 715.57808
2017-12-06, 1, wei_ruo, 8.33, chrome=1">
		<style>
			body { font-size: 14px; padding: 2% 0 30px; line-height: 1.5; color: #666; font-family: Hiragino Sans GB,  Microsoft YaHei,  SimHei,  Helvetica Neue,  Helvetica,  Arial,  sans-serif; }
			h1,  h2 { font-weight: normal; margin: 10px 0; line-height: 1.2; }
			h1 { font-size: 36px; color: #333; }
			h2 { font-size: 16px; }
			i { display: inline-block; vertical-align: middle; }
			strong { font-weight: normal; }
			.mb30 { margin-bottom: 30px; }
			.tac { text-align: center; }
			.b span { padding: 0 20px; }
			.b .hr { border-left: 1px dashed #ddd; border-right: 1px dashed #ddd; }
			.fl { float: left; display: inline; }
			.auto { margin-left: auto; margin-right: auto; }
			.fr { float: right; }
			.ms { list-style: none; }
			.db { display: block; }
			.m,  .n { display: inline-block; *display: inline; *zoom: 1; vertical-align: top; }
			.n { width: 166px; }
			.n-1 { border-top: 1px solid #4f71f6; border-bottom: 1px solid #4f71f6; height: 6px; margin: 45px 0; position: relative; }
			.n-1 span,  .n-1 i { position: absolute; height: 0; width: 0; }
			.n1-1,  .n1-1 i { border-top: 4px dashed transparent; border-right: 7px dashed transparent; }
			.n1-1 { top: -9px; right: 0; border-left: 7px solid #4f71f6; border-bottom: 4px solid #4f71f6; }
			.n1-1 i { left: -8px; top: -4px; border-left: 7px solid #fff; border-bottom: 4px solid #fff; }
			.n1-2, 1789.61086
2017-12-07, 1, wei_ruo, 8.31, 6.22, 0.32, 6.20, 6.20, 6.26, 6.17, 98156.55, 61066824, 1.11, 1.45, 0.80, 1219.82193
2017-12-08, 1, wei_ruo, 8.28, 6.26, 0.64, 6.22, 6.22, 6.29, 6.20, 113352.83, 70988337, 1.29, 1.45, 0.97, 997.25509
2017-12-11, 1, wei_ruo, 8.26, 6.28, 0.32, 6.26, 6.28, 6.31, 6.22, 89213.33, 55873504, 1.01, 1.44, 0.75, 724.14112
2017-12-12, 1, wei_ruo, 8.24, 6.16, -1.91, 6.28, 6.25, 6.31, 6.14, 108840, 67608151, 1.24, 2.71, 0.95, 713.16099
2017-12-13, 1, wei_ruo, 8.21, 6.24, 1.30, 6.16, 6.15, 6.33, 6.13, 118831.19, 73953378, 1.35, 3.25, 1.13, 614.58802
2017-12-14, 1, wei_ruo, 8.19, 6.20, -0.64, 6.24, 6.23, 6.24, 6.17, 88566, 54869621, 1.01, 1.12, 0.84, 746.66095
2017-12-15, 1, wei_ruo, 8.14, 6.36, 2.58, 6.20, 6.23, 6.43, 6.18, 235846.71, 148655770, 2.68, 4.03, 2.27, 568.28117
2017-12-18, 1, wei_ruo, 8.11, 6.28, -1.26, 6.36, 6.37, 6.37, 6.24, 145091.27, 91279718, 1.65, 2.04, 1.13, 1278.08595
2017-12-19, 1, wei_ruo, 8.09, 6.28, 0.00, 6.28, 6.26, 6.31, 6.23, 92742.1, 58123107, 1.05, 1.27, 0.67, 768.18204
2017-12-20, 1, wei_ruo, 8.06, 6.16, -1.91, 6.28, 6.26, 6.33, 6.16, 118798.02, 74102466, 1.35, 2.71, 0.87, 714.53786
2017-12-21, 1, wei_ruo, 8.04, 6.12, -0.65, 6.16, 6.17, 6.18, 6.01, 107997.67, 65915418, 1.23, 2.76, 0.79, 506.27708
2017-12-22, 1, wei_ruo, 8.02, 6.08, -0.65, 6.12, 6.11, 6.16, 6.06, 79255.17, 48379397, 0.90, 1.63, 0.57, 543.30397
2017-12-25, 1, wei_ruo, 8.00, 5.93, -2.47, 6.08, 6.08, 6.09, 5.91, 115342, 68862005, 1.31, 2.96, 1.06, 594.46311
2017-12-26, 1, wei_ruo, 7.97, 5.95, 0.34, 5.93, 5.92, 5.98, 5.86, 100510.75, 59618182, 1.14, 2.02, 0.98, 551.38278
2017-12-27, 1, wei_ruo, 7.95, 5.95, 0.00, 5.95, 5.95, 6.00, 5.93, 97073, 57894775, 1.10, 1.18, 0.93, 2668.17188
2017-12-29, 1, wei_ruo, 7.90, 6.12, 2.17, 5.99, 6.10, 6.16, 6.03, 197145.26, 120172706, 2.24, 2.17, 1.78, 722.98408
2018-01-03, 1, wei_ruo, 7.77, 6.73, 9.97, 6.12, 6.15, 6.73, 6.15, 562495.83, 369529046, 6.38, 9.48, 4.43, 2644.23418
2018-01-04, 1, wei_ruo, 7.68, 6.67, -0.89, 6.73, 6.92, 7.04, 6.66, 846690.06, 580682599, 9.61, 5.65, 3.86, 592.39507
2018-01-05, 1, wei_ruo, 7.63, 6.68, 0.15, 6.67, 6.58, 6.82, 6.48, 430963.82, 286655844, 4.89, 5.10, 1.17, 641.96086
2018-01-08, 1, wei_ruo, 7.60, 6.60, -1.20, 6.68, 6.61, 6.68, 6.57, 254457, 168273422, 2.89, 1.65, 0.59, 546.37408
2018-01-09, 1, wei_ruo, 7.58, 6.58, -0.30, 6.60, 6.63, 6.75, 6.57, 198864.39, 132016181, 2.26, 2.73, 0.43, 551.03397
2018-01-10, 1, wei_ruo, 7.55, 6.44, -2.13, 6.58, 6.54, 6.59, 6.38, 211086.24, 136135923, 2.40, 3.19, 0.46, 653.79119
2018-01-11, 1, wei_ruo, 7.53, 6.47, 0.47, 6.44, 6.43, 6.52, 6.33, 160953.6, 103514157, 1.83, 2.95, 0.41, 725.42906
2018-01-12, 1, wei_ruo, 7.51, 6.46, -0.15, 6.47, 6.48, 6.61, 6.44, 158475.12, 103334420, 1.80, 2.63, 0.63, 649.2269
2018-01-15, 1, wei_ruo, 7.49, 6.39, -1.08, 6.46, 6.50, 6.57, 6.36, 198155.11, 128071538, 2.25, 3.25, 1.01, 609.02095
2018-01-16, 1, wei_ruo, 7.47, 6.42, 0.47, 6.39, 6.39, 6.45, 6.35, 123243.65, 78884812, 1.40, 1.56, 0.66, 897.02201
2018-01-17, 1, wei_ruo, 7.45, 6.34, -1.25, 6.42, 6.40, 6.41, 6.20, 163983.02, 103451327, 1.86, 3.27, 0.96, 659.0879
2018-01-18, 1, wei_ruo, 7.44, 6.41, 1.10, 6.34, 6.30, 6.45, 6.30, 131018.51, 83777081, 1.49, 2.37, 0.82, 538.4872
2018-01-19, 1, wei_ruo, 7.41, 6.56, 2.34, 6.41, 6.42, 6.57, 6.38, 258157.55, 167314107, 2.93, 2.96, 1.67, 611.10783
2018-01-22, 1, wei_ruo, 7.38, 6.64, 1.22, 6.56, 6.49, 6.70, 6.44, 272328.73, 179167550, 3.09, 3.96, 1.56, 606.54688
2018-01-23, 1, wei_ruo, 7.37, 6.60, -0.60, 6.64, 6.57, 6.65, 6.54, 173027.72, 113792828, 1.96, 1.66, 0.91, 717.99588
2018-01-24, 2, qing_du, 7.35, 6.63, 0.45, 6.60, 6.58, 6.72, 6.48, 242474.21, 159769840, 2.75, 3.64, 1.21, 602.31686
2018-01-25, 2, qing_du, 7.33, 6.57, -0.90, 6.63, 6.64, 6.68, 6.57, 220406.01, 146051869, 2.50, 1.66, 1.02, 751.87898
2018-01-26, 2, qing_du, 7.32, 6.47, -1.52, 6.57, 6.52, 6.62, 6.46, 133426.02, 87178210, 1.51, 2.44, 0.57, 637.40301
2018-01-29, 2, qing_du, 7.29, 6.24, -3.55, 6.47, 6.47, 6.48, 6.23, 185455.02, 117784443, 2.10, 3.86, 0.89, 928.09796
2018-01-30, 1, wei_ruo, 7.28, 6.22, -0.32, 6.24, 6.25, 6.30, 6.20, 96651.74, 60343550, 1.10, 1.60, 0.51, 448.89092
2018-01-31, 1, wei_ruo, 7.21, 5.60, -9.97, 6.22, 5.90, 5.91, 5.60, 382583.91, 217263641, 4.34, 4.98, 2.18, 816.87498
2018-02-01, 1, wei_ruo, 7.18, 5.47, -2.32, 5.60, 5.60, 5.64, 5.43, 194421.27, 107206557, 2.21, 3.75, 0.95, 601.41492
2018-02-02, 1, wei_ruo, 7.15, 5.46, -0.18, 5.47, 5.43, 5.49, 5.27, 138828.58, 74863860, 1.58, 4.02, 0.70, 578.65381
2018-02-05, 1, wei_ruo, 7.13, 5.48, 0.37, 5.46, 5.35, 5.54, 5.35, 83788.94, 45883870, 0.95, 3.48, 0.42, 800.23718
2018-02-06, 1, wei_ruo, 7.10, 5.17, -5.66, 5.48, 5.40, 5.47, 5.15, 136811.25, 72891813, 1.55, 5.84, 0.76, 851.51315
2018-02-07, 1, wei_ruo, 7.08, 5.25, 1.55, 5.17, 5.28, 5.33, 5.15, 91672, 48143778, 1.04, 3.48, 0.49, 811.30004
2018-02-08, 1, wei_ruo, 7.07, 5.38, 2.48, 5.25, 5.24, 5.39, 5.21, 85369.68, 45674401, 0.97, 3.43, 0.86, 780.82299
2018-02-09, 1, wei_ruo, 7.05, 5.25, -2.42, 5.38, 5.29, 5.35, 5.18, 107629.44, 56601969, 1.22, 3.16, 1.21, 1240.42606
2018-02-12, 1, wei_ruo, 7.03, 5.39, 2.67, 5.25, 5.29, 5.40, 5.28, 75842.01, 40658101, 0.86, 2.29, 0.79, 2728.36304
2018-02-13, 1, wei_ruo, 7.02, 5.42, 0.56, 5.39, 5.43, 5.52, 5.39, 86164, 47050026, 0.98, 2.41, 0.97, 616.10007
2018-02-14, 1, wei_ruo, 7.01, 5.45, 0.55, 5.42, 5.40, 5.47, 5.39, 45346.13, 24653675, 0.51, 1.48, 0.57, 2696.00797
