2016-02-01, 1, wei_ruo, 95.23, 76.25, 0.46, 75.90, 75.01, 76.98, 74.01, 12195.95, 92394119, 1.20, 3.91, 0.33, 1150.30909
2016-02-02, 1, wei_ruo, 94.88, 79.07, 3.70, 76.25, 76.31, 81.20, 75.55, 21011.15, 165432066, 2.07, 7.41, 0.58, 2688.48491
2016-06-21, 1, wei_ruo, 93.10, 81.98, 4.01, 78.82, 86.70, 86.70, 80.89, 132040.89, 1131377235, 13.02, 7.37, 6.83, 2133.29697
2016-06-22, 1, wei_ruo, 92.11, 78.19, -4.62, 81.98, 80.89, 80.89, 75.50, 67421.26, 526411203, 6.65, 6.57, 3.49, 3053.59602
2016-06-23, 1, wei_ruo, 91.66, 77.21, -1.25, 78.19, 77.80, 80.29, 76.88, 32584.43, 254915068, 3.21, 4.36, 1.69, 2733.18696
2016-06-24, 1, wei_ruo, 91.26, 77.98, 1.00, 77.21, 76.88, 79.03, 75.01, 28078.92, 218160263, 2.77, 5.21, 1.45, 2675.51088
2016-06-27, 1, wei_ruo, 90.84, 81.68, 4.74, 77.98, 77.00, 82.54, 76.71, 38600.82, 311149191, 3.81, 7.48, 2.01, 1210.92606
2016-06-28, 1, wei_ruo, 90.48, 85.10, 4.16, 81.70, 81.00, 85.66, 80.65, 52457.24, 437216802, 5.17, 6.13, 2.71, 763.85999
2016-06-30, 1, wei_ruo, 90.06, 87.28, 3.72, 84.15, 84.48, 88.28, 84.48, 50527.37, 435048348, 4.98, 4.52, 2.62, 1982.49888
2016-07-01, 1, wei_ruo, 89.91, 84.72, -2.93, 87.28, 86.89, 88.00, 84.68, 36449.55, 312895418, 3.59, 3.80, 1.89, 662.01401
2016-07-04, 1, wei_ruo, 89.71, 84.00, -0.85, 84.72, 84.06, 84.65, 82.80, 33461.48, 280246128, 3.30, 2.18, 1.73, 707.78394
2016-07-05, 1, wei_ruo, 89.45, 82.30, -2.02, 84.00, 84.05, 84.49, 81.69, 38074.38, 315283933, 3.76, 3.33, 1.97, 2519.20605
2016-07-06, 1, wei_ruo, 89.29, 83.36, 1.29, 82.30, 81.81, 84.38, 81.81, 25294.39, 210458089, 2.49, 3.12, 1.31, 18642.57717
2016-07-07, 1, wei_ruo, 89.04, 81.11, -2.70, 83.36, 84.00, 84.00, 80.20, 33870.65, 276565960, 3.34, 4.56, 1.75, 755.0528
2016-07-08, 1, wei_ruo, 88.86, 81.57, 0.57, 81.11, 81.09, 82.38, 80.05, 24385.13, 198238580, 2.40, 2.87, 1.26, 3631.12903
2016-07-11, 1, wei_ruo, 88.66, 81.07, -0.61, 81.57, 82.00, 83.64, 80.65, 27562.18, 227329080, 2.72, 3.67, 1.43, 1739.38394
2016-07-12, 1, wei_ruo, 88.39, 80.32, -0.93, 81.07, 81.50, 81.58, 77.71, 31896.23, 253511976, 3.15, 4.77, 1.65, 15137.63595
2016-07-13, 2, qing_du, 88.10, 84.70, 5.45, 80.32, 80.38, 85.80, 79.56, 58143.73, 485385447, 5.73, 7.77, 3.03, 3125.12302
2016-07-14, 2, qing_du, 87.97, 84.25, -0.53, 84.70, 84.11, 85.66, 83.39, 36020.56, 304174008, 3.55, 2.68, 1.86, 2821.57707
2016-07-15, 3, zhong_du, 87.72, 81.50, -3.26, 84.25, 82.60, 82.70, 80.60, 39162.43, 319489862, 3.86, 2.49, 2.03, 5318.89892
2016-07-18, 3, zhong_du, 87.57, 80.30, -1.47, 81.50, 80.95, 81.71, 79.51, 20778.25, 167403845, 2.05, 2.70, 1.10, 2506.72412
2016-07-19, 3, zhong_du, 87.45, 81.48, 1.47, 80.30, 80.50, 81.78, 80.27, 18346.18, 148815018, 1.81, 1.88, 0.95, 579.43296
2016-07-20, 3, zhong_du, 87.45, 84.83, 4.11, 81.48, 82.30, 86.48, 82.30, 67229.01, 572204454, 6.63, 5.13, 3.48, 536.17001
2016-07-21, 3, zhong_du, 87.13, 83.16, -1.97, 84.83, 84.00, 85.36, 83.00, 38148.32, 322075877, 3.76, 2.78, 1.97, 2725.31199
2016-07-22, 3, zhong_du, 86.62, 78.77, -5.28, 83.16, 81.01, 81.31, 77.77, 65664.05, 521242470, 5.69, 4.26, 3.40, 780.32589
2016-07-25, 3, zhong_du, 86.34, 76.99, -2.26, 78.77, 78.10, 78.40, 75.21, 33634.75, 256092671, 2.91, 4.05, 1.74, 18247.98894
2016-07-26, 2, qing_du, 86.21, 78.62, 2.12, 76.99, 76.53, 78.88, 76.41, 17530.69, 136644988, 1.52, 3.21, 0.91, 1393.97693
2016-07-27, 2, qing_du, 85.87, 73.10, -7.02, 78.62, 78.60, 78.60, 71.85, 33750.57, 250941889, 2.92, 8.59, 1.75, 37884.03201
2016-07-28, 1, wei_ruo, 85.69, 72.80, -0.41, 73.10, 73.10, 74.73, 72.00, 16119.58, 118241364, 1.40, 3.73, 0.83, 2663.8
2016-07-29, 1, wei_ruo, 85.49, 71.81, -1.36, 72.80, 73.04, 73.21, 71.00, 16927.01, 121574120, 1.47, 3.04, 0.88, 14562.25419
2016-08-01, 1, wei_ruo, 85.24, 70.15, -2.31, 71.81, 71.48, 71.48, 67.07, 18607.54, 128993670, 1.61, 6.14, 0.96, 16083.30488
2016-08-02, 1, wei_ruo, 84.97, 69.80, -0.50, 70.15, 70.08, 70.65, 68.58, 19742.39, 137106681, 1.71, 2.95, 1.02, 15319.68999
2016-08-03, 1, wei_ruo, 84.80, 70.10, 0.43, 69.80, 69.58, 70.35, 69.22, 12993.45, 90877589, 1.13, 1.62, 0.67, 15070.75286
2016-08-04, 1, wei_ruo, 84.60, 71.50, 2.00, 70.10, 69.80, 71.98, 69.80, 16920.48, 120301041, 1.47, 3.11, 0.96, 14276.07489
2016-08-05, 1, wei_ruo, 84.41, 70.16, -1.87, 71.50, 71.59, 72.60, 70.16, 15843.32, 112922709, 1.37, 3.41, 0.96, 610.01992
2016-08-08, 1, wei_ruo, 84.27, 70.57, 0.58, 70.16, 69.99, 70.90, 68.17, 11154.4, 77603441, 0.97, 3.89, 0.64, 3445.46008
2016-08-09, 1, wei_ruo, 84.12, 72.24, 2.37, 70.57, 70.57, 72.40, 70.31, 13491.51, 96522541, 1.17, 2.96, 0.88, 18044.13605
2016-08-10, 1, wei_ruo, 83.95, 72.05, -0.26, 72.24, 72.25, 73.34, 72.00, 17062.11, 124041526, 1.48, 1.85, 1.21, 4210.68192
2016-08-11, 1, wei_ruo, 83.82, 71.81, -0.33, 72.05, 72.30, 72.90, 71.25, 12388.14, 89313155, 1.07, 2.29, 0.83, 2585.05797
2016-08-15, 1, wei_ruo, 83.51, 76.30, 5.55, 72.29, 73.00, 76.68, 72.40, 28855.78, 216625791, 2.50, 5.92, 2.29, 564.008
2016-08-16, 1, wei_ruo, 83.39, 75.45, -1.11, 76.30, 76.01, 76.76, 75.15, 17907.57, 135368727, 1.55, 2.11, 1.10, 625.97489
2016-08-17, 1, wei_ruo, 83.29, 75.80, 0.46, 75.45, 75.15, 76.69, 75.15, 14897.95, 113316437, 1.29, 2.04, 0.87, 14526.97206
2016-08-18, 1, wei_ruo, 83.18, 75.18, -0.82, 75.80, 75.88, 76.40, 74.01, 15750.1, 118096774, 1.36, 3.15, 0.94, 14326.88999
2016-08-19, 1, wei_ruo, 83.11, 75.21, 0.04, 75.18, 75.01, 75.70, 74.51, 11161.12, 83980981, 0.97, 1.58, 0.64, 513.71598
2016-08-22, 1, wei_ruo, 82.96, 75.74, 0.70, 75.21, 75.21, 77.99, 74.90, 24339.46, 186604328, 2.11, 4.11, 1.37, 2632.60388
2016-08-23, 1, wei_ruo, 82.87, 75.00, -0.98, 75.74, 75.27, 76.14, 74.60, 13069.23, 98335441, 1.13, 2.03, 0.78, 1582.94082
2016-08-24, 2, qing_du, 82.69, 77.98, 3.97, 75.00, 74.82, 78.38, 74.82, 35856.91, 278389607, 3.10, 4.75, 2.28, 2913.94496
2016-08-25, 2, qing_du, 82.57, 79.90, 2.45, 77.99, 77.99, 81.12, 76.72, 42114.37, 333879630, 3.65, 5.64, 2.10, 2496.81997
2016-08-26, 2, qing_du, 82.49, 78.57, -1.66, 79.90, 79.50, 81.50, 78.01, 28734.28, 227395168, 2.49, 4.37, 1.13, 370.79787
2016-08-29, 2, qing_du, 82.37, 76.62, -2.48, 78.57, 78.50, 78.57, 75.50, 23910, 184077141, 2.07, 3.91, 0.83, 747.30706
2016-08-30, 2, qing_du, 82.25, 77.04, 0.55, 76.62, 76.20, 77.99, 75.66, 26026.2, 199756955, 2.25, 3.04, 0.90, 2493.38484
2016-08-31, 2, qing_du, 82.14, 75.36, -2.18, 77.04, 75.99, 75.99, 74.80, 12452.61, 93742589, 1.08, 1.54, 2.22, 817.37494
2016-09-01, 2, qing_du, 82.00, 75.64, -0.15, 75.75, 75.15, 77.34, 75.15, 20866.17, 159264424, 1.81, 2.89, 0.72, 694.32402
2016-09-02, 1, wei_ruo, 82.00, 75.36, -2.18, 77.04, 75.99, 75.99, 74.80, 12452.61, 93742589, 1.08, 1.54, 2.22, 8030.71713
2016-09-05, 1, wei_ruo, 82.00, 73.67, 0.08, 73.61, 73.94, 74.30, 73.08, 11349.85, 83597689, 0.98, 1.66, 0.39, 1903.84793
2016-09-06, 1, wei_ruo, 82.00, 75.36, -2.18, 77.04, 75.99, 75.99, 74.80, 12452.61, 93742589, 1.08, 1.54, 2.22, 18065.78302
2016-09-07, 1, wei_ruo, 82.00, 73.40, -1.08, 74.20, 74.17, 74.47, 73.40, 17074.35, 126005615, 1.48, 1.44, 0.59, 571.27094
2016-09-08, 1, wei_ruo, 82.00, 73.50, 0.14, 73.40, 73.25, 73.80, 73.01, 9486.99, 69591361, 0.82, 1.08, 0.33, 16177.845
2016-09-09, 1, wei_ruo, 82.00, 71.50, -2.72, 73.50, 73.90, 73.90, 71.50, 18809.75, 136572307, 1.63, 3.27, 0.65, 1434.551
2016-09-12, 1, wei_ruo, 82.00, 70.28, -1.71, 71.50, 70.46, 71.17, 69.55, 20370.02, 143377146, 1.76, 2.27, 0.71, 669.60907
2016-09-13, 1, wei_ruo, 82.00, 68.99, -1.84, 70.28, 70.13, 70.88, 68.41, 24360, 168609315, 2.11, 3.51, 0.84, 563.28106
2016-09-14, 1, wei_ruo, 82.00, 69.15, 0.23, 68.99, 68.48, 70.42, 68.00, 16523.31, 114824558, 1.43, 3.51, 0.57, 651.74603
2016-09-19, 1, wei_ruo, 82.00, 69.88, 1.06, 69.15, 69.22, 70.88, 69.22, 10676.16, 74708322, 0.92, 2.40, 0.37, 5362.78892
2016-09-20, 1, wei_ruo, 82.00, 69.74, -0.20, 69.88, 70.00, 70.00, 69.00, 9178.94, 63772214, 0.79, 1.43, 0.32, 489.75611
2016-09-21, 1, wei_ruo, 82.00, 69.74, 0.00, 69.74, 69.53, 70.09, 69.48, 7616.35, 53177595, 0.66, 0.87, 0.26, 431.64015
2016-09-22, 1, wei_ruo, 82.00, 69.81, 0.10, 69.74, 70.00, 70.50, 69.00, 9257.41, 64781725, 0.80, 2.15, 0.32, 498.1811
2016-09-23, 1, wei_ruo, 82.00, 70.44, 0.90, 69.81, 70.30, 71.48, 69.93, 14370.09, 101815898, 1.24, 2.22, 0.50, 576.51401
2016-09-26, 1, wei_ruo, 82.00, 72.20, 2.50, 70.44, 72.00, 73.90, 71.62, 35222.55, 256591025, 3.05, 3.24, 1.22, 1461.22599
2016-09-27, 1, wei_ruo, 82.00, 71.90, -0.42, 72.20, 71.50, 72.76, 70.86, 17925.87, 128251085, 1.55, 2.63, 0.62, 697.24703
2016-09-28, 1, wei_ruo, 82.00, 72.31, 0.57, 71.90, 71.90, 72.54, 70.80, 13293.96, 95198251, 1.15, 2.42, 0.46, 616.9548
2016-09-29, 1, wei_ruo, 82.00, 73.73, 1.96, 72.31, 72.42, 74.46, 72.41, 28835.27, 212802456, 2.50, 2.84, 1.00, 27116.10198
2016-09-30, 1, wei_ruo, 82.00, 75.04, 1.78, 73.73, 73.90, 75.45, 73.31, 20061.36, 149469270, 1.74, 2.90, 0.69, 2274.28699
2016-10-10, 1, wei_ruo, 82.00, 78.34, 4.40, 75.04, 76.64, 78.80, 76.50, 32932.72, 256001866, 2.85, 3.07, 1.14, 677.23298
2016-10-11, 2, qing_du, 82.00, 77.60, -0.94, 78.34, 78.50, 79.79, 77.30, 25077.02, 196244471, 2.17, 3.18, 0.87, 846.74001
2016-10-12, 3, zhong_du, 82.00, 77.45, -0.19, 77.60, 77.48, 78.45, 77.00, 17074.81, 132303656, 1.48, 1.87, 0.59, 2444.57793
2016-10-13, 3, zhong_du, 82.00, 75.64, -2.34, 77.45, 76.66, 76.66, 74.78, 27827.51, 209728499, 2.41, 2.43, 0.96, 4135.40483
2016-10-14, 3, zhong_du, 79.34, 75.91, 0.36, 75.64, 75.65, 76.46, 75.30, 15933.36, 120951141, 1.38, 1.53, 0.55, 19517.04788
2016-10-17, 2, qing_du, 79.26, 74.43, -1.95, 75.91, 76.00, 77.75, 73.03, 21401.54, 162254687, 1.85, 6.22, 0.74, 725.26002
2016-10-18, 2, qing_du, 79.21, 76.83, 1.21, 75.91, 76.00, 77.75, 75.94, 9677.43, 74470450, 0.84, 2.38, 0.67, 193860.77714
2016-10-19, 2, qing_du, 79.17, , , , , , , , , , , , 438.8299
2016-10-20, 2, qing_du, 79.12, 76.76, 1.51, 75.62, 75.71, 77.50, 75.20, 20470.06, 156388047, 1.77, 3.04, 0.93, 2648.40412
2016-10-21, 2, qing_du, 79.09, 76.84, 0.10, 76.76, 76.74, 78.25, 76.13, 20551.04, 158641716, 1.78, 2.76, 0.98, 6168.36309
2016-10-24, 3, zhong_du, 79.06, 77.20, 0.47, 76.84, 77.49, 77.95, 76.82, 16432.35, 127011000, 1.42, 1.47, 0.82, 638.73792
2016-10-25, 3, zhong_du, 79.03, 76.36, -1.09, 77.20, 77.25, 77.59, 76.06, 16985.65, 130079708, 1.47, 1.98, 0.84, 4834.90396
2016-10-26, 3, zhong_du, 78.99, 75.09, -1.66, 76.36, 76.40, 76.54, 74.51, 13375.34, 100543414, 1.16, 2.66, 0.66, 2516.70313
2016-11-03, 3, zhong_du, 78.97, 77.87, 3.70, 75.09, 80.00, 80.72, 77.68, 71301.12, 564594066, 6.17, 4.05, 3.54, 483.109
2016-11-04, 3, zhong_du, 78.98, 78.99, 1.44, 77.87, 77.78, 80.79, 77.76, 47524.77, 378239121, 4.12, 3.89, 2.36, 485.8129
2016-11-07, 3, zhong_du, 78.95, 77.91, -1.37, 78.99, 79.00, 79.00, 76.80, 29746.06, 230746321, 2.58, 2.79, 1.48, 643.25809
2016-11-08, 3, zhong_du, 78.94, 77.65, -0.33, 77.91, 78.20, 78.58, 77.39, 16396.85, 127652576, 1.40, 1.53, 0.82, 400.43497
2016-11-09, 4, gao_du, 78.94, 78.91, 1.61, 77.66, 77.94, 80.60, 77.60, 38415.79, 304796479, 3.28, 3.86, 1.91, 530.44891
2016-11-10, 4, gao_du, 79.06, 81.94, 3.84, 78.91, 78.95, 83.40, 78.95, 55555.48, 455162999, 4.74, 5.64, 2.79, 701.07007
2016-11-11, 4, gao_du, 79.20, 82.33, 0.40, 82.00, 81.32, 84.88, 81.32, 44781.89, 372377691, 3.82, 4.34, 2.22, 2703.35698
2016-11-14, 4, gao_du, 79.28, 82.07, -0.32, 82.33, 82.28, 82.93, 81.51, 28828.19, 236726714, 2.46, 1.72, 1.45, 450.59609
2016-11-15, 4, gao_du, 79.32, 80.55, -1.92, 82.13, 81.96, 81.96, 80.01, 20035.47, 161478865, 1.71, 2.37, 1.99, 551.89896
2016-11-16, 4, gao_du, 79.42, 80.55, -1.92, 82.13, 81.96, 81.96, 80.01, 20035.47, 161478865, 1.71, 2.37, 1.99, 506.01602
2016-11-17, 4, gao_du, 79.44, 80.55, -1.92, 82.13, 81.96, 81.96, 80.01, 20035.47, 161478865, 1.71, 2.37, 1.99, 544.09289
2016-11-18, 4, gao_du, 79.48, 82.70, 2.10, 81.00, 81.20, 84.10, 81.20, 26957.68, 224002276, 2.30, 3.58, 2.67, 620.40591
2016-11-21, 4, gao_du, 79.59, 83.50, 3.41, 80.75, 80.65, 83.50, 80.06, 43088.23, 353636069, 3.68, 4.26, 2.14, 354.08616
2016-11-22, 5, qiang_lie, 79.96, 85.97, 2.96, 83.50, 83.80, 86.68, 83.53, 73772.07, 628421322, 6.29, 3.77, 3.66, 792.92989
2016-11-23, 5, qiang_lie, 80.12, 83.86, -2.45, 85.97, 85.20, 85.60, 83.79, 42055.93, 354835261, 3.59, 2.11, 2.09, 501.8518
2016-11-24, 5, qiang_lie, 80.21, 83.20, -0.79, 83.86, 83.53, 85.50, 82.32, 30532.48, 256251509, 2.60, 3.79, 1.51, 527.28987
2016-11-25, 5, qiang_lie, 80.26, 82.00, -1.44, 83.20, 82.80, 83.40, 80.60, 31113.74, 253790720, 2.65, 3.37, 1.54, 638.11398
2016-11-28, 5, qiang_lie, 80.29, 81.66, -0.41, 82.00, 82.48, 82.88, 81.60, 20367.49, 167316120, 1.74, 1.56, 1.02, 501.13201
2016-11-29, 5, qiang_lie, 80.30, 80.81, -1.04, 81.66, 81.45, 82.30, 80.31, 21961.16, 178602254, 1.87, 2.44, 1.10, 739.42685
2016-11-30, 4, gao_du, 80.31, 80.10, -0.88, 80.81, 80.70, 81.51, 79.80, 21818.22, 175713271, 1.86, 2.12, 1.10, 393.49008
2016-12-01, 4, gao_du, 80.29, 79.34, -1.04, 80.17, 79.82, 80.29, 78.82, 23655.31, 187905729, 2.02, 1.83, 1.17, 394.81211
2016-12-02, 3, zhong_du, 80.25, 77.70, -2.07, 79.34, 79.28, 79.70, 77.56, 22760.27, 178192791, 1.94, 2.70, 1.13, 709.92279
2016-12-05, 3, zhong_du, 80.22, 78.07, 0.48, 77.70, 77.00, 78.88, 76.89, 14235.16, 111229541, 1.21, 2.56, 0.71, 722.97382
2016-12-06, 3, zhong_du, 80.20, 77.75, -0.41, 78.07, 78.05, 79.39, 77.71, 14893.68, 116959330, 1.27, 2.15, 0.74, 648.13519
2016-12-07, 2, qing_du, 80.14, 77.72, -0.04, 77.75, 77.81, 77.95, 76.71, 26090.54, 201113193, 2.23, 1.59, 1.31, 859.25579
2016-12-08, 2, qing_du, 80.10, 78.99, 1.59, 77.75, 77.68, 81.50, 77.59, 50812.77, 404545695, 4.33, 5.03, 2.52, 518.28814
2016-12-09, 3, zhong_du, 80.09, 79.20, 0.27, 78.99, 78.88, 80.36, 78.60, 22168.66, 175989422, 1.89, 2.23, 1.10, 569.14496
2016-12-12, 2, qing_du, 79.97, 74.61, -5.80, 79.20, 79.00, 79.00, 74.58, 35343.07, 270532586, 2.74, 5.58, 1.75, 487.602
2016-12-13, 2, qing_du, 79.91, 75.80, 1.59, 74.61, 74.50, 76.20, 74.28, 18078.93, 136376073, 1.40, 2.57, 0.90, 734.26104
2016-12-14, 1, wei_ruo, 79.84, 76.06, 0.34, 75.80, 75.58, 77.14, 75.10, 21406.4, 162723581, 1.66, 2.69, 1.06, 411.12304
2016-12-15, 1, wei_ruo, 79.80, 76.74, 0.89, 76.06, 75.80, 77.68, 75.78, 19292.12, 148367300, 1.50, 2.50, 0.96, 523.067
2016-12-16, 1, wei_ruo, 79.77, 77.77, 1.34, 76.74, 78.45, 78.88, 77.41, 21483.01, 167479534, 1.67, 1.92, 1.07, 460.80494
2016-12-19, 1, wei_ruo, 79.75, 77.56, -0.27, 77.77, 77.26, 77.89, 76.80, 11592.56, 89488621, 0.90, 1.40, 0.57, 576.35713
2016-12-20, 1, wei_ruo, 79.70, 75.80, -2.27, 77.56, 77.56, 77.92, 75.17, 16738.94, 127911502, 1.30, 3.55, 0.83, 554.10314
2016-12-21, 1, wei_ruo, 79.65, 75.71, -0.12, 75.80, 76.00, 76.41, 75.04, 16070.92, 121363658, 1.25, 1.81, 0.80, 541.04519
2016-12-22, 1, wei_ruo, 79.60, 74.91, -1.06, 75.71, 75.31, 75.85, 74.31, 15179.57, 113606813, 1.18, 2.03, 0.75, 1436.19418
2016-12-23, 1, wei_ruo, 79.49, 72.50, -3.22, 74.91, 75.34, 75.34, 72.02, 21552.48, 157952619, 1.67, 4.43, 1.07, 553.22194
2016-12-26, 1, wei_ruo, 79.34, 71.90, -0.83, 72.50, 71.81, 71.90, 69.60, 23275.19, 164652157, 1.80, 3.17, 1.15, 629.08697
2016-12-27, 1, wei_ruo, 79.27, 72.13, 0.32, 71.90, 71.70, 72.85, 71.17, 12471.39, 89837442, 0.84, 2.34, 0.62, 487.49185
2016-12-28, 1, wei_ruo, 79.12, 70.59, -2.14, 72.13, 72.90, 72.90, 70.00, 27654.07, 196218631, 1.86, 4.02, 1.37, 455.21784
2016-12-29, 1, wei_ruo, 79.01, 69.98, -0.86, 70.59, 70.50, 70.65, 69.70, 17842.2, 125170663, 1.20, 1.35, 0.88, 2441.68186
2016-12-30, 1, wei_ruo, 78.89, 69.16, -1.17, 69.98, 70.30, 70.30, 68.60, 19312.98, 133688609, 1.30, 2.43, 0.96, 533.34308
2017-01-03, 1, wei_ruo, 78.78, 69.16, -1.17, 69.98, 70.30, 70.30, 68.60, 19312.98, 133688609, 1.30, 2.43, 0.96, 2656.11506
2017-01-04, 1, wei_ruo, 78.66, 71.44, 2.66, 69.59, 69.55, 71.50, 69.30, 22000.83, 155670601, 1.48, 3.16, 1.09, 626.05906
2017-01-05, 1, wei_ruo, 78.58, 70.85, -0.83, 71.44, 71.45, 71.45, 70.64, 16570.4, 117541574, 1.11, 1.13, 0.82, 534.8208
2017-01-06, 1, wei_ruo, 78.50, 70.26, -0.83, 70.85, 71.17, 71.78, 69.75, 15341.46, 107852292, 1.03, 2.87, 0.76, 1001.03498
2017-01-09, 1, wei_ruo, 78.43, 69.85, -0.58, 70.26, 70.00, 70.49, 69.46, 12065.75, 84252445, 0.81, 1.47, 0.60, 2583.32705
2017-01-10, 1, wei_ruo, 78.33, 70.81, 1.37, 69.85, 69.69, 71.64, 69.51, 17878.86, 126708949, 1.20, 3.05, 0.89, 455.796
2017-01-11, 1, wei_ruo, 78.22, 68.59, -3.14, 70.81, 70.43, 70.76, 68.59, 18526.25, 128962287, 1.24, 3.06, 0.92, 613.61003
2017-01-12, 1, wei_ruo, 78.11, 68.03, -0.82, 68.59, 68.88, 69.40, 67.90, 16585.93, 113756117, 1.11, 2.19, 0.82, 385.90693
2017-01-13, 1, wei_ruo, 77.98, 67.50, -0.78, 68.03, 67.60, 68.29, 66.50, 18079.85, 121901718, 1.21, 2.63, 0.90, 745.24593
2017-01-16, 1, wei_ruo, 77.49, 62.28, -7.73, 67.50, 65.50, 66.77, 60.75, 49750, 316021650, 3.34, 8.92, 2.47, 551.93901
2017-01-17, 1, wei_ruo, 77.19, 71.14, 1.85, 69.85, 69.69, 71.64, 69.51, 12316.23, 87265992, 0.83, 3.05, 1.22, 2585.66403
2017-01-18, 1, wei_ruo, 76.88, 60.89, -2.70, 62.58, 61.99, 62.31, 60.66, 28830.75, 176547605, 1.94, 2.64, 1.43, 135970.13211
2017-02-07, 1, wei_ruo, 75.00, 62.17, -1.13, 62.88, 62.90, 62.99, 61.38, 7471.05, 46333813, 0.49, 2.56, 0.86, 658.33712
2017-02-08, 1, wei_ruo, 74.89, 62.99, 0.17, 62.88, 62.90, 63.30, 61.38, 13927.23, 86891990, 0.92, 3.05, 0.69, 600.8482
2017-02-09, 1, wei_ruo, 74.73, 63.50, 0.81, 62.99, 62.63, 63.99, 62.63, 20228.45, 128454853, 1.34, 2.16, 1.00, 558.49195
2017-02-10, 1, wei_ruo, 74.62, 63.20, -0.47, 63.50, 63.78, 64.11, 62.70, 14938.26, 94497867, 0.99, 2.22, 0.74, 774.60694
2017-02-14, 1, wei_ruo, 74.38, 64.55, 0.78, 64.05, 63.80, 64.79, 63.62, 15478.68, 99511096, 1.02, 1.83, 0.77, 4732.4841
2017-02-15, 1, wei_ruo, 74.25, 63.50, -1.63, 64.55, 64.68, 64.93, 63.10, 18478.16, 118315488, 1.22, 2.84, 0.92, 4574.90706
2017-02-16, 1, wei_ruo, 74.16, 63.64, 0.22, 63.50, 63.54, 63.97, 62.89, 13107.65, 83173090, 0.87, 1.70, 0.65, 821.3532
2017-02-17, 1, wei_ruo, 74.06, 62.55, -1.71, 63.64, 63.48, 63.62, 62.06, 13402.55, 84200017, 0.89, 2.45, 0.66, 1556.30302
2017-02-20, 1, wei_ruo, 73.96, 63.33, 1.25, 62.55, 62.48, 63.40, 62.14, 13210.79, 83138567, 0.87, 2.01, 0.66, 656.92306
2017-02-21, 1, wei_ruo, 73.74, 65.90, 4.06, 63.33, 63.10, 66.59, 63.10, 37337.19, 241777955, 2.47, 5.51, 1.85, 661.41701
2017-02-22, 1, wei_ruo, 73.58, 65.35, -0.83, 65.90, 65.28, 65.70, 64.50, 28859.83, 187155649, 1.91, 1.82, 1.43, 842.10515
2017-02-23, 1, wei_ruo, 73.43, 66.74, 2.13, 65.35, 65.30, 67.89, 65.25, 32065.45, 214390451, 2.12, 4.04, 1.59, 4707.22103
2017-02-24, 1, wei_ruo, 73.23, 68.66, 2.88, 66.74, 66.37, 70.40, 66.37, 61849.17, 427202611, 4.09, 6.04, 3.07, 882.24292
2017-02-27, 1, wei_ruo, 73.15, 68.85, 3.16, 66.74, 66.37, 69.40, 66.37, 23020.18, 157983065, 1.52, 4.54, 6.23, 2608.8171
2017-02-28, 2, qing_du, 73.09, 69.65, 0.83, 69.08, 68.89, 69.83, 68.01, 25547.38, 176868484, 1.69, 2.63, 1.27, 547.55378
2017-03-01, 3, zhong_du, 73.03, 69.65, 0.00, 69.65, 70.70, 71.50, 69.39, 30721.59, 215862653, 2.03, 3.03, 1.52, 553.25699
2017-03-02, 3, zhong_du, 72.97, 68.67, -1.41, 69.65, 69.40, 69.58, 68.42, 20203.69, 138979824, 1.33, 1.67, 1.00, 622.98322
2017-03-06, 3, zhong_du, 72.88, 70.36, 0.53, 69.99, 70.00, 71.09, 69.50, 23273.79, 163850138, 1.53, 2.27, 1.15, 2619.59291
2017-03-07, 3, zhong_du, 72.85, 69.82, 0.03, 69.80, 69.78, 70.65, 69.78, 5195.89, 36439086, 0.34, 1.25, 0.71, 4701.85304
2017-03-08, 3, zhong_du, 72.83, 69.69, -0.16, 69.80, 69.78, 70.65, 69.19, 11576.89, 80872538, 0.76, 2.09, 0.57, 2767.20619
2017-03-09, 4, gao_du, 72.79, 69.30, -0.56, 69.69, 69.85, 70.50, 68.72, 15602.4, 108341388, 1.03, 2.55, 0.77, 798.85292
2017-03-10, 4, gao_du, 72.75, 70.35, 1.52, 69.30, 69.20, 71.05, 69.00, 22148.89, 155752218, 1.46, 2.96, 1.10, 1313.07197
2017-03-13, 4, gao_du, 72.70, 70.32, -0.04, 70.35, 70.31, 70.67, 69.08, 26950.59, 188217997, 1.77, 2.26, 1.34, 642.67206
2017-03-14, 4, gao_du, 72.67, 71.55, 1.75, 70.32, 70.50, 72.50, 70.26, 42401.43, 304138893, 2.79, 3.19, 2.10, 672.16301
2017-03-15, 4, gao_du, 72.58, 70.43, -1.57, 71.55, 72.43, 73.00, 69.75, 84011.07, 602368611, 5.53, 4.54, 4.17, 2564.57901
2017-03-16, 5, qiang_lie, 72.53, 70.63, 0.28, 70.43, 70.00, 71.40, 69.99, 41710.8, 294695616, 2.75, 2.00, 2.07, 683.04682
2017-03-17, 4, gao_du, 72.48, 69.61, -1.44, 70.63, 70.80, 70.99, 69.49, 28999.7, 203313271, 1.91, 2.12, 1.44, 2571.96903
2017-03-20, 4, gao_du, 72.43, 69.62, 0.01, 69.61, 69.60, 69.87, 68.44, 25985.78, 179227798, 1.71, 2.05, 1.29, 637.29501
2017-03-21, 4, gao_du, 72.39, 69.97, 0.50, 69.62, 69.59, 70.26, 69.26, 18663.38, 130467278, 1.23, 1.44, 0.93, 585.2499
2017-03-22, 4, gao_du, 72.36, 69.80, -0.24, 69.97, 69.68, 70.30, 68.68, 20443.32, 142536962, 1.35, 2.32, 1.01, 601.05681
2017-03-23, 4, gao_du, 72.32, 70.05, 0.36, 69.80, 69.80, 71.48, 69.69, 30198.92, 213078567, 1.99, 2.56, 1.50, 607.32818
2017-03-24, 4, gao_du, 72.29, 69.63, -0.60, 70.05, 70.56, 70.57, 69.20, 17213.65, 120173197, 1.13, 1.96, 0.85, 623.67392
2017-03-27, 4, gao_du, 72.26, 68.77, -1.24, 69.63, 69.81, 69.95, 68.70, 14129.12, 97720448, 0.93, 1.80, 0.70, 569.2389
2017-03-28, 4, gao_du, 72.21, 67.95, -1.19, 68.77, 69.00, 69.28, 67.77, 17850.03, 122098086, 1.17, 2.20, 0.89, 640.03801
2017-03-29, 4, gao_du, 72.12, 66.59, -2.00, 67.95, 68.20, 68.29, 65.90, 27310.47, 182469077, 1.80, 3.52, 1.35, 607.78308
2017-03-30, 3, zhong_du, 71.99, 64.30, -3.44, 66.59, 66.18, 66.45, 63.50, 26499.06, 171143399, 1.74, 4.43, 1.31, 594.46192
2017-03-31, 3, zhong_du, 71.74, 65.18, 1.37, 64.30, 67.64, 67.64, 64.30, 61109.84, 403157064, 4.02, 5.19, 3.03, 580.07598
2017-04-05, 2, qing_du, 71.62, 66.82, 2.52, 65.18, 66.17, 67.16, 65.20, 34296.84, 227964180, 2.26, 3.01, 1.70, 602.73886
2017-04-06, 2, qing_du, 71.54, 67.30, 0.72, 66.82, 66.82, 67.97, 66.50, 25673.99, 172603765, 1.69, 2.20, 1.27, 604.93898
2017-04-07, 3, zhong_du, 71.45, 68.89, 2.36, 67.30, 67.15, 69.97, 67.14, 47779.59, 329154875, 3.15, 4.21, 2.37, 620.76283
2017-04-10, 3, zhong_du, 71.36, 66.68, -3.21, 68.89, 68.89, 68.90, 66.25, 34407.32, 232305977, 2.26, 3.85, 1.71, 593.13989
2017-04-11, 3, zhong_du, 71.29, 68.00, 1.98, 66.68, 67.00, 68.20, 66.50, 27294.84, 183966996, 1.80, 2.55, 1.35, 567.10196
2017-04-12, 3, zhong_du, 71.25, 67.25, -1.10, 68.00, 68.02, 68.88, 66.90, 18724.7, 127438694, 1.23, 2.91, 0.93, 605.09109
2017-04-13, 3, zhong_du, 71.21, 67.70, 0.67, 67.25, 67.00, 68.57, 66.88, 14889.6, 101178515, 0.98, 2.51, 0.74, 647.62592
2017-04-14, 3, zhong_du, 71.17, 68.26, 0.83, 67.70, 67.24, 68.97, 67.24, 19424.28, 132467715, 1.28, 2.56, 0.96, 637.34698
2017-04-17, 3, zhong_du, 71.10, 65.72, -3.72, 68.26, 67.49, 68.00, 65.26, 23707.56, 157522679, 1.56, 4.01, 1.18, 605.06487
2017-04-18, 2, qing_du, 71.04, 65.22, -0.76, 65.72, 65.30, 66.01, 65.01, 15956.21, 104777626, 1.05, 1.52, 0.79, 601.10688
2017-04-19, 2, qing_du, 70.94, 65.09, -0.20, 65.22, 64.82, 65.25, 63.11, 22583.89, 144722431, 1.49, 3.28, 1.12, 536.29613
2017-04-20, 1, wei_ruo, 70.86, 64.49, -0.92, 65.09, 64.04, 65.08, 63.90, 18635.28, 120003884, 1.23, 1.81, 0.92, 615.00502
2017-04-21, 1, wei_ruo, 70.78, 66.57, 3.23, 64.49, 65.00, 67.22, 65.00, 25809.16, 171436296, 1.70, 3.44, 1.28, 639.17613
2017-04-24, 1, wei_ruo, 70.71, 67.99, 2.13, 66.57, 68.56, 69.48, 67.65, 44104.51, 303142930, 2.90, 2.75, 2.19, 616.4031
2017-04-25, 2, qing_du, 70.67, 68.89, 1.32, 67.99, 68.18, 69.59, 68.18, 34345.02, 236695602, 2.26, 2.07, 1.70, 785.37011
2017-04-26, 2, qing_du, 70.62, 68.80, -0.13, 68.89, 69.35, 69.68, 68.35, 40715.08, 280844260, 1.27, 1.93, 2.02, 827.87204
2017-04-27, 3, zhong_du, 70.58, 69.88, 1.57, 68.80, 68.88, 70.30, 67.89, 55893.45, 386905590, 1.74, 3.50, 2.77, 541.85605
2017-04-28, 3, zhong_du, 70.57, 70.46, 0.83, 69.88, 69.88, 71.45, 69.60, 58125.3, 410937657, 1.81, 2.65, 2.88, 604.43711
2017-05-02, 3, zhong_du, 70.57, 70.47, 0.01, 70.46, 69.68, 70.93, 69.16, 31289.46, 219607645, 0.97, 2.51, 1.55, 745.471
2017-05-03, 3, zhong_du, 70.51, 68.10, -3.36, 70.47, 70.44, 70.47, 67.60, 43791.7, 300773044, 1.36, 4.07, 2.17, 971.4911
2017-05-04, 3, zhong_du, 70.47, 67.67, -0.63, 68.10, 68.19, 68.65, 67.46, 25795.86, 175680444, 0.80, 1.75, 1.28, 661.74793
2017-05-05, 3, zhong_du, 70.42, 68.55, 1.30, 67.67, 67.60, 69.54, 67.30, 35808, 245724346, 1.11, 3.31, 1.78, 616.80007
2017-05-11, 2, qing_du, 70.00, 64.61, -2.55, 66.30, 66.00, 66.18, 62.60, 51692.86, 331309523, 1.22, 5.40, 2.56, 545.35699
2017-05-12, 1, wei_ruo, 24.75, 21.80, -4.93, 22.93, 22.80, 23.27, 21.51, 141710.71, 314808990, 3.33, 7.68, 7.03, 484.0579
2017-05-15, 1, wei_ruo, 24.70, 22.12, 1.47, 21.80, 21.60, 22.42, 21.60, 85505.66, 188452097, 2.01, 3.76, 4.24, 680.45187
2017-05-16, 1, wei_ruo, 24.65, 22.83, 3.21, 22.12, 22.00, 22.98, 21.68, 96884.76, 216417377, 2.28, 5.88, 4.81, 240920.98498
2017-05-17, 1, wei_ruo, 24.60, 23.25, 1.84, 22.83, 22.81, 23.93, 22.68, 153643.41, 359746477, 3.61, 5.48, 7.62, 573.82798
2017-05-18, 1, wei_ruo, 24.57, 22.97, -1.20, 23.25, 23.00, 23.58, 22.89, 86097.24, 200483641, 2.02, 2.97, 4.27, 579.31495
2017-05-19, 1, wei_ruo, 24.55, 22.99, 0.09, 22.97, 23.20, 23.59, 22.91, 73323.6, 170221284, 1.72, 2.96, 3.64, 634.25899
2017-05-22, 1, wei_ruo, 24.50, 22.09, -3.91, 22.99, 22.86, 23.24, 22.05, 85752.66, 192383137, 2.02, 5.18, 4.25, 594.44809
2017-05-23, 1, wei_ruo, 24.41, 20.85, -5.61, 22.09, 22.13, 22.28, 20.79, 121694.76, 260874100, 2.86, 6.75, 6.04, 851.18294
2017-05-24, 1, wei_ruo, 24.36, 21.22, 1.77, 20.85, 20.73, 21.30, 20.55, 63370.01, 133016001, 1.49, 3.60, 3.14, 640.06901
2017-05-25, 1, wei_ruo, 24.29, 21.30, 0.38, 21.22, 21.15, 21.49, 20.65, 91078.02, 192184837, 2.14, 3.96, 4.52, 708.50587
2017-05-26, 1, wei_ruo, 24.24, 20.90, -1.88, 21.30, 21.04, 21.32, 20.89, 72327.18, 152807586, 1.70, 2.02, 3.59, 602.78487
2017-05-31, 1, wei_ruo, 24.16, 20.70, -0.96, 20.90, 21.10, 21.23, 20.70, 99478.1, 208871597, 2.34, 2.54, 4.93, 567.60001
2017-06-01, 1, wei_ruo, 23.94, 18.63, -10.00, 20.70, 20.40, 20.40, 18.63, 188282.4, 364664693, 4.43, 8.55, 9.34, 609.519
2017-06-02, 1, wei_ruo, 23.81, 19.13, 2.68, 18.63, 18.48, 19.26, 18.11, 108803.05, 204415948, 2.56, 6.17, 5.40, 2700.14787
2017-06-05, 1, wei_ruo, 23.73, 19.32, 0.99, 19.13, 19.17, 19.49, 19.00, 79755.8, 154136536, 1.87, 2.56, 3.96, 619.70615
2017-06-06, 1, wei_ruo, 23.65, 19.59, 1.40, 19.32, 19.20, 19.75, 19.18, 73244.46, 143321114, 1.72, 2.95, 3.63, 598.43993
2017-06-07, 1, wei_ruo, 23.54, 21.00, 7.20, 19.59, 19.60, 21.25, 19.52, 157991.85, 325640153, 3.71, 8.83, 7.84, 541.23998
2017-06-08, 1, wei_ruo, 23.47, 20.82, -0.86, 21.00, 20.94, 21.33, 20.73, 112696.09, 236229690, 2.65, 2.86, 5.59, 595.44897
2017-06-09, 1, wei_ruo, 23.41, 21.18, 1.73, 20.82, 20.82, 21.39, 20.75, 107816.47, 227835386, 2.53, 3.07, 5.35, 807.38902
2017-06-12, 1, wei_ruo, 23.37, 21.16, -0.09, 21.18, 20.93, 21.46, 20.83, 85081.24, 179741160, 2.00, 2.97, 4.22, 2627.42901
2017-06-13, 1, wei_ruo, 23.29, 20.99, -0.80, 21.16, 20.93, 21.14, 20.33, 122886.44, 255419780, 2.89, 3.83, 6.09, 15702.34394
2017-06-14, 1, wei_ruo, 23.23, 20.44, -2.62, 20.99, 20.88, 20.88, 20.34, 98756.77, 202814913, 2.32, 2.57, 4.90, 2849.14398
2017-06-15, 1, wei_ruo, 23.15, 21.40, 4.70, 20.44, 20.36, 21.79, 20.33, 159631.9, 338737256, 3.75, 7.14, 7.92, 910.66289
2017-06-16, 1, wei_ruo, 23.11, 21.45, 0.23, 21.40, 21.39, 21.77, 21.30, 97783.81, 210212451, 2.30, 2.20, 4.85, 656.76403
2017-06-19, 1, wei_ruo, 23.07, 21.69, 1.12, 21.45, 21.35, 21.92, 21.20, 114862.17, 247283084, 2.70, 3.36, 5.70, 773.26918
2017-06-20, 1, wei_ruo, 23.04, 21.42, -1.24, 21.69, 21.67, 21.79, 21.26, 94560.78, 203409809, 2.22, 2.44, 4.69, 651.26514
2017-06-21, 1, wei_ruo, 23.01, 21.27, -0.70, 21.42, 21.52, 21.58, 21.12, 60924.73, 129475626, 1.43, 2.15, 3.02, 1189.08215
2017-06-22, 1, wei_ruo, 22.98, 21.18, -0.42, 21.27, 21.20, 21.81, 21.15, 89265.47, 191752001, 2.10, 3.10, 4.43, 612.48899
2017-06-23, 1, wei_ruo, 22.94, 21.05, -0.61, 21.18, 21.01, 21.38, 20.70, 74101.34, 155617082, 1.74, 3.21, 3.68, 756.109
2017-06-26, 1, wei_ruo, 22.92, 21.85, 3.80, 21.05, 21.05, 21.85, 20.95, 86729.98, 186665434, 2.04, 4.28, 4.30, 8925.51398
2017-06-27, 1, wei_ruo, 22.90, 21.95, 0.46, 21.85, 21.85, 22.38, 21.78, 98460.58, 217537765, 2.31, 2.75, 4.88, 1032.91011
2017-06-28, 1, wei_ruo, 22.88, 21.51, -2.00, 21.95, 21.96, 21.97, 21.41, 69211.89, 149401059, 1.63, 2.55, 3.43, 776.66283
2017-06-29, 1, wei_ruo, 22.86, 21.65, 0.65, 21.51, 21.55, 21.85, 21.52, 48891.9, 106001226, 1.15, 1.53, 2.42, 469.72489
2017-06-30, 2, qing_du, 22.85, 21.50, -0.69, 21.65, 21.65, 21.66, 21.30, 50187.61, 107856441, 1.18, 1.66, 2.49, 608.16598
2017-07-03, 2, qing_du, 22.83, 21.94, 2.05, 21.50, 21.52, 21.96, 21.40, 61395.64, 133461857, 1.44, 2.60, 3.05, 559.50308
2017-07-04, 2, qing_du, 22.82, 21.66, -1.28, 21.94, 21.97, 22.09, 21.53, 55622.45, 120927529, 1.31, 2.55, 2.76, 488.82699
2017-07-05, 2, qing_du, 22.79, 21.60, -0.28, 21.66, 21.52, 21.63, 21.15, 82700.59, 176816972, 1.94, 2.22, 4.10, 734.98011
2017-07-06, 2, qing_du, 22.77, 21.26, -1.57, 21.60, 21.50, 21.60, 21.16, 62529.35, 133487373, 1.47, 2.04, 3.10, 120812.27493
2017-07-07, 2, qing_du, 22.75, 21.47, 0.99, 21.26, 21.26, 21.69, 21.26, 56918.53, 122328560, 1.34, 2.02, 2.82, 672.75691
2017-07-10, 2, qing_du, 22.73, 21.22, -1.16, 21.47, 21.40, 21.74, 21.21, 64032.1, 137097315, 1.51, 2.47, 3.18, 586.32088
2017-07-11, 2, qing_du, 22.69, 20.49, -3.44, 21.22, 21.16, 21.35, 20.42, 77503.7, 162465772, 1.82, 4.38, 3.84, 638.17906
2017-07-12, 2, qing_du, 22.65, 20.72, 1.12, 20.49, 20.46, 20.83, 20.03, 85463.08, 173849022, 2.01, 3.90, 4.24, 683.182
2017-07-13, 2, qing_du, 22.61, 20.20, -2.51, 20.72, 20.50, 20.53, 20.01, 66541.75, 135027072, 1.56, 2.51, 3.30, 736.59205
2017-07-14, 2, qing_du, --, 20.27, 0.35, 20.20, 20.11, 20.57, 20.11, 47919.84, 97538171, 1.13, 2.28, 2.38, 526.82185
2017-07-17, 2, qing_du, --, 19.02, -6.17, 20.27, 20.19, 20.19, 18.51, 102203.37, 198124740, 2.40, 8.29, 5.07, 1186.198
2017-07-18, 1, wei_ruo, 22.47, 19.24, 1.16, 19.02, 19.02, 19.46, 18.70, 47791.51, 91579314, 1.13, 4.00, 2.37, 15705.95288
2017-07-19, 1, wei_ruo, --, 19.49, 1.30, 19.24, 19.31, 19.56, 19.08, 49149.62, 95080886, 1.16, 2.49, 2.44, 670.34507
2017-07-20, 1, wei_ruo, --, 19.53, 0.21, 19.49, 19.46, 19.86, 19.39, 50372.56, 98968806, 1.19, 2.41, 2.50, 3490.27991
2017-07-21, 1, wei_ruo, --, 19.49, -0.20, 19.53, 19.42, 19.84, 19.41, 43880.06, 86050643, 1.03, 2.20, 2.18, 474.47896
2017-07-24, 1, wei_ruo, 22.34, 19.73, 1.23, 19.49, 19.37, 19.83, 19.36, 49676.31, 97620676, 1.17, 2.41, 2.46, 30552.25015
2017-07-25, 1, wei_ruo, --, 20.33, 3.04, 19.73, 19.73, 20.45, 19.65, 85919.65, 173831515, 2.03, 4.05, 4.26, 855.73006
2017-07-26, 1, wei_ruo, --, 20.70, 1.82, 20.33, 20.45, 21.17, 20.45, 105192.76, 219719679, 2.48, 3.54, 5.22, 1672.39285
2017-07-27, 2, qing_du, 22.21, 21.40, 3.38, 20.70, 20.70, 21.73, 20.31, 162669.79, 344702154, 3.83, 6.86, 8.07, 815.09495
2017-07-28, 3, zhong_du, 22.19, 21.12, -1.31, 21.40, 21.60, 21.60, 21.00, 106660.15, 226410678, 2.51, 2.80, 5.29, 669.22903
2017-07-31, 3, zhong_du, 22.17, 21.64, 2.46, 21.12, 21.10, 21.69, 21.01, 109094.72, 233440362, 2.57, 3.22, 5.41, 894.72818
2017-08-01, 3, zhong_du, 22.15, 21.25, -1.80, 21.64, 21.48, 21.68, 21.08, 90527.12, 193272536, 2.13, 2.77, 4.49, 734.57313
2017-08-02, 3, zhong_du, 22.13, 21.33, 0.38, 21.25, 21.25, 21.69, 21.20, 103053.17, 221593540, 2.43, 2.31, 5.11, 15715.80696
2017-08-03, 4, gao_du, 22.12, 21.98, 3.05, 21.33, 21.39, 22.09, 21.12, 135055.75, 292659719, 3.18, 4.55, 6.70, 701.40791
2017-08-04, 4, gao_du, 22.10, 21.08, -4.09, 21.98, 21.90, 22.09, 21.03, 140159.83, 301733117, 3.30, 4.82, 6.95, 738.98697
2017-08-07, 4, gao_du, 22.06, 20.75, -1.57, 21.08, 21.05, 21.06, 20.55, 104160.28, 216215722, 2.46, 2.42, 5.17, 849.20597
2017-08-08, 3, zhong_du, 22.04, 21.01, 1.25, 20.75, 20.77, 21.07, 20.50, 72627.15, 151239746, 1.71, 2.75, 3.60, 580.52301
2017-08-09, 3, zhong_du, 22.03, 21.18, 0.81, 21.01, 21.00, 21.43, 20.66, 83166.76, 175780987, 1.96, 3.66, 4.12, 643.56494
2017-08-10, 3, zhong_du, 22.01, 20.66, -2.46, 21.18, 21.09, 21.36, 20.61, 71984.67, 150398708, 1.70, 3.54, 3.57, 648.35095
2017-08-11, 3, zhong_du, 21.98, 21.50, 4.07, 20.66, 20.65, 22.20, 20.31, 188940.33, 405550129, 4.45, 9.15, 9.37, 353.22499
2017-08-14, 3, zhong_du, 21.98, 22.03, 2.47, 21.50, 21.62, 22.35, 21.50, 150102.52, 330721359, 3.54, 3.95, 7.44, 1775.84291
2017-08-15, 4, gao_du, 21.98, 22.04, 0.05, 22.03, 21.98, 22.16, 21.71, 90090.14, 196855292, 2.12, 2.04, 4.47, 901.72386
2017-08-16, 5, qiang_lie, 21.98, 22.08, 0.18, 22.04, 21.95, 22.54, 21.72, 140785.61, 311851576, 3.32, 3.72, 6.98, 1505.55396
2017-08-17, 5, qiang_lie, 21.93, 21.18, -4.08, 22.08, 22.01, 22.03, 20.50, 274122.63, 580267548, 6.46, 6.93, 13.60, 7654.74415
2017-08-18, 4, gao_du, 21.90, 20.54, -3.02, 21.18, 20.88, 20.89, 20.49, 121221.52, 250769879, 2.86, 1.89, 6.01, 673.42281
2017-08-21, 4, gao_du, 21.88, 20.69, 0.73, 20.54, 20.51, 20.83, 20.50, 67047.68, 138410127, 1.58, 1.61, 3.33, 843.96386
2017-08-22, 3, zhong_du, 21.86, 20.71, 0.10, 20.69, 20.63, 20.87, 20.55, 66786.66, 138365367, 1.57, 1.55, 3.31, 2571.68508
2017-08-23, 3, zhong_du, 21.80, 19.92, -3.81, 20.71, 20.72, 20.82, 19.82, 137309.65, 277076410, 3.24, 4.83, 6.81, 815.65094
2017-08-24, 3, zhong_du, 21.77, 19.90, -0.10, 19.92, 19.92, 20.03, 19.61, 70439.49, 139777845, 1.66, 2.11, 3.49, 884.76396
2017-08-25, 2, qing_du, 21.74, 20.34, 2.21, 19.90, 19.90, 20.46, 19.83, 79233.22, 160720689, 1.87, 3.17, 3.93, 722.16797
2017-08-28, 2, qing_du, 21.72, 20.48, 0.69, 20.34, 20.50, 20.70, 20.32, 77694.33, 159576606, 1.83, 1.87, 3.85, 784.35588
2017-08-29, 2, qing_du, 21.70, 20.99, 2.49, 20.48, 20.50, 21.08, 20.45, 100877.76, 209807621, 2.38, 3.08, 5.00, 555.04394
2017-08-30, 3, zhong_du, 21.68, 20.96, -0.14, 20.99, 21.41, 21.69, 20.93, 142762.72, 303726546, 3.37, 3.62, 7.08, 663.85198
2017-08-31, 3, zhong_du, 21.66, 21.18, 1.05, 20.96, 20.93, 21.37, 20.56, 107617.69, 225262119, 2.54, 3.86, 5.34, 704.69499
2017-09-01, 3, zhong_du, 21.65, 21.01, -0.80, 21.18, 21.20, 21.24, 20.73, 115021.49, 241258484, 2.71, 2.41, 5.70, 675.63987
2017-09-04, 3, zhong_du, 21.63, 20.87, -0.67, 21.01, 20.99, 21.00, 20.65, 96977.99, 202067118, 2.29, 1.67, 4.81, 681.23102
2017-09-05, 3, zhong_du, 21.61, 21.14, 1.29, 20.87, 20.81, 21.39, 20.68, 131390.98, 278858939, 3.10, 3.40, 6.52, 747.66016
2017-09-06, 3, zhong_du, 21.59, 20.74, -1.05, 20.96, 20.93, 20.93, 20.56, 54924.27, 113839516, 1.29, 1.77, 5.45, 682.2381
2017-09-07, 3, zhong_du, 21.58, 21.23, 1.05, 21.01, 21.00, 21.62, 20.86, 143902.61, 308104512, 3.39, 3.62, 7.14, 1037.36186
2017-09-08, 3, zhong_du, 21.59, 21.73, 2.36, 21.23, 21.48, 22.08, 21.36, 172078.07, 375309888, 4.06, 3.39, 8.53, 651.82495
2017-09-11, 3, zhong_du, 21.59, 20.74, -1.05, 20.96, 20.93, 20.93, 20.56, 54924.27, 113839516, 1.29, 1.77, 5.45, 735.49914
2017-09-12, 4, gao_du, 21.58, 21.08, -2.41, 21.60, 21.61, 21.62, 21.02, 109950.41, 233401013, 2.59, 2.78, 5.45, 625.74816
2017-09-13, 3, zhong_du, 21.57, 21.15, 0.33, 21.08, 20.99, 21.30, 20.80, 76639.94, 161323611, 1.81, 2.37, 3.80, 1208.84299
2017-09-14, 3, zhong_du, 21.56, 20.83, -1.51, 21.15, 21.00, 21.17, 20.83, 68252.3, 142966588, 1.61, 1.61, 3.39, 714.28299
2017-09-15, 3, zhong_du, 21.54, 20.67, -0.77, 20.83, 20.79, 20.96, 20.46, 77623.07, 160876633, 1.61, 2.40, 3.85, 5240.16786
2017-09-18, 3, zhong_du, 21.53, 21.09, 2.03, 20.67, 20.67, 21.18, 20.63, 73709.56, 155121321, 1.53, 2.66, 3.66, 561.22279
2017-09-19, 2, qing_du, 21.53, 20.88, -1.00, 21.09, 21.06, 21.16, 20.82, 57035.61, 119317729, 1.18, 1.61, 2.83, 825.89388
2017-09-20, 2, qing_du, 21.52, 20.70, -0.86, 20.88, 20.72, 20.85, 20.54, 66141.23, 136825050, 1.37, 1.48, 3.28, 695.04595
2017-09-21, 2, qing_du, 21.50, 20.35, -1.69, 20.70, 20.69, 20.82, 20.35, 73807.66, 151907634, 1.53, 2.27, 3.66, 738.75499
2017-09-22, 2, qing_du, 21.48, 20.42, 0.34, 20.35, 20.28, 20.42, 20.02, 73850.7, 148761379, 1.53, 1.97, 3.66, 602.5691
2017-09-25, 1, wei_ruo, 21.47, 20.03, -1.91, 20.42, 20.26, 20.35, 19.99, 51146.76, 103071883, 1.06, 1.76, 2.54, 852.77987
2017-09-26, 1, wei_ruo, 21.46, 20.03, 0.00, 20.03, 19.96, 20.11, 19.87, 39133.52, 78286556, 0.81, 1.20, 1.94, 654.40798
2017-09-27, 1, wei_ruo, 21.44, 20.36, 1.65, 20.03, 20.18, 20.44, 20.03, 44260.66, 89883191, 0.92, 2.05, 2.20, 2773.44513
2017-09-28, 1, wei_ruo, 21.43, 20.00, -1.77, 20.36, 20.25, 20.39, 20.00, 50780.47, 102142190, 1.05, 1.92, 2.52, 960.25085
2017-09-29, 1, wei_ruo, 21.42, 20.08, 0.40, 20.00, 20.06, 20.25, 20.01, 40003.56, 80511228, 0.83, 1.20, 1.98, 637.69817
2017-10-10, 1, wei_ruo, 21.39, 20.94, 1.26, 20.68, 20.75, 20.95, 20.50, 94230.56, 195755577, 1.95, 2.18, 4.67, 717.08703
2017-10-12, 2, qing_du, 21.38, 21.20, 0.76, 21.04, 21.00, 21.35, 20.87, 86464.96, 182350659, 1.79, 2.28, 4.29, 654.45304
2017-10-13, 2, qing_du, 21.38, 21.29, 0.42, 21.20, 21.21, 21.46, 21.15, 83271.91, 177343175, 1.72, 1.46, 4.13, 699.26214
2017-10-16, 3, zhong_du, 21.37, 20.88, -1.93, 21.29, 21.12, 21.75, 20.85, 104195.85, 221522049, 2.16, 4.23, 5.17, 644.25111
2017-10-17, 3, zhong_du, 21.37, 21.56, 3.26, 20.88, 20.85, 21.65, 20.73, 125109.72, 266246176, 2.59, 4.41, 6.21, 538.37895
2017-10-18, 3, zhong_du, 21.37, 21.28, -1.30, 21.56, 21.40, 21.54, 20.92, 103336.89, 219752042, 2.14, 2.88, 5.13, 752.38991
2017-10-19, 3, zhong_du, 21.37, 21.60, 1.50, 21.28, 21.18, 21.67, 21.06, 134933.41, 289984971, 2.79, 2.87, 6.69, 356.22406
2017-10-20, 3, zhong_du, 21.40, 21.93, 1.53, 21.60, 21.50, 22.35, 21.43, 233779.43, 514046585, 4.84, 4.26, 11.59, 713.79185
2017-10-23, 4, gao_du, 21.41, 21.85, -0.36, 21.93, 21.81, 22.15, 21.61, 123792.31, 270242422, 2.56, 2.46, 6.14, 909.48296
2017-10-24, 4, gao_du, 21.42, 21.99, 0.64, 21.85, 21.84, 22.15, 21.36, 118369.23, 257541706, 2.45, 3.62, 5.87, 577.86012
2017-10-25, 4, gao_du, 21.43, 21.85, -0.64, 21.99, 21.94, 22.08, 21.66, 85171.14, 186149328, 1.76, 1.91, 4.22, 2837.1129
2017-10-26, 4, gao_du, 21.41, 21.01, -3.84, 21.85, 21.49, 21.49, 20.81, 264939.04, 557652116, 5.48, 3.11, 13.14, 656.28004
2017-10-27, 3, zhong_du, 21.40, 21.26, 1.19, 21.01, 20.81, 21.28, 20.76, 133275.41, 279685582, 2.76, 2.48, 6.61, 667.47499
2017-10-30, 3, zhong_du, 21.39, 20.83, -2.02, 21.26, 21.10, 21.44, 20.60, 122773.79, 256864888, 2.54, 3.95, 6.09, 914.13188
2017-10-31, 2, qing_du, 21.38, 20.85, 0.10, 20.83, 20.70, 20.94, 20.41, 78605.54, 162889147, 1.63, 2.54, 3.90, 982.11408
2017-11-01, 2, qing_du, 21.36, 20.73, -0.58, 20.85, 20.81, 20.93, 20.56, 102655.54, 212650397, 2.12, 1.77, 5.09, 808.51793
2017-11-02, 2, qing_du, 21.35, 21.14, 1.98, 20.73, 20.62, 21.40, 20.45, 192866.79, 406021012, 3.99, 4.58, 9.57, 746.68598
2017-11-03, 2, qing_du, 21.34, 20.80, -1.61, 21.14, 21.05, 21.20, 20.54, 102211.1, 212932104, 2.12, 3.12, 5.07, 4861.14001
2017-11-06, 2, qing_du, 21.32, 20.75, -0.24, 20.80, 20.77, 20.90, 20.31, 102860.6, 212442731, 2.13, 2.84, 5.10, 2699.72181
2017-11-07, 2, qing_du, 21.31, 20.67, -0.39, 20.75, 20.71, 20.89, 20.51, 47864.34, 98879017, 0.99, 1.83, 4.75, 120685.67514
2017-11-08, 1, wei_ruo, 21.29, 20.48, -1.30, 20.75, 20.72, 20.72, 20.46, 117801.76, 242388539, 2.44, 1.25, 5.84, 60613.21688
2017-11-10, 1, wei_ruo, 21.24, 20.67, -0.39, 20.75, 20.71, 20.89, 20.51, 47864.34, 98879017, 0.99, 1.83, 4.75, 1287.97317
2017-11-13, 1, wei_ruo, 21.22, 20.03, -0.74, 20.18, 20.25, 20.39, 19.98, 96945.68, 195097258, 2.01, 2.03, 0.87, 590.92593
2017-11-14, 1, wei_ruo, 21.14, 19.25, -3.89, 20.03, 19.95, 19.95, 18.95, 194965.72, 378210643, 4.04, 4.99, 1.77, 906.8222
2017-11-15, 1, wei_ruo, 21.12, 19.29, 0.21, 19.25, 19.05, 19.34, 19.03, 67004.92, 128872415, 1.39, 1.61, 0.52, 543.86878
2017-11-16, 1, wei_ruo, 21.10, 19.16, -0.67, 19.29, 19.32, 19.37, 19.16, 50758.5, 97706466, 1.05, 1.09, 0.42, 17555.00388
2017-11-17, 1, wei_ruo, 21.04, 18.32, -4.38, 19.16, 19.12, 19.18, 18.26, 104555.55, 195082078, 2.16, 4.80, 1.04, 568.7151
2017-11-20, 1, wei_ruo, 20.97, 18.32, 0.00, 18.32, 18.22, 18.32, 17.51, 122885.01, 219253768, 2.54, 4.42, 1.19, 549.77417
2017-11-21, 1, wei_ruo, 20.90, 18.58, 1.42, 18.32, 18.07, 18.59, 17.99, 121226.65, 222209642, 2.51, 3.28, 1.12, 599.09511
2017-11-22, 1, wei_ruo, 20.87, 18.85, 1.45, 18.58, 18.55, 18.85, 18.36, 75346.38, 139931484, 1.56, 2.64, 0.81, 804.86393
2017-11-23, 1, wei_ruo, 20.83, 18.79, -0.32, 18.85, 18.80, 18.95, 18.34, 86477.52, 161733850, 1.79, 3.24, 0.91, 735.00299
2017-11-24, 1, wei_ruo, 20.81, 18.85, 0.32, 18.79, 18.64, 18.85, 18.64, 49335.05, 92573570, 1.02, 1.12, 0.48, 708.47607
2017-11-27, 1, wei_ruo, 20.78, 18.96, 0.58, 18.85, 18.86, 18.96, 18.59, 65610.75, 123083348, 1.36, 1.96, 0.72, 653.34487
2017-11-28, 1, wei_ruo, 20.76, 18.90, -0.32, 18.96, 18.87, 18.93, 18.68, 61487.12, 115563891, 1.27, 1.32, 0.77, 911.54003
2017-11-29, 1, wei_ruo, 20.73, 18.84, -0.32, 18.90, 18.81, 18.85, 18.35, 71370.68, 133174439, 1.48, 2.65, 1.05, 707.81398
2017-11-30, 1, wei_ruo, 20.70, 18.75, -0.48, 18.84, 18.65, 18.80, 18.52, 57375.42, 107101648, 1.19, 1.49, 0.86, 700.13595
2017-12-01, 1, wei_ruo, 20.66, 19.16, 2.19, 18.75, 18.60, 19.20, 18.49, 124123.73, 234151745, 2.57, 3.79, 2.03, 578.36604
2017-12-04, 1, wei_ruo, 20.62, 19.11, -0.26, 19.16, 19.00, 19.36, 18.93, 113473.7, 217657212, 2.35, 2.24, 1.49, 2740.98396
2017-12-05, 1, wei_ruo, 20.59, 18.62, -2.56, 19.11, 19.00, 19.09, 18.35, 82701.73, 154315025, 1.71, 3.87, 0.97, 725.59595
2017-12-06, 1, wei_ruo, 20.57, 18.66, 0.21, 18.62, 18.45, 18.73, 18.42, 42006.05, 77957593, 0.87, 1.66, 0.47, 634.20701
2017-12-07, 1, wei_ruo, 20.54, 18.70, 0.21, 18.66, 18.61, 18.92, 18.61, 75027.91, 140482161, 1.55, 1.66, 0.89, 1118.90697
2017-12-08, 1, wei_ruo, 20.50, 19.16, 2.46, 18.70, 19.01, 19.39, 18.89, 149444.86, 287095859, 3.07, 2.67, 1.71, 690.238
2017-12-11, 1, wei_ruo, 20.48, 19.29, 0.68, 19.16, 19.21, 19.41, 19.12, 89302.15, 172266742, 1.83, 1.51, 0.97, 633.28505
2017-12-12, 1, wei_ruo, 20.46, 18.81, -2.49, 19.29, 19.23, 19.25, 18.81, 68636.67, 130699032, 1.41, 2.28, 0.78, 816.84589
2017-12-13, 1, wei_ruo, 20.44, 18.82, 0.05, 18.81, 18.70, 18.85, 18.53, 57049.4, 106726910, 1.17, 1.70, 0.67, 660.85291
2017-12-14, 1, wei_ruo, 20.40, 18.50, -1.70, 18.82, 18.67, 18.78, 18.26, 82875.49, 153140754, 1.59, 2.76, 0.94, 738.78288
2017-12-15, 1, wei_ruo, 20.38, 18.38, -0.65, 18.50, 18.37, 18.47, 18.05, 59652.23, 109071698, 1.15, 2.27, 0.67, 547.05501
2017-12-18, 1, wei_ruo, 20.36, 18.38, 0.00, 18.38, 18.41, 18.44, 18.09, 52218.44, 95341052, 1.00, 1.90, 0.73, 443.13097
2017-12-19, 1, wei_ruo, 20.34, 18.43, 0.27, 18.38, 18.25, 18.44, 18.16, 51364.93, 94202388, 0.99, 1.52, 0.80, 769.94181
2017-12-20, 1, wei_ruo, 20.31, 17.98, -2.44, 18.43, 18.37, 18.41, 17.90, 61323.4, 111098774, 1.18, 2.77, 1.01, 634.81092
2017-12-21, 1, wei_ruo, 20.29, 17.74, -1.33, 17.98, 17.89, 17.94, 17.62, 50844.71, 90534973, 0.98, 1.78, 0.83, 927.30594
2017-12-22, 1, wei_ruo, 20.25, 17.48, -1.47, 17.74, 17.73, 17.84, 17.48, 60872.2, 107365804, 1.17, 2.03, 1.11, 668.67614
2017-12-25, 1, wei_ruo, 20.20, 17.00, -2.75, 17.48, 17.48, 17.49, 16.85, 88079.63, 150135970, 1.69, 3.66, 1.59, 987.37597
2017-12-26, 1, wei_ruo, 20.16, 17.05, 0.29, 17.00, 17.03, 17.10, 16.89, 61501.54, 104579254, 1.18, 1.24, 0.98, 484.18403
2017-12-27, 1, wei_ruo, 20.12, 16.95, -0.59, 17.05, 17.05, 17.09, 16.76, 65525.4, 110790890, 1.26, 1.94, 1.02, 684.55005
2017-12-29, 1, wei_ruo, 20.03, 17.16, 0.35, 17.10, 17.04, 17.25, 16.96, 58236.4, 99830576, 1.12, 1.70, 0.79, 668.30993
2018-01-03, 1, wei_ruo, 19.95, 17.46, 1.75, 17.16, 17.15, 17.49, 17.12, 90288.45, 156537043, 1.74, 2.16, 1.33, 631.10495
2018-01-04, 1, wei_ruo, 19.92, 17.49, 0.17, 17.46, 17.50, 17.74, 17.37, 70413.47, 123492365, 1.35, 2.12, 0.96, 817.32011
2018-01-05, 1, wei_ruo, 19.90, 17.49, 0.00, 17.49, 17.39, 17.62, 17.36, 54175.94, 94785919, 1.04, 1.49, 0.73, 644.12189
2018-01-08, 1, wei_ruo, 19.87, 17.39, -0.57, 17.49, 17.48, 17.50, 17.20, 57124.54, 98939722, 1.10, 1.72, 0.83, 573.57883
2018-01-09, 1, wei_ruo, 19.83, 17.45, 0.35, 17.39, 17.32, 17.68, 17.24, 72581.43, 126724001, 1.40, 2.53, 1.10, 990.82899
2018-01-10, 1, wei_ruo, 19.79, 17.16, -1.66, 17.45, 17.35, 17.44, 17.05, 77188.58, 132634695, 1.48, 2.23, 1.12, 721.99512
2018-01-11, 1, wei_ruo, 19.74, 17.76, 3.50, 17.16, 17.08, 17.86, 16.86, 125160.51, 219229369, 2.41, 5.83, 1.89, 671.99421
2018-01-12, 1, wei_ruo, 19.70, 17.84, 0.45, 17.76, 17.79, 18.88, 17.71, 142944.58, 259129948, 2.75, 6.59, 1.85, 796.92101
2018-01-15, 1, wei_ruo, 19.66, 17.67, -0.95, 17.84, 17.96, 17.96, 17.40, 94523.93, 166919685, 1.82, 3.14, 0.99, 646.40284
2018-01-16, 1, wei_ruo, 19.62, 17.67, 0.00, 17.67, 17.59, 17.89, 17.44, 108209.13, 190661574, 2.08, 2.55, 1.06, 508.85487
2018-01-17, 1, wei_ruo, 19.58, 17.26, -2.32, 17.67, 17.45, 17.46, 16.90, 90931.14, 156394888, 1.75, 3.17, 0.83, 1328.31097
2018-01-18, 1, wei_ruo, 19.55, 17.10, -0.93, 17.26, 17.17, 17.36, 17.08, 59111.1, 101590973, 1.14, 1.62, 0.53, 748.17801
2018-01-19, 1, wei_ruo, 19.51, 17.10, 0.00, 17.10, 17.09, 17.26, 16.93, 73478.45, 125441517, 1.41, 1.93, 0.74, 999.76802
2018-01-22, 1, wei_ruo, 19.47, 17.44, 1.99, 17.10, 17.00, 17.56, 16.92, 101886.98, 176549135, 1.96, 3.74, 1.20, 639.19687
2018-01-23, 1, wei_ruo, 19.45, 17.31, -0.75, 17.44, 17.48, 17.62, 17.23, 54184.97, 94138881, 1.04, 2.24, 0.62, 2608.36792
2018-01-24, 1, wei_ruo, 19.39, 18.08, 4.45, 17.31, 17.28, 18.13, 17.14, 196167.69, 348999191, 3.77, 5.72, 2.58, 565.63807
2018-01-25, 1, wei_ruo, 19.33, 17.88, -1.11, 18.08, 18.00, 18.56, 17.80, 205236.7, 374036906, 3.95, 4.20, 2.12, 737.27298
2018-01-26, 1, wei_ruo, 19.31, 18.07, 1.06, 17.88, 17.77, 18.18, 17.73, 78284.74, 140930781, 1.51, 2.52, 0.62, 640.10501
2018-01-29, 1, wei_ruo, 19.29, 17.64, -2.38, 18.07, 17.97, 18.14, 17.60, 87485.96, 155946478, 1.68, 2.99, 0.69, 799.57914
2018-01-30, 1, wei_ruo, 19.27, 18.00, 2.04, 17.64, 17.64, 18.08, 17.62, 86230.59, 154064219, 1.66, 2.61, 0.69, 617.14387
2018-01-31, 1, wei_ruo, 19.22, 17.25, -4.17, 18.00, 17.86, 17.86, 17.12, 121127.56, 210781588, 2.33, 4.11, 0.93, 935.06694
2018-02-01, 1, wei_ruo, 19.17, 16.40, -4.93, 17.25, 17.12, 17.34, 16.34, 115826.39, 194334778, 2.23, 5.80, 1.00, 589.71786
2018-02-02, 1, wei_ruo, 19.12, 16.35, -0.30, 16.40, 16.48, 16.74, 16.18, 85168.53, 140508960, 1.64, 3.41, 0.87, 843.50681
2018-02-05, 1, wei_ruo, 19.08, 16.33, -0.12, 16.35, 16.15, 16.58, 16.00, 67670.36, 110694321, 1.30, 3.55, 0.68, 797.63699
2018-02-06, 1, wei_ruo, 19.00, 15.00, -8.14, 16.33, 16.00, 16.09, 14.98, 110524.77, 172487257, 2.13, 6.80, 1.16, 626.27196
2018-02-07, 1, wei_ruo, 18.94, 15.27, 1.80, 15.00, 15.42, 15.55, 14.81, 93209.79, 142412458, 1.79, 4.93, 0.93, 857.656
2018-02-08, 1, wei_ruo, 18.88, 15.50, 1.51, 15.27, 15.27, 15.66, 15.27, 82380.99, 127608827, 1.58, 2.55, 0.90, 685.52685
2018-02-09, 1, wei_ruo, 18.79, 15.05, -2.90, 15.50, 15.00, 15.18, 14.43, 113670.74, 168704828, 2.19, 4.84, 1.28, 745.21399
2018-02-12, 1, wei_ruo, 18.73, 15.23, 1.20, 15.05, 15.09, 15.35, 14.91, 96634.42, 146638282, 1.86, 2.92, 1.00, 725.07191
2018-02-13, 1, wei_ruo, 18.68, 15.10, -0.85, 15.23, 15.24, 15.47, 15.02, 73590.54, 111918518, 1.42, 2.95, 0.71, 2555.32098
2018-02-14, 1, wei_ruo, 18.64, 15.15, 0.33, 15.10, 15.10, 15.15, 14.83, 56206.63, 84078545, 1.08, 2.12, 0.64, 771.42811
