2015-08-20, 1, wei_ruo, 11.72, 11.40, -3.80, 11.85, 11.66, 12.00, 11.01, 51056.61, 58754117, 2.11, 8.35, 0.68, 795.6171
2015-08-21, 1, wei_ruo, 11.70, 10.35, -9.21, 11.40, 11.37, 11.37, 10.34, 48403.11, 52092101, 2.00, 9.04, 0.74, 1054.31008
2015-08-25, 1, wei_ruo, 11.60, 8.39, -9.98, 9.32, 8.40, 8.70, 8.39, 46443.82, 39069759, 1.92, 3.33, 0.84, 1235.72993
2015-08-26, 1, wei_ruo, 11.42, 7.60, -9.42, 8.39, 8.11, 8.85, 7.55, 120344.98, 95665410, 4.97, 15.49, 2.43, 3016.66403
2015-10-29, 5, qiang_lie, 11.34, 12.10, 0.25, 12.07, 12.00, 12.29, 11.88, 53421.21, 64642079, 2.20, 3.40, 0.47, 1179.26908
2015-10-30, 5, qiang_lie, 11.35, 12.15, 0.41, 12.10, 12.00, 12.33, 11.94, 39304.96, 47756711, 1.62, 3.22, 0.36, 1002.97904
2015-11-02, 5, qiang_lie, 11.39, 12.34, 1.56, 12.15, 12.02, 12.80, 11.95, 80597.25, 100503069, 3.33, 7.00, 0.78, 1350.37994
2015-11-03, 5, qiang_lie, 11.42, 12.00, -2.76, 12.34, 12.16, 13.51, 11.59, 75020.2, 90624811, 3.10, 15.56, 0.71, 2848.11282
2015-11-04, 5, qiang_lie, 11.45, 12.49, 4.08, 12.00, 12.10, 12.70, 11.92, 75699.64, 93567605, 3.12, 6.50, 1.02, 1117.55586
2015-11-05, 5, qiang_lie, 11.47, 12.24, -2.00, 12.49, 12.49, 12.64, 12.15, 55639.86, 68766237, 2.30, 3.92, 0.86, 1258.73685
2015-11-06, 5, qiang_lie, 11.50, 12.55, 2.53, 12.24, 12.24, 12.69, 12.24, 85429.04, 106945340, 3.53, 3.68, 1.31, 1254.57311
2015-11-09, 5, qiang_lie, 11.55, 12.85, 2.39, 12.55, 12.44, 13.00, 12.16, 94411.25, 118880217, 3.90, 6.69, 1.27, 16752.89392
2015-11-10, 5, qiang_lie, 11.60, 12.96, 0.86, 12.85, 12.84, 13.40, 12.56, 95801.39, 124522832, 3.95, 6.54, 1.24, 384.63283
2015-11-11, 5, qiang_lie, 11.60, 12.98, 0.15, 12.96, 12.96, 13.18, 12.58, 72660.11, 93070927, 3.00, 4.63, 0.89, 282.77707
2015-11-12, 5, qiang_lie, 11.80, 13.87, 6.86, 12.98, 12.83, 14.28, 12.70, 187417.38, 257618546, 7.74, 12.17, 2.32, 972.45407
2015-11-13, 5, qiang_lie, 11.91, 14.00, 0.94, 13.87, 13.60, 14.30, 13.42, 134052.83, 186016848, 5.53, 6.34, 1.25, 1164.325
2015-11-16, 5, qiang_lie, 12.03, 14.54, 3.86, 14.00, 13.85, 14.97, 13.50, 114966.67, 165274712, 4.75, 10.50, 0.98, 891.30187
2015-11-17, 5, qiang_lie, 12.14, 14.15, -2.68, 14.54, 14.89, 14.96, 14.08, 118517.1, 170065152, 4.89, 6.05, 0.98, 1193.63403
2015-11-18, 5, qiang_lie, 12.24, 13.04, -7.84, 14.15, 14.23, 14.28, 12.74, 189649.36, 250713522, 7.83, 10.88, 1.51, 1263.10802
2015-11-19, 5, qiang_lie, 12.26, 13.00, -0.31, 13.04, 12.81, 13.19, 12.35, 97014.41, 123545159, 4.00, 6.44, 0.65, 32067.57498
2015-11-20, 5, qiang_lie, 12.28, 12.81, -1.46, 13.00, 13.06, 13.07, 12.67, 80682.63, 103319800, 3.33, 3.08, 0.62, 1136.64293
2015-11-23, 5, qiang_lie, 12.30, 12.63, -1.41, 12.81, 12.75, 12.98, 12.58, 73191.8, 93283583, 3.02, 3.12, 0.61, 16589.73289
2015-11-24, 4, gao_du, 12.31, 12.86, 1.82, 12.63, 12.63, 13.09, 12.50, 71421.59, 91642570, 2.95, 4.67, 0.64, 1051.57185
2015-11-25, 4, gao_du, 12.32, 12.74, -0.93, 12.86, 13.00, 13.00, 12.61, 66986.14, 85316665, 2.76, 3.03, 0.65, 1018.39805
2015-11-26, 4, gao_du, 12.34, 12.77, 0.24, 12.74, 12.75, 13.08, 12.60, 74586.76, 95649132, 3.08, 3.77, 0.96, 897.99094
2015-11-27, 3, zhong_du, 12.32, 11.51, -9.87, 12.77, 12.77, 12.77, 11.49, 97864.08, 118506645, 4.04, 10.02, 1.33, 1610.19301
2015-11-30, 3, zhong_du, 12.30, 11.65, 1.22, 11.51, 11.61, 11.85, 10.60, 68260.2, 77913868, 2.82, 10.86, 0.89, 870.27001
2015-12-01, 2, qing_du, 12.29, 12.10, 3.86, 11.65, 11.76, 12.58, 11.50, 64065.04, 78118305, 2.64, 9.27, 0.95, 1322.6819
2015-12-02, 2, qing_du, 12.29, 12.03, -1.80, 12.25, 12.70, 12.70, 11.65, 37609.71, 45344323, 1.55, 8.57, 0.54, 2957.66687
2015-12-03, 3, zhong_du, 12.29, 13.30, 10.01, 12.09, 12.09, 13.30, 12.05, 268735.45, 351956936, 11.09, 10.34, 3.81, 1085.74605
2015-12-04, 3, zhong_du, 12.63, 14.10, 6.02, 13.30, 13.45, 14.32, 13.01, 264816.6, 368310705, 10.93, 9.85, 2.42, 1670.60685
2015-12-07, 4, gao_du, 12.71, 13.98, -0.85, 14.10, 13.95, 14.40, 13.68, 135799.05, 190621599, 5.60, 5.11, 0.95, 576.87593
2015-12-08, 4, gao_du, 12.74, 13.40, -4.15, 13.98, 13.66, 13.98, 13.08, 108132.57, 145476649, 4.46, 6.44, 0.69, 736.67097
2015-12-09, 5, qiang_lie, 12.77, 13.46, 0.45, 13.40, 13.45, 13.60, 13.10, 85807.09, 114598101, 3.54, 3.73, 0.52, 2484.56907
2015-12-10, 4, gao_du, 12.86, 14.19, 5.42, 13.46, 13.40, 14.32, 13.30, 198331.78, 276060688, 8.19, 7.58, 1.15, 479.00391
2015-12-11, 4, gao_du, 12.91, 13.71, -3.38, 14.19, 13.85, 14.25, 13.68, 100753.94, 140237863, 4.16, 4.02, 0.64, 1011.94119
2015-12-14, 5, qiang_lie, 13.00, 14.30, 4.30, 13.71, 13.65, 14.50, 13.58, 180697.46, 255409597, 7.46, 6.71, 1.44, 824.16105
2015-12-15, 5, qiang_lie, 13.13, 15.23, 6.50, 14.30, 14.30, 15.45, 14.16, 162364.01, 241931430, 6.70, 9.02, 1.20, 1226.87006
2015-12-16, 5, qiang_lie, 13.24, 15.08, -0.98, 15.23, 15.10, 15.59, 14.90, 135728.08, 205648731, 5.60, 4.53, 0.93, 841.10999
2015-12-17, 5, qiang_lie, 13.35, 15.22, 0.93, 15.08, 14.91, 15.30, 14.91, 130596.73, 197419302, 5.39, 2.59, 0.84, 2813.56502
2015-12-18, 5, qiang_lie, 13.48, 15.75, 3.48, 15.22, 15.00, 15.88, 14.60, 160716.52, 243980230, 6.63, 8.41, 1.13, 821.15912
2015-12-21, 5, qiang_lie, 13.59, 15.75, 0.00, 15.75, 15.50, 16.06, 15.48, 109848.79, 173035209, 4.53, 3.68, 0.71, 3020.45393
2015-12-22, 5, qiang_lie, 13.65, 15.58, -1.08, 15.75, 15.71, 15.75, 15.21, 78425.98, 120997329, 3.24, 3.43, 0.56, 815.69886
2015-12-23, 5, qiang_lie, 13.82, 16.50, 5.91, 15.58, 15.65, 16.95, 15.25, 158029.82, 254324303, 6.52, 10.91, 1.28, 1600.11482
2015-12-24, 5, qiang_lie, 13.98, 16.19, -1.88, 16.50, 16.90, 17.24, 16.15, 145371.18, 242639661, 6.00, 6.61, 1.14, 929.59499
2015-12-25, 5, qiang_lie, 14.20, 17.64, 8.96, 16.19, 16.06, 17.64, 15.87, 174237.18, 297293396, 7.19, 10.93, 1.34, 763.49092
2015-12-28, 5, qiang_lie, 14.40, 16.70, -5.33, 17.64, 17.70, 18.20, 16.64, 165291.15, 286804484, 6.82, 8.84, 1.24, 1110.63695
2015-12-29, 5, qiang_lie, 14.47, 16.49, -1.26, 16.70, 16.10, 16.75, 16.00, 84467.26, 138485080, 3.49, 4.49, 0.59, 2916.77499
2015-12-30, 5, qiang_lie, 14.53, 16.35, -0.85, 16.49, 16.30, 16.86, 16.20, 63557.68, 104781269, 2.62, 4.00, 0.44, 2713.38606
2015-12-31, 5, qiang_lie, 14.64, 17.15, 4.89, 16.35, 16.55, 17.60, 16.50, 109935.81, 189206978, 4.54, 6.73, 0.76, 980.62897
2016-01-04, 5, qiang_lie, 14.70, 15.77, -8.05, 17.15, 17.15, 17.63, 15.53, 85865.86, 145152600, 3.54, 12.24, 0.60, 935.16588
2016-01-05, 5, qiang_lie, 14.77, 16.01, 1.52, 15.77, 15.20, 16.90, 14.34, 164954.62, 257936261, 6.81, 16.23, 1.14, 1024.46198
2016-01-06, 5, qiang_lie, 14.84, 16.44, 2.69, 16.01, 16.01, 16.65, 15.85, 106164.56, 173807270, 4.38, 5.00, 0.74, 993.82401
2016-01-07, 5, qiang_lie, 14.84, 14.85, -9.67, 16.44, 16.00, 16.00, 14.80, 23736.03, 36747261, 0.98, 7.30, 0.16, 941.4978
2016-01-08, 4, gao_du, 14.89, 15.24, 2.63, 14.85, 15.84, 15.84, 14.00, 76820.37, 116173849, 3.17, 12.39, 0.53, 1129.15397
2016-01-11, 4, gao_du, 14.90, 14.50, -4.86, 15.24, 14.96, 15.87, 14.20, 98000.47, 147924916, 4.04, 10.96, 0.68, 957.8979
2016-01-12, 3, zhong_du, 14.88, 14.09, -2.83, 14.50, 14.65, 15.07, 13.90, 68805.59, 98817781, 2.84, 8.07, 0.48, 1103.00517
2016-01-13, 3, zhong_du, 14.83, 12.68, -10.01, 14.09, 14.10, 14.48, 12.68, 71154.24, 97931751, 2.94, 12.78, 0.49, 921.83495
2016-01-14, 3, zhong_du, 14.73, 12.88, 1.58, 12.68, 11.43, 13.12, 11.43, 104834.7, 127724033, 4.33, 13.33, 0.73, 1027.18902
2016-01-15, 2, qing_du, 14.68, 12.90, 0.16, 12.88, 12.60, 13.23, 12.52, 63133.72, 81386112, 2.61, 5.51, 0.44, 955.56498
2016-01-18, 2, qing_du, 14.65, 13.35, 3.49, 12.90, 12.67, 13.82, 12.42, 49776.41, 66225019, 2.05, 10.85, 0.35, 3320.69802
2016-01-19, 2, qing_du, 14.63, 13.78, 3.22, 13.35, 13.20, 13.84, 13.20, 54549.94, 74355957, 2.25, 4.79, 0.38, 828.09806
2016-01-20, 2, qing_du, 14.61, 13.65, -0.94, 13.78, 13.80, 13.89, 13.31, 49652.69, 67615707, 2.05, 4.21, 0.34, 771.60287
2016-01-21, 2, qing_du, 14.58, 13.44, -1.54, 13.65, 13.23, 14.19, 13.16, 61371.42, 84705709, 2.53, 7.55, 0.43, 4492.82002
2016-01-22, 2, qing_du, 14.57, 13.89, 3.35, 13.44, 13.61, 13.95, 13.45, 51469.33, 70978006, 2.12, 3.72, 0.36, 855.21007
2016-01-26, 2, qing_du, 14.52, 12.77, -10.01, 14.19, 14.09, 14.16, 12.77, 69850.08, 93183210, 2.88, 9.80, 0.48, 903.47099
2016-01-27, 2, qing_du, 14.47, 12.35, -3.29, 12.77, 13.00, 13.00, 11.60, 55823.7, 67970806, 2.30, 10.96, 0.39, 2673.82407
2016-01-28, 1, wei_ruo, 14.40, 11.58, -6.23, 12.35, 12.35, 12.88, 11.40, 65207.09, 80947001, 2.69, 11.98, 0.45, 1016.18099
2016-01-29, 1, wei_ruo, 14.35, 11.90, 2.76, 11.58, 11.35, 12.13, 11.28, 40950.11, 48137117, 1.69, 7.34, 0.28, 2873.35515
2016-02-01, 1, wei_ruo, 14.27, 10.86, -8.74, 11.90, 11.81, 11.96, 10.71, 64491.01, 73066208, 2.66, 10.50, 0.45, 846.91787
2016-02-02, 1, wei_ruo, 14.21, 11.34, 4.42, 10.86, 10.98, 11.50, 10.81, 43348.92, 48414662, 1.79, 6.35, 0.30, 1068.99405
2016-02-03, 1, wei_ruo, 14.17, 11.39, 0.44, 11.34, 11.30, 11.46, 10.81, 32615.1, 36545602, 1.35, 5.73, 0.23, 1202.18205
2016-02-04, 1, wei_ruo, 14.13, 12.25, 7.55, 11.39, 11.47, 12.28, 11.47, 50062.42, 60223098, 2.07, 7.11, 0.35, 4560.29201
2016-02-05, 1, wei_ruo, 14.09, 13.10, 6.94, 12.25, 12.42, 13.28, 12.10, 64914.64, 82782549, 2.68, 9.63, 0.45, 871.26613
2016-02-15, 1, wei_ruo, 14.08, 13.50, 3.05, 13.10, 12.55, 13.78, 12.34, 50654.56, 65888233, 2.09, 10.99, 0.35, 1118.23606
2016-02-16, 1, wei_ruo, 14.08, 14.17, 4.96, 13.50, 13.60, 14.49, 13.60, 58223.83, 81622818, 2.40, 6.59, 0.40, 1684.43799
2016-02-17, 1, wei_ruo, 14.07, 14.11, -0.42, 14.17, 14.20, 14.30, 13.60, 48989.5, 68516597, 2.02, 4.94, 0.34, 1109.50589
2016-02-18, 1, wei_ruo, 14.08, 14.05, -0.43, 14.11, 14.11, 14.53, 13.92, 51883.77, 74221379, 2.14, 4.32, 0.36, 983.48594
2016-02-19, 1, wei_ruo, 14.08, 14.22, 1.21, 14.05, 14.05, 14.50, 13.90, 21180.42, 30216131, 0.87, 4.27, 0.19, 775.28405
2016-02-22, 1, wei_ruo, 14.08, 14.30, 1.13, 14.14, 14.19, 14.53, 14.18, 32661.55, 46840700, 1.35, 2.48, 0.68, 3021.87181
2016-02-23, 1, wei_ruo, 14.00, 13.87, -3.01, 14.30, 14.42, 14.42, 13.68, 44256.34, 61643972, 1.83, 5.17, 1.00, 2707.75509
2016-02-24, 1, wei_ruo, 14.00, 13.83, -0.29, 13.87, 13.98, 13.98, 13.22, 47615.48, 64723815, 1.97, 5.48, 1.14, 855.80993
2016-02-25, 1, wei_ruo, 13.97, 12.45, -9.98, 13.83, 13.74, 13.80, 12.45, 63151.16, 82376116, 2.61, 9.76, 1.53, 659.35016
2016-02-26, 1, wei_ruo, 13.94, 12.40, -0.40, 12.45, 12.84, 12.86, 12.16, 47664.68, 59177758, 1.97, 5.62, 1.09, 2633.14295
2016-02-29, 1, wei_ruo, 13.89, 11.16, -10.00, 12.40, 12.48, 12.48, 11.16, 51706.52, 58667577, 2.13, 10.65, 1.10, 904.03795
2016-03-01, 1, wei_ruo, 13.83, 11.40, 2.15, 11.16, 11.16, 11.55, 10.87, 52398.17, 59328032, 2.16, 6.09, 1.03, 757.32112
2016-03-02, 1, wei_ruo, 13.79, 12.01, 5.35, 11.40, 11.43, 12.10, 11.35, 54460.65, 63976780, 2.25, 6.58, 1.04, 842.37218
2016-03-03, 1, wei_ruo, 13.75, 11.93, -0.67, 12.01, 12.00, 12.38, 11.90, 52914.69, 63937753, 2.18, 4.00, 0.98, 655.96819
2016-03-04, 1, wei_ruo, 13.70, 11.34, -4.95, 11.93, 11.80, 12.12, 11.20, 49474.7, 57816216, 2.04, 7.71, 0.95, 1025.11001
2016-03-07, 1, wei_ruo, 13.67, 11.55, 1.85, 11.34, 11.29, 11.73, 11.24, 33147.04, 38152158, 1.37, 4.32, 0.64, 4127.11191
2016-03-08, 1, wei_ruo, 13.64, 11.97, 3.64, 11.55, 11.53, 12.28, 11.06, 45213.99, 52465995, 1.87, 10.56, 0.93, 627.71797
2016-03-10, 1, wei_ruo, 13.59, 11.70, 0.17, 11.68, 11.72, 11.98, 11.60, 31893.06, 37572573, 1.32, 3.25, 0.73, 441.44416
2016-03-14, 1, wei_ruo, 13.54, 11.93, 3.02, 11.58, 11.73, 12.15, 11.72, 38175.59, 45787748, 1.58, 3.71, 1.13, 2757.6859
2016-03-15, 1, wei_ruo, 13.52, 11.75, -1.51, 11.93, 12.15, 12.15, 11.70, 29267.47, 34701771, 1.21, 3.77, 0.84, 563.62319
2016-03-16, 1, wei_ruo, 13.51, 11.55, -1.70, 11.75, 11.89, 12.07, 11.50, 19510.22, 22962419, 0.81, 4.85, 0.62, 662.75692
2016-03-17, 1, wei_ruo, 13.48, 11.95, 3.46, 11.55, 11.80, 11.97, 11.55, 38375.75, 45413311, 1.58, 3.64, 1.37, 886.49392
2016-03-18, 1, wei_ruo, 13.46, 12.45, 4.18, 11.95, 11.99, 12.63, 11.99, 51156.17, 63209654, 2.11, 5.36, 1.74, 741.8251
2016-03-21, 1, wei_ruo, 13.45, 13.02, 4.58, 12.45, 12.78, 13.23, 12.54, 49845.84, 64679108, 2.06, 5.54, 1.41, 594.347
2016-03-22, 1, wei_ruo, 13.44, 12.93, -0.69, 13.02, 12.98, 13.30, 12.81, 32712, 42683490, 1.35, 3.76, 0.87, 729.07591
2016-03-23, 1, wei_ruo, 13.43, 13.06, 1.01, 12.93, 12.98, 13.14, 12.80, 28528.66, 37035434, 1.18, 2.63, 0.74, 587.45384
2016-03-24, 2, qing_du, 13.43, 13.45, 2.99, 13.06, 13.06, 13.85, 12.74, 79031.13, 106868766, 3.26, 8.50, 1.97, 2342.60893
2016-03-25, 2, qing_du, 13.44, 13.85, 2.97, 13.45, 13.42, 13.85, 13.37, 43735.93, 59347508, 1.81, 3.57, 0.91, 881.69718
2016-03-28, 3, zhong_du, 13.45, 13.71, -1.01, 13.85, 13.99, 14.21, 13.55, 58172.62, 80604935, 2.40, 4.77, 1.24, 2536.18813
2016-03-29, 3, zhong_du, 13.44, 13.20, -3.72, 13.71, 13.84, 13.88, 13.06, 42126, 56340643, 1.74, 5.98, 0.87, 759.81998
2016-03-30, 3, zhong_du, 13.45, 13.80, 4.55, 13.20, 13.34, 13.89, 13.23, 37926.95, 51557066, 1.57, 5.00, 0.75, 3126.92285
2016-03-31, 3, zhong_du, 13.47, 13.87, 0.51, 13.80, 13.98, 14.70, 13.85, 64436.27, 91557359, 2.66, 6.16, 1.23, 1067.07001
2016-04-01, 3, zhong_du, 13.53, 15.26, 10.02, 13.87, 13.89, 15.26, 13.87, 107344.78, 159587702, 4.43, 10.02, 2.18, 1070.02902
2016-04-05, 4, gao_du, 13.62, 16.01, 4.91, 15.26, 15.00, 16.46, 14.89, 101395.3, 160367914, 4.18, 10.29, 1.64, 660.22611
2016-04-06, 4, gao_du, 13.68, 15.59, -2.62, 16.01, 15.87, 16.20, 15.44, 71826.36, 112859060, 2.96, 4.75, 1.02, 684.89099
2016-04-07, 4, gao_du, 13.74, 15.77, 1.15, 15.59, 15.93, 16.18, 15.50, 59621.4, 94588937, 2.46, 4.36, 0.78, 664.92915
2016-04-08, 4, gao_du, 13.79, 15.49, -1.78, 15.77, 15.78, 16.17, 15.26, 63095.82, 98945254, 2.60, 5.77, 0.78, 936.0311
2016-04-11, 4, gao_du, 13.82, 15.68, 1.23, 15.49, 15.64, 15.96, 15.50, 48565.04, 76275585, 2.00, 2.97, 0.60, 399.9691
2016-04-12, 4, gao_du, 13.86, 15.31, -2.36, 15.68, 15.62, 15.70, 15.22, 50717.84, 78282605, 2.09, 3.06, 0.74, 656.71301
2016-04-13, 4, gao_du, 13.90, 15.37, 0.39, 15.31, 15.47, 15.66, 15.28, 64780.23, 100186105, 2.67, 2.48, 1.10, 518.121
2016-04-14, 4, gao_du, 13.96, 15.91, 3.51, 15.37, 15.40, 16.15, 15.25, 72519.99, 115062329, 2.99, 5.86, 1.26, 585.1109
2016-04-15, 4, gao_du, 13.98, 15.87, -0.25, 15.91, 15.82, 16.00, 15.70, 34931.38, 55289131, 1.44, 1.89, 0.58, 2611.05013
2016-04-18, 5, qiang_lie, 14.01, 15.36, -3.21, 15.87, 15.85, 15.85, 15.03, 54545.49, 83754460, 2.25, 5.17, 1.00, 1536.53407
2016-04-19, 5, qiang_lie, 14.03, 15.33, -0.20, 15.36, 15.50, 15.50, 15.20, 30621.21, 47043269, 1.26, 1.95, 0.55, 1378.46923
2016-04-20, 5, qiang_lie, 14.08, 15.40, 0.46, 15.33, 15.40, 16.08, 14.60, 86347.93, 132789466, 3.56, 9.65, 1.70, 2222.69201
2016-04-21, 5, qiang_lie, 14.10, 15.02, -2.47, 15.40, 15.18, 15.68, 15.00, 41486.88, 63651769, 1.71, 4.42, 0.74, 1177.37794
2016-04-22, 5, qiang_lie, 14.11, 15.27, 1.66, 15.02, 15.19, 15.38, 14.70, 32282.91, 48734539, 1.33, 4.53, 0.65, 4851.27902
2016-04-25, 5, qiang_lie, 14.21, 16.80, 10.02, 15.27, 15.37, 16.80, 15.15, 107958.78, 174858355, 4.46, 10.81, 2.20, 2595.22581
2016-04-26, 5, qiang_lie, 14.30, 16.52, -1.67, 16.80, 16.88, 16.98, 16.36, 88091.25, 146077714, 3.64, 3.69, 1.47, 8911.6981
2016-04-27, 5, qiang_lie, 14.40, 16.53, 0.06, 16.52, 16.70, 17.31, 16.46, 102785.73, 173888524, 4.24, 5.15, 1.44, 735.87608
2016-04-28, 5, qiang_lie, 14.45, 16.68, 0.91, 16.53, 16.70, 16.90, 16.33, 57993.05, 96473420, 2.39, 3.45, 0.78, 2594.07592
2016-04-29, 5, qiang_lie, 14.49, 16.50, -1.08, 16.68, 16.54, 16.77, 16.20, 43449.24, 71682118, 1.79, 3.42, 0.56, 4715.24
2016-05-03, 5, qiang_lie, 14.56, 17.10, 3.64, 16.50, 16.45, 17.10, 16.10, 69341.05, 115499941, 2.86, 6.06, 0.87, 2680.37295
2016-05-04, 5, qiang_lie, 14.64, 17.17, 0.41, 17.10, 16.98, 17.67, 16.85, 78827.74, 135585873, 3.25, 4.80, 1.09, 554.66914
2016-05-05, 5, qiang_lie, 14.68, 16.92, -1.46, 17.17, 17.03, 17.27, 16.77, 37796.07, 64093879, 1.56, 2.91, 0.54, 2569.41819
2016-05-06, 5, qiang_lie, 14.73, 15.85, -6.32, 16.92, 16.77, 16.88, 15.68, 86599.87, 140622054, 3.57, 7.09, 1.51, 1391.30688
2016-05-09, 5, qiang_lie, 14.74, 14.79, -6.69, 15.85, 15.52, 15.80, 14.40, 63238.17, 95745511, 2.61, 8.83, 1.00, 2936.373
2016-05-10, 5, qiang_lie, 14.74, 14.84, 0.34, 14.79, 14.79, 15.48, 14.70, 36590.6, 54840337, 1.51, 5.27, 0.54, 1932.41286
2016-05-11, 4, gao_du, 14.74, 14.75, -0.61, 14.84, 14.80, 15.13, 14.40, 33197.38, 49008274, 1.37, 4.92, 0.55, 1110.67581
2016-05-12, 3, zhong_du, 14.74, 14.58, -1.15, 14.75, 14.59, 14.85, 14.12, 33681.65, 48948562, 1.39, 4.95, 0.65, 1016.03198
2016-05-13, 3, zhong_du, 14.74, 14.50, -0.55, 14.58, 14.58, 14.81, 14.40, 24432.54, 35646805, 1.01, 2.81, 0.48, 2932.58595
2016-05-16, 3, zhong_du, 14.74, 14.99, 3.38, 14.50, 14.68, 15.09, 14.58, 35366.27, 52460885, 2.84, 3.52, 0.93, 14594.80381
2016-05-17, 3, zhong_du, 14.75, 14.99, 0.00, 14.99, 15.01, 15.46, 14.90, 36007.87, 54320293, 2.90, 3.74, 1.10, 2674.22199
2016-05-18, 3, zhong_du, 14.74, 14.30, -4.60, 14.99, 14.80, 14.82, 14.15, 41335.55, 59342630, 3.32, 4.47, 1.27, 2738.93404
2016-05-19, 3, zhong_du, 14.73, 14.34, 0.28, 14.30, 14.43, 14.53, 14.30, 27894.22, 40146516, 2.24, 1.61, 0.82, 850.57306
2016-05-20, 2, qing_du, 14.73, 14.49, 1.05, 14.34, 14.40, 14.58, 14.22, 19715.55, 28398248, 1.59, 2.51, 0.60, 2778.0509
2016-05-23, 2, qing_du, 14.73, 14.97, 3.31, 14.49, 14.59, 15.05, 14.44, 34351.76, 50679657, 2.76, 4.21, 1.07, 3326.89214
2016-05-24, 2, qing_du, 14.73, 14.62, -2.34, 14.97, 14.97, 14.97, 14.56, 18195.09, 26714589, 1.46, 2.74, 0.57, 3085.99615
2016-05-25, 1, wei_ruo, 14.73, 14.54, -0.55, 14.62, 14.63, 14.90, 14.49, 29462.99, 43369501, 2.37, 2.80, 0.92, 1370.87202
2016-05-26, 1, wei_ruo, 14.73, 14.66, 0.83, 14.54, 14.56, 14.90, 14.38, 33584.19, 49246748, 2.70, 3.58, 1.05, 4157.85193
2016-05-27, 1, wei_ruo, 14.73, 14.68, 0.14, 14.66, 14.62, 14.83, 14.56, 19278.58, 28345275, 1.55, 1.84, 0.61, 4415.91501
2016-05-30, 1, wei_ruo, 14.72, 14.59, -0.61, 14.68, 14.68, 14.82, 14.50, 18502, 27116584, 1.49, 2.18, 0.58, 794.75594
2016-05-31, 1, wei_ruo, 14.73, 15.13, 3.70, 14.59, 14.60, 15.13, 14.56, 39040.9, 58372639, 3.14, 3.91, 1.23, 4839.28394
2016-06-01, 1, wei_ruo, 14.74, 15.11, -0.13, 15.13, 15.18, 15.30, 15.03, 30789.33, 46606919, 2.48, 1.78, 0.97, 2196.89608
2016-06-02, 1, wei_ruo, 14.74, 16.06, 6.29, 15.11, 15.11, 16.25, 15.10, 75499.73, 120061433, 6.07, 7.61, 2.37, 2471.89403
2016-06-03, 2, qing_du, 14.84, 15.76, -1.87, 16.06, 16.09, 16.09, 15.48, 63981.39, 100525112, 5.15, 3.80, 2.01, 3472.5771
2016-06-06, 2, qing_du, 14.86, 15.65, -0.70, 15.76, 15.66, 15.92, 15.48, 26881.95, 42059956, 2.16, 2.79, 0.84, 658.85687
2016-06-07, 2, qing_du, 14.94, 16.60, 6.07, 15.65, 15.65, 16.64, 15.38, 72483.11, 116845011, 5.83, 8.05, 2.27, 3960.12807
2016-06-08, 3, zhong_du, 15.00, 15.96, -3.86, 16.60, 16.15, 16.39, 15.89, 70639.79, 113682548, 5.68, 3.01, 2.22, 3919.89493
2016-06-13, 2, qing_du, 14.99, 14.39, -9.84, 15.96, 15.44, 15.72, 14.37, 69460.1, 104865651, 5.59, 8.46, 2.18, 1149.28508
2016-06-14, 2, qing_du, 14.98, 14.50, 0.76, 14.39, 14.49, 14.71, 14.15, 37308.95, 53763902, 3.00, 3.89, 1.17, 4794.9791
2016-06-15, 1, wei_ruo, 14.97, 14.84, 2.34, 14.50, 14.31, 15.04, 14.21, 40055.19, 59266246, 3.22, 5.72, 1.26, 5678.02882
2016-06-16, 1, wei_ruo, 14.96, 14.45, -2.63, 14.84, 15.06, 15.06, 14.35, 31016.52, 45501370, 2.49, 4.78, 0.97, 4419.33203
2016-06-17, 1, wei_ruo, 14.95, 14.65, 1.38, 14.45, 14.46, 14.97, 14.45, 25466.62, 37462616, 2.05, 3.60, 0.80, 14229.64787
2016-06-20, 1, wei_ruo, 14.91, 13.99, -4.51, 14.65, 14.51, 14.62, 13.68, 56504.66, 78654263, 4.54, 6.42, 1.77, 12807.4019
2016-06-21, 1, wei_ruo, 14.88, 13.90, -0.64, 13.99, 14.10, 14.26, 13.85, 41347.67, 57787063, 3.33, 2.93, 1.30, 10929.01897
2016-06-22, 1, wei_ruo, 14.86, 14.16, 1.87, 13.90, 14.00, 14.30, 13.60, 30553.17, 43049706, 2.46, 5.04, 0.96, 6965.07597
2016-06-23, 1, wei_ruo, 14.84, 13.94, -1.55, 14.16, 14.00, 14.30, 13.70, 30198.05, 42048663, 2.43, 4.24, 0.95, 2766.61301
2016-06-24, 1, wei_ruo, 14.78, 13.39, -3.95, 13.94, 14.11, 14.11, 12.80, 50841.43, 68367864, 4.09, 9.40, 1.60, 718.28008
2016-06-27, 1, wei_ruo, 14.75, 13.70, 2.32, 13.39, 13.17, 13.79, 13.17, 31987.66, 43445654, 2.57, 4.63, 1.01, 2821.09308
2016-06-28, 1, wei_ruo, 14.72, 13.64, -0.44, 13.70, 13.69, 13.75, 13.49, 32884.06, 44761418, 2.64, 1.90, 1.03, 1580.22594
2016-06-30, 1, wei_ruo, 14.67, 13.67, 0.15, 13.65, 13.65, 13.79, 13.48, 33628.23, 45819351, 2.70, 2.27, 1.06, 1749.26901
2016-07-01, 1, wei_ruo, 14.64, 13.91, 1.76, 13.67, 13.67, 14.39, 13.65, 45513.24, 64074850, 3.66, 5.41, 1.43, 934.55696
2016-07-04, 1, wei_ruo, 14.62, 14.30, 2.80, 13.91, 13.90, 14.40, 13.71, 47889.77, 68298851, 3.85, 4.96, 1.50, 755.00298
2016-07-05, 1, wei_ruo, 14.61, 14.23, -0.49, 14.30, 14.31, 14.43, 13.98, 33893.5, 48000384, 2.73, 3.15, 1.06, 2575.81186
2016-07-06, 1, wei_ruo, 14.60, 14.27, 0.28, 14.23, 14.20, 14.40, 14.10, 27548.08, 39246286, 2.22, 2.11, 0.86, 3007.19786
2016-07-07, 1, wei_ruo, 14.60, 14.45, 1.26, 14.27, 14.17, 14.52, 14.17, 39604.65, 56888430, 3.19, 2.45, 1.24, 4792.39321
2016-07-08, 1, wei_ruo, 14.59, 14.48, 0.21, 14.45, 14.44, 14.84, 14.31, 31753.3, 46376758, 2.55, 3.67, 1.00, 6794.89803
2016-07-11, 1, wei_ruo, 14.58, 14.02, -3.18, 14.48, 14.32, 14.50, 13.95, 43198.65, 61164317, 3.47, 3.80, 1.36, 18576.06578
2016-07-12, 1, wei_ruo, 14.57, 14.09, 0.50, 14.02, 14.18, 14.18, 13.90, 25182.62, 35405859, 2.03, 2.00, 0.79, 21853.85203
2016-07-13, 1, wei_ruo, 14.56, 14.15, 0.43, 14.09, 14.19, 14.23, 14.03, 22990.91, 32494358, 1.85, 1.42, 0.73, 18344.7001
2016-07-14, 1, wei_ruo, 14.55, 14.45, 2.12, 14.15, 14.15, 14.48, 13.92, 34897.77, 49460708, 2.81, 3.96, 1.10, 2906.52895
2016-07-15, 1, wei_ruo, 14.54, 14.13, -2.21, 14.45, 14.44, 14.60, 14.10, 34495, 49179516, 2.77, 3.46, 1.08, 3934.11183
2016-07-18, 1, wei_ruo, 14.54, 14.13, 0.00, 14.13, 14.15, 14.29, 14.00, 18699.34, 26391687, 1.50, 2.05, 0.59, 3613.57713
2016-07-19, 1, wei_ruo, 14.53, 14.07, -0.42, 14.13, 14.13, 14.13, 13.90, 23866.38, 33391289, 1.92, 1.63, 0.75, 657.42397
2016-07-20, 1, wei_ruo, 14.53, 14.11, 0.28, 14.07, 14.05, 14.16, 13.96, 13595, 19165735, 1.09, 1.42, 0.43, 19884.19604
2016-07-21, 1, wei_ruo, 14.52, 14.09, -0.14, 14.11, 14.03, 14.18, 14.01, 24570.65, 34646996, 1.98, 1.20, 0.77, 8648.97799
2016-07-22, 1, wei_ruo, 14.51, 14.62, 3.76, 14.09, 14.18, 14.72, 14.12, 71738.43, 104397880, 5.77, 4.26, 2.25, 26040.56597
2016-07-25, 1, wei_ruo, 14.53, 14.92, 2.05, 14.62, 14.48, 14.99, 14.40, 70796.35, 105015745, 5.69, 4.04, 2.22, 18062.04796
2016-07-26, 1, wei_ruo, 14.54, 14.92, 0.00, 14.92, 14.89, 15.09, 14.67, 44971.92, 66879932, 3.62, 2.82, 1.41, 938.25889
2016-07-27, 1, wei_ruo, 14.52, 13.94, -6.57, 14.92, 14.99, 14.99, 13.43, 69652.62, 99154131, 5.60, 10.46, 2.19, 6406.75306
2016-07-28, 1, wei_ruo, 14.50, 13.92, -0.14, 13.94, 13.88, 14.11, 13.68, 27708.79, 38588345, 2.23, 3.08, 0.87, 3032.34887
2016-07-29, 1, wei_ruo, 14.49, 13.66, -1.87, 13.92, 13.95, 14.10, 13.60, 25919.39, 35822875, 2.08, 3.59, 0.81, 14478.20282
2016-08-01, 1, wei_ruo, 14.47, 13.36, -2.20, 13.66, 13.66, 13.92, 13.20, 22686.62, 30346399, 1.82, 5.27, 0.71, 4064.49795
2016-08-02, 1, wei_ruo, 14.46, 13.44, 0.60, 13.36, 13.35, 13.58, 13.32, 10945.6, 14670136, 0.88, 1.95, 0.34, 16692.67893
2016-08-03, 1, wei_ruo, 14.45, 13.56, 0.89, 13.44, 13.55, 13.63, 13.39, 11660.08, 15768477, 0.94, 1.79, 0.43, 6377.25902
2016-08-04, 1, wei_ruo, 14.44, 13.70, 1.03, 13.56, 13.50, 13.85, 13.46, 13655.63, 18673498, 1.10, 2.88, 0.66, 14491.99104
2016-08-05, 1, wei_ruo, 14.43, 13.68, -0.15, 13.70, 13.71, 13.86, 13.37, 22525.65, 30611272, 1.81, 3.58, 1.26, 2497.12396
2016-08-08, 1, wei_ruo, 14.41, 13.51, -1.24, 13.68, 13.06, 13.63, 13.06, 19603.9, 26328692, 1.58, 4.17, 1.05, 4045.08591
2016-08-09, 1, wei_ruo, 14.40, 13.70, 1.41, 13.51, 13.51, 13.78, 13.42, 22377.67, 30440134, 1.80, 2.66, 1.43, 19306.669
2016-08-10, 1, wei_ruo, 14.39, 13.53, -1.24, 13.70, 13.70, 13.80, 13.50, 13537.13, 18492399, 1.09, 2.19, 0.76, 3964.42294
2016-08-11, 1, wei_ruo, 14.38, 13.35, -1.33, 13.53, 13.51, 13.55, 13.33, 13878.59, 18624398, 1.12, 1.63, 0.76, 2330.78003
2016-08-15, 1, wei_ruo, 14.35, 13.51, 0.45, 13.45, 13.55, 13.88, 13.30, 26722.49, 36252623, 2.15, 4.31, 1.60, 610.24499
2016-08-16, 1, wei_ruo, 14.34, 13.58, 0.07, 13.57, 13.72, 13.72, 13.50, 22034.45, 29920149, 1.77, 1.62, 1.19, 982.96285
2016-08-17, 1, wei_ruo, 14.32, 13.59, 0.07, 13.58, 13.58, 13.67, 13.50, 22806.81, 31003907, 1.83, 1.25, 1.24, 15311.378
2016-08-18, 1, wei_ruo, 14.31, 13.44, -1.10, 13.59, 13.60, 13.62, 13.41, 24025.34, 32446294, 1.93, 1.55, 1.19, 18036.11994
2016-08-19, 1, wei_ruo, 14.30, 13.75, 2.31, 13.44, 13.59, 13.99, 13.46, 37372.48, 51576466, 3.01, 3.94, 1.68, 556.777
2016-08-22, 1, wei_ruo, 14.29, 13.92, 1.24, 13.75, 13.85, 14.25, 13.76, 35531.51, 50002074, 2.03, 3.56, 1.33, 1204.03504
2016-08-23, 1, wei_ruo, 14.28, 13.58, -2.44, 13.92, 13.76, 13.90, 13.50, 27254.35, 37170600, 1.55, 2.87, 0.96, 1171.556
2016-08-24, 1, wei_ruo, 14.26, 13.73, 1.10, 13.58, 13.60, 13.78, 12.88, 33146.12, 45084641, 1.89, 6.63, 1.13, 3668.60485
2016-08-25, 1, wei_ruo, 14.25, 13.35, -2.77, 13.73, 13.71, 13.71, 13.26, 26397.78, 35396747, 1.50, 3.28, 0.84, 16362.38503
2016-08-26, 1, wei_ruo, 14.24, 13.31, -0.30, 13.35, 13.35, 13.54, 13.22, 22432.95, 30035529, 1.28, 2.40, 0.70, 1680.2361
2016-08-29, 1, wei_ruo, 14.23, 13.20, -0.83, 13.31, 13.32, 13.41, 13.13, 26107.79, 34545045, 1.49, 2.10, 0.90, 672.16015
2016-08-30, 1, wei_ruo, 14.21, 13.19, -0.08, 13.20, 13.23, 13.35, 13.01, 17558.91, 23261638, 1.00, 2.58, 0.65, 512.98714
2016-08-31, 1, wei_ruo, 14.21, 13.09, -0.76, 13.19, 13.28, 13.28, 13.00, 3641.6, 4774017, 0.21, 2.12, 0.83, 2590.50703
2016-09-01, 1, wei_ruo, 14.20, 13.16, -0.45, 13.22, 13.25, 13.29, 13.12, 16968.42, 22399292, 0.97, 1.29, 0.80, 1330.74999
2016-09-02, 1, wei_ruo, 14.20, 13.09, -0.76, 13.19, 13.28, 13.28, 13.00, 3641.6, 4774017, 0.21, 2.12, 0.83, 3978.31297
2016-09-05, 1, wei_ruo, 14.20, 13.19, -1.27, 13.36, 13.49, 13.49, 13.13, 21595.95, 28641557, 1.23, 2.69, 1.02, 602.68617
2016-09-06, 1, wei_ruo, 14.20, 13.09, -0.76, 13.19, 13.28, 13.28, 13.00, 3641.6, 4774017, 0.21, 2.12, 0.83, 8329.86188
2016-09-07, 1, wei_ruo, 14.20, 13.55, 2.42, 13.23, 13.37, 13.70, 13.21, 46618.41, 62762875, 2.66, 3.70, 2.20, 544.12198
2016-09-08, 1, wei_ruo, 14.20, 13.59, 0.30, 13.55, 13.55, 13.65, 13.43, 22202.12, 30092543, 1.27, 1.62, 1.05, 2615.47303
2016-09-09, 1, wei_ruo, 14.20, 13.09, -0.76, 13.19, 13.28, 13.28, 13.00, 3641.6, 4774017, 0.21, 2.12, 0.83, 18197.258
2016-09-12, 1, wei_ruo, 14.20, 13.37, -1.98, 13.64, 13.70, 13.77, 13.31, 31271.21, 42397790, 1.78, 3.37, 1.47, 2721.47417
2016-09-13, 1, wei_ruo, 14.20, 14.71, 10.02, 13.37, 13.53, 14.71, 13.33, 66932.37, 95216172, 3.82, 10.32, 3.16, 7940.00697
2016-09-14, 1, wei_ruo, 14.20, 13.09, -0.76, 13.19, 13.28, 13.28, 13.00, 3641.6, 4774017, 0.21, 2.12, 0.83, 642.55095
2016-09-19, 2, qing_du, 14.20, 14.78, 3.00, 14.35, 14.32, 14.95, 14.10, 68252.92, 99247869, 3.89, 5.92, 3.25, 727.23198
2016-09-20, 3, zhong_du, 14.20, 14.61, -1.22, 14.79, 14.78, 14.90, 14.48, 37332.72, 54521901, 2.13, 2.84, 1.76, 502.56801
2016-09-21, 3, zhong_du, 14.20, 14.54, -0.48, 14.61, 14.47, 14.58, 14.35, 29576.75, 42776182, 1.69, 1.57, 1.41, 2419.18397
2016-09-22, 3, zhong_du, 14.20, 14.42, -0.89, 14.55, 14.61, 14.68, 14.40, 28188.72, 40887822, 1.61, 1.92, 1.34, 539.09898
2016-09-23, 3, zhong_du, 14.20, 14.47, 0.35, 14.42, 14.45, 14.55, 14.28, 26771.06, 38518390, 1.53, 1.87, 1.28, 2032.90415
2016-09-26, 3, zhong_du, 14.20, 14.60, 0.97, 14.46, 14.44, 15.89, 14.28, 69132.86, 102826959, 3.94, 11.13, 3.26, 1406.50392
2016-09-27, 3, zhong_du, 14.20, 14.89, 1.99, 14.60, 14.42, 15.10, 14.42, 51478.42, 76140777, 2.93, 4.66, 2.43, 911.18193
2016-09-28, 3, zhong_du, 14.20, 14.96, 0.47, 14.89, 14.79, 15.24, 14.70, 58617.75, 88020033, 3.34, 3.63, 2.76, 579.97203
2016-09-29, 3, zhong_du, 14.20, 14.98, 0.13, 14.96, 14.98, 15.14, 14.72, 43084.02, 64239458, 2.46, 2.81, 2.03, 17169.01183
2016-09-30, 3, zhong_du, 14.20, 14.72, -1.74, 14.98, 15.01, 15.04, 14.65, 29064.03, 43003238, 1.66, 2.60, 1.37, 2677.87099
2016-10-10, 3, zhong_du, 14.20, 14.84, 0.82, 14.72, 14.72, 14.85, 14.30, 56122.32, 81701876, 3.20, 3.74, 2.65, 2588.9492
2016-10-11, 3, zhong_du, 14.20, 15.26, 2.83, 14.84, 14.75, 15.57, 14.66, 74973.56, 113703787, 4.27, 6.13, 3.54, 2862.8509
2016-10-12, 3, zhong_du, 14.20, 15.24, -0.13, 15.26, 15.20, 15.32, 14.97, 43396.4, 65500578, 2.47, 2.29, 2.05, 466.28094
2016-10-13, 3, zhong_du, 14.20, 15.29, 0.33, 15.24, 15.27, 15.36, 15.04, 30914.52, 46936665, 1.76, 2.10, 1.46, 9799.72696
2016-10-14, 3, zhong_du, 14.38, 15.14, -0.98, 15.29, 15.16, 15.28, 14.82, 29768.08, 44706049, 1.70, 3.01, 1.40, 4026.73411
2016-10-17, 4, gao_du, 14.39, 15.04, -0.66, 15.14, 15.19, 15.24, 14.95, 13004.83, 19644376, 0.74, 1.92, 1.24, 4155.34997
2016-10-18, 3, zhong_du, 14.40, 15.04, -0.66, 15.14, 15.19, 15.24, 14.95, 13004.83, 19644376, 0.74, 1.92, 1.24, 490.23795
2016-10-19, 3, zhong_du, 14.40, , , , , , , , , , , , 487.87403
2016-10-20, 3, zhong_du, 14.41, 14.77, -0.40, 14.83, 14.80, 14.85, 14.56, 18571.82, 27314489, 1.06, 1.96, 0.78, 4531.45695
2016-10-21, 3, zhong_du, 14.42, 14.99, 1.49, 14.77, 14.80, 15.10, 14.67, 34573.99, 51662304, 1.97, 2.91, 1.56, 15499.49312
2016-10-24, 3, zhong_du, 14.42, 14.89, -0.67, 14.99, 14.99, 15.12, 14.81, 22852.58, 34167052, 1.30, 2.07, 0.90, 609.99203
2016-10-25, 3, zhong_du, 14.43, 14.90, 0.07, 14.89, 14.84, 14.98, 14.79, 21077.8, 31376078, 1.20, 1.28, 0.82, 2887.11905
2016-10-26, 3, zhong_du, 14.43, 14.60, -2.01, 14.90, 14.90, 14.94, 14.59, 23907.28, 35187679, 1.36, 2.35, 0.93, 16086.42888
2016-10-27, 3, zhong_du, 14.44, 14.56, -0.27, 14.60, 14.65, 14.72, 14.48, 16924.8, 24677578, 0.96, 1.64, 0.67, 702.76499
2016-10-28, 3, zhong_du, 14.43, 14.10, -3.16, 14.56, 14.44, 14.60, 14.07, 32162.56, 46004738, 1.83, 3.64, 1.26, 653.34392
2016-10-31, 3, zhong_du, 14.43, 14.38, 1.99, 14.10, 14.00, 14.50, 13.94, 29650.08, 42193405, 1.69, 3.97, 1.16, 616.19496
2016-11-01, 3, zhong_du, 14.43, 14.59, 1.46, 14.38, 14.48, 14.78, 14.41, 34708.12, 50832152, 1.98, 2.57, 1.37, 524.83416
2016-11-02, 3, zhong_du, 14.43, 14.49, -0.69, 14.59, 14.50, 14.83, 14.48, 21117.98, 30936285, 1.20, 2.40, 0.83, 469.18988
2016-11-03, 3, zhong_du, 14.44, 14.60, 0.76, 14.49, 14.50, 14.78, 14.49, 21570.58, 31664713, 1.23, 2.00, 0.84, 549.17812
2016-11-04, 3, zhong_du, 14.44, 14.59, -0.07, 14.60, 14.61, 14.77, 14.55, 20777.14, 30439361, 1.18, 1.51, 0.81, 474.86281
2016-11-07, 3, zhong_du, 14.44, 14.55, -0.27, 14.59, 14.51, 14.69, 14.50, 16661.93, 24282194, 0.95, 1.30, 0.66, 2596.67802
2016-11-08, 3, zhong_du, 14.44, 14.45, -0.76, 14.56, 14.58, 14.70, 14.00, 32959.78, 47383197, 1.88, 4.81, 1.30, 399.0531
2016-11-09, 3, zhong_du, 14.44, 14.84, 2.63, 14.46, 14.39, 15.00, 14.00, 48459.5, 70058425, 2.76, 6.92, 1.89, 2543.015
2016-11-10, 3, zhong_du, 14.45, 14.80, -0.27, 14.84, 14.95, 15.05, 14.69, 42437.6, 62967062, 2.42, 2.43, 1.67, 718.28699
2016-11-11, 3, zhong_du, 14.46, 14.85, 0.34, 14.80, 14.81, 14.94, 14.61, 32673.54, 48311038, 1.86, 2.23, 1.28, 16547.41502
2016-11-14, 3, zhong_du, 14.47, 14.86, 0.07, 14.85, 14.92, 14.93, 14.66, 30548.75, 45186695, 1.74, 1.82, 1.21, 451.62416
2016-11-15, 3, zhong_du, 14.54, 15.87, 6.72, 14.87, 14.87, 16.30, 14.75, 90625.09, 141596439, 5.17, 10.42, 7.08, 711.32088
2016-11-16, 3, zhong_du, 14.58, 15.87, 6.72, 14.87, 14.87, 16.30, 14.75, 90625.09, 141596439, 5.17, 10.42, 7.08, 693.15886
2016-11-17, 3, zhong_du, 14.59, 15.87, 6.72, 14.87, 14.87, 16.30, 14.75, 90625.09, 141596439, 5.17, 10.42, 7.08, 520.60699
2016-11-18, 4, gao_du, 14.60, 15.87, 6.72, 14.87, 14.87, 16.30, 14.75, 90625.09, 141596439, 5.17, 10.42, 7.08, 597.11194
2016-11-21, 4, gao_du, 14.61, 15.24, -1.17, 15.42, 15.43, 15.49, 15.20, 27349.31, 41851010, 1.19, 1.88, 1.07, 369.2112
2016-11-22, 3, zhong_du, 14.62, 15.24, 0.00, 15.24, 15.27, 15.38, 15.11, 25632.71, 39063907, 1.11, 1.77, 1.00, 871.85311
2016-11-23, 3, zhong_du, 14.62, 15.11, -0.85, 15.24, 15.30, 15.38, 15.00, 22474.69, 34035104, 0.98, 2.49, 0.88, 569.94915
2016-11-24, 3, zhong_du, 14.63, 14.79, -2.12, 15.11, 15.25, 15.25, 14.62, 32214.13, 48082786, 1.40, 4.17, 1.27, 561.44381
2016-11-25, 2, qing_du, 14.63, 14.44, -2.23, 14.77, 14.83, 14.83, 14.32, 49203.81, 71186752, 2.14, 3.45, 1.94, 596.66204
2016-11-28, 2, qing_du, 14.62, 14.49, 0.42, 14.43, 14.48, 14.58, 14.22, 38682.43, 55678037, 1.68, 2.49, 1.53, 577.92306
2016-11-29, 1, wei_ruo, 14.62, 14.28, -1.45, 14.49, 14.48, 14.48, 14.18, 38042.99, 54337876, 1.65, 2.07, 1.49, 408.47707
2016-11-30, 1, wei_ruo, 14.61, 14.08, -1.40, 14.28, 14.33, 14.33, 14.03, 26735.68, 37724611, 1.16, 2.10, 1.06, 478.61099
2016-12-01, 1, wei_ruo, 14.61, 14.25, 1.21, 14.08, 14.08, 14.38, 14.05, 34442.82, 48809569, 1.08, 2.34, 1.34, 399.27101
2016-12-05, 1, wei_ruo, 14.60, 14.22, -1.04, 14.37, 14.30, 14.39, 14.00, 21303.9, 30331254, 0.67, 2.71, 0.83, 730.92699
2016-12-06, 1, wei_ruo, 14.60, 14.44, 1.55, 14.22, 14.21, 14.61, 14.21, 33092.34, 47970895, 1.04, 2.81, 1.29, 653.6572
2016-12-07, 1, wei_ruo, 14.60, 14.40, -0.28, 14.44, 14.59, 14.59, 14.30, 15819.34, 22743474, 0.49, 2.01, 0.62, 471.28987
2016-12-08, 1, wei_ruo, 14.60, 14.56, 1.11, 14.40, 14.38, 14.65, 14.00, 44589.26, 63862384, 1.40, 4.51, 1.74, 2480.65591
2016-12-09, 1, wei_ruo, 14.60, 14.54, -0.14, 14.56, 14.55, 14.57, 14.40, 22606.3, 32686458, 0.71, 1.17, 0.88, 573.8461
2016-12-12, 1, wei_ruo, 14.59, 13.82, -4.95, 14.54, 14.53, 14.53, 13.78, 33195.34, 46702800, 1.04, 5.16, 1.30, 466.84098
2016-12-13, 1, wei_ruo, 14.58, 13.74, -0.58, 13.82, 13.83, 13.83, 13.41, 22404.37, 30547422, 0.70, 3.04, 0.87, 851.31097
2016-12-14, 1, wei_ruo, 14.58, 13.52, -1.60, 13.74, 13.83, 13.84, 13.52, 17663.88, 24038445, 0.55, 2.33, 0.69, 478.62387
2017-02-07, 1, wei_ruo, 14.40, 13.27, -0.38, 13.32, 13.38, 13.38, 13.22, 3443.2, 4570106, 0.11, 1.20, 0.29, 120812.01982
2017-02-08, 1, wei_ruo, 14.40, 13.40, 0.60, 13.32, 13.38, 13.44, 13.20, 12446.22, 16579007, 0.39, 1.80, 0.49, 660.07209
2017-02-09, 1, wei_ruo, 14.39, 13.43, 0.22, 13.40, 13.40, 13.47, 13.31, 10747.67, 14407570, 0.34, 1.19, 0.42, 578.84502
2017-02-10, 1, wei_ruo, 14.39, 13.75, 2.38, 13.43, 13.43, 13.99, 13.39, 44977.43, 61269425, 1.41, 4.47, 1.76, 556.69594
2017-02-13, 1, wei_ruo, 14.38, 13.67, -0.58, 13.75, 13.75, 13.88, 13.50, 20265.22, 27769462, 0.63, 2.76, 0.79, 4829.05006
2017-02-14, 1, wei_ruo, 14.38, 13.64, -0.22, 13.67, 13.60, 13.72, 13.50, 15967.06, 21669681, 0.50, 1.61, 0.62, 677.42801
2017-02-15, 1, wei_ruo, 14.37, 13.60, -0.29, 13.64, 13.65, 13.70, 13.50, 12564.04, 17052243, 0.39, 1.47, 0.49, 2486.08899
2017-02-16, 1, wei_ruo, 14.37, 13.60, 0.00, 13.60, 13.60, 13.68, 13.52, 13516.8, 18366149, 0.42, 1.18, 0.53, 2777.61412
2017-02-17, 1, wei_ruo, 14.37, 13.57, -0.22, 13.60, 13.54, 13.67, 13.40, 12808.37, 17337446, 0.40, 1.99, 0.50, 530.83014
2017-02-20, 1, wei_ruo, 14.36, 13.62, 0.37, 13.57, 13.58, 13.68, 13.34, 20230.15, 27374047, 0.63, 2.51, 0.79, 602.31209
2017-02-21, 1, wei_ruo, 14.36, 13.73, 0.81, 13.62, 13.62, 13.98, 13.50, 24604.7, 33919186, 0.77, 3.52, 0.96, 954.252
2017-02-22, 1, wei_ruo, 14.35, 13.87, 1.02, 13.73, 13.69, 13.95, 13.69, 24545, 34049096, 0.77, 1.89, 0.96, 4786.88288
2017-02-23, 1, wei_ruo, 14.35, 13.65, -1.59, 13.87, 13.82, 13.93, 13.56, 14717.38, 20168278, 0.46, 2.67, 0.57, 3659.92308
2017-02-24, 1, wei_ruo, 14.35, 13.55, -0.73, 13.65, 13.54, 13.69, 13.49, 19467.63, 26389808, 0.61, 1.47, 0.76, 1013.03887
2017-02-27, 1, wei_ruo, 14.34, 13.54, -0.81, 13.65, 13.54, 13.69, 13.49, 6253.37, 8467730, 0.20, 1.47, 1.33, 1036.23819
2017-02-28, 1, wei_ruo, 14.34, 13.54, -0.81, 13.65, 13.54, 13.69, 13.49, 6253.37, 8467730, 0.20, 1.47, 1.33, 782.05609
2017-03-01, 1, wei_ruo, 14.33, 13.58, 0.59, 13.50, 13.55, 13.80, 13.48, 18459.38, 25162428, 0.58, 2.37, 0.72, 614.71105
2017-03-02, 1, wei_ruo, 14.33, 13.80, 1.62, 13.58, 13.58, 13.80, 13.46, 28357.19, 38702429, 0.89, 2.50, 1.11, 649.63198
2017-03-03, 1, wei_ruo, 14.33, 13.79, -0.07, 13.80, 13.70, 13.90, 13.61, 13663.97, 18790134, 0.43, 2.10, 0.53, 120892.21501
2017-03-06, 2, qing_du, 14.32, 13.88, 0.65, 13.79, 13.75, 13.90, 13.71, 21460.62, 29704408, 0.67, 1.38, 0.84, 2805.60493
2017-03-07, 2, qing_du, 14.32, 13.61, -0.95, 13.74, 13.77, 13.77, 13.57, 7005.24, 9579672, 0.22, 1.46, 0.55, 843.56213
2017-03-08, 3, zhong_du, 14.32, 13.66, -0.58, 13.74, 13.77, 13.77, 13.52, 16117.51, 21954064, 0.50, 1.82, 0.63, 666.89396
2017-03-09, 3, zhong_du, 14.31, 13.80, 1.02, 13.66, 13.63, 13.81, 13.25, 28312.52, 38480964, 0.89, 4.10, 1.11, 2663.51604
2017-03-10, 4, gao_du, 14.31, 13.61, -1.38, 13.80, 13.80, 13.89, 13.60, 9081.28, 12420540, 0.28, 2.10, 0.35, 536.61323
2017-03-13, 4, gao_du, 14.30, 13.70, 0.66, 13.61, 13.65, 13.76, 13.43, 31042.83, 42491849, 0.97, 2.42, 1.21, 630.67508
2017-03-14, 4, gao_du, 14.30, 13.56, -1.02, 13.70, 13.65, 13.85, 13.53, 24098.2, 32962230, 0.75, 2.34, 0.94, 573.75479
2017-03-15, 4, gao_du, 14.29, 13.49, -0.52, 13.56, 13.78, 13.78, 13.49, 23779.43, 32273068, 0.74, 2.14, 0.93, 674.31903
2017-03-16, 3, zhong_du, 14.29, 13.49, 0.00, 13.49, 13.47, 13.57, 13.44, 16513.15, 22280252, 0.52, 0.96, 0.64, 2586.04407
2017-03-17, 3, zhong_du, 14.28, 13.48, -0.07, 13.49, 13.56, 13.56, 13.25, 24261.98, 32534939, 0.76, 2.30, 0.95, 565.32693
2017-03-20, 2, qing_du, 14.28, 13.51, 0.22, 13.48, 13.39, 13.55, 13.35, 19674.19, 26468587, 0.62, 1.48, 0.77, 1423.15507
2017-03-21, 2, qing_du, 14.27, 14.00, 3.63, 13.51, 13.45, 14.40, 13.39, 90608.83, 127214389, 2.83, 7.48, 3.54, 607.25212
2017-03-22, 2, qing_du, 14.26, 13.63, -2.64, 14.00, 13.74, 13.97, 13.51, 48026.68, 65656506, 1.50, 3.29, 1.88, 616.69707
2017-03-23, 2, qing_du, 14.25, 13.40, -1.69, 13.63, 13.55, 13.63, 13.36, 33086.12, 44595157, 1.04, 1.98, 1.29, 540.60316
2017-03-24, 2, qing_du, 14.24, 13.42, 0.15, 13.40, 13.36, 13.45, 13.00, 22196.81, 29685560, 0.69, 3.36, 0.87, 621.27709
2017-03-27, 1, wei_ruo, 14.23, 13.30, -0.89, 13.42, 13.40, 13.42, 13.20, 28951.75, 38552229, 0.91, 1.64, 1.13, 602.18906
2017-03-28, 1, wei_ruo, 14.23, 13.28, -0.15, 13.30, 13.30, 13.38, 13.21, 14537.51, 19339353, 0.45, 1.28, 0.57, 632.19285
2017-03-29, 1, wei_ruo, 14.22, 13.24, -0.30, 13.28, 13.38, 13.38, 13.21, 17845.8, 23684199, 0.56, 1.28, 0.70, 612.33091
2017-03-30, 1, wei_ruo, 14.21, 13.19, -0.38, 13.24, 13.30, 13.32, 13.01, 31132.53, 41197772, 0.97, 2.34, 1.22, 595.34502
2017-03-31, 1, wei_ruo, 14.21, 13.24, 0.38, 13.19, 13.11, 13.25, 13.10, 12071.91, 15933374, 0.38, 1.14, 0.47, 550.20308
2017-04-05, 1, wei_ruo, 14.20, 13.91, 5.06, 13.24, 14.27, 14.48, 13.78, 121359.01, 170541467, 3.80, 5.29, 4.74, 628.53718
2017-04-06, 1, wei_ruo, 14.19, 13.35, -4.03, 13.91, 13.63, 13.78, 13.32, 77309.7, 104326187, 2.42, 3.31, 3.02, 576.05004
2017-04-07, 1, wei_ruo, 14.17, 13.42, 0.52, 13.35, 13.31, 13.52, 13.16, 50637.2, 67338334, 1.58, 2.70, 1.98, 587.47315
2017-04-10, 1, wei_ruo, 14.16, 13.99, 4.25, 13.42, 13.40, 14.24, 13.30, 131866.08, 182752030, 4.13, 7.00, 5.15, 588.413
2017-04-11, 2, qing_du, 14.16, 14.17, 1.29, 13.99, 13.87, 14.60, 13.69, 125204.87, 177809044, 3.92, 6.50, 4.89, 598.70005
2017-04-12, 2, qing_du, 14.14, 13.33, -5.93, 14.17, 13.85, 13.95, 13.20, 78590.62, 105905120, 2.46, 5.29, 3.07, 772.77803
2017-04-13, 2, qing_du, 14.13, 13.76, 3.23, 13.33, 13.22, 13.86, 13.20, 67964.53, 92697461, 2.13, 4.95, 2.65, 665.84396
2017-04-14, 2, qing_du, 14.13, 13.67, -0.65, 13.76, 13.75, 13.99, 13.41, 48039.25, 66022039, 1.50, 4.22, 1.88, 630.79906
2017-04-17, 1, wei_ruo, 14.11, 13.12, -4.02, 13.67, 13.59, 13.59, 12.94, 61688.65, 81057636, 1.93, 4.75, 2.41, 3601.53604
2017-04-18, 1, wei_ruo, 14.10, 13.10, -0.15, 13.12, 13.20, 13.26, 13.05, 25748.79, 33874211, 0.81, 1.60, 1.01, 620.10598
2017-04-19, 1, wei_ruo, 14.09, 13.03, -0.53, 13.10, 13.00, 13.15, 12.56, 25243.37, 32598404, 0.79, 4.50, 0.99, 578.59993
2017-04-20, 1, wei_ruo, 14.08, 12.78, -1.92, 13.03, 13.00, 13.05, 12.60, 24347.37, 31175462, 0.76, 3.45, 0.95, 658.90694
2017-04-21, 1, wei_ruo, 14.08, 12.80, 0.16, 12.78, 12.71, 12.96, 12.71, 9907, 12683749, 0.31, 1.96, 0.39, 544.02208
2017-04-24, 1, wei_ruo, 14.06, 12.73, -0.55, 12.80, 12.80, 12.80, 12.10, 35773, 44558069, 1.12, 5.47, 1.40, 660.00199
2017-04-25, 1, wei_ruo, 14.06, 12.75, 0.16, 12.73, 12.68, 12.95, 12.49, 10630.31, 13563923, 0.33, 3.61, 0.42, 784.58095
2017-04-26, 1, wei_ruo, 14.05, 12.75, 0.00, 12.75, 12.60, 12.78, 12.45, 18637.48, 23467083, 0.58, 2.59, 0.73, 724.58601
2017-04-27, 1, wei_ruo, 14.04, 12.74, -0.08, 12.75, 12.70, 12.78, 12.46, 22125.15, 27893185, 0.69, 2.51, 0.86, 691.72001
2017-04-28, 1, wei_ruo, 14.03, 12.78, 0.31, 12.74, 12.55, 12.95, 12.53, 25788.72, 32832910, 0.81, 3.30, 1.01, 597.84222
2017-05-02, 1, wei_ruo, 14.02, 12.88, 0.78, 12.78, 12.72, 12.93, 12.63, 15980.26, 20554665, 0.50, 2.35, 0.62, 627.45094
2017-05-03, 1, wei_ruo, 14.02, 12.74, -1.09, 12.88, 12.88, 12.88, 12.61, 13497.81, 17180134, 0.42, 2.10, 0.53, 2776.29495
2017-05-04, 1, wei_ruo, 14.01, 12.73, -0.08, 12.74, 12.74, 12.89, 12.58, 21948.49, 28046811, 0.69, 2.43, 0.86, 632.72691
2017-05-05, 1, wei_ruo, 14.00, 12.73, 0.00, 12.73, 12.65, 12.75, 12.45, 23891.21, 30074673, 0.75, 2.36, 0.93, 613.14893
2017-05-11, 1, wei_ruo, 13.96, 12.31, -3.07, 12.70, 12.65, 12.65, 11.93, 16399.23, 20261407, 0.51, 5.67, 0.64, 624.92704
2017-05-12, 1, wei_ruo, 13.95, 12.73, 3.41, 12.31, 12.30, 12.74, 12.24, 21946.73, 27633277, 0.69, 4.06, 0.86, 597.59402
2017-11-14, 1, wei_ruo, 13.93, 12.99, 2.04, 12.73, 13.95, 13.95, 12.81, 112303.26, 149480726, 3.19, 8.96, 5.47, 1093.22119
2017-11-15, 1, wei_ruo, 13.91, 12.83, -1.23, 12.99, 12.71, 13.28, 12.02, 59115.24, 74425013, 1.68, 9.70, 1.51, 699.65315
2017-11-16, 1, wei_ruo, 13.89, 12.75, -0.62, 12.83, 12.60, 12.75, 12.36, 39070.51, 48870000, 1.11, 3.04, 0.85, 848.47403
2017-11-17, 1, wei_ruo, 13.88, 12.65, -0.78, 12.75, 12.65, 12.68, 12.42, 36860.75, 46202076, 1.05, 2.04, 0.74, 692.54613
2017-11-20, 1, wei_ruo, 13.87, 12.39, -2.06, 12.65, 12.71, 12.79, 12.20, 22166, 27513424, 0.63, 4.66, 0.41, 762.42304
2017-11-21, 1, wei_ruo, 13.86, 12.50, 0.89, 12.39, 12.14, 12.52, 12.14, 36709.96, 45257376, 1.04, 3.07, 0.68, 612.28991
2017-11-22, 1, wei_ruo, 13.85, 12.30, -1.60, 12.50, 12.40, 12.40, 12.17, 24481.9, 30030669, 0.69, 1.84, 0.63, 882.86495
2017-11-23, 1, wei_ruo, 13.83, 12.25, -0.41, 12.30, 12.20, 12.30, 12.06, 35735.16, 43523136, 1.01, 1.95, 1.12, 2706.84195
2017-11-24, 1, wei_ruo, 13.82, 12.30, 0.41, 12.25, 12.22, 12.30, 12.04, 20552.54, 25136214, 0.58, 2.12, 0.66, 747.52903
2017-11-27, 1, wei_ruo, 13.82, 12.29, -0.08, 12.30, 12.29, 12.36, 12.11, 9885.89, 12107580, 0.28, 2.03, 0.35, 2647.87292
2017-12-05, 1, wei_ruo, 13.81, 12.29, 0.00, 12.29, 12.50, 12.63, 12.16, 19416.57, 24032157, 0.55, 3.82, 0.76, 719.85793
2017-12-06, 1, wei_ruo, 13.80, 12.33, 0.33, 12.29, 12.02, 12.34, 12.02, 14442.58, 17534673, 0.41, 2.60, 0.66, 851.53913
2017-12-07, 1, wei_ruo, 13.79, 12.29, -0.32, 12.33, 12.23, 12.32, 12.13, 19107.81, 23363924, 0.54, 1.54, 0.96, 2639.75286
2017-12-08, 1, wei_ruo, 13.79, 12.29, 0.00, 12.29, 12.26, 12.35, 12.13, 10170, 12460112, 0.29, 1.79, 0.61, 658.12898
2017-12-11, 1, wei_ruo, 13.77, 12.29, 0.00, 12.29, 12.18, 12.29, 11.81, 39805.09, 48406492, 1.13, 3.91, 2.73, 716.43591
2017-12-12, 1, wei_ruo, 13.76, 12.28, -0.08, 12.29, 12.19, 12.29, 12.14, 21534, 26324290, 0.61, 1.22, 1.05, 2680.50408
2017-12-13, 1, wei_ruo, 13.75, 12.38, 0.81, 12.28, 12.28, 12.50, 12.20, 17075.29, 20989283, 0.48, 2.44, 0.81, 182957.79896
2017-12-14, 1, wei_ruo, 13.75, 12.30, -0.65, 12.38, 12.38, 12.44, 12.24, 6929.54, 8536856, 0.20, 1.62, 0.32, 789.13403
2017-12-15, 1, wei_ruo, 13.74, 12.49, 1.54, 12.30, 12.30, 12.51, 12.25, 25887.2, 32097466, 0.73, 2.11, 1.36, 868.37006
2017-12-18, 1, wei_ruo, 13.74, 12.51, 0.16, 12.49, 12.51, 12.55, 12.32, 10542.27, 13112171, 0.30, 1.84, 0.47, 651.963
2018-01-03, 1, wei_ruo, 13.73, 12.52, 0.08, 12.51, 12.50, 13.26, 12.10, 32601.65, 41230307, 0.93, 9.27, 1.99, 708.82201
2018-01-04, 1, wei_ruo, 13.72, 12.37, -1.20, 12.52, 12.45, 12.50, 12.22, 16086.2, 19852645, 0.46, 2.24, 0.86, 821.84911
2018-01-05, 1, wei_ruo, 13.71, 12.50, 1.05, 12.37, 12.26, 12.66, 12.26, 15347.99, 19226547, 0.44, 3.23, 0.83, 628.46088
2018-01-08, 1, wei_ruo, 13.71, 12.42, -0.64, 12.50, 12.40, 12.65, 12.31, 20721.5, 25815082, 0.59, 2.72, 1.03, 643.30792
2018-01-09, 1, wei_ruo, 13.70, 12.37, -0.40, 12.42, 12.30, 12.45, 12.28, 6833, 8449177, 0.19, 1.37, 0.36, 628.45898
2018-01-10, 1, wei_ruo, 13.70, 12.38, 0.08, 12.37, 12.42, 12.50, 12.25, 7498.02, 9227733, 0.21, 2.02, 0.41, 703.58181
2018-01-11, 1, wei_ruo, 13.70, 12.37, -0.08, 12.38, 12.36, 12.37, 12.20, 13332.99, 16377052, 0.38, 1.37, 1.00, 675.76909
2018-01-12, 1, wei_ruo, 13.69, 12.35, -0.16, 12.37, 12.27, 12.35, 12.15, 14935.01, 18333998, 0.42, 1.62, 1.17, 749.99881
2018-01-15, 1, wei_ruo, 13.69, 12.29, -0.49, 12.35, 12.30, 12.31, 12.17, 9294.97, 11369762, 0.26, 1.13, 0.73, 618.74986
