2015-08-20, 1, wei_ruo, 11.31, 11.87, 10.01, 10.79, 11.87, 11.87, 11.87, 6710.83, 7965755, 0.04, 0.00, 0.02, 811.60498
2015-08-21, 1, wei_ruo, 11.37, 11.56, -2.61, 11.87, 13.06, 13.06, 11.41, 1154328.89, 1425657608, 7.28, 13.90, 3.62, 2867.96808
2015-08-24, 1, wei_ruo, 11.35, 10.40, -10.03, 11.56, 10.70, 10.94, 10.40, 322799.18, 337108603, 2.04, 4.67, 0.79, 1067.64507
2015-08-25, 1, wei_ruo, 11.28, 9.36, -10.00, 10.40, 9.36, 9.57, 9.36, 583684.47, 547613940, 3.68, 2.02, 1.68, 1246.05489
2015-08-26, 1, wei_ruo, 11.20, 8.42, -10.04, 9.36, 9.10, 9.60, 8.42, 520027.78, 465258352, 3.28, 12.61, 1.25, 3345.64805
2015-08-27, 1, wei_ruo, 11.12, 8.34, -0.95, 8.42, 8.50, 8.86, 7.71, 431969.54, 360990800, 2.72, 13.66, 0.83, 1144.78898
2015-08-28, 1, wei_ruo, 11.06, 9.17, 9.95, 8.34, 8.69, 9.17, 8.46, 443946, 391298375, 2.80, 8.51, 0.74, 865.06796
2015-08-31, 1, wei_ruo, 11.02, 9.04, -1.42, 9.17, 9.38, 9.55, 8.99, 361116.64, 334260350, 2.28, 6.11, 0.78, 1186.306
2015-09-01, 1, wei_ruo, 10.96, 8.14, -9.96, 9.04, 9.05, 9.15, 8.14, 335637.79, 285566218, 2.12, 11.17, 0.72, 1275.74897
2015-09-02, 1, wei_ruo, 10.90, 7.74, -4.91, 8.14, 7.57, 8.41, 7.52, 294541.17, 233347048, 1.86, 10.93, 0.70, 1266.37888
2015-09-02, 1, wei_ruo, 10.90, 7.74, -4.91, 8.14, 7.57, 8.41, 7.52, 294541.17, 233347048, 1.86, 10.93, 0.70, 1022.89796
2015-09-02, 1, wei_ruo, 10.90, 7.74, -4.91, 8.14, 7.57, 8.41, 7.52, 294541.17, 233347048, 1.86, 10.93, 0.70, 906.811
2015-09-07, 1, wei_ruo, 10.86, 8.10, 4.65, 7.74, 8.01, 8.39, 7.98, 265674.35, 216622996, 1.68, 5.30, 0.71, 1031.02612
2015-09-08, 1, wei_ruo, 10.82, 8.74, 7.90, 8.10, 8.10, 8.78, 8.01, 254823.18, 214220851, 1.61, 9.51, 0.75, 1065.238
2015-09-09, 1, wei_ruo, 10.78, 9.11, 4.23, 8.74, 9.00, 9.28, 8.81, 338638.72, 307100961, 2.14, 5.38, 1.12, 1013.00907
2015-09-10, 1, wei_ruo, 10.74, 9.39, 3.07, 9.11, 8.90, 9.90, 8.84, 440573.25, 417573551, 2.78, 11.64, 1.48, 1061.66196
2015-09-11, 1, wei_ruo, 10.72, 9.27, -1.28, 9.39, 9.40, 9.49, 9.05, 215514.09, 198739375, 1.36, 4.69, 0.68, 1209.04303
2015-09-14, 1, wei_ruo, 10.69, 8.34, -10.03, 9.27, 9.27, 9.35, 8.34, 249777.93, 218220710, 1.57, 10.90, 0.82, 1056.41699
2015-09-15, 1, wei_ruo, 10.65, 7.63, -8.51, 8.34, 8.02, 8.30, 7.55, 228714.34, 180889820, 1.44, 8.99, 0.76, 1226.31192
2015-09-16, 1, wei_ruo, 10.61, 8.39, 9.96, 7.63, 7.71, 8.39, 7.67, 247714.79, 198052374, 1.56, 9.44, 0.84, 975.81005
2015-09-17, 1, wei_ruo, 10.57, 8.23, -1.91, 8.39, 8.40, 8.85, 8.16, 284066.07, 242715934, 1.79, 8.22, 1.03, 1798.83814
2015-09-18, 1, wei_ruo, 10.55, 8.62, 4.74, 8.23, 8.39, 8.64, 8.30, 188933.97, 160087599, 1.19, 4.13, 0.77, 1019.65404
2015-09-21, 1, wei_ruo, 10.53, 9.00, 4.41, 8.62, 8.49, 9.03, 8.41, 199535.02, 176927553, 1.26, 7.19, 0.83, 1021.11197
2015-09-22, 1, wei_ruo, 10.50, 9.09, 1.00, 9.00, 9.01, 9.14, 8.82, 233267.52, 210612249, 1.47, 3.56, 1.02, 1171.031
2015-09-23, 1, wei_ruo, 10.48, 9.09, 0.00, 9.09, 8.92, 9.60, 8.90, 270535.26, 249081257, 1.71, 7.70, 1.17, 1001.82605
2015-09-30, 1, wei_ruo, 10.41, 9.59, 0.63, 9.53, 9.55, 9.75, 9.45, 146513.69, 140491680, 0.92, 3.15, 0.52, 1034.08003
2015-10-08, 1, wei_ruo, 10.40, 9.78, 1.98, 9.59, 9.87, 9.97, 9.56, 276349.04, 270249602, 1.74, 4.28, 1.08, 873.11697
2015-10-14, 1, wei_ruo, 10.36, 9.70, -3.58, 10.06, 10.03, 10.12, 9.67, 255035.74, 252257696, 1.61, 4.47, 0.91, 1114.54701
2015-10-15, 1, wei_ruo, 10.35, 10.26, 5.77, 9.70, 9.61, 10.36, 9.58, 318764.89, 321470632, 2.01, 8.04, 1.05, 902.97389
2015-10-16, 1, wei_ruo, 10.36, 10.59, 3.22, 10.26, 10.55, 10.72, 10.29, 396596.61, 416286558, 2.50, 4.19, 1.28, 1273.0639
2015-10-19, 1, wei_ruo, 10.37, 11.65, 10.01, 10.59, 11.20, 11.65, 11.10, 225510.16, 259531607, 1.42, 5.19, 0.66, 1170.46809
2015-10-29, 4, gao_du, 10.85, 12.99, -0.84, 13.10, 13.23, 13.47, 12.68, 261295.46, 339794318, 1.65, 6.03, 0.51, 1077.71897
2015-10-30, 4, gao_du, 10.87, 12.82, -1.31, 12.99, 12.98, 13.20, 12.61, 162034.27, 209512900, 1.02, 4.54, 0.37, 1062.10399
2015-11-02, 4, gao_du, 10.90, 11.54, -9.98, 12.82, 12.48, 12.48, 11.54, 444522.33, 528117664, 2.80, 7.33, 1.22, 1172.28508
2015-11-03, 3, zhong_du, 10.91, 11.32, -1.91, 11.54, 11.53, 11.80, 11.11, 245071.44, 280800866, 1.55, 5.98, 0.69, 3757.17115
2015-11-04, 3, zhong_du, 10.93, 11.88, 4.95, 11.32, 11.54, 12.05, 11.45, 443419.97, 520406685, 2.80, 5.30, 1.34, 1386.89208
2015-11-05, 3, zhong_du, 10.96, 11.67, -1.77, 11.88, 11.84, 11.95, 11.53, 438774.23, 513693180, 2.77, 3.54, 1.41, 1292.36698
2015-11-06, 3, zhong_du, 10.98, 12.13, 3.94, 11.67, 11.74, 12.23, 11.68, 392346.22, 470174676, 2.47, 4.71, 1.13, 1208.64797
2015-11-09, 3, zhong_du, 11.03, 12.88, 6.18, 12.13, 12.06, 13.12, 11.98, 423460.81, 532976659, 2.67, 9.40, 1.08, 17065.41395
2015-11-10, 4, gao_du, 11.08, 13.20, 2.48, 12.88, 12.75, 13.45, 12.61, 379724.43, 499117015, 2.39, 6.52, 0.98, 420.46404
2015-11-11, 4, gao_du, 11.08, 13.00, -1.52, 13.20, 13.40, 13.40, 12.72, 316681.72, 410308401, 2.00, 5.15, 0.76, 300.58408
2015-11-12, 5, qiang_lie, 11.14, 12.84, -1.23, 13.00, 13.04, 13.17, 12.57, 258400.64, 331191497, 1.63, 4.62, 0.66, 857.548
2015-11-13, 5, qiang_lie, 11.18, 12.88, 0.31, 12.84, 12.72, 13.45, 12.63, 311121.39, 403299763, 1.96, 6.39, 0.88, 1221.66991
2015-11-16, 5, qiang_lie, 11.21, 13.21, 2.56, 12.88, 12.74, 13.22, 12.56, 300501.52, 389552304, 1.89, 5.12, 0.89, 3624.33195
2015-11-17, 5, qiang_lie, 11.26, 13.27, 0.45, 13.21, 13.21, 13.53, 13.03, 391984.56, 520366551, 2.47, 3.79, 1.25, 1051.92709
2015-11-18, 5, qiang_lie, 11.30, 12.40, -6.56, 13.27, 13.37, 13.37, 12.16, 390241.96, 496919583, 2.46, 9.12, 1.24, 1519.47093
2015-11-19, 5, qiang_lie, 11.33, 12.26, -1.13, 12.40, 12.44, 12.49, 11.70, 534397.28, 641341298, 3.37, 6.37, 1.62, 16938.50207
2015-11-20, 5, qiang_lie, 11.36, 12.68, 3.43, 12.26, 12.19, 12.68, 12.06, 466898.67, 581531229, 2.94, 5.06, 1.21, 17015.08808
2015-11-23, 5, qiang_lie, 11.40, 12.84, 1.26, 12.68, 12.67, 13.27, 12.50, 367157.68, 472304391, 2.31, 6.07, 0.88, 1708.74286
2015-11-24, 5, qiang_lie, 11.42, 13.03, 1.48, 12.84, 12.93, 13.19, 12.50, 269001.92, 347148849, 1.70, 5.37, 0.63, 2451.55001
2015-11-25, 5, qiang_lie, 11.46, 12.95, -0.61, 13.03, 13.14, 13.19, 12.85, 396568.67, 517651609, 2.50, 2.61, 0.98, 2977.33212
2015-11-26, 5, qiang_lie, 11.49, 12.70, -1.93, 12.95, 13.08, 13.38, 12.62, 340831.91, 440850954, 2.15, 5.87, 0.84, 932.21402
2015-11-27, 5, qiang_lie, 11.50, 11.95, -5.91, 12.70, 12.50, 12.90, 11.63, 281353.64, 347683974, 1.77, 10.00, 0.76, 963.907
2015-11-30, 5, qiang_lie, 11.51, 11.87, -0.67, 11.95, 11.96, 12.06, 11.30, 159153.18, 187182198, 1.00, 6.36, 0.48, 3192.92593
2015-12-01, 5, qiang_lie, 11.52, 12.18, 2.61, 11.87, 11.81, 12.46, 11.78, 203846.93, 249493428, 1.29, 5.73, 0.79, 1150.02513
2015-12-02, 5, qiang_lie, 11.53, 12.51, -0.32, 12.55, 12.60, 12.83, 12.00, 189984.39, 236409164, 1.20, 6.61, 0.66, 1342.28301
2015-12-03, 5, qiang_lie, 11.53, 12.96, 3.60, 12.51, 12.59, 13.00, 12.50, 234638.08, 300920865, 1.48, 4.00, 0.96, 829.58293
2015-12-04, 5, qiang_lie, 11.85, 13.10, 1.08, 12.96, 13.00, 13.28, 12.86, 326918.26, 427285765, 2.06, 3.24, 1.46, 2927.6278
2015-12-07, 5, qiang_lie, 11.88, 13.31, 1.60, 13.10, 13.01, 13.43, 12.75, 460081.61, 603350964, 2.90, 5.19, 1.98, 640.93804
2015-12-08, 5, qiang_lie, 11.90, 12.80, -3.83, 13.31, 13.05, 13.31, 12.69, 250807.35, 323708978, 1.58, 4.66, 0.86, 750.76199
2015-12-09, 5, qiang_lie, 11.91, 12.61, -1.48, 12.80, 12.78, 13.19, 12.44, 245860.9, 315905948, 1.55, 5.86, 0.84, 647.16411
2015-12-10, 4, gao_du, 11.92, 12.45, -1.27, 12.61, 12.50, 12.75, 12.28, 218244.42, 272715811, 1.37, 3.73, 0.72, 844.99598
2015-12-11, 4, gao_du, 11.93, 12.63, 1.45, 12.45, 12.60, 12.80, 12.39, 241710.96, 304103837, 1.52, 3.29, 0.80, 973.3119
2015-12-14, 4, gao_du, 11.96, 13.38, 5.94, 12.63, 12.50, 13.38, 12.47, 384091.46, 496907897, 2.42, 7.21, 1.36, 869.83299
2015-12-15, 4, gao_du, 12.01, 13.63, 1.87, 13.38, 13.30, 13.70, 13.22, 461528.41, 621715790, 2.91, 3.59, 1.72, 2978.6458
2015-12-16, 5, qiang_lie, 12.05, 13.80, 1.25, 13.63, 13.68, 13.97, 13.33, 444367.8, 609620835, 2.80, 4.70, 1.43, 3683.84004
2015-12-17, 5, qiang_lie, 12.10, 13.79, -0.07, 13.80, 13.69, 14.08, 13.60, 433222.78, 599275051, 2.73, 3.48, 1.24, 2828.40681
2015-12-18, 5, qiang_lie, 12.15, 14.10, 2.25, 13.79, 13.79, 14.32, 13.73, 387917.58, 543992152, 2.44, 4.28, 0.99, 839.98609
2015-12-21, 5, qiang_lie, 12.20, 13.93, -1.21, 14.10, 14.09, 14.54, 13.82, 391699.21, 557672522, 2.47, 5.11, 0.93, 3422.79792
2015-12-22, 5, qiang_lie, 12.23, 13.95, 0.14, 13.93, 14.01, 14.22, 13.58, 307478.63, 425672707, 1.94, 4.59, 0.73, 849.31087
2015-12-23, 5, qiang_lie, 12.26, 13.84, -0.79, 13.95, 13.99, 14.18, 13.71, 254373.23, 354735720, 1.60, 3.37, 0.65, 2933.6319
2015-12-24, 5, qiang_lie, 12.31, 14.50, 4.77, 13.84, 13.89, 14.63, 13.89, 435859.8, 624478315, 2.75, 5.35, 1.23, 1060.35185
2015-12-25, 5, qiang_lie, 12.35, 14.40, -0.69, 14.50, 14.51, 14.72, 14.31, 250180.72, 362518375, 1.58, 2.83, 0.70, 979.01511
2015-12-28, 5, qiang_lie, 12.38, 13.40, -6.94, 14.40, 14.47, 14.50, 13.35, 355508.71, 494878459, 2.24, 7.99, 1.08, 4921.94796
2015-12-29, 5, qiang_lie, 12.39, 13.50, 0.75, 13.40, 13.49, 13.77, 13.36, 181899.6, 246265398, 1.15, 3.06, 0.57, 901.42393
2015-12-30, 5, qiang_lie, 12.40, 13.41, -0.67, 13.50, 13.46, 13.68, 13.25, 154118.03, 207372341, 0.97, 3.19, 0.48, 2854.64811
2015-12-31, 4, gao_du, 12.41, 12.69, -5.37, 13.41, 13.39, 13.46, 12.63, 315152.71, 408192541, 1.98, 6.19, 0.98, 1370.13292
2016-01-04, 3, zhong_du, 12.41, 11.42, -10.01, 12.69, 12.78, 12.93, 11.42, 164910.44, 201023137, 1.04, 11.90, 0.80, 995.46909
2016-01-05, 2, qing_du, 12.38, 10.86, -4.90, 11.42, 11.02, 11.48, 10.30, 336147.88, 368063516, 2.12, 10.33, 1.05, 911.10396
2016-01-06, 2, qing_du, 12.35, 11.07, 1.93, 10.86, 10.86, 11.20, 10.70, 311739.11, 340824876, 1.96, 4.60, 0.97, 1057.46508
2016-01-07, 1, wei_ruo, 12.34, 9.96, -10.03, 11.07, 10.96, 10.96, 9.96, 72034.81, 74143546, 0.45, 9.03, 1.86, 1193.91394
2016-01-08, 1, wei_ruo, 12.34, 9.80, -1.61, 9.96, 10.16, 10.28, 9.10, 367987.05, 360869182, 2.32, 11.85, 1.15, 1719.23709
2016-01-11, 1, wei_ruo, 12.22, 8.82, -10.00, 9.80, 9.40, 9.66, 8.82, 272748.53, 250087467, 1.72, 8.57, 0.85, 2951.13182
2016-01-12, 1, wei_ruo, 12.17, 8.83, 0.11, 8.82, 8.99, 9.04, 8.42, 255872.45, 224457733, 1.61, 7.03, 0.80, 4851.69387
2016-01-13, 1, wei_ruo, 12.11, 8.52, -3.51, 8.83, 9.10, 9.28, 8.50, 259769.55, 230668338, 1.64, 8.83, 0.81, 893.69392
2016-01-14, 1, wei_ruo, 12.05, 8.82, 3.52, 8.52, 8.10, 8.85, 7.96, 279643.75, 236246912, 1.76, 10.45, 0.87, 1180.61495
2016-01-15, 1, wei_ruo, 12.00, 8.25, -6.46, 8.82, 8.72, 8.90, 8.06, 239741.81, 202219397, 1.51, 9.52, 0.75, 1137.18009
2016-01-18, 1, wei_ruo, 11.94, 8.49, 2.91, 8.25, 8.00, 8.74, 7.91, 238624.07, 200674921, 1.50, 10.06, 0.74, 3052.20103
2016-01-19, 1, wei_ruo, 11.89, 8.93, 5.18, 8.49, 8.50, 8.99, 8.42, 273470.02, 238902357, 1.72, 6.71, 0.85, 4026.98493
2016-01-20, 1, wei_ruo, 11.84, 8.80, -1.46, 8.93, 8.88, 8.93, 8.59, 247061.88, 216123781, 1.56, 3.81, 0.77, 953.72105
2016-01-21, 1, wei_ruo, 11.79, 8.29, -5.80, 8.80, 8.54, 8.99, 8.25, 239420.37, 207136799, 1.51, 8.41, 0.75, 1143.013
2016-01-22, 1, wei_ruo, 11.75, 8.38, 1.09, 8.29, 8.42, 8.56, 8.08, 181388.59, 150818409, 1.14, 5.79, 0.57, 1203.20106
2016-01-25, 1, wei_ruo, 11.72, 8.50, 1.43, 8.38, 8.45, 8.65, 8.37, 147497.11, 125755850, 0.93, 3.34, 0.46, 4206.73919
2016-01-26, 1, wei_ruo, 11.67, 7.65, -10.00, 8.50, 8.40, 8.40, 7.65, 219933.31, 175523277, 1.39, 8.82, 0.69, 756.96206
2016-01-27, 1, wei_ruo, 11.59, 7.44, -2.75, 7.65, 7.77, 7.78, 7.02, 282900.68, 208077073, 1.78, 9.93, 0.88, 2288.92589
2016-01-28, 1, wei_ruo, 11.54, 7.24, -2.69, 7.44, 7.30, 7.47, 7.16, 168181.15, 123055857, 1.06, 4.17, 0.52, 1246.84405
2016-01-29, 1, wei_ruo, 11.50, 7.53, 4.01, 7.24, 7.28, 7.62, 7.23, 185754.15, 138504511, 1.17, 5.39, 0.58, 1478.791
2016-02-01, 1, wei_ruo, 11.47, 7.40, -1.73, 7.53, 7.50, 7.56, 7.25, 120606.01, 89642079, 0.76, 4.12, 0.38, 1176.21613
2016-02-02, 1, wei_ruo, 11.42, 7.70, 4.05, 7.40, 7.40, 7.80, 7.40, 167825.15, 128417444, 1.06, 5.41, 0.52, 1231.3838
2016-02-03, 1, wei_ruo, 11.39, 7.67, -0.39, 7.70, 7.60, 7.73, 7.47, 144569.5, 109666080, 0.91, 3.38, 0.45, 1640.2061
2016-02-04, 1, wei_ruo, 11.35, 7.87, 2.61, 7.67, 7.73, 7.96, 7.66, 191964.56, 150935138, 1.21, 3.91, 0.60, 4466.20989
2016-02-05, 1, wei_ruo, 11.32, 7.83, -0.51, 7.87, 7.89, 7.98, 7.77, 127769.31, 100647856, 0.80, 2.67, 0.40, 2849.60604
2016-02-15, 1, wei_ruo, 11.29, 7.78, -0.64, 7.83, 7.50, 7.86, 7.40, 130162.09, 99627567, 0.82, 5.87, 0.41, 1369.1051
2016-02-16, 1, wei_ruo, 11.25, 8.17, 5.01, 7.78, 7.86, 8.25, 7.81, 179322.79, 145130549, 1.13, 5.66, 0.56, 1374.99309
2016-02-17, 1, wei_ruo, 11.20, 8.63, 5.63, 8.17, 8.25, 8.69, 8.16, 296901.55, 253147767, 1.87, 6.49, 0.93, 1188.87901
2016-02-18, 1, wei_ruo, 11.17, 8.49, -1.62, 8.63, 8.67, 8.79, 8.45, 168067.99, 143947769, 1.06, 3.94, 0.52, 958.87518
2016-02-19, 1, wei_ruo, 11.15, 8.93, 5.18, 8.49, 8.54, 9.05, 8.38, 159955.36, 138895478, 1.01, 7.89, 0.63, 2786.43394
2016-02-22, 1, wei_ruo, 11.15, 8.92, 0.56, 8.87, 8.90, 9.10, 8.73, 229575.24, 204381175, 1.45, 4.17, 1.17, 1209.12004
2016-02-23, 1, wei_ruo, 11.02, 8.70, -2.47, 8.92, 8.92, 8.95, 8.60, 179497.52, 156396189, 1.13, 3.92, 0.83, 4119.73596
2016-02-24, 1, wei_ruo, 10.99, 8.68, -0.23, 8.70, 8.67, 8.72, 8.44, 152509.47, 130753992, 0.96, 3.22, 0.71, 1944.53907
2016-02-25, 1, wei_ruo, 10.95, 7.81, -10.02, 8.68, 8.73, 8.73, 7.81, 233347.34, 190491463, 1.47, 10.60, 1.25, 916.93497
2016-02-26, 1, wei_ruo, 10.92, 7.77, -0.51, 7.81, 7.90, 7.98, 7.55, 161808.36, 126389021, 1.02, 5.51, 0.81, 930.61018
2016-02-29, 1, wei_ruo, 10.88, 7.20, -7.34, 7.77, 7.77, 7.81, 7.08, 195476.39, 141840395, 1.23, 9.40, 1.02, 963.79685
2016-03-01, 1, wei_ruo, 10.83, 7.30, 1.39, 7.20, 7.24, 7.41, 6.92, 215370.28, 153902081, 1.36, 6.81, 1.17, 1744.36998
2016-03-02, 1, wei_ruo, 10.77, 7.65, 4.79, 7.30, 7.22, 7.68, 7.18, 287937.88, 214572494, 1.81, 6.85, 1.50, 975.19207
2016-03-03, 1, wei_ruo, 10.72, 7.74, 1.18, 7.65, 7.58, 7.83, 7.53, 238534.31, 183775148, 1.50, 3.92, 1.09, 2400.36893
2016-03-04, 1, wei_ruo, 10.68, 7.38, -4.65, 7.74, 7.66, 8.03, 7.33, 218083.25, 167048161, 1.37, 9.04, 0.99, 2743.536
2016-03-07, 1, wei_ruo, 10.64, 7.67, 3.93, 7.38, 7.63, 7.77, 7.49, 177982.62, 135851637, 1.12, 3.79, 0.77, 2752.4879
2016-03-08, 1, wei_ruo, 10.61, 7.81, 1.83, 7.67, 7.68, 7.85, 7.30, 190516.9, 145298805, 1.20, 7.17, 0.84, 682.23619
2016-03-09, 1, wei_ruo, 10.58, 7.56, -3.20, 7.81, 7.60, 7.95, 7.43, 151934.46, 116337788, 0.96, 6.66, 0.68, 6553.19619
2016-03-10, 1, wei_ruo, 10.55, 7.52, -0.53, 7.56, 7.77, 7.85, 7.50, 160544.28, 123280361, 1.01, 4.63, 0.82, 471.63296
2016-03-11, 1, wei_ruo, 10.53, 7.41, -1.46, 7.52, 7.36, 7.53, 7.31, 103097.73, 76322691, 0.65, 2.93, 0.57, 784.43384
2016-03-14, 1, wei_ruo, 10.50, 7.69, 3.78, 7.41, 7.52, 7.79, 7.47, 176665.94, 135687243, 1.11, 4.32, 1.13, 1055.43804
2016-03-15, 1, wei_ruo, 10.47, 7.70, 0.13, 7.69, 7.81, 7.81, 7.58, 135613.27, 104506802, 0.85, 2.99, 0.87, 917.79804
2016-03-16, 1, wei_ruo, 10.45, 7.63, -0.91, 7.70, 7.72, 7.88, 7.55, 121827.83, 93719034, 0.77, 4.29, 0.84, 1764.27579
2016-03-17, 1, wei_ruo, 10.41, 7.88, 3.28, 7.63, 7.66, 7.89, 7.62, 243843.29, 189751546, 1.54, 3.54, 1.75, 740.25297
2016-03-18, 1, wei_ruo, 10.34, 8.59, 9.01, 7.88, 7.90, 8.67, 7.86, 529270.84, 445314710, 3.33, 10.28, 3.39, 600.24691
2016-03-21, 1, wei_ruo, 10.30, 8.79, 2.33, 8.59, 8.56, 8.79, 8.46, 422145.37, 365127180, 2.66, 3.84, 1.75, 572.60203
2016-03-22, 2, qing_du, 10.28, 8.61, -2.05, 8.79, 8.72, 8.76, 8.57, 214277.17, 185859205, 1.35, 2.16, 0.74, 2684.59702
2016-03-23, 2, qing_du, 10.25, 8.71, 1.16, 8.61, 8.52, 8.83, 8.52, 271209.52, 236029729, 1.71, 3.60, 0.89, 760.2551
2016-03-24, 3, zhong_du, 10.23, 8.54, -1.95, 8.71, 8.60, 8.95, 8.49, 237336.6, 206145495, 1.49, 5.28, 0.71, 580.93286
2016-03-25, 3, zhong_du, 10.21, 8.62, 0.94, 8.54, 8.50, 8.64, 8.44, 125209.09, 107024413, 0.79, 2.34, 0.37, 2683.12597
2016-03-28, 3, zhong_du, 10.19, 8.63, 0.12, 8.62, 8.64, 8.92, 8.57, 252432.84, 220757540, 1.59, 4.06, 0.99, 4394.64808
2016-03-29, 3, zhong_du, 10.16, 8.22, -4.75, 8.63, 8.52, 8.63, 8.09, 217530.62, 180868055, 1.37, 6.26, 0.99, 700.95086
2016-03-30, 3, zhong_du, 10.14, 8.56, 4.14, 8.22, 8.32, 8.58, 8.26, 179023.4, 150946041, 1.13, 3.89, 0.81, 1200.00315
2016-03-31, 3, zhong_du, 10.12, 8.72, 1.87, 8.56, 8.59, 8.84, 8.53, 268185.54, 232752956, 1.69, 3.62, 1.33, 1035.29191
2016-04-01, 3, zhong_du, 10.10, 8.59, -1.49, 8.72, 8.64, 8.69, 8.32, 178105.82, 152116634, 1.12, 4.24, 0.85, 2644.66715
2016-04-05, 3, zhong_du, 10.07, 8.84, 2.91, 8.59, 8.59, 8.86, 8.48, 307920.41, 267883232, 1.94, 4.42, 1.41, 422.94216
2016-04-06, 3, zhong_du, 10.05, 8.77, -0.79, 8.84, 8.78, 8.82, 8.62, 263377.71, 229851343, 1.66, 2.26, 1.14, 717.031
2016-04-07, 4, gao_du, 10.04, 8.57, -2.28, 8.77, 8.77, 8.79, 8.56, 157606.58, 136533180, 0.99, 2.62, 0.66, 1710.74605
2016-04-08, 4, gao_du, 10.02, 8.48, -1.05, 8.57, 8.48, 8.70, 8.33, 173733.62, 147180495, 1.09, 4.32, 0.74, 774.6551
2016-04-11, 4, gao_du, 10.00, 8.63, 1.77, 8.48, 8.59, 8.74, 8.54, 224548.07, 194556911, 1.41, 2.36, 1.04, 485.32605
2016-04-12, 4, gao_du, 9.99, 8.54, -1.04, 8.63, 8.61, 8.67, 8.42, 131350.74, 111993933, 0.83, 2.90, 0.58, 2485.71086
2016-04-13, 4, gao_du, 9.97, 8.70, 1.87, 8.54, 8.55, 8.77, 8.55, 234418.22, 204052747, 1.48, 2.58, 1.23, 4288.98597
2016-04-14, 4, gao_du, 9.95, 9.06, 4.14, 8.70, 8.73, 9.14, 8.70, 400020.79, 358235996, 2.52, 5.06, 2.17, 504.70495
2016-05-23, 4, gao_du, 9.80, 8.25, -8.13, 8.98, 8.30, 8.48, 8.08, 546999.57, 448884488, 3.45, 4.45, 2.35, 2789.253
2016-05-24, 4, gao_du, 9.76, 7.90, -4.24, 8.25, 8.09, 8.12, 7.68, 381987.18, 300661996, 2.41, 5.33, 1.24, 4638.60798
2016-05-25, 3, zhong_du, 9.73, 7.70, -2.53, 7.90, 7.90, 7.94, 7.69, 199313.94, 155550508, 1.26, 3.16, 0.65, 6374.228
2016-05-26, 3, zhong_du, 9.70, 7.61, -1.17, 7.70, 7.70, 7.78, 7.34, 243987.25, 183193069, 1.54, 5.71, 0.79, 7232.01108
2016-05-27, 2, qing_du, 9.68, 7.55, -0.79, 7.61, 7.54, 7.64, 7.51, 154135.74, 116595757, 0.97, 1.71, 0.50, 10163.93209
2016-05-30, 1, wei_ruo, 9.66, 7.62, 0.93, 7.55, 7.58, 7.82, 7.55, 168992.31, 130158128, 1.06, 3.58, 0.55, 3993.04795
2016-05-31, 1, wei_ruo, 9.63, 7.86, 3.15, 7.62, 7.60, 7.87, 7.58, 262863.02, 204477502, 1.66, 3.81, 0.85, 663.903
2016-06-01, 1, wei_ruo, 9.60, 7.87, 0.13, 7.86, 7.88, 7.92, 7.79, 209935.22, 164875237, 1.32, 1.65, 0.68, 743.87789
2016-06-02, 2, qing_du, 9.60, 8.66, 10.04, 7.87, 7.84, 8.66, 7.83, 506092.88, 418792589, 3.19, 10.55, 1.65, 2089.07795
2016-06-03, 3, zhong_du, 9.53, 8.57, -1.04, 8.66, 8.75, 8.88, 8.39, 576095.96, 497912656, 3.63, 5.66, 1.87, 5599.60413
2016-06-06, 3, zhong_du, 9.51, 8.76, 2.22, 8.57, 8.58, 8.77, 8.49, 327329.13, 282466821, 2.06, 3.27, 1.06, 2824.99599
2016-06-07, 4, gao_du, 9.50, 8.74, -0.23, 8.76, 8.74, 8.87, 8.57, 273658.9, 237835327, 1.72, 3.42, 0.89, 9059.32212
2016-06-08, 5, qiang_lie, 9.49, 8.54, -2.29, 8.74, 8.70, 8.75, 8.46, 218140.94, 187651957, 1.37, 3.32, 0.71, 4616.06598
2016-06-13, 4, gao_du, 9.46, 7.70, -9.84, 8.54, 8.40, 8.42, 7.70, 314710.3, 255949818, 1.98, 8.43, 1.02, 2019.11283
2016-06-14, 3, zhong_du, 9.44, 7.71, 0.13, 7.70, 7.69, 7.75, 7.56, 152275.03, 116740533, 0.96, 2.47, 0.50, 2912.24384
2016-06-15, 2, qing_du, 9.42, 7.91, 2.59, 7.71, 7.58, 8.04, 7.52, 213744.44, 168418716, 1.35, 6.74, 0.70, 7962.73088
2016-06-16, 2, qing_du, 9.40, 7.93, 0.25, 7.91, 7.91, 8.13, 7.87, 191027.66, 152283316, 1.20, 3.29, 0.62, 3902.75311
2016-06-17, 2, qing_du, 9.38, 7.89, -0.50, 7.93, 7.93, 8.08, 7.78, 186686.6, 148173445, 1.18, 3.78, 0.61, 5504.10986
2016-06-20, 2, qing_du, 9.37, 7.81, -1.01, 7.89, 7.88, 7.93, 7.68, 155371.25, 120717537, 0.98, 3.17, 0.51, 4099.46585
2016-06-21, 2, qing_du, 9.35, 7.83, 0.26, 7.81, 7.87, 8.10, 7.78, 215481.82, 170614946, 1.36, 4.10, 0.70, 1176.43404
2016-06-22, 2, qing_du, 9.33, 7.98, 1.92, 7.83, 7.77, 8.04, 7.77, 165907.5, 131318198, 1.04, 3.45, 0.54, 915.70807
2016-06-23, 2, qing_du, 9.30, 8.34, 4.51, 7.98, 7.94, 8.46, 7.94, 393325.54, 325785759, 2.48, 6.52, 1.28, 1228.20997
2016-06-24, 2, qing_du, 9.28, 8.11, -2.76, 8.34, 8.31, 8.31, 7.70, 330461.12, 266750746, 2.08, 7.31, 1.07, 766.19411
2016-06-27, 2, qing_du, 9.26, 8.35, 2.96, 8.11, 7.99, 8.39, 7.98, 236581.71, 195255045, 1.49, 5.06, 0.77, 1381.55389
2016-06-28, 3, zhong_du, 9.25, 8.36, 0.12, 8.35, 8.26, 8.42, 8.20, 217086.76, 180465086, 1.37, 2.63, 0.71, 863.22188
2016-06-30, 3, zhong_du, 9.23, 8.38, 0.84, 8.31, 8.33, 8.38, 8.19, 184310.41, 152606899, 1.16, 2.29, 0.60, 3194.29994
2016-07-01, 3, zhong_du, 9.22, 8.26, -1.43, 8.38, 8.38, 8.53, 8.24, 188650.49, 157807299, 1.19, 3.46, 0.61, 645.65682
2016-07-04, 3, zhong_du, 9.20, 8.39, 1.57, 8.26, 8.29, 8.46, 8.24, 217145.11, 181658487, 1.37, 2.66, 0.71, 2894.37413
2016-07-05, 3, zhong_du, 9.19, 8.42, 0.36, 8.39, 8.42, 8.47, 8.34, 205642.46, 172791052, 1.30, 1.55, 0.67, 676.20397
2016-07-06, 3, zhong_du, 9.19, 8.44, 0.24, 8.42, 8.40, 8.48, 8.34, 181354.79, 152618407, 1.14, 1.66, 0.59, 2907.82499
2016-07-07, 3, zhong_du, 9.17, 8.60, 1.90, 8.44, 8.44, 8.68, 8.38, 275774.28, 235927463, 1.74, 3.55, 0.90, 866.84799
2016-07-08, 3, zhong_du, 9.17, 8.44, -1.86, 8.60, 8.57, 8.57, 8.42, 158017.3, 133892476, 1.00, 1.74, 0.51, 9185.52589
2016-07-11, 3, zhong_du, 9.16, 8.50, 0.71, 8.44, 8.57, 8.78, 8.49, 271442.83, 234682306, 1.71, 3.44, 0.88, 1362.65421
2016-07-12, 3, zhong_du, 9.15, 8.54, 0.47, 8.50, 8.50, 8.59, 8.29, 190577.53, 160982730, 1.20, 3.53, 0.63, 15115.81302
2016-07-13, 3, zhong_du, 9.14, 8.76, 2.58, 8.54, 8.65, 8.82, 8.53, 298356.61, 259007779, 1.88, 3.40, 0.98, 2220.93201
2016-07-14, 4, gao_du, 9.14, 8.66, -1.14, 8.76, 8.68, 8.79, 8.57, 187087.55, 161950904, 1.18, 2.51, 0.61, 2868.06202
2016-07-15, 4, gao_du, 9.13, 8.70, 0.46, 8.66, 8.69, 8.76, 8.60, 148316.31, 128967093, 0.93, 1.85, 0.48, 2187.186
2016-07-18, 5, qiang_lie, 9.13, 8.54, -1.84, 8.70, 8.66, 8.68, 8.43, 172250.97, 147236253, 1.08, 2.87, 0.56, 8114.36701
2016-07-19, 5, qiang_lie, 9.12, 8.63, 1.05, 8.54, 8.49, 8.64, 8.49, 124595.03, 106937619, 0.78, 1.76, 0.41, 3395.83492
2016-07-20, 4, gao_du, 9.12, 8.50, -1.51, 8.63, 8.62, 8.66, 8.50, 141085.44, 120821656, 0.89, 1.85, 0.46, 548.91992
2016-07-21, 4, gao_du, 9.11, 8.54, 0.47, 8.50, 8.53, 8.61, 8.49, 108239.92, 92585411, 0.68, 1.41, 0.35, 4281.64697
2016-07-22, 4, gao_du, 9.11, 8.36, -2.11, 8.54, 8.54, 8.59, 8.31, 147111.74, 124124113, 0.93, 3.28, 0.48, 2783.81515
2016-07-25, 4, gao_du, 9.10, 8.39, 0.36, 8.36, 8.35, 8.45, 8.33, 86839.1, 72953337, 0.55, 1.44, 0.28, 4814.27598
2016-07-26, 4, gao_du, 9.10, 8.50, 1.31, 8.39, 8.38, 8.51, 8.38, 103777.12, 87885230, 0.65, 1.55, 0.34, 1017.61317
2016-07-27, 3, zhong_du, 9.08, 8.02, -5.65, 8.50, 8.51, 8.55, 7.90, 236821.27, 193999462, 1.49, 7.65, 0.77, 6590.47484
2016-07-28, 3, zhong_du, 9.07, 7.84, -2.24, 8.02, 8.01, 8.08, 7.68, 228006.25, 178991514, 1.44, 4.99, 0.74, 779.59204
2016-07-29, 2, qing_du, 9.06, 7.80, -0.51, 7.84, 7.84, 7.87, 7.74, 129297.49, 100812176, 0.81, 1.66, 0.42, 14577.78001
2016-08-01, 1, wei_ruo, 9.05, 7.72, -1.03, 7.80, 7.79, 7.79, 7.58, 100580.75, 77206666, 0.63, 2.69, 0.33, 13963.24897
2016-08-02, 1, wei_ruo, 9.04, 7.78, 0.78, 7.72, 7.69, 7.82, 7.69, 75083.17, 58364668, 0.47, 1.68, 0.24, 14823.63415
2016-08-03, 1, wei_ruo, 9.03, 7.81, 0.39, 7.78, 7.75, 7.81, 7.71, 82854.97, 64363959, 0.52, 1.29, 0.30, 5437.68787
2016-08-04, 1, wei_ruo, 9.03, 7.83, 0.26, 7.81, 7.82, 7.84, 7.75, 65390.72, 51000604, 0.41, 1.15, 0.24, 14290.07411
2016-08-05, 1, wei_ruo, 9.02, 7.80, -0.38, 7.83, 7.81, 7.87, 7.77, 77882.37, 60884402, 0.49, 1.28, 0.33, 853.97482
2016-08-08, 1, wei_ruo, 9.02, 7.90, 1.28, 7.80, 7.81, 7.90, 7.72, 81181.83, 63516260, 0.51, 2.31, 0.48, 8820.79101
2016-08-09, 1, wei_ruo, 9.01, 7.96, 0.76, 7.90, 7.86, 8.01, 7.84, 106787.9, 84800002, 0.67, 2.15, 1.40, 4626.53899
2016-08-10, 1, wei_ruo, 9.00, 7.96, 0.00, 7.96, 7.95, 8.12, 7.93, 103714.6, 83243949, 0.65, 2.39, 1.25, 2630.51987
2016-08-11, 1, wei_ruo, 9.00, 7.88, -1.01, 7.96, 7.92, 8.02, 7.88, 69096.46, 54853749, 0.44, 1.76, 0.79, 668.67805
2016-08-15, 1, wei_ruo, 8.98, 8.14, 1.12, 8.05, 8.05, 8.19, 7.98, 235578.43, 191193488, 1.48, 2.61, 2.60, 760.82397
2016-08-16, 2, qing_du, 8.97, 8.14, 0.00, 8.14, 8.12, 8.19, 8.10, 112249.24, 91337135, 0.71, 1.11, 0.92, 846.87614
2016-08-17, 2, qing_du, 8.97, 8.19, 0.61, 8.14, 8.16, 8.21, 8.10, 103707.03, 84582033, 0.65, 1.35, 0.84, 14484.62605
2016-08-18, 2, qing_du, 8.96, 8.10, -1.10, 8.19, 8.18, 8.20, 8.06, 109597.57, 89091917, 0.69, 1.71, 0.89, 26342.04698
2016-08-19, 2, qing_du, 8.96, 8.11, 0.12, 8.10, 8.10, 8.14, 8.05, 78235.55, 63349774, 0.49, 1.11, 0.60, 579.11086
2016-08-22, 2, qing_du, 8.95, 7.98, -1.72, 8.12, 8.12, 8.14, 7.97, 97083.46, 78096423, 0.61, 2.09, 0.76, 3501.88994
2016-08-23, 2, qing_du, 8.95, 8.00, 0.25, 7.98, 7.92, 8.06, 7.92, 71276.91, 57071878, 0.45, 1.75, 0.71, 929.42286
2016-08-24, 1, wei_ruo, 8.94, 8.01, 0.13, 8.00, 8.03, 8.06, 7.99, 68492.53, 54970985, 0.43, 0.88, 0.75, 825.72007
2016-08-25, 1, wei_ruo, 8.94, 7.92, -1.12, 8.01, 7.97, 7.98, 7.83, 85567.98, 67454929, 0.54, 1.87, 1.02, 3918.35594
2016-08-26, 1, wei_ruo, 8.93, 7.92, 0.00, 7.92, 7.92, 8.05, 7.90, 77077.14, 61325474, 0.49, 1.89, 0.96, 2558.64501
2016-08-29, 1, wei_ruo, 8.93, 7.93, 0.13, 7.92, 7.92, 7.99, 7.90, 63451.45, 50361075, 0.40, 1.14, 0.79, 746.29307
2016-08-30, 1, wei_ruo, 8.91, 8.30, 4.67, 7.93, 7.96, 8.32, 7.95, 365248.3, 300078742, 2.30, 4.67, 4.99, 2499.00913
2016-08-31, 1, wei_ruo, 8.91, 8.30, 0.00, 8.30, 8.24, 8.36, 8.17, 209675.83, 172709657, 1.32, 2.29, 1.59, 1913.02705
2016-09-01, 2, qing_du, 8.90, 8.21, -1.08, 8.30, 8.24, 8.36, 8.19, 73994.63, 61100755, 0.47, 2.05, 3.13, 703.09806
2016-09-02, 2, qing_du, 8.90, 8.21, -1.08, 8.30, 8.24, 8.36, 8.19, 73994.63, 61100755, 0.47, 2.05, 3.13, 4848.68884
2016-09-05, 2, qing_du, 8.90, 8.21, -1.08, 8.30, 8.24, 8.36, 8.19, 73994.63, 61100755, 0.47, 2.05, 3.13, 2026.99709
2016-09-06, 2, qing_du, 8.90, 8.21, -1.08, 8.30, 8.24, 8.36, 8.19, 73994.63, 61100755, 0.47, 2.05, 3.13, 4649.49107
2016-09-07, 2, qing_du, 8.90, 8.22, -0.60, 8.27, 8.27, 8.37, 8.18, 149871.7, 124079739, 0.94, 2.30, 0.94, 604.12097
2016-09-08, 2, qing_du, 8.90, 8.21, -1.08, 8.30, 8.24, 8.36, 8.19, 73994.63, 61100755, 0.47, 2.05, 3.13, 2650.25711
2016-09-09, 2, qing_du, 8.90, 8.09, -1.46, 8.21, 8.21, 8.24, 8.06, 100599.14, 82249000, 0.63, 2.19, 0.63, 4924.89409
2016-09-12, 2, qing_du, 8.90, 7.74, -4.33, 8.09, 7.97, 8.01, 7.73, 158602.43, 125069035, 1.00, 3.46, 0.99, 818.58301
2016-09-13, 1, wei_ruo, 8.90, 7.83, 1.16, 7.74, 7.79, 7.85, 7.75, 81433, 63541307, 0.51, 1.29, 0.51, 2610.10003
2016-09-14, 1, wei_ruo, 8.90, 7.80, -0.38, 7.83, 7.78, 7.84, 7.76, 69272.17, 54011710, 0.44, 1.02, 0.43, 506.53791
2016-09-19, 1, wei_ruo, 8.90, 7.88, 1.03, 7.80, 7.85, 7.93, 7.81, 59035.28, 46488409, 0.37, 1.54, 0.37, 1943.43185
2016-09-20, 1, wei_ruo, 8.90, 7.90, 0.25, 7.88, 7.90, 7.97, 7.87, 70167, 55635368, 0.44, 1.27, 0.44, 2523.92101
2016-09-21, 1, wei_ruo, 8.90, 7.89, -0.13, 7.90, 7.86, 7.93, 7.85, 65378.6, 51587476, 0.41, 1.01, 0.41, 475.595
2016-09-22, 1, wei_ruo, 8.90, 8.01, 1.52, 7.89, 7.95, 8.01, 7.89, 122429.08, 97376624, 0.77, 1.52, 0.77, 518.5492
2016-09-23, 1, wei_ruo, 8.90, 8.23, 2.75, 8.01, 7.98, 8.29, 7.98, 278255.27, 227318052, 1.75, 3.87, 1.74, 3091.81499
2016-09-26, 2, qing_du, 8.90, 8.64, 4.98, 8.23, 8.27, 8.95, 8.21, 748491.35, 644988966, 4.71, 8.99, 4.67, 676.42689
2016-09-27, 3, zhong_du, 8.90, 8.83, 2.20, 8.64, 8.60, 8.95, 8.56, 487498.29, 428888161, 3.07, 4.51, 3.04, 1104.01702
2016-09-28, 3, zhong_du, 8.90, 9.01, 2.04, 8.83, 8.86, 9.04, 8.68, 346589.32, 306183426, 2.18, 4.08, 2.16, 745.19682
2016-09-29, 4, gao_du, 8.90, 9.03, 0.22, 9.01, 8.92, 9.17, 8.86, 356560.38, 321725121, 2.24, 3.44, 2.23, 7333.77504
2016-09-30, 5, qiang_lie, 8.90, 9.03, 0.00, 9.03, 9.05, 9.08, 8.87, 308244.43, 276828950, 1.94, 2.33, 1.92, 777.67897
2016-10-10, 5, qiang_lie, 8.90, 9.20, 1.88, 9.03, 9.06, 9.24, 9.06, 249511.14, 228434593, 1.57, 1.99, 1.56, 609.01499
2016-10-11, 5, qiang_lie, 8.90, 9.64, 4.78, 9.20, 9.16, 9.87, 9.15, 353004.13, 339098317, 2.22, 7.83, 2.20, 839.1118
2016-10-12, 5, qiang_lie, 8.90, 9.67, 0.31, 9.64, 9.60, 10.09, 9.56, 369984.57, 362727687, 2.33, 5.50, 2.31, 750.83494
2016-10-13, 5, qiang_lie, 8.90, 9.83, 1.65, 9.67, 9.70, 9.91, 9.56, 230277.8, 224570097, 1.45, 3.62, 1.44, 9391.75892
2016-10-14, 5, qiang_lie, 8.88, 9.76, -0.71, 9.83, 9.78, 9.82, 9.61, 160868.33, 156211645, 1.01, 2.14, 1.00, 4190.56988
2016-10-17, 5, qiang_lie, 8.89, 9.71, -0.51, 9.76, 9.75, 10.05, 9.60, 192225.13, 188609541, 1.21, 4.61, 1.20, 2757.42388
2016-10-18, 5, qiang_lie, 8.92, 9.84, 0.82, 9.76, 9.75, 10.05, 9.74, 94017.5, 92875783, 0.59, 3.18, 1.17, 562.67405
2016-10-19, 5, qiang_lie, 8.94, , , , , , , , , , , , 500.89002
2016-10-20, 5, qiang_lie, 8.95, 10.37, 1.17, 10.25, 10.30, 10.44, 10.18, 193312.47, 199433933, 1.22, 2.54, 0.81, 4650.59519
2016-10-21, 5, qiang_lie, 8.97, 10.39, 0.19, 10.37, 10.41, 10.55, 10.16, 203604.75, 210659106, 1.28, 3.76, 0.77, 4438.28487
2016-10-24, 5, qiang_lie, 8.99, 10.36, -0.29, 10.39, 10.41, 10.48, 10.07, 170124.54, 174748808, 1.07, 3.95, 0.73, 647.61019
2016-10-25, 5, qiang_lie, 9.00, 10.22, -1.35, 10.36, 10.26, 10.38, 10.13, 164802.03, 168261273, 1.04, 2.41, 0.71, 4778.47004
2016-10-26, 5, qiang_lie, 9.02, 10.14, -0.78, 10.22, 10.19, 10.21, 9.83, 248907.39, 249478142, 1.57, 3.72, 1.07, 4522.48788
2016-10-27, 5, qiang_lie, 9.03, 10.25, 1.08, 10.14, 10.06, 10.35, 10.06, 137302.55, 140586019, 0.86, 2.86, 0.60, 2695.44196
2016-10-28, 5, qiang_lie, 9.03, 10.15, -0.98, 10.25, 10.19, 10.37, 10.08, 109748.46, 112245264, 0.69, 2.83, 0.47, 5809.8588
2016-10-31, 5, qiang_lie, 9.04, 10.03, -1.18, 10.15, 10.20, 10.30, 9.93, 127003.4, 128350498, 0.80, 3.65, 0.55, 617.53678
2016-11-01, 5, qiang_lie, 9.05, 10.18, 1.60, 10.02, 10.19, 10.23, 9.90, 184285.31, 185332711, 1.16, 3.29, 0.79, 529.29497
2016-11-02, 5, qiang_lie, 9.08, 10.50, 3.14, 10.18, 10.20, 10.87, 10.14, 314623.35, 331537889, 1.98, 7.17, 1.36, 1224.26915
2016-11-03, 5, qiang_lie, 9.10, 10.40, -0.76, 10.48, 10.53, 10.83, 10.33, 217787.76, 231545783, 1.37, 4.77, 0.93, 770.32304
2016-11-04, 5, qiang_lie, 9.11, 10.33, -0.67, 10.40, 10.53, 10.70, 10.31, 111254.18, 116529039, 0.70, 3.75, 0.48, 455.94311
2016-11-07, 5, qiang_lie, 9.13, 10.60, 2.32, 10.36, 10.36, 10.67, 10.36, 165415.29, 174206701, 1.04, 2.99, 0.72, 874.01009
2016-11-08, 5, qiang_lie, 9.14, 10.61, 0.09, 10.60, 10.68, 10.74, 10.54, 117169.53, 124723376, 0.74, 1.89, 0.51, 412.28986
2016-11-09, 5, qiang_lie, 9.15, 10.21, -3.86, 10.62, 10.67, 10.69, 9.99, 200686.99, 207017487, 1.26, 6.59, 0.86, 820.68396
2016-11-10, 5, qiang_lie, 9.16, 10.50, 2.84, 10.21, 10.33, 10.54, 10.27, 131558.43, 137165825, 0.83, 2.64, 0.57, 1006.32191
2016-11-11, 5, qiang_lie, 9.19, 10.93, 4.10, 10.50, 10.57, 10.99, 10.51, 262410.61, 282883548, 1.65, 4.57, 1.12, 723.90485
2016-11-14, 5, qiang_lie, 9.24, 10.22, -6.50, 10.93, 10.99, 11.10, 10.15, 527538.78, 561958491, 3.32, 8.69, 2.28, 453.90296
2016-11-15, 5, qiang_lie, 9.25, 10.27, 0.69, 10.20, 10.19, 10.37, 9.80, 282984.87, 284651310, 1.78, 5.59, 1.23, 602.82898
2016-11-16, 5, qiang_lie, 9.26, 10.20, 0.00, 10.20, 10.19, 10.29, 9.80, 221085.69, 221134244, 1.39, 4.80, 1.89, 509.6209
2016-11-17, 5, qiang_lie, 9.28, 10.07, -1.85, 10.26, 10.16, 10.23, 9.99, 184096.93, 185320555, 1.16, 2.34, 1.58, 617.11001
2016-11-18, 5, qiang_lie, 9.29, 10.07, -1.85, 10.26, 10.16, 10.23, 9.99, 184096.93, 185320555, 1.16, 2.34, 1.58, 669.61193
2016-11-21, 5, qiang_lie, 9.30, 10.68, 2.20, 10.45, 10.45, 10.73, 10.37, 158580.1, 167897387, 1.00, 3.44, 0.68, 439.55803
2016-11-22, 5, qiang_lie, 9.32, 10.85, 1.59, 10.68, 10.77, 11.07, 10.68, 250823.47, 273486873, 1.58, 3.65, 1.07, 1486.63998
2016-11-23, 5, qiang_lie, 9.35, 10.96, 1.01, 10.85, 10.95, 11.19, 10.85, 211188.65, 232957267, 1.33, 3.13, 0.90, 500.27514
2016-11-24, 5, qiang_lie, 9.36, 10.93, -0.27, 10.96, 10.97, 11.07, 10.80, 117466.27, 128103802, 0.74, 2.46, 0.51, 549.86405
2016-11-25, 5, qiang_lie, 9.38, 11.14, 1.92, 10.93, 10.91, 11.16, 10.64, 196223.16, 214847544, 1.24, 4.76, 0.85, 597.821
2016-11-28, 5, qiang_lie, 9.40, 11.37, 1.97, 11.15, 11.18, 11.60, 11.12, 191146.62, 218388293, 1.20, 4.30, 0.83, 1338.04107
2016-11-29, 5, qiang_lie, 9.43, 11.16, -1.93, 11.38, 11.40, 11.73, 11.10, 179923.31, 205038856, 1.13, 5.54, 0.78, 413.81192
2016-11-30, 5, qiang_lie, 9.44, 11.23, 1.17, 11.10, 11.25, 11.39, 11.00, 108239.74, 121209951, 0.68, 3.51, 0.47, 509.77778
2016-12-01, 5, qiang_lie, 9.45, 11.13, -0.89, 11.23, 11.22, 11.35, 11.05, 130473.73, 145542601, 0.82, 2.67, 0.56, 688.23004
2016-12-02, 5, qiang_lie, 9.47, 11.03, -0.90, 11.13, 11.13, 11.27, 10.93, 136782.35, 151574237, 0.86, 3.05, 0.59, 565.59515
2016-12-05, 5, qiang_lie, 9.48, 11.03, 0.00, 11.03, 10.99, 11.28, 10.80, 98747.08, 109654354, 0.62, 4.35, 0.42, 739.11285
2016-12-06, 5, qiang_lie, 9.49, 11.43, 3.63, 11.03, 11.08, 11.43, 11.02, 162336.56, 182670363, 1.02, 3.72, 0.69, 703.66406
2016-12-07, 5, qiang_lie, 9.51, 11.44, 0.09, 11.43, 11.44, 11.56, 11.38, 97978.82, 112299291, 0.62, 1.57, 0.42, 499.29905
2016-12-08, 5, qiang_lie, 9.53, 11.41, -0.35, 11.45, 11.55, 11.75, 11.34, 169660.85, 196655458, 1.07, 3.58, 0.73, 752.72512
2016-12-09, 5, qiang_lie, 9.54, 11.49, 0.70, 11.41, 11.47, 11.67, 11.41, 88381.7, 102033791, 0.56, 2.28, 0.38, 613.69896
2016-12-12, 5, qiang_lie, 9.55, 10.87, -5.40, 11.49, 11.45, 11.45, 10.82, 141100.25, 156924495, 0.89, 5.48, 0.60, 584.62501
2016-12-13, 5, qiang_lie, 9.56, 10.74, -1.20, 10.87, 10.86, 11.04, 10.32, 143449, 153010976, 0.90, 6.62, 0.61, 789.7079
2016-12-14, 5, qiang_lie, 9.57, 10.81, 0.65, 10.74, 10.66, 10.83, 10.62, 102184.42, 109786539, 0.64, 1.96, 0.44, 493.17384
2016-12-15, 4, gao_du, 9.58, 10.88, 0.65, 10.81, 10.62, 10.99, 10.62, 91122.84, 98799133, 0.57, 3.42, 0.39, 527.39596
2016-12-16, 4, gao_du, 9.59, 11.05, 1.56, 10.88, 10.83, 11.14, 10.80, 95612.52, 105347678, 0.60, 3.13, 0.41, 673.2111
2016-12-19, 4, gao_du, 9.59, 10.79, -2.35, 11.05, 11.05, 11.10, 10.70, 75321.38, 82218395, 0.47, 3.62, 0.32, 871.44804
2016-12-20, 4, gao_du, 9.60, 10.57, -2.04, 10.79, 10.80, 10.86, 10.47, 121086.61, 128458440, 0.76, 3.61, 0.52, 801.02086
2016-12-21, 4, gao_du, 9.61, 10.82, 2.37, 10.57, 10.64, 10.89, 10.58, 80111.99, 86495581, 0.50, 2.93, 0.34, 543.38908
2016-12-22, 3, zhong_du, 9.61, 10.78, -0.37, 10.82, 10.73, 10.93, 10.70, 55162.46, 59522345, 0.35, 2.13, 0.24, 538.19299
2016-12-23, 3, zhong_du, 9.62, 10.54, -2.23, 10.78, 10.79, 10.80, 10.39, 96781, 102211515, 0.61, 3.80, 0.41, 410.87604
2016-12-26, 3, zhong_du, 9.62, 10.40, -1.33, 10.54, 10.54, 10.54, 10.23, 54905.22, 56875460, 0.35, 2.94, 0.24, 633.6422
2016-12-27, 3, zhong_du, 9.62, 10.37, -0.29, 10.40, 10.46, 10.48, 10.30, 42744.33, 44367917, 0.27, 1.73, 0.18, 2534.70993
2016-12-28, 2, qing_du, 9.62, 10.35, -0.19, 10.37, 10.38, 10.63, 10.28, 67804.14, 70884212, 0.43, 3.38, 0.29, 572.9301
2016-12-30, 2, qing_du, 9.63, 9.96, -2.26, 10.19, 10.08, 10.25, 9.78, 111541.27, 111510485, 0.70, 4.61, 0.48, 580.20496
2017-01-03, 1, wei_ruo, 9.63, 9.96, -2.26, 10.19, 10.08, 10.25, 9.78, 111541.27, 111510485, 0.70, 4.61, 0.48, 4584.86295
2017-01-04, 1, wei_ruo, 9.64, 10.36, 1.87, 10.17, 10.18, 10.38, 10.15, 77027.18, 79269308, 0.48, 2.26, 0.33, 591.10689
2017-01-05, 1, wei_ruo, 9.64, 10.38, 0.19, 10.36, 10.36, 10.42, 10.17, 77580.66, 79835650, 0.49, 2.41, 0.33, 574.19491
2017-01-06, 1, wei_ruo, 9.64, 10.48, 0.96, 10.38, 10.30, 10.53, 10.28, 77487.88, 80804640, 0.49, 2.41, 0.33, 814.52298
2017-01-09, 2, qing_du, 9.65, 10.63, 1.43, 10.48, 10.49, 10.65, 10.40, 65266.48, 68659899, 0.41, 2.39, 0.28, 596.43006
2017-01-10, 2, qing_du, 9.65, 10.63, 0.00, 10.63, 10.60, 10.69, 10.54, 53751.15, 57069412, 0.34, 1.41, 0.23, 2188.77292
2017-01-11, 2, qing_du, 9.65, 10.53, -0.94, 10.63, 10.64, 10.66, 10.53, 57073.66, 60589037, 0.36, 1.22, 0.24, 2670.92013
2017-01-13, 2, qing_du, 9.66, 10.32, -1.90, 10.52, 10.52, 10.57, 10.27, 64758.74, 67252564, 0.41, 2.85, 0.28, 1296.68903
2017-01-16, 1, wei_ruo, 9.66, 10.08, -2.33, 10.32, 10.22, 10.42, 9.75, 76314.63, 77723977, 0.48, 6.49, 0.33, 592.77892
2017-01-17, 1, wei_ruo, 9.67, 10.65, 0.19, 10.63, 10.60, 10.66, 10.55, 21185.67, 22482113, 0.13, 1.03, 0.18, 631.32191
2017-01-18, 1, wei_ruo, 9.67, 10.65, 0.19, 10.63, 10.60, 10.66, 10.55, 21185.67, 22482113, 0.13, 1.03, 0.18, 2534.88302
2017-02-07, 1, wei_ruo, 9.68, 9.94, -0.90, 10.03, 10.00, 10.09, 9.94, 25407.57, 25418605, 0.16, 1.50, 0.25, 853.71518
2017-02-08, 1, wei_ruo, 9.68, 9.97, -0.60, 10.03, 10.00, 10.09, 9.90, 79758.09, 79491643, 0.50, 1.89, 0.34, 2867.02299
2017-02-09, 1, wei_ruo, 9.68, 10.06, 0.90, 9.97, 10.01, 10.12, 9.94, 80966.15, 81190078, 0.51, 1.81, 0.44, 567.45505
2017-02-10, 1, wei_ruo, 9.68, 9.93, -0.80, 10.01, 10.02, 10.07, 9.86, 80979.78, 80524550, 0.51, 2.10, 0.35, 2891.42799
2017-02-13, 1, wei_ruo, 9.69, 9.96, 0.30, 9.93, 9.95, 10.03, 9.88, 61749.78, 61474534, 0.39, 1.51, 0.26, 4759.60302
2017-02-14, 1, wei_ruo, 9.69, 9.89, -0.70, 9.96, 9.97, 9.99, 9.89, 59999.22, 59533999, 0.38, 1.00, 0.26, 609.55
2017-02-15, 1, wei_ruo, 9.69, 9.72, -1.72, 9.89, 9.91, 9.92, 9.70, 93785.78, 92093608, 0.59, 2.22, 0.40, 5274.50895
2017-02-16, 1, wei_ruo, 9.69, 9.76, 0.41, 9.72, 9.76, 9.91, 9.50, 80208.17, 78203128, 0.50, 4.22, 0.34, 2880.88417
2017-02-17, 1, wei_ruo, 9.69, 9.85, 0.92, 9.76, 9.80, 9.86, 9.74, 77374.31, 75843123, 0.49, 1.23, 0.33, 573.44604
2017-02-20, 1, wei_ruo, 9.69, 9.85, 0.92, 9.76, 9.80, 9.86, 9.74, 77374.31, 75843123, 0.49, 1.23, 0.33, 665.05194
2017-02-21, 1, wei_ruo, 9.69, 10.08, 0.20, 10.06, 10.06, 10.18, 10.00, 66540.42, 67090989, 0.42, 1.79, 0.28, 961.11488
2017-02-22, 1, wei_ruo, 9.69, 10.00, -0.79, 10.08, 10.12, 10.15, 9.98, 87598.36, 87916026, 0.55, 1.69, 0.37, 4958.07314
2017-02-23, 1, wei_ruo, 9.70, 10.08, 0.80, 10.00, 10.01, 10.14, 10.01, 73732.98, 74268024, 0.46, 1.30, 0.32, 4756.78492
2017-02-24, 1, wei_ruo, 9.70, 10.14, 0.60, 10.08, 10.10, 10.14, 10.02, 52390.34, 52784434, 0.33, 1.19, 0.22, 1009.41896
2017-02-27, 1, wei_ruo, 9.70, 10.00, -1.38, 10.14, 10.18, 10.29, 9.95, 127551.17, 128712108, 0.80, 3.35, 0.55, 1611.0518
2017-02-28, 1, wei_ruo, 9.70, 10.06, -0.20, 10.08, 10.10, 10.10, 10.04, 11181.32, 11261927, 0.07, 0.60, 0.26, 693.69793
2017-03-01, 1, wei_ruo, 9.70, 10.02, -0.10, 10.03, 10.04, 10.06, 9.98, 63112.02, 63228570, 0.40, 0.80, 0.27, 966.22896
2017-03-02, 1, wei_ruo, 9.70, 9.88, -1.40, 10.02, 10.04, 10.04, 9.88, 60083, 59804395, 0.38, 1.60, 0.26, 2587.52608
2017-03-03, 1, wei_ruo, 9.70, 10.03, 1.52, 9.88, 9.89, 10.03, 9.86, 67035.15, 66705357, 0.42, 1.72, 0.29, 4866.31083
2017-03-06, 1, wei_ruo, 9.71, 10.25, 2.19, 10.03, 10.02, 10.30, 9.98, 171606.63, 174675651, 1.08, 3.19, 0.73, 2586.12204
2017-03-07, 2, qing_du, 9.72, 10.43, 0.38, 10.39, 10.34, 10.60, 10.31, 57394.63, 60063604, 0.36, 2.79, 0.49, 2865.76009
2017-03-08, 2, qing_du, 9.72, 10.31, -0.77, 10.39, 10.34, 10.60, 10.29, 98174.48, 102247258, 0.62, 2.98, 0.42, 725.89111
2017-03-09, 3, zhong_du, 9.73, 10.52, 2.04, 10.31, 10.38, 10.74, 10.26, 190227.74, 200947617, 1.20, 4.66, 0.81, 2755.61285
2017-03-10, 3, zhong_du, 9.74, 10.79, 2.57, 10.52, 10.48, 10.93, 10.48, 199194.01, 213800452, 1.25, 4.28, 0.85, 120818.14098
2017-03-13, 3, zhong_du, 9.75, 10.75, -0.37, 10.79, 10.82, 10.87, 10.67, 123029.52, 132211772, 0.77, 1.85, 0.53, 643.45002
2017-03-14, 4, gao_du, 9.76, 10.49, -2.42, 10.75, 10.81, 10.81, 10.48, 118205.41, 125527531, 0.74, 3.07, 0.51, 655.51996
2017-03-15, 4, gao_du, 9.76, 10.52, 0.29, 10.49, 10.45, 10.65, 10.42, 88707.97, 93394222, 0.56, 2.19, 0.38, 2614.32719
2017-03-16, 3, zhong_du, 9.76, 10.62, 0.95, 10.52, 10.52, 10.65, 10.50, 85433.02, 90304318, 0.54, 1.43, 0.37, 673.14196
2017-03-17, 3, zhong_du, 9.77, 10.40, -2.07, 10.62, 10.59, 10.64, 10.36, 109376.47, 114687523, 0.69, 2.64, 0.47, 595.77584
2017-03-20, 3, zhong_du, 9.77, 10.48, 0.77, 10.40, 10.41, 10.49, 10.31, 81043.97, 84380581, 0.51, 1.73, 0.35, 657.03607
2017-03-21, 3, zhong_du, 9.78, 10.41, -0.67, 10.48, 10.47, 10.47, 10.33, 89035.72, 92388575, 0.56, 1.34, 0.38, 596.22693
2017-03-22, 3, zhong_du, 9.78, 10.44, 0.29, 10.41, 10.36, 10.44, 10.32, 82824.05, 85915324, 0.52, 1.15, 0.35, 548.37894
2017-03-23, 3, zhong_du, 9.78, 10.35, -0.86, 10.44, 10.44, 10.46, 10.23, 85547.13, 88714357, 0.54, 2.20, 0.37, 636.47985
2017-03-24, 3, zhong_du, 9.79, 10.34, -0.10, 10.35, 10.37, 10.37, 10.19, 114292.8, 117397921, 0.72, 1.74, 0.49, 645.72906
2017-03-27, 3, zhong_du, 9.79, 10.47, 1.26, 10.34, 10.33, 10.52, 10.28, 106495.73, 111012051, 0.67, 2.32, 0.46, 690.04488
2017-03-28, 3, zhong_du, 9.79, 10.31, -1.53, 10.47, 10.48, 10.51, 10.31, 60203, 62456256, 0.38, 1.91, 0.26, 683.99811
2017-03-29, 3, zhong_du, 9.79, 10.24, -0.68, 10.31, 10.32, 10.35, 10.22, 61613.25, 63321424, 0.39, 1.26, 0.26, 672.58215
2017-03-30, 3, zhong_du, 9.80, 9.95, -2.83, 10.24, 10.23, 10.23, 9.86, 147247.16, 147367555, 0.93, 3.61, 0.63, 740.69405
2017-03-31, 2, qing_du, 9.80, 9.93, -0.20, 9.95, 9.95, 10.00, 9.83, 76105.57, 75467635, 0.48, 1.71, 0.33, 568.83192
2017-04-05, 2, qing_du, 9.80, 10.13, 2.01, 9.93, 9.94, 10.18, 9.94, 86129.7, 86980343, 0.54, 2.42, 0.37, 690.68909
2017-04-06, 2, qing_du, 9.80, 10.22, 0.89, 10.13, 10.16, 10.22, 10.08, 54059.01, 54871614, 0.34, 1.38, 0.23, 2608.89912
2017-04-07, 2, qing_du, 9.80, 10.22, 0.00, 10.22, 10.49, 10.49, 10.10, 98494.82, 100838035, 0.62, 3.82, 0.42, 652.92907
2017-04-10, 2, qing_du, 9.81, 9.90, -3.13, 10.22, 10.39, 10.39, 9.86, 147824.9, 148258225, 0.93, 5.19, 0.63, 632.23815
2017-04-11, 2, qing_du, 9.81, 9.82, -0.81, 9.90, 9.86, 9.96, 9.65, 114783.3, 112038384, 0.72, 3.13, 0.49, 622.55383
2017-04-12, 1, wei_ruo, 9.80, 9.65, -1.73, 9.82, 9.75, 9.83, 9.62, 81250.32, 79169008, 0.51, 2.14, 0.35, 644.00887
2017-04-13, 1, wei_ruo, 9.80, 9.73, 0.83, 9.65, 9.63, 9.79, 9.63, 42279.92, 41142448, 0.27, 1.66, 0.18, 664.56699
2017-04-14, 1, wei_ruo, 9.80, 9.70, -0.31, 9.73, 9.68, 9.80, 9.66, 52411.42, 50935858, 0.33, 1.44, 0.22, 751.25289
2017-04-17, 1, wei_ruo, 9.80, 9.69, -0.10, 9.70, 9.68, 9.75, 9.56, 53051.65, 51217968, 0.33, 1.96, 0.23, 659.6849
2017-04-18, 1, wei_ruo, 9.80, 9.20, -5.06, 9.69, 9.66, 9.77, 9.14, 113255.53, 107133694, 0.71, 6.50, 0.48, 660.21419
2017-04-19, 1, wei_ruo, 9.79, 8.98, -2.39, 9.20, 9.05, 9.18, 8.80, 131894.19, 118385320, 0.83, 4.13, 0.56, 553.64203
2017-04-20, 1, wei_ruo, 9.79, 8.91, -0.78, 8.98, 8.98, 9.04, 8.81, 71283.89, 63577764, 0.45, 2.56, 0.31, 708.24003
2017-04-21, 1, wei_ruo, 9.79, 8.95, 0.45, 8.91, 8.93, 9.14, 8.87, 75730.64, 68147287, 0.48, 3.03, 0.32, 581.31099
2017-04-25, 1, wei_ruo, 9.78, 8.91, 2.18, 8.72, 8.73, 8.92, 8.72, 60561.46, 53287527, 0.38, 2.29, 0.26, 614.609
2017-04-26, 1, wei_ruo, 9.78, 8.91, 0.00, 8.91, 8.86, 9.00, 8.83, 49481, 44070404, 0.27, 1.91, 0.21, 809.92198
2017-04-27, 1, wei_ruo, 9.77, 8.85, -0.67, 8.91, 8.88, 8.94, 8.78, 79664.68, 70567253, 0.44, 1.80, 0.34, 706.73609
2017-04-28, 1, wei_ruo, 9.77, 9.08, 2.60, 8.85, 8.87, 9.14, 8.84, 76374.45, 69170850, 0.42, 3.39, 0.33, 642.79604
2017-05-02, 1, wei_ruo, 9.77, 9.03, -0.55, 9.08, 9.10, 9.14, 9.00, 51607.53, 46741928, 0.28, 1.54, 0.22, 593.13607
2017-05-03, 1, wei_ruo, 9.76, 8.99, -0.44, 9.03, 9.05, 9.09, 8.95, 36551.92, 32943043, 0.23, 1.55, 0.16, 975.61908
2017-05-04, 1, wei_ruo, 9.76, 8.91, -0.89, 8.99, 8.95, 9.04, 8.86, 67601.79, 60355011, 0.43, 2.00, 0.29, 623.88182
2017-05-05, 1, wei_ruo, 9.76, 8.83, -0.90, 8.91, 8.86, 8.88, 8.69, 65794.13, 57902373, 0.41, 2.13, 0.28, 661.33809
2017-05-11, 1, wei_ruo, 9.74, 8.48, -1.97, 8.65, 8.65, 8.65, 8.25, 73818.83, 62367462, 0.46, 4.62, 0.32, 934.85093
2017-05-12, 1, wei_ruo, 9.74, 8.43, -0.59, 8.48, 8.55, 8.55, 8.36, 40919.04, 34512384, 0.26, 2.24, 0.18, 971.99416
2017-05-15, 1, wei_ruo, 9.73, 8.63, 2.37, 8.43, 8.47, 8.70, 8.47, 92135.13, 79391599, 0.58, 2.73, 0.39, 644.33813
2017-05-17, 1, wei_ruo, 9.72, 8.77, -0.11, 8.78, 8.73, 8.88, 8.72, 55088.94, 48500817, 0.35, 1.82, 0.24, 658.76198
2017-05-18, 1, wei_ruo, 9.72, 8.75, -0.23, 8.77, 8.73, 8.75, 8.66, 40113.89, 34964728, 0.25, 1.03, 0.17, 593.22691
2017-05-19, 1, wei_ruo, 9.72, 8.74, -0.11, 8.75, 8.75, 8.83, 8.68, 43196.12, 37767792, 0.27, 1.71, 0.18, 712.538
2017-05-22, 1, wei_ruo, 9.71, 8.42, -3.66, 8.74, 8.69, 8.75, 8.31, 81710.2, 69700382, 0.51, 5.03, 0.35, 598.27614
2017-05-23, 1, wei_ruo, 9.70, 8.10, -3.80, 8.42, 8.44, 8.44, 8.05, 114030.36, 93338410, 0.72, 4.63, 0.49, 846.19212
2017-05-24, 1, wei_ruo, 9.69, 8.03, -0.86, 8.10, 8.08, 8.09, 7.91, 91347.44, 72924367, 0.58, 2.22, 0.39, 629.58193
2017-05-25, 1, wei_ruo, 9.69, 8.10, 0.87, 8.03, 8.01, 8.11, 7.93, 59339.2, 47699331, 0.37, 2.24, 0.25, 671.91219
2017-05-26, 1, wei_ruo, 9.68, 8.09, -0.12, 8.10, 8.13, 8.17, 8.07, 54598.82, 44325557, 0.34, 1.23, 0.23, 676.09811
2017-05-31, 1, wei_ruo, 9.67, 8.07, -0.25, 8.09, 8.18, 8.22, 8.03, 66687.09, 54135512, 0.42, 2.35, 0.29, 652.65894
2017-06-01, 1, wei_ruo, 9.67, 7.78, -3.59, 8.07, 8.07, 8.08, 7.78, 60420.98, 47895777, 0.38, 3.72, 0.26, 895.37096
2017-06-02, 1, wei_ruo, 9.66, 7.83, 0.64, 7.78, 7.81, 7.89, 7.63, 95395.91, 73954972, 0.60, 3.34, 0.41, 640.31315
2017-06-05, 1, wei_ruo, 9.64, 8.06, 2.94, 7.83, 7.94, 8.10, 7.92, 107424.01, 86192693, 0.27, 2.30, 0.46, 7210.99091
2017-06-06, 1, wei_ruo, 9.64, 8.16, 1.24, 8.06, 8.01, 8.18, 8.01, 66637.62, 53937709, 0.17, 2.11, 0.29, 942.68799
2017-06-07, 1, wei_ruo, 9.62, 8.41, 3.06, 8.16, 8.16, 8.52, 8.12, 173411.2, 145413152, 0.44, 4.90, 0.74, 706.69889
2017-06-08, 1, wei_ruo, 9.60, 8.27, -1.66, 8.41, 8.47, 8.63, 8.25, 261195.32, 219083942, 0.66, 4.52, 1.12, 648.664
2017-06-09, 1, wei_ruo, 3.83, 3.20, -3.03, 3.30, 3.29, 3.32, 3.16, 421035.73, 135109693, 1.06, 4.85, 1.80, 846.32421
2017-06-12, 1, wei_ruo, 3.82, 3.03, -5.31, 3.20, 3.18, 3.19, 3.03, 443047.71, 137876060, 1.12, 5.00, 1.90, 625.62299
2017-06-13, 1, wei_ruo, 3.81, 3.10, 2.31, 3.03, 3.03, 3.12, 3.02, 313079.07, 96433293, 0.79, 3.30, 1.34, 2189.79311
2017-06-14, 1, wei_ruo, 3.81, 3.06, -1.29, 3.10, 3.09, 3.10, 3.05, 204444.05, 62749845, 0.51, 1.61, 0.88, 625.89192
2017-06-15, 1, wei_ruo, 3.80, 3.14, 2.61, 3.06, 3.07, 3.14, 3.06, 368572.06, 114655682, 0.93, 2.61, 1.58, 613.6291
2017-06-16, 1, wei_ruo, 3.80, 3.10, -1.27, 3.14, 3.13, 3.13, 3.09, 189641.5, 58872485, 0.48, 1.27, 0.81, 678.91312
2017-06-19, 1, wei_ruo, 3.79, 3.13, 0.97, 3.10, 3.10, 3.14, 3.09, 239786.5, 74857641, 0.60, 1.61, 1.03, 1382.49302
2017-06-20, 1, wei_ruo, 3.79, 3.13, 0.00, 3.13, 3.15, 3.18, 3.12, 256209.11, 80624128, 0.64, 1.92, 1.10, 573.84491
2017-06-21, 1, wei_ruo, 3.78, 3.10, -0.96, 3.13, 3.14, 3.14, 3.06, 356834.47, 110544995, 0.90, 2.56, 1.53, 822.6881
2017-06-22, 1, wei_ruo, 3.78, 3.04, -1.94, 3.10, 3.10, 3.10, 3.03, 306064, 93994442, 0.77, 2.26, 1.31, 623.90113
2017-06-23, 1, wei_ruo, 3.77, 3.03, -0.33, 3.04, 3.02, 3.04, 2.98, 304208.02, 91537051, 0.77, 1.97, 1.30, 777.15206
2017-06-26, 1, wei_ruo, 3.77, 3.06, 0.99, 3.03, 3.04, 3.06, 3.01, 201522.25, 61223481, 0.51, 1.65, 0.86, 3773.75293
2017-06-27, 1, wei_ruo, 3.77, 3.04, -0.65, 3.06, 3.06, 3.07, 3.02, 188617.5, 57342310, 0.47, 1.63, 0.81, 660.89201
2017-06-28, 1, wei_ruo, 3.76, 3.00, -1.32, 3.04, 3.03, 3.03, 3.00, 193695.5, 58324271, 0.49, 0.99, 0.83, 775.32697
2017-06-29, 1, wei_ruo, 3.76, 3.02, 0.67, 3.00, 3.00, 3.03, 3.00, 169647.26, 51181136, 0.43, 1.00, 0.73, 632.55286
2017-06-30, 1, wei_ruo, 3.75, 3.07, 1.66, 3.02, 3.03, 3.07, 3.01, 291737.96, 89122126, 0.73, 1.99, 1.25, 685.72497
2017-07-03, 1, wei_ruo, 3.75, 3.06, -0.33, 3.07, 3.08, 3.08, 3.05, 168191.48, 51480590, 0.42, 0.98, 0.72, 569.27204
2017-07-04, 1, wei_ruo, 3.75, 3.07, 0.33, 3.06, 3.06, 3.08, 3.05, 175672.89, 53946204, 0.44, 0.98, 0.75, 658.85401
2017-07-05, 1, wei_ruo, 3.74, 3.08, 0.33, 3.07, 3.07, 3.09, 3.06, 202598.68, 62296582, 0.51, 0.98, 0.87, 812.69121
2017-07-06, 1, wei_ruo, 3.74, 3.10, 0.65, 3.08, 3.09, 3.11, 3.07, 259406.31, 80283943, 0.65, 1.30, 1.11, 738.49082
2017-07-07, 1, wei_ruo, 3.74, 3.11, 0.32, 3.10, 3.10, 3.11, 3.08, 202064.01, 62562350, 0.51, 0.97, 0.87, 689.32509
2017-07-10, 1, wei_ruo, 3.73, 3.09, -0.64, 3.11, 3.10, 3.11, 3.07, 204554.27, 63135708, 0.51, 1.29, 0.88, 2543.03312
2017-07-11, 1, wei_ruo, 3.73, 3.07, -0.65, 3.09, 3.08, 3.09, 3.06, 178862.5, 55066691, 0.45, 0.97, 0.77, 651.43204
2017-07-12, 1, wei_ruo, 3.73, 3.06, -0.33, 3.07, 3.06, 3.08, 3.03, 191182.89, 58302747, 0.48, 1.63, 0.82, 696.89488
2017-07-13, 1, wei_ruo, 3.72, 3.06, 0.00, 3.06, 3.05, 3.07, 3.03, 180429.71, 55036435, 0.45, 1.31, 0.77, 793.56718
2017-07-14, 1, wei_ruo, --, 3.04, -0.65, 3.06, 3.06, 3.06, 3.02, 152644.05, 46339160, 0.38, 1.31, 0.65, 679.60119
2017-07-17, 1, wei_ruo, --, 3.26, 7.24, 3.04, 3.08, 3.33, 3.05, 1534799.44, 494186307, 3.86, 9.21, 6.57, 2794.49797
2017-07-18, 1, wei_ruo, 3.69, 3.32, 1.84, 3.26, 3.17, 3.34, 3.13, 1096233.49, 353530420, 2.76, 6.44, 4.69, 631.30784
2017-07-19, 1, wei_ruo, --, 3.29, -0.90, 3.32, 3.27, 3.32, 3.24, 777737.48, 254906762, 1.96, 2.41, 3.33, 593.72592
2017-07-20, 1, wei_ruo, --, 3.28, -0.30, 3.29, 3.28, 3.29, 3.25, 476965.86, 156087351, 1.20, 1.22, 2.04, 523.83184
2017-07-21, 2, qing_du, --, 3.31, 0.91, 3.28, 3.28, 3.41, 3.27, 787294.55, 263571032, 1.98, 4.27, 3.37, 524.32704
2017-07-24, 2, qing_du, 3.66, 3.36, 1.51, 3.31, 3.29, 3.39, 3.25, 673683.49, 223436773, 1.70, 4.23, 2.88, 17642.44103
2017-07-25, 2, qing_du, --, 3.31, -1.49, 3.36, 3.34, 3.37, 3.29, 338658.43, 112301753, 0.85, 2.38, 1.45, 727.39697
2017-07-26, 2, qing_du, --, 3.29, -0.60, 3.31, 3.32, 3.33, 3.26, 286690.5, 94004873, 0.72, 2.11, 1.23, 797.58191
2017-07-27, 2, qing_du, 3.65, 3.30, 0.30, 3.29, 3.28, 3.30, 3.21, 414186.02, 135000446, 1.04, 2.74, 1.77, 820.00995
2017-07-28, 2, qing_du, 3.65, 3.25, -1.52, 3.30, 3.28, 3.29, 3.23, 284308.08, 92754404, 0.72, 1.82, 1.22, 695.03498
2017-07-31, 2, qing_du, 3.65, 3.27, 0.62, 3.25, 3.25, 3.28, 3.23, 420036.17, 136480541, 1.06, 1.54, 1.80, 853.08599
2017-08-01, 2, qing_du, 3.64, 3.32, 1.53, 3.27, 3.27, 3.34, 3.25, 545107.23, 180321412, 1.37, 2.75, 2.33, 720.48688
2017-08-02, 2, qing_du, 3.64, 3.25, -2.11, 3.32, 3.32, 3.35, 3.25, 498238, 163594168, 1.25, 3.01, 2.13, 692.20304
2017-08-03, 3, zhong_du, 3.63, 3.25, 0.00, 3.25, 3.25, 3.28, 3.23, 373920.26, 121413093, 0.94, 1.54, 1.60, 772.09306
2017-08-04, 2, qing_du, 3.63, 3.23, -0.62, 3.25, 3.25, 3.26, 3.22, 286226.92, 92629534, 0.72, 1.23, 1.23, 707.74102
2017-08-07, 2, qing_du, 3.63, 3.27, 1.24, 3.23, 3.23, 3.27, 3.22, 272402.96, 88358151, 0.69, 1.55, 1.17, 686.94711
2017-08-08, 2, qing_du, 3.63, 3.29, 0.61, 3.27, 3.27, 3.32, 3.24, 461110.86, 151042269, 1.16, 2.45, 1.97, 1062.94203
2017-08-09, 3, zhong_du, 3.62, 3.26, -0.91, 3.29, 3.30, 3.30, 3.25, 263865.5, 86167812, 0.66, 1.52, 1.13, 715.59501
2017-08-10, 3, zhong_du, 3.62, 3.22, -1.23, 3.26, 3.27, 3.27, 3.21, 273830.67, 88564966, 0.69, 1.84, 1.17, 1778.90515
2017-08-11, 3, zhong_du, 3.61, 3.12, -3.11, 3.22, 3.20, 3.21, 3.10, 440104.5, 139398633, 1.11, 3.42, 1.88, 614.09211
2017-08-14, 2, qing_du, 3.61, 3.19, 2.24, 3.12, 3.13, 3.20, 3.12, 286806.08, 90744331, 0.72, 2.56, 1.23, 858.66499
2017-08-15, 2, qing_du, 3.61, 3.18, -0.31, 3.19, 3.18, 3.21, 3.17, 215938.12, 68806105, 0.54, 1.25, 0.92, 837.72302
2017-08-16, 2, qing_du, 3.61, 3.22, 1.26, 3.18, 3.18, 3.24, 3.17, 273247.63, 87692165, 0.69, 2.20, 1.17, 1152.90713
2017-08-17, 2, qing_du, 3.60, 3.25, 0.93, 3.22, 3.22, 3.26, 3.20, 302044.9, 97707263, 0.76, 1.86, 1.29, 3557.15799
2017-08-18, 2, qing_du, 3.60, 3.23, -0.62, 3.25, 3.22, 3.25, 3.21, 204035.18, 65939773, 0.51, 1.23, 0.87, 626.39904
2017-08-21, 3, zhong_du, 3.60, 3.25, 0.62, 3.23, 3.23, 3.25, 3.22, 232631.35, 75377882, 0.59, 0.93, 1.00, 2983.07085
2017-08-22, 3, zhong_du, 3.60, 3.23, -0.62, 3.25, 3.24, 3.27, 3.22, 294955.32, 95647686, 0.74, 1.54, 1.26, 2712.74495
2017-08-23, 3, zhong_du, 3.60, 3.21, -0.62, 3.23, 3.23, 3.23, 3.20, 197659.27, 63514569, 0.50, 0.93, 0.85, 929.54993
2017-08-24, 3, zhong_du, 3.59, 3.20, -0.31, 3.21, 3.21, 3.23, 3.19, 187491.42, 60104238, 0.47, 1.25, 0.80, 889.48607
2017-08-25, 3, zhong_du, 3.59, 3.22, 0.63, 3.20, 3.19, 3.25, 3.18, 222614.86, 71692189, 0.56, 2.19, 0.95, 1872.88284
2017-08-28, 3, zhong_du, 3.59, 3.25, 0.93, 3.22, 3.22, 3.26, 3.21, 286559.69, 92840929, 0.72, 1.55, 1.23, 740.81802
2017-08-29, 3, zhong_du, 3.59, 3.22, -0.92, 3.25, 3.25, 3.25, 3.22, 230030.9, 74390920, 0.58, 0.92, 0.98, 678.07317
2017-08-30, 3, zhong_du, 3.58, 3.22, 0.00, 3.22, 3.23, 3.23, 3.21, 180227.8, 58020627, 0.45, 0.62, 0.77, 765.44595
2017-08-31, 3, zhong_du, 3.58, 3.21, -0.31, 3.22, 3.21, 3.23, 3.20, 113791, 36614577, 0.29, 0.93, 0.97, 779.62995
2017-09-01, 3, zhong_du, 3.58, 3.21, -0.31, 3.22, 3.22, 3.23, 3.19, 212446.55, 68157298, 0.53, 1.24, 0.91, 1030.95508
2017-09-04, 3, zhong_du, 3.58, 3.21, -0.31, 3.22, 3.21, 3.23, 3.20, 113791, 36614577, 0.29, 0.93, 0.97, 671.24891
2017-09-05, 2, qing_du, 3.58, 3.21, -0.62, 3.23, 3.22, 3.23, 3.20, 265648.67, 85235730, 0.67, 0.93, 1.14, 725.46411
2017-09-06, 2, qing_du, 3.57, 3.21, -0.31, 3.22, 3.21, 3.23, 3.20, 113791, 36614577, 0.29, 0.93, 0.97, 2541.77904
2017-09-07, 2, qing_du, 3.57, 3.21, -0.31, 3.22, 3.21, 3.23, 3.20, 113791, 36614577, 0.29, 0.93, 0.97, 668.60795
2017-09-08, 3, zhong_du, 3.56, 3.25, 0.31, 3.24, 3.23, 3.27, 3.23, 264179.69, 85782035, 0.66, 1.23, 1.13, 3513.5951
2017-09-11, 3, zhong_du, 3.56, 3.21, -0.31, 3.22, 3.21, 3.23, 3.20, 113791, 36614577, 0.29, 0.93, 0.97, 732.91516
2017-09-12, 3, zhong_du, 3.56, 3.22, -0.92, 3.25, 3.25, 3.26, 3.21, 324554.3, 104784039, 0.82, 1.54, 1.39, 2837.07094
2017-09-13, 3, zhong_du, 3.56, 3.25, 0.93, 3.22, 3.23, 3.26, 3.21, 313470.24, 101371502, 0.79, 1.55, 1.34, 678.56908
2017-09-14, 3, zhong_du, 3.55, 3.27, 0.62, 3.25, 3.25, 3.29, 3.23, 366302.85, 119290600, 0.92, 1.85, 1.57, 798.84291
2017-09-15, 3, zhong_du, 3.55, 3.23, -1.22, 3.27, 3.26, 3.27, 3.23, 261521.18, 84910158, 0.66, 1.22, 1.12, 930.25923
2017-09-18, 3, zhong_du, 3.55, 3.26, 0.93, 3.23, 3.23, 3.27, 3.22, 227989.69, 73925296, 0.57, 1.55, 0.98, 616.61005
2017-09-19, 3, zhong_du, 3.55, 3.28, 0.61, 3.26, 3.26, 3.29, 3.24, 327332.09, 107000820, 0.82, 1.53, 1.40, 1192.96813
2017-09-20, 3, zhong_du, 3.54, 3.45, 5.18, 3.28, 3.27, 3.54, 3.27, 1317315.25, 451180503, 3.32, 8.23, 5.64, 680.94182
2017-09-21, 3, zhong_du, 3.54, 3.40, -1.45, 3.45, 3.45, 3.49, 3.37, 753826.9, 257730396, 1.90, 3.48, 3.23, 764.21404
2017-09-22, 3, zhong_du, 3.54, 3.35, -1.47, 3.40, 3.39, 3.39, 3.33, 469088.33, 157066021, 1.18, 1.76, 2.01, 670.44306
2017-09-25, 3, zhong_du, 3.54, 3.42, 2.09, 3.35, 3.33, 3.52, 3.33, 708468.26, 243570193, 1.78, 5.67, 3.03, 624.04394
2017-09-26, 3, zhong_du, 3.54, 3.39, -0.88, 3.42, 3.40, 3.44, 3.36, 302253, 102353975, 0.76, 2.34, 1.29, 680.33695
2017-09-27, 3, zhong_du, 3.54, 3.42, 0.88, 3.39, 3.40, 3.44, 3.35, 301815.83, 102476010, 0.76, 2.65, 1.29, 650.2099
2017-09-28, 3, zhong_du, 3.53, 3.42, 0.00, 3.42, 3.41, 3.47, 3.40, 352996.61, 120964067, 0.89, 2.05, 1.51, 678.21407
2017-09-29, 4, gao_du, 3.53, 3.40, -0.58, 3.42, 3.40, 3.42, 3.38, 283084.5, 96132393, 0.71, 1.17, 1.21, 754.15492
2017-10-10, 4, gao_du, 3.54, 3.60, 0.00, 3.60, 3.57, 3.66, 3.55, 779089.01, 280512642, 1.96, 3.06, 3.34, 643.83078
2017-10-12, 5, qiang_lie, 3.54, 3.60, 1.12, 3.56, 3.55, 3.63, 3.53, 451182.38, 161435432, 1.14, 2.81, 1.93, 699.54991
2017-10-13, 5, qiang_lie, 3.54, 3.61, 0.28, 3.60, 3.59, 3.65, 3.58, 396204.97, 143182714, 1.00, 1.94, 1.70, 510.86402
2017-10-16, 4, gao_du, 3.54, 3.45, -4.43, 3.61, 3.61, 3.61, 3.45, 627993.12, 220578526, 1.58, 4.43, 2.69, 770.33401
2017-10-17, 4, gao_du, 3.54, 3.48, 0.87, 3.45, 3.47, 3.50, 3.42, 227973.89, 79090837, 0.57, 2.32, 0.98, 655.26605
2017-10-18, 4, gao_du, 3.54, 3.63, 4.31, 3.48, 3.50, 3.73, 3.46, 1133000.69, 410881785, 2.85, 7.76, 4.85, 739.03418
2017-10-19, 4, gao_du, 3.54, 3.55, -2.20, 3.63, 3.60, 3.65, 3.53, 587226.15, 209977032, 1.48, 3.31, 2.51, 2674.28493
2017-10-20, 4, gao_du, 3.54, 3.61, 1.69, 3.55, 3.53, 3.63, 3.51, 427607.1, 153637721, 1.08, 3.38, 1.83, 719.74707
2017-10-23, 4, gao_du, 3.54, 3.67, 1.66, 3.61, 3.61, 3.72, 3.61, 511435.01, 187894404, 1.29, 3.05, 2.19, 749.46189
2017-10-24, 5, qiang_lie, 3.54, 3.67, 0.00, 3.67, 3.69, 3.69, 3.58, 437055.9, 158818126, 1.10, 3.00, 1.87, 763.3698
2017-10-25, 5, qiang_lie, 3.55, 3.76, 2.45, 3.67, 3.66, 3.79, 3.63, 691751.31, 257861222, 1.74, 4.36, 2.96, 5483.26111
2017-10-26, 5, qiang_lie, 3.55, 3.70, -1.60, 3.76, 3.74, 3.83, 3.68, 876695.71, 328421061, 2.21, 3.99, 3.75, 795.86101
2017-10-27, 5, qiang_lie, 3.55, 3.66, -1.08, 3.70, 3.70, 3.74, 3.61, 613085.72, 224571896, 1.54, 3.51, 2.62, 687.44612
2017-10-30, 5, qiang_lie, 3.55, 3.50, -4.37, 3.66, 3.65, 3.68, 3.49, 695736.42, 246872064, 1.75, 5.19, 2.98, 722.30005
2017-10-31, 4, gao_du, 3.55, 3.56, 1.71, 3.50, 3.50, 3.56, 3.49, 332195.86, 117235423, 0.84, 2.00, 1.42, 690.99712
2017-11-01, 4, gao_du, 3.55, 3.52, -1.12, 3.56, 3.56, 3.57, 3.51, 311156.73, 109947455, 0.78, 1.69, 1.33, 621.54889
2017-11-02, 3, zhong_du, 3.55, 3.41, -3.13, 3.52, 3.52, 3.52, 3.38, 511308.26, 174911796, 1.29, 3.98, 2.19, 725.16894
2017-11-03, 3, zhong_du, 3.55, 3.40, -0.29, 3.41, 3.40, 3.42, 3.37, 301744.93, 102447933, 0.76, 1.47, 1.29, 762.50696
2017-11-06, 3, zhong_du, 3.55, 3.51, 3.24, 3.40, 3.41, 3.53, 3.39, 413782.53, 143130143, 1.04, 4.12, 1.77, 240702.28505
2017-11-07, 3, zhong_du, 3.55, 3.52, 0.28, 3.51, 3.49, 3.53, 3.47, 301679.78, 105361095, 0.76, 1.71, 1.29, 120706.94399
2017-11-08, 3, zhong_du, 3.55, 3.50, -0.28, 3.51, 3.49, 3.53, 3.47, 180170.79, 62966890, 0.45, 1.71, 1.54, 244948.0691
2017-11-10, 3, zhong_du, 3.55, 3.62, 2.55, 3.53, 3.52, 3.68, 3.48, 906117.34, 326902455, 2.28, 5.67, 2.55, 948.9398
2017-11-13, 3, zhong_du, 3.55, 3.72, 2.76, 3.62, 3.62, 3.75, 3.59, 826634.61, 305175472, 2.08, 4.42, 1.74, 594.21206
2017-11-14, 4, gao_du, 3.55, 3.65, -1.88, 3.72, 3.72, 3.77, 3.62, 637435.11, 234531799, 1.60, 4.03, 1.14, 738.27696
2017-11-15, 5, qiang_lie, 3.56, 3.81, 4.38, 3.65, 3.65, 3.82, 3.62, 1042145.5, 389552317, 2.62, 5.48, 1.67, 713.58109
2017-11-16, 5, qiang_lie, 3.57, 3.79, -0.52, 3.81, 3.77, 3.88, 3.74, 1087703.19, 415095435, 2.74, 3.67, 1.41, 1192.43908
2017-11-17, 5, qiang_lie, 3.57, 3.58, -5.54, 3.79, 3.76, 3.79, 3.58, 857040.07, 314757892, 2.16, 5.54, 0.95, 819.46397
2017-11-20, 5, qiang_lie, 3.57, 3.68, 2.79, 3.58, 3.53, 3.69, 3.52, 561480.6, 202462711, 1.41, 4.75, 0.63, 725.66509
2017-11-21, 4, gao_du, 3.57, 3.84, 4.35, 3.68, 3.68, 3.85, 3.66, 1057971.07, 401049025, 2.66, 5.16, 1.26, 658.96702
2017-11-22, 4, gao_du, 3.58, 3.80, -1.04, 3.84, 3.83, 3.91, 3.75, 991026.33, 378876458, 2.49, 4.17, 1.08, 1303.81703
2017-11-23, 5, qiang_lie, 3.59, 3.77, -0.79, 3.80, 3.80, 3.90, 3.76, 1180039.61, 453313059, 2.97, 3.68, 1.30, 1076.60985
2017-11-24, 5, qiang_lie, 3.59, 3.92, 3.98, 3.77, 3.77, 3.96, 3.65, 1198952.4, 459289691, 3.02, 8.22, 1.29, 672.26815
2017-11-27, 5, qiang_lie, 3.60, 3.76, -4.08, 3.92, 3.87, 3.97, 3.76, 1070884.08, 412263836, 2.70, 5.36, 1.07, 630.5759
2017-11-28, 5, qiang_lie, 3.61, 3.92, 4.26, 3.76, 3.73, 3.92, 3.70, 947198.16, 363660083, 2.38, 5.85, 0.86, 833.30512
2017-11-29, 5, qiang_lie, 3.61, 3.87, -1.28, 3.92, 3.90, 3.93, 3.82, 797903.41, 309444904, 2.01, 2.81, 0.74, 977.7801
2017-11-30, 5, qiang_lie, 3.62, 3.89, 0.52, 3.87, 3.85, 3.98, 3.81, 914611.03, 357456713, 2.30, 4.39, 0.88, 4617.83004
2017-12-01, 5, qiang_lie, 3.63, 4.00, 2.83, 3.89, 3.85, 4.08, 3.85, 1487759.61, 595069230, 3.74, 5.91, 1.51, 724.00784
2017-12-04, 5, qiang_lie, 3.64, 4.01, 0.25, 4.00, 4.00, 4.04, 3.93, 919362.25, 366597113, 2.31, 2.75, 0.88, 667.29903
2017-12-05, 5, qiang_lie, 3.65, 3.86, -3.74, 4.01, 3.99, 4.01, 3.80, 1091472.56, 425225939, 2.75, 5.24, 1.08, 718.34898
2017-12-06, 5, qiang_lie, 3.66, 4.07, 5.44, 3.86, 3.84, 4.07, 3.81, 1385324.51, 550141430, 3.49, 6.74, 1.33, 496.0959
2017-12-07, 5, qiang_lie, 3.67, 4.01, -1.47, 4.07, 4.03, 4.12, 3.99, 984544.94, 397873188, 2.48, 3.19, 0.85, 830.48201
2017-12-08, 5, qiang_lie, 3.68, 3.98, -0.75, 4.01, 4.02, 4.07, 3.96, 861790.57, 345575154, 2.17, 2.74, 0.73, 612.87284
2017-12-11, 5, qiang_lie, 3.68, 3.99, 0.25, 3.98, 3.95, 4.01, 3.90, 811071.95, 320423841, 2.04, 2.76, 0.77, 766.16693
2017-12-12, 5, qiang_lie, 3.69, 3.92, -1.75, 3.99, 3.97, 4.03, 3.92, 646701.03, 256563344, 1.63, 2.76, 0.63, 706.26998
2017-12-13, 5, qiang_lie, 3.69, 3.95, 0.77, 3.92, 3.91, 3.95, 3.90, 528724.79, 207526459, 1.33, 1.28, 0.56, 579.41103
2017-12-14, 5, qiang_lie, 3.69, 3.96, 0.25, 3.95, 3.93, 3.98, 3.83, 810327.85, 315650802, 2.04, 3.80, 1.06, 742.88201
2017-12-15, 5, qiang_lie, 3.70, 3.83, -3.28, 3.96, 3.96, 3.96, 3.83, 591266.94, 229220334, 1.49, 3.28, 0.81, 603.36709
2017-12-18, 5, qiang_lie, 3.70, 3.74, -2.35, 3.83, 3.81, 3.86, 3.72, 543376.25, 205000930, 1.37, 3.66, 0.80, 563.26389
2017-12-19, 4, gao_du, 3.70, 3.77, 0.80, 3.74, 3.75, 3.80, 3.74, 293924.48, 110893652, 0.74, 1.60, 0.47, 946.85388
2017-12-20, 4, gao_du, 3.70, 3.77, 0.00, 3.77, 3.76, 3.79, 3.70, 375792.43, 140858191, 0.95, 2.39, 0.68, 708.65798
2017-12-21, 3, zhong_du, 3.70, 3.83, 1.59, 3.77, 3.76, 3.86, 3.74, 463308.35, 176799526, 1.17, 3.18, 0.89, 575.70505
2017-12-22, 4, gao_du, 3.70, 3.82, -0.26, 3.83, 3.81, 3.85, 3.78, 279151.07, 106321843, 0.70, 1.83, 0.62, 693.55607
2017-12-25, 4, gao_du, 3.70, 3.73, -2.36, 3.82, 3.80, 3.81, 3.73, 323037.6, 121286546, 0.81, 2.09, 0.83, 1026.06702
2017-12-26, 3, zhong_du, 3.70, 3.64, -2.41, 3.73, 3.72, 3.74, 3.55, 584806.05, 212591055, 1.47, 5.09, 1.69, 619.11201
2017-12-27, 3, zhong_du, 3.70, 3.61, -0.82, 3.64, 3.61, 3.68, 3.58, 307257.54, 111556606, 0.77, 2.75, 0.76, 549.96705
2017-12-29, 2, qing_du, 3.70, 3.61, 0.84, 3.58, 3.60, 3.64, 3.58, 222168.39, 80274465, 0.56, 1.68, 0.56, 685.48107
2018-01-03, 1, wei_ruo, 3.70, 3.63, 0.55, 3.61, 3.62, 3.65, 3.59, 312438.57, 113130852, 0.79, 1.66, 0.83, 782.65715
2018-01-04, 1, wei_ruo, 3.70, 3.63, 0.00, 3.63, 3.62, 3.66, 3.60, 297742.53, 108280316, 0.75, 1.65, 0.93, 643.49389
2018-01-05, 1, wei_ruo, 3.69, 3.56, -1.93, 3.63, 3.63, 3.64, 3.55, 373920.5, 133825140, 0.94, 2.48, 1.17, 640.54203
2018-01-08, 1, wei_ruo, 3.69, 3.59, 0.84, 3.56, 3.56, 3.59, 3.52, 260350.96, 92427611, 0.66, 1.97, 0.85, 647.91799
2018-01-09, 1, wei_ruo, 3.69, 3.56, -0.84, 3.59, 3.59, 3.59, 3.54, 193308.16, 68836567, 0.49, 1.39, 0.66, 687.41298
2018-01-10, 1, wei_ruo, 3.69, 3.48, -2.25, 3.56, 3.55, 3.57, 3.47, 354861.09, 124686588, 0.89, 2.81, 1.23, 732.07808
2018-01-11, 1, wei_ruo, 3.69, 3.61, 3.74, 3.48, 3.48, 3.62, 3.42, 473671.34, 166349166, 1.19, 5.75, 1.60, 670.09377
2018-01-12, 1, wei_ruo, 3.69, 3.54, -1.94, 3.61, 3.58, 3.60, 3.53, 268705.06, 95796375, 0.68, 1.94, 0.81, 744.21501
2018-01-15, 1, wei_ruo, 3.69, 3.45, -2.54, 3.54, 3.54, 3.56, 3.43, 317121.23, 109977987, 0.80, 3.67, 1.02, 681.29706
2018-01-16, 1, wei_ruo, 3.69, 3.42, -0.87, 3.45, 3.43, 3.47, 3.39, 295294.31, 101399721, 0.74, 2.32, 0.92, 815.43016
2018-01-17, 1, wei_ruo, 3.68, 3.44, 0.58, 3.42, 3.42, 3.45, 3.36, 283311.81, 96510104, 0.71, 2.63, 0.83, 645.72001
2018-01-18, 1, wei_ruo, 3.68, 3.41, -0.87, 3.44, 3.42, 3.45, 3.40, 157792.7, 54006394, 0.40, 1.45, 0.49, 481.18114
2018-01-19, 1, wei_ruo, 3.68, 3.36, -1.47, 3.41, 3.40, 3.41, 3.35, 291777.25, 98592677, 0.73, 1.76, 1.10, 659.75785
2018-01-22, 1, wei_ruo, 3.68, 3.36, 0.00, 3.36, 3.35, 3.38, 3.29, 275245.25, 91820219, 0.69, 2.68, 1.02, 620.57805
2018-01-23, 1, wei_ruo, 3.68, 3.32, -1.19, 3.36, 3.35, 3.36, 3.30, 233428.5, 77583616, 0.59, 1.79, 0.90, 691.23006
2018-01-24, 1, wei_ruo, 3.67, 3.36, 1.20, 3.32, 3.31, 3.38, 3.26, 390027.75, 129526756, 0.98, 3.61, 1.57, 622.73288
2018-01-25, 1, wei_ruo, 3.67, 3.35, -0.30, 3.36, 3.34, 3.41, 3.33, 320266.64, 108107346, 0.81, 2.38, 1.19, 732.47409
2018-01-26, 1, wei_ruo, 3.67, 3.36, 0.30, 3.35, 3.37, 3.39, 3.34, 175679.33, 59165256, 0.44, 1.49, 0.58, 658.50496
2018-01-29, 1, wei_ruo, 3.67, 3.31, -1.49, 3.36, 3.36, 3.38, 3.29, 236098.5, 78630825, 0.59, 2.68, 0.85, 738.51395
2018-01-30, 1, wei_ruo, 3.67, 3.30, -0.30, 3.31, 3.30, 3.33, 3.29, 109858.5, 36347871, 0.28, 1.21, 0.41, 588.377
2018-01-31, 1, wei_ruo, 3.66, 3.39, 2.73, 3.30, 3.32, 3.44, 3.32, 478956.55, 162527159, 1.21, 3.64, 1.94, 663.5921
2018-02-01, 1, wei_ruo, 3.66, 3.30, -2.65, 3.39, 3.38, 3.41, 3.29, 296698.85, 99357134, 0.75, 3.54, 1.12, 608.92606
2018-02-02, 1, wei_ruo, 3.66, 3.22, -2.42, 3.30, 3.29, 3.30, 3.14, 285273.9, 92153930, 0.72, 4.85, 1.10, 898.75793
2018-02-05, 1, wei_ruo, 3.65, 3.23, 0.31, 3.22, 3.19, 3.25, 3.15, 141335.58, 45532338, 0.36, 3.11, 0.50, 884.24897
2018-02-06, 1, wei_ruo, 3.65, 3.03, -6.19, 3.23, 3.18, 3.22, 3.02, 348016.47, 108634069, 0.88, 6.19, 1.33, 591.72583
2018-02-07, 1, wei_ruo, 3.65, 3.07, 1.32, 3.03, 3.09, 3.12, 3.00, 210908.64, 64807644, 0.53, 3.96, 0.68, 882.59292
2018-02-08, 1, wei_ruo, 3.64, 3.11, 1.30, 3.07, 3.07, 3.12, 3.06, 155567.24, 48183771, 0.39, 1.95, 0.69, 834.04589
2018-02-09, 1, wei_ruo, 3.64, 3.08, -0.96, 3.11, 3.06, 3.12, 3.02, 323101.7, 99497566, 0.81, 3.22, 1.71, 766.98208
2018-02-12, 1, wei_ruo, 3.64, 3.17, 2.92, 3.08, 3.11, 3.18, 3.09, 184368.9, 58118377, 0.46, 2.92, 0.79, 2821.44809
2018-02-13, 1, wei_ruo, 3.64, 3.16, -0.32, 3.17, 3.17, 3.20, 3.14, 155442.5, 49292312, 0.39, 1.89, 0.65, 697.83401
2018-02-14, 1, wei_ruo, 3.63, 3.13, -0.95, 3.16, 3.15, 3.17, 3.10, 140510.55, 43961412, 0.35, 2.22, 0.81, 774.90091
