2015-08-20, 1, wei_ruo, 17.16, 15.36, -7.86, 16.67, 16.01, 16.53, 15.30, 134855.85, 215232536, 4.35, 7.38, 0.59, 873.37089
2015-08-21, 1, wei_ruo, 17.05, 13.88, -9.64, 15.36, 15.08, 15.21, 13.85, 116634.7, 169286912, 3.76, 8.85, 0.51, 3107.10406
2015-08-24, 1, wei_ruo, 16.96, 12.49, -10.01, 13.88, 13.00, 13.00, 12.49, 64370.01, 81159367, 2.08, 3.67, 0.29, 2977.62799
2015-08-25, 1, wei_ruo, 16.76, 11.24, -10.01, 12.49, 11.24, 11.95, 11.24, 111362.67, 126995857, 3.59, 5.68, 0.65, 1207.66592
2015-08-26, 1, wei_ruo, 16.49, 11.27, 0.27, 11.24, 11.35, 12.14, 10.94, 160688.65, 185845219, 5.18, 10.68, 1.25, 1063.77721
2015-08-27, 1, wei_ruo, 16.30, 11.90, 5.59, 11.27, 11.68, 11.90, 11.00, 117624.22, 135824790, 3.79, 7.99, 1.00, 1610.00991
2015-08-28, 1, wei_ruo, 16.13, 12.89, 8.32, 11.90, 12.06, 12.99, 12.03, 144512.82, 178835375, 4.66, 8.07, 1.27, 883.17609
2015-08-31, 1, wei_ruo, 15.97, 11.88, -7.84, 12.89, 12.75, 12.75, 11.88, 126598.9, 154688061, 4.08, 6.75, 1.06, 1760.47611
2015-09-01, 1, wei_ruo, 15.80, 10.69, -10.02, 11.88, 11.80, 11.80, 10.69, 108993.47, 119359782, 3.51, 9.34, 0.82, 1096.53997
2015-09-02, 1, wei_ruo, 15.65, 10.34, -3.27, 10.69, 10.05, 11.28, 9.90, 86275.72, 91314938, 2.78, 12.91, 0.66, 1645.40601
2015-09-02, 1, wei_ruo, 15.65, 10.34, -3.27, 10.69, 10.05, 11.28, 9.90, 86275.72, 91314938, 2.78, 12.91, 0.66, 941.35785
2015-09-02, 1, wei_ruo, 15.65, 10.34, -3.27, 10.69, 10.05, 11.28, 9.90, 86275.72, 91314938, 2.78, 12.91, 0.66, 1015.23209
2015-09-07, 1, wei_ruo, 15.51, 10.75, 3.97, 10.34, 10.88, 11.09, 10.61, 86544.6, 94209363, 2.79, 4.64, 0.74, 1237.71691
2015-09-08, 1, wei_ruo, 15.38, 11.34, 5.49, 10.75, 10.72, 11.40, 10.50, 93615.33, 101827365, 3.02, 8.37, 0.85, 1175.07195
2015-09-09, 1, wei_ruo, 15.21, 12.47, 9.96, 11.34, 11.58, 12.47, 11.46, 162458.29, 193304519, 5.24, 8.91, 1.62, 906.97503
2015-09-10, 1, wei_ruo, 15.03, 12.44, -0.24, 12.47, 12.03, 12.92, 11.91, 195085.63, 244893218, 6.29, 8.10, 1.81, 924.45803
2015-09-11, 1, wei_ruo, 14.94, 12.70, 2.09, 12.44, 12.44, 12.80, 12.20, 121644.16, 151576148, 3.92, 4.82, 0.97, 1181.80895
2015-09-14, 1, wei_ruo, 14.81, 11.55, -9.06, 12.70, 12.71, 12.97, 11.43, 129748.36, 156069538, 4.18, 12.13, 0.98, 1018.55898
2015-09-15, 1, wei_ruo, 14.70, 11.18, -3.20, 11.55, 11.25, 11.54, 10.51, 94739.51, 104136421, 3.05, 8.92, 0.67, 4409.64413
2015-09-16, 1, wei_ruo, 14.60, 12.07, 7.96, 11.18, 11.21, 12.30, 11.08, 102901.73, 120545813, 3.32, 10.91, 0.73, 1061.93614
2015-09-17, 1, wei_ruo, 14.50, 11.55, -4.31, 12.07, 12.07, 12.45, 11.55, 115871.12, 139069386, 3.74, 7.46, 0.90, 1101.79615
2015-09-18, 1, wei_ruo, 14.44, 11.59, 0.35, 11.55, 11.56, 11.84, 11.29, 66674.28, 77037673, 2.15, 4.76, 0.59, 908.32186
2015-09-21, 1, wei_ruo, 14.37, 11.99, 3.45, 11.59, 11.54, 12.11, 11.26, 82408.21, 96645201, 2.66, 7.33, 0.81, 1024.88494
2015-09-22, 1, wei_ruo, 14.29, 12.12, 1.08, 11.99, 12.08, 12.45, 11.90, 106700.88, 129382412, 3.44, 4.59, 1.15, 1063.82394
2015-09-30, 1, wei_ruo, 14.21, 12.30, 1.49, 12.12, 13.33, 13.33, 12.30, 156362.66, 200006238, 5.04, 8.50, 1.65, 1727.62799
2015-10-08, 1, wei_ruo, 14.13, 12.73, 3.50, 12.30, 12.55, 12.86, 12.20, 145030.78, 183030913, 4.68, 5.37, 1.37, 977.46491
2015-10-14, 1, wei_ruo, 14.04, 13.62, -4.22, 14.22, 14.24, 14.38, 13.60, 150032.42, 208808089, 4.84, 5.49, 0.89, 1151.85189
2015-10-15, 1, wei_ruo, 14.03, 13.95, 2.42, 13.62, 13.76, 14.07, 13.50, 148147.84, 204110442, 4.78, 4.19, 0.89, 818.10522
2015-10-16, 1, wei_ruo, 14.02, 13.87, -0.57, 13.95, 14.00, 14.10, 13.57, 129783.02, 179637625, 4.18, 3.80, 0.77, 1358.92987
2015-10-19, 1, wei_ruo, 14.05, 14.49, 4.47, 13.87, 13.96, 14.83, 13.81, 231848.3, 331250950, 7.47, 7.35, 1.44, 1167.95301
2015-10-29, 3, zhong_du, 14.11, 14.17, 0.43, 14.11, 14.28, 14.40, 13.86, 72994.99, 103564199, 2.35, 3.83, 0.53, 1129.75502
2015-10-30, 3, zhong_du, 14.10, 13.98, -1.34, 14.17, 14.03, 14.26, 13.76, 67550.93, 94728158, 2.18, 3.53, 0.50, 906.46005
2015-11-02, 3, zhong_du, 14.10, 14.16, 1.29, 13.98, 13.68, 14.54, 13.55, 113860.49, 161568693, 3.67, 7.08, 0.89, 1082.59892
2015-11-03, 3, zhong_du, 14.17, 15.58, 10.03, 14.16, 14.38, 15.58, 14.38, 186938.32, 286768982, 6.03, 8.47, 1.77, 1132.13611
2015-11-04, 4, gao_du, 14.48, 16.88, 8.34, 15.58, 16.00, 17.14, 15.82, 400347.9, 656091357, 12.91, 8.47, 3.57, 898.844
2015-11-05, 4, gao_du, 14.65, 16.22, -3.91, 16.88, 16.46, 16.80, 16.12, 274210.53, 448712901, 8.84, 4.03, 1.63, 1152.60482
2015-11-06, 5, qiang_lie, 14.74, 16.36, 0.86, 16.22, 16.28, 16.50, 16.02, 174235.19, 284336429, 5.62, 2.96, 0.84, 1311.26094
2015-11-09, 5, qiang_lie, 14.84, 16.56, 1.22, 16.36, 16.13, 16.60, 15.89, 184836.02, 300555022, 5.96, 4.34, 0.80, 16984.658
2015-11-10, 5, qiang_lie, 14.91, 16.34, -1.33, 16.56, 16.30, 16.79, 16.05, 149135.18, 245331224, 4.81, 4.47, 0.61, 409.07192
2015-11-11, 5, qiang_lie, 14.91, 17.48, 6.98, 16.34, 16.25, 17.88, 16.08, 245326.17, 417686763, 7.91, 11.02, 1.04, 479.86102
2015-11-12, 5, qiang_lie, 15.20, 16.94, -3.09, 17.48, 17.28, 17.46, 16.76, 171071.78, 291327806, 5.51, 4.00, 0.83, 956.18606
2015-11-13, 5, qiang_lie, 15.24, 16.43, -3.01, 16.94, 16.90, 16.90, 16.26, 95859.44, 158742501, 3.09, 3.78, 0.52, 1202.95215
2015-11-16, 5, qiang_lie, 15.28, 17.05, 3.77, 16.43, 16.10, 17.15, 16.00, 92725.48, 155177151, 2.99, 7.00, 0.55, 980.24988
2015-11-17, 5, qiang_lie, 15.38, 17.34, 1.70, 17.05, 17.16, 17.58, 16.82, 158099.83, 270918195, 5.10, 4.46, 1.05, 1283.7429
2015-11-18, 5, qiang_lie, 15.43, 16.53, -4.67, 17.34, 17.29, 17.38, 16.33, 94074.1, 160060605, 3.03, 6.06, 0.62, 1445.44601
2015-11-19, 5, qiang_lie, 15.47, 16.95, 2.54, 16.53, 17.06, 17.30, 16.70, 81373.09, 137917698, 2.62, 3.63, 0.66, 1756.72603
2015-11-20, 5, qiang_lie, 15.52, 17.10, 0.88, 16.95, 16.95, 17.29, 16.82, 94141.85, 160514491, 3.03, 2.77, 0.90, 32370.84198
2015-11-23, 5, qiang_lie, 15.63, 17.52, 2.46, 17.10, 17.17, 18.29, 17.00, 177833.8, 316356514, 5.73, 7.54, 1.71, 16572.3021
2015-11-24, 5, qiang_lie, 15.74, 17.99, 2.68, 17.52, 17.30, 18.25, 17.16, 149028.01, 264022295, 4.80, 6.22, 1.23, 1151.36003
2015-11-25, 5, qiang_lie, 15.87, 18.54, 3.06, 17.99, 18.24, 18.68, 17.90, 149423.64, 271768099, 4.82, 4.34, 1.25, 991.94503
2015-11-26, 5, qiang_lie, 15.95, 17.99, -2.97, 18.54, 18.00, 18.67, 17.90, 108954.78, 197863673, 3.51, 4.15, 0.84, 2913.78498
2015-11-27, 5, qiang_lie, 16.00, 16.81, -6.56, 17.99, 17.80, 18.00, 16.50, 138088.65, 242112287, 4.45, 8.34, 1.02, 896.46292
2015-11-30, 5, qiang_lie, 16.04, 17.51, 4.16, 16.81, 17.00, 17.80, 16.15, 115853.89, 198220676, 3.73, 9.82, 0.80, 925.82703
2015-12-01, 5, qiang_lie, 16.09, 17.14, -2.11, 17.51, 17.50, 18.00, 16.95, 119873.44, 209667722, 3.86, 6.00, 0.91, 1537.21285
2015-12-02, 5, qiang_lie, 16.11, 16.67, -2.74, 17.14, 17.17, 17.44, 16.41, 76097.45, 126937642, 2.45, 6.01, 0.66, 2887.81619
2015-12-03, 5, qiang_lie, 16.11, 17.09, 2.77, 16.63, 16.66, 17.23, 16.59, 58454.95, 98831029, 1.88, 3.85, 0.52, 808.82812
2015-12-04, 5, qiang_lie, 16.16, 17.79, 4.10, 17.09, 17.09, 17.95, 16.91, 107320.16, 186842568, 3.46, 6.09, 1.04, 594.347
2015-12-07, 5, qiang_lie, 16.21, 17.70, -0.51, 17.79, 17.90, 17.92, 17.31, 92945.42, 164141539, 3.00, 3.43, 0.96, 649.95503
2015-12-08, 5, qiang_lie, 16.23, 17.05, -3.67, 17.70, 17.60, 17.60, 17.05, 66648.01, 115233949, 2.15, 3.11, 0.72, 823.10891
2015-12-09, 5, qiang_lie, 16.28, 17.98, 5.45, 17.05, 17.12, 18.00, 17.10, 107623.32, 190044458, 3.47, 5.28, 1.32, 657.30906
2015-12-10, 5, qiang_lie, 16.38, 18.32, 1.89, 17.98, 17.90, 18.85, 17.51, 158557.27, 290809687, 5.11, 7.45, 1.83, 832.38196
2015-12-11, 5, qiang_lie, 16.42, 17.61, -3.88, 18.32, 18.52, 18.58, 17.55, 94225.89, 168814560, 3.04, 5.62, 0.88, 1027.38905
2015-12-14, 5, qiang_lie, 16.45, 17.90, 1.65, 17.61, 17.19, 18.00, 17.08, 56901.76, 99189838, 1.83, 5.22, 0.55, 2887.72106
2015-12-15, 5, qiang_lie, 16.47, 18.06, 0.89, 17.90, 17.90, 18.15, 17.71, 53398.12, 95820373, 1.72, 2.46, 0.55, 1037.95004
2015-12-16, 5, qiang_lie, 16.51, 17.68, -2.10, 18.06, 18.10, 18.30, 17.64, 81672.23, 145765092, 2.63, 3.65, 0.87, 4093.93787
2015-12-17, 5, qiang_lie, 16.59, 18.74, 6.00, 17.68, 17.71, 18.77, 17.71, 133966.9, 245314420, 4.32, 6.00, 1.51, 2753.76701
2015-12-18, 5, qiang_lie, 16.66, 18.41, -1.76, 18.74, 18.59, 18.98, 18.24, 99958.46, 185462920, 3.22, 3.95, 1.19, 793.78796
2015-12-21, 5, qiang_lie, 16.72, 18.65, 1.30, 18.41, 18.13, 19.08, 18.13, 100266.86, 187448767, 3.23, 5.16, 1.18, 1099.23601
2015-12-22, 5, qiang_lie, 16.84, 19.90, 6.70, 18.65, 18.65, 20.00, 18.15, 147633.68, 278661123, 4.82, 9.92, 1.57, 2270.26105
2015-12-23, 5, qiang_lie, 16.94, 19.10, -4.02, 19.90, 19.60, 19.80, 19.06, 116756.74, 226272197, 3.81, 3.72, 1.04, 845.88885
2015-12-24, 5, qiang_lie, 16.98, 18.82, -1.47, 19.10, 18.91, 19.10, 18.52, 75657.42, 142221017, 2.47, 3.04, 0.63, 938.41982
2015-12-25, 5, qiang_lie, 17.02, 18.91, 0.48, 18.82, 18.82, 19.08, 18.68, 52143.23, 98379848, 1.70, 2.13, 0.48, 798.60806
2015-12-28, 5, qiang_lie, 17.06, 17.81, -5.82, 18.91, 19.22, 19.27, 17.80, 99434.95, 183808887, 3.25, 7.77, 1.01, 1560.35519
2015-12-29, 5, qiang_lie, 17.07, 17.77, -0.22, 17.81, 17.60, 17.82, 17.17, 64975.68, 113971313, 2.12, 3.65, 0.66, 918.19692
2015-12-30, 4, gao_du, 17.08, 17.94, 0.96, 17.77, 17.69, 18.06, 17.67, 48909.45, 87448577, 1.60, 2.19, 0.50, 2874.94087
2015-12-31, 3, zhong_du, 17.09, 17.08, -4.79, 17.94, 17.74, 18.08, 17.00, 67955.59, 119058106, 2.22, 6.02, 0.69, 3116.27984
2016-01-04, 3, zhong_du, 17.07, 15.38, -9.95, 17.08, 17.20, 17.50, 15.37, 54014.98, 88422323, 1.76, 12.47, 0.55, 1699.93281
2016-01-05, 2, qing_du, 17.01, 14.77, -3.97, 15.38, 14.70, 15.38, 14.01, 84633.48, 125610913, 2.76, 8.91, 0.86, 2823.87018
2016-01-06, 2, qing_du, 16.97, 15.29, 3.52, 14.77, 14.94, 15.45, 14.88, 59124.46, 89539600, 1.93, 3.86, 0.60, 945.82605
2016-01-07, 1, wei_ruo, 16.96, 13.77, -9.94, 15.29, 15.10, 15.10, 13.76, 15979, 22960444, 0.52, 8.76, 0.16, 773.71311
2016-01-08, 1, wei_ruo, 16.97, 14.01, 1.74, 13.77, 14.43, 14.45, 13.05, 67605.74, 94704514, 2.21, 10.17, 0.69, 4187.37006
2016-01-11, 1, wei_ruo, 16.83, 13.60, -2.93, 14.01, 13.82, 14.90, 13.45, 77674.31, 109730064, 2.54, 10.35, 0.79, 4882.653
2016-01-12, 1, wei_ruo, 16.76, 14.89, 9.49, 13.60, 13.74, 14.92, 13.30, 78606.35, 110254215, 2.57, 11.91, 0.80, 1007.48992
2016-01-13, 1, wei_ruo, 16.71, 13.95, -6.31, 14.89, 14.90, 15.10, 13.88, 64578.5, 94258663, 2.11, 8.19, 0.66, 3860.19015
2016-01-14, 1, wei_ruo, 16.67, 14.38, 3.08, 13.95, 13.50, 14.63, 13.50, 54079.05, 76889040, 1.77, 8.10, 0.55, 1017.23599
2016-01-15, 1, wei_ruo, 16.62, 13.98, -2.78, 14.38, 14.38, 14.56, 13.60, 50310.19, 71117488, 1.64, 6.68, 0.51, 917.98806
2016-01-18, 1, wei_ruo, 16.59, 14.24, 1.86, 13.98, 13.70, 14.45, 13.53, 41052.37, 58185221, 1.34, 6.58, 0.42, 2985.569
2016-01-19, 1, wei_ruo, 16.55, 14.67, 3.02, 14.24, 14.11, 14.70, 14.08, 52985.86, 76610220, 1.73, 4.35, 0.54, 774.97888
2016-01-20, 1, wei_ruo, 16.51, 14.72, 0.34, 14.67, 14.70, 14.95, 14.31, 65874.49, 96714860, 2.15, 4.36, 0.67, 774.18399
2016-01-21, 1, wei_ruo, 16.48, 14.08, -4.35, 14.72, 14.41, 14.96, 14.02, 43090.25, 62639437, 1.41, 6.39, 0.44, 3318.48001
2016-01-22, 1, wei_ruo, 16.46, 14.12, 0.28, 14.08, 14.21, 14.38, 13.60, 32057.83, 44998373, 1.05, 5.54, 0.33, 2893.61286
2016-01-25, 1, wei_ruo, 16.43, 14.25, 0.92, 14.12, 14.15, 14.37, 14.03, 30378.04, 43193840, 0.99, 2.41, 0.31, 1047.82796
2016-01-26, 1, wei_ruo, 16.37, 13.27, -6.88, 14.25, 14.21, 14.63, 12.96, 67390.53, 94400984, 2.20, 11.72, 0.69, 711.78508
2016-01-27, 1, wei_ruo, 16.31, 12.80, -3.54, 13.27, 13.58, 13.58, 12.05, 51883.68, 66249293, 1.69, 11.53, 0.53, 2916.12005
2016-01-28, 1, wei_ruo, 16.26, 12.28, -4.06, 12.80, 13.00, 13.38, 12.10, 45773.21, 58811890, 1.49, 10.00, 0.47, 1137.65907
2016-01-29, 1, wei_ruo, 16.20, 12.58, 2.44, 12.28, 12.10, 12.78, 11.80, 41663.33, 51691907, 1.36, 7.98, 0.42, 1420.61996
2016-02-01, 1, wei_ruo, 16.17, 12.25, -2.62, 12.58, 12.67, 12.67, 12.12, 27555.43, 34131117, 0.90, 4.37, 0.28, 832.63898
2016-02-02, 1, wei_ruo, 16.13, 12.59, 2.78, 12.25, 12.43, 12.70, 12.17, 33928.4, 42560640, 1.11, 4.33, 0.35, 1059.92818
2016-02-03, 1, wei_ruo, 16.10, 12.58, -0.08, 12.59, 12.30, 12.59, 12.20, 24202.08, 30003612, 0.79, 3.10, 0.25, 1177.24681
2016-02-04, 1, wei_ruo, 16.06, 12.88, 2.38, 12.58, 12.60, 12.99, 12.60, 39185.14, 50373531, 1.28, 3.10, 0.40, 3145.468
2016-02-05, 1, wei_ruo, 16.03, 12.88, 0.00, 12.88, 12.89, 13.15, 12.88, 28583.48, 37037230, 0.93, 2.10, 0.29, 2156.11982
2016-02-15, 1, wei_ruo, 16.00, 12.84, -0.31, 12.88, 12.46, 12.96, 12.00, 27527.02, 34882265, 0.90, 7.45, 0.28, 2875.14114
2016-02-16, 1, wei_ruo, 15.96, 13.27, 3.35, 12.84, 13.00, 13.35, 12.88, 46158.18, 61011193, 1.51, 3.66, 0.47, 2901.72005
2016-02-17, 1, wei_ruo, 15.91, 13.33, 0.45, 13.27, 13.20, 13.36, 12.95, 47905.4, 63130278, 1.56, 3.09, 0.49, 1063.07197
2016-02-18, 1, wei_ruo, 15.86, 13.24, -0.68, 13.33, 13.50, 13.51, 13.18, 61621.39, 82293177, 2.01, 2.48, 0.63, 1134.36294
2016-02-19, 1, wei_ruo, 15.83, 13.28, 0.30, 13.24, 13.23, 13.42, 13.19, 31582.62, 41938866, 1.03, 1.74, 0.41, 781.91209
2016-02-22, 1, wei_ruo, 15.83, 13.75, 3.54, 13.28, 13.45, 13.82, 13.30, 68033.31, 91876581, 2.22, 3.92, 1.52, 4176.73612
2016-02-23, 1, wei_ruo, 15.75, 13.40, -2.55, 13.75, 13.66, 13.70, 13.31, 47709.22, 64303036, 1.56, 2.84, 0.90, 789.04605
2016-02-24, 1, wei_ruo, 15.70, 13.39, -0.07, 13.40, 13.46, 13.60, 12.96, 63654.35, 84929188, 2.08, 4.78, 1.20, 3041.83793
2016-02-25, 1, wei_ruo, 15.63, 12.29, -8.22, 13.39, 13.43, 13.44, 12.06, 63582.2, 80846775, 2.08, 10.31, 1.13, 881.13809
2016-02-26, 1, wei_ruo, 15.59, 12.18, -0.90, 12.29, 12.39, 12.50, 12.00, 41528.05, 50895594, 1.36, 4.07, 0.73, 2768.12887
2016-02-29, 1, wei_ruo, 15.51, 11.02, -9.52, 12.18, 12.05, 12.24, 10.96, 55768.44, 63086343, 1.82, 10.51, 0.98, 1120.72015
2016-03-01, 1, wei_ruo, 15.46, 11.28, 2.36, 11.02, 11.10, 11.38, 10.95, 38317.15, 42795987, 1.25, 3.90, 0.70, 831.53701
2016-03-02, 1, wei_ruo, 15.39, 12.13, 7.54, 11.28, 11.30, 12.35, 11.29, 60488.63, 71694612, 1.97, 9.40, 1.15, 533.69689
2016-03-03, 1, wei_ruo, 15.33, 12.24, 0.91, 12.13, 12.13, 12.54, 12.03, 55638.36, 68122833, 1.82, 4.20, 1.07, 65753.45492
2016-03-04, 1, wei_ruo, 15.26, 12.17, -0.57, 12.24, 12.25, 12.34, 11.40, 62285.23, 75167941, 2.03, 7.68, 1.24, 736.47094
2016-03-07, 1, wei_ruo, 15.20, 12.53, 2.96, 12.17, 12.27, 12.62, 12.17, 69174.43, 86379578, 2.26, 3.70, 1.27, 819.66782
2016-03-08, 1, wei_ruo, 15.16, 12.37, -1.28, 12.53, 12.47, 12.53, 11.87, 41647.5, 50575275, 1.36, 5.27, 0.73, 3371.01698
2016-03-09, 1, wei_ruo, 15.13, 12.16, -1.70, 12.37, 12.16, 12.47, 12.00, 27277.97, 33319486, 0.89, 3.80, 0.47, 2726.41492
2016-03-10, 1, wei_ruo, 15.11, 11.93, -1.89, 12.16, 12.29, 12.29, 11.92, 20158.47, 24398247, 0.66, 3.04, 0.39, 453.45998
2016-03-11, 1, wei_ruo, 15.09, 11.84, -0.75, 11.93, 11.77, 12.08, 11.72, 18155.67, 21600164, 0.59, 3.02, 0.41, 794.1339
2016-03-14, 1, wei_ruo, 15.03, 12.66, 6.93, 11.84, 12.00, 12.85, 12.00, 71087.47, 88943380, 2.32, 7.18, 2.01, 3427.41895
2016-03-15, 1, wei_ruo, 15.00, 12.46, -1.58, 12.66, 12.68, 12.68, 12.26, 44287.37, 54998278, 1.45, 3.32, 1.24, 581.53796
2016-03-16, 1, wei_ruo, 14.97, 12.24, -1.77, 12.46, 12.50, 12.63, 12.20, 25176.55, 31113307, 0.82, 3.45, 0.70, 2753.42894
2016-03-17, 1, wei_ruo, 14.92, 12.66, 3.43, 12.24, 12.37, 12.75, 12.34, 67829.06, 85493533, 2.21, 3.35, 1.90, 630.98001
2016-03-18, 1, wei_ruo, 14.86, 13.39, 5.77, 12.66, 12.78, 13.54, 12.70, 111720.13, 148134024, 3.65, 6.64, 2.47, 2481.94313
2016-03-21, 1, wei_ruo, 14.83, 14.73, 10.01, 13.39, 13.60, 14.73, 13.58, 190107.31, 276955800, 6.21, 8.59, 2.97, 541.66794
2016-03-22, 2, qing_du, 14.83, 14.80, 0.48, 14.73, 15.07, 15.40, 14.27, 189328, 284654506, 6.18, 7.67, 2.16, 740.06605
2016-03-23, 3, zhong_du, 14.84, 15.19, 2.64, 14.80, 15.20, 15.40, 14.87, 136758.72, 207588418, 4.46, 3.58, 1.17, 809.00788
2016-03-24, 3, zhong_du, 14.86, 15.35, 1.05, 15.19, 15.30, 15.97, 14.90, 124617.2, 194454790, 4.07, 7.04, 0.90, 743.75987
2016-03-25, 3, zhong_du, 14.88, 15.49, 0.91, 15.35, 14.95, 15.88, 14.95, 86241.63, 133047674, 2.82, 6.06, 0.57, 565.21297
2016-03-28, 3, zhong_du, 14.92, 15.68, 1.23, 15.49, 15.49, 16.18, 15.48, 119180.91, 189409998, 3.89, 4.52, 0.82, 2472.01395
2016-03-29, 4, gao_du, 14.94, 15.38, -1.91, 15.68, 15.60, 15.99, 14.95, 126958.88, 197140406, 4.14, 6.63, 0.97, 655.63297
2016-03-30, 4, gao_du, 14.99, 16.48, 7.15, 15.38, 15.50, 16.81, 15.30, 134647.69, 213792721, 4.40, 9.82, 1.13, 1178.50399
2016-03-31, 4, gao_du, 15.06, 16.66, 1.09, 16.48, 16.48, 17.17, 16.25, 121025.55, 202270629, 3.95, 5.58, 1.02, 948.47703
2016-04-01, 4, gao_du, 15.11, 16.64, -0.12, 16.66, 16.40, 16.95, 16.27, 99934.07, 166065485, 3.26, 4.08, 0.85, 2786.24916
2016-04-05, 4, gao_du, 15.22, 17.99, 8.11, 16.64, 16.64, 18.18, 16.55, 139840.89, 245466933, 4.57, 9.80, 1.16, 466.00294
2016-04-06, 5, qiang_lie, 15.34, 18.00, 0.06, 17.99, 17.90, 18.20, 17.16, 141546.49, 250812875, 4.62, 5.78, 1.14, 2384.96995
2016-04-07, 5, qiang_lie, 15.39, 16.91, -6.06, 18.00, 17.85, 17.85, 16.88, 80330.45, 139576540, 2.62, 5.39, 0.63, 2767.09485
2016-04-08, 5, qiang_lie, 15.43, 16.32, -3.49, 16.91, 16.91, 17.19, 16.00, 105961.02, 174304826, 3.46, 7.04, 0.91, 691.1869
2016-04-11, 4, gao_du, 15.46, 16.52, 1.23, 16.32, 16.32, 16.78, 16.26, 91840.51, 151986092, 3.00, 3.19, 0.81, 761.84702
2016-04-12, 4, gao_du, 15.48, 16.45, -0.42, 16.52, 16.41, 16.80, 15.85, 73843.68, 120209744, 2.41, 5.75, 0.66, 1766.04891
2016-04-13, 4, gao_du, 15.51, 16.56, 0.67, 16.45, 16.70, 17.00, 16.50, 73768.59, 123890966, 2.41, 3.04, 0.75, 835.65784
2016-04-14, 4, gao_du, 15.54, 16.97, 2.48, 16.56, 16.63, 17.09, 16.46, 55516.96, 93650906, 1.81, 3.80, 0.65, 906.94404
2016-04-15, 5, qiang_lie, 15.58, 17.46, 2.89, 16.97, 16.81, 17.78, 16.81, 68744.63, 119243357, 2.24, 5.72, 0.86, 715.36398
2016-04-18, 5, qiang_lie, 15.63, 17.80, 1.95, 17.46, 17.40, 18.04, 16.90, 76047.34, 134545689, 2.48, 6.53, 1.05, 517.03691
2016-04-19, 5, qiang_lie, 15.67, 17.69, -0.62, 17.80, 17.64, 18.20, 17.38, 55139.09, 97899239, 1.80, 4.61, 0.79, 739.99
2016-04-20, 5, qiang_lie, 15.70, 16.45, -7.01, 17.69, 17.95, 18.09, 16.03, 77050.59, 130342890, 2.52, 11.64, 1.17, 2854.56991
2016-04-21, 5, qiang_lie, 15.71, 16.35, -0.61, 16.45, 16.55, 16.98, 16.22, 41252.28, 68757879, 1.35, 4.62, 0.62, 2892.16995
2016-04-22, 5, qiang_lie, 15.71, 16.28, -0.43, 16.35, 16.27, 16.65, 16.00, 37161.18, 60232124, 1.21, 3.98, 0.58, 4347.40305
2016-04-25, 5, qiang_lie, 15.74, 16.95, 4.12, 16.28, 16.21, 17.50, 16.20, 77201.95, 130452279, 2.52, 7.99, 1.35, 2925.3881
2016-04-26, 5, qiang_lie, 15.76, 17.05, 0.59, 16.95, 16.95, 17.47, 16.80, 41129.07, 70347376, 1.34, 3.95, 0.71, 2554.53992
2016-04-27, 5, qiang_lie, 15.78, 17.20, 0.88, 17.05, 17.16, 17.36, 17.05, 42457.04, 73116759, 1.39, 1.82, 0.78, 2681.96201
2016-04-28, 5, qiang_lie, 15.80, 16.80, -2.33, 17.20, 17.30, 17.40, 16.21, 44907.58, 74581844, 1.47, 6.92, 0.94, 594.8379
2016-04-29, 5, qiang_lie, 15.81, 16.45, -2.08, 16.80, 16.60, 16.79, 16.20, 40429.76, 66361735, 1.32, 3.51, 0.83, 820.1921
2016-05-03, 5, qiang_lie, 15.86, 17.70, 7.60, 16.45, 16.45, 17.98, 16.44, 107052.33, 186488851, 3.49, 9.36, 2.17, 583.82702
2016-05-04, 5, qiang_lie, 16.01, 19.05, 7.63, 17.70, 17.71, 19.36, 17.71, 157922.52, 298120333, 5.16, 9.32, 2.86, 516.91604
2016-05-05, 5, qiang_lie, 16.07, 18.79, -1.36, 19.05, 19.00, 19.05, 18.49, 73606.05, 138109240, 2.40, 2.94, 0.94, 4636.52301
2016-05-06, 5, qiang_lie, 16.13, 18.06, -3.89, 18.79, 18.85, 19.16, 18.00, 75959.64, 140671963, 2.48, 6.17, 0.90, 2736.54985
2016-05-09, 5, qiang_lie, 16.20, 18.51, 2.49, 18.06, 17.78, 18.71, 17.31, 100471.52, 183961310, 3.28, 7.75, 1.10, 668.03503
2016-05-10, 5, qiang_lie, 16.33, 19.95, 7.78, 18.51, 18.38, 20.18, 18.03, 126732.73, 245118546, 4.14, 11.62, 1.23, 4777.36115
2016-05-11, 5, qiang_lie, 16.54, 20.89, 4.71, 19.95, 20.00, 21.93, 19.54, 142656.27, 295927819, 4.66, 11.98, 1.33, 916.7161
2016-05-12, 5, qiang_lie, 16.65, 20.47, -2.01, 20.89, 20.36, 21.59, 19.58, 84492.28, 174084332, 2.76, 9.62, 0.81, 1423.33794
2016-05-13, 5, qiang_lie, 16.74, 20.77, 1.47, 20.47, 20.38, 21.37, 20.23, 70519.97, 147581819, 2.30, 5.57, 0.66, 1515.23805
2016-05-16, 5, qiang_lie, 16.93, 22.22, 6.98, 20.77, 20.55, 22.25, 20.54, 116736.74, 254233913, 3.81, 8.23, 1.11, 14491.30702
2016-05-17, 5, qiang_lie, 17.13, 21.57, -2.93, 22.22, 22.30, 23.38, 21.50, 113950.05, 255639216, 3.72, 8.46, 1.05, 1158.44703
2016-05-18, 5, qiang_lie, 17.21, 20.83, -3.43, 21.57, 21.00, 21.30, 20.22, 66949.96, 139403649, 2.19, 5.01, 0.63, 967.91887
2016-05-19, 5, qiang_lie, 17.27, 20.36, -2.26, 20.83, 21.10, 21.30, 20.18, 61403.56, 127123350, 2.00, 5.38, 0.68, 3020.78891
2016-05-20, 5, qiang_lie, 17.33, 20.39, 0.15, 20.36, 19.97, 20.79, 19.70, 54708.54, 110907256, 1.79, 5.35, 0.64, 3368.83092
2016-05-23, 5, qiang_lie, 17.39, 20.79, 1.96, 20.39, 20.79, 21.65, 20.17, 57185.19, 117895207, 1.87, 7.26, 0.69, 4943.73798
2016-05-24, 5, qiang_lie, 17.45, 20.14, -3.13, 20.79, 20.90, 21.01, 19.88, 54947.66, 112421103, 1.79, 5.44, 0.78, 3518.27693
2016-05-25, 5, qiang_lie, 17.49, 19.90, -1.19, 20.14, 20.61, 20.78, 19.78, 44455.65, 89284461, 1.45, 4.97, 0.63, 3384.552
2016-05-26, 4, gao_du, 17.53, 19.78, -0.60, 19.90, 19.90, 20.19, 19.41, 55343.09, 109276698, 1.81, 3.92, 0.78, 2503.24607
2016-05-27, 4, gao_du, 17.64, 21.76, 10.01, 19.78, 19.79, 21.76, 19.69, 100043.06, 208297336, 3.27, 10.47, 1.41, 5456.5661
2016-05-30, 4, gao_du, 17.78, 19.58, -10.02, 21.76, 20.90, 20.90, 19.58, 172046.39, 340664993, 5.62, 6.07, 2.43, 561.42998
2016-05-31, 4, gao_du, 17.90, 19.54, -0.20, 19.58, 18.68, 19.89, 17.87, 276869.86, 521896031, 9.04, 10.32, 3.91, 4741.57906
2016-06-01, 4, gao_du, 17.85, 19.11, -1.44, 19.39, 18.85, 19.74, 18.73, 194146.24, 374077389, 6.34, 5.21, 2.74, 1789.28399
2016-06-02, 3, zhong_du, 17.85, 18.85, -1.36, 19.11, 19.20, 19.31, 18.40, 148807.35, 279003160, 4.86, 4.76, 2.10, 3096.05408
2016-06-03, 3, zhong_du, 17.93, 18.89, 0.21, 18.85, 18.81, 19.16, 18.32, 144673.99, 271490689, 4.72, 4.46, 2.04, 2061.03396
2016-06-06, 3, zhong_du, 17.97, 19.12, 1.22, 18.89, 19.08, 19.33, 18.66, 118372.86, 225021981, 3.86, 3.55, 1.67, 1036.58891
2016-06-07, 3, zhong_du, 18.01, 19.14, 0.10, 19.12, 19.06, 19.46, 18.82, 106577.53, 204265373, 3.48, 3.35, 1.50, 5129.71306
2016-06-08, 3, zhong_du, 18.03, 18.67, -2.46, 19.14, 19.14, 19.18, 18.54, 71406.82, 133783580, 2.33, 3.34, 1.01, 2215.17301
2016-06-13, 3, zhong_du, 18.02, 17.00, -8.94, 18.67, 18.22, 18.54, 17.00, 83134.64, 148887292, 2.71, 8.25, 1.17, 4535.65598
2016-06-14, 2, qing_du, 18.00, 17.07, 0.41, 17.00, 16.81, 17.28, 16.70, 48803.86, 83277515, 1.59, 3.41, 0.69, 710.02889
2016-06-15, 2, qing_du, 17.99, 17.49, 2.46, 17.07, 16.90, 17.70, 16.57, 68895.76, 119659848, 2.25, 6.62, 0.97, 2865.25702
2016-06-16, 1, wei_ruo, 17.98, 17.69, 1.14, 17.49, 17.60, 18.27, 17.60, 75763.2, 135601569, 2.47, 3.83, 1.07, 4537.72116
2016-06-17, 1, wei_ruo, 17.98, 17.81, 0.68, 17.69, 17.51, 18.17, 17.51, 63259.66, 113289426, 2.07, 3.73, 0.89, 5842.88311
2016-06-20, 1, wei_ruo, 18.00, 18.75, 5.28, 17.81, 18.01, 18.90, 18.00, 126715.65, 234677693, 4.14, 5.05, 1.79, 2720.39223
2016-06-21, 1, wei_ruo, 18.02, 18.41, -1.81, 18.75, 18.93, 18.93, 18.30, 74336.38, 138640209, 2.43, 3.36, 1.05, 700.28687
2016-06-22, 2, qing_du, 18.02, 18.59, 0.98, 18.41, 18.50, 18.68, 18.29, 37483.09, 69376301, 1.22, 2.12, 0.53, 844.42091
2016-06-23, 2, qing_du, 18.03, 18.52, -0.38, 18.59, 18.76, 18.76, 18.30, 31541.93, 58225428, 1.03, 2.47, 0.45, 874.88484
2016-06-24, 1, wei_ruo, 18.02, 17.62, -4.86, 18.52, 18.45, 18.50, 17.00, 93362.62, 164776946, 3.05, 8.10, 1.32, 865.99612
2016-06-27, 1, wei_ruo, 18.00, 17.52, -0.57, 17.62, 17.30, 17.65, 17.11, 74562.65, 130139142, 2.43, 3.06, 1.06, 2696.66219
2016-06-28, 1, wei_ruo, 17.99, 17.33, -1.14, 17.53, 17.33, 17.54, 17.15, 81015.2, 140242667, 2.64, 2.22, 1.14, 770.11609
2016-06-30, 1, wei_ruo, 17.97, 17.56, -0.96, 17.73, 17.73, 17.77, 17.45, 40640.49, 71347763, 1.33, 1.80, 0.57, 1158.27298
2016-07-01, 1, wei_ruo, 17.97, 17.72, 0.91, 17.56, 17.69, 17.95, 17.65, 54796, 97493760, 1.79, 1.71, 0.77, 601.34912
2016-07-04, 1, wei_ruo, 17.98, 18.56, 4.74, 17.72, 17.78, 18.58, 17.72, 98555.4, 180354609, 3.22, 4.85, 1.39, 2744.524
2016-07-05, 1, wei_ruo, 17.99, 18.48, -0.43, 18.56, 18.85, 18.96, 18.34, 75492.29, 140446430, 2.46, 3.34, 1.07, 594.09904
2016-07-06, 1, wei_ruo, 18.00, 18.68, 1.08, 18.48, 18.45, 18.69, 18.09, 69476.34, 128148447, 2.27, 3.25, 0.98, 4761.57784
2016-07-07, 1, wei_ruo, 18.09, 19.79, 5.94, 18.68, 18.90, 20.30, 18.76, 155140.01, 305199406, 5.06, 8.24, 2.19, 2142.55309
2016-07-08, 1, wei_ruo, 18.14, 18.50, -6.52, 19.79, 19.40, 19.48, 18.45, 211062.37, 394832182, 6.89, 5.20, 2.98, 4957.61299
2016-07-11, 1, wei_ruo, 18.14, 18.18, -1.73, 18.50, 18.31, 18.53, 18.15, 92584.28, 169269637, 3.02, 2.05, 1.31, 763.47899
2016-07-12, 1, wei_ruo, 18.14, 18.22, 0.22, 18.18, 18.18, 18.47, 17.70, 68607.41, 124299755, 2.24, 4.24, 0.98, 14472.13793
2016-07-13, 1, wei_ruo, 18.14, 18.15, -0.33, 18.21, 18.30, 18.50, 18.02, 77631.37, 141302473, 2.53, 2.64, 1.11, 42773.95391
2016-07-14, 1, wei_ruo, 18.14, 18.10, -0.28, 18.15, 18.18, 18.42, 18.02, 47729.25, 86498926, 1.56, 2.20, 0.67, 21413.03802
2016-07-15, 1, wei_ruo, 18.14, 18.03, -0.39, 18.10, 18.10, 18.18, 17.97, 39699.94, 71657586, 1.30, 1.16, 0.56, 767.0908
2016-07-18, 1, wei_ruo, 18.15, 18.37, 1.89, 18.03, 18.09, 18.37, 17.97, 81216.41, 147552206, 2.65, 2.22, 1.17, 1652.48489
2016-07-19, 1, wei_ruo, 18.18, 18.94, 2.54, 18.47, 18.51, 19.00, 18.51, 155515.07, 292557548, 5.08, 2.65, 2.20, 2526.27206
2016-07-20, 1, wei_ruo, 18.18, 18.62, -1.69, 18.94, 19.09, 19.15, 18.60, 78236.01, 146587567, 2.55, 2.90, 1.10, 558.19583
2016-07-21, 1, wei_ruo, 18.20, 18.35, -1.45, 18.62, 18.63, 18.78, 18.32, 58092.99, 107137730, 1.90, 2.47, 0.82, 1429.45004
2016-07-22, 1, wei_ruo, 18.20, 17.94, -2.23, 18.35, 18.30, 18.30, 17.90, 62842.33, 113127559, 2.05, 2.18, 0.89, 2621.19603
2016-07-25, 1, wei_ruo, 18.19, 17.99, 0.28, 17.94, 17.90, 18.00, 17.60, 45207.34, 80222254, 1.48, 2.23, 0.64, 4801.054
2016-07-26, 1, wei_ruo, 18.19, 18.06, 0.39, 17.99, 18.03, 18.19, 17.83, 31847.48, 57429204, 1.04, 2.00, 0.45, 949.63789
2016-07-27, 1, wei_ruo, 18.16, 16.90, -6.42, 18.06, 18.05, 18.05, 16.40, 84190.24, 144808372, 2.75, 9.14, 1.19, 4492.49387
2016-07-28, 1, wei_ruo, 18.14, 17.06, 0.95, 16.90, 16.94, 17.20, 16.65, 58917.25, 99867277, 1.90, 3.25, 0.83, 2576.94101
2016-07-29, 1, wei_ruo, 18.12, 16.59, -2.75, 17.06, 17.14, 17.14, 16.41, 53175.83, 88911067, 1.72, 4.28, 0.75, 14288.73491
2016-08-01, 1, wei_ruo, 18.10, 16.22, -2.23, 16.59, 16.65, 16.65, 16.01, 29924.5, 48495626, 0.97, 3.86, 0.42, 4640.03491
2016-08-02, 1, wei_ruo, 18.08, 16.48, 1.60, 16.22, 16.20, 16.52, 16.08, 27299.23, 44842778, 0.88, 2.71, 0.39, 14351.60613
2016-08-03, 1, wei_ruo, 18.06, 17.05, 3.46, 16.48, 16.52, 17.38, 16.49, 56648.63, 96407289, 1.83, 5.40, 1.06, 2625.76199
2016-08-04, 1, wei_ruo, 18.05, 16.91, -0.82, 17.05, 16.90, 17.05, 16.78, 21373.14, 36070910, 0.69, 1.58, 0.42, 14251.89281
2016-08-05, 1, wei_ruo, 18.05, 16.90, -0.06, 16.91, 17.02, 17.10, 16.85, 21338.62, 36226925, 0.69, 1.48, 0.49, 801.74184
2016-08-08, 1, wei_ruo, 18.04, 17.07, 1.01, 16.90, 16.84, 17.15, 16.74, 22404.08, 38236153, 0.72, 2.43, 0.61, 658.20003
2016-08-09, 1, wei_ruo, 18.03, 17.05, -0.12, 17.07, 17.07, 17.17, 16.93, 30841.23, 52561213, 1.00, 1.41, 1.03, 18355.59201
2016-08-10, 1, wei_ruo, 18.02, 17.05, 0.00, 17.05, 17.00, 17.42, 16.99, 28748.96, 49219575, 0.93, 2.52, 0.95, 3707.68595
2016-08-11, 1, wei_ruo, 18.01, 16.79, -1.52, 17.05, 17.22, 17.22, 16.66, 31077.44, 52234280, 1.00, 3.28, 1.24, 601.08113
2016-08-15, 1, wei_ruo, 17.97, 17.05, 1.19, 16.85, 16.97, 17.09, 16.55, 72338.59, 122157488, 2.34, 3.20, 2.62, 491.56308
2016-08-16, 1, wei_ruo, 17.96, 17.13, 0.47, 17.05, 17.05, 17.19, 16.90, 43790.45, 74656595, 1.42, 1.70, 1.17, 2645.32709
2016-08-17, 1, wei_ruo, 17.95, 17.36, 1.34, 17.13, 17.15, 17.40, 17.02, 51839.48, 89236981, 1.68, 2.22, 1.29, 14472.34201
2016-08-18, 1, wei_ruo, 17.93, 16.93, -2.48, 17.36, 17.29, 17.37, 16.93, 83220.51, 142019781, 2.69, 2.53, 1.86, 14426.7931
2016-08-19, 1, wei_ruo, 17.91, 16.76, -1.00, 16.93, 16.87, 16.98, 16.65, 53764.38, 89999011, 1.74, 1.95, 0.98, 18132.08103
2016-08-22, 1, wei_ruo, 17.89, 16.62, -0.84, 16.76, 16.70, 16.82, 16.60, 39154.39, 65292406, 1.27, 1.31, 0.64, 448.08388
2016-08-23, 1, wei_ruo, 17.85, 16.32, -1.81, 16.62, 16.62, 16.71, 16.18, 82359.56, 135225605, 2.66, 3.19, 1.51, 596.92097
2016-08-24, 1, wei_ruo, 17.83, 16.40, 0.49, 16.32, 16.33, 16.53, 16.33, 35837.37, 58904947, 1.16, 1.23, 0.58, 801.09215
2016-08-25, 1, wei_ruo, 17.80, 17.11, 4.33, 16.40, 16.69, 17.40, 16.66, 155331.59, 265668478, 5.02, 4.51, 2.66, 3536.99994
2016-08-26, 1, wei_ruo, 17.77, 16.87, -1.40, 17.11, 17.08, 17.34, 16.51, 88308.57, 150166574, 2.85, 4.85, 1.20, 508.15296
2016-08-29, 1, wei_ruo, 17.75, 16.48, -2.31, 16.87, 16.67, 16.68, 16.33, 60275.83, 99157598, 1.95, 2.07, 0.75, 588.66715
2016-08-30, 1, wei_ruo, 17.73, 16.44, -0.24, 16.48, 16.47, 16.54, 16.37, 36497.49, 59951542, 1.18, 1.03, 0.43, 375.64087
2016-08-31, 1, wei_ruo, 17.72, 16.34, -0.61, 16.44, 16.40, 16.46, 16.34, 7801.8, 12773249, 0.25, 0.73, 0.59, 2556.08797
2016-09-01, 1, wei_ruo, 17.69, 16.34, -0.61, 16.44, 16.40, 16.46, 16.34, 7801.8, 12773249, 0.25, 0.73, 0.59, 531.25715
2016-09-02, 1, wei_ruo, 17.69, 16.34, -0.61, 16.44, 16.40, 16.46, 16.34, 7801.8, 12773249, 0.25, 0.73, 0.59, 1336.38597
2016-09-05, 1, wei_ruo, 17.69, 16.34, -0.61, 16.44, 16.40, 16.46, 16.34, 7801.8, 12773249, 0.25, 0.73, 0.59, 477.21195
2016-09-06, 1, wei_ruo, 17.69, 16.34, -0.61, 16.44, 16.40, 16.46, 16.34, 7801.8, 12773249, 0.25, 0.73, 0.59, 3176.19896
2016-09-07, 1, wei_ruo, 17.69, 16.06, -0.74, 16.18, 16.20, 16.27, 16.02, 64358.78, 103903508, 2.08, 1.55, 0.87, 2311.52391
2016-09-08, 1, wei_ruo, 17.69, 16.17, 0.68, 16.06, 16.06, 16.23, 16.01, 48792.65, 78617194, 1.58, 1.37, 0.66, 593.51516
2016-09-09, 1, wei_ruo, 17.69, 16.34, -0.61, 16.44, 16.40, 16.46, 16.34, 7801.8, 12773249, 0.25, 0.73, 0.59, 4781.75902
2016-09-12, 1, wei_ruo, 17.69, 15.41, -4.99, 16.22, 16.06, 16.09, 15.34, 80975.55, 127021102, 2.62, 4.62, 1.09, 719.29097
2016-09-13, 1, wei_ruo, 17.69, 15.38, -0.19, 15.41, 15.59, 15.59, 15.27, 29335.87, 45235496, 0.95, 2.08, 0.40, 4497.02096
2016-09-14, 1, wei_ruo, 17.69, 15.46, 0.52, 15.38, 15.25, 15.67, 15.12, 23867.62, 36852352, 0.77, 3.58, 0.32, 584.10501
2016-09-19, 1, wei_ruo, 17.69, 15.46, 0.00, 15.46, 15.46, 15.61, 15.41, 22953.5, 35536706, 0.74, 1.29, 0.31, 2628.35407
2016-09-20, 1, wei_ruo, 17.69, 15.39, -0.45, 15.46, 15.48, 15.52, 15.31, 19923.58, 30659139, 0.64, 1.36, 0.27, 23314.785
2016-09-21, 1, wei_ruo, 17.69, 15.37, -0.13, 15.39, 15.44, 15.44, 15.30, 19809.83, 30442215, 0.64, 0.91, 0.27, 466.10999
2016-09-22, 1, wei_ruo, 17.69, 15.46, 0.59, 15.37, 15.48, 15.57, 15.41, 26628.02, 41215305, 0.86, 1.04, 0.36, 480.74293
2016-09-23, 1, wei_ruo, 17.69, 15.32, -0.91, 15.46, 15.39, 15.49, 15.31, 17263.77, 26526600, 0.56, 1.16, 0.23, 3047.75
2016-09-26, 1, wei_ruo, 17.69, 14.77, -3.59, 15.32, 15.32, 15.38, 14.77, 39981.54, 60665315, 1.29, 3.98, 0.54, 1115.25798
2016-09-27, 1, wei_ruo, 17.69, 14.78, 0.07, 14.77, 14.80, 14.87, 14.61, 28129.48, 41506398, 0.91, 1.76, 0.38, 716.4588
2016-09-28, 1, wei_ruo, 17.69, 14.71, -0.47, 14.78, 14.78, 14.85, 14.70, 20096.44, 29681187, 0.65, 1.01, 0.27, 627.50316
2016-09-29, 1, wei_ruo, 17.69, 14.71, 0.00, 14.71, 14.82, 14.83, 14.69, 26736.04, 39469981, 0.86, 0.95, 0.36, 4596.6332
2016-09-30, 1, wei_ruo, 17.69, 14.91, 1.36, 14.71, 14.58, 14.95, 14.58, 22383.68, 33100756, 0.72, 2.52, 0.30, 683.81214
2016-10-10, 1, wei_ruo, 17.69, 15.20, 1.95, 14.91, 15.00, 15.28, 14.91, 40575.19, 61428479, 1.31, 2.48, 0.55, 601.67193
2016-10-11, 1, wei_ruo, 17.69, 15.40, 1.32, 15.20, 15.22, 15.50, 15.21, 55591.14, 85677991, 1.80, 1.91, 0.75, 926.92995
2016-10-12, 1, wei_ruo, 17.69, 15.33, -0.45, 15.40, 15.45, 15.46, 15.20, 35454, 54283486, 1.15, 1.69, 0.48, 975.20208
2016-10-13, 1, wei_ruo, 17.69, 15.26, -0.46, 15.33, 15.30, 15.38, 15.22, 24944.27, 38099577, 0.81, 1.04, 0.34, 6840.80291
2016-10-14, 1, wei_ruo, 17.16, 15.15, -0.72, 15.26, 15.20, 15.23, 15.05, 30244.23, 45737996, 0.98, 1.18, 0.41, 3977.00214
2016-10-17, 1, wei_ruo, 17.14, 15.23, 0.53, 15.15, 15.18, 15.26, 15.12, 15237.43, 23184277, 0.49, 0.92, 0.41, 1644.18292
2016-10-18, 1, wei_ruo, 17.12, 15.23, 0.53, 15.15, 15.18, 15.26, 15.12, 15237.43, 23184277, 0.49, 0.92, 0.41, 5113.66606
2016-10-19, 1, wei_ruo, 17.10, , , , , , , , , , , , 1939.23402
2016-10-20, 1, wei_ruo, 17.08, 15.29, 0.33, 15.24, 15.28, 15.32, 15.22, 39243.9, 59972337, 1.27, 0.66, 0.99, 4758.81386
2016-10-21, 1, wei_ruo, 17.05, 15.18, -0.72, 15.29, 15.35, 15.45, 15.07, 43871.44, 66990229, 1.42, 2.49, 1.26, 6652.87399
2016-10-24, 1, wei_ruo, 17.03, 15.28, 0.66, 15.18, 15.20, 15.35, 15.11, 32700.48, 49893357, 1.06, 1.58, 0.89, 652.77791
2016-10-25, 1, wei_ruo, 16.99, 15.62, 2.23, 15.28, 15.40, 15.74, 15.33, 88700.69, 138192174, 2.87, 2.68, 2.40, 4811.33199
2016-10-26, 1, wei_ruo, 16.95, 15.67, 0.32, 15.62, 15.67, 15.89, 15.50, 83986.91, 131894511, 2.71, 2.50, 2.28, 4501.53899
2016-10-27, 1, wei_ruo, 16.93, 15.54, -0.83, 15.67, 15.66, 15.76, 15.50, 45382.45, 70816341, 1.47, 1.66, 1.25, 671.98801
2016-10-28, 1, wei_ruo, 16.91, 15.50, -0.26, 15.54, 15.63, 15.68, 15.43, 41504.45, 64567339, 1.34, 1.61, 1.12, 5531.71396
2016-10-31, 1, wei_ruo, 16.90, 15.49, -0.06, 15.50, 15.50, 15.58, 15.40, 37097.94, 57381040, 1.20, 1.16, 1.01, 821.78998
2016-11-01, 1, wei_ruo, 16.87, 15.82, 2.13, 15.49, 15.53, 15.95, 15.45, 84696.78, 132830211, 2.74, 3.23, 2.31, 514.35399
2016-11-02, 1, wei_ruo, 16.84, 15.53, -1.90, 15.83, 15.71, 15.78, 15.50, 55215.74, 86316608, 1.78, 1.77, 1.52, 527.67897
2016-11-03, 1, wei_ruo, 16.83, 15.55, 0.13, 15.53, 15.43, 15.66, 15.41, 37975.63, 59042214, 1.23, 1.61, 1.03, 490.81612
2016-11-04, 1, wei_ruo, 16.81, 15.53, -0.13, 15.55, 15.54, 15.63, 15.47, 30434.83, 47296937, 0.98, 1.03, 0.82, 549.91198
2016-11-07, 1, wei_ruo, 16.80, 15.47, -0.39, 15.53, 15.53, 15.59, 15.42, 30142.58, 46658999, 0.97, 1.09, 0.82, 574.4679
2016-11-08, 1, wei_ruo, 16.78, 15.42, -0.32, 15.47, 15.50, 15.55, 15.37, 44743.42, 68991448, 1.45, 1.16, 1.21, 463.34195
2016-11-09, 1, wei_ruo, 16.76, 15.19, -1.49, 15.42, 15.41, 15.47, 15.00, 52345.44, 79816886, 1.69, 3.05, 1.42, 1827.86298
2016-11-10, 1, wei_ruo, 16.72, 15.68, 3.23, 15.19, 15.33, 15.73, 15.28, 90477.08, 140695411, 2.92, 2.96, 2.47, 707.55911
2016-11-11, 2, qing_du, 16.70, 16.56, 5.61, 15.68, 15.70, 17.08, 15.69, 177124.27, 291776840, 5.73, 8.86, 4.80, 701.03502
2016-11-14, 2, qing_du, 16.70, 16.48, -0.48, 16.56, 16.55, 16.79, 16.26, 114342.45, 188664250, 3.70, 3.20, 3.12, 559.34691
2016-11-15, 3, zhong_du, 16.69, 16.34, -0.85, 16.48, 16.40, 16.58, 16.20, 38270.3, 62517369, 1.24, 2.31, 2.07, 528.65815
2016-11-16, 3, zhong_du, 16.70, 16.84, 2.43, 16.44, 16.50, 16.89, 16.44, 68744.18, 114905012, 2.22, 2.74, 3.73, 404.21104
2016-11-17, 3, zhong_du, 16.71, 16.34, -0.85, 16.48, 16.40, 16.58, 16.20, 38270.3, 62517369, 1.24, 2.31, 2.07, 886.02495
2016-11-18, 4, gao_du, 16.71, 16.84, 2.43, 16.44, 16.50, 16.89, 16.44, 68744.18, 114905012, 2.22, 2.74, 3.73, 605.4039
2016-11-21, 4, gao_du, 16.71, 16.38, -2.73, 16.84, 16.89, 16.90, 16.35, 87205.13, 143954425, 2.82, 3.27, 2.36, 442.46507
2016-11-22, 4, gao_du, 16.71, 16.69, 1.89, 16.38, 16.47, 17.20, 16.43, 135071.12, 226314779, 4.37, 4.70, 3.66, 919.39402
2016-11-23, 3, zhong_du, 16.69, 16.13, -3.36, 16.69, 16.65, 16.65, 16.08, 132546.43, 215042469, 4.28, 3.42, 3.62, 594.87987
2016-11-24, 3, zhong_du, 16.67, 15.92, -1.30, 16.13, 16.14, 16.19, 15.85, 69301.32, 110915433, 2.24, 2.11, 1.90, 714.56909
2016-11-25, 3, zhong_du, 16.65, 15.74, -1.13, 15.92, 15.94, 15.94, 15.40, 68752.44, 107564103, 2.22, 3.39, 1.89, 725.30508
2016-11-28, 2, qing_du, 16.64, 15.95, 1.33, 15.74, 15.74, 16.08, 15.58, 67725.44, 107295368, 2.19, 3.18, 1.86, 605.57699
2016-11-29, 2, qing_du, 16.62, 15.61, -2.13, 15.95, 15.80, 15.91, 15.61, 44305.75, 69761653, 1.43, 1.88, 1.21, 376.30296
2016-11-30, 2, qing_du, 16.61, 15.68, 0.45, 15.61, 15.61, 15.88, 15.48, 32500.57, 51043312, 1.05, 2.56, 0.89, 479.69222
2016-12-01, 1, wei_ruo, 16.60, 15.68, 0.06, 15.67, 15.62, 15.87, 15.61, 34702.43, 54618359, 1.12, 1.66, 0.94, 483.36411
2016-12-02, 1, wei_ruo, 16.58, 15.18, -3.19, 15.68, 15.75, 15.80, 15.01, 49073.09, 75673465, 1.59, 5.04, 1.33, 576.98202
2016-12-05, 1, wei_ruo, 16.57, 15.45, 1.78, 15.18, 15.11, 15.50, 15.01, 32603.26, 49976665, 1.05, 3.23, 0.89, 709.20086
2016-12-06, 1, wei_ruo, 16.56, 15.40, -0.26, 15.44, 15.55, 15.63, 15.38, 18958.63, 29352479, 0.61, 1.62, 0.51, 1508.71086
2016-12-07, 1, wei_ruo, 16.55, 15.46, 0.39, 15.40, 15.41, 15.58, 15.24, 17884.51, 27484312, 0.58, 2.21, 0.48, 489.09497
2016-12-08, 1, wei_ruo, 16.55, 15.34, -0.78, 15.46, 15.54, 15.54, 15.32, 17091, 26333058, 0.55, 1.42, 0.46, 547.58692
2016-12-09, 1, wei_ruo, 16.54, 15.23, -0.72, 15.34, 15.30, 15.38, 15.19, 22119.32, 33760205, 0.72, 1.24, 0.60, 728.14608
2016-12-12, 1, wei_ruo, 16.50, 14.34, -5.84, 15.23, 15.30, 15.31, 14.20, 55047.45, 80945874, 1.78, 7.29, 1.49, 478.52707
2016-12-13, 1, wei_ruo, 16.48, 14.38, 0.28, 14.34, 14.30, 14.50, 13.98, 32831.23, 46821430, 1.06, 3.63, 0.89, 765.16509
2016-12-14, 1, wei_ruo, 16.47, 14.32, -0.42, 14.38, 14.39, 14.48, 14.30, 18145.39, 26095610, 0.59, 1.25, 0.49, 487.13303
2016-12-15, 1, wei_ruo, 16.45, 14.35, 0.21, 14.32, 14.17, 14.46, 14.17, 28676.54, 41104435, 0.93, 2.03, 0.78, 563.87806
2016-12-16, 1, wei_ruo, 16.43, 14.53, 1.25, 14.35, 14.30, 14.63, 14.28, 23246.65, 33671213, 0.75, 2.44, 0.63, 499.55606
2016-12-19, 1, wei_ruo, 16.42, 14.68, 1.03, 14.53, 14.54, 14.77, 14.38, 30064.74, 43861063, 0.97, 2.68, 0.81, 808.50291
2016-12-20, 1, wei_ruo, 16.40, 14.64, -0.27, 14.68, 14.68, 14.79, 14.53, 23353.33, 34222021, 0.75, 1.77, 0.63, 769.24896
2016-12-21, 1, wei_ruo, 16.38, 15.08, 3.01, 14.64, 14.70, 15.36, 14.70, 53021.5, 79955693, 1.71, 4.51, 1.44, 503.00002
2016-12-22, 1, wei_ruo, 16.37, 15.02, -0.40, 15.08, 14.99, 15.24, 14.80, 30814.85, 46226205, 0.97, 2.92, 0.84, 460.21295
2016-12-23, 1, wei_ruo, 16.36, 14.91, -0.73, 15.02, 14.92, 15.05, 14.81, 18145.6, 27023671, 0.57, 1.60, 0.49, 543.48588
2016-12-26, 1, wei_ruo, 16.35, 15.02, 0.74, 14.91, 14.85, 15.16, 14.76, 24286.25, 36394508, 0.77, 2.68, 0.66, 865.16809
2016-12-27, 1, wei_ruo, 16.34, 14.88, -0.93, 15.02, 15.01, 15.09, 14.84, 20838.56, 31115498, 0.66, 1.66, 0.56, 497.39099
2016-12-28, 1, wei_ruo, 16.33, 14.71, -1.14, 14.88, 14.90, 14.96, 14.70, 18914, 28041551, 0.60, 1.75, 0.51, 641.16001
2016-12-30, 1, wei_ruo, 16.30, 14.43, -0.21, 14.46, 14.46, 14.64, 14.39, 23680.26, 34359685, 0.75, 1.73, 0.64, 564.65721
2017-01-03, 1, wei_ruo, 16.27, 14.43, -0.21, 14.46, 14.46, 14.64, 14.39, 23680.26, 34359685, 0.75, 1.73, 0.64, 4554.59189
2017-01-04, 1, wei_ruo, 16.26, 15.00, 1.08, 14.84, 14.85, 15.05, 14.80, 35757.36, 53497260, 1.13, 1.68, 0.97, 574.90396
2017-01-05, 1, wei_ruo, 16.25, 14.94, -0.40, 15.00, 15.03, 15.07, 14.90, 25003.63, 37423785, 0.79, 1.13, 0.68, 666.69297
2017-01-06, 1, wei_ruo, 16.24, 14.82, -0.80, 14.94, 14.91, 14.93, 14.79, 19992.56, 29669000, 0.63, 0.94, 0.54, 3744.43483
2017-01-09, 1, wei_ruo, 16.23, 14.78, -0.27, 14.82, 14.75, 14.90, 14.68, 23621.49, 34910213, 0.75, 1.48, 0.64, 590.87014
2017-01-10, 1, wei_ruo, 16.21, 14.65, -0.88, 14.78, 14.75, 14.77, 14.56, 19872.37, 29073264, 0.63, 1.42, 1.08, 2466.9311
2017-01-11, 1, wei_ruo, 16.20, 14.65, -0.88, 14.78, 14.75, 14.77, 14.56, 19872.37, 29073264, 0.63, 1.42, 1.08, 664.05487
2017-01-13, 1, wei_ruo, 16.17, 14.65, -0.88, 14.78, 14.75, 14.77, 14.56, 19872.37, 29073264, 0.63, 1.42, 1.08, 625.55289
2017-01-16, 1, wei_ruo, 16.14, 13.27, -5.55, 14.05, 14.05, 14.11, 12.98, 41093.34, 55238483, 1.30, 8.04, 1.11, 539.17503
2017-01-17, 1, wei_ruo, 16.12, 14.65, -0.88, 14.78, 14.75, 14.77, 14.56, 19872.37, 29073264, 0.63, 1.42, 1.08, 579.69689
2017-01-18, 1, wei_ruo, 16.11, 13.61, -0.44, 13.67, 13.71, 13.78, 13.49, 15523.14, 21097898, 0.49, 2.12, 0.42, 4485.72111
2017-02-07, 1, wei_ruo, 15.96, 14.28, -1.18, 14.45, 14.45, 14.45, 14.23, 13943.32, 19931056, 0.44, 1.52, 0.86, 2684.71694
2017-02-08, 1, wei_ruo, 15.95, 14.46, 0.07, 14.45, 14.45, 14.47, 14.23, 28731.6, 41207481, 0.91, 1.66, 0.78, 739.20798
2017-02-09, 2, qing_du, 15.93, 14.41, -0.35, 14.46, 14.44, 14.54, 14.34, 19985.35, 28847397, 0.63, 1.38, 0.70, 4427.34194
2017-02-10, 2, qing_du, 15.92, 14.33, -0.83, 14.45, 14.45, 14.52, 14.33, 22396.32, 32287884, 0.71, 1.31, 0.61, 677.00195
2017-02-13, 2, qing_du, 15.90, 14.75, 2.93, 14.33, 14.35, 14.85, 14.35, 61894.73, 90688686, 1.95, 3.49, 1.68, 64680.93204
2017-02-14, 2, qing_du, 15.89, 14.57, -1.22, 14.75, 14.71, 14.78, 14.53, 27044.01, 39451702, 0.85, 1.69, 0.73, 620.929
2017-02-16, 2, qing_du, 15.87, 14.53, 0.41, 14.47, 14.50, 14.60, 14.45, 17445.89, 25355070, 0.55, 1.04, 0.47, 826.00904
2017-02-17, 2, qing_du, 15.86, 14.31, -1.51, 14.53, 14.80, 14.80, 14.30, 25841.54, 37344478, 0.82, 3.44, 0.70, 2557.00493
2017-02-20, 2, qing_du, 15.85, 14.31, -1.51, 14.53, 14.80, 14.80, 14.30, 25841.54, 37344478, 0.82, 3.44, 0.70, 573.97509
2017-02-21, 3, zhong_du, 15.84, 14.60, -0.07, 14.61, 14.69, 14.69, 14.53, 21593.49, 31478043, 0.68, 1.10, 0.59, 982.41091
2017-02-22, 3, zhong_du, 15.83, 14.51, -0.62, 14.60, 14.59, 14.60, 14.45, 20418.14, 29641618, 0.64, 1.03, 0.55, 5031.64291
2017-02-23, 3, zhong_du, 15.82, 14.55, 0.28, 14.51, 14.55, 14.55, 14.37, 18575.34, 26843837, 0.59, 1.24, 0.50, 4799.96395
2017-02-24, 3, zhong_du, 15.80, 14.91, 2.47, 14.55, 14.56, 14.95, 14.56, 26592.34, 39356960, 0.84, 2.68, 3.93, 1085.70409
2017-02-27, 3, zhong_du, 15.79, 14.68, -1.81, 14.95, 14.98, 14.99, 14.67, 39849.65, 58958406, 1.26, 2.14, 1.08, 3469.95997
2017-02-28, 4, gao_du, 15.77, 14.91, 2.47, 14.55, 14.56, 14.95, 14.56, 26592.34, 39356960, 0.84, 2.68, 3.93, 570.84298
2017-03-01, 4, gao_du, 15.76, 14.68, 0.55, 14.60, 14.63, 14.75, 14.60, 29009.43, 42565407, 0.92, 1.03, 0.79, 647.35603
2017-03-02, 4, gao_du, 15.75, 14.51, -1.16, 14.68, 14.70, 14.77, 14.50, 23034.89, 33604638, 0.73, 1.84, 0.62, 2805.75609
2017-03-03, 4, gao_du, 15.74, 14.56, 0.34, 14.51, 14.48, 14.56, 14.33, 24215.35, 34967364, 0.76, 1.59, 0.66, 4865.85307
2017-03-06, 4, gao_du, 15.73, 14.70, 0.96, 14.56, 14.65, 14.73, 14.56, 30171.23, 44230300, 0.95, 1.17, 0.82, 2685.60505
2017-03-07, 4, gao_du, 15.72, 14.68, -0.68, 14.78, 14.76, 14.85, 14.65, 17428.09, 25703936, 0.55, 1.35, 0.94, 2786.80182
2017-03-08, 5, qiang_lie, 15.71, 14.71, -0.47, 14.78, 14.76, 14.85, 14.58, 27486.13, 40431972, 0.87, 1.83, 0.74, 782.82714
2017-03-09, 5, qiang_lie, 15.70, 14.46, -1.70, 14.71, 14.72, 14.73, 14.46, 24073.41, 34950242, 0.76, 1.84, 0.65, 2622.13302
2017-03-10, 5, qiang_lie, 15.70, 14.53, 0.48, 14.46, 14.42, 14.59, 14.38, 17721.51, 25729593, 0.56, 1.45, 0.48, 544.47794
2017-03-13, 5, qiang_lie, 15.69, 14.54, 0.07, 14.53, 14.51, 14.60, 14.46, 19010.1, 27634469, 0.60, 0.96, 0.52, 593.29009
2017-03-14, 5, qiang_lie, 15.68, 14.64, 0.69, 14.54, 14.61, 14.72, 14.55, 21789.24, 31935500, 0.69, 1.17, 0.59, 577.456
2017-03-15, 4, gao_du, 15.68, 14.54, -0.68, 14.64, 14.64, 14.67, 14.49, 17949.75, 26104285, 0.57, 1.23, 0.49, 2591.21418
2017-03-16, 5, qiang_lie, 15.67, 14.70, 1.10, 14.54, 14.54, 14.73, 14.52, 26508.33, 38885530, 0.84, 1.44, 0.72, 606.07314
2017-03-17, 5, qiang_lie, 15.66, 14.52, -1.22, 14.70, 14.74, 14.75, 14.50, 19686.32, 28794924, 0.62, 1.70, 0.53, 602.78201
2017-03-20, 5, qiang_lie, 15.65, 14.65, 0.90, 14.52, 14.62, 14.65, 14.50, 22262.36, 32509678, 0.70, 1.03, 0.60, 653.85699
2017-03-21, 5, qiang_lie, 15.65, 14.65, 0.00, 14.65, 14.68, 14.68, 14.52, 23166.46, 33822757, 0.73, 1.09, 0.63, 674.14594
2017-03-22, 5, qiang_lie, 15.64, 14.49, -1.09, 14.65, 14.62, 14.62, 14.48, 24134.65, 35093082, 0.76, 0.96, 0.65, 514.20283
2017-03-23, 5, qiang_lie, 15.63, 14.55, 0.41, 14.49, 14.48, 14.67, 14.46, 33177.5, 48274956, 1.05, 1.45, 0.90, 623.26694
2017-03-24, 4, gao_du, 15.62, 14.55, 0.00, 14.55, 14.56, 14.69, 14.50, 24529.62, 35774458, 0.77, 1.31, 0.66, 696.18106
2017-03-27, 4, gao_du, 15.61, 14.44, -0.76, 14.55, 14.54, 14.57, 14.41, 23980.52, 34698350, 0.76, 1.10, 0.65, 624.52507
2017-03-28, 3, zhong_du, 15.59, 14.11, -2.29, 14.44, 14.41, 14.42, 14.10, 39262.71, 55792273, 1.24, 2.22, 1.06, 739.41684
2017-03-29, 2, qing_du, 15.57, 13.76, -2.48, 14.11, 14.11, 14.18, 13.73, 51672.9, 71783199, 1.63, 3.19, 1.40, 671.30089
2017-03-30, 1, wei_ruo, 15.53, 13.42, -2.47, 13.76, 13.71, 13.85, 13.31, 53723.1, 72188408, 1.70, 3.92, 1.46, 716.32004
2017-03-31, 1, wei_ruo, 15.52, 13.52, 0.75, 13.42, 13.42, 13.56, 13.40, 24397.29, 32936347, 0.77, 1.19, 0.66, 579.20408
2017-04-05, 1, wei_ruo, 15.50, 13.73, 1.55, 13.52, 13.55, 13.73, 13.52, 27399.08, 37357414, 0.87, 1.55, 0.74, 634.95898
2017-04-06, 1, wei_ruo, 15.49, 13.73, 0.00, 13.73, 13.73, 13.78, 13.67, 17377.89, 23853691, 0.55, 0.80, 0.47, 2649.18494
2017-04-07, 1, wei_ruo, 15.48, 13.71, -0.15, 13.73, 13.73, 13.76, 13.60, 21603.22, 29497659, 0.68, 1.17, 0.59, 678.90406
2017-04-10, 1, wei_ruo, 15.47, 13.57, -1.02, 13.71, 13.69, 13.71, 13.52, 19603.58, 26617006, 0.62, 1.39, 0.53, 634.55796
2017-04-11, 1, wei_ruo, 15.45, 13.63, 0.44, 13.57, 13.56, 13.63, 13.45, 18519.81, 25063093, 0.58, 1.33, 0.50, 623.32582
2017-04-12, 1, wei_ruo, 15.44, 13.69, 0.44, 13.63, 13.70, 13.70, 13.52, 19325.16, 26313493, 0.61, 1.32, 0.52, 663.67579
2017-04-13, 1, wei_ruo, 15.43, 13.64, -0.37, 13.69, 13.69, 13.70, 13.57, 15577.5, 21266041, 0.49, 0.95, 0.42, 652.64106
2017-04-14, 1, wei_ruo, 15.42, 13.43, -1.54, 13.64, 13.61, 13.68, 13.41, 17744.59, 23946699, 0.56, 1.98, 0.48, 698.68588
2017-04-17, 1, wei_ruo, 15.41, 13.15, -2.08, 13.43, 13.43, 13.44, 13.10, 25227.87, 33339378, 0.80, 2.53, 0.68, 623.1029
2017-04-18, 1, wei_ruo, 15.39, 13.12, -0.23, 13.15, 13.15, 13.37, 13.01, 27513.8, 36418296, 0.87, 2.74, 0.75, 635.78296
2017-04-19, 1, wei_ruo, 15.37, 12.80, -2.44, 13.12, 13.15, 13.19, 12.79, 24087.04, 31156025, 0.76, 3.05, 0.65, 621.91415
2017-04-20, 1, wei_ruo, 15.36, 12.77, -0.23, 12.80, 12.85, 12.90, 12.66, 14233.31, 18227961, 0.45, 1.88, 0.39, 2120.05591
2017-04-21, 1, wei_ruo, 15.34, 12.69, -0.63, 12.77, 12.82, 12.87, 12.49, 24133.17, 30499736, 0.76, 2.98, 0.65, 592.1762
2017-04-24, 1, wei_ruo, 15.32, 12.27, -3.31, 12.69, 12.67, 12.67, 12.26, 14594.76, 18013171, 0.46, 3.23, 0.40, 694.60297
2017-04-25, 1, wei_ruo, 15.30, 12.21, -0.49, 12.27, 12.40, 12.43, 12.13, 19818.79, 24301382, 0.63, 2.44, 0.54, 820.22619
2017-04-26, 1, wei_ruo, 15.29, 12.30, 0.74, 12.21, 12.21, 12.38, 12.13, 18749.95, 22934190, 0.59, 2.05, 0.51, 818.78209
2017-04-27, 1, wei_ruo, 15.27, 12.30, 0.00, 12.30, 12.28, 12.30, 11.92, 20375.07, 24685551, 0.64, 3.09, 0.55, 1289.35099
2017-04-28, 1, wei_ruo, 15.25, 12.32, 0.16, 12.30, 12.31, 12.38, 12.21, 13540.36, 16687107, 0.43, 1.38, 0.37, 673.86889
2017-05-02, 1, wei_ruo, 15.24, 12.41, 0.73, 12.32, 12.22, 12.42, 12.18, 13856.15, 17090167, 0.44, 1.95, 0.38, 732.29194
2017-05-03, 1, wei_ruo, 15.22, 12.57, 1.29, 12.41, 12.45, 12.62, 12.37, 18563.37, 23252591, 0.59, 2.01, 0.50, 1463.83405
2017-05-04, 1, wei_ruo, 15.21, 12.49, -0.64, 12.57, 12.55, 12.68, 12.44, 13259.73, 16646344, 0.42, 1.91, 0.36, 3422.53208
2017-05-05, 1, wei_ruo, 15.20, 12.24, -2.00, 12.49, 12.49, 12.54, 12.24, 12091.44, 15020058, 0.38, 2.40, 0.33, 608.00195
2017-05-11, 1, wei_ruo, 15.13, 11.91, 0.08, 11.90, 11.88, 11.98, 11.38, 22835.67, 26800216, 0.72, 5.04, 0.62, 615.65495
2017-05-12, 1, wei_ruo, 15.12, 11.75, -1.34, 11.91, 11.91, 11.98, 11.70, 12561.32, 14805346, 0.40, 2.35, 0.34, 1104.73204
2017-05-15, 1, wei_ruo, 15.10, 11.89, 1.19, 11.75, 11.81, 12.15, 11.81, 15680.72, 18777461, 0.49, 2.89, 0.42, 733.44994
2017-05-17, 1, wei_ruo, 15.07, 12.62, 4.73, 12.05, 12.05, 12.65, 12.01, 24934.1, 30475241, 0.79, 5.31, 0.68, 620.01705
2017-05-18, 1, wei_ruo, 15.00, 13.13, 4.04, 12.62, 12.80, 13.40, 12.62, 100693.89, 132188844, 3.18, 6.18, 2.73, 660.69508
2017-05-19, 1, wei_ruo, 14.97, 13.40, 2.06, 13.13, 13.35, 13.49, 13.10, 72602.65, 96650926, 2.29, 2.97, 1.97, 2665.87591
2017-05-22, 1, wei_ruo, 14.93, 12.81, -4.40, 13.40, 13.34, 13.39, 12.55, 59959.45, 77864803, 1.89, 6.27, 1.62, 648.69595
2017-05-23, 1, wei_ruo, 14.90, 12.25, -4.37, 12.81, 12.76, 12.92, 12.16, 36169.74, 45294347, 1.14, 5.93, 0.98, 846.86613
2017-05-24, 1, wei_ruo, 14.88, 12.55, 2.45, 12.25, 12.33, 12.55, 12.15, 23024.23, 28499159, 0.73, 3.27, 0.62, 662.30202
2017-05-25, 1, wei_ruo, 14.86, 12.58, 0.24, 12.55, 12.56, 12.63, 12.20, 22039.29, 27388288, 0.69, 3.43, 0.60, 60651.22986
2017-05-26, 1, wei_ruo, 14.84, 13.02, 3.50, 12.58, 12.54, 13.02, 12.51, 37113.82, 47419814, 1.17, 4.05, 1.01, 627.83194
2017-05-31, 1, wei_ruo, 14.83, 12.82, -1.54, 13.02, 13.01, 13.16, 12.77, 21597.67, 27887650, 0.68, 3.00, 0.59, 619.08722
2017-06-01, 1, wei_ruo, 14.81, 12.46, -2.81, 12.82, 12.76, 12.88, 12.46, 20170.57, 25509513, 0.64, 3.28, 0.55, 2718.68896
2017-06-02, 1, wei_ruo, 14.80, 12.61, 1.20, 12.46, 12.48, 12.67, 12.30, 20279.12, 25292417, 0.64, 2.97, 0.55, 690.17696
2017-06-05, 1, wei_ruo, 14.79, 12.65, 0.32, 12.61, 12.60, 12.70, 12.51, 14334.02, 18090073, 0.45, 1.51, 0.39, 4243.86597
2017-06-06, 1, wei_ruo, 14.78, 12.54, -0.87, 12.65, 12.65, 12.69, 12.53, 12641.66, 15909139, 0.40, 1.26, 0.34, 589.06412
2017-06-07, 1, wei_ruo, 14.76, 12.85, 2.47, 12.54, 12.54, 12.89, 12.54, 25919.11, 33062959, 0.82, 2.79, 0.70, 626.54495
2017-06-08, 2, qing_du, 14.75, 12.84, -0.08, 12.85, 12.83, 12.93, 12.75, 19093.96, 24526509, 0.60, 1.40, 0.52, 990.33999
2017-06-09, 2, qing_du, 14.56, 12.56, -1.02, 12.69, 12.70, 12.74, 12.50, 25391.38, 31919705, 0.80, 1.89, 0.69, 864.56013
2017-06-12, 2, qing_du, 14.54, 12.12, -3.50, 12.56, 12.38, 12.38, 12.08, 32853.75, 39967328, 1.04, 2.39, 0.89, 630.50222
2017-06-13, 2, qing_du, 14.53, 12.24, 0.99, 12.12, 12.13, 12.25, 12.09, 15885.4, 19379400, 0.50, 1.32, 0.43, 2573.75789
2017-06-14, 1, wei_ruo, 14.52, 12.18, -0.49, 12.24, 12.30, 12.33, 12.14, 11952.94, 14630067, 0.38, 1.55, 0.32, 567.05809
2017-06-15, 1, wei_ruo, 14.51, 12.30, 0.99, 12.18, 12.18, 12.30, 12.11, 14703.56, 18015124, 0.46, 1.56, 0.40, 599.59698
2017-06-16, 1, wei_ruo, 14.50, 12.24, -0.49, 12.30, 12.30, 12.35, 12.19, 11009.71, 13460774, 0.35, 1.30, 0.30, 650.83599
2017-06-19, 1, wei_ruo, 14.49, 12.25, 0.08, 12.24, 12.20, 12.30, 12.16, 18187.07, 22271827, 0.57, 1.14, 0.49, 851.2001
2017-06-20, 2, qing_du, 14.47, 12.17, -0.65, 12.25, 12.23, 12.26, 12.15, 18025.61, 21989214, 0.57, 0.90, 0.49, 591.56895
2017-06-21, 2, qing_du, 14.46, 12.10, -0.58, 12.17, 12.20, 12.24, 12.05, 14902.21, 18064514, 0.47, 1.56, 0.40, 739.2838
2017-06-22, 1, wei_ruo, 14.44, 11.73, -3.06, 12.10, 12.10, 12.13, 11.71, 28606.93, 34197971, 0.90, 3.47, 0.78, 813.65418
2017-06-23, 1, wei_ruo, 14.42, 11.78, 0.43, 11.73, 11.75, 11.88, 11.66, 19002.9, 22362258, 0.60, 1.88, 0.51, 798.24615
2017-06-26, 1, wei_ruo, 14.41, 11.94, 1.36, 11.78, 11.75, 11.96, 11.72, 14471.62, 17180509, 0.46, 2.04, 0.39, 3702.54302
2017-06-27, 1, wei_ruo, 14.40, 12.00, 0.50, 11.94, 11.94, 12.07, 11.88, 13725.41, 16457331, 0.43, 1.59, 0.37, 611.16886
2017-06-28, 1, wei_ruo, 14.39, 11.97, -0.25, 12.00, 11.93, 12.05, 11.90, 11960.48, 14299278, 0.38, 1.25, 0.32, 733.53505
2017-06-29, 1, wei_ruo, 14.39, 11.97, 0.00, 11.97, 11.99, 12.01, 11.92, 8260.7, 9885924, 0.26, 0.75, 0.22, 512.56299
2017-06-30, 1, wei_ruo, 14.37, 12.08, 0.92, 11.97, 11.94, 12.11, 11.85, 15898.71, 19067326, 0.50, 2.17, 0.43, 634.98306
2017-07-03, 1, wei_ruo, 14.36, 12.14, 0.50, 12.08, 12.09, 12.15, 11.96, 17523.78, 21159997, 0.55, 1.57, 0.47, 1039.76393
2017-07-04, 1, wei_ruo, 14.35, 12.14, 0.00, 12.14, 12.16, 12.16, 12.03, 12899.67, 15619214, 0.41, 1.07, 0.35, 571.37322
2017-07-05, 1, wei_ruo, 14.34, 12.16, 0.16, 12.14, 12.10, 12.17, 12.02, 15366.14, 18600375, 0.48, 1.24, 0.42, 1133.35395
2017-07-06, 1, wei_ruo, 14.33, 12.05, -0.90, 12.16, 12.10, 12.15, 12.00, 13501.03, 16277892, 0.43, 1.23, 0.37, 629.93884
2017-07-07, 1, wei_ruo, 14.32, 12.07, 0.17, 12.05, 12.05, 12.13, 11.98, 13634.8, 16456641, 0.43, 1.24, 0.37, 683.37011
2017-07-10, 1, wei_ruo, 14.31, 11.91, -1.33, 12.07, 12.06, 12.06, 11.89, 18666.46, 22308925, 0.59, 1.41, 0.51, 568.94898
2017-07-11, 1, wei_ruo, 14.30, 11.81, -0.84, 11.91, 11.88, 11.99, 11.81, 11974.16, 14257507, 0.38, 1.51, 0.32, 624.80187
2017-07-12, 1, wei_ruo, 14.29, 11.80, -0.08, 11.81, 11.82, 11.92, 11.71, 14263.47, 16828509, 0.45, 1.78, 0.39, 647.08185
2017-07-13, 1, wei_ruo, 14.27, 11.68, -1.02, 11.80, 11.60, 11.74, 11.58, 20587.04, 23967511, 0.65, 1.36, 0.56, 711.11298
2017-07-14, 1, wei_ruo, --, 11.65, -0.26, 11.68, 11.68, 11.75, 11.60, 9244, 10783639, 0.29, 1.28, 0.25, 562.42108
2017-07-17, 1, wei_ruo, --, 10.78, -7.47, 11.65, 11.65, 11.65, 10.58, 34298.03, 37613117, 1.08, 9.18, 0.93, 823.82202
2017-07-18, 1, wei_ruo, 14.20, 10.69, -0.83, 10.78, 10.80, 10.94, 10.40, 23515.14, 24918533, 0.74, 5.01, 0.64, 756.99401
2017-07-19, 1, wei_ruo, --, 10.75, 0.56, 10.69, 10.67, 10.79, 10.53, 12808.47, 13655549, 0.40, 2.43, 0.35, 604.42686
2017-07-20, 1, wei_ruo, --, 10.76, 0.09, 10.75, 10.75, 10.85, 10.72, 15371.89, 16576490, 0.48, 1.21, 0.42, 1156.77786
2017-07-21, 1, wei_ruo, --, 10.35, -3.81, 10.76, 10.64, 10.64, 10.27, 43246.3, 44807788, 1.36, 3.44, 1.17, 509.04298
2017-07-24, 1, wei_ruo, 14.10, 10.39, 0.39, 10.35, 10.35, 10.41, 10.21, 17089.1, 17664387, 0.54, 1.93, 0.46, 15889.87684
2017-07-25, 1, wei_ruo, --, 10.37, -0.19, 10.39, 10.35, 10.39, 10.25, 15172.08, 15637676, 0.48, 1.35, 0.41, 867.56992
2017-07-26, 1, wei_ruo, --, 10.39, 0.19, 10.37, 10.35, 10.43, 10.27, 12212.94, 12662316, 0.39, 1.54, 0.33, 869.46392
2017-07-27, 1, wei_ruo, 14.04, 10.61, 2.12, 10.39, 10.37, 10.66, 10.28, 25251.15, 26526628, 0.80, 3.66, 0.68, 1779.7091
2017-07-28, 1, wei_ruo, 14.00, 10.97, 3.39, 10.61, 10.59, 10.97, 10.56, 39570.35, 42805469, 1.25, 3.86, 1.07, 653.09906
2017-07-31, 1, wei_ruo, 13.98, 10.81, -1.46, 10.97, 10.95, 10.95, 10.76, 22569.93, 24408011, 0.71, 1.73, 0.61, 1152.15516
2017-08-01, 1, wei_ruo, 13.96, 10.77, -0.37, 10.81, 10.83, 10.85, 10.71, 16638.39, 17929524, 0.52, 1.30, 0.45, 815.485
2017-08-02, 1, wei_ruo, 13.94, 10.53, -2.23, 10.77, 10.78, 10.80, 10.50, 17757.98, 18833166, 0.56, 2.79, 0.48, 2980.96395
2017-08-03, 1, wei_ruo, 13.92, 10.67, 1.33, 10.53, 10.53, 10.70, 10.53, 15408.86, 16373787, 0.49, 1.61, 0.42, 589.28394
2017-08-04, 1, wei_ruo, 13.91, 10.60, -0.66, 10.67, 10.67, 10.69, 10.57, 11879.42, 12622825, 0.37, 1.12, 0.32, 686.12003
2017-08-07, 1, wei_ruo, 13.90, 10.77, 1.60, 10.60, 10.61, 10.79, 10.57, 12382.5, 13257047, 0.39, 2.08, 0.34, 713.88292
2017-08-08, 1, wei_ruo, 13.81, 11.85, 10.03, 10.77, 10.78, 11.85, 10.78, 114148.23, 132325976, 3.60, 9.94, 3.09, 645.82086
2017-08-09, 1, wei_ruo, 13.75, 11.52, -2.78, 11.85, 11.80, 11.82, 11.40, 87969.89, 101489576, 2.77, 3.54, 2.38, 662.9312
2017-08-10, 1, wei_ruo, 13.71, 11.27, -2.17, 11.52, 11.42, 11.45, 11.21, 46508.81, 52591906, 1.49, 2.08, 1.26, 746.15812
2017-08-11, 1, wei_ruo, 13.68, 11.00, -2.40, 11.27, 11.18, 11.20, 10.97, 41301.83, 45720704, 1.32, 2.04, 1.12, 737.48112
2017-08-14, 1, wei_ruo, 13.65, 11.19, 1.73, 11.00, 10.97, 11.22, 10.97, 32576.74, 36248404, 1.04, 2.27, 0.88, 1098.59896
2017-08-15, 1, wei_ruo, 13.63, 11.12, -0.63, 11.19, 11.17, 11.17, 11.03, 30816.45, 34095885, 0.99, 1.25, 0.84, 2840.7948
2017-08-16, 1, wei_ruo, 13.60, 11.14, 0.18, 11.12, 11.09, 11.20, 11.06, 30166.86, 33513492, 0.97, 1.26, 0.82, 683.35795
2017-08-17, 1, wei_ruo, 13.57, 11.17, 0.27, 11.14, 11.11, 11.17, 11.04, 36100.37, 40095898, 1.16, 1.17, 0.98, 3641.91604
2017-08-18, 1, wei_ruo, 13.56, 11.04, -1.16, 11.17, 11.10, 11.10, 11.03, 20825.78, 23023434, 0.67, 0.63, 0.56, 976.99618
2017-08-21, 1, wei_ruo, 13.54, 11.11, 0.63, 11.04, 11.05, 11.13, 11.05, 18653.61, 20683295, 0.60, 0.72, 0.51, 790.96603
2017-08-22, 1, wei_ruo, 13.50, 11.25, 1.26, 11.11, 11.14, 11.54, 11.12, 66425.22, 75336161, 2.13, 3.78, 1.80, 727.42295
2017-08-23, 1, wei_ruo, 13.47, 11.27, 0.18, 11.25, 11.26, 11.30, 11.13, 35159.57, 39385260, 1.13, 1.51, 0.95, 856.28605
2017-08-24, 1, wei_ruo, 13.45, 11.06, -1.86, 11.27, 11.24, 11.29, 10.95, 23610, 26296908, 0.76, 3.02, 0.64, 886.33394
2017-08-25, 1, wei_ruo, 13.43, 11.13, 0.63, 11.06, 10.97, 11.18, 10.97, 23870.97, 26529174, 0.77, 1.90, 0.65, 760.34093
2017-08-28, 1, wei_ruo, 13.40, 11.17, 0.36, 11.13, 11.13, 11.18, 10.98, 39194.73, 43490190, 1.26, 1.80, 1.06, 753.10016
2017-08-29, 1, wei_ruo, 13.39, 11.08, -0.81, 11.17, 11.15, 11.16, 11.04, 22110.4, 24532064, 0.71, 1.07, 0.60, 615.839
2017-08-30, 1, wei_ruo, 13.38, 11.11, 0.27, 11.08, 11.07, 11.15, 11.06, 15269.05, 16955953, 0.49, 0.81, 0.41, 720.62612
2017-08-31, 2, qing_du, 13.37, 11.15, 0.36, 11.11, 11.11, 11.17, 11.09, 16617.01, 18494175, 0.53, 0.72, 0.45, 972.4052
2017-09-01, 2, qing_du, 13.35, 11.11, 0.00, 11.11, 11.11, 11.17, 11.09, 8603, 9571574, 0.28, 0.72, 0.47, 662.14895
2017-09-04, 2, qing_du, 13.33, 11.40, 2.52, 11.12, 11.14, 11.44, 11.10, 34032.53, 38197708, 1.09, 3.06, 0.92, 553.62296
2017-09-05, 2, qing_du, 13.31, 11.11, 0.00, 11.11, 11.11, 11.17, 11.09, 8603, 9571574, 0.28, 0.72, 0.47, 728.70588
2017-09-06, 3, zhong_du, 13.28, 11.11, 0.00, 11.11, 11.11, 11.17, 11.09, 8603, 9571574, 0.28, 0.72, 0.47, 713.48119
2017-09-07, 3, zhong_du, 13.25, 11.11, 0.00, 11.11, 11.11, 11.17, 11.09, 8603, 9571574, 0.28, 0.72, 0.47, 2633.4641
2017-09-08, 3, zhong_du, 13.19, 12.10, 4.67, 11.56, 11.56, 12.72, 11.37, 158485.64, 192630527, 5.08, 11.68, 4.29, 2645.81108
2017-09-11, 3, zhong_du, 13.15, 11.11, 0.00, 11.11, 11.11, 11.17, 11.09, 8603, 9571574, 0.28, 0.72, 0.47, 619.03811
2017-09-12, 3, zhong_du, 13.13, 11.83, -2.15, 12.09, 11.96, 12.10, 11.81, 62206.37, 74099479, 2.00, 2.40, 1.69, 2532.39512
2017-09-13, 3, zhong_du, 13.12, 11.78, -0.42, 11.83, 11.78, 11.80, 11.63, 32898.96, 38536639, 1.06, 1.44, 0.89, 547.38307
2017-09-14, 3, zhong_du, 13.09, 11.53, -2.12, 11.78, 11.69, 11.70, 11.46, 51945.4, 60053936, 1.67, 2.04, 1.41, 833.9262
2017-09-15, 3, zhong_du, 13.07, 11.72, 1.65, 11.53, 11.53, 11.76, 11.46, 41295.1, 48101903, 1.32, 2.60, 1.12, 927.12903
2017-09-18, 3, zhong_du, 13.06, 11.69, -0.26, 11.72, 11.70, 11.71, 11.56, 22640.83, 26355388, 0.73, 1.28, 0.61, 667.7618
2017-09-19, 3, zhong_du, 13.05, 11.54, -1.28, 11.69, 11.68, 11.68, 11.50, 23818.86, 27547721, 0.76, 1.54, 0.65, 869.241
2017-09-20, 3, zhong_du, 13.04, 11.63, 0.78, 11.54, 11.53, 11.65, 11.53, 16607.08, 19250223, 0.53, 1.04, 0.45, 664.03699
2017-09-21, 2, qing_du, 13.03, 11.51, -1.03, 11.63, 11.60, 11.64, 11.49, 19089.65, 22018834, 0.61, 1.29, 0.52, 720.30997
2017-09-22, 2, qing_du, 13.02, 11.35, -1.39, 11.51, 11.48, 11.48, 11.30, 23660.96, 26875167, 0.76, 1.56, 0.64, 663.14197
2017-09-25, 2, qing_du, 13.01, 11.12, -2.03, 11.35, 11.31, 11.38, 11.12, 17053, 19224604, 0.55, 2.29, 0.46, 1006.0029
2017-09-26, 1, wei_ruo, 13.00, 11.15, 0.27, 11.12, 11.24, 11.24, 11.10, 13035.98, 14537616, 0.42, 1.26, 0.35, 640.06114
2017-09-27, 1, wei_ruo, 13.00, 11.23, 0.72, 11.15, 11.14, 11.26, 11.10, 9851.91, 11038220, 0.32, 1.43, 0.27, 687.50405
2017-09-28, 1, wei_ruo, 12.99, 11.21, -0.18, 11.23, 11.20, 11.43, 11.19, 14909.06, 16825442, 0.48, 2.14, 0.40, 607.47504
2017-09-29, 1, wei_ruo, 12.98, 11.41, 1.78, 11.21, 11.32, 11.43, 11.24, 14452.38, 16421121, 0.46, 1.69, 0.39, 674.32117
2017-10-10, 1, wei_ruo, 12.96, 11.58, 1.14, 11.45, 11.46, 11.58, 11.41, 20190.48, 23252863, 0.65, 1.48, 0.55, 597.28909
2017-10-12, 1, wei_ruo, 12.94, 11.39, -1.04, 11.51, 11.48, 11.50, 11.35, 16560.33, 18885015, 0.53, 1.30, 0.45, 770.18905
2017-10-13, 1, wei_ruo, 12.94, 11.54, 1.32, 11.39, 11.40, 11.57, 11.33, 14001.49, 16033493, 0.45, 2.11, 0.38, 849.99704
2017-10-16, 1, wei_ruo, 12.91, 11.65, 0.95, 11.54, 11.56, 11.90, 11.56, 72258.37, 85075229, 2.32, 2.95, 1.96, 688.00187
2017-10-17, 1, wei_ruo, 12.89, 11.39, -2.23, 11.65, 11.56, 11.56, 11.10, 28859.08, 32738044, 0.93, 3.95, 0.78, 614.42995
2017-10-18, 1, wei_ruo, 12.88, 11.38, -0.09, 11.39, 11.34, 11.57, 11.29, 23227.45, 26495534, 0.75, 2.46, 0.63, 686.86008
2017-10-19, 1, wei_ruo, 12.87, 11.14, -2.11, 11.38, 11.38, 11.40, 11.10, 21070.55, 23628050, 0.68, 2.64, 0.57, 6300.52996
2017-10-20, 1, wei_ruo, 12.86, 11.19, 0.45, 11.14, 11.14, 11.23, 11.10, 11413.34, 12742170, 0.37, 1.17, 0.31, 650.06185
2017-10-23, 1, wei_ruo, 12.86, 11.20, 0.09, 11.19, 11.15, 11.26, 11.15, 10575.95, 11843285, 0.34, 0.98, 0.29, 888.36288
2017-10-24, 1, wei_ruo, 12.85, 11.00, -1.79, 11.20, 11.15, 11.16, 10.90, 23788.32, 26204011, 0.76, 2.32, 0.64, 745.24593
2017-10-25, 1, wei_ruo, 12.84, 11.03, 0.27, 11.00, 10.97, 11.08, 10.90, 12798.92, 14064167, 0.41, 1.64, 0.35, 2653.44214
2017-10-26, 1, wei_ruo, 12.83, 11.09, 0.54, 11.03, 11.05, 11.11, 11.02, 12581.51, 13909549, 0.40, 0.82, 0.34, 666.996
2017-10-27, 1, wei_ruo, 12.82, 10.99, -0.90, 11.09, 11.09, 11.12, 10.98, 12568, 13880868, 0.40, 1.26, 0.34, 730.44395
2017-10-30, 1, wei_ruo, 12.81, 10.70, -2.64, 10.99, 10.98, 11.00, 10.58, 18982.16, 20373562, 0.61, 3.82, 0.51, 687.99114
2017-10-31, 1, wei_ruo, 12.80, 10.77, 0.65, 10.70, 10.70, 10.85, 10.70, 8938, 9621405, 0.29, 1.40, 0.24, 673.53201
2017-11-01, 1, wei_ruo, 12.80, 10.84, 0.65, 10.77, 10.80, 10.92, 10.76, 11878.12, 12856383, 0.38, 1.49, 0.32, 708.92286
2017-11-02, 1, wei_ruo, 12.79, 10.70, -1.29, 10.84, 10.84, 10.84, 10.62, 16196.28, 17300076, 0.52, 2.03, 0.44, 664.75511
2017-11-03, 1, wei_ruo, 12.78, 10.71, 0.09, 10.70, 10.67, 10.92, 10.67, 13732.34, 14781284, 0.44, 2.34, 0.37, 2669.71612
2017-11-06, 1, wei_ruo, 12.77, 10.72, 0.09, 10.71, 10.75, 10.80, 10.60, 9722, 10395433, 0.31, 1.87, 0.26, 2671.51809
2017-11-07, 1, wei_ruo, 12.76, 10.74, 0.19, 10.72, 10.73, 10.74, 10.66, 6020, 6443907, 0.19, 0.75, 0.33, 708.91881
2017-11-08, 1, wei_ruo, 12.76, 10.85, 0.46, 10.80, 10.72, 10.93, 10.72, 11554.15, 12513883, 0.37, 1.94, 0.31, 2748.23904
2017-11-10, 1, wei_ruo, 12.74, 10.91, 0.93, 10.81, 10.76, 10.91, 10.76, 12261.73, 13306036, 0.39, 1.39, 1.07, 940.50598
2017-11-13, 1, wei_ruo, 12.73, 10.66, -2.29, 10.91, 10.88, 10.88, 10.60, 22147, 23669560, 0.71, 2.57, 1.99, 709.22089
2017-11-14, 1, wei_ruo, 12.71, 10.36, -2.81, 10.66, 10.60, 10.64, 10.35, 21512.78, 22489307, 0.69, 2.72, 1.58, 975.13199
2017-11-15, 1, wei_ruo, 12.70, 10.40, 0.39, 10.36, 10.37, 10.58, 10.32, 13956.05, 14592921, 0.45, 2.51, 0.88, 690.88912
2017-11-16, 1, wei_ruo, 12.68, 10.66, 2.50, 10.40, 10.40, 10.71, 10.35, 26094.03, 27651739, 0.84, 3.46, 1.60, 752.20704
2017-11-17, 1, wei_ruo, 12.67, 10.55, -1.03, 10.66, 10.66, 10.69, 10.42, 18623.71, 19603904, 0.60, 2.53, 0.97, 699.71013
2017-11-20, 1, wei_ruo, 12.66, 10.98, 4.08, 10.55, 10.54, 10.98, 10.20, 25576.74, 27386774, 0.82, 7.39, 1.25, 802.76394
2017-11-21, 1, wei_ruo, 12.63, 11.01, 0.27, 10.98, 11.47, 11.50, 10.93, 53901.85, 60299970, 1.73, 5.19, 2.55, 697.01695
2017-11-22, 1, wei_ruo, 12.62, 10.80, -1.91, 11.01, 10.86, 11.04, 10.77, 21370.71, 23261297, 0.69, 2.45, 0.77, 687.01792
2017-11-23, 1, wei_ruo, 12.61, 10.59, -1.94, 10.80, 10.87, 10.87, 10.59, 19735.44, 21163749, 0.63, 2.59, 0.68, 2647.22896
2017-11-24, 1, wei_ruo, 12.60, 10.65, 0.57, 10.59, 10.59, 10.75, 10.50, 9784.96, 10421376, 0.31, 2.36, 0.35, 622.08915
2017-11-27, 1, wei_ruo, 12.59, 10.91, 2.44, 10.65, 10.67, 11.00, 10.57, 21812.81, 23616089, 0.70, 4.04, 0.84, 885.42485
2017-11-28, 1, wei_ruo, 12.58, 10.98, 0.64, 10.91, 10.83, 11.08, 10.83, 17948.86, 19692863, 0.58, 2.29, 0.71, 623.61097
2017-11-29, 1, wei_ruo, 12.57, 10.95, -0.27, 10.98, 10.98, 11.00, 10.81, 9558.44, 10425429, 0.31, 1.73, 0.53, 591.3589
2017-11-30, 1, wei_ruo, 12.57, 10.86, -0.82, 10.95, 10.95, 11.03, 10.75, 10866, 11803605, 0.35, 2.56, 0.69, 3700.60992
2017-12-01, 1, wei_ruo, 12.56, 10.93, 0.64, 10.86, 10.81, 10.95, 10.78, 8634.8, 9403852, 0.28, 1.57, 0.62, 654.97804
2017-12-04, 1, wei_ruo, 12.56, 10.88, -0.46, 10.93, 10.82, 10.95, 10.79, 9645.37, 10492544, 0.31, 1.46, 0.70, 1302.99187
2017-12-05, 1, wei_ruo, 12.54, 10.43, -4.14, 10.88, 10.91, 11.03, 10.35, 20463.99, 21919036, 0.66, 6.25, 1.81, 763.95988
2017-12-06, 1, wei_ruo, 12.54, 10.57, 1.34, 10.43, 10.45, 10.61, 10.45, 13392.42, 14109892, 0.43, 1.53, 1.13, 686.99408
2017-12-07, 1, wei_ruo, 12.53, 10.58, 0.09, 10.57, 10.59, 10.78, 10.53, 11373.99, 12140849, 0.36, 2.37, 0.90, 1024.38688
2017-12-08, 1, wei_ruo, 12.52, 10.61, 0.28, 10.58, 10.61, 10.65, 10.54, 6591, 6994577, 0.21, 1.04, 0.52, 631.28901
2017-12-11, 1, wei_ruo, 12.52, 10.73, 1.13, 10.61, 10.61, 10.78, 10.60, 14221.43, 15228566, 0.46, 1.70, 1.16, 816.81395
2017-12-12, 1, wei_ruo, 12.51, 10.86, 1.21, 10.73, 10.73, 10.94, 10.68, 14935.23, 16169092, 0.48, 2.42, 1.13, 696.39802
2017-12-13, 1, wei_ruo, 12.50, 10.88, 0.18, 10.86, 10.89, 10.95, 10.75, 10244, 11132356, 0.33, 1.84, 0.85, 654.80185
2017-12-14, 1, wei_ruo, 12.50, 10.75, -1.19, 10.88, 10.85, 10.87, 10.72, 7452, 8029119, 0.24, 1.38, 0.65, 744.91096
2017-12-15, 1, wei_ruo, 12.49, 10.90, 1.40, 10.75, 10.75, 10.93, 10.73, 14655.59, 15882405, 0.47, 1.86, 1.37, 529.31619
2017-12-18, 1, wei_ruo, 12.48, 10.91, 0.09, 10.90, 10.87, 10.98, 10.82, 11532, 12586753, 0.37, 1.47, 0.94, 677.82807
2017-12-19, 1, wei_ruo, 12.48, 10.93, 0.18, 10.91, 10.91, 11.00, 10.88, 10763, 11779576, 0.35, 1.10, 0.91, 876.11198
2017-12-20, 1, wei_ruo, 12.48, 10.93, 0.00, 10.93, 10.87, 10.98, 10.82, 8158, 8895422, 0.26, 1.46, 0.75, 2718.19901
2017-12-21, 2, qing_du, 12.46, 11.15, 2.01, 10.93, 10.90, 11.35, 10.75, 29096.97, 32201428, 0.93, 5.49, 2.77, 634.17816
2017-12-22, 2, qing_du, 12.46, 11.02, -1.17, 11.15, 11.10, 11.20, 11.02, 12453, 13802705, 0.40, 1.61, 0.84, 645.49899
2017-12-25, 2, qing_du, 12.45, 11.01, -0.09, 11.02, 10.99, 11.08, 10.92, 10942.7, 12044623, 0.35, 1.45, 0.76, 723.25897
2017-12-26, 2, qing_du, 12.44, 11.05, 0.36, 11.01, 11.08, 11.22, 11.01, 27089, 30162704, 0.87, 1.91, 1.90, 544.80505
2017-12-27, 2, qing_du, 12.43, 10.84, -1.90, 11.05, 10.98, 10.99, 10.78, 14551.02, 15812799, 0.47, 1.90, 0.83, 576.70021
2017-12-29, 2, qing_du, 12.42, 10.99, 1.01, 10.88, 10.82, 11.00, 10.82, 6855.46, 7492691, 0.22, 1.65, 0.50, 599.64395
2018-01-03, 2, qing_du, 12.41, 11.09, 0.91, 10.99, 10.96, 11.17, 10.93, 18909.12, 20933604, 0.61, 2.18, 1.47, 627.95496
2018-01-04, 3, zhong_du, 12.41, 11.02, -0.63, 11.09, 11.02, 11.09, 10.93, 9728.78, 10715233, 0.31, 1.44, 0.87, 832.335
2018-01-05, 3, zhong_du, 12.40, 11.17, 1.36, 11.02, 11.02, 11.19, 10.97, 21709.78, 24117974, 0.70, 2.00, 2.11, 604.85196
2018-01-08, 3, zhong_du, 12.39, 11.15, -0.18, 11.17, 11.25, 11.33, 11.10, 23633.28, 26436121, 0.76, 2.06, 1.90, 492.04493
2018-01-09, 3, zhong_du, 12.38, 10.98, -1.52, 11.15, 11.09, 11.14, 10.91, 19672.9, 21593694, 0.63, 2.06, 1.22, 664.70718
2018-01-10, 3, zhong_du, 12.37, 10.69, -2.64, 10.98, 10.88, 10.96, 10.59, 23535.01, 25337968, 0.75, 3.37, 1.26, 2600.31819
2018-01-11, 2, qing_du, 12.37, 10.74, 0.47, 10.69, 10.70, 10.75, 10.62, 7302.78, 7815742, 0.23, 1.22, 0.37, 618.60204
2018-01-12, 2, qing_du, 12.36, 10.71, -0.28, 10.74, 10.71, 10.80, 10.67, 7094.71, 7611590, 0.23, 1.21, 0.37, 694.47088
2018-01-15, 1, wei_ruo, 12.35, 10.35, -3.36, 10.71, 10.72, 10.76, 10.32, 24736, 25836894, 0.79, 4.11, 1.52, 709.74898
2018-01-16, 1, wei_ruo, 12.34, 10.50, 1.45, 10.35, 10.52, 10.65, 10.42, 13141.6, 13794713, 0.42, 2.22, 0.80, 568.45093
2018-01-17, 1, wei_ruo, 12.33, 10.40, -0.95, 10.50, 10.42, 10.53, 10.30, 14573.94, 15143966, 0.47, 2.19, 0.96, 644.53006
2018-01-18, 1, wei_ruo, 12.32, 10.34, -0.58, 10.40, 10.41, 10.44, 10.32, 12541.2, 13004120, 0.40, 1.15, 0.95, 481.66418
2018-01-19, 1, wei_ruo, 12.32, 10.34, 0.00, 10.34, 10.35, 10.44, 10.33, 9518, 9879025, 0.31, 1.06, 0.66, 520.80798
2018-01-22, 1, wei_ruo, 12.30, 10.30, -0.39, 10.34, 10.33, 10.41, 10.27, 19045.77, 19677509, 0.61, 1.35, 1.28, 651.88789
2018-01-23, 1, wei_ruo, 12.30, 10.40, 0.97, 10.30, 10.30, 10.40, 10.30, 10870.3, 11263551, 0.35, 0.97, 0.79, 709.0292
2018-01-24, 1, wei_ruo, 12.29, 10.36, -0.38, 10.40, 10.36, 10.37, 10.31, 15242.56, 15749844, 0.49, 0.58, 1.15, 603.17302
2018-01-25, 1, wei_ruo, 12.28, 10.37, 0.10, 10.36, 10.35, 10.44, 10.34, 12169.38, 12639244, 0.39, 0.97, 0.91, 891.84403
2018-01-26, 1, wei_ruo, 12.27, 10.42, 0.48, 10.37, 10.40, 10.46, 10.37, 16884.34, 17566673, 0.54, 0.87, 1.26, 860.01492
2018-01-29, 1, wei_ruo, 12.26, 10.18, -2.30, 10.42, 10.40, 10.40, 10.11, 19057.76, 19533463, 0.61, 2.78, 1.28, 861.58109
2018-01-30, 1, wei_ruo, 12.25, 10.12, -0.59, 10.18, 10.16, 10.23, 10.07, 9554.38, 9668932, 0.31, 1.57, 0.64, 438.833
2018-01-31, 1, wei_ruo, 12.23, 9.53, -5.83, 10.12, 10.00, 10.01, 9.52, 30359.23, 29335345, 0.97, 4.84, 2.08, 824.56303
2018-02-01, 1, wei_ruo, 12.21, 9.08, -4.72, 9.53, 9.53, 9.61, 8.62, 19084.6, 17816737, 0.61, 10.39, 1.08, 654.9809
2018-02-02, 1, wei_ruo, 12.20, 9.12, 0.44, 9.08, 9.12, 9.22, 9.02, 10995, 10026603, 0.35, 2.20, 0.58, 763.85307
2018-02-05, 1, wei_ruo, 12.18, 9.17, 0.55, 9.12, 9.12, 9.51, 9.12, 14516.86, 13496251, 0.47, 4.28, 0.82, 786.35693
2018-02-06, 1, wei_ruo, 12.16, 9.16, -0.11, 9.17, 9.09, 9.20, 8.90, 23118.64, 21041791, 0.74, 3.27, 1.37, 545.13216
2018-02-07, 1, wei_ruo, 12.14, 9.31, 1.64, 9.16, 9.17, 9.73, 9.13, 22084, 20800227, 0.71, 6.55, 1.13, 761.80196
2018-02-08, 1, wei_ruo, 12.13, 9.20, -1.18, 9.31, 9.12, 9.25, 9.08, 10764.07, 9863692, 0.35, 1.83, 0.52, 696.92087
2018-02-09, 1, wei_ruo, 12.12, 9.03, -1.85, 9.20, 9.08, 9.10, 8.92, 14831.82, 13392405, 0.48, 1.96, 0.84, 877.22492
2018-02-12, 1, wei_ruo, 12.11, 9.17, 1.55, 9.03, 9.07, 9.25, 9.07, 5042, 4624766, 0.16, 1.99, 0.34, 2731.84204
2018-02-13, 1, wei_ruo, 12.10, 9.22, 0.55, 9.17, 9.18, 9.35, 9.18, 6270.29, 5797064, 0.20, 1.85, 0.70, 687.73413
2018-02-14, 1, wei_ruo, 12.10, 9.32, 1.08, 9.22, 9.28, 9.33, 9.10, 6446.57, 5959996, 0.21, 2.49, 1.17, 713.87506
