2015-04-01, 5, qiang_lie, 11.94, 0.00, 0.00, 16.15, 0.00, 0.00, 0.00, 0, 0, 0.00, 0.00, 0.00, 780.967
2015-04-01, 5, qiang_lie, 11.94, 0.00, 0.00, 16.15, 0.00, 0.00, 0.00, 0, 0, 0.00, 0.00, 0.00, 1029.91605
2015-04-01, 5, qiang_lie, 11.94, 0.00, 0.00, 16.15, 0.00, 0.00, 0.00, 0, 0, 0.00, 0.00, 0.00, 1234.28798
2015-04-01, 5, qiang_lie, 11.94, 0.00, 0.00, 16.15, 0.00, 0.00, 0.00, 0, 0, 0.00, 0.00, 0.00, 1115.56602
2015-10-29, 1, wei_ruo, 10.87, 11.99, 5.64, 11.35, 11.55, 12.26, 11.35, 204471.28, 242083007, 10.38, 8.02, 1.24, 2760.56385
2015-10-30, 1, wei_ruo, 11.08, 12.95, 8.01, 11.99, 11.79, 13.19, 11.46, 250910.22, 304125642, 12.74, 14.43, 1.41, 1032.43899
2015-11-02, 2, qing_du, 11.19, 12.16, -6.10, 12.95, 12.33, 12.88, 12.01, 162131.65, 202672781, 8.23, 6.72, 0.81, 1040.82894
2015-11-03, 3, zhong_du, 11.18, 10.96, -9.87, 12.16, 10.99, 11.60, 10.94, 296825.37, 328762994, 15.07, 5.43, 1.50, 1138.98587
2015-11-04, 3, zhong_du, 11.19, 11.48, 4.74, 10.96, 10.90, 11.51, 10.80, 214852.25, 239810011, 10.91, 6.48, 1.00, 1274.97315
2015-11-05, 2, qing_du, 11.21, 11.40, -0.70, 11.48, 11.30, 11.66, 11.05, 203665.75, 229972158, 10.34, 5.31, 0.90, 1276.28303
2015-11-06, 2, qing_du, 11.22, 11.41, 0.09, 11.40, 11.35, 11.51, 11.30, 148058.07, 168865274, 7.52, 1.84, 0.66, 1195.03689
2015-11-09, 2, qing_du, 11.25, 11.66, 2.19, 11.41, 11.34, 11.84, 10.94, 183320.04, 208967196, 9.31, 7.89, 0.89, 1284.03306
2015-11-10, 3, zhong_du, 11.30, 11.89, 1.97, 11.66, 11.64, 11.99, 11.44, 195073.53, 229283266, 9.91, 4.72, 0.93, 397.62378
2015-11-11, 3, zhong_du, 11.30, 12.15, 2.19, 11.89, 11.98, 12.29, 11.75, 156226.56, 186803428, 7.93, 4.54, 0.83, 270.58315
2015-11-12, 3, zhong_du, 11.50, 12.66, 4.20, 12.15, 12.16, 13.01, 12.04, 223029.1, 281235871, 11.33, 7.98, 1.26, 982.91397
2015-11-13, 3, zhong_du, 11.60, 12.40, -2.05, 12.66, 12.30, 13.03, 12.30, 188821.58, 239401285, 9.59, 5.77, 1.04, 1098.10209
2015-11-16, 4, gao_du, 11.66, 12.57, 1.37, 12.40, 12.10, 12.79, 11.88, 133838.47, 163693200, 6.80, 7.34, 0.71, 3315.53102
2015-11-17, 4, gao_du, 11.86, 13.18, 4.85, 12.57, 12.56, 13.50, 12.38, 300794.02, 385810077, 15.27, 8.91, 1.68, 1130.19395
2015-11-18, 4, gao_du, 11.95, 12.64, -4.10, 13.18, 13.22, 13.30, 12.40, 179344.87, 232128697, 9.11, 6.83, 0.89, 1449.543
2015-11-19, 4, gao_du, 11.99, 12.82, 1.42, 12.64, 12.61, 12.83, 12.43, 113943.03, 144261407, 5.79, 3.16, 0.56, 16524.54209
2015-11-20, 5, qiang_lie, 12.08, 13.19, 2.89, 12.82, 12.81, 13.37, 12.73, 149247.01, 195322030, 7.58, 4.99, 0.81, 16598.18888
2015-11-23, 5, qiang_lie, 12.15, 13.03, -1.21, 13.19, 13.00, 13.70, 12.93, 130218.38, 173252175, 6.61, 5.84, 0.74, 16809.69596
2015-11-24, 5, qiang_lie, 12.36, 14.33, 9.98, 13.03, 12.81, 14.33, 12.69, 251708.69, 344174699, 12.78, 12.59, 1.44, 1135.45108
2015-11-25, 5, qiang_lie, 12.60, 14.38, 0.35, 14.33, 14.28, 14.74, 13.90, 236046.56, 337416097, 11.99, 5.86, 1.43, 2922.7612
2015-11-26, 5, qiang_lie, 12.79, 14.05, -2.29, 14.38, 14.34, 15.09, 13.90, 211744.6, 307177218, 10.75, 8.28, 1.20, 861.04703
2015-11-27, 5, qiang_lie, 12.83, 13.05, -7.12, 14.05, 14.08, 14.28, 12.69, 158849.58, 214665220, 8.07, 11.32, 0.81, 889.42218
2015-11-30, 5, qiang_lie, 12.86, 13.53, 3.68, 13.05, 13.30, 13.66, 12.20, 165911.65, 217705408, 8.43, 11.19, 0.84, 962.00991
2015-12-01, 4, gao_du, 12.93, 13.55, 0.15, 13.53, 13.53, 14.10, 13.00, 156055.41, 211854420, 7.92, 8.13, 0.86, 1086.95388
2015-12-02, 4, gao_du, 12.94, 13.02, -6.20, 13.88, 13.66, 13.76, 12.85, 105046.07, 138551947, 5.33, 6.56, 0.61, 940.86909
2015-12-03, 4, gao_du, 12.94, 13.27, 1.61, 13.06, 13.20, 13.41, 13.02, 85316.5, 112818680, 4.33, 2.99, 0.51, 874.38297
2015-12-04, 4, gao_du, 12.99, 13.06, -1.58, 13.27, 13.16, 13.38, 12.85, 99370.55, 130385604, 5.05, 3.99, 0.71, 802.12498
2015-12-07, 4, gao_du, 13.01, 13.30, 1.84, 13.06, 13.12, 13.38, 13.03, 83426.73, 110395168, 4.24, 2.68, 0.65, 661.89694
2015-12-08, 4, gao_du, 12.99, 12.54, -5.71, 13.30, 13.25, 13.30, 12.50, 104658, 134689516, 5.31, 6.02, 0.93, 755.07593
2015-12-09, 4, gao_du, 12.97, 12.38, -1.28, 12.54, 12.31, 12.59, 12.25, 62632.97, 77331368, 3.18, 2.71, 0.63, 2575.02294
2015-12-10, 3, zhong_du, 12.96, 12.41, 0.24, 12.38, 12.41, 12.72, 12.40, 49919.47, 62434649, 2.53, 2.58, 0.57, 883.54492
2015-12-11, 3, zhong_du, 12.95, 12.42, 0.08, 12.41, 12.47, 12.60, 12.32, 51772.28, 64411352, 2.63, 2.26, 0.65, 1058.29501
2015-12-14, 3, zhong_du, 12.94, 12.75, 2.66, 12.42, 12.37, 12.85, 12.11, 61741.61, 78206296, 3.14, 5.96, 0.88, 909.10602
2015-12-15, 3, zhong_du, 12.93, 12.81, 0.47, 12.75, 12.60, 13.00, 12.60, 52616.44, 67577621, 2.67, 3.14, 0.80, 3002.04206
2015-12-16, 3, zhong_du, 12.93, 12.86, 0.39, 12.81, 12.72, 12.97, 12.64, 78055.05, 99928145, 3.96, 2.58, 1.40, 952.00181
2015-12-17, 3, zhong_du, 12.94, 13.32, 3.58, 12.86, 12.86, 13.34, 12.80, 104092.83, 136262436, 5.29, 4.20, 1.77, 2819.77701
2015-12-18, 3, zhong_du, 12.99, 13.74, 3.15, 13.32, 13.32, 13.82, 13.20, 144580.45, 195560844, 7.34, 4.65, 2.08, 885.82301
2015-12-21, 3, zhong_du, 13.02, 13.54, -1.46, 13.74, 13.60, 13.96, 13.50, 89814.48, 122678059, 4.56, 3.35, 1.02, 1065.49692
2015-12-22, 4, gao_du, 13.04, 13.60, 0.44, 13.54, 13.53, 13.63, 13.21, 90873.73, 121846836, 4.61, 3.10, 0.97, 872.99323
2015-12-23, 4, gao_du, 13.05, 13.10, -3.68, 13.60, 13.65, 13.70, 13.05, 75152.83, 100631573, 3.82, 4.78, 0.74, 1673.00296
2015-12-24, 4, gao_du, 13.04, 12.69, -3.13, 13.10, 13.10, 13.11, 12.40, 74764.17, 94716210, 3.80, 5.42, 0.74, 829.0031
2015-12-25, 3, zhong_du, 13.03, 12.86, 1.34, 12.69, 12.78, 12.93, 12.65, 45046.97, 57648085, 2.29, 2.21, 0.47, 818.60805
2015-12-28, 3, zhong_du, 13.02, 12.50, -2.80, 12.86, 12.85, 12.99, 12.50, 58394.82, 74114741, 2.97, 3.81, 0.78, 1989.6431
2015-12-29, 2, qing_du, 13.01, 12.62, 0.96, 12.50, 12.32, 12.65, 12.31, 37452.93, 46738296, 1.90, 2.72, 0.54, 997.96486
2015-12-30, 2, qing_du, 13.00, 12.62, 0.00, 12.62, 12.65, 12.73, 12.50, 38289.48, 48219812, 1.94, 1.82, 0.56, 3066.60104
2015-12-31, 2, qing_du, 13.00, 12.60, -0.16, 12.62, 12.60, 12.85, 12.53, 49760.47, 63181950, 2.53, 2.54, 0.72, 973.78516
2016-01-04, 1, wei_ruo, 12.97, 11.35, -9.92, 12.60, 12.60, 12.60, 11.34, 40472.03, 48360178, 2.06, 10.00, 0.59, 2239.74204
2016-01-05, 1, wei_ruo, 12.90, 10.61, -6.52, 11.35, 11.00, 11.20, 10.22, 62956.98, 67470241, 3.20, 8.63, 0.91, 2364.71701
2016-01-06, 1, wei_ruo, 12.85, 10.89, 2.64, 10.61, 10.77, 10.92, 10.60, 41052.51, 44129037, 2.08, 3.02, 0.60, 998.58499
2016-01-07, 1, wei_ruo, 12.84, 9.82, -9.83, 10.89, 10.66, 10.76, 9.80, 10302, 10535744, 0.52, 8.82, 0.15, 804.94404
2016-01-08, 1, wei_ruo, 12.85, 10.38, 5.70, 9.82, 10.10, 10.80, 9.12, 66236.87, 67933722, 3.36, 17.11, 0.96, 7122.298
2016-01-11, 1, wei_ruo, 12.68, 9.96, -4.05, 10.38, 10.20, 10.84, 9.70, 58333.26, 60831447, 2.96, 10.98, 0.85, 1018.87798
2016-01-12, 1, wei_ruo, 12.63, 9.96, 0.00, 9.96, 10.10, 10.25, 9.68, 39920.36, 40055673, 2.03, 5.72, 0.58, 2909.83391
2016-01-13, 1, wei_ruo, 12.58, 9.84, -1.20, 9.96, 10.05, 10.28, 9.79, 35141.34, 35329314, 1.78, 4.92, 0.51, 2880.73993
2016-01-14, 1, wei_ruo, 12.53, 10.37, 5.39, 9.84, 9.41, 10.37, 9.29, 38161.61, 38003221, 1.94, 10.98, 0.55, 749.58396
2016-01-15, 1, wei_ruo, 12.45, 10.53, 1.54, 10.37, 10.37, 11.20, 10.37, 88044.43, 94903133, 4.47, 8.00, 1.28, 4272.09091
2016-01-18, 1, wei_ruo, 12.39, 10.65, 1.14, 10.53, 10.05, 10.90, 10.05, 56474.66, 59505571, 2.87, 8.07, 0.82, 1321.18988
2016-01-19, 1, wei_ruo, 12.34, 10.90, 2.35, 10.65, 10.60, 10.95, 10.47, 64107.79, 68673324, 3.26, 4.51, 0.93, 1764.96196
2016-01-20, 1, wei_ruo, 12.30, 10.45, -4.13, 10.90, 10.88, 10.88, 10.37, 51083.6, 54108385, 2.59, 4.68, 0.74, 761.02209
2016-01-21, 1, wei_ruo, 12.25, 9.69, -7.27, 10.45, 10.21, 10.45, 9.68, 41899.36, 42345216, 2.13, 7.37, 0.61, 1075.16313
2016-01-22, 1, wei_ruo, 12.20, 9.83, 1.44, 9.69, 9.76, 9.96, 9.38, 35174.02, 34171340, 1.79, 5.99, 0.51, 1070.82105
2016-01-26, 1, wei_ruo, 12.12, 8.96, -10.04, 9.96, 9.84, 9.89, 8.96, 36706.87, 34621446, 1.86, 9.34, 0.53, 4708.72307
2016-01-27, 1, wei_ruo, 12.05, 8.44, -5.80, 8.96, 9.41, 9.41, 8.06, 40937.22, 34628030, 2.08, 15.07, 0.59, 5849.38598
2016-01-28, 1, wei_ruo, 11.96, 8.09, -4.15, 8.44, 8.27, 8.37, 7.98, 43218.5, 35438745, 2.19, 4.62, 0.63, 1714.87808
2016-01-29, 1, wei_ruo, 11.88, 8.31, 2.72, 8.09, 8.09, 8.50, 8.00, 44959.23, 37057014, 2.28, 6.18, 0.65, 1115.46111
2016-02-01, 1, wei_ruo, 11.80, 8.03, -3.37, 8.31, 8.35, 8.35, 7.85, 37883.05, 30770017, 1.92, 6.02, 0.55, 3108.742
2016-02-02, 1, wei_ruo, 11.72, 8.34, 3.86, 8.03, 8.06, 8.38, 8.03, 47797.72, 39487363, 2.43, 4.36, 0.69, 1149.10007
2016-02-03, 1, wei_ruo, 11.66, 8.33, -0.12, 8.34, 8.25, 8.35, 8.09, 35085.52, 28841350, 1.78, 3.12, 0.51, 1230.4759
2016-02-04, 1, wei_ruo, 11.58, 8.50, 2.04, 8.33, 8.25, 8.62, 8.25, 48347.78, 41076600, 2.46, 4.44, 0.70, 3702.2531
2016-02-05, 1, wei_ruo, 11.53, 8.40, -1.18, 8.50, 8.56, 8.59, 8.40, 26630.76, 22602056, 1.35, 2.24, 0.39, 3022.98594
2016-02-15, 1, wei_ruo, 11.48, 8.21, -2.26, 8.40, 8.11, 8.30, 7.98, 32415.3, 26261632, 1.65, 3.81, 0.47, 989.61616
2016-02-16, 1, wei_ruo, 11.38, 8.55, 4.14, 8.21, 8.28, 8.60, 8.23, 63820.34, 54311795, 3.24, 4.51, 0.93, 3058.32601
2016-02-17, 1, wei_ruo, 11.30, 8.76, 2.46, 8.55, 8.57, 8.85, 8.50, 59155.69, 51594059, 3.00, 4.09, 0.86, 1165.35401
2016-02-18, 1, wei_ruo, 11.20, 8.70, -0.68, 8.76, 8.80, 8.94, 8.57, 78006.16, 68028845, 3.96, 4.22, 1.13, 939.73589
2016-02-19, 1, wei_ruo, 11.15, 8.66, -0.46, 8.70, 8.74, 8.74, 8.54, 35819.5, 30890791, 1.82, 2.30, 0.66, 2756.92201
2016-02-22, 1, wei_ruo, 11.15, 9.19, 5.75, 8.69, 8.78, 9.50, 8.71, 90000.31, 81575499, 4.57, 9.09, 1.61, 909.7991
2016-02-23, 1, wei_ruo, 11.03, 8.95, -2.61, 9.19, 9.06, 9.17, 8.74, 62089.38, 55691620, 3.15, 4.68, 0.92, 4516.39795
2016-02-24, 1, wei_ruo, 10.98, 9.06, 1.23, 8.95, 8.97, 9.08, 8.76, 51762.45, 46336251, 2.63, 3.58, 0.77, 2928.81083
2016-02-25, 1, wei_ruo, 10.87, 8.15, -10.04, 9.06, 9.09, 9.15, 8.15, 79871.38, 68204696, 4.06, 11.04, 1.22, 3524.05
2016-02-26, 1, wei_ruo, 10.81, 8.17, 0.25, 8.15, 8.40, 8.40, 7.91, 44040.86, 35885292, 2.24, 6.01, 0.67, 682.00302
2016-02-29, 1, wei_ruo, 10.74, 7.43, -9.06, 8.17, 8.10, 8.13, 7.38, 43044.81, 32583556, 2.19, 9.18, 0.66, 2301.20397
2016-03-01, 1, wei_ruo, 10.69, 7.63, 2.69, 7.43, 7.43, 7.68, 7.36, 34524.26, 25978286, 1.75, 4.31, 0.61, 2720.45588
2016-03-02, 1, wei_ruo, 10.62, 8.07, 5.77, 7.63, 7.69, 8.07, 7.69, 48861.7, 38491815, 2.48, 4.98, 0.96, 668.27488
2016-03-03, 1, wei_ruo, 10.56, 8.02, -0.62, 8.07, 8.12, 8.34, 7.98, 47806.87, 38828151, 2.43, 4.46, 0.95, 923.86389
2016-03-04, 1, wei_ruo, 10.50, 7.74, -3.49, 8.02, 7.98, 8.11, 7.40, 41182.06, 32139537, 2.09, 8.85, 0.94, 3450.35982
2016-03-07, 1, wei_ruo, 10.45, 7.96, 2.84, 7.74, 7.78, 8.10, 7.78, 36369.86, 29003768, 1.85, 4.13, 0.84, 950.6278
2016-03-08, 1, wei_ruo, 10.41, 8.02, 0.75, 7.96, 7.99, 8.10, 7.61, 35493.41, 27933171, 1.80, 6.16, 0.85, 1991.00804
2016-03-10, 1, wei_ruo, 10.34, 7.74, -2.27, 7.92, 7.88, 8.00, 7.70, 22241.55, 17457387, 1.13, 3.79, 0.58, 473.54412
2016-03-14, 1, wei_ruo, 10.26, 8.00, 3.49, 7.73, 7.77, 8.06, 7.77, 41374.69, 33025365, 2.10, 3.75, 1.38, 2691.9229
2016-03-15, 1, wei_ruo, 10.21, 8.10, 1.25, 8.00, 8.01, 8.18, 7.91, 44684.02, 36079986, 2.27, 3.38, 1.44, 617.17105
2016-03-16, 1, wei_ruo, 10.16, 7.99, -1.36, 8.10, 8.15, 8.34, 7.96, 41740.93, 34004627, 2.12, 4.69, 1.27, 1035.88295
2016-03-17, 1, wei_ruo, 10.11, 8.24, 3.13, 7.99, 8.13, 8.25, 7.98, 52382.24, 42559102, 2.66, 3.38, 1.50, 957.55887
2016-03-18, 1, wei_ruo, 10.04, 8.56, 3.88, 8.24, 8.25, 8.74, 8.24, 85142.31, 72664131, 4.32, 6.07, 2.07, 837.85605
2016-03-21, 1, wei_ruo, 10.02, 8.90, 3.97, 8.56, 8.89, 8.95, 8.48, 89852.23, 78191710, 4.56, 5.49, 1.69, 549.60489
2016-03-22, 1, wei_ruo, 10.00, 9.10, 2.25, 8.90, 8.90, 9.30, 8.90, 118986.38, 108344776, 2.10, 4.49, 1.90, 2718.13512
2016-03-23, 1, wei_ruo, 9.99, 9.50, 4.40, 9.10, 9.00, 9.57, 8.80, 88686.37, 81529035, 1.56, 8.46, 1.14, 1631.96182
2016-03-24, 2, qing_du, 9.98, 9.48, -0.21, 9.50, 9.37, 9.77, 9.19, 75856.69, 72155393, 1.34, 6.11, 0.87, 588.18603
2016-03-25, 3, zhong_du, 9.98, 9.49, 0.11, 9.48, 9.46, 9.74, 9.36, 59304.59, 56489913, 1.05, 4.01, 0.65, 659.1301
2016-03-28, 3, zhong_du, 9.97, 9.36, -1.37, 9.49, 9.50, 9.74, 9.31, 51881.7, 49405673, 0.92, 4.53, 0.60, 525.48814
2016-03-29, 3, zhong_du, 9.97, 9.22, -1.50, 9.36, 9.36, 9.47, 9.03, 34648.2, 31938635, 0.61, 4.70, 0.44, 846.838
2016-03-30, 3, zhong_du, 9.97, 9.79, 6.18, 9.22, 9.36, 9.80, 9.13, 56521.93, 53874609, 1.00, 7.27, 0.91, 2278.16391
2016-03-31, 3, zhong_du, 9.97, 9.85, 0.61, 9.79, 9.80, 10.08, 9.80, 54542.63, 54175269, 0.96, 2.86, 0.98, 1306.3972
2016-04-01, 4, gao_du, 9.97, 10.58, 7.41, 9.85, 9.85, 10.63, 9.71, 76790.4, 78513656, 1.35, 9.34, 1.49, 2134.16696
2016-04-05, 4, gao_du, 9.98, 10.88, 2.84, 10.58, 10.50, 11.23, 10.30, 85276.56, 92938601, 1.50, 8.79, 1.55, 584.19609
2016-04-06, 4, gao_du, 9.99, 10.66, -2.02, 10.88, 10.73, 10.98, 10.21, 86379.21, 91617453, 1.52, 7.08, 1.40, 1066.30397
2016-04-07, 4, gao_du, 10.00, 10.67, 0.09, 10.66, 10.70, 10.85, 10.38, 52413.12, 55628507, 0.92, 4.41, 0.73, 646.11602
2016-04-08, 4, gao_du, 10.00, 10.55, -1.12, 10.67, 10.51, 10.79, 10.49, 39109.67, 41436033, 0.69, 2.81, 0.55, 903.96786
2016-04-11, 4, gao_du, 10.01, 10.51, -0.38, 10.55, 10.55, 10.78, 10.49, 30390.6, 32340130, 0.54, 2.75, 0.45, 984.0939
2016-04-12, 4, gao_du, 10.01, 10.60, 0.86, 10.51, 10.45, 10.75, 10.41, 28294.08, 29914252, 0.50, 3.24, 0.48, 520.07604
2016-04-13, 4, gao_du, 10.01, 10.71, 1.04, 10.60, 10.74, 10.93, 10.65, 40802.61, 43973509, 0.72, 2.64, 0.86, 558.24399
2016-04-14, 4, gao_du, 10.02, 10.69, -0.19, 10.71, 10.57, 10.70, 10.42, 29529.94, 31247969, 0.52, 2.61, 0.77, 3041.9538
2016-04-15, 4, gao_du, 10.02, 10.63, -0.56, 10.69, 10.69, 10.69, 10.50, 25706.82, 27209642, 0.45, 1.78, 0.76, 3293.05387
2016-04-18, 5, qiang_lie, 10.02, 10.40, -2.16, 10.63, 10.58, 10.60, 10.20, 36728.08, 38092507, 0.65, 3.76, 1.19, 2551.73588
2016-04-19, 5, qiang_lie, 10.04, 11.17, 7.40, 10.40, 10.36, 11.40, 10.36, 87674.19, 95587014, 1.55, 10.00, 2.72, 2647.45283
2016-04-20, 5, qiang_lie, 10.04, 10.55, -5.55, 11.17, 11.18, 11.25, 10.21, 67951.66, 73024348, 1.20, 9.31, 1.54, 720.98994
2016-04-21, 5, qiang_lie, 10.05, 10.35, -1.90, 10.55, 10.50, 10.68, 10.35, 28982.21, 30518993, 0.51, 3.13, 0.59, 2796.85402
2016-04-22, 5, qiang_lie, 10.05, 10.39, 0.39, 10.35, 10.37, 10.58, 10.25, 24656.95, 25651907, 0.43, 3.19, 0.50, 2687.10518
2016-04-25, 5, qiang_lie, 10.05, 10.31, -0.77, 10.39, 10.29, 10.57, 10.20, 33440.5, 34561926, 0.59, 3.56, 0.68, 4679.54898
2016-04-26, 5, qiang_lie, 10.05, 10.41, 0.97, 10.31, 10.27, 10.48, 10.25, 20790.78, 21548729, 0.37, 2.23, 0.43, 774.19591
2016-04-27, 5, qiang_lie, 10.06, 11.10, 6.63, 10.41, 10.50, 11.19, 10.36, 65630.57, 71617065, 1.16, 7.97, 1.87, 1248.55494
2016-04-28, 5, qiang_lie, 10.07, 11.14, 0.36, 11.10, 11.08, 11.33, 10.85, 60434.48, 67133582, 1.07, 4.32, 1.74, 618.63303
2016-04-29, 5, qiang_lie, 10.08, 11.11, -0.27, 11.14, 11.08, 11.37, 11.03, 39026.13, 43654833, 0.69, 3.05, 0.95, 2994.27795
2016-05-03, 5, qiang_lie, 10.09, 11.35, 2.16, 11.11, 11.20, 11.45, 11.12, 62217.36, 70363747, 1.10, 2.97, 1.42, 5225.84796
2016-05-04, 5, qiang_lie, 10.11, 11.64, 2.56, 11.35, 11.35, 11.68, 11.13, 77093.44, 88183902, 1.36, 4.85, 1.55, 537.44197
2016-05-05, 5, qiang_lie, 10.13, 11.93, 2.49, 11.64, 11.54, 11.95, 11.52, 70089.83, 82438831, 1.24, 3.69, 1.15, 766.53504
2016-05-06, 5, qiang_lie, 10.15, 11.47, -3.86, 11.93, 11.81, 12.09, 11.30, 69229.56, 81237114, 1.22, 6.62, 1.12, 2557.22594
2016-05-09, 5, qiang_lie, 10.17, 11.58, 0.96, 11.47, 11.44, 11.87, 11.00, 84970.47, 97209052, 1.50, 7.59, 1.34, 723.43493
2016-05-10, 5, qiang_lie, 10.19, 11.48, -0.86, 11.58, 11.32, 11.98, 11.32, 70455.51, 82444140, 1.24, 5.70, 0.97, 2996.20509
2016-05-11, 5, qiang_lie, 10.20, 11.00, -4.18, 11.48, 11.40, 11.62, 11.00, 55674.11, 62420297, 0.98, 5.40, 0.75, 960.72793
2016-05-12, 5, qiang_lie, 10.20, 9.90, -10.00, 11.00, 10.83, 10.83, 9.90, 67181.27, 67966968, 1.18, 8.45, 0.96, 4633.86297
2016-05-13, 5, qiang_lie, 10.19, 9.88, -0.20, 9.90, 9.50, 9.96, 9.50, 57417.59, 55869322, 1.01, 4.65, 0.83, 1216.26306
2016-05-16, 3, zhong_du, 10.19, 10.00, 1.21, 9.88, 10.00, 10.09, 9.83, 37017.71, 36810570, 0.65, 2.63, 0.55, 14718.31799
2016-05-17, 3, zhong_du, 10.19, 9.90, -1.00, 10.00, 10.08, 10.10, 9.85, 33580.25, 33392223, 0.59, 2.50, 0.58, 967.67616
2016-05-18, 3, zhong_du, 10.19, 9.28, -6.26, 9.90, 9.90, 9.90, 9.17, 34641.61, 32799120, 0.61, 7.37, 0.69, 1306.34093
2016-05-19, 2, qing_du, 10.18, 9.30, 0.22, 9.28, 9.34, 9.58, 9.20, 25811.74, 24234730, 0.46, 4.09, 0.56, 948.39716
2016-05-20, 2, qing_du, 10.18, 9.35, 0.54, 9.30, 9.26, 9.35, 9.01, 27408.42, 25265792, 0.48, 3.66, 0.73, 758.55923
2016-05-23, 1, wei_ruo, 10.18, 9.45, 1.07, 9.35, 9.38, 9.52, 9.31, 17628.5, 16611448, 0.31, 2.25, 0.56, 1192.78479
2016-05-24, 1, wei_ruo, 10.18, 10.38, 9.84, 9.45, 9.49, 10.40, 9.45, 71136.97, 72155059, 1.25, 10.05, 2.56, 627.23899
2016-05-25, 2, qing_du, 10.18, 10.17, -2.02, 10.38, 10.17, 10.39, 10.00, 47343.14, 48152638, 0.84, 3.76, 1.70, 1115.61203
2016-05-26, 2, qing_du, 10.17, 9.94, -2.26, 10.17, 10.07, 10.17, 9.69, 34792.09, 34401812, 0.61, 4.72, 1.25, 866.33301
2016-05-27, 2, qing_du, 10.17, 9.95, 0.10, 9.94, 9.98, 10.07, 9.81, 19525.6, 19465397, 0.34, 2.62, 0.70, 684.02004
2016-05-30, 2, qing_du, 10.17, 9.64, -3.12, 9.95, 9.93, 9.93, 9.60, 22174.13, 21585877, 0.39, 3.32, 0.80, 685.5669
2016-05-31, 2, qing_du, 10.17, 9.96, 3.32, 9.64, 9.58, 9.99, 9.58, 34327.08, 33961743, 0.61, 4.25, 1.23, 4331.26807
2016-06-01, 2, qing_du, 10.17, 10.11, 1.51, 9.96, 9.96, 10.23, 9.92, 44011.16, 44367350, 0.78, 3.11, 1.58, 2768.40687
2016-06-02, 2, qing_du, 10.17, 10.81, 6.92, 10.11, 10.08, 10.82, 10.01, 81327.76, 84933607, 1.43, 8.01, 2.92, 949.26977
2016-06-03, 2, qing_du, 10.18, 10.55, -2.41, 10.81, 10.58, 10.68, 10.50, 55852.5, 59186264, 0.99, 1.67, 2.01, 2725.70086
2016-06-06, 2, qing_du, 10.18, 10.25, -2.84, 10.55, 10.50, 10.59, 10.15, 46094.71, 47695408, 0.81, 4.17, 1.66, 1035.69889
2016-06-07, 2, qing_du, 10.18, 10.29, 0.39, 10.25, 10.32, 10.35, 10.17, 37271.21, 38282624, 0.66, 1.76, 1.34, 4815.52196
2016-06-08, 2, qing_du, 10.18, 10.56, 2.62, 10.29, 10.28, 10.58, 10.22, 63465.37, 66349282, 1.12, 3.50, 2.28, 814.63695
2016-06-13, 2, qing_du, 10.18, 9.64, -8.71, 10.56, 10.45, 10.45, 9.53, 51261.91, 51758341, 0.90, 8.71, 1.84, 718.73689
2016-06-14, 2, qing_du, 10.18, 9.52, -1.24, 9.64, 9.43, 9.67, 9.38, 32279.29, 30811933, 0.57, 3.01, 1.16, 743.047
2016-06-15, 1, wei_ruo, 10.17, 9.70, 1.89, 9.52, 9.24, 9.92, 9.24, 32504.52, 31647818, 0.57, 7.14, 1.17, 2775.07305
2016-06-16, 1, wei_ruo, 10.17, 9.75, 0.52, 9.70, 9.70, 10.10, 9.65, 44514.27, 44122251, 0.79, 4.64, 1.60, 855.97014
2016-06-17, 1, wei_ruo, 10.17, 9.67, -0.82, 9.75, 9.78, 9.94, 9.58, 41707.4, 40881335, 0.74, 3.69, 1.50, 1481.0822
2016-06-20, 1, wei_ruo, 10.16, 9.67, -0.82, 9.75, 9.78, 9.94, 9.58, 41707.4, 40881335, 0.74, 3.69, 1.50, 3507.46012
2016-06-21, 1, wei_ruo, 10.16, 9.42, -0.21, 9.44, 9.53, 9.61, 9.32, 32401.78, 30669244, 0.57, 3.07, 1.16, 818.72797
2016-06-22, 1, wei_ruo, 10.16, 9.60, 1.91, 9.42, 9.46, 9.61, 9.32, 32415.26, 30696189, 0.57, 3.08, 1.17, 1145.27202
2016-06-23, 1, wei_ruo, 10.15, 9.49, -1.15, 9.60, 9.60, 9.70, 9.40, 26716.67, 25435682, 0.47, 3.13, 0.96, 1900.12002
2016-06-24, 1, wei_ruo, 10.14, 9.09, -4.21, 9.49, 9.46, 9.54, 8.85, 51409.79, 47305481, 0.91, 7.27, 1.85, 921.103
2016-06-27, 1, wei_ruo, 10.14, 9.35, 2.86, 9.09, 9.05, 9.36, 9.00, 27382.74, 25395186, 0.48, 3.96, 0.98, 2590.42096
2016-06-28, 1, wei_ruo, 10.13, 9.45, 1.07, 9.35, 9.34, 9.66, 9.20, 37405.27, 35569303, 0.66, 4.92, 1.34, 904.79612
2016-06-30, 1, wei_ruo, 10.13, 9.65, 1.15, 9.54, 9.53, 9.66, 9.37, 34647.96, 32907596, 0.61, 3.04, 1.25, 3057.93691
2016-07-01, 1, wei_ruo, 10.12, 9.65, 0.00, 9.65, 9.61, 9.69, 9.52, 30915.61, 29692181, 0.55, 1.76, 1.11, 710.78396
2016-07-04, 1, wei_ruo, 10.12, 9.95, 3.11, 9.65, 9.52, 10.16, 9.41, 61541.87, 60821759, 1.09, 7.77, 2.21, 3936.50389
2016-07-05, 1, wei_ruo, 10.12, 10.48, 5.33, 9.95, 9.95, 10.55, 9.84, 115276.75, 118428738, 2.03, 7.14, 4.14, 2701.8981
2016-07-06, 2, qing_du, 10.13, 10.30, -1.72, 10.48, 10.32, 10.56, 10.22, 60486.25, 62557397, 1.07, 3.24, 2.17, 4783.08296
2016-07-07, 2, qing_du, 10.13, 10.22, -0.78, 10.30, 10.29, 10.54, 10.02, 60172.25, 61917313, 1.06, 5.05, 2.16, 814.05401
2016-07-08, 3, zhong_du, 10.13, 10.25, 0.29, 10.22, 10.22, 10.35, 10.11, 30979.51, 31717081, 0.55, 2.35, 1.11, 8521.41309
2016-07-11, 3, zhong_du, 10.13, 10.17, -0.78, 10.25, 10.20, 10.36, 10.12, 40412.58, 41446313, 0.71, 2.34, 1.45, 5014.48607
2016-07-12, 3, zhong_du, 10.13, 10.10, -0.69, 10.17, 10.07, 10.23, 9.77, 41161.37, 41230786, 0.73, 4.52, 1.48, 17429.95906
2016-07-13, 3, zhong_du, 10.13, 10.21, 1.09, 10.10, 10.10, 10.28, 10.07, 43050.86, 43824859, 0.76, 2.08, 1.56, 18144.23704
2016-07-14, 3, zhong_du, 10.13, 10.45, 2.35, 10.21, 10.21, 10.55, 10.15, 64211.33, 66373819, 1.13, 3.92, 2.31, 3408.83708
2016-07-15, 3, zhong_du, 10.13, 10.25, -1.91, 10.45, 10.52, 10.57, 10.23, 34041.18, 35109584, 0.60, 3.25, 1.22, 3044.51299
2016-07-18, 3, zhong_du, 10.13, 10.11, -1.37, 10.25, 10.21, 10.26, 9.93, 25463.99, 25696690, 0.45, 3.22, 0.93, 829.83804
2016-07-19, 3, zhong_du, 10.14, 10.43, 3.27, 10.10, 10.14, 10.45, 10.13, 49758.98, 51418393, 0.88, 3.17, 1.79, 2631.53601
2016-07-20, 3, zhong_du, 10.14, 10.25, -1.73, 10.43, 10.40, 10.42, 10.22, 32281.83, 33288380, 0.57, 1.92, 1.16, 594.37799
2016-07-21, 3, zhong_du, 10.14, 10.26, 0.10, 10.25, 10.25, 10.39, 10.21, 30315.64, 31250125, 0.53, 1.76, 1.09, 7549.77798
2016-07-22, 3, zhong_du, 10.14, 10.13, -1.27, 10.26, 10.30, 10.34, 10.10, 25150.73, 25701543, 0.44, 2.34, 0.90, 2769.97709
2016-07-25, 3, zhong_du, 10.14, 10.35, 2.17, 10.13, 10.13, 10.43, 10.09, 38203.82, 39315622, 0.67, 3.36, 1.37, 18124.63498
2016-07-26, 3, zhong_du, 10.14, 10.40, 0.48, 10.35, 10.35, 10.53, 10.33, 42975.39, 44673843, 0.76, 1.93, 1.55, 974.73717
2016-07-27, 3, zhong_du, 10.14, 9.68, -6.92, 10.40, 10.36, 10.46, 9.67, 63091.87, 63165592, 1.11, 7.60, 2.27, 6457.98111
2016-07-28, 3, zhong_du, 10.13, 9.66, -0.21, 9.68, 9.58, 9.73, 9.48, 34529.9, 33099855, 0.61, 2.58, 1.24, 957.60393
2016-07-29, 3, zhong_du, 10.13, 9.50, -1.66, 9.66, 9.68, 9.88, 9.44, 18476.65, 17649334, 0.33, 4.55, 0.66, 14524.11413
2016-08-01, 2, qing_du, 10.13, 9.38, -1.26, 9.50, 9.58, 9.58, 9.26, 16941.78, 15829367, 0.30, 3.37, 0.61, 8251.54114
2016-08-02, 2, qing_du, 10.13, 9.43, 0.53, 9.38, 9.38, 9.49, 9.31, 15217.09, 14297106, 0.27, 1.92, 0.55, 15555.41992
2016-08-03, 1, wei_ruo, 10.13, 9.38, -0.53, 9.43, 9.43, 9.51, 9.31, 12968.25, 12176640, 0.23, 2.12, 0.54, 6322.55197
2016-08-04, 1, wei_ruo, 10.13, 9.44, 0.64, 9.38, 9.36, 9.44, 9.32, 10497.29, 9856658, 0.19, 1.28, 0.54, 14428.76291
2016-08-05, 1, wei_ruo, 10.12, 9.43, -0.11, 9.44, 9.41, 9.48, 9.36, 11459.53, 10802696, 0.20, 1.27, 0.69, 1373.3561
2016-08-08, 1, wei_ruo, 10.12, 9.60, 1.80, 9.43, 9.43, 9.68, 9.32, 16228.08, 15508003, 0.29, 3.82, 1.20, 3877.60115
2016-08-09, 2, qing_du, 10.12, 9.63, 0.31, 9.60, 9.65, 9.67, 9.51, 13278.76, 12756706, 0.23, 1.67, 1.00, 18152.34089
2016-08-10, 2, qing_du, 10.12, 9.73, 1.04, 9.63, 9.63, 9.86, 9.58, 22905.02, 22351794, 0.40, 2.91, 1.79, 2944.27919
2016-08-11, 2, qing_du, 10.12, 9.53, -2.06, 9.73, 9.70, 9.83, 9.51, 15773.2, 15188335, 0.28, 3.29, 1.06, 514.77194
2016-08-15, 2, qing_du, 10.12, 9.90, 0.92, 9.81, 9.85, 9.96, 9.70, 28638.47, 28249321, 0.51, 2.65, 1.45, 659.35588
2016-08-16, 3, zhong_du, 10.12, 10.06, 1.62, 9.90, 10.41, 10.41, 10.00, 37556.87, 38072164, 0.66, 4.14, 1.69, 696.29288
2016-08-17, 3, zhong_du, 10.12, 10.10, 0.40, 10.06, 10.09, 10.28, 10.06, 24964.15, 25312786, 0.44, 2.19, 0.92, 14452.70491
2016-08-18, 3, zhong_du, 10.12, 10.24, 1.39, 10.10, 10.05, 10.38, 10.00, 36162.39, 36911933, 0.64, 3.76, 1.32, 14244.32492
2016-08-19, 3, zhong_du, 10.12, 10.12, -1.17, 10.24, 10.18, 10.37, 10.10, 32192.77, 32908389, 0.57, 2.64, 1.02, 2558.50911
2016-08-22, 3, zhong_du, 10.12, 9.98, -1.38, 10.12, 10.12, 10.24, 9.96, 22445.1, 22576515, 0.40, 2.77, 0.70, 851.53079
2016-08-23, 3, zhong_du, 10.12, 9.98, 0.00, 9.98, 9.92, 10.06, 9.87, 16534.74, 16482952, 0.29, 1.90, 0.54, 777.05598
2016-08-24, 3, zhong_du, 10.12, 10.23, 2.51, 9.98, 9.98, 10.24, 9.92, 36922.44, 37396593, 0.65, 3.21, 1.41, 4081.93898
2016-08-25, 3, zhong_du, 10.13, 10.96, 7.03, 10.24, 10.27, 11.26, 10.12, 153420.54, 162998880, 2.71, 11.13, 5.32, 753.196
2016-08-26, 4, gao_du, 10.16, 10.97, 0.09, 10.96, 10.70, 11.35, 10.60, 163282.55, 179343966, 2.88, 6.84, 3.11, 532.08899
2016-08-29, 4, gao_du, 10.17, 10.67, -2.73, 10.97, 10.85, 11.27, 10.59, 100889.78, 108064005, 1.78, 6.20, 1.28, 853.12915
2016-08-30, 4, gao_du, 10.17, 10.51, -1.50, 10.67, 10.65, 10.69, 10.41, 61006.32, 64004327, 1.08, 2.62, 0.65, 2496.315
2016-08-31, 4, gao_du, 10.18, 10.50, -0.10, 10.51, 10.55, 10.67, 10.50, 20103, 21274124, 0.35, 1.62, 1.09, 2751.28913
2016-09-01, 3, zhong_du, 10.20, 10.50, -0.10, 10.51, 10.55, 10.67, 10.50, 20103, 21274124, 0.35, 1.62, 1.09, 661.99207
2016-09-02, 3, zhong_du, 10.20, 10.79, -0.28, 10.82, 10.71, 10.97, 10.70, 43283.92, 46824110, 0.76, 2.50, 0.38, 3968.38403
2016-09-05, 4, gao_du, 10.20, 11.10, 2.87, 10.79, 10.85, 11.33, 10.80, 85709.08, 95222478, 1.51, 4.91, 0.76, 777.30393
2016-09-06, 4, gao_du, 10.20, 11.66, 5.05, 11.10, 11.01, 11.85, 11.00, 153636.5, 175919875, 2.71, 7.66, 1.36, 3363.8382
2016-09-07, 5, qiang_lie, 10.20, 11.45, -1.80, 11.66, 11.64, 11.76, 11.31, 88828.67, 102563718, 1.57, 3.86, 0.78, 762.1088
2016-09-08, 5, qiang_lie, 10.20, 10.50, -0.10, 10.51, 10.55, 10.67, 10.50, 20103, 21274124, 0.35, 1.62, 1.09, 2633.96907
2016-09-09, 5, qiang_lie, 10.20, 10.50, -0.10, 10.51, 10.55, 10.67, 10.50, 20103, 21274124, 0.35, 1.62, 1.09, 4671.33808
2016-09-12, 4, gao_du, 10.20, 10.50, -0.10, 10.51, 10.55, 10.67, 10.50, 20103, 21274124, 0.35, 1.62, 1.09, 829.76413
2016-09-13, 3, zhong_du, 10.20, 10.50, -0.10, 10.51, 10.55, 10.67, 10.50, 20103, 21274124, 0.35, 1.62, 1.09, 4632.0641
2016-09-14, 3, zhong_du, 10.20, 10.50, -0.10, 10.51, 10.55, 10.67, 10.50, 20103, 21274124, 0.35, 1.62, 1.09, 646.70897
2016-09-19, 3, zhong_du, 10.20, 10.55, 0.96, 10.45, 10.43, 10.63, 10.40, 45032.17, 47351052, 0.79, 2.20, 0.40, 889.35804
2016-09-20, 3, zhong_du, 10.20, 10.65, 0.95, 10.55, 10.55, 10.66, 10.34, 31388.04, 32943555, 0.55, 3.03, 0.28, 3816.97798
2016-09-21, 3, zhong_du, 10.20, 11.38, 6.85, 10.65, 10.62, 11.50, 10.55, 116118.01, 129583747, 2.05, 8.92, 1.03, 487.89191
2016-09-22, 3, zhong_du, 10.20, 11.32, -0.53, 11.38, 11.39, 11.56, 11.13, 96225.13, 108581703, 1.70, 3.78, 0.86, 598.40202
2016-09-23, 4, gao_du, 10.20, 11.48, 1.41, 11.32, 11.32, 11.60, 11.19, 62460.83, 71057093, 1.10, 3.62, 0.55, 670.17007
2016-09-26, 5, qiang_lie, 10.20, 11.37, -0.96, 11.48, 11.48, 11.68, 11.26, 61238.36, 70235943, 1.08, 3.66, 0.54, 2759.93919
2016-09-27, 5, qiang_lie, 10.20, 11.31, -0.53, 11.37, 11.37, 11.37, 10.93, 32598.5, 36428058, 0.57, 3.87, 0.29, 1181.21314
2016-09-28, 5, qiang_lie, 10.20, 11.34, 0.27, 11.31, 11.32, 11.63, 11.01, 41344.75, 46923027, 0.73, 5.48, 0.37, 665.241
2016-09-29, 5, qiang_lie, 10.20, 11.69, 3.09, 11.34, 11.31, 11.80, 11.08, 104402.4, 119895221, 1.84, 6.35, 0.92, 2715.22903
2016-09-30, 5, qiang_lie, 10.20, 11.51, -1.54, 11.69, 11.59, 11.88, 11.50, 58467.77, 68135721, 1.03, 3.25, 0.52, 798.34008
2016-10-10, 5, qiang_lie, 10.20, 11.51, 0.00, 11.51, 11.49, 11.62, 11.31, 65295.31, 74859830, 1.15, 2.69, 0.58, 648.48208
2016-10-11, 5, qiang_lie, 10.20, 11.70, 1.65, 11.51, 11.54, 12.20, 11.25, 126932.81, 148192452, 2.24, 8.25, 1.12, 1313.0579
2016-10-12, 5, qiang_lie, 10.20, 11.49, -1.79, 11.70, 11.66, 11.68, 11.41, 50860.95, 58509728, 0.90, 2.31, 0.45, 494.53402
2016-10-13, 5, qiang_lie, 10.20, 11.50, 0.09, 11.49, 11.40, 11.60, 11.25, 52475.77, 59997911, 0.93, 3.05, 0.46, 3450.18387
2016-10-14, 5, qiang_lie, 10.47, 11.25, -2.17, 11.50, 11.42, 11.47, 11.19, 41369.86, 46692696, 0.73, 2.43, 0.37, 4673.61689
2016-10-17, 4, gao_du, 10.48, 10.80, -4.00, 11.25, 11.21, 11.35, 10.78, 52525, 57989882, 0.93, 5.07, 0.46, 1819.07105
2016-10-18, 4, gao_du, 10.48, 10.96, 1.48, 10.80, 10.79, 11.01, 10.78, 74394.02, 80960688, 1.31, 2.13, 0.66, 552.76513
2016-10-19, 3, zhong_du, 10.49, , , , , , , , , , , , 1337.40902
2016-10-20, 3, zhong_du, 10.49, 11.09, 1.00, 10.98, 11.00, 11.17, 10.88, 43978.09, 48600188, 0.78, 2.64, 0.58, 602.91409
2016-10-21, 3, zhong_du, 10.49, 11.02, -0.63, 11.09, 11.10, 11.14, 10.78, 35264.29, 38704208, 0.62, 3.25, 0.55, 2563.68709
2016-10-24, 3, zhong_du, 10.50, 11.10, 0.73, 11.02, 11.01, 11.18, 10.85, 36228.14, 39929372, 0.64, 2.99, 0.62, 1828.02796
2016-10-25, 3, zhong_du, 10.50, 11.01, -0.81, 11.10, 11.10, 11.14, 10.90, 32811.28, 36078000, 0.58, 2.16, 0.55, 1005.25117
2016-10-26, 3, zhong_du, 10.50, 10.93, -0.73, 11.01, 10.97, 11.16, 10.91, 24957.65, 27409877, 0.44, 2.27, 0.42, 535.63595
2016-10-27, 2, qing_du, 10.50, 10.82, -1.01, 10.93, 10.94, 11.00, 10.78, 27297.31, 29606750, 0.48, 2.01, 0.46, 689.58187
2016-10-28, 2, qing_du, 10.51, 10.96, 1.39, 10.81, 10.80, 11.03, 10.76, 37506.24, 40978284, 0.66, 2.50, 0.63, 6555.14884
2016-10-31, 2, qing_du, 10.51, 10.80, -1.46, 10.96, 10.99, 11.05, 10.79, 25040.03, 27202638, 0.44, 2.37, 0.42, 655.0529
2016-11-01, 2, qing_du, 10.51, 11.04, 2.22, 10.80, 10.74, 11.05, 10.74, 47514.21, 51770793, 0.84, 2.87, 0.80, 568.27092
2016-11-02, 2, qing_du, 10.51, 10.74, -2.72, 11.04, 10.95, 11.03, 10.65, 55121.01, 59482788, 0.97, 3.44, 0.93, 493.59703
2016-11-03, 2, qing_du, 10.52, 10.70, -0.28, 10.73, 10.68, 10.79, 10.60, 46319.01, 49546405, 0.82, 1.77, 0.78, 613.54685
2016-11-04, 1, wei_ruo, 10.52, 10.72, 0.19, 10.70, 10.67, 10.78, 10.62, 22822.17, 24442538, 0.40, 1.50, 0.39, 489.04991
2016-11-07, 1, wei_ruo, 10.52, 10.75, 0.28, 10.72, 10.80, 10.86, 10.70, 29713.7, 31975270, 0.52, 1.49, 0.50, 638.3152
2016-11-08, 1, wei_ruo, 10.52, 10.68, -0.65, 10.75, 10.79, 10.80, 10.68, 28979.36, 31119300, 0.51, 1.12, 0.49, 464.62989
2016-11-09, 1, wei_ruo, 10.52, 10.86, 1.69, 10.68, 10.70, 10.93, 10.67, 62548.62, 67721995, 1.10, 2.43, 1.05, 584.88202
2016-11-10, 1, wei_ruo, 10.53, 11.03, 1.57, 10.86, 10.84, 11.10, 10.83, 57413.64, 63098129, 1.01, 2.49, 0.97, 770.42198
2016-11-11, 1, wei_ruo, 10.53, 11.04, 0.09, 11.03, 10.94, 11.05, 10.80, 59442.28, 64907843, 1.05, 2.27, 1.00, 3136.97791
2016-11-14, 2, qing_du, 10.54, 11.04, 0.00, 11.04, 10.94, 11.10, 10.84, 60129.9, 66252167, 1.06, 2.36, 1.02, 517.55404
2016-11-15, 2, qing_du, 10.54, 11.20, 1.36, 11.05, 11.06, 11.25, 11.00, 24869.62, 27767283, 0.44, 2.26, 0.84, 596.8771
2016-11-16, 2, qing_du, 10.55, 11.25, 0.72, 11.17, 11.16, 11.34, 11.06, 26967.52, 30162334, 0.48, 2.51, 0.91, 468.67299
2016-11-17, 2, qing_du, 10.55, 11.20, 1.36, 11.05, 11.06, 11.25, 11.00, 24869.62, 27767283, 0.44, 2.26, 0.84, 733.10399
2016-11-18, 1, wei_ruo, 10.56, 11.20, 1.36, 11.05, 11.06, 11.25, 11.00, 24869.62, 27767283, 0.44, 2.26, 0.84, 616.77909
2016-11-21, 1, wei_ruo, 10.58, 11.53, 5.78, 10.90, 10.90, 11.99, 10.88, 153377.08, 176584043, 2.71, 10.18, 2.58, 421.27299
2016-11-22, 1, wei_ruo, 10.59, 11.48, -0.43, 11.53, 11.63, 11.65, 11.37, 73503.15, 84323832, 1.30, 2.43, 1.24, 800.69208
2016-11-23, 2, qing_du, 10.61, 11.49, 0.09, 11.48, 11.48, 11.65, 11.30, 89627.27, 102744434, 1.58, 3.05, 1.51, 617.40088
2016-11-24, 2, qing_du, 10.62, 11.55, 0.52, 11.49, 11.45, 11.84, 11.40, 73992.6, 85767816, 1.31, 3.83, 1.26, 608.71887
2016-11-25, 2, qing_du, 10.63, 11.38, -1.47, 11.55, 11.48, 11.55, 11.03, 56513.43, 64086357, 1.00, 4.50, 0.95, 621.7289
2016-11-28, 2, qing_du, 10.63, 11.23, -1.32, 11.38, 11.47, 11.47, 11.19, 35055.57, 39697553, 0.62, 2.46, 0.59, 574.64004
2016-11-29, 2, qing_du, 10.71, 11.94, 6.51, 11.21, 11.40, 12.33, 11.30, 351518.74, 429334303, 6.20, 9.19, 5.91, 359.06696
2016-11-30, 2, qing_du, 10.72, 11.21, -6.11, 11.94, 11.40, 11.40, 11.02, 190191.58, 213119981, 3.35, 3.18, 3.22, 485.65507
2016-12-01, 2, qing_du, 10.73, 10.96, -2.06, 11.19, 11.10, 11.22, 10.86, 120014.92, 131662743, 2.12, 3.22, 2.02, 4435.45103
2016-12-05, 1, wei_ruo, 10.73, 10.97, 1.29, 10.83, 10.77, 11.05, 10.52, 70626.43, 76606498, 1.25, 4.89, 1.20, 768.77904
2016-12-06, 1, wei_ruo, 10.74, 11.01, 0.27, 10.98, 10.90, 11.13, 10.90, 47500.62, 52447468, 0.84, 2.09, 0.80, 713.866
2016-12-07, 1, wei_ruo, 10.76, 11.39, 3.45, 11.01, 10.93, 11.97, 10.83, 225802.02, 252728138, 3.98, 10.35, 3.83, 517.04693
2016-12-08, 1, wei_ruo, 10.77, 11.01, -3.34, 11.39, 11.27, 11.37, 10.98, 103638.37, 115426916, 1.83, 3.42, 1.74, 522.90392
2016-12-09, 1, wei_ruo, 10.77, 10.86, -1.36, 11.01, 11.02, 11.09, 10.78, 101330.95, 111188052, 1.79, 2.82, 1.70, 630.759
2016-12-12, 1, wei_ruo, 10.76, 9.82, -9.58, 10.86, 10.85, 10.99, 9.77, 89672.18, 92950801, 1.58, 11.23, 1.51, 534.51586
2016-12-13, 1, wei_ruo, 10.75, 9.73, -0.92, 9.82, 9.70, 9.88, 9.42, 60670.74, 58356794, 1.07, 4.68, 1.02, 830.80912
2016-12-14, 1, wei_ruo, 10.74, 9.58, -1.54, 9.73, 9.71, 9.79, 9.53, 34517.12, 33374779, 0.61, 2.67, 0.58, 1352.2048
2017-02-07, 2, qing_du, 11.00, 10.87, -2.86, 11.19, 11.07, 11.08, 10.76, 147912.77, 161147567, 2.61, 2.86, 5.37, 2510.15711
2017-02-08, 2, qing_du, 11.00, 11.06, -1.16, 11.19, 11.07, 11.11, 10.76, 283081.35, 309997058, 4.99, 3.13, 4.76, 608.57701
2017-02-09, 2, qing_du, 11.01, 11.22, 1.45, 11.06, 10.98, 11.34, 10.95, 338524.05, 377094461, 5.97, 3.53, 5.69, 1662.41002
2017-02-10, 2, qing_du, 11.01, 10.90, -2.85, 11.22, 11.17, 11.20, 10.80, 250126.85, 274162563, 4.41, 3.57, 4.20, 638.40389
2017-02-13, 2, qing_du, 11.01, 11.00, 0.92, 10.90, 10.89, 11.05, 10.81, 144566.69, 158118074, 2.55, 2.20, 2.43, 4639.27197
2017-02-14, 2, qing_du, 11.00, 10.72, -2.55, 11.00, 11.00, 11.00, 10.65, 165958.97, 178897760, 2.93, 3.18, 2.79, 685.96888
2017-02-15, 2, qing_du, 10.98, 10.30, -3.92, 10.72, 10.70, 10.80, 10.23, 220699.85, 231672116, 3.89, 5.32, 3.71, 4521.62218
2017-02-16, 1, wei_ruo, 10.96, 10.30, 0.00, 10.30, 10.24, 10.36, 10.07, 144657.46, 148278264, 2.55, 2.82, 2.43, 788.63788
2017-02-17, 1, wei_ruo, 10.94, 9.92, -3.69, 10.30, 10.26, 10.34, 9.91, 141997.47, 143189984, 2.50, 4.17, 2.39, 546.85402
2017-02-20, 1, wei_ruo, 10.92, 10.00, 0.81, 9.92, 9.95, 10.07, 9.81, 101157.07, 100701524, 1.78, 2.62, 1.70, 916.03994
2017-02-21, 1, wei_ruo, 10.91, 9.92, -3.69, 10.30, 10.26, 10.34, 9.91, 141997.47, 143189984, 2.50, 4.17, 2.39, 1352.55218
2017-02-22, 1, wei_ruo, 10.89, 10.09, 0.30, 10.06, 10.04, 10.13, 9.95, 94644.5, 95064231, 1.67, 1.79, 1.59, 2643.12887
2017-02-23, 1, wei_ruo, 10.88, 10.03, -0.59, 10.09, 10.03, 10.15, 9.99, 88115.6, 88598299, 1.55, 1.59, 1.48, 2863.93404
2017-02-24, 1, wei_ruo, 10.87, 10.13, 1.00, 10.03, 10.01, 10.24, 9.96, 95678.63, 96816452, 1.69, 2.79, 1.61, 4116.31989
2017-02-27, 1, wei_ruo, 10.85, 10.06, 0.30, 10.03, 10.01, 10.06, 9.96, 15051.63, 15072366, 0.27, 1.00, 1.38, 1692.46602
2017-02-28, 1, wei_ruo, 10.84, 9.92, -0.70, 9.99, 9.99, 10.05, 9.84, 89682.64, 89144484, 1.58, 2.10, 1.51, 653.24998
2017-03-01, 1, wei_ruo, 10.83, 9.98, 0.60, 9.92, 9.92, 10.05, 9.88, 70721.28, 70478849, 1.25, 1.71, 1.19, 590.05809
2017-03-02, 1, wei_ruo, 10.82, 9.89, -0.90, 9.98, 9.98, 10.03, 9.88, 58240.01, 57902166, 1.03, 1.50, 0.98, 715.91187
2017-03-03, 1, wei_ruo, 10.80, 9.99, 1.01, 9.89, 9.94, 10.11, 9.76, 97675, 96763722, 1.72, 3.54, 1.64, 813.54094
2017-03-06, 1, wei_ruo, 10.79, 10.08, 0.90, 9.99, 10.00, 10.20, 9.99, 79240.83, 79753511, 1.40, 2.10, 1.33, 3942.343
2017-03-07, 1, wei_ruo, 10.78, 10.14, 0.60, 10.08, 10.11, 10.18, 10.08, 39041.08, 39498276, 0.69, 0.99, 1.31, 826.98512
2017-03-08, 1, wei_ruo, 10.78, 10.13, 0.50, 10.08, 10.11, 10.18, 10.07, 76004.36, 76878270, 1.34, 1.09, 1.28, 1078.17698
2017-03-09, 1, wei_ruo, 10.77, 9.97, -1.58, 10.13, 10.13, 10.15, 9.92, 61712.8, 61717135, 1.09, 2.27, 1.04, 4758.67105
2017-03-10, 1, wei_ruo, 10.76, 9.97, 0.00, 9.97, 9.98, 10.03, 9.93, 36904.61, 36804679, 0.65, 1.00, 0.62, 576.67208
2017-03-13, 1, wei_ruo, 10.76, 9.96, -0.10, 9.97, 10.02, 10.02, 9.90, 51677.26, 51462245, 0.91, 1.20, 0.87, 647.12906
2017-03-14, 1, wei_ruo, 10.75, 9.88, -0.80, 9.96, 9.97, 10.00, 9.88, 56874.49, 56515862, 1.00, 1.20, 0.96, 637.3899
2017-03-15, 1, wei_ruo, 10.74, 9.85, -0.30, 9.88, 9.84, 9.89, 9.76, 55925.6, 54928284, 0.99, 1.32, 0.94, 611.98187
2017-03-16, 1, wei_ruo, 10.73, 9.97, 1.22, 9.85, 9.86, 9.97, 9.86, 50700.55, 50382867, 0.89, 1.12, 0.85, 4682.20305
2017-03-17, 1, wei_ruo, 10.72, 9.90, -0.70, 9.97, 9.97, 9.99, 9.88, 52753.4, 52477251, 0.93, 1.10, 0.89, 642.61699
2017-03-20, 1, wei_ruo, 10.71, 10.18, 2.83, 9.90, 9.87, 10.20, 9.85, 121224.21, 122158952, 2.14, 3.54, 2.04, 712.56804
2017-03-21, 1, wei_ruo, 10.70, 10.22, 0.39, 10.18, 10.15, 10.24, 10.11, 80234.37, 81798449, 1.42, 1.28, 1.35, 779.42395
2017-03-22, 1, wei_ruo, 10.69, 10.30, 0.78, 10.22, 10.15, 10.37, 10.11, 105275.08, 108219203, 1.86, 2.54, 1.77, 657.25994
2017-03-23, 1, wei_ruo, 10.69, 10.28, -0.19, 10.30, 10.26, 10.39, 10.21, 94359.88, 97119997, 1.66, 1.75, 1.59, 623.35801
2017-03-24, 1, wei_ruo, 10.68, 10.29, 0.10, 10.28, 10.24, 10.35, 10.12, 70420.72, 72334505, 1.24, 2.24, 1.18, 895.77985
2017-03-27, 1, wei_ruo, 10.68, 10.28, -0.10, 10.29, 10.27, 10.42, 10.16, 74892.28, 76935903, 1.32, 2.53, 1.26, 630.75209
2017-03-28, 1, wei_ruo, 10.67, 10.49, 2.04, 10.28, 10.23, 10.59, 10.23, 134106.32, 140273967, 2.37, 3.50, 2.25, 682.29008
2017-03-29, 1, wei_ruo, 10.67, 10.31, -1.72, 10.49, 10.47, 10.50, 10.30, 76958.03, 79788324, 1.36, 1.91, 1.29, 665.39001
2017-03-30, 1, wei_ruo, 10.65, 9.80, -4.95, 10.31, 10.24, 10.28, 9.80, 107821.65, 107551985, 1.90, 4.66, 1.81, 592.68999
2017-03-31, 1, wei_ruo, 10.65, 9.83, 0.31, 9.80, 9.82, 10.00, 9.80, 41750.8, 41202632, 0.74, 2.04, 0.70, 619.78698
2017-04-05, 1, wei_ruo, 10.64, 9.89, 0.61, 9.83, 10.00, 10.00, 9.83, 59787.49, 59165117, 1.05, 1.73, 1.00, 648.46015
2017-04-06, 1, wei_ruo, 10.63, 9.91, 0.20, 9.89, 9.89, 9.95, 9.86, 41841.4, 41451866, 0.74, 0.91, 0.70, 1062.41798
2017-04-07, 1, wei_ruo, 10.62, 9.85, -0.61, 9.91, 9.88, 10.04, 9.80, 79183.05, 78311857, 1.40, 2.42, 1.33, 591.84694
2017-04-10, 1, wei_ruo, 10.61, 9.52, -3.35, 9.85, 9.86, 9.90, 9.50, 86654.94, 84522914, 1.53, 4.06, 1.46, 651.41988
2017-04-11, 1, wei_ruo, 10.59, 9.40, -1.26, 9.52, 9.52, 9.56, 9.19, 90344.4, 84667535, 1.59, 3.89, 1.52, 659.11794
2017-04-12, 1, wei_ruo, 10.58, 9.59, 2.02, 9.40, 9.39, 9.88, 9.29, 79397.43, 76380228, 1.40, 6.28, 1.33, 1914.03794
2017-04-13, 1, wei_ruo, 10.57, 9.56, -0.31, 9.59, 9.43, 9.73, 9.33, 57535.48, 55028953, 1.01, 4.17, 0.97, 608.7141
2017-04-14, 1, wei_ruo, 10.55, 9.28, -2.93, 9.56, 9.49, 9.56, 9.28, 49217.2, 46354680, 0.87, 2.93, 0.83, 687.48999
2017-04-17, 1, wei_ruo, 10.55, 9.24, -0.43, 9.28, 9.22, 9.32, 9.19, 40265.43, 37257318, 0.71, 1.40, 0.68, 665.03
2017-04-18, 1, wei_ruo, 10.54, 9.05, -2.06, 9.24, 9.31, 9.32, 9.03, 34601.47, 31701044, 0.61, 3.14, 0.58, 673.59495
2017-04-19, 1, wei_ruo, 10.52, 8.73, -3.54, 9.05, 9.00, 9.02, 8.51, 67816.21, 59045688, 1.20, 5.64, 1.14, 554.11983
2017-04-20, 1, wei_ruo, 10.50, 8.80, 0.80, 8.73, 8.74, 8.84, 8.51, 43139.83, 37518826, 0.76, 3.78, 0.72, 705.70397
2017-04-21, 1, wei_ruo, 10.49, 8.81, 0.11, 8.80, 8.80, 8.93, 8.74, 31979.86, 28302446, 0.56, 2.16, 0.54, 549.63207
2017-04-24, 1, wei_ruo, 10.47, 8.30, -5.79, 8.81, 8.79, 8.79, 8.06, 53372.04, 44650535, 0.94, 8.29, 0.90, 675.14515
2017-04-25, 1, wei_ruo, 10.46, 8.26, -0.48, 8.30, 8.31, 8.46, 8.17, 35173.12, 29310105, 0.62, 3.49, 0.59, 816.58888
2017-04-26, 1, wei_ruo, 10.45, 8.27, 0.12, 8.26, 8.31, 8.39, 8.23, 23249.65, 19293145, 0.41, 1.94, 0.39, 801.37396
2017-04-27, 1, wei_ruo, 10.43, 8.23, -0.48, 8.27, 8.29, 8.30, 7.88, 58304, 46883505, 1.03, 5.08, 0.98, 986.763
2017-04-28, 1, wei_ruo, 10.42, 8.29, 0.73, 8.23, 8.18, 8.31, 8.18, 23237.47, 19208480, 0.41, 1.58, 0.39, 640.67006
2017-05-02, 1, wei_ruo, 10.41, 8.34, 0.60, 8.29, 8.33, 8.43, 8.28, 28627.67, 23926390, 0.51, 1.81, 0.48, 706.71391
2017-05-03, 1, wei_ruo, 10.40, 8.35, 0.12, 8.34, 8.31, 8.40, 8.27, 21896, 18227034, 0.39, 1.56, 0.37, 741.40906
2017-05-04, 1, wei_ruo, 10.39, 8.37, 0.24, 8.35, 8.35, 8.40, 8.22, 25413.69, 21188357, 0.45, 2.16, 0.43, 684.17096
2017-05-05, 1, wei_ruo, 10.37, 8.51, 1.67, 8.37, 8.33, 8.58, 8.30, 47770.87, 40657245, 0.85, 3.35, 0.80, 642.64989
2017-05-11, 1, wei_ruo, 10.33, 8.29, -0.96, 8.37, 8.30, 8.35, 7.80, 32717.89, 26431107, 0.58, 6.57, 0.55, 800.1101
2017-05-12, 1, wei_ruo, 10.33, 8.18, -1.33, 8.29, 8.20, 8.28, 8.08, 14068.29, 11507228, 0.25, 2.41, 0.24, 650.69318
2017-05-15, 1, wei_ruo, 10.32, 8.18, 0.00, 8.18, 8.28, 8.29, 8.08, 16212, 13223422, 0.29, 2.57, 0.27, 665.35306
2017-05-17, 1, wei_ruo, 10.30, 8.30, -0.36, 8.33, 8.33, 8.39, 8.26, 25404.05, 21137112, 0.45, 1.56, 0.43, 609.7939
2017-05-18, 1, wei_ruo, 10.30, 8.17, -1.57, 8.30, 8.16, 8.31, 8.10, 17784.15, 14615255, 0.32, 2.53, 0.30, 787.95004
2017-05-19, 1, wei_ruo, 10.28, 8.50, 4.04, 8.17, 8.14, 8.69, 8.11, 51854.67, 43769269, 0.92, 7.10, 0.87, 645.95103
2017-05-22, 1, wei_ruo, 10.27, 8.31, -2.24, 8.50, 8.42, 8.63, 8.27, 33760.07, 28514062, 0.60, 4.24, 0.57, 615.70191
2017-05-23, 1, wei_ruo, 10.25, 8.22, -1.08, 8.31, 8.28, 8.28, 7.92, 35688.6, 28847186, 0.63, 4.33, 0.60, 965.08002
2017-05-24, 1, wei_ruo, 10.25, 8.22, 0.00, 8.22, 8.11, 8.26, 8.00, 17397.4, 14173582, 0.31, 3.16, 0.29, 707.31187
2017-05-25, 1, wei_ruo, 10.24, 8.22, 0.00, 8.22, 8.21, 8.28, 8.09, 18723.97, 15353388, 0.33, 2.31, 0.31, 2662.68301
2017-05-26, 1, wei_ruo, 10.24, 8.10, -1.46, 8.22, 8.19, 8.27, 8.10, 15728, 12888778, 0.28, 2.07, 0.26, 762.09998
2017-05-31, 1, wei_ruo, 10.23, 8.08, -0.25, 8.10, 8.21, 8.24, 8.05, 15232.51, 12420250, 0.27, 2.35, 0.26, 5530.74503
2017-06-01, 1, wei_ruo, 10.22, 8.05, -0.37, 8.08, 8.08, 8.10, 7.83, 20570.01, 16432494, 0.36, 3.34, 0.35, 657.13787
2017-06-02, 1, wei_ruo, 10.19, 8.86, 10.06, 8.05, 8.05, 8.86, 7.84, 108203.95, 93186595, 1.92, 12.67, 1.82, 618.22104
2017-06-05, 1, wei_ruo, 10.15, 9.13, 3.05, 8.86, 9.10, 9.47, 9.01, 224449.73, 206457594, 3.98, 5.19, 3.77, 2596.66991
2017-06-06, 1, wei_ruo, 10.12, 8.98, -1.64, 9.13, 9.30, 9.30, 8.85, 132968.41, 120048154, 2.36, 4.93, 2.23, 15548.49005
2017-06-07, 1, wei_ruo, 10.10, 9.05, 0.78, 8.98, 8.99, 9.12, 8.81, 120083.41, 107845948, 2.13, 3.45, 2.02, 1399.41382
2017-06-08, 2, qing_du, 10.08, 8.88, -1.88, 9.05, 9.00, 9.07, 8.85, 101887.25, 91125025, 1.81, 2.43, 1.71, 666.76688
2017-06-09, 2, qing_du, 10.06, 8.67, -2.36, 8.88, 8.81, 8.81, 8.59, 82932.69, 72087395, 1.47, 2.48, 1.39, 787.98008
2017-06-12, 2, qing_du, 10.04, 8.69, 0.23, 8.67, 8.65, 8.85, 8.62, 53958.8, 47119760, 0.96, 2.65, 0.91, 680.88412
2017-06-13, 1, wei_ruo, 10.03, 8.74, 0.58, 8.69, 8.59, 8.75, 8.53, 48151.73, 41857833, 0.85, 2.53, 0.81, 646.75117
2017-06-14, 1, wei_ruo, 10.02, 8.57, -1.95, 8.74, 8.74, 8.79, 8.55, 48071, 41438642, 0.85, 2.75, 0.81, 611.15789
2017-06-15, 1, wei_ruo, 10.01, 8.68, 1.28, 8.57, 8.65, 8.70, 8.50, 51347.46, 44334334, 0.91, 2.33, 0.86, 639.27579
2017-06-16, 1, wei_ruo, 10.00, 8.72, 0.46, 8.68, 8.65, 8.75, 8.58, 51638.71, 44837810, 0.92, 1.96, 0.87, 700.03295
2017-06-19, 1, wei_ruo, 9.99, 8.65, -0.80, 8.72, 8.72, 8.72, 8.61, 37874.71, 32750017, 0.67, 1.26, 0.64, 1015.42306
2017-06-20, 1, wei_ruo, 9.98, 8.63, -0.23, 8.65, 8.63, 8.68, 8.57, 34402.57, 29668677, 0.61, 1.27, 0.58, 654.46806
2017-06-21, 1, wei_ruo, 9.97, 8.52, -1.27, 8.63, 8.66, 8.67, 8.49, 38509.83, 32873756, 0.68, 2.09, 0.65, 831.72607
2017-06-22, 1, wei_ruo, 9.95, 8.16, -4.23, 8.52, 8.52, 8.57, 8.16, 50755.73, 42502387, 0.90, 4.81, 0.85, 596.12608
2017-06-23, 1, wei_ruo, 9.94, 8.24, 0.98, 8.16, 8.16, 8.26, 8.03, 38782.38, 31751647, 0.69, 2.82, 0.65, 737.37788
2017-06-26, 1, wei_ruo, 9.93, 8.29, 0.61, 8.24, 8.20, 8.29, 8.15, 28245.28, 23270031, 0.50, 1.70, 0.47, 3715.34705
2017-06-27, 1, wei_ruo, 9.93, 8.29, 0.00, 8.29, 8.29, 8.33, 8.22, 25679.73, 21226323, 0.46, 1.33, 0.43, 644.25802
2017-06-28, 1, wei_ruo, 9.91, 8.42, 1.57, 8.29, 8.27, 8.50, 8.16, 50982.1, 42502423, 0.90, 4.10, 0.86, 689.96501
2017-06-29, 1, wei_ruo, 9.90, 8.35, -0.83, 8.42, 8.36, 8.40, 8.28, 30779.22, 25608858, 0.55, 1.43, 0.52, 714.44988
2017-06-30, 1, wei_ruo, 9.89, 8.22, -1.56, 8.35, 8.37, 8.38, 8.18, 39690.8, 32755434, 0.64, 2.40, 0.67, 637.89296
2017-07-03, 1, wei_ruo, 9.89, 8.27, 0.61, 8.22, 8.19, 8.28, 8.16, 19753.72, 16257742, 0.32, 1.46, 0.33, 719.23494
2017-07-04, 1, wei_ruo, 9.88, 8.31, 0.48, 8.27, 8.28, 8.35, 8.28, 19353, 16080994, 0.31, 0.85, 0.33, 2648.39101
2017-07-05, 1, wei_ruo, 9.87, 8.34, 0.36, 8.31, 8.33, 8.35, 8.25, 21338.05, 17740544, 0.34, 1.20, 0.36, 717.1309
2017-07-06, 1, wei_ruo, 9.87, 8.37, 0.36, 8.34, 8.35, 8.40, 8.27, 26021.55, 21731149, 0.42, 1.56, 0.44, 675.79508
2017-07-07, 1, wei_ruo, 8.86, 7.58, 0.80, 7.52, 7.51, 7.70, 7.43, 36090.13, 27386067, 0.58, 3.59, 0.61, 683.12001
2017-07-10, 1, wei_ruo, 8.85, 7.47, -1.45, 7.58, 7.59, 7.59, 7.45, 25251.97, 18950243, 0.41, 1.85, 0.42, 1506.19793
2017-07-11, 1, wei_ruo, 8.85, 7.40, -0.94, 7.47, 7.49, 7.49, 7.30, 31733.29, 23368793, 0.51, 2.54, 0.53, 717.74197
2017-07-12, 1, wei_ruo, 8.84, 7.35, -0.68, 7.40, 7.34, 7.41, 7.25, 20293.12, 14862042, 0.33, 2.16, 0.34, 2716.83812
2017-07-13, 1, wei_ruo, 8.84, 7.38, 0.41, 7.35, 7.35, 7.40, 7.31, 17329.25, 12780545, 0.28, 1.22, 0.29, 823.05503
2017-07-14, 1, wei_ruo, --, 7.37, -0.14, 7.38, 7.42, 7.42, 7.32, 12001.2, 8842237, 0.19, 1.36, 0.20, 628.73983
2017-07-17, 1, wei_ruo, --, 7.09, -3.80, 7.37, 7.37, 7.37, 6.80, 52484.06, 36720904, 0.85, 7.73, 0.88, 807.4379
2017-07-18, 1, wei_ruo, 8.81, 7.09, 0.00, 7.09, 7.00, 7.10, 6.86, 22362.23, 15635349, 0.36, 3.39, 0.38, 651.35002
2017-07-19, 1, wei_ruo, --, 7.10, 0.14, 7.09, 7.11, 7.11, 6.95, 20067.96, 14137390, 0.32, 2.26, 0.34, 635.95295
2017-07-20, 1, wei_ruo, --, 7.08, -0.28, 7.10, 7.10, 7.14, 7.06, 20576.64, 14608644, 0.33, 1.13, 0.35, 819.35692
2017-07-21, 1, wei_ruo, --, 7.08, 0.00, 7.08, 7.09, 7.10, 7.02, 15665.19, 11060643, 0.25, 1.13, 0.26, 482.13911
2017-07-24, 1, wei_ruo, 8.79, 7.07, -0.14, 7.08, 7.08, 7.11, 7.03, 16689.28, 11800855, 0.27, 1.13, 0.28, 675.08698
2017-07-25, 1, wei_ruo, --, 7.08, 0.14, 7.07, 7.07, 7.13, 7.02, 26133.11, 18456249, 0.42, 1.56, 0.44, 742.20109
2017-07-26, 1, wei_ruo, --, 7.07, -0.14, 7.08, 7.07, 7.10, 7.00, 22394.79, 15751944, 0.36, 1.41, 0.38, 1763.18908
2017-07-27, 1, wei_ruo, 8.77, 7.16, 1.27, 7.07, 7.07, 7.17, 7.03, 44182.62, 31412382, 0.71, 1.98, 0.74, 1684.53884
2017-07-28, 1, wei_ruo, 8.75, 7.37, 2.93, 7.16, 7.36, 7.48, 7.25, 83258.29, 61148690, 1.34, 3.21, 1.40, 668.74695
2017-07-31, 1, wei_ruo, 8.74, 7.29, -1.09, 7.37, 7.34, 7.35, 7.20, 41327.97, 30080298, 0.67, 2.04, 0.69, 840.20615
2017-08-01, 1, wei_ruo, 8.70, 8.02, 10.01, 7.29, 7.28, 8.02, 7.28, 245957.35, 191977769, 3.97, 10.15, 4.13, 701.52402
2017-08-02, 2, qing_du, 8.68, 7.92, -1.25, 8.02, 7.91, 8.07, 7.76, 199309.85, 157808776, 3.21, 3.87, 3.35, 17676.29886
2017-08-03, 3, zhong_du, 8.66, 8.71, 9.97, 7.92, 8.00, 8.71, 7.91, 472755.47, 401095210, 7.62, 10.10, 7.94, 741.38403
2017-08-04, 3, zhong_du, 8.66, 8.69, -0.23, 8.71, 8.64, 8.88, 8.60, 285980.29, 249192359, 4.61, 3.21, 4.81, 1241.75096
2017-08-07, 4, gao_du, 8.66, 8.66, -0.35, 8.69, 8.61, 8.67, 8.53, 118323.65, 101758573, 1.91, 1.61, 1.99, 702.14701
2017-08-08, 4, gao_du, 8.66, 8.57, -1.04, 8.66, 8.53, 8.85, 8.53, 191222.99, 165960721, 3.08, 3.70, 3.21, 674.98088
2017-08-09, 4, gao_du, 8.66, 8.53, -0.47, 8.57, 8.54, 8.61, 8.38, 111629.74, 94714423, 1.80, 2.68, 1.88, 881.83379
2017-08-10, 3, zhong_du, 8.65, 8.39, -1.64, 8.53, 8.53, 8.81, 8.33, 481204.18, 416619703, 7.76, 5.63, 8.09, 2673.19107
2017-08-11, 3, zhong_du, 8.62, 7.90, -5.84, 8.39, 8.07, 8.18, 7.80, 186855.67, 149372639, 3.01, 4.53, 3.14, 754.95505
2017-08-14, 3, zhong_du, 8.61, 8.64, 9.37, 7.90, 7.95, 8.69, 7.86, 396419.54, 330941679, 6.39, 10.51, 6.66, 815.4211
2017-08-15, 3, zhong_du, 8.61, 8.70, 0.69, 8.64, 8.55, 8.90, 8.36, 444457.44, 384907597, 7.17, 6.25, 7.47, 2780.35522
2017-08-16, 3, zhong_du, 8.62, 8.78, 0.92, 8.70, 8.72, 8.90, 8.46, 404410.59, 352097234, 6.52, 5.06, 6.80, 768.24903
2017-08-17, 4, gao_du, 8.62, 8.44, -3.87, 8.78, 8.70, 8.88, 8.38, 359366.54, 309125313, 5.79, 5.69, 6.04, 17052.07396
2017-08-18, 4, gao_du, 8.60, 8.20, -2.84, 8.44, 8.43, 8.55, 8.08, 227680.31, 187603263, 3.67, 5.57, 3.83, 1733.49786
2017-08-21, 4, gao_du, 8.60, 8.35, 1.83, 8.20, 8.21, 8.35, 8.14, 99251.34, 82003722, 1.60, 2.56, 1.67, 947.98613
2017-08-22, 3, zhong_du, 8.59, 8.24, -1.32, 8.35, 8.20, 8.48, 8.20, 106325.01, 88407014, 1.71, 3.35, 1.79, 749.62401
2017-08-23, 3, zhong_du, 8.59, 8.31, 0.85, 8.24, 8.20, 8.42, 8.08, 135626.2, 112130360, 2.19, 4.13, 2.28, 839.17308
2017-08-24, 3, zhong_du, 8.57, 7.93, -4.57, 8.31, 8.25, 8.32, 7.90, 139199.22, 112204096, 2.24, 5.05, 2.34, 695.09482
2017-08-25, 3, zhong_du, 8.57, 7.98, 0.63, 7.93, 8.06, 8.06, 7.90, 80992.5, 64663247, 1.31, 2.02, 1.36, 1947.92795
2017-08-28, 3, zhong_du, 8.56, 8.09, 1.38, 7.98, 8.00, 8.18, 7.97, 81274.62, 65614966, 1.31, 2.63, 1.37, 854.12812
2017-08-29, 3, zhong_du, 8.55, 7.97, -1.48, 8.09, 8.07, 8.09, 7.95, 72533.3, 58028891, 1.17, 1.73, 1.22, 725.40212
2017-08-30, 3, zhong_du, 8.55, 8.02, 0.63, 7.97, 7.97, 8.03, 7.91, 51548.1, 41171062, 0.83, 1.51, 0.87, 784.57022
2017-08-31, 3, zhong_du, 8.54, 7.99, -0.37, 8.02, 8.02, 8.08, 7.98, 26503.2, 21258116, 0.43, 1.25, 0.89, 721.49801
2017-09-01, 3, zhong_du, 8.54, 8.15, 2.26, 7.97, 7.93, 8.16, 7.81, 114311.24, 91614221, 1.84, 4.39, 1.92, 891.74294
2017-09-04, 3, zhong_du, 8.53, 8.13, -0.25, 8.15, 8.18, 8.19, 8.07, 74175.68, 60326906, 1.20, 1.47, 1.25, 802.99306
2017-09-05, 3, zhong_du, 8.53, 7.99, -0.37, 8.02, 8.02, 8.08, 7.98, 26503.2, 21258116, 0.43, 1.25, 0.89, 666.24904
2017-09-06, 4, gao_du, 8.52, 7.99, -0.37, 8.02, 8.02, 8.08, 7.98, 26503.2, 21258116, 0.43, 1.25, 0.89, 771.21115
2017-09-07, 4, gao_du, 8.52, 8.17, -1.21, 8.27, 8.31, 8.44, 8.13, 106364.29, 88478397, 1.71, 3.75, 1.79, 643.12387
2017-09-08, 4, gao_du, 8.51, 7.99, -0.37, 8.02, 8.02, 8.08, 7.98, 26503.2, 21258116, 0.43, 1.25, 0.89, 771.50416
2017-09-11, 4, gao_du, 8.51, 7.99, -0.37, 8.02, 8.02, 8.08, 7.98, 26503.2, 21258116, 0.43, 1.25, 0.89, 2693.16983
2017-09-12, 4, gao_du, 8.51, 8.45, 1.93, 8.29, 8.31, 8.65, 8.26, 189052.83, 160468439, 3.05, 4.70, 3.18, 595.82901
2017-09-13, 5, qiang_lie, 8.51, 8.47, 0.24, 8.45, 8.41, 8.58, 8.33, 83684.58, 70807448, 1.35, 2.96, 1.41, 918.41197
2017-09-14, 5, qiang_lie, 8.51, 8.62, 1.77, 8.47, 8.44, 8.63, 8.29, 156495.05, 133433213, 2.52, 4.01, 2.63, 529.33288
2017-09-15, 5, qiang_lie, 8.51, 8.57, -0.58, 8.62, 8.57, 8.75, 8.45, 135422.71, 116353033, 2.18, 3.48, 2.28, 899.08004
2017-09-18, 5, qiang_lie, 8.51, 8.36, -2.45, 8.57, 8.51, 8.53, 8.28, 86130.16, 72077739, 1.39, 2.92, 1.45, 1695.61315
2017-09-19, 5, qiang_lie, 8.51, 8.14, -2.63, 8.36, 8.38, 8.40, 8.13, 83596.58, 68731195, 1.35, 3.23, 1.40, 854.62999
2017-09-20, 4, gao_du, 8.50, 8.16, 0.25, 8.14, 8.14, 8.20, 8.08, 57246.71, 46591699, 0.92, 1.47, 0.96, 674.40605
2017-09-21, 3, zhong_du, 8.50, 8.25, 1.10, 8.16, 8.27, 8.55, 8.23, 102800.7, 86176317, 1.66, 3.92, 1.73, 606.39191
2017-09-22, 3, zhong_du, 8.50, 8.15, -1.21, 8.25, 8.07, 8.19, 7.98, 72398.98, 58414114, 1.17, 2.55, 1.22, 686.70201
2017-09-25, 2, qing_du, 8.49, 7.95, -2.45, 8.15, 8.13, 8.13, 7.90, 62416.27, 49924913, 1.01, 2.82, 1.05, 665.93313
2017-09-26, 2, qing_du, 8.49, 7.93, -0.25, 7.95, 8.03, 8.03, 7.87, 27766.4, 22006433, 0.45, 2.01, 0.47, 924.38698
2017-09-27, 1, wei_ruo, 8.49, 7.97, 0.50, 7.93, 7.94, 8.05, 7.93, 25974.26, 20698774, 0.42, 1.51, 0.44, 727.19502
2017-09-28, 1, wei_ruo, 8.48, 7.87, -1.25, 7.97, 7.97, 8.03, 7.87, 34845.6, 27681978, 0.56, 2.01, 0.59, 2658.21791
2017-09-29, 1, wei_ruo, 8.48, 7.84, -0.38, 7.87, 7.88, 7.92, 7.83, 30671.1, 24119921, 0.49, 1.14, 0.52, 754.15301
2017-10-10, 1, wei_ruo, 8.47, 8.12, 2.27, 7.94, 7.95, 8.15, 7.90, 46693.97, 37566333, 0.75, 3.15, 0.78, 737.88309
2017-10-12, 1, wei_ruo, 8.47, 7.98, -1.36, 8.09, 8.09, 8.12, 7.91, 32165.57, 25798162, 0.52, 2.60, 0.54, 816.56408
2017-10-13, 1, wei_ruo, 8.47, 8.30, 4.01, 7.98, 7.98, 8.33, 7.97, 106403.17, 87300905, 1.72, 4.51, 1.79, 686.85198
2017-10-16, 1, wei_ruo, 8.46, 8.00, -3.61, 8.30, 8.31, 8.36, 7.97, 74682.2, 60568771, 1.20, 4.70, 1.25, 1069.71598
2017-10-17, 1, wei_ruo, 8.46, 7.91, -1.13, 8.00, 7.91, 7.99, 7.81, 35702.98, 28180747, 0.58, 2.25, 0.60, 600.60406
2017-10-18, 1, wei_ruo, 8.45, 7.68, -2.91, 7.91, 7.96, 8.00, 7.68, 52757.26, 41293407, 0.85, 4.05, 0.89, 769.52505
2017-10-19, 1, wei_ruo, 8.44, 7.43, -3.26, 7.68, 7.63, 7.67, 7.35, 48690.14, 36442947, 0.79, 4.17, 0.82, 2705.65104
2017-10-20, 1, wei_ruo, 8.44, 7.54, 1.48, 7.43, 7.41, 7.54, 7.40, 18294.5, 13675974, 0.29, 1.88, 0.31, 824.28098
2017-10-23, 1, wei_ruo, 8.44, 7.65, 1.46, 7.54, 7.54, 7.74, 7.54, 23554.54, 18041495, 0.38, 2.65, 0.40, 1380.31387
2017-10-24, 1, wei_ruo, 8.44, 7.66, 0.13, 7.65, 7.67, 7.68, 7.57, 19797.32, 15073285, 0.32, 1.44, 0.33, 684.26394
2017-10-25, 1, wei_ruo, 8.43, 7.77, 1.44, 7.66, 7.66, 7.79, 7.62, 25709.95, 19869233, 0.41, 2.22, 0.43, 2654.12307
2017-10-26, 1, wei_ruo, 8.43, 7.70, -0.90, 7.77, 7.73, 7.73, 7.62, 25429.25, 19511489, 0.41, 1.42, 0.43, 1207.31783
2017-10-27, 1, wei_ruo, 8.43, 7.53, -2.21, 7.70, 7.71, 7.71, 7.52, 24429.11, 18527826, 0.39, 2.47, 0.41, 900.09022
2017-10-30, 1, wei_ruo, 8.42, 7.30, -3.05, 7.53, 7.52, 7.53, 7.25, 28614.71, 20969526, 0.46, 3.72, 0.48, 2795.09687
2017-10-31, 1, wei_ruo, 8.42, 7.40, 1.37, 7.30, 7.25, 7.43, 7.25, 14154.14, 10426806, 0.23, 2.47, 0.24, 587.29792
2017-11-01, 1, wei_ruo, 8.42, 7.37, -0.41, 7.40, 7.37, 7.42, 7.30, 20064.6, 14785071, 0.32, 1.62, 0.34, 659.73997
2017-11-02, 1, wei_ruo, 8.41, 7.26, -1.49, 7.37, 7.38, 7.40, 7.23, 19939.86, 14502781, 0.32, 2.31, 0.34, 759.89699
2017-11-03, 1, wei_ruo, 8.41, 7.25, -0.14, 7.26, 7.52, 7.58, 7.00, 26088.16, 19141842, 0.42, 7.99, 0.44, 772.27998
2017-11-06, 1, wei_ruo, 8.40, 7.28, -2.28, 7.45, 7.36, 7.37, 7.26, 4859, 3553880, 0.08, 1.48, 0.98, 61219.11407
2017-11-07, 1, wei_ruo, 8.40, 7.36, -0.14, 7.37, 7.36, 7.40, 7.35, 1844.4, 1360598, 0.03, 0.68, 0.83, 2712.63194
2017-11-08, 1, wei_ruo, 8.39, 7.42, -0.13, 7.43, 7.39, 7.45, 7.33, 3092.6, 2290006, 0.05, 1.62, 0.62, 2666.59498
2017-11-10, 1, wei_ruo, 8.39, 7.34, -1.61, 7.46, 7.46, 7.46, 7.30, 23045.66, 16952686, 0.37, 2.14, 0.85, 958.02617
2017-11-13, 1, wei_ruo, 8.38, 7.16, -2.45, 7.34, 7.30, 7.33, 7.09, 54748.88, 39279802, 0.88, 3.27, 2.06, 600.38114
2017-11-14, 1, wei_ruo, 8.37, 7.14, -0.28, 7.16, 7.16, 7.23, 7.08, 24725.54, 17707674, 0.40, 2.09, 0.78, 781.81005
2017-11-15, 1, wei_ruo, 8.37, 7.15, 0.14, 7.14, 7.13, 7.18, 7.10, 21694.11, 15484171, 0.35, 1.12, 0.68, 710.04105
2017-11-16, 1, wei_ruo, 8.36, 7.17, 0.28, 7.15, 7.14, 7.19, 7.11, 16207.51, 11593325, 0.26, 1.12, 0.56, 716.06493
2017-11-17, 1, wei_ruo, 8.35, 7.07, -1.39, 7.17, 7.17, 7.17, 6.80, 51509.5, 35923659, 0.83, 5.16, 1.83, 527.65393
2017-11-20, 1, wei_ruo, 8.34, 7.13, 0.85, 7.07, 6.99, 7.15, 6.77, 42718.91, 29554057, 0.69, 5.37, 1.26, 668.32614
2017-11-21, 1, wei_ruo, 8.34, 6.94, -2.66, 7.13, 7.06, 7.07, 6.90, 24625.3, 17195561, 0.40, 2.38, 0.78, 1162.6339
2017-11-22, 1, wei_ruo, 8.33, 6.92, -0.29, 6.94, 6.94, 6.96, 6.85, 19016.6, 13137557, 0.31, 1.59, 0.61, 783.83589
2017-11-23, 1, wei_ruo, 8.33, 6.85, -1.01, 6.92, 6.92, 6.97, 6.82, 19278.45, 13271130, 0.31, 2.17, 0.63, 1196.10095
2017-11-24, 1, wei_ruo, 8.32, 6.73, -1.75, 6.85, 6.80, 6.85, 6.70, 24152.74, 16304640, 0.39, 2.19, 0.77, 626.06096
2017-11-27, 1, wei_ruo, 8.32, 6.62, -1.63, 6.73, 6.74, 6.74, 6.60, 16020.74, 10662996, 0.26, 2.08, 0.62, 762.52103
2017-11-28, 1, wei_ruo, 8.31, 6.67, 0.76, 6.62, 6.61, 6.68, 6.55, 14666.8, 9745761, 0.24, 1.96, 0.71, 2652.11701
2017-11-29, 1, wei_ruo, 8.31, 6.64, -0.45, 6.67, 6.67, 6.70, 6.60, 15883.1, 10538074, 0.26, 1.50, 0.85, 596.9758
2017-11-30, 1, wei_ruo, 8.31, 6.62, -0.30, 6.64, 6.64, 6.68, 6.61, 15616.97, 10377909, 0.25, 1.05, 0.87, 3225.20304
2017-12-01, 1, wei_ruo, 8.30, 6.70, 1.21, 6.62, 6.62, 6.72, 6.61, 14731.53, 9839986, 0.24, 1.66, 0.85, 2597.73898
2017-12-04, 1, wei_ruo, 8.30, 6.63, -1.04, 6.70, 6.71, 6.75, 6.62, 21314.24, 14269069, 0.34, 1.94, 1.39, 1090.03711
2017-12-05, 1, wei_ruo, 8.29, 6.57, -0.90, 6.63, 6.60, 6.69, 6.40, 26155.8, 17178097, 0.42, 4.37, 1.59, 815.92917
2017-12-06, 1, wei_ruo, 8.28, 6.55, -0.30, 6.57, 6.53, 6.59, 6.40, 22496.1, 14620819, 0.36, 2.89, 1.20, 624.1591
2017-12-07, 1, wei_ruo, 8.27, 6.67, 1.83, 6.55, 6.53, 6.88, 6.46, 35389.08, 23499667, 0.57, 6.41, 1.76, 683.44903
2017-12-08, 1, wei_ruo, 8.27, 6.64, -0.45, 6.67, 6.62, 6.70, 6.58, 25907.3, 17210236, 0.42, 1.80, 1.08, 682.29008
2017-12-11, 1, wei_ruo, 8.26, 6.67, 0.45, 6.64, 6.62, 6.73, 6.62, 19971.44, 13345407, 0.32, 1.66, 0.76, 834.59306
2017-12-12, 1, wei_ruo, 8.26, 6.69, 0.30, 6.67, 6.67, 6.71, 6.63, 15427.21, 10297777, 0.25, 1.20, 0.59, 1004.19402
2017-12-13, 1, wei_ruo, 8.25, 6.70, 0.15, 6.69, 6.67, 6.73, 6.65, 16370.33, 10964476, 0.26, 1.20, 0.69, 628.76296
2017-12-14, 1, wei_ruo, 8.25, 6.65, -0.75, 6.70, 6.70, 6.70, 6.62, 16187.18, 10759258, 0.26, 1.19, 0.72, 882.88713
2017-12-15, 1, wei_ruo, 8.25, 6.67, 0.30, 6.65, 6.61, 6.70, 6.61, 14346.76, 9559466, 0.23, 1.35, 0.76, 2175.71402
2017-12-18, 1, wei_ruo, 8.24, 6.64, -0.45, 6.67, 6.64, 6.71, 6.60, 15468.81, 10274274, 0.25, 1.65, 0.94, 2821.14697
2017-12-19, 1, wei_ruo, 8.23, 6.77, 1.96, 6.64, 6.65, 6.86, 6.61, 35334.8, 23856671, 0.57, 3.77, 2.27, 806.21314
2017-12-20, 1, wei_ruo, 8.23, 6.67, -1.48, 6.77, 6.77, 6.78, 6.62, 25080.32, 16747537, 0.40, 2.36, 1.28, 715.51704
2017-12-21, 1, wei_ruo, 8.22, 6.66, -0.15, 6.67, 6.66, 6.70, 6.60, 16181, 10773719, 0.26, 1.50, 0.76, 1636.64317
2017-12-22, 1, wei_ruo, 8.22, 6.62, -0.60, 6.66, 6.65, 6.66, 6.61, 14281.77, 9465598, 0.23, 0.75, 0.67, 2686.10311
2017-12-25, 1, wei_ruo, 8.21, 6.39, -3.47, 6.62, 6.54, 6.65, 6.36, 23493.7, 15220966, 0.38, 4.38, 1.10, 1040.05504
2017-12-26, 1, wei_ruo, 8.21, 6.37, -0.31, 6.39, 6.34, 6.42, 6.33, 13568.26, 8641773, 0.22, 1.41, 0.59, 493.14499
2017-12-27, 1, wei_ruo, 8.20, 6.33, -0.63, 6.37, 6.37, 6.42, 6.31, 13902.46, 8856883, 0.22, 1.73, 0.75, 549.34216
2017-12-29, 1, wei_ruo, 8.19, 6.71, 2.60, 6.54, 6.92, 7.03, 6.70, 79410.53, 54277136, 1.28, 5.05, 3.94, 784.0991
2018-01-03, 1, wei_ruo, 8.16, 6.72, 0.15, 6.71, 6.66, 6.73, 6.55, 38279.38, 25406813, 0.62, 2.68, 1.22, 881.36697
2018-01-04, 1, wei_ruo, 8.16, 6.64, -1.19, 6.72, 6.70, 6.71, 6.62, 21360.62, 14210662, 0.34, 1.34, 0.59, 626.06502
2018-01-05, 1, wei_ruo, 8.15, 6.65, 0.15, 6.64, 6.62, 6.71, 6.62, 18190.65, 12128286, 0.29, 1.36, 0.48, 700.97208
2018-01-08, 1, wei_ruo, 8.15, 6.60, -0.75, 6.65, 6.65, 6.70, 6.57, 19752.06, 13071032, 0.32, 1.95, 0.54, 571.07496
2018-01-09, 1, wei_ruo, 8.14, 6.48, -1.82, 6.60, 6.55, 6.61, 6.48, 21702.73, 14180929, 0.35, 1.97, 0.61, 579.51093
2018-01-10, 1, wei_ruo, 8.14, 6.51, 0.46, 6.48, 6.48, 6.53, 6.46, 15402.98, 10003406, 0.25, 1.08, 0.65, 658.37288
2018-01-11, 1, wei_ruo, 8.13, 6.51, 0.00, 6.51, 6.51, 6.52, 6.43, 18170.6, 11765463, 0.29, 1.38, 0.94, 702.56114
2018-01-12, 1, wei_ruo, 8.13, 6.44, -1.08, 6.51, 6.50, 6.50, 6.43, 13731.82, 8872447, 0.22, 1.08, 0.74, 675.84395
2018-01-15, 1, wei_ruo, 8.12, 6.29, -2.33, 6.44, 6.49, 6.51, 6.28, 22362.9, 14307691, 0.36, 3.57, 1.26, 574.52321
2018-01-16, 1, wei_ruo, 8.12, 6.36, 1.11, 6.29, 6.29, 6.41, 6.29, 15706.12, 9983604, 0.25, 1.91, 0.86, 613.97099
2018-01-17, 1, wei_ruo, 8.11, 6.35, -0.16, 6.36, 6.40, 6.40, 6.25, 17203.79, 10861323, 0.28, 2.36, 1.01, 760.07915
2018-01-18, 1, wei_ruo, 8.11, 6.31, -0.63, 6.35, 6.36, 6.36, 6.28, 14775.41, 9321759, 0.24, 1.26, 0.86, 649.99509
2018-01-19, 1, wei_ruo, 8.11, 6.35, 0.63, 6.31, 6.34, 6.38, 6.27, 14750.02, 9345140, 0.24, 1.74, 0.88, 575.19817
2018-01-22, 1, wei_ruo, 8.10, 6.41, 0.94, 6.35, 6.35, 6.45, 6.30, 15554.55, 9932022, 0.25, 2.36, 0.92, 649.88804
2018-01-23, 1, wei_ruo, 8.10, 6.38, -0.47, 6.41, 6.42, 6.46, 6.35, 12333.12, 7871344, 0.20, 1.72, 0.79, 818.78281
2018-01-24, 1, wei_ruo, 8.09, 6.43, 0.78, 6.38, 6.39, 6.44, 6.34, 15110.58, 9675635, 0.24, 1.57, 1.01, 604.35987
2018-01-25, 1, wei_ruo, 8.09, 6.41, -0.31, 6.43, 6.42, 6.48, 6.38, 19935.54, 12860702, 0.32, 1.56, 1.37, 618.27421
2018-01-26, 1, wei_ruo, 8.08, 6.43, 0.31, 6.41, 6.39, 6.48, 6.39, 15114.72, 9728157, 0.24, 1.40, 0.97, 707.97706
2018-01-29, 1, wei_ruo, 8.08, 6.28, -2.33, 6.43, 6.48, 6.48, 6.27, 21076.71, 13402198, 0.34, 3.27, 1.35, 862.91003
2018-01-30, 1, wei_ruo, 8.07, 6.28, 0.00, 6.28, 6.32, 6.33, 6.26, 12354.88, 7766156, 0.20, 1.11, 0.74, 663.51986
2018-01-31, 1, wei_ruo, 8.06, 5.94, -5.41, 6.28, 6.33, 6.33, 5.91, 37990.13, 23191384, 0.61, 6.69, 2.27, 763.61203
2018-02-01, 1, wei_ruo, 8.05, 5.66, -4.71, 5.94, 5.92, 5.99, 5.64, 31083.75, 18064733, 0.50, 5.89, 1.46, 2637.60304
2018-02-02, 1, wei_ruo, 8.04, 5.53, -2.30, 5.66, 5.69, 5.69, 5.41, 30440, 16783191, 0.49, 4.95, 1.29, 798.68102
2018-02-05, 1, wei_ruo, 8.03, 5.34, -3.44, 5.53, 5.49, 5.49, 5.31, 25277.5, 13618443, 0.41, 3.25, 0.95, 878.33905
2018-02-06, 1, wei_ruo, 8.00, 5.18, -3.00, 5.34, 5.27, 5.34, 5.11, 63136.84, 32993855, 1.02, 4.31, 2.30, 534.72114
2018-02-07, 1, wei_ruo, 7.99, 5.20, 0.39, 5.18, 5.30, 5.45, 5.00, 29846.23, 15612614, 0.48, 8.69, 0.79, 877.90084
2018-02-08, 1, wei_ruo, 7.97, 5.33, 2.50, 5.20, 5.20, 5.35, 5.12, 28407.14, 14986472, 0.46, 4.42, 0.80, 766.80493
2018-02-09, 1, wei_ruo, 7.96, 5.27, -1.13, 5.33, 5.24, 5.33, 5.13, 36295.86, 19066626, 0.59, 3.75, 1.24, 688.08818
2018-02-12, 1, wei_ruo, 7.94, 5.47, 3.80, 5.27, 5.28, 5.67, 5.28, 42004.02, 22910863, 0.68, 7.40, 1.32, 776.88599
2018-02-13, 1, wei_ruo, 7.93, 5.34, -2.38, 5.47, 5.50, 5.50, 5.31, 22888.6, 12365163, 0.37, 3.47, 0.58, 700.68216
2018-02-14, 1, wei_ruo, 7.92, 5.56, 4.12, 5.34, 5.38, 5.58, 5.33, 39234.56, 21618357, 0.63, 4.68, 1.14, 723.14286
