2015-08-20, 3, zhong_du, 59.64, 54.40, -6.98, 58.48, 57.00, 57.40, 54.00, 111732.74, 624928495, 1.50, 5.81, 0.78, 824.83006
2015-08-21, 2, qing_du, 59.45, 49.80, -8.46, 54.40, 53.00, 54.04, 49.56, 166083.06, 852199773, 2.22, 8.24, 1.20, 962.54992
2015-08-24, 1, wei_ruo, 59.15, 44.82, -10.00, 49.80, 47.30, 47.30, 44.82, 161167.87, 734111808, 2.16, 4.98, 1.11, 23809.12399
2015-08-25, 1, wei_ruo, 58.70, 40.34, -10.00, 44.82, 40.80, 45.99, 40.34, 200305.02, 840397068, 2.68, 12.61, 1.29, 1188.34901
2015-08-26, 1, wei_ruo, 58.17, 44.37, 9.99, 40.34, 41.60, 44.37, 39.85, 247529.48, 1059971182, 3.31, 11.20, 1.54, 1048.51818
2015-08-27, 1, wei_ruo, 57.89, 48.81, 10.01, 44.37, 45.99, 48.81, 45.99, 209849.09, 997453790, 2.81, 6.36, 1.18, 987.22792
2015-08-28, 1, wei_ruo, 57.65, 51.01, 4.51, 48.81, 50.50, 52.25, 47.84, 230969.69, 1149489554, 3.09, 9.04, 1.17, 895.64109
2015-08-31, 1, wei_ruo, 57.48, 49.85, -2.27, 51.01, 50.87, 52.78, 49.00, 178550.32, 906500005, 2.39, 7.41, 0.85, 1887.784
2015-09-01, 1, wei_ruo, 57.24, 49.59, -0.52, 49.85, 49.00, 49.65, 45.32, 196694.5, 948461138, 2.63, 8.69, 0.92, 968.66608
2015-09-02, 1, wei_ruo, 57.06, 45.80, -7.64, 49.59, 47.20, 51.50, 45.76, 135880.24, 657789023, 1.82, 11.57, 0.64, 1260.18119
2015-09-02, 1, wei_ruo, 57.06, 45.80, -7.64, 49.59, 47.20, 51.50, 45.76, 135880.24, 657789023, 1.82, 11.57, 0.64, 988.25002
2015-09-02, 1, wei_ruo, 57.06, 45.80, -7.64, 49.59, 47.20, 51.50, 45.76, 135880.24, 657789023, 1.82, 11.57, 0.64, 906.50702
2015-09-07, 1, wei_ruo, 56.91, 47.69, 4.13, 45.80, 47.80, 50.05, 47.01, 128832.63, 624449499, 1.73, 6.64, 0.68, 1051.55301
2015-09-08, 1, wei_ruo, 56.78, 51.80, 8.62, 47.69, 48.40, 51.96, 47.26, 148378.95, 739834446, 1.99, 9.86, 0.85, 1154.98686
2015-09-09, 1, wei_ruo, 56.72, 55.50, 7.14, 51.80, 52.58, 56.00, 52.17, 221248.01, 1208202791, 2.96, 7.39, 1.40, 1012.00199
2015-09-10, 1, wei_ruo, 56.65, 52.70, -5.05, 55.50, 53.80, 54.99, 52.40, 134767.08, 724323401, 1.80, 4.67, 0.81, 867.89584
2015-09-11, 2, qing_du, 56.61, 52.85, 0.28, 52.70, 52.53, 53.99, 51.68, 93250.96, 492777432, 1.25, 4.38, 0.61, 1120.543
2015-09-14, 2, qing_du, 56.49, 47.85, -9.46, 52.85, 52.85, 54.13, 47.61, 133426.59, 672308575, 1.79, 12.34, 0.92, 923.82884
2015-09-15, 1, wei_ruo, 56.37, 47.15, -1.46, 47.85, 46.70, 49.40, 46.24, 97655.8, 465990897, 1.31, 6.60, 0.67, 1144.89317
2015-09-16, 1, wei_ruo, 56.26, 51.87, 10.01, 47.15, 48.02, 51.87, 47.31, 135238.34, 671951225, 1.81, 9.67, 0.99, 1007.73907
2015-09-17, 1, wei_ruo, 56.18, 52.85, 1.89, 51.87, 53.00, 56.21, 52.61, 241314.43, 1317726179, 3.23, 6.94, 2.03, 1070.52207
2015-09-18, 1, wei_ruo, 56.16, 55.18, 4.41, 52.85, 54.00, 56.80, 53.47, 184409.1, 1019277412, 2.47, 6.30, 1.32, 991.58096
2015-09-21, 2, qing_du, 56.14, 56.07, 1.61, 55.18, 54.50, 56.75, 53.23, 150531.06, 831851586, 2.02, 6.38, 0.95, 890.74492
2015-09-22, 2, qing_du, 56.13, 55.24, -1.48, 56.07, 56.05, 56.66, 54.51, 111336.38, 617916796, 1.49, 3.83, 0.69, 1027.2429
2015-09-23, 3, zhong_du, 56.19, 59.01, 6.82, 55.24, 54.60, 60.76, 54.20, 234872.83, 1382839701, 3.15, 11.88, 1.43, 857.62119
2015-09-24, 3, zhong_du, 56.23, 57.80, -2.05, 59.01, 59.50, 59.75, 56.88, 160829.67, 933405338, 2.15, 4.86, 0.87, 1024.08886
2015-09-25, 3, zhong_du, 56.28, 58.52, 1.25, 57.80, 57.67, 60.18, 56.28, 176073.97, 1034477549, 2.36, 6.75, 1.05, 989.89391
2015-09-28, 3, zhong_du, 56.40, 61.80, 5.60, 58.52, 59.20, 62.60, 58.85, 175365.07, 1067749846, 2.35, 6.41, 1.05, 1049.82901
2015-09-29, 3, zhong_du, 56.48, 61.08, -1.17, 61.80, 60.45, 62.50, 59.55, 130593.53, 793899262, 1.75, 4.77, 0.76, 1311.93399
2015-09-30, 3, zhong_du, 56.57, 60.01, -1.75, 61.08, 63.05, 64.00, 59.50, 153533.78, 948363047, 2.06, 7.37, 0.87, 1003.29399
2015-10-08, 3, zhong_du, 56.75, 60.68, 1.12, 60.01, 63.13, 64.80, 60.60, 245787.96, 1535450726, 3.29, 7.00, 1.54, 831.07615
2015-10-14, 3, zhong_du, 57.17, 58.65, -2.99, 60.46, 60.45, 60.46, 58.35, 170178.91, 1006418482, 2.28, 3.49, 0.72, 765.131
2015-10-15, 4, gao_du, 57.23, 60.35, 2.90, 58.65, 58.30, 60.64, 58.20, 170151.65, 1019440393, 2.28, 4.16, 0.71, 864.13598
2015-10-16, 4, gao_du, 57.33, 60.60, 0.41, 60.35, 60.90, 62.51, 59.81, 200108.47, 1219171036, 2.68, 4.47, 0.89, 3226.31907
2015-10-19, 4, gao_du, 57.66, 66.66, 10.00, 60.60, 61.50, 66.66, 61.37, 323398.46, 2074792553, 4.33, 8.73, 1.38, 1163.15198
2015-10-29, 5, qiang_lie, 60.16, 68.89, 0.12, 68.81, 69.50, 69.85, 66.38, 188263.72, 1274021735, 2.52, 5.04, 0.51, 1067.08097
2015-10-30, 5, qiang_lie, 60.34, 67.10, -2.60, 68.89, 68.15, 69.76, 65.80, 183150.35, 1243187512, 2.45, 5.75, 0.53, 944.736
2015-11-02, 5, qiang_lie, 60.46, 63.66, -5.13, 67.10, 66.00, 66.88, 63.00, 217540.84, 1417507392, 2.91, 5.78, 0.68, 1565.13691
2015-11-03, 5, qiang_lie, 60.57, 65.49, 2.87, 63.66, 63.81, 66.18, 62.40, 200332.47, 1291132748, 2.68, 5.94, 0.84, 2066.53094
2015-11-04, 5, qiang_lie, 60.90, 69.90, 6.73, 65.49, 65.40, 70.23, 65.02, 308797.34, 2079295120, 4.14, 7.96, 1.40, 3020.751
2015-11-05, 5, qiang_lie, 61.15, 67.30, -3.72, 69.90, 69.00, 69.50, 67.20, 267191.8, 1820855790, 3.58, 3.29, 1.22, 1102.61703
2015-11-06, 5, qiang_lie, 61.37, 67.75, 0.67, 67.30, 66.80, 68.80, 66.60, 251361.58, 1695306537, 3.37, 3.27, 1.07, 1144.97185
2015-11-09, 5, qiang_lie, 61.80, 71.60, 5.68, 67.75, 67.15, 73.05, 66.70, 352803.68, 2465833654, 4.72, 9.37, 1.42, 16916.71205
2015-11-10, 5, qiang_lie, 62.09, 69.80, -2.51, 71.60, 71.00, 71.25, 68.88, 260700.73, 1823695106, 3.49, 3.31, 0.94, 425.71998
2015-11-11, 5, qiang_lie, 62.09, 68.80, -1.43, 69.80, 70.00, 71.02, 67.40, 265269.81, 1825453992, 3.55, 5.19, 0.92, 285.95805
2015-11-12, 5, qiang_lie, 62.66, 70.60, 2.62, 68.80, 68.95, 71.28, 68.00, 322355.57, 2256188880, 4.32, 4.77, 1.15, 988.36899
2015-11-13, 5, qiang_lie, 63.13, 70.70, 0.14, 70.60, 70.00, 74.83, 68.18, 402411.95, 2876014432, 5.39, 9.42, 1.39, 1264.28795
2015-11-16, 5, qiang_lie, 63.28, 69.49, -1.71, 70.70, 68.50, 69.80, 68.19, 195330.44, 1348563863, 2.62, 2.28, 0.61, 806.64992
2015-11-17, 5, qiang_lie, 63.49, 67.88, -2.32, 69.49, 70.30, 70.60, 66.70, 302548.36, 2077666437, 4.05, 5.61, 1.05, 995.31198
2015-11-18, 5, qiang_lie, 63.58, 66.18, -2.50, 67.88, 67.95, 68.80, 65.67, 187859.14, 1258937869, 2.52, 4.61, 0.63, 1155.12204
2015-11-19, 5, qiang_lie, 63.67, 68.40, 3.35, 66.18, 66.50, 68.67, 65.50, 175349.25, 1170532654, 2.35, 4.79, 0.62, 32201.89095
2015-11-20, 5, qiang_lie, 63.74, 66.60, -2.63, 68.40, 68.12, 68.20, 66.27, 169425.48, 1133723902, 2.27, 2.82, 0.67, 16671.02599
2015-11-23, 4, gao_du, 63.79, 64.90, -2.55, 66.60, 66.00, 66.99, 64.70, 171631.87, 1126657691, 2.30, 3.44, 0.83, 18450.54603
2015-11-24, 4, gao_du, 63.79, 64.51, -0.60, 64.90, 64.99, 64.99, 62.86, 187262.28, 1194439524, 2.51, 3.28, 0.93, 1192.30604
2015-11-25, 3, zhong_du, 63.82, 65.12, 0.95, 64.51, 64.20, 65.69, 63.82, 157092.62, 1019115470, 2.10, 2.90, 0.88, 2910.44712
2015-11-26, 3, zhong_du, 63.83, 63.73, -2.13, 65.12, 65.50, 65.70, 63.68, 156347.91, 1009955289, 2.09, 3.10, 0.91, 863.21807
2015-11-27, 3, zhong_du, 63.77, 60.30, -5.38, 63.73, 63.05, 64.43, 60.00, 201411.8, 1257538797, 2.70, 6.95, 1.20, 1077.54707
2015-11-30, 3, zhong_du, 63.70, 62.68, 3.95, 60.30, 60.80, 62.83, 58.28, 203184.11, 1241626365, 2.72, 7.55, 1.16, 2904.31404
2015-12-01, 2, qing_du, 63.68, 61.55, -1.80, 62.68, 62.65, 62.67, 61.35, 80251.75, 497040428, 1.07, 2.11, 0.50, 3026.50094
2015-12-02, 2, qing_du, 63.66, 62.51, 0.90, 61.95, 61.75, 63.55, 61.50, 102792.63, 643788409, 1.38, 3.31, 0.69, 916.83102
2015-12-03, 2, qing_du, 63.66, 63.29, 0.27, 63.12, 63.11, 63.89, 62.61, 115975.73, 732490207, 1.55, 2.03, 0.75, 863.29103
2015-12-04, 2, qing_du, 64.30, 61.82, -2.32, 63.29, 63.15, 63.15, 61.51, 109078.26, 679399365, 1.46, 2.59, 0.74, 614.95399
2015-12-07, 2, qing_du, 64.27, 62.06, 0.39, 61.82, 61.84, 63.00, 61.20, 95078.12, 590640192, 1.27, 2.91, 0.74, 617.45405
2015-12-08, 1, wei_ruo, 64.22, 60.30, -2.84, 62.06, 61.80, 61.93, 60.00, 104372.48, 635856904, 1.40, 3.11, 0.98, 1965.62696
2015-12-09, 1, wei_ruo, 64.16, 62.88, 4.28, 60.30, 59.87, 63.49, 59.58, 210746.4, 1313684571, 2.82, 6.48, 1.93, 2570.25504
2015-12-10, 1, wei_ruo, 64.14, 62.42, -0.73, 62.88, 63.50, 63.98, 62.21, 130993.49, 825302140, 1.75, 2.81, 1.03, 842.81898
2015-12-11, 1, wei_ruo, 64.10, 61.59, -1.33, 62.42, 62.15, 62.45, 60.62, 99867.46, 610441958, 1.34, 2.93, 0.77, 1063.68685
2015-12-14, 1, wei_ruo, 64.07, 62.00, 0.67, 61.59, 60.80, 62.00, 60.51, 81755.42, 501215130, 1.09, 2.42, 0.64, 844.08402
2015-12-15, 1, wei_ruo, 64.05, 62.56, 0.90, 62.00, 62.14, 63.21, 62.14, 102443.72, 643587397, 1.37, 1.73, 0.82, 2958.67705
2015-12-16, 1, wei_ruo, 64.04, 62.90, 0.54, 62.56, 62.60, 63.00, 62.03, 77039.28, 482091161, 1.03, 1.55, 0.62, 920.96782
2015-12-17, 1, wei_ruo, 64.03, 63.80, 1.43, 62.90, 62.99, 64.42, 62.98, 146785.76, 936837082, 1.97, 2.29, 1.49, 2818.62116
2015-12-18, 1, wei_ruo, 64.02, 63.79, -0.02, 63.80, 63.70, 63.89, 62.51, 139513.04, 882077795, 1.87, 2.16, 1.37, 757.49707
2015-12-21, 1, wei_ruo, 64.01, 63.02, -1.21, 63.79, 63.85, 64.88, 62.60, 184738.4, 1181361868, 2.47, 3.57, 1.69, 1018.97621
2015-12-22, 1, wei_ruo, 63.99, 62.82, -0.32, 63.02, 63.10, 63.26, 62.05, 104192.64, 651366066, 1.40, 1.92, 0.80, 1785.8882
2015-12-23, 1, wei_ruo, 63.97, 62.03, -1.26, 62.82, 63.00, 63.10, 62.00, 96203.18, 600272282, 1.29, 1.75, 0.74, 2764.92214
2015-12-24, 1, wei_ruo, 63.96, 63.47, 2.32, 62.03, 63.00, 64.51, 62.75, 211588.07, 1353368387, 2.83, 2.84, 1.58, 2717.08918
2015-12-25, 1, wei_ruo, 63.95, 63.45, -0.03, 63.47, 63.50, 63.95, 62.58, 100884.58, 638018574, 1.35, 2.16, 0.69, 788.40613
2015-12-28, 1, wei_ruo, 63.93, 62.14, -2.06, 63.45, 63.45, 64.17, 62.05, 126179.17, 797895718, 1.69, 3.34, 0.90, 2858.33383
2015-12-29, 1, wei_ruo, 63.93, 64.55, 3.88, 62.14, 62.10, 65.45, 61.30, 194985.23, 1241166288, 2.61, 6.68, 1.53, 1474.31207
2015-12-30, 1, wei_ruo, 63.99, 66.00, 2.25, 64.55, 65.00, 67.00, 65.00, 223650.46, 1478921073, 2.99, 3.10, 1.75, 4721.37809
2015-12-31, 1, wei_ruo, 64.01, 64.40, -2.42, 66.00, 66.01, 66.95, 64.01, 143745.04, 938969648, 1.92, 4.45, 1.12, 987.37097
2016-01-04, 1, wei_ruo, 63.96, 58.76, -8.76, 64.40, 64.40, 64.40, 58.40, 114880.14, 709177587, 1.54, 9.32, 0.90, 2874.91179
2016-01-05, 1, wei_ruo, 63.84, 59.35, 1.00, 58.76, 55.80, 60.61, 55.80, 166704.92, 983037061, 2.23, 8.19, 1.30, 2762.4352
2016-01-06, 1, wei_ruo, 63.79, 60.42, 1.80, 59.35, 59.50, 60.78, 59.37, 98824.86, 594339870, 1.32, 2.38, 0.77, 2939.28194
2016-01-07, 1, wei_ruo, 63.75, 55.41, -8.29, 60.42, 59.00, 59.47, 55.00, 41293.1, 236717553, 0.55, 7.40, 0.32, 245.29886
2016-01-08, 1, wei_ruo, 64.19, 59.43, 7.26, 55.41, 58.00, 60.68, 56.70, 203567.18, 1201830685, 2.73, 7.18, 1.59, 2828.13883
2016-01-11, 1, wei_ruo, 63.91, 57.88, -2.61, 59.43, 57.99, 60.99, 57.20, 200493.5, 1184370789, 2.68, 6.38, 1.57, 1036.22293
2016-01-12, 1, wei_ruo, 63.81, 59.82, 3.35, 57.88, 58.75, 60.18, 57.95, 153174.36, 909233342, 2.05, 3.85, 1.20, 810.9839
2016-01-13, 1, wei_ruo, 63.71, 57.36, -4.11, 59.82, 60.48, 61.30, 57.36, 148988.71, 881214037, 2.00, 6.59, 1.17, 2903.31483
2016-01-14, 1, wei_ruo, 63.61, 59.90, 4.43, 57.36, 56.50, 59.98, 56.30, 146238.55, 853221313, 1.96, 6.42, 1.14, 768.013
2016-01-15, 1, wei_ruo, 63.53, 58.05, -3.09, 59.90, 59.01, 59.80, 57.02, 109584, 639074957, 1.47, 4.64, 0.86, 906.94308
2016-01-18, 1, wei_ruo, 63.45, 57.68, -0.64, 58.05, 57.01, 58.60, 56.52, 105704.97, 607753582, 1.42, 3.58, 0.83, 3953.7859
2016-01-19, 1, wei_ruo, 63.36, 58.87, 2.06, 57.68, 57.50, 59.10, 56.98, 137399.99, 798925282, 1.84, 3.68, 1.08, 3020.63394
2016-01-20, 1, wei_ruo, 63.28, 57.74, -1.92, 58.87, 59.00, 59.70, 57.10, 113692.67, 663507667, 1.52, 4.42, 0.89, 716.645
2016-01-21, 1, wei_ruo, 63.18, 56.02, -2.98, 57.74, 57.10, 58.30, 56.00, 115329.17, 660993144, 1.54, 3.98, 0.90, 711.9658
2016-01-22, 1, wei_ruo, 63.04, 55.16, -1.54, 56.02, 56.20, 56.85, 53.40, 123017.58, 677639106, 1.65, 6.16, 0.96, 736.30714
2016-01-25, 1, wei_ruo, 62.95, 55.00, -0.29, 55.16, 55.70, 56.00, 54.25, 89777.12, 494629268, 1.20, 3.17, 0.70, 769.26398
2016-01-26, 1, wei_ruo, 62.71, 49.97, -9.15, 55.00, 54.17, 54.89, 49.50, 151616.15, 787099076, 2.03, 9.80, 1.19, 3386.52778
2016-01-27, 1, wei_ruo, 62.45, 48.18, -3.58, 49.97, 50.48, 50.68, 45.01, 132860.38, 632329658, 1.78, 11.35, 1.04, 1508.94308
2016-01-28, 1, wei_ruo, 62.25, 45.30, -5.98, 48.18, 47.00, 48.20, 45.07, 94022.02, 439850373, 1.26, 6.50, 0.74, 1806.44608
2016-01-29, 1, wei_ruo, 62.03, 47.59, 5.06, 45.30, 45.20, 48.40, 45.20, 105753.49, 494660851, 1.42, 7.06, 0.83, 995.38589
2016-02-01, 1, wei_ruo, 61.82, 48.60, 2.12, 47.59, 47.85, 49.58, 47.30, 116492.75, 567275391, 1.56, 4.79, 0.91, 2803.60413
2016-02-02, 1, wei_ruo, 61.65, 50.46, 3.83, 48.60, 48.61, 50.79, 48.60, 105173.34, 528591539, 1.41, 4.51, 0.82, 1271.101
2016-02-03, 1, wei_ruo, 61.55, 50.41, -0.10, 50.46, 50.39, 50.68, 49.73, 66779.99, 334550935, 0.89, 1.88, 0.52, 3130.12004
2016-02-04, 1, wei_ruo, 61.45, 51.21, 1.59, 50.41, 51.00, 52.30, 50.71, 71640.66, 369396708, 0.96, 3.15, 0.56, 6500.99397
2016-02-05, 1, wei_ruo, 61.36, 50.07, -2.23, 51.21, 51.50, 51.90, 50.01, 65890.92, 333300435, 0.88, 3.69, 0.52, 2775.63906
2016-02-15, 1, wei_ruo, 61.28, 50.00, -0.14, 50.07, 48.19, 50.47, 47.90, 52054.95, 256365496, 0.70, 5.13, 0.41, 914.61921
2016-02-16, 1, wei_ruo, 61.17, 52.08, 4.16, 50.00, 50.25, 52.63, 50.25, 80021.15, 415262229, 1.07, 4.76, 0.63, 2836.87091
2016-02-17, 1, wei_ruo, 61.04, 53.81, 3.32, 52.08, 52.20, 54.98, 52.20, 129986.86, 700028066, 1.74, 5.34, 1.02, 389.03499
2016-02-18, 1, wei_ruo, 60.98, 53.25, -1.04, 53.81, 54.61, 54.76, 53.10, 67409.5, 361546245, 0.90, 3.08, 0.53, 2912.15992
2016-02-19, 1, wei_ruo, 60.91, 53.80, 1.03, 53.25, 53.90, 55.25, 53.50, 74227.66, 403991298, 0.99, 3.29, 0.73, 830.85513
2016-02-22, 1, wei_ruo, 60.91, 54.51, 0.41, 54.29, 55.20, 55.50, 54.01, 109220.75, 597064471, 1.46, 2.74, 1.29, 2799.27111
2016-02-23, 1, wei_ruo, 61.28, 54.70, 0.35, 54.51, 54.76, 55.71, 54.05, 99202.18, 543904058, 1.33, 3.05, 1.03, 4673.78116
2016-02-24, 1, wei_ruo, 61.19, 55.02, 0.59, 54.70, 54.23, 55.25, 53.02, 99757.6, 541977645, 1.34, 4.08, 1.00, 409.22499
2016-02-25, 1, wei_ruo, 60.96, 51.80, -5.85, 55.02, 56.03, 56.65, 51.15, 213720.12, 1169319529, 2.86, 10.00, 2.28, 893.45884
2016-02-26, 1, wei_ruo, 60.85, 52.35, 1.06, 51.80, 52.81, 53.09, 51.22, 88412.62, 462164379, 1.18, 3.61, 0.72, 758.15606
2016-02-29, 1, wei_ruo, 60.69, 50.51, -3.51, 52.35, 53.10, 53.30, 49.00, 124177.34, 630542589, 1.66, 8.21, 1.02, 982.06496
2016-03-01, 1, wei_ruo, 60.59, 51.54, 2.04, 50.51, 50.54, 51.88, 50.08, 80229.88, 409803594, 1.07, 3.56, 0.64, 2145.44988
2016-03-02, 1, wei_ruo, 60.47, 53.90, 4.58, 51.54, 51.09, 54.21, 51.09, 118288.17, 623608132, 1.58, 6.05, 0.98, 510.3159
2016-03-03, 1, wei_ruo, 60.38, 53.58, -0.59, 53.90, 54.00, 54.92, 53.55, 97766.04, 529712885, 1.31, 2.54, 0.78, 629.7102
2016-03-04, 1, wei_ruo, 60.28, 53.70, 0.22, 53.58, 53.41, 55.00, 52.75, 115790.03, 625504313, 1.55, 4.20, 1.14, 671.18788
2016-03-07, 1, wei_ruo, 60.23, 53.95, 0.47, 53.70, 54.53, 54.99, 53.62, 68695.2, 371520517, 0.92, 2.55, 0.64, 2437.40606
2016-03-08, 1, wei_ruo, 60.15, 53.11, -1.56, 53.95, 54.00, 54.00, 51.55, 77846.8, 408570936, 1.04, 4.54, 0.81, 4172.6799
2016-03-09, 1, wei_ruo, 60.09, 52.00, -2.09, 53.11, 52.12, 52.70, 51.80, 56794.26, 296179734, 0.76, 1.69, 0.59, 4630.73182
2016-03-10, 1, wei_ruo, 60.03, 51.50, -0.96, 52.00, 52.00, 52.45, 51.25, 52084.23, 268636285, 0.70, 2.31, 0.62, 2439.46385
2016-03-11, 1, wei_ruo, 59.98, 51.26, -0.47, 51.50, 51.40, 52.10, 50.62, 40147.69, 205633475, 0.54, 2.87, 0.54, 802.86694
2016-03-14, 1, wei_ruo, 59.89, 53.33, 4.04, 51.26, 52.10, 54.00, 51.62, 97799.23, 519334828, 1.31, 4.64, 1.65, 2546.98396
2016-03-15, 1, wei_ruo, 59.77, 54.44, 2.08, 53.33, 53.20, 55.49, 53.20, 161424.19, 880730752, 2.16, 4.29, 2.49, 553.40195
2016-03-16, 1, wei_ruo, 59.70, 53.00, -2.65, 54.44, 54.62, 54.75, 52.90, 86341.95, 462486007, 1.16, 3.40, 1.06, 589.71405
2016-03-17, 2, qing_du, 59.60, 55.06, 3.89, 53.00, 53.68, 55.30, 53.28, 143350.13, 783634280, 1.92, 3.81, 1.64, 1129.01187
2016-03-18, 2, qing_du, 59.54, 56.95, 3.43, 55.06, 55.06, 57.39, 55.06, 150854.03, 855458118, 2.02, 4.23, 1.43, 4294.99698
2016-03-21, 3, zhong_du, 59.49, 57.03, 0.14, 56.95, 57.66, 57.86, 56.02, 142481.92, 810929544, 1.91, 3.23, 1.11, 570.74594
2016-03-22, 4, gao_du, 59.45, 57.71, 1.19, 57.03, 56.90, 58.20, 56.10, 132023.36, 758552820, 1.77, 3.68, 0.96, 2703.56607
2016-03-23, 4, gao_du, 59.43, 57.30, -0.71, 57.71, 57.20, 57.98, 56.68, 82493.42, 472493425, 1.10, 2.25, 0.63, 658.76508
2016-03-24, 5, qiang_lie, 59.40, 56.48, -1.43, 57.30, 56.90, 58.39, 56.10, 91007.98, 518424890, 1.22, 4.00, 0.70, 3847.996
2016-03-25, 5, qiang_lie, 59.37, 56.96, 0.85, 56.48, 56.48, 57.61, 56.10, 81350.57, 462177833, 1.09, 2.67, 0.68, 591.65215
2016-03-28, 4, gao_du, 59.35, 58.05, 1.91, 56.96, 57.57, 59.86, 57.20, 140569.2, 824880257, 1.88, 4.67, 1.33, 2734.83777
2016-03-29, 4, gao_du, 59.32, 56.87, -2.03, 58.05, 58.30, 59.38, 56.86, 145902, 844984530, 1.95, 4.34, 1.38, 703.34005
2016-03-30, 4, gao_du, 59.31, 58.80, 3.39, 56.87, 57.15, 58.92, 57.15, 104241.55, 605828135, 1.40, 3.11, 0.96, 1226.49002
2016-03-31, 4, gao_du, 59.30, 58.81, 0.02, 58.80, 58.83, 59.77, 58.38, 101934.15, 601474596, 1.37, 2.36, 0.91, 2863.24596
2016-04-01, 5, qiang_lie, 59.29, 58.30, -0.87, 58.81, 58.79, 58.80, 57.26, 58376.44, 338765969, 0.78, 2.62, 0.51, 4705.76811
2016-04-05, 5, qiang_lie, 59.29, 58.97, 1.15, 58.30, 59.18, 60.23, 58.53, 143295.41, 853440961, 1.92, 2.92, 1.30, 1702.48294
2016-04-06, 5, qiang_lie, 59.28, 58.35, -1.05, 58.97, 58.54, 58.95, 57.90, 96696.31, 563382670, 1.29, 1.78, 0.87, 458.004
2016-04-07, 5, qiang_lie, 59.26, 57.05, -2.23, 58.35, 58.48, 58.66, 56.69, 88805.72, 510245306, 1.19, 3.38, 0.88, 601.32194
2016-04-08, 5, qiang_lie, 59.24, 57.70, 1.14, 57.05, 56.60, 57.95, 56.57, 71666.21, 410464840, 0.96, 2.42, 0.73, 674.02196
2016-04-11, 5, qiang_lie, 59.23, 57.83, 0.23, 57.70, 57.70, 58.83, 57.41, 84675.9, 491337522, 1.13, 2.46, 0.92, 658.87785
2016-04-12, 5, qiang_lie, 59.21, 57.90, 0.12, 57.83, 57.75, 58.40, 56.80, 89768.73, 516656726, 1.20, 2.77, 0.93, 446.88106
2016-04-13, 5, qiang_lie, 59.20, 58.59, 1.19, 57.90, 58.60, 59.33, 58.43, 119290.95, 702845536, 1.60, 1.55, 1.38, 2425.16708
2016-04-14, 5, qiang_lie, 59.20, 58.75, 0.27, 58.59, 58.80, 59.08, 58.33, 65735.34, 385405543, 0.88, 1.28, 0.72, 2784.97195
2016-04-15, 5, qiang_lie, 59.19, 58.24, -0.87, 58.75, 58.59, 58.89, 57.60, 65158.69, 379621993, 0.87, 2.20, 0.76, 1344.65194
2016-04-18, 5, qiang_lie, 59.19, 60.02, 3.06, 58.24, 58.27, 60.18, 57.66, 125881.02, 743192194, 1.69, 4.33, 1.48, 2592.57913
2016-04-19, 5, qiang_lie, 59.29, 62.44, 4.03, 60.02, 59.76, 65.50, 59.66, 228641.52, 1433670530, 3.06, 9.73, 2.45, 668.66708
2016-04-20, 5, qiang_lie, 59.31, 60.21, -3.57, 62.44, 62.00, 62.31, 58.05, 171497.32, 1039526637, 2.30, 6.82, 1.42, 2799.18504
2016-04-21, 5, qiang_lie, 59.37, 62.13, 3.19, 60.21, 60.01, 63.80, 59.77, 154117.8, 961752343, 2.06, 6.69, 1.17, 771.60311
2016-04-22, 5, qiang_lie, 59.40, 61.90, -0.37, 62.13, 61.27, 62.99, 60.67, 88989.6, 551830748, 1.19, 3.73, 0.60, 2352.73695
2016-04-25, 5, qiang_lie, 59.41, 60.75, -1.86, 61.90, 61.91, 62.00, 60.00, 88199.6, 535873836, 1.18, 3.23, 0.57, 2738.16895
2016-04-26, 5, qiang_lie, 59.44, 62.03, 2.11, 60.75, 60.50, 62.96, 60.50, 72850.94, 452928644, 0.98, 4.05, 0.50, 1015.64097
2016-04-27, 5, qiang_lie, 59.48, 62.33, 0.48, 62.03, 62.50, 63.29, 62.03, 91475.18, 573415743, 1.22, 2.03, 0.79, 925.56214
2016-04-28, 5, qiang_lie, 59.50, 61.89, -0.71, 62.33, 62.57, 62.79, 60.51, 76025.05, 467163477, 1.02, 3.66, 0.77, 273.15593
2016-04-29, 5, qiang_lie, 59.59, 63.71, 2.94, 61.89, 62.20, 64.61, 62.20, 161383.31, 1029449909, 2.16, 3.89, 1.93, 4299.13592
2016-05-03, 5, qiang_lie, 59.66, 64.30, 0.93, 63.71, 63.80, 64.32, 62.77, 135670.26, 864598720, 1.82, 2.43, 1.38, 2596.699
2016-05-04, 5, qiang_lie, 59.72, 63.55, -1.17, 64.30, 63.93, 64.69, 63.37, 96593.07, 617598485, 1.29, 2.05, 0.90, 540.04216
2016-05-05, 5, qiang_lie, 59.75, 63.47, -0.13, 63.55, 63.51, 63.55, 62.60, 71386.3, 449741434, 0.96, 1.49, 0.64, 960.14404
2016-05-06, 5, qiang_lie, 59.78, 61.20, -3.58, 63.47, 63.01, 63.47, 61.00, 102812.04, 638044847, 1.38, 3.89, 0.95, 2599.12801
2016-05-09, 5, qiang_lie, 59.77, 59.00, -3.59, 61.20, 60.11, 60.80, 58.25, 101203.99, 603200521, 1.36, 4.17, 0.89, 821.08593
2016-05-10, 5, qiang_lie, 59.77, 58.70, -0.51, 59.00, 59.00, 59.49, 58.43, 56623.32, 333635978, 0.76, 1.80, 0.56, 5040.02905
2016-05-11, 3, zhong_du, 59.76, 58.31, -0.66, 58.70, 59.00, 59.38, 57.82, 69451.19, 407011314, 0.93, 2.66, 0.81, 829.74696
2016-05-12, 3, zhong_du, 59.75, 59.51, 2.06, 58.31, 58.03, 59.97, 57.41, 82474.41, 487780115, 1.10, 4.39, 1.03, 672.8611
2016-05-13, 2, qing_du, 59.74, 59.17, -0.57, 59.51, 59.46, 60.38, 58.85, 58160.09, 346461686, 0.78, 2.57, 0.70, 886.60789
2016-05-16, 3, zhong_du, 59.75, 60.56, 2.35, 59.17, 59.33, 60.58, 59.03, 65887.42, 395406389, 0.87, 2.62, 0.90, 14589.12206
2016-05-17, 3, zhong_du, 59.75, 60.34, -0.36, 60.56, 60.56, 61.00, 59.66, 54326.43, 327224270, 0.72, 2.21, 0.82, 2613.67202
2016-05-18, 3, zhong_du, 59.74, 58.56, -2.95, 60.34, 59.79, 59.79, 58.11, 58725.86, 346260458, 0.78, 2.78, 0.89, 820.40286
2016-05-19, 2, qing_du, 59.74, 58.57, 0.02, 58.56, 58.92, 59.48, 58.44, 37542.17, 221050182, 0.50, 1.78, 0.59, 948.92812
2016-05-20, 2, qing_du, 59.73, 59.10, 0.90, 58.57, 58.30, 59.17, 57.99, 36587.36, 215447589, 0.48, 2.01, 0.67, 4595.4411
2016-05-23, 2, qing_du, 59.73, 59.43, 0.56, 59.10, 59.20, 60.21, 59.20, 51618.59, 307939030, 0.68, 1.71, 1.02, 804.63219
2016-05-24, 2, qing_du, 59.73, 59.23, -0.34, 59.43, 59.55, 60.16, 59.03, 62206.34, 370386513, 0.82, 1.90, 1.30, 5752.17199
2016-05-25, 2, qing_du, 59.73, 59.12, -0.19, 59.23, 59.76, 60.00, 59.01, 42040.15, 250309431, 0.56, 1.67, 0.88, 1566.40506
2016-05-26, 2, qing_du, 59.72, 58.77, -0.59, 59.12, 59.39, 59.72, 57.60, 57422.66, 334900615, 0.76, 3.59, 1.20, 7185.24408
2016-05-27, 1, wei_ruo, 59.71, 57.79, -1.67, 58.77, 58.60, 58.69, 57.60, 59010.42, 342420469, 0.78, 1.85, 1.24, 11824.16797
2016-05-30, 1, wei_ruo, 59.70, 57.92, 0.22, 57.79, 57.81, 58.36, 57.38, 42734.73, 248092652, 0.57, 1.70, 0.89, 550.9131
2016-05-31, 1, wei_ruo, 59.69, 59.80, 3.25, 57.92, 57.95, 59.95, 57.95, 87393.02, 517580084, 1.16, 3.45, 1.83, 2485.98099
2016-06-01, 1, wei_ruo, 59.69, 59.74, -0.10, 59.80, 59.89, 60.20, 59.56, 69499.04, 416050005, 0.92, 1.07, 1.46, 726.96304
2016-06-02, 1, wei_ruo, 59.69, 59.92, 0.30, 59.74, 59.84, 60.13, 59.00, 49215.05, 293575287, 0.65, 1.89, 1.03, 4682.09004
2016-06-03, 1, wei_ruo, 59.66, 60.00, 0.13, 59.92, 59.98, 60.44, 59.94, 62744.84, 377694622, 0.83, 0.83, 1.31, 11901.78394
2016-06-06, 1, wei_ruo, 59.67, 60.15, 0.25, 60.00, 60.45, 60.92, 59.78, 58724.78, 354139271, 0.78, 1.90, 1.23, 1362.95104
2016-06-07, 1, wei_ruo, 59.68, 61.26, 1.85, 60.15, 60.26, 61.98, 60.01, 89950.53, 549160777, 1.19, 3.28, 1.88, 6116.16182
2016-06-08, 1, wei_ruo, 59.69, 60.35, -1.49, 61.26, 61.27, 61.38, 60.00, 66884.07, 404215074, 0.88, 2.25, 1.40, 8855.39508
2016-06-13, 1, wei_ruo, 59.67, 57.44, -4.82, 60.35, 59.53, 60.00, 57.43, 106828.07, 625226935, 1.41, 4.26, 2.24, 2820.72091
2016-06-14, 1, wei_ruo, 59.65, 57.06, -0.66, 57.44, 57.06, 57.86, 56.82, 56651.08, 324573779, 0.75, 1.81, 1.19, 8897.0952
2016-06-15, 1, wei_ruo, 59.64, 59.14, 3.65, 57.06, 56.52, 59.89, 56.52, 112730.76, 662195152, 1.49, 5.91, 2.36, 14129.31204
2016-06-16, 1, wei_ruo, 59.63, 59.42, 0.47, 59.14, 58.73, 60.98, 58.07, 102583.29, 609670099, 1.36, 4.92, 2.15, 16415.89499
2016-06-17, 1, wei_ruo, 59.63, 59.21, -0.35, 59.42, 59.48, 60.34, 58.85, 67172.4, 400331848, 0.89, 2.51, 1.41, 2764.64891
2016-06-20, 1, wei_ruo, 59.63, 59.60, 0.66, 59.21, 59.51, 60.16, 59.28, 44497.36, 265601791, 0.59, 1.49, 0.93, 6042.33599
2016-06-21, 1, wei_ruo, 59.63, 59.39, -0.35, 59.60, 59.95, 60.60, 59.21, 98047.29, 589060148, 1.30, 2.33, 2.05, 5075.97995
2016-06-22, 1, wei_ruo, 59.66, 60.92, 2.58, 59.39, 60.42, 61.80, 60.15, 133208.45, 813809734, 1.76, 2.78, 2.79, 2479.75492
2016-06-23, 1, wei_ruo, 59.66, 60.03, -1.46, 60.92, 60.36, 60.99, 59.77, 65656.58, 395510310, 0.87, 2.00, 1.37, 819.95583
2016-06-24, 1, wei_ruo, 59.65, 59.11, -1.53, 60.03, 59.99, 60.49, 57.30, 82357.35, 487675523, 1.09, 5.31, 1.72, 812.89911
2016-06-27, 1, wei_ruo, 59.65, 59.67, 0.95, 59.11, 59.00, 59.94, 58.86, 47690.61, 283438849, 0.63, 1.83, 1.00, 786.55505
2016-06-28, 1, wei_ruo, 59.66, 60.30, 1.06, 59.67, 59.30, 60.40, 58.87, 70130.72, 417605439, 0.93, 2.56, 1.47, 1125.39697
2016-06-30, 2, qing_du, 59.67, 61.01, 1.01, 60.40, 60.45, 61.48, 60.03, 87859.76, 533814939, 1.10, 2.40, 1.84, 2797.13202
2016-07-01, 3, zhong_du, 59.69, 61.39, 0.62, 61.01, 60.98, 62.05, 60.46, 91117.74, 558680325, 1.14, 2.61, 1.91, 553.84803
2016-07-04, 3, zhong_du, 59.71, 61.45, 0.10, 61.39, 61.25, 61.93, 60.62, 82442.65, 505874249, 1.04, 2.13, 1.73, 2721.05908
2016-07-05, 3, zhong_du, 59.72, 60.80, -1.06, 61.45, 61.40, 61.56, 60.21, 91866.83, 557273868, 1.15, 2.20, 1.92, 2540.79509
2016-07-06, 3, zhong_du, 59.73, 60.82, 0.03, 60.80, 60.77, 61.20, 60.38, 49594.88, 301374688, 0.62, 1.35, 1.04, 4975.09789
2016-07-07, 3, zhong_du, 59.76, 61.93, 1.83, 60.82, 60.80, 62.53, 60.60, 123337.95, 763077232, 1.55, 3.17, 2.58, 2696.98596
2016-07-08, 3, zhong_du, 59.79, 62.19, 0.42, 61.93, 62.17, 63.09, 61.83, 91199.91, 568456831, 1.15, 2.03, 1.91, 18844.96117
2016-07-11, 4, gao_du, 59.81, 61.23, -1.54, 62.19, 62.59, 62.91, 61.15, 68910.37, 428221767, 0.87, 2.83, 1.44, 3177.76203
2016-07-12, 4, gao_du, 59.82, 61.08, -0.24, 61.23, 60.98, 61.47, 60.18, 87551.36, 532063042, 1.10, 2.11, 1.85, 25579.03695
2016-07-13, 3, zhong_du, 59.83, 60.93, -0.23, 61.07, 61.00, 61.12, 60.45, 89922.94, 546125761, 1.13, 1.10, 1.88, 16372.9229
2016-07-14, 3, zhong_du, 59.84, 61.20, 0.44, 60.93, 60.73, 61.36, 60.47, 70836.08, 431523271, 0.89, 1.46, 1.48, 2464.20312
2016-07-15, 3, zhong_du, 59.91, 62.99, 2.92, 61.20, 61.69, 64.18, 61.46, 191155.16, 1201518342, 2.40, 4.44, 4.00, 880.71489
2016-07-18, 3, zhong_du, 59.95, 62.65, -0.54, 62.99, 63.35, 63.88, 62.46, 98431.98, 620707254, 1.24, 2.25, 2.06, 6271.88015
2016-07-19, 4, gao_du, 59.97, 62.80, 0.24, 62.65, 62.76, 62.96, 62.18, 51609.45, 322840686, 0.65, 1.25, 1.08, 557.00707
2016-07-20, 4, gao_du, 59.97, 62.50, -0.48, 62.80, 62.81, 63.30, 62.50, 54593.47, 343176636, 0.69, 1.27, 1.14, 617.34104
2016-07-21, 4, gao_du, 60.01, 61.94, -0.90, 62.50, 62.65, 62.85, 61.81, 66111.99, 410895575, 0.83, 1.66, 1.38, 1930.61304
2016-07-22, 4, gao_du, 60.02, 61.50, -0.71, 61.94, 62.65, 62.80, 61.00, 76550.26, 472178972, 0.91, 2.91, 1.60, 4314.30888
2016-07-25, 4, gao_du, 60.03, 60.52, -1.59, 61.50, 61.50, 61.98, 60.31, 76704.06, 469124894, 0.91, 2.72, 1.61, 5999.17006
2016-07-26, 3, zhong_du, 60.04, 61.17, 1.07, 60.52, 60.90, 61.35, 60.59, 53647.39, 327261256, 0.64, 1.26, 1.12, 836.12704
2016-07-27, 3, zhong_du, 60.03, 59.38, -2.93, 61.17, 61.14, 61.14, 58.53, 100834.12, 603839091, 1.20, 4.27, 2.11, 4574.21088
2016-07-28, 3, zhong_du, 60.03, 59.75, 0.62, 59.38, 59.50, 60.32, 59.01, 52083.63, 310691717, 0.62, 2.21, 1.09, 674.18504
2016-07-29, 2, qing_du, 60.03, 59.35, -0.67, 59.75, 59.75, 60.25, 59.19, 37382.5, 222997048, 0.44, 1.77, 0.78, 14510.66494
2016-08-01, 2, qing_du, 60.03, 58.90, -0.76, 59.35, 59.36, 59.77, 58.70, 34770.49, 205289028, 0.41, 1.80, 0.73, 2644.47784
2016-08-02, 2, qing_du, 60.02, 58.96, 0.10, 58.90, 58.60, 59.09, 58.55, 38069.89, 223826937, 0.45, 0.92, 0.80, 15980.46398
2016-08-03, 2, qing_du, 60.02, 58.84, -0.20, 58.96, 58.96, 59.08, 58.64, 26517.9, 155989734, 0.32, 0.75, 0.60, 1561.96094
2016-08-04, 2, qing_du, 60.01, 59.08, 0.41, 58.84, 58.87, 59.17, 58.70, 31541.62, 185958652, 0.38, 0.80, 0.83, 14270.03193
2016-08-05, 1, wei_ruo, 60.01, 58.77, -0.52, 59.08, 59.09, 59.50, 58.72, 42907.14, 253389435, 0.51, 1.32, 1.17, 476.76206
2016-08-08, 1, wei_ruo, 60.00, 58.91, 0.24, 58.77, 58.83, 58.98, 58.07, 38192.99, 223518508, 0.45, 1.55, 1.00, 817.729
2016-08-09, 1, wei_ruo, 60.00, 59.15, 0.41, 58.91, 58.95, 59.19, 58.55, 47191.54, 277422411, 0.56, 1.09, 1.33, 4446.81501
2016-08-10, 1, wei_ruo, 59.99, 58.86, -0.49, 59.15, 59.16, 59.47, 58.76, 33424.22, 197408739, 0.40, 1.20, 0.90, 488.27696
2016-08-11, 1, wei_ruo, 59.99, 58.60, -0.49, 58.89, 58.88, 59.39, 58.59, 48134.53, 284372939, 0.57, 1.36, 1.24, 2412.34899
2016-08-15, 1, wei_ruo, 59.98, 60.07, 1.35, 59.27, 59.49, 60.60, 59.00, 96417.72, 577711483, 1.15, 2.70, 2.19, 582.09109
2016-08-16, 1, wei_ruo, 59.98, 59.92, -0.25, 60.07, 60.20, 60.35, 59.80, 78102.69, 468587339, 0.93, 0.92, 1.40, 638.38911
2016-08-17, 1, wei_ruo, 59.99, 60.72, 1.34, 59.92, 60.00, 61.20, 60.00, 87137.95, 529854428, 1.04, 2.00, 1.41, 14570.55902
2016-08-18, 1, wei_ruo, 59.99, 60.06, -1.09, 60.72, 60.70, 60.70, 59.94, 59420.44, 358107544, 0.71, 1.25, 0.82, 14284.94811
2016-08-19, 2, qing_du, 59.99, 59.83, -0.38, 60.06, 60.00, 60.18, 59.65, 36827.35, 220329641, 0.44, 0.88, 0.50, 2474.14303
2016-08-22, 1, wei_ruo, 59.98, 58.68, -1.97, 59.86, 59.89, 60.10, 58.63, 63053.16, 373599834, 0.75, 2.46, 0.88, 445.81389
2016-08-23, 1, wei_ruo, 59.98, 58.91, 0.39, 58.68, 58.96, 59.06, 58.56, 34301.08, 201622136, 0.41, 0.85, 0.53, 571.99621
2016-08-24, 1, wei_ruo, 59.97, 59.08, 0.29, 58.91, 59.00, 59.17, 58.78, 30160.19, 178000925, 0.36, 0.66, 0.54, 768.30816
2016-08-25, 1, wei_ruo, 59.96, 58.20, -1.49, 59.08, 58.96, 58.96, 57.63, 65348.26, 380306844, 0.78, 2.25, 1.45, 431.66304
2016-08-26, 1, wei_ruo, 59.95, 58.35, 0.26, 58.20, 58.50, 58.50, 58.00, 44163.57, 257151342, 0.53, 0.86, 0.95, 481.88496
2016-08-29, 1, wei_ruo, 59.94, 58.29, -0.10, 58.35, 58.85, 59.13, 58.15, 67373.27, 393911988, 0.80, 1.68, 1.42, 631.76489
2016-08-30, 1, wei_ruo, 59.93, 58.47, 0.31, 58.29, 58.40, 58.54, 58.15, 39551.93, 230860856, 0.47, 0.67, 0.82, 1604.98714
2016-08-31, 1, wei_ruo, 59.93, 58.29, -0.31, 58.47, 58.63, 58.64, 58.25, 5786.68, 33816978, 0.07, 0.67, 0.65, 496.84715
2016-09-01, 1, wei_ruo, 59.92, 58.46, -0.15, 58.55, 58.65, 58.72, 58.45, 31025.06, 181784406, 0.37, 0.46, 0.63, 511.92808
2016-09-02, 1, wei_ruo, 59.92, 57.86, -1.03, 58.46, 58.45, 58.45, 57.80, 44156.33, 256123333, 0.53, 1.11, 0.90, 632.28416
2016-09-05, 1, wei_ruo, 59.92, 58.29, -0.31, 58.47, 58.63, 58.64, 58.25, 5786.68, 33816978, 0.07, 0.67, 0.65, 589.69688
2016-09-06, 1, wei_ruo, 59.92, 59.51, 2.75, 57.92, 58.12, 59.52, 57.78, 84732.65, 500155302, 1.01, 3.00, 1.73, 3853.59406
2016-09-07, 1, wei_ruo, 59.92, 58.29, -0.31, 58.47, 58.63, 58.64, 58.25, 5786.68, 33816978, 0.07, 0.67, 0.65, 2543.67685
2016-09-08, 1, wei_ruo, 59.92, 58.90, -0.12, 58.97, 58.98, 59.25, 58.75, 32724.36, 192775711, 0.39, 0.85, 0.67, 636.44409
2016-09-09, 1, wei_ruo, 59.92, 58.29, -0.31, 58.47, 58.63, 58.64, 58.25, 5786.68, 33816978, 0.07, 0.67, 0.65, 792.11903
2016-09-12, 1, wei_ruo, 59.92, 58.29, -0.31, 58.47, 58.63, 58.64, 58.25, 5786.68, 33816978, 0.07, 0.67, 0.65, 838.75608
2016-09-13, 1, wei_ruo, 59.92, 57.02, -1.13, 57.67, 58.00, 58.10, 56.80, 67381.3, 385278788, 0.80, 2.25, 1.38, 3720.73889
2016-09-14, 1, wei_ruo, 59.92, 56.01, -1.77, 57.02, 57.00, 57.00, 56.00, 61515.39, 346762077, 0.73, 1.75, 1.26, 2630.01394
2016-09-19, 1, wei_ruo, 59.92, 56.67, 1.18, 56.01, 56.09, 56.92, 56.09, 40729.24, 230788233, 0.48, 1.48, 0.84, 2003.02005
2016-09-20, 1, wei_ruo, 59.92, 56.31, -0.65, 56.68, 56.85, 57.05, 56.12, 30931.48, 174746978, 0.37, 1.64, 0.63, 6554.69704
2016-09-21, 1, wei_ruo, 59.92, 56.75, 0.78, 56.31, 56.52, 56.93, 56.17, 31946.48, 180758690, 0.38, 1.35, 0.65, 1915.94887
2016-09-22, 1, wei_ruo, 59.92, 57.10, 0.62, 56.75, 56.90, 57.18, 56.81, 46557.86, 265300784, 0.55, 0.65, 0.95, 2421.15998
2016-09-23, 1, wei_ruo, 59.92, 56.98, -0.21, 57.10, 57.15, 57.20, 56.82, 26657.45, 151898788, 0.32, 0.67, 0.55, 678.334
2016-09-26, 1, wei_ruo, 59.92, 55.40, -2.77, 56.98, 56.98, 57.01, 55.16, 50539.71, 283005016, 0.60, 3.25, 1.03, 1707.26919
2016-09-27, 1, wei_ruo, 59.92, 55.44, 0.07, 55.40, 55.33, 55.73, 55.08, 31539.43, 174990754, 0.38, 1.17, 0.65, 617.74302
2016-09-28, 1, wei_ruo, 59.92, 55.33, -0.20, 55.44, 55.71, 55.71, 55.30, 21689.78, 120304811, 0.26, 0.74, 0.44, 679.12602
2016-09-29, 1, wei_ruo, 59.92, 55.21, -0.22, 55.33, 55.49, 55.75, 54.99, 36813.61, 204100747, 0.44, 1.37, 0.75, 9075.32811
2016-09-30, 1, wei_ruo, 59.92, 55.59, 0.69, 55.21, 55.15, 55.76, 55.01, 30346.71, 168334939, 0.36, 1.36, 0.62, 2651.55697
2016-10-10, 1, wei_ruo, 59.92, 56.80, 2.18, 55.59, 55.91, 56.87, 55.91, 44047.87, 248043570, 0.52, 1.73, 0.90, 654.59704
2016-10-11, 1, wei_ruo, 59.92, 57.89, 1.92, 56.80, 56.88, 58.35, 56.60, 90887.48, 524781048, 1.08, 3.08, 1.86, 4881.2089
2016-10-12, 1, wei_ruo, 59.92, 57.54, -0.60, 57.89, 57.85, 57.95, 57.18, 48286.24, 277516431, 0.57, 1.33, 0.99, 460.93702
2016-10-13, 1, wei_ruo, 59.92, 57.31, -0.40, 57.54, 57.60, 58.22, 57.16, 44595.53, 256548468, 0.53, 1.84, 0.91, 13336.83491
2016-10-14, 1, wei_ruo, 59.60, 57.27, -0.07, 57.31, 57.46, 57.75, 56.65, 36706.02, 209800415, 0.44, 1.92, 0.75, 6215.05904
2016-10-17, 1, wei_ruo, 59.59, 56.78, -0.86, 57.27, 57.35, 57.65, 56.63, 44795.83, 256419572, 0.53, 1.78, 0.92, 1606.05693
2016-10-18, 1, wei_ruo, 59.58, 57.48, 0.37, 57.27, 57.35, 57.65, 57.22, 21242.68, 121998342, 0.25, 0.75, 0.87, 498.92211
2016-10-19, 1, wei_ruo, 59.57, , , , , , , , , , , , 493.23702
2016-10-20, 1, wei_ruo, 59.55, 56.83, -0.37, 57.04, 57.06, 57.23, 56.70, 36276.99, 206278674, 0.43, 0.93, 0.82, 635.67901
2016-10-21, 1, wei_ruo, 59.54, 56.51, -0.56, 56.83, 56.82, 56.97, 56.16, 32391.74, 183130727, 0.39, 1.43, 0.85, 12489.18319
2016-10-24, 1, wei_ruo, 59.53, 56.96, 0.80, 56.51, 56.89, 57.49, 56.50, 54830.39, 312442692, 0.65, 1.75, 1.51, 2173.70319
2016-10-25, 1, wei_ruo, 59.51, 56.89, -0.12, 56.96, 56.88, 57.22, 56.70, 34379.16, 195725172, 0.41, 0.91, 0.94, 4806.81086
2016-10-26, 1, wei_ruo, 59.51, 56.53, -0.63, 56.89, 56.89, 57.10, 56.46, 29261.51, 165646078, 0.35, 1.12, 0.80, 497.7212
2016-10-27, 1, wei_ruo, 59.50, 56.57, 0.07, 56.53, 56.58, 56.93, 56.43, 26079.25, 147621495, 0.31, 0.88, 0.72, 740.89098
2016-10-28, 1, wei_ruo, 59.48, 56.26, -0.60, 56.60, 56.63, 56.79, 56.20, 30203.06, 170258230, 0.36, 1.04, 0.82, 2659.29484
2016-10-31, 1, wei_ruo, 59.47, 56.16, -0.18, 56.26, 56.39, 56.58, 55.88, 32511.87, 182471961, 0.39, 1.24, 0.89, 571.68579
2016-11-01, 1, wei_ruo, 59.46, 56.38, 0.39, 56.16, 56.17, 56.50, 55.95, 26959.77, 151548237, 0.32, 0.98, 0.74, 2539.75511
2016-11-02, 1, wei_ruo, 59.45, 56.47, 0.16, 56.38, 56.60, 56.65, 56.24, 32299.22, 182371233, 0.38, 0.73, 0.89, 463.84811
2016-11-03, 1, wei_ruo, 59.43, 56.00, -0.81, 56.46, 56.46, 56.53, 55.42, 55170.45, 308743286, 0.66, 1.97, 1.51, 513.09395
2016-11-04, 1, wei_ruo, 59.40, 55.35, -1.16, 56.00, 55.95, 55.95, 55.27, 48038.85, 267095211, 0.57, 1.21, 1.32, 472.39995
2016-11-07, 1, wei_ruo, 59.39, 55.51, 0.29, 55.35, 55.39, 55.94, 55.36, 37743.28, 210070584, 0.45, 1.05, 1.04, 679.93402
2016-11-08, 1, wei_ruo, 59.37, 55.65, 0.25, 55.51, 55.65, 55.99, 55.53, 32857.31, 183180725, 0.39, 0.83, 0.90, 424.40391
2016-11-09, 1, wei_ruo, 59.34, 55.09, -1.01, 55.65, 55.68, 55.80, 54.50, 67007.94, 369081095, 0.80, 2.34, 1.83, 737.15997
2016-11-10, 1, wei_ruo, 59.32, 55.34, 0.45, 55.09, 55.49, 55.63, 55.20, 34886.44, 193156456, 0.42, 0.78, 0.96, 709.31196
2016-11-11, 1, wei_ruo, 59.30, 55.15, -0.34, 55.34, 55.00, 55.36, 54.75, 54404.72, 298972051, 0.65, 1.10, 1.48, 765.28287
2016-11-14, 1, wei_ruo, 59.27, 55.49, 0.62, 55.15, 55.20, 55.85, 55.18, 50398.77, 279989900, 0.60, 1.21, 1.39, 946.83409
2016-11-15, 1, wei_ruo, 59.26, 55.61, 0.22, 55.49, 55.40, 55.77, 55.31, 30150.7, 167289579, 0.36, 0.83, 0.83, 563.48491
2016-11-16, 1, wei_ruo, 59.24, 55.42, -0.13, 55.49, 55.40, 55.77, 55.31, 17617.23, 97769787, 0.21, 0.83, 0.96, 464.44702
2016-11-17, 1, wei_ruo, 59.23, 55.75, 0.27, 55.60, 55.79, 55.88, 55.63, 21161.62, 117938839, 0.25, 0.45, 1.15, 553.66111
2016-11-18, 1, wei_ruo, 59.22, 55.42, -0.13, 55.49, 55.40, 55.77, 55.31, 17617.23, 97769787, 0.21, 0.83, 0.96, 1993.54386
2016-11-21, 1, wei_ruo, 59.20, 55.15, -0.24, 55.28, 55.29, 55.60, 55.00, 37008.37, 204459879, 0.44, 1.09, 1.01, 305.61304
2016-11-22, 1, wei_ruo, 59.18, 55.24, 0.16, 55.15, 55.11, 55.31, 54.99, 33004.78, 181922927, 0.39, 0.58, 0.90, 819.50307
2016-11-23, 1, wei_ruo, 59.14, 56.54, 2.35, 55.24, 55.40, 56.99, 55.40, 121458.95, 686200350, 1.45, 2.88, 3.34, 506.41203
2016-11-24, 1, wei_ruo, 59.11, 55.76, -1.34, 56.52, 56.30, 56.39, 55.50, 64209.5, 359259125, 0.76, 1.57, 1.77, 503.86691
2016-11-25, 1, wei_ruo, 59.09, 55.39, -0.54, 55.69, 55.75, 55.90, 54.87, 44764.35, 247398627, 0.53, 1.85, 1.24, 596.83704
2016-11-28, 1, wei_ruo, 59.07, 55.62, 0.42, 55.39, 55.59, 55.93, 55.20, 63957.87, 355182951, 0.76, 1.32, 1.76, 482.6169
2016-11-29, 1, wei_ruo, 59.04, 55.58, -0.09, 55.63, 55.63, 56.32, 55.21, 59207.92, 329736296, 0.70, 2.00, 1.62, 376.83201
2016-11-30, 1, wei_ruo, 59.03, 55.31, -0.49, 55.58, 55.30, 55.80, 55.20, 36316.17, 201070984, 0.43, 1.08, 1.00, 438.50899
2016-12-01, 1, wei_ruo, 59.01, 55.30, -0.05, 55.33, 55.32, 55.73, 55.13, 41912.87, 232043879, 0.50, 1.08, 1.14, 393.52703
2016-12-02, 1, wei_ruo, 58.98, 54.75, -0.99, 55.30, 55.20, 55.45, 54.51, 51678.38, 283610543, 0.61, 1.70, 1.41, 4565.88411
2016-12-05, 1, wei_ruo, 58.94, 53.67, -1.97, 54.75, 54.63, 54.88, 53.57, 72361.61, 391940778, 0.86, 2.39, 1.97, 670.90106
2016-12-06, 1, wei_ruo, 58.90, 53.12, -1.02, 53.67, 53.79, 54.00, 53.00, 67613.13, 359844490, 0.80, 1.86, 1.84, 1136.38783
2016-12-07, 1, wei_ruo, 58.84, 52.95, -0.32, 53.12, 53.16, 53.33, 52.25, 71874.21, 378551292, 0.86, 2.03, 1.98, 475.78192
2016-12-08, 1, wei_ruo, 58.82, 53.03, 0.08, 52.99, 52.99, 53.49, 52.80, 39496.26, 209985572, 0.47, 1.30, 1.08, 489.13789
2016-12-09, 1, wei_ruo, 58.79, 52.75, -0.53, 53.03, 53.04, 53.09, 52.51, 38089.04, 200980215, 0.45, 1.09, 1.04, 631.09016
2016-12-12, 1, wei_ruo, 58.70, 49.82, -5.55, 52.75, 52.73, 53.07, 49.54, 90405.89, 464114062, 1.08, 6.69, 2.47, 471.25697
2016-12-13, 1, wei_ruo, 58.21, 50.31, 1.74, 49.45, 49.60, 50.69, 49.51, 54447.62, 273464823, 0.65, 2.39, 1.49, 855.05486
2016-12-14, 1, wei_ruo, 58.16, 49.10, -2.41, 50.31, 50.49, 50.59, 49.00, 55462.29, 275447370, 0.66, 3.16, 1.51, 439.88013
2016-12-15, 1, wei_ruo, 58.11, 49.48, 0.77, 49.10, 49.00, 49.78, 48.91, 39346.58, 194498140, 0.47, 1.77, 1.07, 480.69
2016-12-16, 1, wei_ruo, 58.06, 51.10, 3.27, 49.48, 49.75, 51.10, 49.75, 61736.28, 311817046, 0.73, 2.73, 1.68, 491.21594
2016-12-19, 1, wei_ruo, 58.03, 50.40, -1.37, 51.10, 51.30, 51.48, 50.28, 36896.05, 186863667, 0.44, 2.35, 1.01, 718.83488
2016-12-20, 1, wei_ruo, 58.00, 50.40, 0.00, 50.40, 50.41, 50.81, 50.15, 28475.38, 143523910, 0.34, 1.31, 0.78, 475.82078
2016-12-21, 1, wei_ruo, 57.98, 50.75, 0.69, 50.40, 50.79, 51.20, 50.52, 27339.25, 138989740, 0.33, 1.35, 0.75, 521.09694
2016-12-22, 1, wei_ruo, 57.94, 51.38, 1.24, 50.75, 50.85, 51.60, 50.31, 46788.25, 238670699, 0.56, 2.54, 1.28, 544.57808
2016-12-23, 1, wei_ruo, 57.90, 50.18, -2.34, 51.38, 51.44, 51.45, 50.11, 41228, 208839146, 0.49, 2.61, 1.12, 429.11887
2016-12-26, 1, wei_ruo, 57.87, 50.15, -0.06, 50.18, 50.00, 50.23, 49.21, 38240.56, 189851066, 0.46, 2.03, 1.04, 652.04
2016-12-27, 1, wei_ruo, 57.83, 49.45, -1.40, 50.15, 50.15, 50.17, 49.45, 41945.51, 209496702, 0.50, 1.44, 1.14, 528.01204
2016-12-28, 1, wei_ruo, 57.80, 49.30, -0.30, 49.45, 49.51, 49.94, 49.19, 27180.67, 134413292, 0.32, 1.52, 0.74, 506.34503
2016-12-30, 1, wei_ruo, 57.75, 49.68, 0.67, 49.35, 49.55, 49.79, 49.40, 20886.73, 103682417, 0.25, 0.79, 0.57, 586.13801
2017-01-03, 1, wei_ruo, 57.71, 49.68, 0.67, 49.35, 49.55, 49.79, 49.40, 20886.73, 103682417, 0.25, 0.79, 0.57, 4558.8131
2017-01-04, 1, wei_ruo, 57.65, 50.80, 1.95, 49.83, 49.90, 50.98, 49.71, 76201.68, 384790064, 0.91, 2.55, 2.08, 762.7511
2017-01-05, 1, wei_ruo, 57.61, 50.43, -0.73, 50.80, 50.81, 50.85, 50.38, 39917.26, 201824020, 0.47, 0.93, 1.09, 585.87885
2017-01-06, 1, wei_ruo, 57.57, 49.80, -1.25, 50.43, 50.44, 50.60, 49.80, 42153.6, 211167708, 0.50, 1.59, 1.15, 759.35912
2017-01-09, 1, wei_ruo, 57.55, 49.91, 0.22, 49.80, 49.85, 50.12, 49.71, 32204.73, 160778323, 0.38, 0.82, 0.88, 2534.88803
2017-01-10, 1, wei_ruo, 57.52, 49.72, -0.38, 49.91, 49.97, 50.05, 49.40, 15903.19, 79129106, 0.19, 1.30, 0.87, 544.91901
2017-01-11, 1, wei_ruo, 57.49, 49.43, -0.44, 49.65, 49.65, 49.81, 49.36, 23978.51, 118771245, 0.29, 0.91, 0.65, 619.766
2017-01-13, 1, wei_ruo, 57.43, 49.72, -0.38, 49.91, 49.97, 50.05, 49.40, 15903.19, 79129106, 0.19, 1.30, 0.87, 1536.93795
2017-01-16, 1, wei_ruo, 57.38, 47.76, -2.35, 48.91, 48.91, 49.15, 46.50, 44753.74, 215981347, 0.53, 5.42, 1.22, 2543.4649
2017-01-17, 1, wei_ruo, 57.35, 48.20, 0.92, 47.76, 47.98, 48.44, 47.60, 27794.17, 133517237, 0.33, 1.76, 0.76, 646.88802
2017-01-18, 1, wei_ruo, 57.32, 49.72, -0.38, 49.91, 49.97, 50.05, 49.40, 15903.19, 79129106, 0.19, 1.30, 0.87, 4417.629
2017-02-07, 1, wei_ruo, 57.02, 48.79, -1.11, 49.34, 49.34, 49.35, 48.66, 22637.63, 110642845, 0.27, 1.40, 1.43, 621.46592
2017-02-08, 1, wei_ruo, 56.95, 50.50, 2.35, 49.34, 49.34, 50.80, 48.66, 74522.34, 368336379, 0.89, 4.34, 2.03, 2598.36006
2017-02-09, 1, wei_ruo, 56.90, 50.00, -0.99, 50.50, 50.45, 50.46, 49.93, 56567.97, 283799443, 0.67, 1.05, 1.98, 505.99003
2017-02-10, 2, qing_du, 56.86, 49.63, -0.70, 49.98, 50.12, 50.20, 49.51, 48338.99, 240664688, 0.58, 1.38, 1.32, 4754.40407
2017-02-13, 2, qing_du, 56.81, 49.73, 0.20, 49.63, 49.63, 50.18, 49.32, 50190.77, 250044339, 0.60, 1.73, 1.37, 4791.95881
2017-02-14, 2, qing_du, 56.78, 49.54, -0.38, 49.73, 49.80, 49.98, 49.40, 42461.66, 210712341, 0.51, 1.17, 1.16, 654.41704
2017-02-16, 1, wei_ruo, 56.68, 48.90, 0.31, 48.75, 48.96, 49.36, 48.65, 36928.81, 180934600, 0.44, 1.46, 1.01, 2780.84183
2017-02-17, 1, wei_ruo, 56.64, 48.56, -0.70, 48.90, 48.91, 49.20, 48.48, 38078.38, 185633830, 0.45, 1.47, 1.04, 515.05494
2017-02-20, 1, wei_ruo, 56.61, 49.16, 1.24, 48.56, 48.58, 49.28, 48.58, 36633.34, 179319037, 0.44, 1.44, 1.00, 2594.30099
2017-02-21, 1, wei_ruo, 56.52, 50.04, 1.79, 49.16, 49.33, 50.26, 49.32, 107344.19, 536939621, 1.28, 1.91, 2.93, 766.1581
2017-02-22, 2, qing_du, 56.48, 49.97, -0.14, 50.04, 50.19, 50.22, 49.76, 48579.59, 242490259, 0.58, 0.92, 1.33, 4652.45295
2017-02-23, 3, zhong_du, 56.44, 50.31, 0.68, 49.97, 50.10, 50.40, 49.77, 58000.03, 290350835, 0.69, 1.26, 1.58, 4790.95483
2017-02-24, 3, zhong_du, 56.41, 50.22, -0.18, 50.31, 50.23, 50.30, 49.90, 34802.5, 174310518, 0.41, 0.80, 0.95, 787.20284
2017-02-27, 3, zhong_du, 56.34, 50.27, 0.10, 50.22, 50.52, 51.52, 50.19, 101589.85, 517619636, 1.21, 2.65, 2.77, 2607.409
2017-02-28, 3, zhong_du, 56.31, 50.05, -0.52, 50.31, 50.23, 50.30, 49.90, 12925.16, 64699218, 0.15, 0.80, 1.92, 520.02096
2017-03-01, 3, zhong_du, 56.27, 50.19, 0.16, 50.11, 50.09, 50.49, 49.91, 50052.68, 251094394, 0.60, 1.16, 1.37, 854.06208
2017-03-02, 3, zhong_du, 56.24, 49.75, -0.88, 50.19, 50.35, 50.50, 49.74, 46598.15, 232762852, 0.55, 1.51, 1.27, 1144.67287
2017-03-03, 3, zhong_du, 56.16, 51.01, 2.53, 49.75, 49.75, 51.09, 49.68, 115375.4, 583642782, 1.37, 2.83, 3.15, 245093.45603
2017-03-06, 3, zhong_du, 56.11, 50.90, -0.22, 51.01, 51.59, 51.59, 50.58, 75697.96, 385768331, 0.90, 1.98, 2.07, 60314.97097
2017-03-08, 4, gao_du, 56.05, 50.84, -0.31, 51.00, 51.05, 51.36, 50.80, 52024.05, 265455138, 0.62, 1.10, 1.42, 820.64104
2017-03-09, 4, gao_du, 56.02, 50.17, -1.32, 50.84, 50.80, 50.83, 50.10, 47188.61, 237145109, 0.56, 1.44, 1.29, 732.68104
2017-03-10, 4, gao_du, 55.98, 50.19, 0.04, 50.17, 50.12, 50.58, 49.91, 51983.85, 260642993, 0.62, 1.34, 1.42, 560.08506
2017-03-13, 4, gao_du, 55.93, 49.84, -0.70, 50.19, 49.98, 49.98, 49.07, 64984.39, 323000221, 0.77, 1.81, 1.77, 2613.40308
2017-03-14, 3, zhong_du, 55.90, 49.76, -0.16, 49.84, 49.88, 50.21, 49.61, 42289.93, 210950303, 0.50, 1.20, 1.15, 2592.29684
2017-03-15, 3, zhong_du, 55.87, 49.47, -0.58, 49.76, 49.90, 49.90, 49.00, 37819.02, 187281185, 0.45, 1.81, 1.03, 2515.54108
2017-03-16, 3, zhong_du, 55.84, 50.02, 1.11, 49.47, 49.75, 50.16, 49.69, 49327.68, 246285783, 0.59, 0.95, 1.35, 624.614
2017-03-17, 3, zhong_du, 55.80, 49.49, -1.06, 50.02, 50.15, 50.28, 49.48, 57737.3, 288105663, 0.69, 1.60, 1.58, 612.90312
2017-03-20, 2, qing_du, 55.76, 49.19, -0.61, 49.49, 49.45, 49.45, 48.98, 52836.84, 259912157, 0.63, 0.95, 1.44, 598.95301
2017-03-21, 2, qing_du, 55.73, 49.30, 0.22, 49.19, 49.20, 49.39, 49.06, 38819.54, 191104216, 0.46, 0.67, 1.06, 611.39202
2017-03-22, 2, qing_du, 55.70, 48.90, -0.81, 49.30, 49.20, 49.23, 48.80, 39045.07, 191186268, 0.46, 0.87, 1.07, 563.3378
2017-03-23, 2, qing_du, 55.65, 49.45, 1.12, 48.90, 48.93, 49.77, 48.93, 55821.1, 275918231, 0.66, 1.72, 1.52, 688.29799
2017-03-24, 2, qing_du, 55.62, 49.65, 0.40, 49.45, 49.82, 49.84, 49.38, 41430.71, 205578832, 0.49, 0.93, 1.13, 608.69098
2017-03-27, 2, qing_du, 55.60, 49.60, -0.10, 49.65, 49.80, 50.25, 49.52, 36709.93, 182935046, 0.44, 1.47, 1.00, 664.51907
2017-03-28, 2, qing_du, 55.57, 49.90, 0.60, 49.60, 49.73, 49.99, 49.62, 39118.1, 194960714, 0.47, 0.75, 1.07, 979.4879
2017-03-29, 2, qing_du, 55.50, 48.80, -2.20, 49.90, 49.01, 49.30, 48.50, 85814.36, 419686960, 1.01, 1.60, 2.34, 607.71012
2017-03-30, 1, wei_ruo, 55.44, 47.82, -2.01, 48.80, 48.77, 48.78, 47.68, 67797.89, 325765500, 0.80, 2.25, 1.85, 641.73007
2017-03-31, 1, wei_ruo, 55.40, 48.02, 0.42, 47.82, 47.82, 48.29, 47.80, 45984.39, 221134026, 0.54, 1.02, 1.25, 575.53887
2017-04-05, 1, wei_ruo, 55.35, 49.40, 2.87, 48.02, 48.63, 49.67, 48.63, 76000.65, 374764331, 0.89, 2.17, 2.07, 625.35596
2017-04-06, 1, wei_ruo, 55.31, 49.48, 0.16, 49.40, 49.45, 49.97, 49.01, 51305.52, 254071603, 0.60, 1.94, 1.40, 2628.26395
2017-04-07, 1, wei_ruo, 55.28, 49.60, 0.24, 49.48, 49.50, 49.81, 49.40, 43523.97, 216135567, 0.51, 0.83, 1.19, 629.92311
2017-04-10, 2, qing_du, 55.26, 49.65, 0.10, 49.60, 49.62, 50.12, 49.29, 43366.03, 215230591, 0.51, 1.67, 1.18, 611.80305
2017-04-11, 3, zhong_du, 55.17, 53.01, 6.77, 49.65, 49.85, 54.43, 49.80, 262271.6, 1385995586, 3.09, 9.33, 7.16, 579.39196
2017-04-12, 3, zhong_du, 55.14, 52.98, -0.06, 53.01, 52.79, 53.48, 52.03, 115414.61, 609650831, 1.36, 2.74, 3.15, 590.50918
2017-04-13, 3, zhong_du, 55.12, 52.45, -1.00, 52.98, 52.50, 52.98, 51.98, 59102.78, 309646888, 0.70, 1.89, 1.61, 663.54799
2017-04-14, 3, zhong_du, 55.09, 51.35, -2.10, 52.45, 52.44, 52.48, 51.30, 68709.91, 355954003, 0.81, 2.25, 1.87, 619.12298
2017-04-17, 3, zhong_du, 55.07, 51.38, 0.06, 51.35, 51.03, 51.70, 50.72, 46220.74, 236677849, 0.54, 1.91, 1.26, 788.30004
2017-04-18, 3, zhong_du, 55.04, 51.60, 0.43, 51.38, 51.99, 52.45, 51.52, 67517.43, 351262632, 0.79, 1.81, 1.84, 574.80407
2017-04-19, 3, zhong_du, 55.01, 51.26, -0.66, 51.60, 51.58, 52.08, 50.35, 68488.41, 350341676, 0.81, 3.35, 1.87, 547.84608
2017-04-20, 3, zhong_du, 54.99, 51.95, 1.35, 51.26, 51.30, 51.95, 50.40, 58608.07, 299802634, 0.69, 3.02, 1.60, 539.13999
2017-04-21, 3, zhong_du, 54.97, 51.97, 0.04, 51.95, 51.96, 52.72, 51.75, 66685.47, 348116553, 0.78, 1.87, 1.82, 534.95097
2017-04-24, 3, zhong_du, 54.94, 50.84, -2.17, 51.97, 51.96, 52.49, 50.75, 58738.25, 302580818, 0.69, 3.35, 1.60, 500.97108
2017-04-25, 3, zhong_du, 54.92, 51.18, 0.67, 50.84, 51.00, 51.46, 50.66, 43369.28, 221889095, 0.51, 1.57, 1.18, 795.81308
2017-04-26, 3, zhong_du, 54.89, 52.52, 2.62, 51.18, 51.36, 52.97, 51.18, 90525.42, 473902069, 1.07, 3.50, 2.47, 834.52892
2017-04-27, 3, zhong_du, 54.87, 52.09, -0.82, 52.52, 52.47, 52.47, 51.51, 59489.51, 308908019, 0.70, 1.83, 1.62, 635.89406
2017-04-28, 3, zhong_du, 54.85, 51.88, -0.40, 52.09, 51.99, 52.60, 51.00, 61988.55, 320502395, 0.73, 3.07, 1.69, 571.03705
2017-05-02, 3, zhong_du, 54.79, 49.70, -4.20, 51.88, 51.15, 51.35, 49.54, 109293.11, 548737552, 1.29, 3.49, 2.98, 599.61081
2017-05-03, 2, qing_du, 54.74, 48.80, -1.81, 49.70, 49.50, 49.60, 48.53, 69198.61, 338392883, 0.81, 2.15, 1.89, 660.85887
2017-05-04, 1, wei_ruo, 54.72, 48.71, -0.18, 48.80, 48.82, 49.27, 48.58, 38077.65, 186105336, 0.45, 1.41, 1.04, 545.3279
2017-05-05, 1, wei_ruo, 54.69, 48.34, -0.76, 48.71, 48.70, 48.95, 48.30, 32300.5, 156745227, 0.38, 1.33, 0.88, 672.6892
2017-05-11, 1, wei_ruo, 54.57, 47.83, -0.35, 48.00, 48.00, 48.10, 46.57, 62121.3, 294299915, 0.73, 3.19, 1.69, 781.69298
2017-05-12, 1, wei_ruo, 54.55, 48.03, 0.42, 47.83, 47.84, 48.11, 47.50, 29961.46, 143557521, 0.35, 1.28, 0.82, 554.63505
2017-05-15, 1, wei_ruo, 54.53, 47.93, -0.21, 48.03, 48.24, 48.48, 47.91, 19021.81, 91739726, 0.22, 1.19, 0.52, 539.82306
2017-05-17, 1, wei_ruo, 54.48, 48.86, 0.43, 48.65, 48.65, 49.55, 48.57, 42441.65, 208618072, 0.50, 2.01, 1.16, 636.4212
2017-05-18, 1, wei_ruo, 54.47, 48.37, -1.00, 48.86, 48.50, 49.13, 48.33, 20725.72, 100790588, 0.24, 1.64, 0.57, 551.25999
2017-05-19, 1, wei_ruo, 54.45, 48.55, 0.37, 48.37, 48.45, 48.74, 48.20, 23363.25, 113239155, 0.27, 1.12, 0.64, 583.42099
2017-05-22, 1, wei_ruo, 54.44, 48.39, -0.33, 48.55, 48.55, 48.86, 47.93, 24705.02, 119675389, 0.29, 1.92, 0.67, 593.88113
2017-05-23, 1, wei_ruo, 54.40, 48.79, 0.83, 48.39, 48.39, 48.91, 47.45, 45473, 219324651, 0.54, 3.02, 1.24, 794.82913
2017-05-24, 1, wei_ruo, 54.38, 48.80, 0.02, 48.79, 48.60, 48.95, 48.00, 32911.26, 160081851, 0.39, 1.95, 0.90, 653.12982
2017-05-25, 1, wei_ruo, 54.36, 48.75, -0.10, 48.80, 48.80, 48.88, 48.20, 33790.34, 163972122, 0.40, 1.39, 0.92, 668.20312
2017-05-26, 1, wei_ruo, 54.33, 49.11, 0.74, 48.75, 48.85, 49.26, 48.76, 40699.14, 199387274, 0.48, 1.03, 1.11, 634.88007
2017-05-31, 1, wei_ruo, 54.30, 49.85, 1.51, 49.11, 49.38, 50.00, 49.30, 55752.94, 276534555, 0.66, 1.43, 1.52, 604.31099
2017-06-01, 1, wei_ruo, 54.28, 49.33, -1.04, 49.85, 49.85, 50.07, 49.01, 38640.48, 191414290, 0.45, 2.13, 1.05, 627.18916
2017-06-02, 1, wei_ruo, 54.26, 49.44, 0.22, 49.33, 49.39, 49.70, 48.80, 25275.36, 124282022, 0.30, 1.82, 0.69, 4743.34812
2017-06-05, 1, wei_ruo, 54.24, 50.20, 1.54, 49.44, 49.51, 50.20, 49.51, 50894.93, 254333826, 0.60, 1.40, 1.39, 586.95817
2017-06-06, 1, wei_ruo, 54.23, 50.00, -0.40, 50.20, 50.20, 50.30, 49.70, 26957.88, 134786203, 0.32, 1.20, 0.74, 482.47099
2017-06-07, 2, qing_du, 54.20, 50.50, 1.00, 50.00, 50.06, 50.57, 49.90, 46360.2, 233517868, 0.55, 1.34, 1.26, 528.73898
2017-06-08, 2, qing_du, 54.19, 50.50, 0.00, 50.50, 50.52, 50.61, 50.12, 27473.71, 138447553, 0.32, 0.97, 0.75, 1156.54111
2017-06-09, 2, qing_du, 54.17, 50.24, -0.51, 50.50, 50.60, 50.78, 49.96, 38682.3, 194073373, 0.46, 1.62, 1.06, 855.53217
2017-06-12, 2, qing_du, 54.15, 50.50, 0.52, 50.24, 50.00, 50.88, 49.71, 55222.11, 277483403, 0.65, 2.33, 1.51, 2578.09401
2017-06-13, 2, qing_du, 54.12, 51.82, 2.61, 50.50, 50.41, 52.49, 50.38, 84470.17, 436146394, 0.99, 4.18, 2.30, 4582.08108
2017-06-14, 3, zhong_du, 54.10, 51.60, -0.42, 51.82, 51.82, 52.83, 51.58, 91069.95, 476553924, 1.07, 2.41, 2.48, 577.703
2017-06-15, 3, zhong_du, 54.09, 51.70, 0.19, 51.60, 51.70, 51.96, 51.35, 39495.8, 203844291, 0.46, 1.18, 1.08, 548.18296
2017-06-16, 3, zhong_du, 54.07, 51.05, -1.26, 51.70, 51.85, 52.10, 51.00, 51159.3, 263461006, 0.60, 2.13, 1.40, 503.36504
2017-06-19, 3, zhong_du, 54.06, 51.23, 0.35, 51.05, 51.00, 51.62, 50.87, 36318.08, 186094832, 0.43, 1.47, 0.99, 750.9439
2017-06-20, 3, zhong_du, 54.04, 50.58, -1.27, 51.23, 51.40, 51.81, 50.55, 49972.27, 255456823, 0.59, 2.46, 1.36, 634.53889
2017-06-21, 3, zhong_du, 54.02, 50.95, 0.73, 50.58, 50.76, 51.27, 50.52, 53808.53, 273301435, 0.63, 1.48, 1.47, 765.30409
2017-06-22, 3, zhong_du, 54.00, 50.77, -0.35, 50.95, 50.93, 51.25, 50.76, 55269.69, 281679510, 0.65, 0.96, 1.51, 681.81086
2017-06-23, 3, zhong_du, 53.98, 50.60, -0.33, 50.77, 50.70, 50.88, 50.15, 45962.87, 231809268, 0.54, 1.44, 1.25, 773.65708
2017-06-26, 3, zhong_du, 53.96, 51.52, 1.82, 50.60, 50.54, 51.76, 50.54, 67567.8, 346654536, 0.79, 2.41, 1.84, 3988.16586
2017-06-27, 3, zhong_du, 53.95, 51.47, -0.10, 51.52, 51.60, 51.98, 51.18, 46282.17, 238798257, 0.54, 1.55, 1.26, 595.36099
2017-06-28, 3, zhong_du, 53.93, 50.56, -1.77, 51.47, 51.12, 51.17, 50.46, 47055.24, 238564225, 0.53, 1.38, 1.28, 708.64701
2017-06-29, 3, zhong_du, 53.92, 50.31, -0.49, 50.56, 50.65, 50.80, 50.24, 41201.52, 207772933, 0.46, 1.11, 1.12, 3614.88199
2017-06-30, 3, zhong_du, 53.89, 49.95, -0.72, 50.31, 50.21, 50.27, 49.49, 56516.37, 281261804, 0.63, 1.55, 1.54, 655.13301
2017-07-03, 3, zhong_du, 53.88, 50.03, 0.16, 49.95, 49.75, 50.28, 49.74, 25615.34, 128078311, 0.29, 1.08, 0.70, 2543.56194
2017-07-04, 3, zhong_du, 53.86, 50.50, 0.94, 50.03, 50.09, 51.08, 50.08, 49469.45, 250786937, 0.56, 2.00, 1.35, 484.21121
2017-07-05, 3, zhong_du, 53.84, 51.18, 1.35, 50.50, 50.51, 51.46, 50.51, 51981.84, 265549227, 0.58, 1.88, 1.42, 1095.00599
2017-07-06, 3, zhong_du, 53.82, 50.85, -0.64, 51.18, 50.99, 51.53, 50.52, 57560.6, 293959675, 0.65, 1.97, 1.57, 590.01708
2017-07-07, 3, zhong_du, 53.81, 50.67, -0.35, 50.85, 50.78, 50.90, 50.34, 32924.56, 166618442, 0.37, 1.10, 0.90, 707.59511
2017-07-10, 3, zhong_du, 53.80, 50.05, -1.22, 50.67, 50.66, 50.66, 50.01, 38057, 191155906, 0.43, 1.28, 1.04, 572.82495
2017-07-11, 3, zhong_du, 53.79, 50.09, 0.08, 50.05, 50.02, 50.50, 50.00, 26512.77, 133130713, 0.30, 1.00, 0.72, 618.54792
2017-07-12, 3, zhong_du, 53.77, 49.84, -0.50, 50.09, 50.39, 50.40, 49.41, 44339.24, 220597890, 0.50, 1.98, 1.21, 894.12403
2017-07-13, 3, zhong_du, 53.76, 49.86, 0.04, 49.84, 49.80, 50.10, 49.66, 24887.89, 124118182, 0.28, 0.88, 0.68, 761.02281
2017-07-14, 2, qing_du, --, 50.57, 1.42, 49.86, 50.15, 50.92, 49.88, 46878.38, 236872536, 0.53, 2.09, 1.28, 530.82895
2017-07-17, 2, qing_du, --, 49.00, -3.10, 50.57, 50.57, 50.64, 48.91, 61433.5, 304009421, 0.69, 3.42, 1.68, 806.89287
2017-07-18, 2, qing_du, --, 48.97, -0.06, 49.00, 49.19, 49.55, 48.68, 27430.47, 134468591, 0.31, 1.78, 0.75, 2527.35901
2017-07-19, 1, wei_ruo, --, 49.59, 1.27, 48.97, 49.09, 49.69, 48.98, 32708.32, 161628354, 0.37, 1.45, 0.89, 575.08302
2017-07-20, 1, wei_ruo, --, 50.08, 0.99, 49.59, 49.61, 50.29, 49.57, 35918.87, 179475930, 0.40, 1.45, 0.98, 568.74609
2017-07-21, 1, wei_ruo, --, 50.49, 0.82, 50.08, 50.11, 50.93, 49.72, 57303.82, 290041315, 0.50, 2.42, 1.56, 535.02798
2017-07-24, 1, wei_ruo, 53.62, 49.89, -1.19, 50.49, 50.51, 50.80, 49.33, 56919.23, 283645714, 0.50, 2.91, 1.55, 15830.50609
2017-07-25, 1, wei_ruo, --, 49.39, -1.00, 49.89, 50.01, 50.05, 49.30, 38482.76, 190503721, 0.34, 1.50, 1.05, 3355.03602
2017-07-26, 1, wei_ruo, --, 48.90, -0.99, 49.39, 49.77, 49.77, 48.62, 52079.67, 255136770, 0.46, 2.33, 1.42, 1539.03413
2017-07-27, 1, wei_ruo, 53.57, 49.10, 0.41, 48.90, 49.00, 49.30, 48.88, 37924.85, 186246196, 0.33, 0.86, 1.03, 750.49901
2017-07-28, 1, wei_ruo, 53.56, 49.47, 0.75, 49.10, 49.10, 49.54, 49.09, 29969.55, 147881669, 0.26, 0.92, 0.82, 708.709
2017-07-31, 1, wei_ruo, 53.54, 49.00, -0.95, 49.47, 49.61, 49.67, 48.85, 51892.1, 254905212, 0.46, 1.66, 1.42, 889.72306
2017-08-01, 1, wei_ruo, 53.52, 49.06, 0.12, 49.00, 49.00, 49.30, 48.92, 44985.78, 220751526, 0.40, 0.78, 1.23, 705.53184
2017-08-02, 1, wei_ruo, 53.50, 48.50, -1.14, 49.06, 49.11, 49.18, 48.45, 52435.45, 255442364, 0.46, 1.49, 1.43, 703.83286
2017-08-03, 1, wei_ruo, 53.48, 48.67, 0.35, 48.50, 48.54, 48.84, 48.41, 50985.49, 247641073, 0.45, 0.89, 1.39, 683.074
2017-08-04, 1, wei_ruo, 53.27, 48.51, 0.04, 48.49, 48.69, 48.78, 48.40, 26730.37, 129821464, 0.23, 0.78, 0.73, 726.56298
2017-08-07, 1, wei_ruo, 53.26, 48.91, 0.82, 48.51, 48.56, 49.05, 48.56, 30464.23, 148872115, 0.27, 1.01, 0.83, 581.6679
2017-08-08, 1, wei_ruo, 53.24, 49.21, 0.61, 48.91, 48.91, 49.45, 48.67, 40118.7, 196964971, 0.35, 1.59, 1.09, 633.71706
2017-08-09, 1, wei_ruo, 53.23, 49.13, -0.16, 49.21, 49.15, 49.39, 48.90, 29892.24, 146744557, 0.26, 1.00, 0.82, 601.85194
2017-08-10, 1, wei_ruo, 53.22, 48.73, -0.81, 49.13, 49.14, 49.25, 48.50, 28966.1, 141549383, 0.25, 1.53, 0.79, 652.14896
2017-08-11, 1, wei_ruo, 53.20, 47.85, -1.81, 48.73, 48.59, 48.59, 47.67, 59257.32, 284783564, 0.52, 1.89, 1.62, 704.2501
2017-08-14, 1, wei_ruo, 53.18, 48.20, 0.73, 47.85, 48.00, 48.29, 47.89, 27353.05, 131646282, 0.24, 0.84, 0.75, 872.49207
2017-08-15, 1, wei_ruo, 53.17, 48.00, -0.41, 48.20, 48.30, 48.38, 47.86, 32050.47, 153941418, 0.28, 1.08, 0.87, 839.50281
2017-08-16, 1, wei_ruo, 53.15, 48.26, 0.54, 48.00, 48.01, 48.32, 47.60, 31572.54, 151598582, 0.28, 1.50, 0.86, 624.89891
2017-08-17, 1, wei_ruo, 53.14, 48.32, 0.12, 48.26, 48.30, 48.39, 48.04, 26240.32, 126497146, 0.23, 0.73, 0.72, 3690.78803
2017-08-18, 1, wei_ruo, 53.13, 48.55, 0.48, 48.32, 48.29, 48.70, 48.05, 31674.32, 153626476, 0.28, 1.35, 0.86, 2650.10214
2017-08-21, 1, wei_ruo, 53.12, 48.66, 0.23, 48.55, 48.50, 49.08, 48.48, 33868.29, 164854876, 0.30, 1.24, 0.92, 750.09799
2017-08-22, 1, wei_ruo, 53.10, 48.16, -1.03, 48.66, 48.80, 48.96, 48.12, 37715.36, 182505875, 0.33, 1.73, 1.03, 592.18097
2017-08-23, 1, wei_ruo, 53.09, 48.27, 0.23, 48.16, 48.20, 48.45, 48.01, 21112.13, 101819234, 0.19, 0.91, 0.58, 740.81516
2017-08-24, 1, wei_ruo, 53.08, 48.00, -0.56, 48.27, 48.31, 48.39, 47.91, 33926.72, 163248156, 0.30, 0.99, 0.93, 1544.10386
2017-08-25, 1, wei_ruo, 53.06, 48.68, 1.42, 48.00, 48.51, 48.99, 48.09, 53405.92, 260138571, 0.47, 1.88, 1.46, 779.20604
2017-08-28, 1, wei_ruo, 53.03, 49.35, 1.38, 48.68, 48.80, 49.58, 48.71, 64106.41, 316073108, 0.56, 1.79, 1.75, 4719.78307
2017-08-29, 1, wei_ruo, 53.00, 48.42, -1.88, 49.35, 49.00, 49.00, 48.13, 74521.09, 360559690, 0.65, 1.76, 2.03, 1738.28197
2017-08-30, 1, wei_ruo, 52.99, 48.39, -0.06, 48.42, 48.30, 48.45, 47.99, 37789.09, 182161661, 0.33, 0.95, 1.03, 760.61487
2017-08-31, 1, wei_ruo, 52.98, 48.49, 0.21, 48.39, 48.31, 48.67, 48.30, 29314.39, 142056447, 0.26, 0.76, 0.80, 733.85215
2017-09-01, 1, wei_ruo, 52.96, 48.29, -0.41, 48.49, 48.49, 48.60, 48.11, 33500.64, 161731352, 0.29, 1.01, 0.91, 766.73293
2017-09-04, 1, wei_ruo, 52.95, 48.34, -0.10, 48.39, 48.31, 48.67, 48.30, 15439, 74819805, 0.14, 0.76, 0.84, 587.61096
2017-09-05, 1, wei_ruo, 52.93, 48.88, 0.25, 48.76, 48.79, 48.93, 48.67, 32331.5, 157831797, 0.28, 0.53, 0.88, 616.08195
2017-09-06, 1, wei_ruo, 52.90, 48.34, -0.10, 48.39, 48.31, 48.67, 48.30, 15439, 74819805, 0.14, 0.76, 0.84, 660.44688
2017-09-07, 1, wei_ruo, 52.88, 49.57, -1.45, 50.30, 50.01, 50.30, 49.51, 67109.45, 334326438, 0.59, 1.57, 1.83, 768.32986
2017-09-08, 1, wei_ruo, 52.87, 48.34, -0.10, 48.39, 48.31, 48.67, 48.30, 15439, 74819805, 0.14, 0.76, 0.84, 904.46901
2017-09-11, 2, qing_du, 52.86, 48.34, -0.10, 48.39, 48.31, 48.67, 48.30, 15439, 74819805, 0.14, 0.76, 0.84, 667.71317
2017-09-12, 2, qing_du, 52.96, 55.81, 7.64, 51.85, 52.40, 57.04, 52.40, 495529.42, 2746256727, 4.35, 8.95, 13.52, 582.42488
2017-09-13, 2, qing_du, 53.00, 54.88, -1.67, 55.81, 55.00, 55.35, 54.00, 236513.15, 1291741257, 2.08, 2.42, 6.45, 688.36904
2017-09-14, 3, zhong_du, 53.02, 54.47, -0.75, 54.88, 55.60, 55.88, 54.00, 146047.51, 798992545, 1.28, 3.43, 3.98, 802.24109
2017-09-15, 3, zhong_du, 53.02, 53.40, -1.96, 54.47, 54.17, 54.19, 53.00, 125873.6, 672584957, 1.11, 2.18, 3.43, 867.96999
2017-09-18, 3, zhong_du, 53.14, 57.93, 8.48, 53.40, 53.39, 58.54, 53.39, 372631.68, 2105090645, 3.27, 9.64, 10.17, 679.68702
2017-09-19, 3, zhong_du, 53.22, 57.25, -1.17, 57.93, 57.50, 57.66, 56.38, 215409.82, 1228898008, 1.89, 2.21, 5.88, 1168.15996
2017-09-20, 3, zhong_du, 53.57, 61.82, 7.98, 57.25, 57.17, 62.98, 56.66, 548300.47, 3359873752, 4.82, 11.04, 14.96, 710.93798
2017-09-21, 4, gao_du, 53.92, 62.57, 1.21, 61.82, 61.35, 64.38, 60.61, 447493.86, 2798742959, 3.93, 6.10, 12.21, 898.69809
2017-09-22, 4, gao_du, 54.15, 62.32, -0.40, 62.57, 62.31, 64.50, 61.71, 290495.99, 1831760254, 2.55, 4.46, 7.93, 881.19507
2017-09-25, 4, gao_du, 54.29, 60.29, -3.26, 62.32, 62.00, 62.65, 59.65, 248954.05, 1520891607, 2.19, 4.81, 6.79, 554.8811
2017-09-26, 4, gao_du, 54.60, 65.00, 7.81, 60.29, 59.80, 65.00, 59.80, 383172.84, 2427224404, 3.37, 8.62, 10.45, 1059.47995
2017-09-27, 4, gao_du, 55.16, 67.87, 4.42, 65.00, 66.10, 70.93, 65.56, 474803.58, 3241461155, 4.17, 8.26, 12.95, 709.87701
2017-09-28, 5, qiang_lie, 55.55, 68.95, 1.59, 67.87, 67.10, 70.48, 66.57, 325263.96, 2219983032, 2.86, 5.76, 8.87, 605.94201
2017-09-29, 5, qiang_lie, 55.87, 68.30, -0.94, 68.95, 68.25, 69.46, 66.86, 294855.76, 2005780685, 2.59, 3.77, 8.04, 737.05196
2017-10-10, 5, qiang_lie, 56.65, 70.62, -2.03, 72.08, 71.01, 71.99, 69.85, 231070.49, 1637321732, 2.03, 2.97, 6.30, 584.17892
2017-10-12, 5, qiang_lie, 57.19, 68.30, -0.51, 68.65, 68.35, 69.68, 66.93, 228825.96, 1559905994, 2.01, 4.01, 6.24, 1225.81506
2017-10-13, 5, qiang_lie, 57.34, 67.72, -0.85, 68.30, 68.40, 68.59, 66.60, 160442.63, 1079412942, 1.41, 2.91, 4.38, 530.96795
2017-10-16, 5, qiang_lie, 57.52, 67.40, -0.47, 67.72, 67.75, 69.35, 66.50, 201483.71, 1370037807, 1.77, 4.21, 5.50, 2045.79806
2017-10-17, 5, qiang_lie, 57.62, 67.37, -0.04, 67.40, 67.10, 68.35, 66.71, 115799.98, 780476726, 1.02, 2.43, 3.16, 781.38804
2017-10-18, 5, qiang_lie, 57.75, 67.43, 0.09, 67.37, 67.80, 68.80, 67.30, 141560.25, 962447350, 1.24, 2.23, 3.86, 566.03408
2017-10-19, 5, qiang_lie, 57.89, 65.15, -3.38, 67.43, 67.55, 67.84, 65.03, 196881.19, 1295850152, 1.73, 4.17, 5.37, 553.15495
2017-10-20, 5, qiang_lie, 58.07, 68.55, 5.22, 65.15, 65.02, 68.68, 64.50, 218079.3, 1456656111, 1.92, 6.42, 5.95, 638.88597
2017-10-23, 5, qiang_lie, 58.21, 66.91, -2.39, 68.55, 68.28, 68.66, 66.63, 173726.22, 1168661897, 1.53, 2.96, 4.74, 824.21398
2017-10-24, 5, qiang_lie, 58.34, 65.06, -2.76, 66.91, 66.84, 67.55, 63.88, 204807.16, 1339470168, 1.80, 5.48, 5.59, 832.84521
2017-10-25, 5, qiang_lie, 58.42, 65.48, 0.65, 65.06, 65.08, 66.00, 64.53, 118238.18, 772896725, 1.04, 2.26, 3.23, 2719.68603
2017-10-26, 5, qiang_lie, 58.52, 65.80, 0.49, 65.48, 64.79, 66.73, 64.06, 159153.32, 1039928786, 1.40, 4.08, 4.34, 1136.26313
2017-10-27, 5, qiang_lie, 58.59, 65.13, -1.02, 65.80, 65.97, 66.50, 64.80, 116413.55, 763542710, 1.02, 2.58, 3.18, 720.84999
2017-10-30, 5, qiang_lie, 58.67, 62.53, -3.99, 65.13, 64.85, 64.85, 61.70, 205126.98, 1287173024, 1.80, 4.84, 5.60, 2926.48792
2017-10-31, 5, qiang_lie, 58.70, 63.00, 0.75, 62.53, 62.44, 63.39, 62.03, 103125.07, 648127183, 0.91, 2.17, 2.81, 616.3671
2017-11-01, 4, gao_du, 58.78, 64.20, 1.90, 63.00, 64.05, 65.48, 63.77, 150590.5, 975306222, 1.32, 2.71, 4.11, 720.91079
2017-11-02, 4, gao_du, 58.82, 63.32, -1.37, 64.20, 64.00, 64.44, 62.61, 100879.16, 639052791, 0.89, 2.85, 2.75, 804.21805
2017-11-03, 4, gao_du, 58.89, 64.25, 1.47, 63.32, 63.32, 65.65, 63.03, 139520.67, 903065031, 1.23, 4.14, 3.81, 681.44798
2017-11-08, 4, gao_du, 59.19, 65.21, -0.55, 65.57, 65.85, 66.77, 65.00, 75771.73, 497811733, 0.67, 2.70, 4.13, 62643.79597
2017-11-10, 5, qiang_lie, 59.41, 65.21, -0.55, 65.57, 65.85, 66.77, 65.00, 75771.73, 497811733, 0.67, 2.70, 4.13, 2781.55804
2017-11-13, 5, qiang_lie, 59.62, 70.10, 3.62, 67.65, 68.01, 70.23, 67.75, 240137.55, 1664811922, 2.11, 3.67, 1.56, 632.35307
2017-11-14, 5, qiang_lie, 59.76, 68.00, -3.00, 70.10, 70.11, 70.25, 67.71, 172747.84, 1188914357, 1.52, 3.62, 0.99, 855.83687
2017-11-15, 5, qiang_lie, 59.87, 63.96, -5.94, 68.00, 67.51, 67.69, 63.70, 233004.18, 1516989637, 2.05, 5.87, 1.25, 1019.75894
2017-11-16, 4, gao_du, 59.91, 64.23, 0.42, 63.96, 63.80, 64.90, 62.76, 117896.31, 753593297, 1.04, 3.35, 0.62, 62650.67792
2017-11-17, 3, zhong_du, 59.96, 63.59, -1.00, 64.23, 64.99, 65.95, 63.59, 117539.14, 760782578, 1.03, 3.67, 0.66, 772.52388
2017-11-20, 3, zhong_du, 60.15, 69.49, 9.28, 63.59, 64.48, 69.52, 63.85, 282147.11, 1898640795, 2.48, 8.92, 1.60, 521.77596
2017-11-21, 3, zhong_du, 60.51, 72.30, 4.04, 69.49, 69.60, 73.45, 69.02, 362854.11, 2606743577, 3.19, 6.38, 1.96, 586.41696
2017-11-22, 4, gao_du, 60.82, 72.79, 0.68, 72.30, 72.28, 73.80, 71.59, 288934.62, 2098373491, 2.54, 3.06, 1.30, 731.02212
2017-11-23, 5, qiang_lie, 61.03, 70.61, -2.99, 72.79, 72.59, 73.78, 70.51, 216167.52, 1554460928, 1.90, 4.49, 0.92, 4925.37808
2017-11-24, 5, qiang_lie, 61.21, 70.70, 0.13, 70.61, 70.65, 72.28, 69.83, 214564.37, 1528520310, 1.88, 3.47, 0.85, 629.287
2017-11-27, 4, gao_du, 61.35, 63.63, -10.00, 70.70, 70.21, 70.27, 63.63, 345568.42, 2290501554, 3.04, 9.39, 1.27, 566.29491
2017-11-28, 3, zhong_du, 61.40, 64.73, 1.73, 63.63, 63.50, 64.86, 61.71, 224011.01, 1419502842, 1.97, 4.95, 0.78, 805.56703
2017-11-29, 2, qing_du, 61.44, 64.35, -0.59, 64.73, 64.82, 64.98, 63.00, 144177.69, 924072964, 1.27, 3.06, 0.56, 732.39303
2017-11-30, 1, wei_ruo, 61.45, 62.22, -3.31, 64.35, 63.60, 64.05, 62.11, 135172.22, 850257007, 1.19, 3.01, 0.59, 761.10792
2017-12-01, 1, wei_ruo, 61.47, 63.35, 1.82, 62.22, 62.20, 63.66, 61.71, 98388.77, 620077095, 0.86, 3.13, 0.46, 727.73004
2017-12-04, 1, wei_ruo, 61.48, 63.43, 0.13, 63.35, 63.49, 64.67, 63.00, 93559.04, 599016497, 0.82, 2.64, 0.49, 729.75802
2017-12-05, 1, wei_ruo, 61.50, 62.69, -1.17, 63.43, 62.62, 64.40, 62.01, 107230.98, 678552970, 0.94, 3.77, 0.77, 689.11505
2017-12-06, 1, wei_ruo, 61.48, 60.90, -2.86, 62.69, 63.13, 63.80, 58.02, 278179.12, 1674009229, 2.44, 9.22, 2.40, 891.99018
2017-12-07, 1, wei_ruo, 61.46, 59.07, -3.00, 60.90, 60.00, 60.46, 58.80, 114122.12, 678933558, 1.00, 2.73, 0.80, 60569.59987
2017-12-08, 1, wei_ruo, 61.45, 59.75, 1.15, 59.07, 59.20, 60.57, 59.20, 123145.94, 739118658, 1.08, 2.32, 0.89, 651.03507
2017-12-11, 1, wei_ruo, 61.45, 62.59, 4.75, 59.75, 60.51, 62.88, 60.08, 149138.6, 922622265, 1.31, 4.69, 1.04, 596.89593
2017-12-12, 1, wei_ruo, 61.47, 62.07, -0.83, 62.59, 63.18, 64.00, 62.00, 148571.85, 933129079, 1.31, 3.20, 0.96, 3158.73313
2017-12-13, 1, wei_ruo, 61.48, 63.00, 1.50, 62.07, 62.11, 63.01, 61.64, 88655.88, 554367594, 0.78, 2.21, 0.55, 1527.67205
2017-12-14, 1, wei_ruo, 61.49, 63.66, 1.05, 63.00, 62.99, 63.80, 62.31, 103337.33, 654156604, 0.91, 2.37, 0.83, 680.89986
2017-12-15, 1, wei_ruo, 61.50, 62.75, -1.43, 63.66, 63.08, 63.30, 61.70, 108268.87, 676816593, 0.95, 2.51, 0.88, 580.38306
2017-12-18, 1, wei_ruo, 61.51, 62.51, -0.38, 62.75, 62.54, 63.33, 61.80, 66222.57, 414439330, 0.58, 2.44, 0.55, 602.51808
2017-12-19, 1, wei_ruo, 61.51, 62.29, -0.35, 62.51, 62.50, 62.84, 61.80, 58169.47, 361975731, 0.51, 1.66, 0.56, 604.68817
2017-12-20, 1, wei_ruo, 61.51, 60.80, -2.39, 62.29, 62.58, 62.68, 60.66, 86651.21, 531677163, 0.76, 3.24, 1.02, 2745.16797
2017-12-21, 1, wei_ruo, 61.51, 62.00, 1.97, 60.80, 60.72, 62.41, 60.00, 79108.91, 486446533, 0.69, 3.96, 0.94, 953.30191
2017-12-22, 1, wei_ruo, 61.51, 62.20, 0.32, 62.00, 62.30, 62.69, 61.77, 57613.03, 359125181, 0.51, 1.48, 0.72, 626.95599
2017-12-25, 1, wei_ruo, 61.52, 61.99, -0.34, 62.20, 61.88, 62.63, 61.68, 52652.09, 327164196, 0.46, 1.53, 0.76, 752.26808
2017-12-26, 1, wei_ruo, 61.53, 63.36, 2.21, 61.99, 62.39, 63.95, 62.01, 102636.65, 649400740, 0.90, 3.13, 1.54, 407.35507
2017-12-27, 1, wei_ruo, 61.65, 67.11, 5.92, 63.36, 63.75, 69.51, 63.37, 267163.57, 1769635660, 2.35, 9.69, 3.53, 634.72819
2017-12-29, 1, wei_ruo, 61.76, 65.85, 1.23, 65.05, 65.28, 66.55, 64.96, 127140.77, 837153614, 1.12, 2.44, 0.89, 1220.14499
2018-01-03, 1, wei_ruo, 61.86, 66.12, 0.41, 65.85, 64.98, 67.10, 64.40, 151909.5, 1000075489, 1.33, 4.10, 0.96, 625.33092
2018-01-04, 1, wei_ruo, 61.90, 65.05, -1.62, 66.12, 66.00, 66.36, 64.91, 118416.97, 773631609, 1.04, 2.19, 0.71, 1356.69208
2018-01-05, 1, wei_ruo, 61.92, 64.38, -1.03, 65.05, 64.90, 65.20, 63.83, 104870, 673396089, 0.92, 2.11, 0.76, 668.75792
2018-01-08, 1, wei_ruo, 61.97, 65.21, 1.29, 64.38, 64.60, 66.34, 64.53, 136740.15, 894169179, 1.20, 2.81, 1.12, 553.60103
2018-01-09, 1, wei_ruo, 61.99, 65.42, 0.32, 65.21, 65.20, 66.18, 64.70, 94309.26, 616396033, 0.83, 2.27, 0.74, 690.34195
2018-01-10, 1, wei_ruo, 62.02, 65.67, 0.38, 65.42, 65.60, 65.97, 64.88, 94265.04, 615796957, 0.83, 1.67, 0.78, 2605.39508
2018-01-11, 1, wei_ruo, 62.05, 65.40, -0.41, 65.67, 65.98, 65.98, 64.88, 76298.68, 498923643, 0.67, 1.68, 0.70, 794.19494
2018-01-12, 1, wei_ruo, 62.13, 67.08, 2.57, 65.40, 65.66, 67.85, 65.62, 195978.8, 1316801696, 1.72, 3.41, 1.93, 752.60186
2018-01-15, 1, wei_ruo, 62.18, 65.14, -2.89, 67.08, 67.25, 68.10, 64.88, 151890.34, 1006209960, 1.33, 4.80, 1.27, 627.08998
2018-01-16, 2, qing_du, 62.20, 64.80, -0.52, 65.14, 64.50, 65.75, 64.46, 95919.73, 622943134, 0.84, 1.98, 0.78, 672.74904
2018-01-17, 2, qing_du, 62.22, 63.75, -1.62, 64.80, 64.68, 64.68, 62.51, 116525.06, 738922968, 1.02, 3.35, 0.95, 561.37109
2018-01-18, 2, qing_du, 62.23, 63.17, -0.91, 63.75, 64.18, 64.58, 62.88, 73701.45, 468859834, 0.65, 2.67, 0.58, 921.5281
2018-01-19, 2, qing_du, 62.23, 63.20, 0.05, 63.17, 63.60, 63.63, 62.68, 52370.08, 330860118, 0.46, 1.50, 0.41, 642.71784
2018-01-22, 2, qing_du, 62.29, 66.60, 5.38, 63.20, 63.68, 67.01, 63.62, 172657.08, 1134014385, 1.52, 5.36, 1.76, 738.80196
2018-01-23, 2, qing_du, 62.33, 66.81, 0.32, 66.60, 66.64, 67.37, 66.06, 123518.48, 824929033, 1.09, 1.97, 1.21, 1112.06388
2018-01-24, 3, zhong_du, 62.36, 66.51, -0.45, 66.81, 67.05, 67.09, 65.50, 76416.5, 506242912, 0.67, 2.38, 0.71, 570.39809
2018-01-25, 3, zhong_du, 62.39, 65.64, -1.31, 66.51, 66.52, 67.47, 65.56, 80839.89, 535708499, 0.71, 2.87, 0.81, 758.07309
2018-01-26, 3, zhong_du, 62.41, 65.50, -0.21, 65.64, 65.64, 66.30, 65.00, 63558.66, 416434839, 0.56, 1.98, 0.63, 669.39902
2018-01-29, 3, zhong_du, 62.42, 62.90, -3.97, 65.50, 65.88, 65.88, 62.80, 125219.38, 800199751, 1.10, 4.70, 1.21, 750.77391
2018-01-30, 2, qing_du, 62.43, 63.45, 0.87, 62.90, 62.88, 63.95, 62.76, 55877.07, 354826319, 0.49, 1.89, 0.60, 474.60914
2018-01-31, 2, qing_du, 62.43, 63.04, -0.65, 63.45, 63.05, 63.96, 62.90, 54297.88, 343948048, 0.48, 1.67, 0.68, 673.71202
2018-02-01, 1, wei_ruo, 62.42, 60.66, -3.78, 63.04, 63.05, 63.49, 59.88, 126983.9, 773267406, 1.12, 5.73, 1.67, 1011.22284
2018-02-02, 1, wei_ruo, 62.41, 61.90, 2.04, 60.66, 60.60, 62.27, 60.16, 69721.02, 428724465, 0.61, 3.48, 0.82, 800.30894
2018-02-05, 1, wei_ruo, 62.41, 61.47, -0.69, 61.90, 60.30, 61.78, 60.24, 40610.4, 248908793, 0.36, 2.49, 0.47, 889.87112
2018-02-06, 1, wei_ruo, 62.38, 58.51, -4.82, 61.47, 60.00, 60.88, 58.50, 103985.63, 617879622, 0.91, 3.87, 1.50, 687.25395
2018-02-07, 1, wei_ruo, 62.35, 58.90, 0.67, 58.51, 59.99, 60.39, 57.03, 82085.35, 483267912, 0.72, 5.74, 1.04, 848.75703
2018-02-08, 1, wei_ruo, 62.34, 59.51, 1.04, 58.90, 58.90, 59.88, 58.51, 45972.33, 273521091, 0.40, 2.33, 0.59, 763.39579
2018-02-09, 1, wei_ruo, 62.30, 56.65, -4.81, 59.51, 57.90, 58.45, 56.33, 93076.03, 533844305, 0.82, 3.56, 1.38, 887.09497
2018-02-12, 1, wei_ruo, 62.28, 59.62, 5.24, 56.65, 57.10, 60.00, 57.10, 80515.16, 475216154, 0.71, 5.12, 1.12, 805.09996
2018-02-13, 1, wei_ruo, 62.26, 59.50, -0.20, 59.62, 60.00, 60.62, 59.31, 55080.74, 330539304, 0.48, 2.20, 0.64, 650.20609
2018-02-14, 1, wei_ruo, 62.26, 60.50, 1.68, 59.50, 61.18, 61.50, 60.20, 55902.12, 339523510, 0.49, 2.18, 0.79, 726.09591
