2016-02-01, 1, wei_ruo, 41.58, 33.38, -0.03, 33.39, 33.50, 34.29, 32.80, 48341.3, 162393277, 3.05, 4.46, 0.57, 898.89193
2016-02-02, 1, wei_ruo, 41.34, 34.96, 4.73, 33.38, 33.34, 35.35, 33.34, 54736.94, 189518470, 3.45, 6.02, 0.64, 1066.04815
2016-02-03, 1, wei_ruo, 41.12, 35.87, 2.60, 34.96, 34.30, 36.30, 33.90, 58775.29, 204824242, 3.71, 6.86, 0.69, 1192.07621
2016-02-04, 1, wei_ruo, 40.93, 36.18, 0.86, 35.87, 36.62, 36.94, 35.88, 63814.5, 232996472, 4.03, 2.96, 0.75, 938.972
2016-02-05, 1, wei_ruo, 40.78, 35.48, -1.93, 36.18, 36.06, 36.50, 35.26, 43548.55, 155559174, 2.75, 3.43, 0.51, 3048.03109
2016-02-15, 1, wei_ruo, 40.64, 35.11, -1.04, 35.48, 33.80, 35.75, 33.66, 37499.88, 130392236, 2.37, 5.89, 0.44, 1048.18106
2016-02-16, 1, wei_ruo, 40.49, 36.44, 3.79, 35.11, 35.65, 36.77, 35.50, 54804.8, 199038899, 3.46, 3.62, 0.64, 1432.65009
2016-02-17, 1, wei_ruo, 40.32, 37.47, 2.83, 36.44, 36.50, 37.70, 36.35, 82076.66, 305029760, 5.18, 3.70, 0.97, 1064.27598
2016-02-18, 1, wei_ruo, 40.31, 41.22, 10.01, 37.47, 38.17, 41.22, 38.10, 149586.67, 599494334, 9.44, 8.33, 1.76, 2817.2369
2016-02-19, 1, wei_ruo, 40.32, 40.22, -2.43, 41.22, 41.50, 41.50, 39.87, 84242.29, 340833081, 5.31, 3.95, 1.25, 2758.29887
2016-02-22, 1, wei_ruo, 40.32, 40.62, 0.92, 40.25, 40.80, 40.99, 39.71, 75120.18, 302863606, 4.74, 3.18, 0.88, 852.32186
2016-02-23, 1, wei_ruo, 40.33, 40.01, -1.50, 40.62, 40.58, 40.58, 39.01, 69739.03, 277475410, 4.40, 3.87, 0.75, 2199.18203
2016-02-24, 1, wei_ruo, 40.29, 39.39, -1.55, 40.01, 39.90, 40.39, 38.33, 62942.6, 246641489, 3.97, 5.15, 0.66, 2848.47403
2016-02-25, 1, wei_ruo, 40.10, 35.45, -10.00, 39.39, 39.43, 39.91, 35.45, 88410.88, 329448271, 5.58, 11.32, 0.96, 734.04598
2016-02-26, 1, wei_ruo, 39.94, 35.40, -0.14, 35.45, 35.55, 36.19, 34.50, 55961.61, 198255321, 3.53, 4.77, 0.70, 2729.65598
2016-02-29, 1, wei_ruo, 39.69, 33.63, -5.00, 35.40, 35.98, 36.09, 32.86, 69410.51, 235514657, 4.38, 9.12, 0.99, 1754.29082
2016-03-01, 1, wei_ruo, 39.42, 34.13, 1.49, 33.63, 33.68, 34.88, 31.50, 68533.65, 229549419, 4.32, 10.05, 0.99, 716.98308
2016-03-02, 1, wei_ruo, 39.25, 35.75, 4.75, 34.13, 33.99, 35.88, 33.74, 61295.66, 213974195, 3.87, 6.27, 0.89, 2484.21812
2016-03-03, 1, wei_ruo, 39.10, 35.46, -0.81, 35.75, 35.90, 36.58, 35.40, 68792.19, 248199119, 4.34, 3.30, 1.00, 583.40383
2016-03-04, 1, wei_ruo, 38.90, 33.60, -5.25, 35.46, 35.40, 35.69, 32.85, 63281.94, 216650984, 3.99, 8.01, 0.98, 694.3531
2016-03-07, 1, wei_ruo, 38.77, 34.81, 3.60, 33.60, 34.49, 35.40, 34.10, 50859.03, 177366624, 3.21, 3.87, 0.77, 1603.96504
2016-03-08, 1, wei_ruo, 38.63, 35.20, 1.12, 34.81, 34.30, 35.38, 32.80, 52223.93, 179102620, 3.29, 7.41, 0.83, 1992.88011
2016-03-09, 1, wei_ruo, 38.47, 36.29, 3.10, 35.20, 34.40, 38.60, 33.90, 108148.54, 397267992, 6.82, 13.35, 1.82, 2481.27389
2016-08-16, 1, wei_ruo, 19.19, 19.91, 10.00, 18.10, 19.91, 19.91, 19.91, 3494.62, 6957788, 0.11, 0.00, 0.05, 724.72286
2016-08-17, 1, wei_ruo, 19.52, 20.67, 3.82, 19.91, 21.90, 21.90, 20.45, 589287.05, 1244121869, 18.59, 7.28, 10.60, 14393.60404
2016-08-18, 1, wei_ruo, 19.71, 21.17, 2.42, 20.67, 20.25, 21.50, 20.12, 409959.38, 855416740, 12.93, 6.68, 2.55, 14290.26699
2016-08-19, 2, qing_du, 19.78, 20.61, -2.65, 21.17, 20.80, 21.20, 20.51, 211767.51, 439239681, 6.68, 3.26, 0.91, 491.03308
2016-08-22, 3, zhong_du, 19.85, 20.76, 0.73, 20.61, 20.43, 21.26, 19.91, 263012.76, 541267282, 8.29, 6.55, 0.99, 2556.1049
2016-08-23, 3, zhong_du, 19.89, 20.62, -0.67, 20.76, 20.71, 21.10, 20.35, 151288.63, 312334125, 4.77, 3.61, 0.51, 662.03117
2016-08-24, 3, zhong_du, 20.07, 21.79, 5.67, 20.62, 20.88, 22.19, 20.69, 347824.51, 743243208, 10.97, 7.27, 1.07, 4457.2711
2016-08-25, 3, zhong_du, 20.24, 21.19, -2.75, 21.79, 21.36, 22.39, 21.01, 354557.39, 764366816, 11.18, 6.33, 1.28, 1119.61603
2016-08-26, 4, gao_du, 20.28, 20.83, -1.70, 21.19, 21.25, 21.49, 20.71, 191910.51, 404153953, 6.05, 3.68, 0.72, 686.53917
2016-08-29, 4, gao_du, 20.29, 20.33, -2.40, 20.83, 20.63, 20.99, 20.22, 164236.15, 336970440, 5.18, 3.70, 0.63, 63859.14898
2016-08-30, 3, zhong_du, 20.31, 20.39, 0.30, 20.33, 20.40, 21.39, 20.26, 131668.35, 269914520, 4.15, 5.56, 0.54, 561.32603
2016-08-31, 3, zhong_du, 20.31, 20.36, -0.15, 20.39, 20.42, 20.48, 20.01, 119811.38, 241941195, 3.78, 2.31, 0.50, 4556.99706
2016-09-01, 3, zhong_du, 20.31, 20.08, -1.52, 20.39, 20.42, 20.42, 20.01, 34032.91, 68653606, 1.07, 2.01, 0.80, 761.56306
2016-09-02, 3, zhong_du, 20.31, 20.08, -1.52, 20.39, 20.42, 20.42, 20.01, 34032.91, 68653606, 1.07, 2.01, 0.80, 3891.12306
2016-09-05, 3, zhong_du, 20.31, 20.08, -1.52, 20.39, 20.42, 20.42, 20.01, 34032.91, 68653606, 1.07, 2.01, 0.80, 605.5789
2016-09-06, 3, zhong_du, 20.31, 20.08, -1.52, 20.39, 20.42, 20.42, 20.01, 34032.91, 68653606, 1.07, 2.01, 0.80, 6158.42295
2016-09-07, 3, zhong_du, 20.31, 20.08, -1.52, 20.39, 20.42, 20.42, 20.01, 34032.91, 68653606, 1.07, 2.01, 0.80, 598.85502
2016-09-08, 3, zhong_du, 20.31, 20.08, -1.52, 20.39, 20.42, 20.42, 20.01, 34032.91, 68653606, 1.07, 2.01, 0.80, 672.31703
2016-09-09, 3, zhong_du, 20.31, 20.08, -1.52, 20.39, 20.42, 20.42, 20.01, 34032.91, 68653606, 1.07, 2.01, 0.80, 931.05006
2016-09-12, 3, zhong_du, 20.31, 18.78, -3.69, 19.50, 19.00, 19.35, 18.71, 106515.41, 201317021, 3.36, 3.28, 0.55, 603.69897
2016-09-13, 3, zhong_du, 20.31, 18.64, -0.75, 18.78, 18.85, 18.96, 18.53, 70936.32, 132571822, 2.24, 2.29, 0.37, 606.45795
2016-09-14, 3, zhong_du, 20.31, 20.08, -1.52, 20.39, 20.42, 20.42, 20.01, 34032.91, 68653606, 1.07, 2.01, 0.80, 2584.65886
2016-09-19, 2, qing_du, 20.31, 18.84, -0.26, 18.89, 18.80, 19.05, 18.72, 49090.52, 92762871, 1.55, 1.75, 0.26, 755.98407
2016-09-20, 2, qing_du, 20.31, 18.59, -1.38, 18.85, 18.79, 18.79, 18.50, 59052.43, 110005270, 1.86, 1.54, 0.31, 2523.80085
2016-09-21, 2, qing_du, 20.31, 18.55, -0.22, 18.59, 18.59, 18.72, 18.48, 39792.58, 73912724, 1.25, 1.29, 0.21, 2429.4939
2016-09-22, 2, qing_du, 20.31, 18.60, 0.32, 18.54, 18.69, 18.76, 18.51, 48816.96, 90967067, 1.54, 1.35, 0.25, 505.39517
2016-09-23, 2, qing_du, 20.31, 18.69, 0.48, 18.60, 18.80, 18.85, 18.53, 42659.74, 79683162, 1.35, 1.72, 0.22, 2541.82506
2016-09-26, 2, qing_du, 20.31, 18.13, -3.00, 18.69, 18.64, 18.66, 18.01, 69714.38, 127344992, 2.20, 3.48, 0.36, 2969.40613
2016-09-27, 2, qing_du, 20.31, 18.22, 0.50, 18.13, 18.03, 18.29, 17.95, 42054.25, 76341903, 1.33, 1.88, 0.22, 1848.87195
2016-09-28, 2, qing_du, 20.31, 18.01, -1.15, 18.22, 18.23, 18.26, 18.01, 42650.58, 77185802, 1.35, 1.37, 0.22, 633.17299
2016-09-29, 2, qing_du, 20.31, 18.51, 2.78, 18.01, 18.05, 18.88, 18.05, 87117.89, 161297251, 2.75, 4.61, 0.45, 6012.00604
2016-10-19, 2, qing_du, 19.87, , , , , , , , , , , , 546.99087
2016-10-20, 2, qing_du, 19.95, 20.87, 7.08, 19.49, 19.65, 21.32, 19.65, 334805.64, 681867559, 10.56, 8.57, 2.02, 692.99102
2016-10-21, 3, zhong_du, 19.96, 20.01, -4.12, 20.87, 20.40, 20.56, 19.81, 194752.06, 392487611, 6.14, 3.59, 1.00, 14715.87396
2016-10-24, 3, zhong_du, 19.95, 19.72, -1.45, 20.01, 20.00, 20.00, 19.50, 115820.18, 228206153, 3.65, 2.50, 0.58, 962.52084
2016-10-25, 3, zhong_du, 19.94, 19.46, -1.32, 19.72, 19.80, 19.88, 19.40, 113316.44, 221571753, 3.57, 2.43, 0.57, 2859.15494
2016-10-26, 2, qing_du, 19.91, 19.25, -1.08, 19.46, 19.21, 19.35, 18.85, 130273.24, 248787290, 4.11, 2.57, 0.65, 523.90909
2016-10-27, 2, qing_du, 19.90, 19.61, 1.87, 19.25, 19.26, 19.79, 19.06, 103430.16, 201894686, 2.21, 3.79, 0.52, 710.9921
2016-10-28, 2, qing_du, 19.89, 19.21, -2.04, 19.61, 19.68, 19.69, 19.11, 66710.04, 129327920, 1.42, 2.96, 0.33, 630.83601
2016-10-31, 1, wei_ruo, 19.88, 19.25, 0.21, 19.21, 19.29, 19.68, 19.21, 91944.4, 178994552, 1.96, 2.45, 0.46, 828.63188
2016-11-01, 1, wei_ruo, 19.87, 19.52, 1.40, 19.25, 19.28, 19.71, 19.27, 83299.92, 162836188, 1.78, 2.29, 0.42, 527.29297
2016-11-02, 1, wei_ruo, 19.86, 19.35, -0.87, 19.52, 19.40, 19.44, 19.10, 72764.78, 140195829, 1.55, 1.74, 0.37, 63621.96493
2016-11-03, 1, wei_ruo, 19.85, 19.16, -0.98, 19.35, 19.35, 19.37, 19.01, 75097.54, 144057146, 1.60, 1.86, 0.37, 621.04201
2016-11-04, 1, wei_ruo, 19.84, 18.91, -1.30, 19.16, 19.19, 19.37, 18.90, 67108.64, 127975309, 1.43, 2.45, 0.33, 453.24016
2016-11-07, 1, wei_ruo, 19.82, 18.46, -2.38, 18.91, 18.70, 18.80, 18.38, 66529.78, 123446705, 1.42, 2.22, 0.33, 528.30505
2016-11-08, 1, wei_ruo, 19.81, 18.44, -0.05, 18.45, 18.50, 18.63, 18.38, 52607.28, 97074856, 1.12, 1.36, 0.26, 432.055
2016-11-09, 1, wei_ruo, 19.78, 18.25, -1.03, 18.44, 18.44, 18.47, 18.00, 73113.86, 133524313, 1.56, 2.55, 0.36, 619.10701
2016-11-10, 1, wei_ruo, 19.76, 18.29, 0.22, 18.25, 18.33, 18.47, 18.25, 63063.23, 115618145, 1.35, 1.21, 0.32, 761.60192
2016-11-11, 1, wei_ruo, 19.75, 18.55, 1.42, 18.29, 18.31, 18.76, 18.28, 66731.98, 123970723, 1.43, 2.62, 0.33, 723.31905
2016-11-14, 1, wei_ruo, 19.73, 19.09, 2.91, 18.55, 18.42, 19.16, 18.42, 103386.02, 196172958, 2.21, 3.99, 0.52, 528.98002
2016-11-15, 1, wei_ruo, 19.72, 19.44, 1.83, 19.09, 18.96, 19.47, 18.80, 105505.17, 201880890, 2.25, 3.51, 0.53, 828.29785
2016-11-16, 1, wei_ruo, 19.72, 19.74, 1.54, 19.44, 19.43, 20.25, 19.40, 91809.19, 182510061, 1.96, 4.37, 0.92, 460.54482
2016-11-17, 1, wei_ruo, 19.72, 19.74, 1.54, 19.44, 19.43, 20.25, 19.40, 91809.19, 182510061, 1.96, 4.37, 0.92, 542.81998
2016-11-18, 1, wei_ruo, 19.71, 19.74, 1.54, 19.44, 19.43, 20.25, 19.40, 91809.19, 182510061, 1.96, 4.37, 0.92, 645.74885
2016-11-21, 1, wei_ruo, 19.70, 18.90, -1.20, 19.13, 19.11, 19.28, 18.88, 70865.18, 134744300, 1.51, 2.09, 0.35, 367.17582
2016-11-22, 1, wei_ruo, 19.69, 19.05, 0.79, 18.90, 18.90, 19.05, 18.75, 64951.95, 122606169, 1.39, 1.59, 0.32, 1040.9081
2016-11-23, 1, wei_ruo, 19.68, 18.72, -1.73, 19.05, 19.06, 19.14, 18.66, 69103.04, 130487816, 1.48, 2.52, 0.34, 516.59989
2016-11-24, 1, wei_ruo, 19.67, 18.70, -0.11, 18.72, 18.60, 18.90, 18.54, 62076.71, 115988342, 1.33, 1.92, 0.31, 477.77581
2016-11-25, 1, wei_ruo, 19.65, 18.53, -0.91, 18.70, 18.71, 18.83, 18.29, 58921.71, 108783486, 1.26, 2.89, 0.30, 809.78203
2016-11-28, 1, wei_ruo, 19.64, 18.46, -0.32, 18.52, 18.56, 18.68, 18.40, 49431.97, 91479559, 1.06, 1.51, 0.25, 511.18302
2016-11-29, 1, wei_ruo, 19.63, 18.75, 1.57, 18.46, 18.46, 18.86, 18.45, 61352.69, 114401660, 1.31, 2.22, 0.31, 418.32995
2016-11-30, 1, wei_ruo, 19.61, 19.01, 1.39, 18.75, 18.74, 19.06, 18.38, 74239.43, 140225504, 1.59, 3.63, 0.37, 444.75293
2016-12-01, 1, wei_ruo, 19.61, 18.78, -1.26, 19.02, 19.01, 19.06, 18.73, 45828.28, 86412599, 0.98, 1.74, 0.23, 680.74584
2016-12-02, 1, wei_ruo, 19.59, 18.27, -2.72, 18.78, 18.72, 18.78, 18.26, 50835.99, 93746917, 1.09, 2.77, 0.25, 2087.32414
2016-12-05, 1, wei_ruo, 19.58, 18.35, 0.44, 18.27, 18.11, 18.70, 17.75, 35622.1, 65259624, 0.76, 5.20, 0.18, 693.69912
2016-12-06, 1, wei_ruo, 19.57, 18.18, -0.93, 18.35, 18.39, 18.48, 18.09, 40185.15, 73164888, 0.86, 2.13, 0.20, 606.0729
2016-12-07, 1, wei_ruo, 19.56, 18.20, 0.11, 18.18, 18.23, 18.29, 18.08, 40028.95, 72591049, 0.85, 1.16, 0.20, 491.77289
2016-12-08, 1, wei_ruo, 19.54, 17.92, -1.54, 18.20, 18.19, 18.24, 17.91, 53401.13, 96259338, 1.14, 1.81, 0.27, 706.29096
2016-12-09, 1, wei_ruo, 19.53, 17.84, -0.45, 17.92, 17.92, 18.10, 17.83, 30418.37, 54524142, 0.65, 1.51, 0.15, 633.88395
2016-12-12, 1, wei_ruo, 19.50, 16.86, -5.49, 17.84, 17.84, 17.95, 16.81, 71470.17, 123621879, 1.53, 6.39, 0.36, 433.24804
2016-12-13, 1, wei_ruo, 19.47, 16.99, 0.77, 16.86, 16.69, 17.24, 16.52, 54669.35, 92356191, 1.17, 4.27, 0.27, 744.57788
2016-12-14, 1, wei_ruo, 19.45, 16.65, -2.00, 16.99, 17.00, 17.11, 16.57, 32938.96, 55303955, 0.70, 3.18, 0.16, 464.82301
2016-12-15, 1, wei_ruo, 19.43, 16.78, 0.78, 16.65, 16.65, 16.96, 16.55, 26225.14, 44030321, 0.56, 2.46, 0.13, 531.37088
2016-12-16, 1, wei_ruo, 19.42, 16.88, 0.60, 16.78, 16.80, 16.90, 16.70, 20750.44, 34933914, 0.44, 1.19, 0.10, 475.18802
2016-12-19, 1, wei_ruo, 19.41, 16.60, -1.66, 16.88, 16.87, 16.96, 16.53, 26571.98, 44408341, 0.57, 2.55, 0.13, 499.90201
2016-12-20, 1, wei_ruo, 19.39, 16.34, -1.57, 16.60, 16.52, 16.61, 16.30, 31873.63, 52210947, 0.68, 1.87, 0.16, 1798.07401
2016-12-21, 1, wei_ruo, 19.36, 16.70, 2.20, 16.34, 16.41, 16.82, 16.41, 41061.23, 68542957, 0.88, 2.51, 0.20, 533.463
2016-12-22, 1, wei_ruo, 19.34, 16.51, -1.14, 16.70, 16.70, 16.81, 16.28, 41130.53, 67990908, 0.88, 3.17, 0.21, 481.58097
2016-12-23, 1, wei_ruo, 19.32, 16.41, -0.61, 16.51, 16.52, 16.64, 16.31, 30875.51, 50950953, 0.66, 2.00, 0.15, 391.119
2016-12-26, 1, wei_ruo, 19.29, 16.54, 0.79, 16.41, 16.56, 16.66, 16.35, 41112.95, 68033514, 0.88, 1.89, 0.21, 728.0159
2016-12-27, 1, wei_ruo, 19.27, 16.44, -0.60, 16.54, 16.59, 16.62, 16.39, 36151.2, 59735656, 0.77, 1.39, 0.18, 486.91511
2016-12-28, 1, wei_ruo, 19.25, 16.37, -0.43, 16.44, 16.41, 16.56, 16.36, 28149.87, 46263206, 0.60, 1.22, 0.14, 485.58807
2016-12-29, 1, wei_ruo, 19.24, 16.38, 0.06, 16.37, 16.30, 16.47, 16.30, 29363.3, 48189058, 0.45, 1.04, 0.15, 2492.76495
2016-12-30, 1, wei_ruo, 19.23, 16.40, 0.12, 16.38, 16.36, 16.50, 16.36, 18454.99, 30345251, 0.28, 0.85, 0.09, 585.57606
2017-01-03, 1, wei_ruo, 19.22, 16.40, 0.12, 16.38, 16.36, 16.50, 16.36, 18454.99, 30345251, 0.28, 0.85, 0.09, 2545.49313
2017-01-04, 1, wei_ruo, 19.20, 17.05, 2.34, 16.66, 16.67, 17.15, 16.54, 51592.66, 87091178, 0.86, 3.66, 0.26, 500.4859
2017-01-05, 1, wei_ruo, 19.18, 17.02, -0.18, 17.05, 17.05, 17.10, 16.92, 33197.63, 56478652, 0.55, 1.06, 0.17, 508.46815
2017-01-06, 1, wei_ruo, 19.17, 16.88, -0.82, 17.02, 17.02, 17.09, 16.78, 24577.71, 41450984, 0.41, 1.82, 0.12, 782.84287
2017-01-09, 1, wei_ruo, 19.17, 16.87, -0.06, 16.88, 16.88, 16.97, 16.71, 19993.06, 33641854, 0.33, 1.54, 0.10, 597.76115
2017-01-10, 1, wei_ruo, 19.16, 16.84, -0.18, 16.87, 16.94, 16.94, 16.71, 25605.11, 43108231, 0.43, 1.36, 0.13, 440.02295
2017-01-11, 1, wei_ruo, 19.15, 16.50, -2.02, 16.84, 16.80, 16.84, 16.50, 22366.23, 37206995, 0.37, 2.02, 0.11, 2649.84202
2017-01-12, 1, wei_ruo, 19.14, 16.57, 0.42, 16.50, 16.45, 16.68, 16.40, 26138.44, 43363454, 0.44, 1.70, 0.13, 381.69718
2017-01-13, 1, wei_ruo, 19.13, 16.25, -1.93, 16.57, 16.51, 16.63, 16.23, 23181.63, 37923032, 0.39, 2.41, 0.12, 691.98608
2017-01-16, 1, wei_ruo, 19.10, 15.92, -2.03, 16.25, 16.30, 16.36, 14.70, 43644.42, 69290592, 0.73, 10.22, 0.22, 2528.81503
2017-01-17, 1, wei_ruo, 19.08, 15.97, 0.31, 15.92, 15.87, 16.10, 15.60, 28155.9, 44801047, 0.47, 3.14, 0.14, 510.77294
2017-01-18, 1, wei_ruo, 19.07, 16.04, 0.44, 15.97, 15.82, 16.26, 15.80, 23201.2, 37409660, 0.39, 2.88, 0.12, 182805.48286
2017-02-07, 3, zhong_du, 18.97, 17.63, 0.17, 17.60, 17.60, 17.69, 17.42, 13658.61, 24032696, 0.23, 1.53, 0.16, 665.68804
2017-02-08, 3, zhong_du, 18.95, 18.20, 3.41, 17.60, 17.60, 18.49, 17.42, 91458.41, 165538917, 1.53, 6.08, 0.46, 640.26999
2017-02-09, 3, zhong_du, 18.94, 18.20, 0.00, 18.20, 18.10, 18.88, 18.04, 117191, 216907052, 1.96, 4.62, 0.58, 510.86092
2017-02-10, 3, zhong_du, 18.93, 17.89, -1.70, 18.20, 18.30, 18.35, 17.88, 65754.3, 118594486, 1.10, 2.58, 0.33, 843.62006
2017-02-13, 3, zhong_du, 18.92, 18.29, 2.24, 17.89, 17.79, 18.58, 17.79, 76456.78, 140133855, 1.28, 4.42, 0.38, 64808.41994
2017-02-14, 3, zhong_du, 18.92, 18.23, -0.33, 18.29, 18.25, 18.42, 18.18, 29819, 54454187, 0.50, 1.31, 0.15, 183061.22303
2017-02-15, 3, zhong_du, 18.91, 18.18, -0.27, 18.23, 18.30, 18.51, 18.15, 49451.17, 90615156, 0.83, 1.97, 0.25, 2535.77304
2017-02-24, 4, gao_du, 18.95, 19.61, 7.87, 18.18, 19.64, 20.00, 18.95, 399860.01, 786193331, 6.67, 5.78, 2.00, 1012.14194
2017-02-27, 4, gao_du, 19.02, 20.11, 2.55, 19.61, 19.80, 20.92, 19.66, 318726.06, 643922358, 5.32, 6.43, 1.59, 936.11884
2017-02-28, 4, gao_du, 19.05, 19.81, 8.97, 18.18, 19.64, 20.00, 18.95, 249820.29, 489594432, 4.17, 5.78, 6.80, 742.11407
2017-03-01, 4, gao_du, 19.11, 20.65, 3.25, 20.00, 20.00, 20.78, 19.77, 236229.07, 483286379, 3.94, 5.05, 1.18, 2481.59385
2017-03-02, 5, qiang_lie, 19.13, 20.24, -1.99, 20.65, 20.55, 20.55, 20.13, 121475.29, 246857471, 2.03, 2.03, 0.61, 645.11704
2017-03-03, 5, qiang_lie, 19.14, 20.04, -0.99, 20.24, 20.10, 20.24, 19.60, 89075.85, 177714190, 1.49, 3.16, 0.44, 64777.85707
2017-03-06, 5, qiang_lie, 19.20, 21.06, 5.09, 20.04, 20.32, 21.10, 20.20, 211100.21, 438579011, 3.52, 4.49, 1.05, 2695.99295
2017-03-08, 5, qiang_lie, 19.31, 21.02, -2.23, 21.50, 21.50, 21.50, 21.00, 110735.16, 234762648, 1.85, 2.33, 0.55, 2823.64011
2017-03-09, 5, qiang_lie, 19.34, 20.90, -0.57, 21.02, 21.02, 21.35, 20.70, 103572.71, 216900461, 1.73, 3.09, 0.52, 3262.81309
2017-03-10, 5, qiang_lie, 19.36, 21.01, 0.53, 20.90, 20.91, 21.48, 20.81, 90126.02, 191375388, 1.50, 3.21, 0.45, 689.61215
2017-03-13, 5, qiang_lie, 19.39, 21.02, 0.05, 21.01, 21.02, 21.11, 20.38, 97354.27, 202382609, 1.62, 3.47, 0.49, 779.55413
2017-03-14, 5, qiang_lie, 19.44, 21.75, 3.47, 21.02, 21.26, 21.87, 21.08, 146414.44, 315659488, 2.44, 3.76, 0.73, 982.40113
2017-03-15, 5, qiang_lie, 19.50, 21.41, -1.56, 21.75, 22.00, 22.27, 21.01, 170304.54, 368558714, 2.84, 5.79, 0.85, 1838.97901
2017-03-16, 5, qiang_lie, 19.53, 21.40, -0.05, 21.41, 21.40, 22.07, 21.28, 90614.25, 195418487, 1.46, 3.69, 0.45, 589.09106
2017-03-17, 5, qiang_lie, 19.57, 21.35, -0.23, 21.40, 21.70, 21.98, 21.30, 113698.02, 246076213, 1.83, 3.18, 0.57, 592.02409
2017-03-20, 5, qiang_lie, 19.59, 21.19, -0.75, 21.35, 21.60, 21.65, 21.00, 86401.55, 184035086, 1.39, 3.04, 0.43, 600.4529
2017-03-21, 5, qiang_lie, 19.61, 21.38, 0.90, 21.19, 21.34, 21.55, 21.07, 75952.31, 161896483, 1.22, 2.27, 0.38, 617.85698
2017-03-22, 5, qiang_lie, 19.63, 20.80, -2.71, 21.38, 21.20, 21.20, 20.76, 95210.47, 199128786, 1.53, 2.06, 0.48, 696.60997
2017-03-23, 5, qiang_lie, 19.64, 20.88, 0.38, 20.80, 20.78, 21.14, 20.60, 58136.82, 121762783, 0.93, 2.60, 0.29, 604.5351
2017-03-24, 5, qiang_lie, 19.65, 20.86, -0.10, 20.88, 21.10, 21.10, 20.75, 52973.58, 110739343, 0.85, 1.68, 0.26, 613.68108
2017-03-27, 5, qiang_lie, 19.67, 20.61, -1.20, 20.86, 20.89, 21.17, 20.30, 79746.96, 164884284, 1.28, 4.17, 0.40, 597.54992
2017-03-28, 5, qiang_lie, 19.67, 20.84, 1.12, 20.61, 20.61, 20.96, 20.41, 42803.23, 88875956, 0.69, 2.67, 0.21, 650.12717
2017-03-29, 5, qiang_lie, 19.69, 20.83, -0.05, 20.84, 21.19, 21.19, 20.16, 70308.1, 145479894, 1.13, 4.94, 0.35, 614.30216
2017-03-30, 5, qiang_lie, 19.69, 20.31, -2.50, 20.83, 20.72, 20.78, 20.26, 49805.24, 102006783, 0.80, 2.50, 0.25, 598.50597
2017-03-31, 5, qiang_lie, 19.70, 20.77, 2.26, 20.31, 20.32, 20.95, 20.23, 51347.08, 105840261, 0.82, 3.55, 0.26, 573.49205
2017-04-05, 5, qiang_lie, 19.71, 20.96, 0.91, 20.77, 20.60, 21.09, 20.60, 59967.08, 125566539, 0.96, 2.36, 0.30, 618.89386
2017-04-06, 5, qiang_lie, 19.72, 21.12, 0.76, 20.96, 21.06, 21.28, 20.88, 52452.01, 110532136, 0.84, 1.91, 0.26, 581.40898
2017-04-07, 5, qiang_lie, 19.74, 20.63, -2.32, 21.12, 21.18, 21.23, 20.28, 96463.39, 199029990, 1.55, 4.50, 0.48, 614.55202
2017-04-10, 5, qiang_lie, 19.75, 20.09, -2.62, 20.63, 20.88, 20.93, 20.03, 91617.41, 186640277, 1.47, 4.36, 0.46, 711.09509
2017-04-11, 5, qiang_lie, 19.75, 20.06, -0.15, 20.09, 20.38, 20.39, 19.63, 73061.43, 145056561, 1.17, 3.78, 0.36, 637.48908
2017-04-12, 4, gao_du, 19.75, 19.96, -0.50, 20.06, 20.00, 20.13, 19.71, 36123.38, 72137624, 0.58, 2.09, 0.18, 655.62081
2017-04-13, 4, gao_du, 19.75, 19.60, -1.80, 19.96, 19.96, 20.10, 19.31, 61368.06, 120503948, 0.99, 3.96, 0.31, 623.08598
2017-04-14, 3, zhong_du, 19.74, 18.90, -3.57, 19.60, 19.52, 19.60, 18.90, 62617.81, 119927077, 1.01, 3.57, 0.31, 702.78502
2017-04-17, 3, zhong_du, 19.74, 19.01, 0.58, 18.90, 18.90, 19.44, 18.69, 68018.28, 130022404, 1.09, 3.97, 0.34, 606.15015
2017-04-18, 2, qing_du, 19.73, 19.04, 0.16, 19.01, 19.30, 19.35, 18.98, 34384.71, 65775011, 0.55, 1.95, 0.17, 583.63509
2017-04-19, 2, qing_du, 19.73, 20.02, 5.15, 19.04, 19.30, 20.45, 18.75, 95749.66, 187107632, 1.54, 8.93, 0.48, 536.60393
2017-04-20, 2, qing_du, 19.74, 20.18, 0.80, 20.02, 20.00, 20.37, 19.82, 58249.94, 117425057, 0.94, 2.75, 0.29, 638.85188
2017-04-21, 2, qing_du, 19.74, 20.31, 0.64, 20.18, 20.00, 20.73, 20.00, 68278.98, 139976513, 1.10, 3.62, 0.34, 549.01981
2017-04-24, 3, zhong_du, 19.75, 20.68, 1.82, 20.31, 20.32, 20.79, 19.60, 90698.3, 186564806, 1.46, 5.86, 0.45, 616.0078
2017-04-25, 3, zhong_du, 19.77, 20.92, 1.16, 20.68, 20.61, 20.99, 20.31, 91837.79, 190271243, 1.47, 3.29, 0.46, 589.09607
2017-04-26, 3, zhong_du, 19.82, 21.17, 1.20, 20.92, 21.18, 21.95, 20.82, 210400.2, 452064611, 3.38, 5.40, 1.05, 837.78191
2017-04-27, 4, gao_du, 19.84, 21.37, 0.94, 21.17, 21.42, 21.60, 20.62, 94876.14, 201900490, 1.52, 4.63, 0.47, 709.42211
2017-04-28, 4, gao_du, 19.93, 22.61, 5.80, 21.37, 21.36, 23.00, 21.16, 225811.87, 508642808, 3.63, 8.61, 1.13, 404.53005
2017-05-02, 5, qiang_lie, 20.00, 22.88, 1.19, 22.61, 22.61, 23.80, 22.56, 133087.88, 307855049, 2.14, 5.48, 0.66, 663.1701
2017-05-03, 5, qiang_lie, 20.05, 22.28, -2.62, 22.88, 22.77, 22.85, 21.90, 156615.64, 348363809, 2.52, 4.15, 0.78, 1803.50709
2017-05-04, 5, qiang_lie, 20.09, 22.41, 0.58, 22.28, 22.14, 22.88, 21.72, 105882.49, 237657801, 1.70, 5.21, 0.53, 648.05007
2017-05-05, 4, gao_du, 20.14, 22.42, 0.04, 22.41, 22.20, 22.97, 21.80, 115855.03, 260928883, 1.86, 5.22, 0.58, 638.54098
2017-05-11, 5, qiang_lie, 20.35, 22.81, -0.61, 22.95, 22.57, 23.18, 22.06, 91326.17, 207210994, 1.47, 4.88, 0.46, 949.47004
2017-05-12, 5, qiang_lie, 20.38, 22.30, -2.24, 22.81, 22.67, 22.93, 21.82, 80206.92, 179300568, 1.29, 4.87, 0.40, 550.58908
2017-05-15, 4, gao_du, 20.39, 21.94, -1.61, 22.30, 22.30, 22.72, 21.89, 61336.71, 136440534, 0.99, 3.72, 0.31, 686.30791
2017-05-16, 4, gao_du, 20.43, 23.25, 5.97, 21.94, 22.05, 23.25, 21.83, 96579.91, 218244517, 1.55, 6.47, 0.48, 591.63594
2017-05-17, 4, gao_du, 20.57, 23.88, 2.71, 23.25, 23.35, 24.73, 23.28, 239494.43, 576410481, 3.85, 6.24, 1.20, 619.55285
2017-05-18, 5, qiang_lie, 20.64, 23.87, -0.04, 23.88, 23.65, 24.47, 23.45, 142421.72, 341302237, 2.29, 4.27, 0.71, 640.27619
2017-05-19, 5, qiang_lie, 20.68, 23.97, 0.42, 23.87, 23.91, 24.19, 23.60, 70038.22, 167384491, 1.12, 2.47, 0.35, 566.95914
2017-05-22, 5, qiang_lie, 20.72, 23.20, -3.21, 23.97, 23.95, 24.20, 23.19, 84233.75, 198623359, 1.35, 4.21, 0.42, 568.90297
2017-05-23, 5, qiang_lie, 20.76, 22.57, -2.72, 23.20, 23.30, 23.36, 22.52, 107706.17, 246117178, 1.73, 3.62, 0.54, 1013.17286
2017-05-24, 5, qiang_lie, 20.69, 23.17, 3.12, 22.47, 22.47, 23.22, 22.03, 81061.61, 184806755, 1.30, 5.30, 0.40, 699.29504
2017-05-25, 4, gao_du, 20.73, 23.16, -0.04, 23.17, 23.17, 23.68, 22.70, 91436.62, 211985943, 1.47, 4.23, 0.46, 653.22399
2017-05-26, 4, gao_du, 20.76, 23.55, 1.68, 23.16, 23.16, 23.81, 22.85, 71231.59, 167161443, 1.14, 4.15, 0.36, 673.74706
2017-05-31, 4, gao_du, 20.79, 23.01, -2.29, 23.55, 24.00, 24.10, 23.00, 71012.46, 166933156, 1.14, 4.67, 0.35, 623.10219
2017-06-01, 5, qiang_lie, 20.82, 22.14, -3.78, 23.01, 22.78, 22.85, 22.06, 124162.85, 278661043, 1.99, 3.43, 0.62, 15795.03703
2017-06-02, 4, gao_du, 20.85, 22.90, 3.43, 22.14, 22.00, 23.08, 22.00, 83619.03, 189862948, 1.34, 4.88, 0.42, 677.91009
2017-06-05, 5, qiang_lie, 20.93, 24.43, 6.68, 22.90, 22.88, 24.45, 22.88, 162957.72, 389088855, 2.62, 6.86, 0.81, 16012.96806
2017-06-06, 5, qiang_lie, 20.98, 24.40, -0.12, 24.43, 24.30, 24.50, 24.03, 104135.41, 252692740, 1.67, 1.92, 0.52, 508.65412
2017-06-07, 5, qiang_lie, 21.15, 25.62, 5.00, 24.40, 24.50, 26.50, 24.40, 224729.8, 575119105, 3.61, 8.61, 1.12, 536.39293
2017-06-08, 5, qiang_lie, 21.25, 26.13, 1.99, 25.62, 25.62, 26.30, 25.42, 139430.03, 360834832, 2.24, 3.43, 0.70, 627.0411
2017-06-09, 5, qiang_lie, 21.34, 26.01, -0.46, 26.13, 25.96, 26.47, 25.59, 117043.07, 305646711, 1.88, 3.37, 0.58, 755.7199
2017-06-12, 5, qiang_lie, 21.47, 26.37, 1.38, 26.01, 25.88, 27.19, 25.50, 160626.61, 424642017, 2.58, 6.50, 0.80, 17681.44894
2017-06-13, 5, qiang_lie, 21.55, 26.80, 1.63, 26.37, 26.33, 27.07, 26.06, 88954.66, 236818702, 1.43, 3.83, 0.44, 599.08485
2017-06-14, 5, qiang_lie, 21.62, 25.90, -3.36, 26.80, 26.65, 26.80, 25.79, 101563.1, 266352203, 1.63, 3.77, 0.51, 636.549
2017-06-15, 5, qiang_lie, 21.70, 25.95, 0.19, 25.90, 25.89, 26.36, 25.70, 105884.74, 275394245, 1.70, 2.55, 0.53, 698.99297
2017-06-16, 5, qiang_lie, 21.75, 25.75, -0.77, 25.95, 26.00, 26.29, 25.57, 87706.11, 226403643, 1.41, 2.77, 0.44, 659.31106
2017-06-19, 5, qiang_lie, 21.83, 25.81, 0.23, 25.75, 25.60, 26.02, 24.65, 121529.98, 308016892, 1.95, 5.32, 0.61, 888.937
2017-06-20, 5, qiang_lie, 21.89, 25.38, -1.67, 25.81, 25.74, 26.33, 25.11, 102350.51, 261677527, 1.64, 4.73, 0.51, 305.79519
2017-06-21, 5, qiang_lie, 21.94, 25.54, 0.63, 25.38, 25.41, 25.77, 24.92, 86609.03, 219263590, 1.39, 3.35, 0.43, 779.62804
2017-06-22, 5, qiang_lie, 22.04, 25.89, 1.37, 25.54, 25.60, 26.49, 25.36, 157267.55, 409938956, 2.53, 4.42, 0.78, 606.82297
2017-06-23, 5, qiang_lie, 22.13, 24.96, -3.59, 25.89, 25.73, 25.73, 24.48, 191518.05, 478994141, 3.08, 4.83, 0.96, 745.73493
2017-06-26, 5, qiang_lie, 22.21, 25.24, 1.12, 24.96, 24.94, 25.70, 24.60, 161713.14, 404833296, 2.60, 4.41, 0.81, 616.27293
2017-06-27, 5, qiang_lie, 22.33, 26.42, 4.68, 25.24, 25.16, 26.49, 24.87, 199251.04, 512774403, 3.20, 6.42, 0.99, 650.0988
2017-06-28, 5, qiang_lie, 22.40, 25.69, -2.76, 26.42, 26.15, 26.35, 25.60, 119919.63, 310494560, 1.93, 2.84, 0.60, 741.73403
2017-06-29, 5, qiang_lie, 22.46, 25.30, -1.52, 25.69, 25.69, 25.80, 25.08, 118689.71, 300899422, 1.91, 2.80, 0.59, 587.12792
2017-06-30, 5, qiang_lie, 22.50, 25.57, 1.07, 25.30, 25.23, 25.57, 25.03, 85521.85, 216520361, 1.37, 2.13, 0.43, 638.68809
2017-07-03, 5, qiang_lie, 22.56, 24.98, -2.31, 25.57, 25.61, 25.81, 24.70, 143224.56, 358229674, 2.30, 4.34, 0.71, 663.23709
2017-07-04, 5, qiang_lie, 22.61, 23.73, -5.00, 24.98, 24.84, 25.10, 23.68, 197560.91, 477111324, 3.17, 5.68, 0.99, 643.74304
2017-07-05, 4, gao_du, 22.64, 24.22, 2.06, 23.73, 23.50, 24.27, 23.39, 150440.07, 358806213, 2.42, 3.71, 0.75, 780.17592
2017-07-06, 3, zhong_du, 22.67, 23.90, -1.32, 24.22, 24.20, 24.20, 23.50, 134673.73, 320838339, 2.16, 2.89, 0.67, 1616.37712
2017-07-07, 3, zhong_du, 22.70, 24.43, 2.22, 23.90, 23.73, 24.56, 23.72, 122118.25, 297479892, 1.96, 3.51, 0.61, 714.29896
2017-07-10, 3, zhong_du, 22.72, 23.42, -4.13, 24.43, 24.31, 24.65, 23.40, 130586.93, 311825842, 2.10, 5.12, 0.65, 544.83891
2017-07-11, 3, zhong_du, 22.73, 22.78, -2.73, 23.42, 23.45, 23.83, 22.52, 136080.73, 315698999, 2.19, 5.59, 0.68, 612.12993
2017-07-12, 2, qing_du, 22.74, 23.71, 4.08, 22.78, 22.78, 23.73, 22.78, 121695, 283949655, 1.95, 4.17, 0.61, 646.35301
2017-07-13, 2, qing_du, 22.75, 23.44, -1.14, 23.71, 23.65, 23.66, 23.23, 55201.84, 129463350, 0.89, 1.81, 0.28, 864.68291
2017-07-14, 2, qing_du, --, 23.35, -0.38, 23.44, 23.75, 24.29, 23.20, 80765.48, 191673575, 1.30, 4.65, 0.40, 592.628
2017-07-17, 2, qing_du, --, 22.45, -3.85, 23.35, 23.34, 23.49, 21.05, 133711.26, 296104318, 2.15, 10.45, 0.67, 858.84905
2017-07-18, 2, qing_du, 22.74, 22.11, -1.51, 22.45, 22.17, 22.58, 21.53, 84648.69, 186526465, 1.36, 4.68, 0.42, 3726.27807
2017-07-19, 1, wei_ruo, --, 22.86, 3.39, 22.11, 22.00, 22.92, 21.88, 84366.08, 189722814, 1.35, 4.70, 0.42, 529.3529
2017-07-20, 1, wei_ruo, --, 22.68, -0.79, 22.86, 22.87, 23.60, 22.60, 61348.15, 141755442, 0.99, 4.37, 0.31, 474.77508
2017-07-21, 2, qing_du, --, 22.83, 0.66, 22.68, 22.88, 23.07, 22.65, 36982.9, 84485050, 0.59, 1.85, 0.18, 458.1449
2017-07-24, 1, wei_ruo, 22.74, 22.40, -1.88, 22.83, 22.93, 22.95, 22.02, 98022.53, 220180261, 1.57, 4.07, 0.49, 727.02789
2017-07-25, 1, wei_ruo, --, 23.50, 4.91, 22.40, 22.25, 23.60, 22.25, 149475.68, 345703137, 2.40, 6.03, 0.75, 797.97792
2017-07-26, 1, wei_ruo, --, 23.44, -0.26, 23.50, 23.53, 23.98, 23.08, 100734.19, 236050975, 1.62, 3.83, 0.50, 674.83401
2017-07-27, 2, qing_du, 22.82, 24.94, 6.40, 23.44, 23.46, 25.20, 23.20, 214711.83, 526168772, 3.45, 8.53, 1.07, 757.54094
2017-07-28, 2, qing_du, 22.85, 24.95, 0.04, 24.94, 24.87, 25.06, 24.42, 119731.69, 296807561, 1.92, 2.57, 0.60, 743.16096
2017-07-31, 3, zhong_du, 22.88, 24.33, -2.48, 24.95, 24.92, 24.92, 24.11, 105646.83, 257443380, 1.70, 3.25, 0.53, 801.57709
2017-08-01, 3, zhong_du, 22.90, 24.18, -0.62, 24.33, 24.45, 24.76, 23.88, 67869.35, 164073635, 1.09, 3.62, 0.34, 759.93705
2017-08-02, 3, zhong_du, 22.91, 23.75, -1.78, 24.18, 24.30, 24.30, 23.48, 81682.49, 193987651, 1.31, 3.39, 0.41, 15875.33212
2017-08-03, 2, qing_du, 22.92, 23.60, -0.63, 23.75, 23.68, 24.10, 23.31, 68991.52, 163665451, 1.11, 3.33, 0.34, 713.70912
2017-08-04, 2, qing_du, 22.92, 22.81, -3.35, 23.60, 23.60, 23.76, 22.80, 90014.35, 207571598, 1.45, 4.07, 0.45, 731.21405
2017-08-07, 2, qing_du, 22.92, 23.13, 1.40, 22.81, 22.70, 23.54, 22.52, 79332.03, 183847167, 1.27, 4.47, 0.40, 969.67077
2017-08-08, 1, wei_ruo, 22.92, 22.99, -0.61, 23.13, 23.10, 23.19, 22.47, 76183.71, 173658417, 1.22, 3.11, 0.38, 608.04796
2017-08-09, 1, wei_ruo, 22.94, 23.85, 3.74, 22.99, 23.00, 24.25, 22.82, 146138.59, 348323372, 2.35, 6.22, 0.73, 684.33404
2017-08-10, 1, wei_ruo, 22.95, 23.40, -1.89, 23.85, 23.80, 23.93, 22.90, 86872.05, 202646968, 1.40, 4.32, 0.43, 607.78117
2017-08-11, 1, wei_ruo, 22.94, 22.70, -2.99, 23.40, 23.02, 23.10, 22.25, 133607.61, 302815519, 2.15, 3.63, 0.67, 884.93085
2017-08-14, 1, wei_ruo, 22.94, 23.13, 1.89, 22.70, 22.59, 23.16, 22.47, 119385.95, 272928919, 1.92, 3.04, 0.60, 1310.53686
2017-08-15, 1, wei_ruo, 22.94, 22.94, -0.82, 23.13, 23.05, 23.29, 22.83, 65963.92, 152153295, 1.06, 1.99, 0.33, 2912.22811
2017-08-16, 1, wei_ruo, 22.96, 23.98, 4.53, 22.94, 22.90, 24.10, 22.83, 180545.86, 428327892, 2.90, 5.54, 0.90, 3326.97606
2017-08-17, 1, wei_ruo, 22.97, 23.84, -0.58, 23.98, 23.81, 24.05, 23.49, 92977.01, 221098882, 1.49, 2.34, 0.46, 3652.85897
2017-08-18, 2, qing_du, 22.98, 23.70, -0.59, 23.84, 23.60, 23.92, 23.55, 63514.8, 150703931, 1.02, 1.55, 0.32, 726.51482
2017-08-21, 2, qing_du, 22.99, 23.43, -1.14, 23.70, 23.75, 23.95, 23.15, 68851.49, 161355393, 1.11, 3.38, 0.34, 840.48581
2017-08-22, 2, qing_du, 22.99, 23.00, -1.84, 23.43, 23.48, 23.57, 22.88, 54930.88, 126869348, 0.88, 2.94, 0.27, 1004.10485
2017-08-23, 2, qing_du, 22.99, 22.87, -0.57, 23.00, 23.05, 23.18, 22.77, 37153.16, 85026613, 0.60, 1.78, 0.19, 839.35189
2017-08-24, 1, wei_ruo, 22.92, 20.99, -8.22, 22.87, 22.81, 22.88, 20.89, 312701.29, 667748547, 5.02, 8.70, 1.56, 874.85313
2017-08-25, 1, wei_ruo, 22.89, 21.17, 0.86, 20.99, 21.00, 21.35, 20.85, 87397.29, 184622437, 1.40, 2.38, 0.44, 801.80693
2017-08-28, 1, wei_ruo, 22.87, 21.62, 2.13, 21.17, 21.10, 21.86, 21.02, 94064.78, 203349463, 1.51, 3.97, 0.47, 785.13193
2017-09-05, 1, wei_ruo, 22.86, 22.45, 3.84, 21.62, 22.30, 23.15, 21.73, 199402.14, 446859490, 3.20, 6.57, 1.00, 582.56698
2017-09-06, 1, wei_ruo, 22.85, 22.12, -1.47, 22.45, 22.45, 22.45, 21.86, 87887.03, 193588165, 1.41, 2.63, 0.44, 974.54786
2017-09-07, 1, wei_ruo, 22.84, 0.00, 0.00, 21.62, 0.00, 0.00, 0.00, 0, 0, 0.00, 0.00, 0.00, 1039.70599
2017-09-08, 1, wei_ruo, 22.83, 0.00, 0.00, 21.62, 0.00, 0.00, 0.00, 0, 0, 0.00, 0.00, 0.00, 641.72506
2017-09-11, 1, wei_ruo, 22.83, 0.00, 0.00, 21.62, 0.00, 0.00, 0.00, 0, 0, 0.00, 0.00, 0.00, 2725.60215
2017-09-12, 1, wei_ruo, 22.81, 21.53, -1.91, 21.95, 21.96, 22.00, 21.31, 97497.87, 210330501, 1.56, 3.14, 0.49, 2557.57904
2017-09-13, 1, wei_ruo, 22.80, 21.96, 2.00, 21.53, 21.50, 21.98, 21.45, 62613.06, 136980640, 1.00, 2.46, 0.31, 490.82398
2017-09-14, 1, wei_ruo, 22.79, 22.60, 2.91, 21.96, 21.96, 22.85, 21.82, 132479.9, 297963392, 2.13, 4.69, 0.66, 725.94404
2017-09-15, 1, wei_ruo, 22.79, 22.88, 1.24, 22.60, 22.42, 23.11, 22.42, 112673.02, 258223250, 1.81, 3.05, 0.56, 16939.46815
2017-09-18, 1, wei_ruo, 22.79, 22.61, -1.18, 22.88, 22.80, 22.90, 22.41, 44066.17, 99699809, 0.71, 2.14, 0.22, 664.53314
2017-09-19, 1, wei_ruo, 22.79, 22.37, -1.06, 22.61, 22.63, 22.89, 22.33, 31073.66, 70120627, 0.50, 2.48, 0.16, 717.63492
2017-09-20, 1, wei_ruo, 22.78, 22.44, 0.31, 22.37, 22.35, 22.80, 22.00, 52235.28, 117210833, 0.84, 3.58, 0.26, 686.70297
2017-09-21, 1, wei_ruo, 22.78, 22.42, -0.09, 22.44, 22.43, 22.65, 22.21, 38357.53, 85921117, 0.62, 1.96, 0.19, 777.632
2017-09-22, 1, wei_ruo, 22.78, 22.08, -1.52, 22.42, 22.42, 22.48, 21.87, 32847.53, 72492301, 0.53, 2.72, 0.16, 611.54604
2017-09-25, 1, wei_ruo, 22.77, 22.00, -0.36, 22.08, 22.08, 22.08, 21.51, 44034.57, 95952410, 0.71, 2.58, 0.22, 617.80095
2017-09-26, 1, wei_ruo, 22.77, 21.87, -0.59, 22.00, 22.01, 22.09, 21.71, 36982.97, 80977737, 0.59, 1.73, 0.18, 712.48198
2017-09-27, 1, wei_ruo, 22.76, 21.74, -0.59, 21.87, 21.89, 22.05, 21.68, 42022.16, 91851361, 0.67, 1.69, 0.21, 694.59605
2017-09-28, 1, wei_ruo, 22.75, 21.78, 0.18, 21.74, 21.77, 22.15, 21.71, 38017.74, 83281195, 0.61, 2.02, 0.19, 596.37904
2017-09-29, 1, wei_ruo, 22.75, 22.30, 2.39, 21.78, 21.90, 22.34, 21.80, 48035.05, 106446457, 0.77, 2.48, 0.24, 814.76378
2017-10-10, 1, wei_ruo, 22.75, 23.12, 2.98, 22.45, 22.45, 23.23, 22.35, 95415.25, 218473059, 1.53, 3.92, 0.48, 616.92309
2017-10-12, 3, zhong_du, 22.78, 23.64, 0.21, 23.59, 23.60, 24.05, 23.40, 73880.17, 175714897, 1.19, 2.76, 0.37, 971.04001
2017-10-13, 3, zhong_du, 22.79, 23.90, 1.10, 23.64, 23.56, 24.08, 23.34, 62028.21, 147508183, 1.00, 3.13, 0.31, 722.22996
2017-10-16, 3, zhong_du, 22.80, 23.06, -3.51, 23.90, 24.05, 24.38, 22.95, 91569.64, 215184339, 1.47, 5.98, 0.46, 1088.52196
2017-10-17, 3, zhong_du, 22.80, 23.40, 1.47, 23.06, 23.09, 23.75, 22.90, 65685.9, 153490835, 1.05, 3.69, 0.33, 656.75616
2017-10-18, 3, zhong_du, 22.81, 23.20, -0.85, 23.40, 23.51, 23.86, 23.20, 45968.28, 108318321, 0.74, 2.82, 0.23, 682.25312
2017-10-19, 3, zhong_du, 22.82, 23.75, 2.37, 23.20, 23.20, 23.88, 23.20, 75813.76, 179477273, 1.22, 2.93, 0.38, 625.89407
2017-10-20, 3, zhong_du, 22.84, 24.54, 3.33, 23.75, 23.77, 24.88, 23.62, 109343.76, 265536931, 1.75, 5.31, 0.55, 4052.43087
2017-10-23, 3, zhong_du, 22.86, 24.25, -1.18, 24.54, 24.50, 24.50, 24.00, 81466.26, 196940159, 1.31, 2.04, 0.41, 776.76201
2017-10-24, 4, gao_du, 22.88, 24.33, 0.33, 24.25, 24.31, 24.50, 24.01, 62790.89, 152085955, 1.01, 2.02, 0.31, 786.31091
2017-10-25, 4, gao_du, 22.89, 23.64, -2.84, 24.33, 24.45, 24.45, 23.35, 108472.88, 256632124, 1.74, 4.52, 0.54, 724.07794
2017-10-26, 4, gao_du, 22.90, 23.69, 0.21, 23.64, 23.60, 23.79, 23.12, 77451.74, 181228228, 1.24, 2.83, 0.39, 690.763
2017-10-27, 3, zhong_du, 22.91, 23.64, -0.21, 23.69, 23.70, 23.82, 23.40, 55604.08, 131214533, 0.89, 1.77, 0.28, 750.15688
2017-10-30, 3, zhong_du, 22.90, 22.50, -4.82, 23.64, 23.47, 23.58, 22.05, 124454.2, 281277172, 2.00, 6.47, 0.62, 815.36698
2017-10-31, 3, zhong_du, 22.90, 22.54, 0.18, 22.50, 22.26, 22.96, 22.26, 86190.73, 195193370, 1.38, 3.11, 0.43, 660.81214
2017-11-01, 2, qing_du, 22.90, 22.50, -0.18, 22.54, 22.54, 22.79, 22.38, 41594.01, 93905650, 0.67, 1.82, 0.21, 805.00817
2017-11-02, 2, qing_du, 22.89, 22.36, -0.62, 22.50, 22.51, 22.69, 22.21, 51844.81, 116264368, 0.83, 2.13, 0.26, 735.95595
2017-11-03, 1, wei_ruo, 22.89, 22.46, 0.45, 22.36, 23.28, 23.96, 22.06, 138183.1, 317708682, 2.22, 8.50, 0.69, 839.59913
2017-11-06, 1, wei_ruo, 22.88, 22.27, -0.85, 22.46, 21.66, 22.39, 21.59, 83253.26, 183052065, 1.34, 3.56, 0.42, 746.86694
2017-11-07, 1, wei_ruo, 22.89, 22.81, 2.42, 22.27, 22.60, 23.50, 22.60, 68263.92, 157293252, 1.10, 4.04, 0.68, 60597.84508
2017-11-09, 2, qing_du, 22.94, 22.81, 2.42, 22.27, 22.60, 23.50, 22.60, 68263.92, 157293252, 1.10, 4.04, 0.68, 62619.54784
2017-11-10, 3, zhong_du, 22.93, 22.81, 2.42, 22.27, 22.60, 23.50, 22.60, 68263.92, 157293252, 1.10, 4.04, 0.68, 719.12694
2017-11-13, 2, qing_du, 22.92, 22.06, -2.22, 22.56, 22.48, 22.70, 21.96, 157560.03, 349037365, 2.53, 3.28, 0.99, 603.37305
2017-11-14, 2, qing_du, 22.90, 22.39, 1.50, 22.06, 22.06, 22.43, 21.80, 104391.27, 231122427, 1.68, 2.86, 0.60, 847.13411
2017-11-15, 1, wei_ruo, 22.90, 22.07, -1.43, 22.39, 22.20, 22.37, 21.92, 66009.26, 146164041, 1.06, 2.01, 0.40, 786.86714
2017-11-16, 1, wei_ruo, 22.87, 21.41, -2.99, 22.07, 22.07, 22.23, 21.38, 120180.51, 260350788, 1.93, 3.85, 0.97, 6848.75798
2017-11-17, 1, wei_ruo, 22.84, 21.21, -0.93, 21.41, 21.37, 21.84, 21.01, 116835.69, 250674489, 1.87, 3.88, 0.95, 604.75993
2017-11-20, 1, wei_ruo, 22.83, 21.67, 2.17, 21.21, 21.00, 21.76, 20.80, 71034.98, 151554564, 1.14, 4.53, 0.63, 910.65812
2017-11-21, 1, wei_ruo, 22.81, 21.20, -2.17, 21.67, 21.67, 21.85, 21.02, 86660.79, 184718809, 1.39, 3.83, 0.91, 1067.71684
2017-11-22, 1, wei_ruo, 22.79, 21.00, -0.94, 21.20, 21.24, 21.50, 20.82, 72869.94, 153918555, 1.17, 3.21, 0.79, 716.26997
2017-11-23, 1, wei_ruo, 22.74, 20.06, -4.48, 21.00, 20.90, 20.91, 19.94, 106932.6, 215728061, 1.72, 4.62, 1.14, 842.66686
2017-11-24, 1, wei_ruo, 22.71, 19.66, -1.99, 20.06, 20.06, 20.18, 19.46, 73316.63, 144572548, 1.18, 3.59, 0.81, 917.16194
2017-11-27, 1, wei_ruo, 22.68, 19.67, 0.05, 19.66, 19.55, 19.89, 19.41, 57258.26, 112873060, 0.92, 2.44, 0.70, 763.92388
2017-11-28, 1, wei_ruo, 22.67, 19.92, 1.27, 19.67, 19.66, 19.99, 19.54, 33762.53, 66872001, 0.54, 2.29, 0.43, 785.63714
2017-11-29, 1, wei_ruo, 22.64, 19.62, -1.51, 19.92, 19.92, 19.93, 19.50, 46981.97, 92404024, 0.75, 2.16, 0.68, 612.885
2017-11-30, 1, wei_ruo, 22.62, 19.18, -2.24, 19.62, 19.76, 19.80, 19.11, 50618.19, 98556290, 0.81, 3.52, 0.80, 2643.38279
2017-12-01, 1, wei_ruo, 22.58, 20.08, 4.69, 19.18, 19.18, 20.60, 19.10, 94388.37, 188033358, 1.51, 7.82, 1.80, 526.32904
2017-12-04, 1, wei_ruo, 22.55, 20.14, 0.30, 20.08, 19.98, 20.50, 19.85, 61064.23, 123396718, 0.98, 3.24, 1.08, 907.95112
2017-12-05, 1, wei_ruo, 22.52, 19.50, -3.18, 20.14, 20.10, 20.14, 19.11, 72577.53, 141769950, 1.16, 5.11, 1.27, 761.09481
2017-12-06, 1, wei_ruo, 22.49, 19.20, -1.54, 19.50, 19.33, 19.55, 18.50, 57971.2, 110312445, 0.93, 5.38, 0.89, 828.62496
2017-12-07, 1, wei_ruo, 22.44, 20.20, 5.21, 19.20, 19.00, 20.48, 19.00, 111566, 223045453, 1.79, 7.71, 1.66, 659.02901
2017-12-08, 1, wei_ruo, 22.40, 21.24, 5.15, 20.20, 20.43, 21.58, 20.21, 173327.87, 365880567, 2.78, 6.78, 2.18, 616.02306
2017-12-11, 1, wei_ruo, 22.38, 21.24, 0.00, 21.24, 21.20, 21.99, 20.80, 99636.94, 212369248, 1.60, 5.60, 1.05, 698.68612
2017-12-12, 1, wei_ruo, 22.37, 21.20, -0.19, 21.24, 21.45, 21.87, 21.20, 81254.2, 175379154, 1.30, 3.15, 0.79, 734.60102
2017-12-13, 1, wei_ruo, 22.36, 21.58, 1.79, 21.20, 21.35, 22.00, 21.31, 80863.98, 174749077, 1.30, 3.25, 0.77, 657.14383
2017-12-14, 1, wei_ruo, 22.35, 21.63, 0.23, 21.58, 21.58, 21.96, 21.48, 65465.7, 142695290, 1.05, 2.22, 0.60, 704.82397
2017-12-15, 1, wei_ruo, 22.34, 21.70, 0.32, 21.63, 21.59, 21.85, 20.98, 67908.11, 145576971, 1.09, 4.02, 0.68, 838.02986
2017-12-18, 1, wei_ruo, 22.34, 21.89, 0.88, 21.70, 21.66, 22.37, 21.51, 88433.52, 194849685, 1.42, 3.96, 1.12, 838.86003
2017-12-19, 1, wei_ruo, 22.34, 22.54, 2.97, 21.89, 21.91, 22.66, 21.75, 97680.69, 219035306, 1.57, 4.16, 1.27, 739.42804
2017-12-20, 1, wei_ruo, 22.34, 22.00, -2.40, 22.54, 22.60, 22.66, 21.87, 81966.97, 182086136, 1.32, 3.50, 1.02, 763.0291
2017-12-21, 1, wei_ruo, 22.33, 22.20, 0.91, 22.00, 21.90, 22.33, 21.62, 68191.39, 150044662, 1.09, 3.23, 0.85, 738.271
2017-12-22, 1, wei_ruo, 22.32, 21.03, -5.27, 22.20, 22.15, 22.15, 21.00, 99871.36, 215189192, 1.60, 5.18, 1.24, 559.36217
2017-12-25, 1, wei_ruo, 22.29, 20.20, -3.95, 21.03, 21.03, 21.20, 19.82, 104792.65, 212302609, 1.68, 6.56, 1.20, 557.73497
2017-12-26, 1, wei_ruo, 22.26, 20.37, 0.84, 20.20, 20.36, 20.86, 20.13, 81338.27, 166774236, 1.31, 3.61, 0.90, 480.27396
2017-12-27, 1, wei_ruo, 22.25, 20.66, 1.42, 20.37, 20.30, 20.88, 20.30, 50697.6, 104764426, 0.81, 2.85, 0.58, 602.01693
2017-12-29, 1, wei_ruo, 22.21, 20.19, -1.70, 20.54, 20.57, 20.85, 20.09, 93219.66, 189266266, 0.76, 3.70, 1.17, 746.72294
2018-01-03, 1, wei_ruo, 22.17, 20.36, 0.84, 20.19, 20.15, 20.45, 19.89, 144634.7, 290304190, 1.18, 2.77, 1.88, 631.40106
2018-01-04, 1, wei_ruo, 22.15, 20.01, -1.72, 20.36, 20.28, 20.28, 19.81, 104665.72, 209357626, 0.85, 2.31, 1.17, 795.66979
2018-01-05, 1, wei_ruo, 22.12, 19.51, -2.50, 20.01, 19.99, 20.05, 19.44, 135639.97, 267146417, 1.10, 3.05, 1.35, 721.61198
2018-01-08, 1, wei_ruo, 22.10, 19.70, 0.97, 19.51, 19.50, 19.78, 19.05, 114771.49, 223073211, 0.93, 3.74, 1.04, 590.43384
2018-01-09, 1, wei_ruo, 22.09, 19.96, 1.32, 19.70, 19.72, 20.09, 19.60, 77892.27, 154534154, 0.63, 2.49, 0.66, 656.68082
2018-01-10, 1, wei_ruo, 22.07, 19.69, -1.35, 19.96, 19.92, 19.97, 19.37, 68051.37, 133439662, 0.55, 3.01, 0.59, 557.26385
2018-01-11, 1, wei_ruo, 22.06, 20.01, 1.63, 19.69, 19.57, 20.20, 19.40, 79481.87, 158178315, 0.65, 4.06, 0.79, 621.69814
2018-01-12, 1, wei_ruo, 22.04, 19.92, -0.45, 20.01, 20.31, 20.61, 19.81, 104179.97, 210004197, 0.85, 4.00, 1.09, 816.88809
2018-01-15, 1, wei_ruo, 22.00, 19.00, -4.62, 19.92, 19.50, 19.58, 18.60, 160751.95, 305380969, 1.31, 4.92, 1.81, 564.89587
2018-01-16, 1, wei_ruo, 21.94, 18.08, -4.84, 19.00, 18.79, 18.79, 17.70, 189184.74, 342778615, 1.54, 5.74, 1.93, 555.90391
2018-01-17, 1, wei_ruo, 21.91, 19.15, 5.92, 18.08, 18.01, 19.26, 17.51, 142614.06, 264499787, 1.16, 9.68, 1.19, 812.88695
2018-01-18, 1, wei_ruo, 21.89, 18.57, -3.03, 19.15, 18.89, 19.11, 18.50, 65678.34, 123243826, 0.53, 3.19, 0.49, 496.35887
2018-01-19, 1, wei_ruo, 21.88, 18.78, 1.13, 18.57, 18.53, 19.00, 18.38, 50472.27, 94938020, 0.41, 3.34, 0.38, 2715.19184
2018-01-22, 1, wei_ruo, 21.86, 18.99, 1.12, 18.78, 18.80, 19.21, 18.42, 71784.59, 135943493, 0.58, 4.21, 0.59, 706.50887
2018-01-23, 1, wei_ruo, 21.84, 18.58, -2.16, 18.99, 18.84, 19.05, 18.48, 66820.46, 124467694, 0.54, 3.00, 0.64, 2579.81896
2018-01-24, 1, wei_ruo, 21.79, 20.30, 9.26, 18.58, 18.71, 20.43, 18.48, 289571.71, 570394548, 2.36, 10.50, 3.64, 614.35318
2018-01-25, 1, wei_ruo, 21.77, 20.95, 3.20, 20.30, 20.29, 21.65, 20.13, 262290.22, 554924558, 2.14, 7.49, 2.41, 912.6091
2018-01-26, 2, qing_du, 21.77, 20.95, 0.00, 20.95, 21.08, 21.54, 20.85, 123805.26, 261704946, 1.01, 3.29, 0.84, 650.75517
2018-01-29, 2, qing_du, 21.75, 20.58, -1.77, 20.95, 20.93, 21.00, 20.32, 142970.43, 295186810, 1.16, 3.25, 0.88, 670.7809
2018-01-30, 2, qing_du, 21.74, 20.23, -1.70, 20.58, 20.54, 20.98, 20.16, 101321.87, 206599971, 0.83, 3.98, 0.57, 377.58183
2018-01-31, 2, qing_du, 21.73, 20.56, 1.63, 20.23, 20.17, 20.88, 19.93, 122995.52, 252622678, 1.00, 4.70, 0.67, 653.06902
2018-02-01, 2, qing_du, 21.72, 20.19, -1.80, 20.56, 20.40, 20.79, 19.83, 96653.89, 196085274, 0.79, 4.67, 0.64, 685.68015
2018-02-02, 2, qing_du, 21.71, 20.43, 1.19, 20.19, 19.99, 20.99, 19.00, 88805.25, 182004565, 0.72, 9.86, 0.76, 619.55786
2018-02-05, 2, qing_du, 21.70, 19.90, -2.59, 20.43, 20.21, 20.65, 19.80, 55970.91, 112875496, 0.46, 4.16, 0.51, 799.49093
2018-02-06, 2, qing_du, 21.68, 19.10, -4.02, 19.90, 19.00, 19.88, 18.73, 84542.08, 162606826, 0.69, 5.78, 0.91, 690.60302
2018-02-07, 1, wei_ruo, 21.66, 19.38, 1.47, 19.10, 19.50, 19.68, 18.61, 90018.25, 173549967, 0.73, 5.60, 1.00, 742.37514
2018-02-08, 1, wei_ruo, 21.65, 20.15, 3.97, 19.38, 19.59, 21.00, 19.50, 136222.55, 275958590, 1.11, 7.74, 1.66, 1491.22
2018-02-09, 1, wei_ruo, 21.63, 19.85, -1.49, 20.15, 18.81, 20.16, 18.81, 83045.64, 162088851, 0.68, 6.70, 0.77, 931.91791
2018-02-12, 2, qing_du, 21.62, 20.54, 3.48, 19.85, 19.84, 20.96, 19.59, 119799.92, 243321024, 0.98, 6.90, 1.13, 663.14387
2018-02-13, 2, qing_du, 21.61, 19.89, -3.16, 20.54, 20.53, 21.05, 19.77, 82742.36, 168087464, 0.67, 6.23, 0.79, 656.28982
2018-02-14, 2, qing_du, 21.59, 18.97, -4.63, 19.89, 19.50, 19.86, 18.31, 129223.97, 243532723, 1.05, 7.79, 1.23, 734.21812
