2016-02-01, 1, wei_ruo, 25.53, 17.30, -4.31, 18.08, 18.20, 18.22, 16.68, 83579.02, 147783595, 3.20, 8.52, 0.68, 771.54613
2016-02-02, 1, wei_ruo, 25.25, 19.03, 10.00, 17.30, 17.33, 19.03, 17.33, 105901.97, 195964024, 4.06, 9.83, 0.86, 1716.14099
2016-02-03, 1, wei_ruo, 24.95, 19.19, 0.84, 19.03, 18.75, 19.38, 18.38, 125003.21, 235369267, 4.79, 5.25, 1.02, 1969.20013
2016-02-04, 1, wei_ruo, 24.72, 19.40, 1.09, 19.19, 19.23, 19.80, 19.00, 106032.16, 206331761, 4.06, 4.17, 0.86, 3464.74099
2016-02-05, 1, wei_ruo, 24.55, 18.62, -4.02, 19.40, 19.45, 19.58, 18.50, 74259.46, 141468315, 2.85, 5.57, 0.60, 793.65087
2016-02-15, 1, wei_ruo, 24.38, 18.79, 0.91, 18.62, 17.50, 19.18, 17.45, 72867.87, 133170609, 2.79, 9.29, 0.59, 1829.84114
2016-02-16, 1, wei_ruo, 24.19, 19.82, 5.48, 18.79, 19.16, 20.29, 18.90, 106099.75, 209100955, 4.07, 7.40, 0.86, 2905.19309
2016-02-17, 1, wei_ruo, 23.99, 20.60, 3.94, 19.82, 19.80, 20.87, 19.63, 140701.16, 285749042, 5.39, 6.26, 1.14, 1017.06314
2016-02-18, 1, wei_ruo, 23.82, 20.17, -2.09, 20.60, 20.61, 20.91, 20.07, 122635.53, 249933422, 4.70, 4.08, 1.00, 930.92799
2016-02-19, 1, wei_ruo, 23.69, 20.79, 3.07, 20.17, 20.04, 21.17, 19.90, 108006.48, 222627890, 4.14, 6.30, 1.11, 4581.49195
2016-02-22, 1, wei_ruo, 23.69, 21.55, 3.61, 20.80, 21.25, 21.99, 20.90, 140569.38, 301132997, 5.39, 5.24, 1.21, 865.86714
2016-02-23, 1, wei_ruo, 23.48, 21.20, -1.62, 21.55, 21.69, 21.69, 20.70, 111438.26, 235915215, 4.27, 4.59, 0.87, 601.38202
2016-02-24, 1, wei_ruo, 23.36, 21.21, 0.05, 21.20, 21.03, 21.29, 20.27, 116362.98, 241813110, 4.46, 4.81, 0.89, 2674.8929
2016-02-25, 1, wei_ruo, 23.19, 19.09, -10.00, 21.21, 21.03, 21.04, 19.09, 124086, 245792038, 4.75, 9.19, 0.99, 698.82417
2016-02-26, 1, wei_ruo, 23.01, 18.30, -4.14, 19.09, 19.09, 19.19, 17.77, 99608.38, 184882999, 3.82, 7.44, 0.79, 2467.29517
2016-02-29, 1, wei_ruo, 22.77, 16.48, -9.95, 18.30, 18.12, 18.20, 16.47, 103140.13, 173891312, 3.95, 9.45, 0.88, 4578.06802
2016-03-01, 1, wei_ruo, 22.58, 18.13, 10.01, 16.48, 16.60, 18.13, 16.02, 93832.61, 161175024, 3.60, 12.80, 0.85, 693.42303
2016-03-02, 1, wei_ruo, 22.44, 19.94, 9.98, 18.13, 18.88, 19.94, 18.88, 124556.12, 241148437, 4.77, 5.85, 1.17, 518.58711
2016-03-03, 1, wei_ruo, 22.41, 21.93, 9.98, 19.94, 21.91, 21.93, 21.53, 109376.75, 239418096, 4.19, 2.01, 1.00, 1011.48391
2016-03-04, 1, wei_ruo, 22.23, 20.35, -7.20, 21.93, 22.74, 22.74, 20.10, 348708.64, 743158658, 13.36, 12.04, 3.29, 661.49998
2016-03-07, 1, wei_ruo, 22.19, 22.39, 10.02, 20.35, 21.11, 22.39, 20.45, 221843.21, 482889226, 8.50, 9.53, 1.42, 1706.60305
2016-03-08, 2, qing_du, 22.36, 24.63, 10.00, 22.39, 21.50, 24.63, 20.15, 464834.95, 1035410018, 17.81, 20.01, 2.59, 512.37297
2016-03-09, 3, zhong_du, 22.98, 25.00, 1.50, 24.63, 23.73, 27.09, 23.50, 568082.2, 1452898122, 21.77, 14.58, 2.24, 1314.12315
2016-03-10, 3, zhong_du, 23.07, 23.51, -5.96, 25.00, 24.00, 24.65, 22.83, 362324.59, 865119464, 13.88, 7.28, 1.06, 12750.139
2016-03-11, 3, zhong_du, 23.09, 23.05, -1.96, 23.51, 23.07, 24.18, 22.58, 257416.83, 597414263, 9.86, 6.81, 0.65, 715.84201
2016-03-14, 3, zhong_du, 23.25, 24.80, 7.59, 23.05, 23.55, 25.36, 23.13, 302959.69, 741014555, 11.61, 9.67, 0.81, 549.65782
2016-03-15, 2, qing_du, 23.40, 23.97, -3.35, 24.80, 24.22, 25.55, 23.91, 321882.15, 795758946, 12.33, 6.61, 0.82, 513.28588
2016-03-16, 3, zhong_du, 23.50, 24.30, 1.38, 23.97, 24.41, 25.45, 22.83, 331670.31, 801869553, 12.71, 10.93, 0.91, 1128.17502
2016-03-17, 3, zhong_du, 23.79, 25.99, 6.95, 24.30, 24.16, 26.46, 24.01, 383699.61, 973597404, 14.70, 10.08, 1.23, 877.13695
2016-03-18, 3, zhong_du, 24.27, 26.90, 3.50, 25.99, 25.80, 28.21, 25.59, 405368.22, 1080032943, 15.53, 10.08, 1.27, 489.59589
2016-03-21, 3, zhong_du, 24.68, 27.30, 1.49, 26.90, 26.60, 27.68, 26.30, 379954.47, 1022650349, 14.56, 5.13, 1.09, 520.66493
2016-03-22, 4, gao_du, 25.10, 27.07, -0.84, 27.30, 26.50, 29.36, 26.38, 370209.82, 1026492687, 14.19, 10.92, 1.02, 666.363
2016-03-23, 4, gao_du, 25.26, 27.18, 0.41, 27.07, 26.65, 27.19, 26.25, 240810.01, 644663295, 9.23, 3.47, 0.64, 541.94283
2016-03-24, 4, gao_du, 25.35, 26.01, -4.30, 27.18, 26.73, 26.90, 25.90, 226415.2, 598706657, 8.68, 3.68, 0.64, 771.23713
2016-03-25, 4, gao_du, 25.40, 26.20, 0.73, 26.01, 25.29, 26.75, 25.11, 207557.07, 542576856, 7.95, 6.31, 0.64, 981.27508
2016-03-28, 4, gao_du, 25.51, 26.31, 0.42, 26.20, 26.47, 27.47, 26.02, 235779.42, 631289223, 9.04, 5.53, 0.83, 2470.89386
2016-03-29, 4, gao_du, 25.51, 25.13, -4.48, 26.31, 25.83, 26.24, 24.85, 159901.49, 406931776, 6.13, 5.28, 0.62, 535.62689
2016-03-30, 4, gao_du, 25.54, 26.43, 5.17, 25.13, 25.61, 26.58, 25.31, 171418.17, 445042164, 6.57, 5.05, 0.80, 2174.46089
2016-03-31, 4, gao_du, 25.64, 26.45, 0.08, 26.43, 26.53, 27.38, 26.30, 220930.28, 592937216, 8.47, 4.09, 1.10, 974.81108
2016-04-01, 4, gao_du, 25.64, 25.55, -3.40, 26.45, 26.02, 26.15, 25.01, 171872.51, 437281237, 6.59, 4.31, 0.86, 1978.36709
2016-04-05, 4, gao_du, 25.66, 26.32, 3.01, 25.55, 25.08, 26.60, 25.08, 163438.3, 423881531, 6.26, 5.95, 0.85, 1045.90106
2016-04-06, 4, gao_du, 25.69, 26.31, -0.04, 26.32, 26.00, 26.76, 25.78, 138229.98, 362970798, 5.30, 3.72, 0.78, 375.75698
2016-04-07, 4, gao_du, 25.72, 25.87, -1.67, 26.31, 26.69, 26.80, 25.38, 192453.4, 502109111, 7.37, 5.40, 1.11, 2708.38284
2016-04-08, 5, qiang_lie, 25.73, 26.10, 0.89, 25.87, 25.45, 26.55, 25.00, 177463.01, 459985721, 6.80, 5.99, 1.00, 497.55597
2016-04-11, 5, qiang_lie, 25.82, 27.04, 3.60, 26.10, 26.48, 27.20, 26.01, 233522.88, 625094133, 8.95, 4.56, 1.38, 1144.87791
2016-04-12, 5, qiang_lie, 25.85, 26.20, -3.11, 27.04, 27.00, 27.03, 25.82, 159008, 418151872, 6.09, 4.47, 0.88, 1747.92886
2016-04-13, 5, qiang_lie, 25.90, 26.26, 0.23, 26.20, 26.39, 27.19, 26.21, 187461.74, 500969104, 7.18, 3.74, 1.04, 815.11807
2016-04-14, 5, qiang_lie, 26.00, 27.10, 3.20, 26.26, 26.30, 27.50, 26.30, 233312.15, 630278710, 8.94, 4.57, 1.23, 3355.304
2016-04-15, 5, qiang_lie, 26.04, 26.72, -1.40, 27.10, 27.12, 27.29, 26.39, 144093.98, 383840587, 5.52, 3.32, 0.73, 1443.21799
2016-04-18, 5, qiang_lie, 26.04, 25.70, -3.82, 26.72, 26.28, 26.50, 25.70, 118252.87, 307961653, 4.53, 2.99, 0.62, 3490.92698
2016-04-19, 5, qiang_lie, 26.02, 25.58, -0.47, 25.70, 25.93, 26.08, 25.10, 120766.57, 307954654, 4.63, 3.81, 0.72, 618.18504
2016-04-20, 5, qiang_lie, 25.84, 23.02, -10.01, 25.58, 25.61, 25.78, 23.02, 219439.68, 524308164, 8.41, 10.79, 1.36, 2781.05688
2016-04-21, 4, gao_du, 25.69, 22.22, -3.48, 23.02, 23.03, 23.57, 22.01, 123484.64, 284249021, 4.73, 6.78, 0.74, 795.19486
2016-04-22, 3, zhong_du, 25.59, 22.53, 1.40, 22.22, 22.00, 22.68, 21.85, 81010.97, 181138394, 3.10, 3.74, 0.56, 754.00805
2016-04-25, 3, zhong_du, 25.47, 22.17, -1.60, 22.53, 22.35, 22.46, 21.41, 85841.35, 188550986, 3.29, 4.66, 0.65, 4461.59005
2016-04-26, 2, qing_du, 25.35, 23.10, 4.19, 22.17, 22.25, 23.15, 22.18, 116900.55, 265733878, 4.48, 4.38, 0.93, 1548.20108
2016-04-27, 2, qing_du, 25.25, 22.45, -2.81, 23.10, 22.94, 23.16, 22.39, 98651.29, 224019343, 3.78, 3.33, 0.79, 674.71409
2016-04-28, 2, qing_du, 25.14, 22.45, 0.00, 22.45, 22.52, 22.58, 21.57, 89313.95, 197659343, 3.42, 4.50, 0.88, 3531.71992
2016-04-29, 1, wei_ruo, 25.08, 22.00, -2.00, 22.45, 22.10, 22.46, 21.97, 59822.55, 132796756, 2.29, 2.18, 0.63, 3386.47389
2016-05-03, 1, wei_ruo, 24.98, 22.94, 4.27, 22.00, 22.05, 22.98, 21.80, 98697.36, 223041035, 3.78, 5.36, 1.10, 2632.45511
2016-05-04, 1, wei_ruo, 24.90, 22.87, -0.31, 22.94, 22.92, 23.27, 22.71, 100948.13, 232372015, 3.87, 2.44, 1.09, 2859.93099
2016-05-05, 1, wei_ruo, 24.85, 23.05, 0.79, 22.87, 22.69, 23.19, 22.69, 72569.37, 166724644, 2.78, 2.19, 0.81, 740.23914
2016-05-06, 1, wei_ruo, 24.70, 21.45, -6.94, 23.05, 22.95, 23.20, 21.43, 139755.73, 310331306, 5.35, 7.68, 1.66, 1523.89097
2016-05-09, 1, wei_ruo, 24.55, 20.46, -4.62, 21.45, 20.82, 21.10, 20.03, 93237.91, 191332436, 3.57, 4.99, 0.99, 707.76296
2016-05-10, 1, wei_ruo, 24.46, 20.56, 0.49, 20.46, 20.24, 20.90, 20.24, 57719.3, 118987764, 2.21, 3.23, 0.57, 891.41011
2016-05-11, 1, wei_ruo, 24.35, 20.02, -2.63, 20.56, 20.96, 20.96, 20.00, 69646.23, 142004473, 2.67, 4.67, 0.75, 1496.03915
2016-05-12, 1, wei_ruo, 24.23, 19.80, -1.10, 20.02, 19.30, 19.84, 19.08, 65980.55, 128549611, 2.53, 3.80, 0.76, 2754.23908
2016-05-13, 1, wei_ruo, 24.14, 19.40, -2.02, 19.80, 19.70, 20.07, 19.22, 49447.84, 97277479, 1.89, 4.29, 0.58, 3009.72915
2016-05-16, 1, wei_ruo, 24.02, 20.24, 4.33, 19.40, 19.42, 20.24, 19.39, 76642.92, 152789860, 2.94, 4.38, 1.14, 14456.05707
2016-05-17, 1, wei_ruo, 23.85, 20.63, 1.93, 20.24, 20.29, 21.43, 19.75, 129095.85, 265767898, 4.95, 8.30, 2.02, 2488.6241
2016-05-18, 1, wei_ruo, 23.71, 19.50, -5.48, 20.63, 20.21, 20.31, 19.03, 87178.66, 172348738, 3.34, 6.20, 1.12, 804.99911
2016-05-19, 1, wei_ruo, 23.55, 19.94, 2.26, 19.50, 19.79, 20.78, 19.67, 115766.96, 233973969, 4.43, 5.69, 1.42, 2730.52812
2016-05-20, 1, wei_ruo, 23.43, 20.73, 3.96, 19.94, 19.69, 20.93, 19.43, 100137.71, 202691764, 3.84, 7.52, 1.09, 2703.05514
2016-05-23, 1, wei_ruo, 23.33, 20.82, 0.43, 20.73, 20.59, 20.94, 20.53, 98364.28, 204229420, 3.77, 1.98, 0.97, 830.27506
2016-05-24, 1, wei_ruo, 23.24, 20.51, -1.49, 20.82, 20.79, 20.88, 20.15, 81875.59, 167433873, 3.14, 3.51, 0.77, 5018.6851
2016-05-25, 1, wei_ruo, 23.15, 20.51, 0.00, 20.51, 20.71, 21.20, 20.46, 88893.8, 185001475, 3.41, 3.61, 0.84, 1545.78209
2016-05-26, 1, wei_ruo, 23.07, 20.69, 0.88, 20.51, 20.56, 20.88, 19.89, 84859.1, 172580518, 3.25, 4.83, 0.80, 30817.75379
2016-05-27, 1, wei_ruo, 22.98, 20.75, 0.29, 20.69, 20.70, 21.20, 20.49, 100413.64, 209783698, 3.85, 3.43, 0.95, 32538.18512
2016-05-30, 1, wei_ruo, 22.88, 20.31, -2.03, 20.73, 20.39, 20.65, 19.90, 70638.32, 143224435, 2.71, 3.62, 0.67, 14742.944
2016-05-31, 1, wei_ruo, 22.79, 21.59, 6.30, 20.31, 20.40, 21.67, 20.35, 144120.5, 305688363, 5.52, 6.50, 1.36, 4294.20304
2016-06-01, 1, wei_ruo, 22.73, 21.50, -0.42, 21.59, 21.35, 21.86, 21.35, 127894.61, 276244824, 4.90, 2.36, 1.21, 743.04199
2016-06-02, 1, wei_ruo, 22.73, 21.87, 1.72, 21.50, 21.51, 21.96, 21.51, 111395.43, 242115551, 4.27, 2.09, 1.05, 5952.87681
2016-06-03, 1, wei_ruo, 22.65, 22.36, 2.24, 21.87, 23.30, 23.30, 21.89, 168323.39, 380053267, 6.45, 6.45, 1.59, 6878.98803
2016-06-06, 1, wei_ruo, 22.65, 22.55, 0.85, 22.36, 22.27, 23.00, 22.15, 108470.16, 244729905, 4.16, 3.80, 1.02, 2780.66301
2016-06-07, 1, wei_ruo, 22.63, 22.03, -2.31, 22.55, 22.50, 22.58, 21.92, 96743.92, 214100934, 3.71, 2.93, 0.91, 4538.63597
2016-09-02, 1, wei_ruo, 22.63, 0.00, 0.00, 22.03, 0.00, 0.00, 0.00, 0, 0, 0.00, 0.00, 0.00, 5325.60611
2016-09-05, 1, wei_ruo, 22.63, 21.43, -4.50, 22.44, 22.45, 22.90, 21.21, 153287.75, 334935973, 5.89, 7.53, 1.44, 1128.91102
2016-09-06, 1, wei_ruo, 22.63, 0.00, 0.00, 22.03, 0.00, 0.00, 0.00, 0, 0, 0.00, 0.00, 0.00, 3379.94599
2016-09-07, 1, wei_ruo, 22.63, 0.00, 0.00, 22.03, 0.00, 0.00, 0.00, 0, 0, 0.00, 0.00, 0.00, 581.82907
2016-09-08, 1, wei_ruo, 22.63, 0.00, 0.00, 22.03, 0.00, 0.00, 0.00, 0, 0, 0.00, 0.00, 0.00, 16174.34502
2016-09-09, 1, wei_ruo, 22.63, 21.46, 0.89, 21.27, 21.28, 22.00, 21.03, 113168.66, 243844552, 4.35, 4.56, 1.07, 2731.10914
2016-09-12, 1, wei_ruo, 22.63, 19.90, -7.27, 21.46, 20.70, 20.87, 19.90, 100459.85, 205624333, 3.86, 4.52, 0.95, 647.49908
2016-09-13, 1, wei_ruo, 22.63, 0.00, 0.00, 22.03, 0.00, 0.00, 0.00, 0, 0, 0.00, 0.00, 0.00, 1216.83693
2016-09-14, 1, wei_ruo, 22.63, 19.75, -0.75, 19.90, 19.75, 20.16, 19.61, 48478.66, 96261456, 1.86, 2.76, 0.46, 671.22602
2016-09-19, 1, wei_ruo, 22.63, 20.01, 1.32, 19.75, 19.86, 20.20, 19.86, 41688.35, 83418373, 1.60, 1.72, 0.39, 764.781
2016-09-20, 1, wei_ruo, 22.63, 19.89, -0.60, 20.01, 20.02, 20.16, 19.87, 35115.53, 70114894, 1.35, 1.45, 0.33, 2511.64103
2016-09-21, 1, wei_ruo, 22.63, 19.97, 0.40, 19.89, 19.96, 20.06, 19.84, 32707.97, 65317939, 1.26, 1.11, 0.31, 1945.28508
2016-09-22, 1, wei_ruo, 22.63, 20.03, 0.30, 19.97, 20.14, 20.29, 20.00, 42883.84, 86334365, 1.65, 1.45, 0.40, 528.99885
2016-09-23, 1, wei_ruo, 22.63, 19.95, -0.40, 20.03, 20.01, 20.28, 19.91, 40702.45, 81878340, 1.56, 1.85, 0.39, 2920.81404
2016-09-26, 1, wei_ruo, 22.63, 18.91, -5.21, 19.95, 19.91, 19.98, 18.90, 67544.63, 131054995, 2.60, 5.41, 0.64, 1924.47901
2016-09-27, 1, wei_ruo, 22.63, 19.49, 3.07, 18.91, 18.85, 19.51, 18.85, 48372.63, 92537356, 1.86, 3.49, 0.46, 653.23186
2016-09-28, 1, wei_ruo, 22.63, 19.21, -1.44, 19.49, 19.50, 19.50, 19.12, 34118.37, 65778843, 1.31, 1.95, 0.32, 577.27003
2016-09-29, 1, wei_ruo, 22.63, 19.16, -0.26, 19.21, 19.28, 19.39, 19.15, 33892.45, 65264641, 1.30, 1.25, 0.32, 11757.78294
2016-09-30, 1, wei_ruo, 22.63, 18.92, -1.25, 19.16, 19.11, 19.23, 18.85, 48811.28, 92643083, 1.88, 1.98, 0.46, 724.61605
2016-10-10, 1, wei_ruo, 22.63, 19.78, 4.55, 18.92, 19.13, 19.84, 19.05, 72930.48, 141936323, 2.80, 4.18, 0.69, 660.37917
2016-10-11, 1, wei_ruo, 22.63, 19.81, 0.15, 19.78, 19.80, 19.84, 19.63, 50830.78, 100302456, 1.95, 1.06, 0.48, 888.92102
2016-10-12, 1, wei_ruo, 22.63, 19.90, 0.45, 19.81, 19.74, 20.09, 19.67, 62785.3, 125023449, 2.41, 2.12, 0.59, 389.95004
2016-10-13, 1, wei_ruo, 22.63, 20.03, 0.65, 19.90, 19.85, 20.10, 19.81, 48595.12, 96914891, 1.87, 1.46, 0.46, 15072.13593
2016-10-14, 1, wei_ruo, 21.62, 19.81, -1.10, 20.03, 19.93, 20.03, 19.54, 43171.57, 85262871, 1.66, 2.45, 0.41, 6250.18287
2016-10-17, 1, wei_ruo, 21.59, 19.78, -0.15, 19.81, 19.85, 19.89, 19.75, 16697.59, 33084168, 0.64, 0.71, 0.31, 2729.33698
2016-10-18, 1, wei_ruo, 21.55, 19.92, 2.63, 19.41, 19.41, 19.96, 19.41, 54167.08, 106821790, 2.08, 2.83, 0.51, 3775.36678
2016-10-19, 1, wei_ruo, 21.49, , , , , , , , , , , , 430.14622
2016-10-20, 1, wei_ruo, 21.46, 20.22, 0.40, 20.14, 20.00, 20.24, 19.92, 65823.07, 132112601, 2.53, 1.59, 0.70, 21361.49907
2016-10-21, 1, wei_ruo, 21.43, 20.08, -0.69, 20.22, 20.26, 20.33, 19.78, 53551.25, 107134260, 2.06, 2.72, 0.64, 5274.55497
2016-10-24, 1, wei_ruo, 21.40, 20.27, 1.05, 20.06, 20.01, 20.35, 19.87, 61307.31, 123607886, 2.36, 2.39, 0.82, 2352.75602
2016-10-25, 1, wei_ruo, 21.38, 20.19, -0.35, 20.26, 20.20, 20.43, 20.11, 53696.71, 108659884, 2.06, 1.58, 0.71, 3610.03208
2016-10-26, 1, wei_ruo, 21.35, 20.04, -0.74, 20.19, 20.19, 20.29, 19.95, 46406, 93025760, 1.78, 1.68, 0.62, 3040.23695
2016-10-27, 1, wei_ruo, 21.33, 20.11, 0.35, 20.04, 20.03, 20.30, 20.00, 42412.53, 85401116, 1.63, 1.50, 0.57, 684.61895
2016-10-28, 1, wei_ruo, 21.31, 19.81, -1.44, 20.10, 20.00, 20.23, 19.77, 46711.51, 93214759, 1.79, 2.29, 0.62, 4243.04795
2016-10-31, 1, wei_ruo, 21.29, 19.62, -0.96, 19.81, 19.61, 19.85, 19.33, 34289.43, 67183688, 1.32, 2.62, 0.46, 572.16501
2016-11-01, 1, wei_ruo, 21.26, 19.98, 1.83, 19.62, 19.69, 20.07, 19.63, 54378.24, 108198563, 2.09, 2.24, 0.72, 513.82995
2016-11-02, 1, wei_ruo, 21.23, 20.02, 0.20, 19.98, 19.90, 20.15, 19.82, 52793.88, 105546804, 2.03, 1.65, 0.71, 519.63592
2016-11-03, 1, wei_ruo, 21.19, 20.23, 1.15, 20.00, 19.96, 20.58, 19.80, 91891.79, 186213826, 3.53, 3.90, 1.22, 543.53881
2016-11-04, 1, wei_ruo, 21.17, 20.80, 2.82, 20.23, 20.38, 21.27, 20.20, 156009.08, 324427390, 5.99, 5.29, 2.09, 546.11301
2016-11-07, 1, wei_ruo, 21.15, 20.57, -1.11, 20.80, 20.89, 20.93, 20.39, 78912.52, 162066592, 3.03, 2.60, 1.05, 751.39189
2016-11-08, 1, wei_ruo, 21.14, 20.64, 0.34, 20.57, 20.66, 20.79, 20.52, 65265.62, 134690666, 2.51, 1.31, 0.87, 432.86014
2016-11-09, 1, wei_ruo, 21.11, 20.07, -2.76, 20.64, 20.70, 20.71, 19.87, 90151.22, 182272138, 3.46, 4.07, 1.20, 694.12994
2016-11-10, 2, qing_du, 21.09, 20.46, 1.94, 20.07, 20.20, 20.60, 20.18, 62899.95, 128149915, 2.42, 2.09, 0.84, 730.95393
2016-11-11, 2, qing_du, 21.08, 20.87, 1.95, 20.47, 20.55, 20.99, 20.51, 106891.38, 221878058, 4.11, 2.34, 1.42, 3980.33214
2016-11-14, 2, qing_du, 21.08, 20.88, 0.05, 20.87, 20.88, 21.55, 20.69, 115368.71, 243867766, 4.43, 4.12, 1.55, 522.14503
2016-11-15, 3, zhong_du, 21.14, 22.98, 10.00, 20.89, 20.93, 22.98, 20.65, 145419.54, 315983550, 5.59, 11.15, 1.95, 512.78019
2016-11-16, 3, zhong_du, 21.22, 25.28, 10.01, 22.98, 25.28, 25.28, 25.28, 45976.41, 116228364, 1.77, 0.00, 1.24, 896.80791
2016-11-17, 4, gao_du, 22.04, 20.94, 0.24, 20.89, 20.93, 21.07, 20.65, 41355.63, 86262240, 1.59, 2.01, 1.10, 527.25792
2016-11-18, 4, gao_du, 22.41, 25.28, 10.01, 22.98, 25.28, 25.28, 25.28, 45976.41, 116228364, 1.77, 0.00, 1.24, 543.23316
2016-11-21, 4, gao_du, 22.59, 24.17, -2.93, 24.90, 24.70, 24.79, 23.81, 252144.56, 611390067, 9.69, 3.94, 3.35, 379.41909
2016-11-22, 3, zhong_du, 23.11, 26.59, 10.01, 24.17, 24.20, 26.59, 23.98, 432109.58, 1100195011, 16.60, 10.80, 5.74, 747.78295
2016-11-23, 4, gao_du, 24.27, 28.20, 6.05, 26.59, 26.92, 29.25, 26.80, 604849.37, 1716432348, 23.24, 9.21, 8.04, 512.56299
2016-11-24, 4, gao_du, 24.73, 26.77, -5.07, 28.20, 27.49, 28.00, 26.55, 408127.39, 1110469212, 15.68, 5.14, 5.47, 463.72008
2016-11-25, 4, gao_du, 25.00, 26.49, -1.52, 26.90, 26.66, 27.53, 26.00, 366657.79, 984192294, 14.09, 5.69, 4.87, 637.08496
2016-11-28, 4, gao_du, 25.19, 26.48, -0.04, 26.49, 26.00, 27.51, 25.82, 284569.23, 763085444, 10.93, 6.38, 3.81, 456.74491
2016-11-29, 4, gao_du, 25.48, 27.20, 2.06, 26.65, 26.15, 28.47, 25.30, 414149.8, 1110283251, 15.91, 11.89, 5.55, 370.56899
2016-11-30, 4, gao_du, 26.15, 29.92, 10.00, 27.20, 26.64, 29.92, 26.50, 529878.68, 1518634840, 20.36, 12.57, 7.10, 349.07985
2016-12-01, 4, gao_du, 26.69, 28.55, -4.58, 29.92, 30.40, 30.55, 28.31, 472815.75, 1385542913, 18.17, 7.49, 6.28, 821.72585
2016-12-02, 5, qiang_lie, 27.09, 28.77, 0.77, 28.55, 28.33, 30.20, 28.26, 439283.73, 1277032532, 16.88, 6.80, 5.84, 515.65886
2016-12-05, 5, qiang_lie, 27.24, 28.77, 0.00, 28.77, 27.56, 29.45, 27.14, 271609.07, 779841057, 10.44, 8.03, 3.64, 663.91301
2016-12-06, 5, qiang_lie, 27.19, 26.00, -9.57, 28.75, 28.46, 28.87, 25.88, 399900.1, 1083350193, 15.36, 10.40, 5.31, 630.21398
2016-12-07, 4, gao_du, 27.10, 26.30, 1.15, 26.00, 26.00, 26.58, 25.75, 231113.81, 604583684, 8.88, 3.19, 3.10, 478.87802
2016-12-08, 4, gao_du, 27.04, 26.65, 1.33, 26.30, 26.30, 27.24, 25.70, 282023.31, 749265895, 10.84, 5.86, 3.75, 445.20497
2016-12-09, 4, gao_du, 26.98, 26.18, -1.76, 26.65, 26.25, 27.28, 25.81, 255554.1, 679057900, 9.82, 5.52, 3.40, 596.76003
2016-12-12, 3, zhong_du, 26.84, 25.17, -3.86, 26.18, 25.84, 27.19, 24.95, 306325.59, 804362942, 11.77, 8.56, 4.07, 466.91799
2016-12-13, 3, zhong_du, 26.69, 25.40, 0.91, 25.17, 25.00, 25.96, 24.67, 247160.4, 625985726, 9.50, 5.13, 3.28, 764.13798
2016-12-14, 3, zhong_du, 26.51, 25.05, -1.38, 25.40, 25.04, 25.85, 24.00, 279110.27, 696061444, 10.72, 7.28, 3.71, 546.06009
2016-12-15, 3, zhong_du, 26.48, 26.38, 5.31, 25.05, 25.29, 27.36, 25.20, 344007.81, 913368244, 13.22, 8.62, 4.57, 502.42901
2016-12-16, 3, zhong_du, 26.47, 26.30, -0.30, 26.38, 25.93, 26.88, 25.93, 239152.74, 631595841, 9.19, 3.60, 3.18, 571.71106
2016-12-19, 4, gao_du, 26.45, 25.89, -1.56, 26.30, 26.14, 26.88, 25.60, 176806.11, 462664332, 6.79, 4.87, 2.35, 633.12507
2016-12-20, 4, gao_du, 26.49, 27.23, 5.18, 25.89, 25.70, 27.43, 25.58, 318774.26, 848654783, 12.25, 7.15, 4.24, 609.41696
2016-12-21, 4, gao_du, 26.56, 27.48, 0.92, 27.23, 26.97, 27.56, 26.65, 272250.24, 738051892, 10.46, 3.34, 3.62, 494.47203
2016-12-22, 4, gao_du, 26.57, 26.34, -4.15, 27.48, 27.20, 27.34, 26.23, 204187.67, 548527263, 7.84, 4.04, 2.71, 483.99496
2016-12-23, 4, gao_du, 26.49, 25.48, -3.26, 26.34, 26.00, 26.24, 25.15, 212098.03, 544573111, 8.15, 4.14, 2.82, 430.68385
2016-12-26, 4, gao_du, 26.45, 25.80, 1.26, 25.48, 25.18, 25.97, 25.01, 136092.28, 348777590, 5.23, 3.77, 1.81, 833.12798
2016-12-27, 4, gao_du, 26.40, 25.26, -2.09, 25.80, 25.57, 25.85, 25.25, 119002.56, 303093371, 4.57, 2.33, 1.58, 578.3751
2016-12-28, 3, zhong_du, 26.26, 24.12, -4.51, 25.26, 25.02, 25.65, 24.02, 202610.87, 501156081, 7.78, 6.45, 2.69, 538.05804
2016-12-29, 3, zhong_du, 26.16, 24.08, -0.17, 24.12, 23.80, 24.50, 23.73, 118663.44, 286769251, 4.56, 3.19, 1.58, 2463.51886
2016-12-30, 3, zhong_du, 26.08, 23.90, -0.75, 24.08, 24.20, 24.35, 23.75, 101200.61, 243324187, 3.89, 2.49, 1.34, 706.23016
2017-01-03, 3, zhong_du, 26.01, 23.90, -0.75, 24.08, 24.20, 24.35, 23.75, 101200.61, 243324187, 3.89, 2.49, 1.34, 2719.34509
2017-01-04, 2, qing_du, 25.90, 24.78, 2.35, 24.21, 24.20, 25.07, 23.88, 193142.52, 475297991, 7.42, 4.92, 2.57, 509.46379
2017-01-05, 2, qing_du, 25.83, 24.52, -1.05, 24.78, 24.47, 24.94, 24.34, 134301.71, 329878428, 5.16, 2.42, 1.78, 611.8772
2017-01-06, 1, wei_ruo, 25.77, 24.44, -0.33, 24.52, 24.42, 24.77, 24.21, 127449.46, 312046624, 4.90, 2.28, 1.69, 813.82489
2017-01-09, 1, wei_ruo, 25.66, 23.52, -3.76, 24.44, 24.30, 24.46, 23.38, 139278.92, 333348369, 5.35, 4.42, 1.85, 846.91405
2017-01-10, 1, wei_ruo, 25.55, 23.67, 0.64, 23.52, 23.38, 23.88, 23.18, 65552.4, 154128750, 2.52, 2.98, 1.74, 2024.68419
2017-01-11, 1, wei_ruo, 25.41, 23.67, 0.64, 23.52, 23.38, 23.88, 23.18, 65552.4, 154128750, 2.52, 2.98, 1.74, 2612.82706
2017-01-12, 1, wei_ruo, 25.35, 25.10, 1.91, 24.63, 24.35, 25.50, 24.21, 314360.31, 784885147, 12.08, 5.24, 4.18, 397.67814
2017-01-13, 1, wei_ruo, 25.33, 23.67, 0.64, 23.52, 23.38, 23.88, 23.18, 65552.4, 154128750, 2.52, 2.98, 1.74, 892.36808
2017-01-16, 1, wei_ruo, 25.27, 23.67, 0.64, 23.52, 23.38, 23.88, 23.18, 65552.4, 154128750, 2.52, 2.98, 1.74, 587.44407
2017-01-17, 1, wei_ruo, 25.45, 26.93, 5.82, 25.45, 25.06, 27.65, 24.70, 408974.2, 1069614767, 15.71, 11.59, 5.44, 2637.49504
2017-01-18, 1, wei_ruo, 25.52, 23.67, 0.64, 23.52, 23.38, 23.88, 23.18, 65552.4, 154128750, 2.52, 2.98, 1.74, 3826.43986
2017-01-19, 2, qing_du, 25.55, 23.67, 0.64, 23.52, 23.38, 23.88, 23.18, 65552.4, 154128750, 2.52, 2.98, 1.74, 659.73091
2017-01-20, 2, qing_du, 25.61, 23.67, 0.64, 23.52, 23.38, 23.88, 23.18, 65552.4, 154128750, 2.52, 2.98, 1.74, 512.07209
2017-01-23, 2, qing_du, 25.62, 25.70, -0.93, 25.94, 25.69, 26.21, 25.46, 143482.39, 370056914, 5.51, 2.89, 1.91, 2576.15805
2017-01-24, 1, wei_ruo, 25.58, 24.61, -4.24, 25.70, 25.69, 25.69, 24.42, 165821.6, 416801711, 6.37, 4.94, 2.20, 633.73613
2017-01-25, 1, wei_ruo, 25.52, 24.33, -1.14, 24.61, 24.26, 24.80, 24.14, 122417.01, 298380901, 4.70, 2.68, 1.63, 644.09804
2017-01-26, 1, wei_ruo, 25.47, 23.88, -1.85, 24.33, 24.29, 24.69, 23.88, 104837.16, 254275255, 4.03, 3.33, 1.39, 709.07402
2017-02-03, 1, wei_ruo, 25.39, 23.47, -1.72, 23.88, 23.50, 23.66, 23.09, 98419.53, 230008428, 3.78, 2.39, 1.31, 2667.18102
2017-02-06, 1, wei_ruo, 25.32, 24.12, 2.77, 23.47, 23.37, 24.12, 23.37, 112667.78, 268414468, 4.33, 3.20, 1.50, 64579.05602
2017-02-07, 1, wei_ruo, 25.27, 23.93, -0.79, 24.12, 23.99, 24.20, 23.51, 96475.94, 230086637, 3.71, 2.86, 1.28, 732.68485
2017-02-08, 1, wei_ruo, 25.30, 26.32, 9.99, 23.93, 23.79, 26.32, 23.77, 323951.68, 821046415, 12.45, 10.66, 4.31, 60920.07995
2017-02-09, 1, wei_ruo, 25.40, 26.14, -0.68, 26.32, 26.50, 26.50, 25.89, 244516.53, 639559913, 9.39, 2.32, 4.17, 578.9361
2017-02-10, 2, qing_du, 25.51, 26.38, 0.42, 26.27, 26.30, 26.96, 26.02, 265558.02, 700864434, 10.20, 3.58, 3.53, 832.15904
2017-02-13, 3, zhong_du, 25.61, 26.42, 0.15, 26.38, 26.36, 27.20, 25.84, 267149.77, 710980740, 10.26, 5.16, 3.55, 2608.64711
2017-02-14, 3, zhong_du, 25.67, 26.21, -0.79, 26.42, 26.09, 26.96, 26.07, 196399.54, 519466595, 7.55, 3.37, 2.61, 64656.40712
2017-02-15, 3, zhong_du, 25.70, 25.98, -0.88, 26.21, 26.02, 26.60, 25.60, 216267.45, 566935595, 8.31, 3.82, 2.87, 4657.00889
2017-02-16, 3, zhong_du, 25.78, 26.76, 3.00, 25.98, 25.84, 26.98, 25.80, 257473.17, 682636013, 9.89, 4.54, 3.42, 908.24199
2017-02-17, 3, zhong_du, 25.81, 25.87, -3.33, 26.76, 26.50, 26.68, 25.80, 182783.88, 477927625, 7.02, 3.29, 2.43, 485.30507
2017-02-20, 3, zhong_du, 25.89, 25.87, -3.33, 26.76, 26.50, 26.68, 25.80, 182783.88, 477927625, 7.02, 3.29, 2.43, 693.47692
2017-02-21, 3, zhong_du, 26.09, 27.33, 0.85, 27.10, 26.81, 27.99, 26.65, 355323.1, 970949200, 13.65, 4.94, 4.72, 730.17502
2017-02-22, 3, zhong_du, 26.17, 27.27, -0.22, 27.33, 27.20, 27.42, 26.78, 208283.28, 564386182, 8.00, 2.34, 2.77, 2798.63214
2017-02-23, 4, gao_du, 26.21, 26.64, -2.31, 27.27, 27.22, 27.24, 26.32, 162902.55, 435516088, 6.26, 3.37, 2.16, 124995.19706
2017-02-24, 4, gao_du, 26.30, 27.18, 2.03, 26.64, 26.50, 27.75, 26.50, 259713.62, 708457344, 9.98, 4.69, 3.45, 901.10612
2017-02-27, 4, gao_du, 26.33, 27.15, 1.91, 26.64, 26.50, 27.16, 26.50, 47637.93, 128249733, 1.83, 2.48, 3.45, 961.81512
2017-02-28, 3, zhong_du, 26.32, 27.15, 1.91, 26.64, 26.50, 27.16, 26.50, 47637.93, 128249733, 1.83, 2.48, 3.45, 2525.28286
2017-03-01, 3, zhong_du, 26.31, 26.12, -0.46, 26.24, 26.12, 26.43, 25.95, 114279.46, 299027701, 4.39, 1.83, 1.52, 642.48896
2017-03-02, 3, zhong_du, 26.21, 24.56, -5.97, 26.12, 26.13, 26.29, 24.55, 233623.28, 588030843, 8.98, 6.66, 3.10, 1401.582
2017-03-06, 2, qing_du, 26.09, 24.92, 1.10, 24.65, 24.65, 25.17, 24.53, 102777.8, 256031061, 3.95, 2.60, 1.37, 3920.89009
2017-03-08, 2, qing_du, 26.01, 24.76, -1.28, 25.08, 25.10, 25.15, 24.62, 73740.81, 182962161, 2.83, 2.11, 0.98, 2639.72092
2017-03-09, 2, qing_du, 25.97, 24.96, 0.81, 24.76, 24.87, 25.40, 24.78, 125415.98, 314888741, 4.82, 2.50, 1.67, 2877.46406
2017-03-10, 2, qing_du, 25.92, 24.58, -1.52, 24.96, 24.80, 24.95, 24.39, 84693.94, 208570249, 3.25, 2.24, 1.13, 2703.68099
2017-03-13, 2, qing_du, 25.88, 24.96, 1.55, 24.58, 24.50, 25.20, 24.21, 98037.23, 243006623, 3.77, 4.03, 1.30, 568.73488
2017-03-15, 2, qing_du, 25.80, 25.10, 1.78, 24.66, 24.57, 25.54, 24.43, 170773.06, 429494833, 6.56, 4.50, 2.27, 856.45509
2017-03-16, 2, qing_du, 25.77, 25.11, 0.04, 25.10, 24.91, 25.30, 24.86, 113772.76, 285122165, 4.37, 1.75, 1.51, 605.53789
2017-03-17, 2, qing_du, 25.73, 24.87, -0.96, 25.11, 25.12, 25.50, 24.61, 137398.57, 345470727, 5.28, 3.54, 1.83, 2617.31291
2017-03-20, 2, qing_du, 25.66, 24.37, -2.01, 24.87, 24.88, 24.88, 23.80, 114995.19, 279215428, 4.42, 4.34, 1.53, 593.84608
2017-03-21, 2, qing_du, 25.63, 24.18, -0.78, 24.37, 24.27, 24.40, 24.01, 64718.33, 156284817, 2.49, 1.60, 0.86, 611.41014
2017-03-22, 1, wei_ruo, 25.57, 23.51, -2.77, 24.18, 23.80, 24.06, 23.38, 79973.48, 189509955, 3.07, 2.81, 1.06, 578.23706
2017-03-23, 1, wei_ruo, 25.51, 23.78, 1.15, 23.51, 23.35, 23.95, 23.35, 78777.49, 186634906, 3.03, 2.55, 1.05, 590.70992
2017-03-24, 1, wei_ruo, 25.47, 23.70, -0.34, 23.78, 23.75, 23.85, 23.53, 57028.2, 134970185, 2.19, 1.35, 0.76, 582.22389
2017-03-27, 1, wei_ruo, 25.44, 23.54, -0.68, 23.70, 23.78, 24.00, 23.51, 49650.55, 117773784, 1.91, 2.07, 0.66, 648.83113
2017-03-28, 1, wei_ruo, 25.40, 23.49, -0.21, 23.54, 23.54, 23.82, 23.40, 48193.18, 113654314, 1.85, 1.78, 0.64, 681.02217
2017-03-29, 1, wei_ruo, 25.30, 22.50, -4.21, 23.49, 23.47, 23.57, 22.50, 108340.79, 249025624, 4.16, 4.56, 1.44, 631.05798
2017-03-30, 1, wei_ruo, 25.07, 20.57, -8.58, 22.50, 22.38, 22.47, 20.26, 140837.75, 300758291, 5.41, 9.82, 1.87, 841.47286
2017-03-31, 1, wei_ruo, 24.91, 20.79, 1.07, 20.57, 20.61, 21.06, 20.26, 92200.56, 190829496, 3.54, 3.89, 1.23, 549.97802
2017-04-05, 1, wei_ruo, 24.81, 20.95, 0.77, 20.79, 20.52, 21.10, 20.51, 65003.54, 135519026, 2.50, 2.84, 0.86, 600.74902
2017-04-06, 1, wei_ruo, 24.72, 20.75, -0.95, 20.95, 20.90, 21.10, 20.67, 58929.26, 122779216, 2.26, 2.05, 0.78, 2597.04709
2017-04-07, 1, wei_ruo, 24.64, 20.51, -1.16, 20.75, 20.75, 20.88, 20.51, 51839.33, 107106283, 1.99, 1.78, 0.69, 616.89496
2017-04-10, 1, wei_ruo, 24.45, 19.31, -5.85, 20.51, 20.62, 20.63, 19.12, 101679.36, 200668477, 3.91, 7.36, 1.35, 586.30204
2017-04-11, 1, wei_ruo, 24.34, 19.57, 1.35, 19.31, 19.30, 19.64, 19.15, 56496.37, 109764531, 2.17, 2.54, 0.75, 580.46389
2017-04-12, 1, wei_ruo, 24.25, 19.25, -1.64, 19.57, 19.65, 19.65, 19.22, 46701.48, 90694786, 1.79, 2.20, 0.62, 606.04286
2017-04-13, 1, wei_ruo, 24.16, 19.41, 0.83, 19.25, 19.34, 19.60, 19.25, 46593.71, 90711161, 1.79, 1.82, 0.62, 706.71201
2017-04-14, 1, wei_ruo, 24.00, 19.89, 2.47, 19.41, 19.46, 20.53, 19.17, 96257.79, 191555514, 3.70, 7.01, 1.28, 645.47992
2017-04-17, 1, wei_ruo, 23.85, 20.30, 2.06, 19.89, 19.60, 20.39, 19.51, 99920.1, 201105233, 3.84, 4.42, 1.33, 644.58203
2017-04-18, 1, wei_ruo, 23.75, 19.68, -3.05, 20.30, 20.40, 20.49, 19.50, 68035.18, 135792258, 2.61, 4.88, 0.90, 663.82909
2017-04-19, 1, wei_ruo, 23.64, 19.32, -1.83, 19.68, 19.41, 19.62, 18.81, 61320.02, 117126134, 2.36, 4.12, 0.81, 543.88595
2017-04-20, 1, wei_ruo, 23.54, 19.59, 1.40, 19.32, 19.34, 19.59, 18.95, 65818.38, 127273069, 2.53, 3.31, 0.87, 682.76
2017-04-21, 1, wei_ruo, 23.46, 19.35, -1.23, 19.59, 19.49, 19.55, 19.10, 45167.38, 87175622, 1.74, 2.30, 0.60, 657.20916
2017-04-24, 1, wei_ruo, 23.33, 19.55, 1.03, 19.35, 19.15, 20.14, 18.70, 83838.55, 163301726, 3.22, 7.44, 1.11, 645.4289
2017-04-25, 1, wei_ruo, 23.25, 19.61, 0.31, 19.55, 19.60, 20.13, 19.51, 63820.24, 126286591, 2.45, 3.17, 0.85, 800.55404
2017-04-26, 1, wei_ruo, 23.16, 19.81, 1.02, 19.61, 19.70, 19.95, 19.41, 64556.79, 127420761, 2.47, 2.75, 0.86, 850.65007
2017-04-27, 1, wei_ruo, 22.99, 20.55, 3.74, 19.81, 19.78, 20.77, 19.25, 145695.14, 293913720, 5.58, 7.67, 1.94, 779.41895
2017-04-28, 1, wei_ruo, 22.92, 20.40, -0.73, 20.55, 20.25, 20.80, 20.25, 79232.63, 162141361, 3.04, 2.68, 1.05, 733.8531
2017-05-02, 1, wei_ruo, 22.85, 20.29, -0.54, 20.40, 20.34, 20.78, 20.15, 66497.88, 135643713, 2.55, 3.09, 0.88, 577.68083
2017-05-03, 1, wei_ruo, 22.79, 20.07, -1.08, 20.29, 20.19, 20.38, 19.94, 57591.18, 115740904, 2.21, 2.17, 0.77, 1838.98401
2017-05-04, 1, wei_ruo, 22.72, 19.92, -0.75, 20.07, 19.98, 20.32, 19.81, 65125.69, 130973711, 2.49, 2.54, 0.87, 706.13694
2017-05-05, 1, wei_ruo, 22.64, 19.36, -2.81, 19.92, 19.86, 19.92, 19.18, 70331.85, 137703462, 2.69, 3.71, 0.93, 985.56018
2017-05-11, 1, wei_ruo, 22.23, 20.65, 3.66, 19.92, 19.64, 21.10, 19.51, 137848.55, 281112692, 5.28, 7.98, 1.83, 683.55393
2017-05-12, 1, wei_ruo, 22.17, 20.80, 0.73, 20.65, 20.40, 20.80, 20.30, 109003.22, 223593478, 4.18, 2.42, 1.45, 1492.71297
2017-05-15, 1, wei_ruo, 22.11, 20.23, -2.74, 20.80, 20.65, 20.84, 20.20, 81019.59, 166199972, 3.10, 3.08, 1.08, 736.49693
2017-05-16, 1, wei_ruo, 22.05, 21.14, 4.50, 20.23, 20.09, 21.34, 20.09, 131661.96, 272558188, 5.04, 6.18, 1.75, 529.53219
2017-05-17, 1, wei_ruo, 22.00, 20.89, -1.18, 21.14, 21.00, 21.79, 20.78, 138582.19, 292722844, 5.31, 4.78, 1.84, 576.59292
2017-05-18, 1, wei_ruo, 21.96, 20.50, -1.87, 20.89, 20.49, 20.90, 20.42, 78465, 161867353, 3.01, 2.30, 1.04, 620.09192
2017-05-19, 1, wei_ruo, 21.92, 20.29, -1.02, 20.50, 20.59, 20.75, 20.12, 60340.91, 122981471, 2.31, 3.07, 0.80, 606.52304
2017-05-22, 1, wei_ruo, 21.81, 18.58, -8.43, 20.29, 20.18, 20.65, 18.58, 106618.46, 210190363, 4.08, 10.20, 1.42, 701.3731
2017-05-23, 1, wei_ruo, 21.56, 16.72, -10.01, 18.58, 18.24, 18.24, 16.72, 146484.85, 252615156, 5.61, 8.18, 1.95, 365.51499
2017-05-24, 1, wei_ruo, 21.43, 16.94, 1.32, 16.72, 16.40, 17.10, 16.29, 71223.04, 119733100, 2.73, 4.84, 0.95, 717.65709
2017-05-25, 1, wei_ruo, 21.27, 17.01, 0.41, 16.94, 16.90, 17.30, 16.20, 90644.74, 152635930, 3.47, 6.49, 1.20, 644.35601
2017-05-26, 1, wei_ruo, 21.17, 16.79, -1.29, 17.01, 16.84, 17.20, 16.75, 58126.98, 98574497, 2.23, 2.65, 0.77, 666.51416
2017-05-31, 1, wei_ruo, 21.05, 16.94, 0.89, 16.79, 17.10, 17.39, 16.86, 72566.84, 124105653, 2.78, 3.16, 0.96, 633.61502
2017-06-01, 1, wei_ruo, 20.85, 15.25, -9.98, 16.94, 16.75, 16.88, 15.25, 98984.37, 159182560, 3.79, 9.62, 1.32, 15667.15598
2017-06-02, 1, wei_ruo, 20.70, 15.52, 1.77, 15.25, 14.93, 15.70, 14.79, 71215.7, 108684585, 2.73, 5.97, 0.95, 3257.66611
2017-06-05, 1, wei_ruo, 20.59, 15.57, 0.32, 15.52, 15.46, 15.85, 15.44, 55726.81, 87127586, 2.13, 2.64, 0.74, 624.96209
2017-06-06, 1, wei_ruo, 20.49, 15.66, 0.58, 15.57, 15.50, 15.88, 15.42, 52307.9, 81913818, 2.00, 2.95, 0.70, 15595.3021
2017-06-07, 1, wei_ruo, 20.35, 16.09, 2.75, 15.66, 15.60, 16.28, 15.55, 85102.9, 136243715, 3.26, 4.66, 1.13, 762.91394
2017-06-08, 1, wei_ruo, 20.22, 16.04, -0.31, 16.09, 16.30, 16.65, 16.04, 81743.91, 133203362, 3.13, 3.79, 1.09, 597.42808
2017-06-09, 1, wei_ruo, 20.06, 16.45, 2.56, 16.04, 16.70, 16.88, 16.41, 109730.96, 181875581, 4.20, 2.93, 1.46, 1213.01198
2017-06-12, 1, wei_ruo, 19.97, 15.98, -2.86, 16.45, 16.10, 16.25, 15.87, 58765.66, 94349615, 2.25, 2.31, 0.78, 15731.18997
2017-06-13, 1, wei_ruo, 19.90, 16.26, 1.75, 15.98, 15.83, 16.39, 15.83, 52226.12, 84623119, 2.00, 3.50, 0.69, 587.27193
2017-06-14, 1, wei_ruo, 19.80, 16.43, 1.05, 16.26, 16.19, 16.64, 16.14, 73814.71, 121170806, 2.83, 3.08, 0.98, 526.9351
2017-06-15, 1, wei_ruo, 19.66, 16.90, 2.86, 16.43, 16.47, 17.02, 16.35, 119804.46, 201048456, 4.59, 4.08, 1.59, 577.00515
2017-06-16, 1, wei_ruo, 19.53, 16.95, 0.30, 16.90, 17.61, 18.38, 16.93, 145412.85, 254537647, 5.57, 8.58, 1.93, 2718.07003
2017-06-19, 1, wei_ruo, 19.41, 17.41, 2.71, 16.95, 16.71, 17.72, 16.68, 139797.95, 241344783, 5.36, 6.14, 1.86, 816.85901
2017-06-20, 1, wei_ruo, 19.31, 17.13, -1.61, 17.41, 17.21, 17.58, 17.05, 119583.48, 206528767, 4.58, 3.04, 1.59, 664.86692
2017-06-21, 1, wei_ruo, 19.24, 16.90, -1.34, 17.13, 17.16, 17.38, 16.66, 76738.41, 130550770, 2.94, 4.20, 1.02, 783.83589
2017-06-22, 1, wei_ruo, 19.17, 16.23, -3.96, 16.90, 16.90, 16.92, 16.22, 69424.55, 115466976, 2.66, 4.14, 0.92, 666.02802
2017-06-23, 1, wei_ruo, 19.11, 16.17, -0.37, 16.23, 16.22, 16.42, 15.80, 53707.51, 86453726, 2.06, 3.82, 0.71, 2768.363
2017-06-26, 1, wei_ruo, 19.06, 16.38, 1.30, 16.17, 16.18, 16.39, 16.15, 40034.58, 65262064, 1.53, 1.48, 0.53, 650.47193
2017-06-27, 1, wei_ruo, 19.01, 16.55, 1.04, 16.38, 16.40, 16.84, 16.36, 58635.66, 97450788, 2.25, 2.93, 0.78, 584.79714
2017-06-28, 1, wei_ruo, 18.96, 16.17, -2.30, 16.55, 16.43, 16.55, 16.13, 43782.6, 71053842, 1.68, 2.54, 0.58, 734.78913
2017-06-29, 1, wei_ruo, 18.92, 16.27, 0.62, 16.17, 16.25, 16.46, 16.18, 40122.05, 65506458, 1.54, 1.73, 0.53, 3523.45514
2017-06-30, 1, wei_ruo, 18.89, 16.16, -0.68, 16.27, 16.20, 16.30, 16.00, 32947.45, 53230828, 1.26, 1.84, 0.44, 633.56495
2017-07-03, 1, wei_ruo, 18.85, 16.39, 1.42, 16.16, 16.20, 16.42, 16.18, 31589.57, 51615867, 1.21, 1.49, 0.42, 684.34286
2017-07-04, 1, wei_ruo, 18.81, 16.55, 0.98, 16.39, 16.51, 16.66, 16.31, 49229.16, 81181567, 1.89, 2.14, 0.65, 566.48707
2017-07-05, 1, wei_ruo, 18.77, 16.58, 0.18, 16.55, 16.39, 16.65, 16.36, 45117.71, 74422069, 1.73, 1.75, 0.60, 708.67896
2017-07-06, 1, wei_ruo, 18.72, 16.33, -1.51, 16.58, 16.69, 16.69, 16.21, 54952.15, 90287269, 2.11, 2.90, 0.73, 2628.07703
2017-07-07, 1, wei_ruo, 18.69, 16.31, -0.12, 16.33, 16.36, 16.48, 16.25, 37690.01, 61642136, 1.44, 1.41, 0.50, 786.28206
2017-07-10, 1, wei_ruo, 18.62, 15.80, -3.13, 16.31, 16.03, 16.23, 15.70, 59227.41, 94864740, 2.27, 3.25, 0.79, 608.73604
2017-07-11, 1, wei_ruo, 18.58, 15.50, -1.90, 15.80, 15.75, 15.90, 15.44, 40786.45, 64019758, 1.56, 2.91, 0.54, 649.40906
2017-07-12, 1, wei_ruo, 18.52, 15.49, -0.06, 15.50, 15.51, 15.62, 14.95, 46042.01, 70345819, 1.76, 4.32, 0.61, 721.12393
2017-07-13, 1, wei_ruo, 18.48, 15.47, -0.13, 15.49, 15.41, 15.62, 15.34, 30350.88, 47039758, 1.16, 1.81, 0.40, 746.50407
2017-07-14, 1, wei_ruo, --, 15.47, 0.00, 15.47, 15.49, 15.62, 15.22, 34916.97, 54011568, 1.34, 2.59, 0.46, 635.69784
2017-07-17, 1, wei_ruo, --, 13.92, -10.02, 15.47, 15.47, 15.48, 13.92, 70944.64, 102555728, 2.72, 10.08, 0.94, 1817.58809
2017-07-19, 1, wei_ruo, --, 14.49, -1.16, 14.66, 14.33, 14.61, 14.21, 60122.52, 86660031, 2.30, 2.73, 0.80, 588.19389
2017-07-20, 1, wei_ruo, --, 14.26, -1.59, 14.49, 14.45, 14.72, 14.26, 54181.57, 78581027, 2.08, 3.17, 0.72, 470.35694
2017-07-21, 1, wei_ruo, --, 14.20, -0.42, 14.26, 14.25, 14.58, 14.12, 34788.66, 49839628, 1.33, 3.23, 0.46, 504.01998
2017-07-24, 1, wei_ruo, 17.89, 14.50, 2.11, 14.20, 14.10, 14.70, 13.92, 61283.74, 88121449, 2.35, 5.49, 0.81, 614.30001
2017-07-25, 1, wei_ruo, --, 14.92, 2.90, 14.50, 14.37, 15.04, 14.35, 93636.77, 137944463, 3.59, 4.76, 1.24, 721.80605
2017-07-26, 1, wei_ruo, --, 14.73, -1.27, 14.92, 14.92, 15.04, 14.52, 64299.79, 94875606, 2.46, 3.49, 0.85, 1734.80105
2017-07-27, 1, wei_ruo, 17.58, 16.20, 9.98, 14.73, 14.58, 16.20, 14.46, 146612.84, 227588598, 5.62, 11.81, 1.95, 902.02093
2017-07-28, 1, wei_ruo, 17.49, 16.40, 1.23, 16.20, 16.50, 16.88, 16.12, 225079.48, 371237546, 8.62, 4.69, 2.99, 663.16104
2017-07-31, 1, wei_ruo, 17.43, 16.46, 0.37, 16.40, 16.20, 16.87, 16.05, 143456.77, 236193664, 5.50, 5.00, 1.91, 1211.60817
2017-08-01, 2, qing_du, 17.39, 17.14, 4.13, 16.46, 16.31, 17.47, 16.15, 201617.11, 337716952, 7.72, 8.02, 2.68, 317.48009
2017-08-02, 2, qing_du, 17.37, 16.96, -1.05, 17.14, 16.81, 17.47, 16.65, 176044.13, 299676979, 6.74, 4.78, 2.34, 1477.86903
2017-08-03, 2, qing_du, 17.36, 17.42, 2.71, 16.96, 16.85, 17.92, 16.51, 222207.02, 385275479, 8.51, 8.31, 2.95, 711.49015
2017-08-04, 3, zhong_du, 17.34, 16.72, -4.02, 17.42, 17.20, 17.43, 16.69, 146335.36, 249690551, 5.61, 4.25, 1.94, 806.61583
2017-08-07, 3, zhong_du, 17.32, 16.70, -0.12, 16.72, 16.68, 17.11, 16.57, 88906.06, 149521704, 3.41, 3.23, 1.18, 684.74483
2017-08-08, 3, zhong_du, 17.30, 17.29, 3.53, 16.70, 16.72, 17.30, 16.53, 146391.74, 249335297, 5.61, 4.61, 1.95, 622.648
2017-08-09, 3, zhong_du, 17.30, 17.05, -1.39, 17.29, 17.15, 17.46, 16.88, 100188.17, 171557478, 3.84, 3.35, 1.33, 594.77901
2017-08-10, 3, zhong_du, 17.27, 16.55, -2.93, 17.05, 16.95, 17.23, 16.33, 106172.6, 177567643, 4.07, 5.28, 1.41, 1922.53399
2017-08-11, 3, zhong_du, 17.26, 16.85, 1.81, 16.55, 16.25, 17.94, 16.24, 156500.69, 267417169, 6.01, 10.27, 2.08, 733.87313
2017-08-14, 3, zhong_du, 17.25, 17.32, 2.79, 16.85, 16.98, 17.50, 16.90, 153661.17, 265477736, 5.91, 3.56, 2.04, 767.63296
2017-08-15, 3, zhong_du, 17.25, 17.40, 0.46, 17.32, 17.19, 17.40, 16.98, 114822.75, 197228621, 4.41, 2.42, 1.53, 918.71595
2017-08-16, 4, gao_du, 17.31, 18.02, 3.56, 17.40, 17.41, 18.25, 17.32, 250322.52, 448448993, 9.62, 5.34, 3.33, 678.73287
2017-08-17, 4, gao_du, 17.35, 17.91, -0.61, 18.02, 17.84, 18.19, 17.59, 153581.64, 273759507, 5.90, 3.33, 2.04, 2678.95985
2017-08-18, 5, qiang_lie, 17.36, 17.37, -3.02, 17.91, 17.65, 17.88, 17.32, 108819.02, 191398016, 4.18, 3.13, 1.45, 745.50295
2017-08-21, 5, qiang_lie, 17.36, 17.37, 0.00, 17.37, 17.37, 17.55, 17.14, 64201.06, 111201735, 2.47, 2.36, 0.85, 2841.56704
2017-08-22, 4, gao_du, 17.35, 16.96, -2.36, 17.37, 17.35, 17.36, 16.94, 77928.02, 133481374, 2.99, 2.42, 1.04, 692.54589
2017-08-23, 4, gao_du, 17.33, 16.73, -1.36, 16.96, 16.89, 17.07, 16.62, 62660.95, 105415899, 2.41, 2.65, 0.83, 839.49518
2017-08-24, 4, gao_du, 17.32, 16.76, 0.18, 16.73, 16.70, 17.39, 16.56, 83802.57, 142025618, 3.22, 4.96, 1.11, 1781.76904
2017-08-25, 4, gao_du, 17.30, 16.95, 1.13, 16.76, 16.45, 16.99, 16.45, 82460.57, 138112899, 3.17, 3.22, 1.10, 1930.42207
2017-08-28, 4, gao_du, 17.30, 17.27, 1.89, 16.95, 16.95, 17.38, 16.83, 96405.64, 165613345, 3.70, 3.24, 1.28, 816.35189
2017-08-29, 4, gao_du, 17.29, 16.91, -2.08, 17.27, 17.25, 17.33, 16.91, 62498.02, 106775630, 2.40, 2.43, 0.83, 620.80479
2017-08-30, 4, gao_du, 17.29, 16.92, 0.06, 16.91, 16.91, 17.28, 16.85, 65068.22, 111248597, 2.50, 2.54, 0.86, 747.80893
2017-08-31, 4, gao_du, 17.28, 16.95, 0.18, 16.92, 16.85, 17.07, 16.83, 50356.4, 85324694, 1.94, 1.42, 0.67, 2939.16917
2017-09-01, 5, qiang_lie, 17.28, 16.96, 0.24, 16.92, 16.85, 17.03, 16.83, 27407.1, 46358662, 1.05, 1.18, 0.73, 664.58797
2017-09-04, 5, qiang_lie, 17.29, 16.96, 0.24, 16.92, 16.85, 17.03, 16.83, 27407.1, 46358662, 1.05, 1.18, 0.73, 847.28193
2017-09-05, 5, qiang_lie, 17.33, 18.03, 2.79, 17.54, 17.56, 18.15, 17.31, 177671.46, 316266819, 6.83, 4.79, 2.36, 614.11309
2017-09-06, 5, qiang_lie, 17.36, 18.00, -0.17, 18.03, 17.98, 18.18, 17.62, 139989.71, 249907193, 5.38, 3.11, 1.86, 739.3589
2017-09-07, 5, qiang_lie, 17.39, 16.96, 0.24, 16.92, 16.85, 17.03, 16.83, 27407.1, 46358662, 1.05, 1.18, 0.73, 944.47184
2017-09-08, 5, qiang_lie, 17.39, 16.96, 0.24, 16.92, 16.85, 17.03, 16.83, 27407.1, 46358662, 1.05, 1.18, 0.73, 180912.60409
2017-09-11, 5, qiang_lie, 17.39, 16.96, 0.24, 16.92, 16.85, 17.03, 16.83, 27407.1, 46358662, 1.05, 1.18, 0.73, 2770.01309
2017-09-12, 5, qiang_lie, 17.38, 17.00, -2.52, 17.44, 17.50, 17.60, 16.97, 86741.73, 149651299, 3.33, 3.61, 1.15, 611.66286
2017-09-13, 5, qiang_lie, 17.38, 17.08, 0.47, 17.00, 16.85, 17.15, 16.85, 43627.37, 74218405, 1.68, 1.76, 0.58, 667.449
2017-09-14, 5, qiang_lie, 17.37, 16.73, -2.05, 17.08, 17.15, 17.15, 16.67, 59403.39, 100126362, 2.28, 2.81, 0.79, 680.35293
2017-09-15, 4, gao_du, 17.36, 16.79, 0.36, 16.73, 16.73, 16.95, 16.71, 40050.97, 67344902, 1.54, 1.43, 0.53, 1043.43605
2017-09-18, 3, zhong_du, 17.35, 17.03, 1.43, 16.79, 16.73, 17.11, 16.73, 47949.07, 81159378, 1.84, 2.26, 0.64, 640.81717
2017-09-19, 3, zhong_du, 17.34, 16.69, -2.00, 17.03, 17.05, 17.07, 16.61, 47502.88, 79879097, 1.83, 2.70, 0.63, 795.55893
2017-09-20, 3, zhong_du, 17.33, 16.95, 1.56, 16.69, 16.71, 17.05, 16.69, 41734.08, 70373747, 1.60, 2.16, 0.55, 683.12192
2017-09-21, 2, qing_du, 17.33, 16.88, -0.41, 16.95, 16.98, 17.29, 16.85, 64957.08, 110902256, 2.50, 2.60, 0.86, 911.20481
2017-09-22, 2, qing_du, 17.31, 16.31, -3.38, 16.88, 16.82, 16.83, 16.31, 59751.37, 99032181, 2.30, 3.08, 0.79, 866.21499
2017-09-25, 2, qing_du, 17.27, 15.54, -4.72, 16.31, 16.23, 16.30, 15.50, 66432.44, 105756816, 2.55, 4.90, 0.88, 717.74197
2017-09-26, 1, wei_ruo, 17.25, 15.69, 0.97, 15.54, 15.53, 15.70, 15.51, 29661.13, 46240220, 1.14, 1.22, 0.39, 599.06793
2017-09-27, 1, wei_ruo, 17.23, 15.70, 0.06, 15.69, 15.65, 15.84, 15.65, 25293.01, 39820699, 0.97, 1.21, 0.34, 698.7741
2017-09-28, 1, wei_ruo, 17.21, 15.36, -2.17, 15.70, 15.70, 15.80, 15.34, 36789.26, 57347377, 1.41, 2.93, 0.49, 1712.28194
2017-09-29, 1, wei_ruo, 17.19, 15.60, 1.56, 15.36, 15.39, 15.60, 15.36, 26458.2, 41030276, 1.02, 1.56, 0.35, 751.66106
2017-10-10, 1, wei_ruo, 17.15, 16.42, 3.34, 15.89, 16.11, 16.53, 16.06, 70492.03, 115099254, 2.71, 2.96, 0.94, 677.72889
2017-10-12, 1, wei_ruo, 17.12, 16.18, -0.25, 16.22, 16.14, 16.39, 16.00, 39860.01, 64523417, 1.53, 2.40, 0.53, 801.50795
2017-10-13, 1, wei_ruo, 17.11, 16.20, 0.12, 16.18, 16.25, 16.25, 16.06, 27511.78, 44470225, 1.06, 1.17, 0.37, 659.19685
2017-10-16, 1, wei_ruo, 17.08, 15.46, -4.57, 16.20, 16.21, 16.23, 15.42, 50943.89, 80470293, 1.96, 5.00, 0.68, 688.869
2017-10-17, 1, wei_ruo, 17.07, 15.58, 0.78, 15.46, 15.38, 15.69, 15.38, 24811.5, 38562972, 0.95, 2.01, 0.33, 507.74193
2017-10-18, 1, wei_ruo, 17.04, 16.07, 3.15, 15.58, 15.59, 17.09, 15.59, 95529.59, 155781984, 3.67, 9.63, 1.27, 680.27687
2017-10-19, 1, wei_ruo, 17.01, 15.70, -2.30, 16.07, 15.72, 15.98, 15.45, 55467.72, 87141468, 2.13, 3.30, 0.74, 959.16104
2017-10-20, 1, wei_ruo, 16.99, 16.22, 3.31, 15.70, 15.59, 16.39, 15.55, 62009.32, 99461263, 2.38, 5.35, 0.82, 843.00399
2017-10-23, 1, wei_ruo, 16.97, 16.22, 0.00, 16.22, 16.20, 16.23, 16.03, 44589.94, 71936802, 1.71, 1.23, 0.59, 769.30904
2017-10-24, 1, wei_ruo, 16.96, 16.09, -0.80, 16.22, 16.26, 16.40, 15.70, 46825.2, 75314210, 1.80, 4.32, 0.62, 1420.48407
2017-10-25, 1, wei_ruo, 16.94, 16.26, 1.06, 16.09, 16.14, 16.48, 16.14, 45153.02, 73623040, 1.74, 2.11, 0.60, 759.55987
2017-10-26, 1, wei_ruo, 16.93, 16.22, -0.25, 16.26, 16.15, 16.37, 16.15, 37500.02, 61000560, 1.44, 1.35, 0.50, 675.96412
2017-10-27, 1, wei_ruo, 16.92, 15.84, -2.34, 16.22, 16.24, 16.24, 15.75, 46258.09, 73934235, 1.78, 3.02, 0.61, 685.85896
2017-10-30, 1, wei_ruo, 16.88, 15.06, -4.92, 15.84, 15.79, 15.95, 14.98, 54786.63, 83447553, 2.11, 6.12, 0.73, 1085.07609
2017-10-31, 1, wei_ruo, 16.87, 15.15, 0.60, 15.06, 15.10, 15.19, 14.98, 25153.07, 37996083, 0.97, 1.39, 0.33, 756.88219
2017-11-01, 1, wei_ruo, 16.85, 15.10, -0.33, 15.15, 15.18, 15.31, 15.07, 24133.03, 36626601, 0.93, 1.58, 0.32, 840.04593
2017-11-02, 1, wei_ruo, 16.82, 14.78, -2.12, 15.10, 15.01, 15.14, 14.70, 36116.2, 53732982, 1.39, 2.91, 0.48, 678.70593
2017-11-03, 1, wei_ruo, 16.80, 14.54, -1.62, 14.78, 14.79, 14.92, 14.39, 27920.21, 40915584, 1.07, 3.59, 0.37, 741.91308
2017-11-06, 1, wei_ruo, 16.78, 14.74, 1.38, 14.54, 14.51, 14.75, 14.46, 22183.43, 32463352, 0.85, 1.99, 0.29, 60654.74987
2017-11-07, 1, wei_ruo, 16.75, 14.97, 1.56, 14.74, 14.74, 15.11, 14.52, 41823.28, 62005334, 1.61, 4.00, 0.56, 2808.3849
2017-11-08, 1, wei_ruo, 16.72, 14.89, 1.02, 14.74, 14.74, 15.11, 14.52, 27986.04, 41365698, 1.08, 4.00, 0.74, 841.81499
2017-11-09, 1, wei_ruo, 16.70, 14.89, 1.02, 14.74, 14.74, 15.11, 14.52, 27986.04, 41365698, 1.08, 4.00, 0.74, 716.45594
2017-11-10, 1, wei_ruo, 16.68, 14.95, -1.45, 15.17, 15.08, 15.14, 14.90, 29147.34, 43718939, 1.12, 1.58, 0.86, 921.54288
2017-11-13, 1, wei_ruo, 16.65, 14.48, -3.14, 14.95, 15.01, 15.03, 14.45, 42376, 62415227, 1.63, 3.88, 1.23, 947.04819
2017-11-14, 1, wei_ruo, 16.62, 14.60, 0.83, 14.48, 14.51, 14.62, 14.40, 33310.47, 48442880, 1.28, 1.52, 0.87, 859.81894
2017-11-15, 1, wei_ruo, 16.59, 14.85, 1.71, 14.60, 14.64, 15.17, 14.53, 48065.39, 71327628, 1.85, 4.38, 1.31, 2328.88699
2017-11-16, 1, wei_ruo, 16.54, 14.73, -0.81, 14.85, 14.72, 15.20, 14.00, 64094.4, 94744233, 2.46, 8.08, 1.69, 5165.6189
2017-11-17, 1, wei_ruo, 16.48, 13.77, -6.52, 14.73, 14.45, 14.75, 13.61, 61077.95, 86381947, 2.35, 7.74, 1.41, 613.29293
2017-11-20, 1, wei_ruo, 16.45, 13.94, 1.23, 13.77, 13.72, 13.99, 13.54, 26466.65, 36590544, 1.02, 3.27, 0.53, 872.7951
2017-11-21, 1, wei_ruo, 16.43, 13.83, -0.79, 13.94, 13.94, 14.00, 13.74, 25684.42, 35602428, 0.99, 1.87, 0.55, 969.32006
2017-11-22, 1, wei_ruo, 16.40, 13.89, 0.43, 13.83, 13.84, 14.05, 13.70, 28000.37, 38892077, 1.08, 2.53, 0.62, 749.05396
2017-11-23, 1, wei_ruo, 16.33, 13.95, 0.43, 13.89, 13.80, 14.59, 13.68, 82018.58, 116414873, 3.15, 6.55, 2.00, 592.15808
2017-11-24, 1, wei_ruo, 16.28, 13.92, -0.22, 13.95, 13.65, 14.14, 13.50, 47850.75, 66490221, 1.84, 4.59, 1.07, 955.43909
2017-11-27, 1, wei_ruo, 16.24, 14.10, 1.29, 13.92, 13.92, 14.39, 13.71, 53516.71, 75611756, 2.06, 4.89, 1.27, 2691.63895
2017-11-28, 1, wei_ruo, 16.19, 14.41, 2.20, 14.10, 14.01, 14.42, 14.01, 57872.65, 82719765, 2.22, 2.91, 1.22, 645.65802
2017-11-29, 1, wei_ruo, 16.16, 14.30, -0.76, 14.41, 14.41, 14.41, 14.02, 46528.01, 65902560, 1.79, 2.71, 0.86, 2612.31208
2017-11-30, 1, wei_ruo, 16.13, 14.04, -1.82, 14.30, 14.22, 14.36, 13.91, 31406.99, 44375353, 1.21, 3.15, 0.55, 20274.93
2017-12-01, 1, wei_ruo, 16.09, 15.44, 9.97, 14.04, 14.10, 15.44, 14.06, 104488.51, 158167632, 4.02, 9.83, 2.20, 563.15207
2017-12-04, 1, wei_ruo, 16.05, 15.53, 0.58, 15.44, 15.70, 16.19, 15.31, 223568.76, 351255939, 8.59, 5.70, 3.80, 874.18389
2017-12-05, 1, wei_ruo, 16.03, 15.69, 1.03, 15.53, 15.32, 15.95, 15.26, 159007.22, 247750481, 6.11, 4.44, 1.71, 643.54515
2017-12-06, 1, wei_ruo, 16.03, 16.36, 4.27, 15.69, 15.53, 16.57, 15.42, 214857.01, 344953098, 8.26, 7.33, 1.90, 523.18406
2017-12-07, 2, qing_du, 16.05, 16.27, -0.55, 16.36, 16.11, 16.54, 15.96, 155773.92, 252803520, 5.99, 3.55, 1.06, 635.71215
2017-12-08, 3, zhong_du, 16.04, 16.00, -1.66, 16.27, 16.04, 16.28, 15.73, 129853.53, 207726278, 4.99, 3.38, 0.76, 671.39387
2017-12-11, 3, zhong_du, 16.04, 15.99, -0.06, 16.00, 15.85, 16.24, 15.78, 96682.15, 154490972, 3.72, 2.88, 0.55, 732.98383
2017-12-12, 3, zhong_du, 16.04, 15.85, -0.88, 15.99, 15.90, 16.15, 15.75, 91223.37, 145494603, 3.51, 2.50, 0.60, 2658.03599
2017-12-13, 3, zhong_du, 16.02, 15.73, -0.76, 15.85, 15.81, 15.96, 15.40, 106583.48, 166530437, 4.10, 3.53, 0.77, 2618.52098
2017-12-14, 3, zhong_du, 16.02, 15.89, 1.02, 15.73, 15.66, 15.95, 15.48, 94360.42, 148561936, 3.63, 2.99, 0.81, 930.408
2017-12-15, 3, zhong_du, 16.01, 16.08, 1.20, 15.89, 15.80, 16.17, 15.66, 123081.07, 196606762, 4.73, 3.21, 1.19, 1395.25509
2017-12-18, 3, zhong_du, 16.00, 15.43, -4.04, 16.08, 16.09, 16.24, 15.40, 101888, 160097795, 3.92, 5.22, 1.00, 698.05098
2017-12-19, 3, zhong_du, 15.99, 15.62, 1.23, 15.43, 15.45, 15.76, 15.45, 71824.53, 112101657, 2.76, 2.01, 0.69, 735.20589
2017-12-20, 3, zhong_du, 15.98, 15.60, -0.13, 15.62, 15.75, 15.83, 15.47, 62193.89, 97269855, 2.39, 2.30, 0.62, 757.16686
2017-12-21, 2, qing_du, 15.91, 14.41, -7.63, 15.60, 15.52, 15.61, 14.12, 143931.19, 210303177, 5.53, 9.55, 1.59, 660.41112
2017-12-22, 2, qing_du, 15.85, 14.07, -2.36, 14.41, 14.40, 14.47, 13.91, 88900.84, 125981316, 3.42, 3.89, 0.88, 588.53507
2017-12-25, 1, wei_ruo, 15.80, 14.11, 0.28, 14.07, 13.97, 14.26, 13.72, 69349.21, 97208541, 2.67, 3.84, 0.74, 716.6481
2017-12-26, 1, wei_ruo, 15.76, 14.32, 1.49, 14.11, 14.05, 14.89, 13.93, 81186.12, 116680201, 3.12, 6.80, 0.93, 486.57489
2017-12-27, 1, wei_ruo, 15.72, 14.08, -1.68, 14.32, 14.13, 14.28, 14.07, 57681.4, 81671604, 2.22, 1.47, 0.65, 685.78506
2017-12-29, 1, wei_ruo, 15.67, 14.29, 0.28, 14.25, 14.31, 14.37, 14.15, 42305.15, 60273260, 1.63, 1.54, 0.70, 632.14588
2018-01-03, 1, wei_ruo, 15.61, 14.46, 1.19, 14.29, 14.29, 14.75, 14.13, 77673.14, 111920152, 2.99, 4.34, 1.42, 2666.06808
2018-01-04, 1, wei_ruo, 15.58, 14.43, -0.21, 14.46, 14.33, 14.49, 14.25, 51209.06, 73489380, 1.97, 1.66, 0.95, 746.2678
2018-01-05, 1, wei_ruo, 15.55, 14.25, -1.25, 14.43, 14.31, 14.60, 14.21, 63278.98, 90933344, 2.43, 2.70, 1.20, 726.09615
2018-01-08, 1, wei_ruo, 15.49, 13.71, -3.79, 14.25, 14.10, 14.10, 13.50, 99820.91, 136194201, 3.84, 4.21, 1.80, 569.91792
2018-01-09, 1, wei_ruo, 15.44, 13.95, 1.75, 13.71, 13.61, 14.20, 13.57, 82089.61, 114365383, 3.15, 4.60, 1.23, 697.26205
2018-01-10, 1, wei_ruo, 15.38, 14.23, 2.01, 13.95, 13.85, 14.30, 13.74, 100920.62, 141919997, 3.88, 4.01, 1.35, 2764.24503
2018-01-11, 1, wei_ruo, 15.33, 14.41, 1.26, 14.23, 14.15, 14.65, 13.82, 119517.5, 171049642, 4.59, 5.83, 1.50, 649.31893
2018-01-12, 1, wei_ruo, 15.34, 15.85, 9.99, 14.41, 15.85, 15.85, 15.85, 36803.54, 58333611, 1.41, 0.00, 0.40, 1025.80404
2018-01-15, 2, qing_du, 15.49, 16.49, 4.04, 15.85, 15.90, 17.20, 15.21, 396411.73, 653478030, 15.23, 12.56, 4.51, 631.87695
2018-01-16, 3, zhong_du, 15.58, 16.65, 0.97, 16.49, 15.96, 17.14, 15.20, 299122.97, 478047735, 11.50, 11.76, 2.03, 700.95277
2018-01-17, 3, zhong_du, 15.55, 14.99, -9.97, 16.65, 15.02, 15.70, 14.99, 229828.28, 348981641, 8.83, 4.26, 1.21, 568.96496
2018-01-18, 3, zhong_du, 15.49, 14.26, -4.87, 14.99, 14.99, 14.99, 14.22, 147329.31, 213966676, 5.66, 5.14, 0.69, 472.13507
2018-01-19, 2, qing_du, 15.45, 14.34, 0.56, 14.26, 14.30, 14.45, 14.02, 98880.25, 141561188, 3.80, 3.02, 0.45, 651.31211
2018-01-22, 1, wei_ruo, 15.38, 14.58, 1.67, 14.34, 14.13, 14.84, 13.80, 153842.22, 221645772, 5.91, 7.25, 0.66, 612.41388
2018-01-23, 1, wei_ruo, 15.35, 14.34, -1.65, 14.58, 14.40, 14.59, 14.18, 90481.93, 129828554, 3.48, 2.81, 0.49, 652.99487
2018-01-24, 1, wei_ruo, 15.32, 15.21, 6.07, 14.34, 14.30, 15.60, 14.21, 208136.25, 312122723, 8.00, 9.69, 1.44, 2616.66703
2018-01-25, 1, wei_ruo, 15.34, 15.22, 0.07, 15.21, 15.09, 16.39, 14.88, 210055.12, 325893893, 8.07, 9.93, 1.50, 807.48916
2018-01-26, 1, wei_ruo, 15.35, 15.61, 2.56, 15.22, 15.30, 15.96, 15.14, 174389.2, 270917153, 6.70, 5.39, 1.15, 653.40519
2018-01-29, 2, qing_du, 15.36, 15.66, 0.32, 15.61, 15.39, 15.85, 15.21, 146867.34, 228294637, 5.64, 4.10, 0.88, 687.41012
2018-01-30, 2, qing_du, 15.36, 15.14, -3.32, 15.66, 15.50, 15.80, 15.14, 98178.87, 150857382, 3.77, 4.21, 0.59, 640.22994
2018-01-31, 2, qing_du, 15.32, 14.26, -5.81, 15.14, 14.98, 15.14, 14.04, 120578.13, 174157331, 4.63, 7.27, 0.72, 726.65191
2018-02-01, 1, wei_ruo, 15.28, 14.06, -1.40, 14.26, 14.30, 14.64, 14.02, 104826.93, 150554784, 4.03, 4.35, 0.70, 629.54903
2018-02-02, 1, wei_ruo, 15.19, 13.13, -6.61, 14.06, 13.85, 14.04, 12.65, 117940.02, 157478937, 4.53, 9.89, 0.91, 712.97216
2018-02-05, 1, wei_ruo, 15.14, 13.15, 0.15, 13.13, 12.70, 13.33, 12.68, 60470.8, 78933057, 2.32, 4.95, 0.51, 1033.05483
2018-02-06, 1, wei_ruo, 15.04, 12.01, -8.67, 13.15, 12.69, 13.27, 12.00, 92325.43, 117444930, 3.55, 9.66, 0.92, 669.2791
2018-02-07, 1, wei_ruo, 14.96, 12.61, 5.00, 12.01, 12.45, 13.19, 12.11, 87874.1, 110635154, 3.38, 8.99, 0.89, 1020.2651
2018-02-08, 1, wei_ruo, 14.90, 12.76, 1.19, 12.61, 12.61, 13.01, 12.55, 76791.36, 98344158, 2.95, 3.65, 0.92, 924.76201
2018-02-09, 1, wei_ruo, 14.82, 12.26, -3.92, 12.76, 12.31, 12.75, 11.85, 74995.13, 92713566, 2.88, 7.05, 0.92, 769.54699
2018-02-12, 1, wei_ruo, 14.78, 12.61, 2.85, 12.26, 12.43, 12.69, 12.40, 47557.69, 59808646, 1.83, 2.37, 0.63, 762.35318
2018-02-13, 1, wei_ruo, 14.74, 12.71, 0.79, 12.61, 12.67, 12.99, 12.63, 57105.65, 72823138, 2.19, 2.85, 0.98, 602.45395
2018-02-14, 1, wei_ruo, 14.71, 12.50, -1.65, 12.71, 12.80, 12.82, 12.46, 35747.31, 44932862, 1.37, 2.83, 0.67, 744.627
