2015-08-20, 1, wei_ruo, 27.58, 25.44, -6.33, 27.16, 26.79, 27.38, 25.10, 48429.58, 127770235, 3.18, 8.39, 0.69, 844.2421
2015-08-21, 1, wei_ruo, 27.38, 22.90, -9.98, 25.44, 24.99, 24.99, 22.90, 77217.51, 182303635, 5.08, 8.22, 1.18, 1045.645
2015-08-24, 1, wei_ruo, 27.23, 20.61, -10.00, 22.90, 21.01, 21.50, 20.61, 33781, 69855902, 2.22, 3.89, 0.50, 18510.44011
2015-08-25, 1, wei_ruo, 26.98, 18.55, -10.00, 20.61, 18.55, 19.30, 18.55, 45092.13, 84002709, 2.96, 3.64, 0.71, 1201.90191
2015-08-26, 1, wei_ruo, 26.65, 16.79, -9.49, 18.55, 18.50, 19.19, 16.79, 53769.57, 96503414, 3.53, 12.94, 0.98, 1088.42421
2015-08-27, 1, wei_ruo, 26.36, 18.31, 9.05, 16.79, 17.50, 18.31, 16.81, 49109.45, 86391486, 3.23, 8.93, 0.95, 925.41194
2015-08-28, 1, wei_ruo, 26.11, 19.43, 6.12, 18.31, 18.55, 19.55, 18.33, 52641.46, 100099693, 3.46, 6.66, 1.02, 892.627
2015-08-31, 1, wei_ruo, 25.93, 18.40, -5.30, 19.43, 19.30, 19.30, 18.00, 36597.75, 68671017, 2.41, 6.69, 0.78, 1102.46491
2015-09-01, 1, wei_ruo, 25.69, 16.56, -10.00, 18.40, 18.50, 18.50, 16.56, 42465.42, 72280243, 2.79, 10.54, 0.91, 1048.48409
2015-09-02, 1, wei_ruo, 25.43, 15.50, -6.40, 16.56, 15.38, 17.35, 15.08, 40393.73, 66256038, 2.66, 13.71, 0.87, 1216.48598
2015-09-02, 1, wei_ruo, 25.43, 15.50, -6.40, 16.56, 15.38, 17.35, 15.08, 40393.73, 66256038, 2.66, 13.71, 0.87, 1054.01683
2015-09-02, 1, wei_ruo, 25.43, 15.50, -6.40, 16.56, 15.38, 17.35, 15.08, 40393.73, 66256038, 2.66, 13.71, 0.87, 1083.69994
2015-09-07, 1, wei_ruo, 25.27, 16.14, 4.13, 15.50, 16.08, 16.85, 16.00, 26467.56, 43317525, 1.74, 5.48, 0.60, 1286.3431
2015-09-08, 1, wei_ruo, 24.95, 17.74, 9.91, 16.14, 16.45, 17.75, 15.88, 59693.63, 101855291, 3.92, 11.59, 1.50, 1160.50005
2015-09-09, 1, wei_ruo, 24.66, 18.60, 4.85, 17.74, 17.80, 18.95, 17.74, 67346.94, 124861207, 4.43, 6.82, 1.64, 1033.92291
2015-09-10, 1, wei_ruo, 24.43, 18.80, 1.08, 18.60, 18.20, 19.14, 18.02, 58817.02, 110477801, 3.87, 6.02, 1.24, 853.88994
2015-09-11, 1, wei_ruo, 24.30, 18.78, -0.11, 18.80, 18.76, 19.33, 18.30, 35144.08, 66281859, 2.31, 5.48, 0.70, 1179.91805
2015-09-14, 1, wei_ruo, 24.14, 16.90, -10.01, 18.78, 18.75, 19.00, 16.90, 37187.3, 65994140, 2.44, 11.18, 0.76, 1064.84413
2015-09-15, 1, wei_ruo, 23.97, 15.26, -9.70, 16.90, 16.10, 16.80, 15.21, 31532.96, 49976843, 2.07, 9.41, 0.61, 1164.66999
2015-09-16, 1, wei_ruo, 23.80, 16.79, 10.03, 15.26, 15.30, 16.79, 15.30, 36170.56, 58396240, 2.27, 9.76, 0.79, 1080.549
2015-09-17, 1, wei_ruo, 23.56, 17.00, 1.25, 16.79, 16.30, 18.46, 16.30, 56472.47, 99792967, 3.55, 12.86, 1.43, 1123.24595
2015-09-18, 1, wei_ruo, 23.42, 17.71, 4.18, 17.00, 17.22, 17.92, 17.14, 37141.7, 65000330, 2.34, 4.59, 0.95, 1253.42989
2015-09-21, 1, wei_ruo, 23.31, 18.65, 5.31, 17.71, 17.40, 18.77, 17.03, 34614.85, 62685713, 2.18, 9.82, 0.88, 1040.96389
2015-09-22, 1, wei_ruo, 23.16, 18.85, 1.07, 18.65, 18.75, 19.06, 18.05, 50870.43, 95039197, 3.20, 5.42, 1.30, 1345.47305
2015-09-23, 1, wei_ruo, 23.00, 19.63, 4.14, 18.85, 18.62, 20.43, 18.38, 68395.91, 134711333, 4.30, 10.88, 1.59, 877.59018
2015-09-30, 1, wei_ruo, 22.49, 20.00, 2.99, 19.42, 19.99, 20.35, 19.50, 55350.88, 110638001, 3.48, 4.38, 1.07, 917.83714
2015-10-08, 1, wei_ruo, 22.45, 21.14, 5.70, 20.00, 20.88, 21.80, 20.50, 47081.23, 99767914, 2.96, 6.50, 0.95, 845.87002
2015-10-14, 1, wei_ruo, 22.50, 23.36, -3.47, 24.20, 23.88, 24.07, 23.20, 43571.75, 102965669, 2.74, 3.60, 0.90, 768.41903
2015-10-15, 1, wei_ruo, 22.60, 25.20, 7.88, 23.36, 22.99, 25.70, 22.52, 83613.18, 200866626, 5.26, 13.61, 1.83, 884.44614
2015-10-16, 2, qing_du, 22.80, 26.26, 4.21, 25.20, 25.02, 27.50, 24.37, 90814.5, 230758659, 5.71, 12.42, 1.71, 1364.14719
2015-10-19, 3, zhong_du, 22.94, 26.14, -0.46, 26.26, 26.00, 27.38, 25.43, 66271.47, 173542091, 4.17, 7.43, 1.03, 1232.19419
2015-10-29, 4, gao_du, 23.78, 25.31, 0.64, 25.15, 25.79, 25.96, 24.61, 58310.21, 147857190, 3.67, 5.37, 0.74, 1067.2152
2015-10-30, 4, gao_du, 23.87, 26.03, 2.84, 25.31, 24.68, 26.98, 24.68, 70808.07, 184631951, 4.45, 9.09, 0.94, 977.39601
2015-11-02, 4, gao_du, 24.07, 26.80, 2.96, 26.03, 25.30, 28.59, 25.00, 109474.58, 299006518, 6.89, 13.79, 1.47, 2991.87708
2015-11-03, 4, gao_du, 24.29, 27.96, 4.33, 26.80, 27.00, 28.80, 26.00, 100067.85, 278694107, 6.29, 10.45, 1.37, 3028.97811
2015-11-04, 5, qiang_lie, 24.59, 29.77, 6.47, 27.96, 28.18, 30.19, 27.71, 95538.09, 278207510, 6.01, 8.87, 1.15, 1304.02422
2015-11-05, 5, qiang_lie, 24.92, 28.70, -3.59, 29.77, 29.42, 30.50, 28.00, 116566.68, 342587016, 7.33, 8.40, 1.34, 3197.60418
2015-11-06, 5, qiang_lie, 25.09, 29.48, 2.72, 28.70, 28.45, 29.85, 28.32, 64688.05, 189382249, 4.07, 5.33, 0.66, 3336.00092
2015-11-09, 5, qiang_lie, 25.33, 30.20, 2.44, 29.48, 29.00, 30.95, 28.56, 78115.7, 234090195, 4.91, 8.11, 0.81, 16920.29214
2015-11-10, 5, qiang_lie, 25.62, 30.85, 2.15, 30.20, 29.88, 31.37, 28.84, 90938.01, 273564811, 5.72, 8.38, 1.01, 430.15218
2015-11-11, 5, qiang_lie, 25.62, 31.98, 3.66, 30.85, 31.55, 32.89, 31.55, 86415.13, 279096437, 5.44, 4.34, 0.97, 247.36094
2015-11-12, 5, qiang_lie, 26.25, 30.99, -3.10, 31.98, 31.74, 31.77, 30.28, 88421.45, 274838282, 5.56, 4.66, 1.01, 1009.1939
2015-11-13, 5, qiang_lie, 26.52, 30.65, -1.10, 30.99, 30.50, 32.50, 29.60, 92382.32, 287430175, 5.81, 9.36, 1.13, 1203.23801
2015-11-16, 5, qiang_lie, 26.68, 31.70, 3.43, 30.65, 29.50, 31.70, 29.38, 57922.4, 178953845, 3.64, 7.57, 0.66, 2878.66998
2015-11-17, 5, qiang_lie, 26.89, 30.45, -3.94, 31.70, 32.00, 32.53, 30.03, 76685.75, 238717315, 4.82, 7.89, 0.92, 1059.25798
2015-11-18, 5, qiang_lie, 26.98, 28.71, -5.71, 30.45, 30.41, 31.50, 28.50, 52235.44, 154691989, 3.29, 9.85, 0.65, 1190.45186
2015-11-19, 5, qiang_lie, 27.09, 30.74, 7.07, 28.71, 28.80, 30.77, 28.80, 55543.74, 165816457, 3.49, 6.86, 0.76, 17307.79791
2015-11-20, 5, qiang_lie, 27.26, 30.80, 0.20, 30.74, 30.80, 31.80, 30.10, 70849.99, 220027126, 4.46, 5.53, 1.06, 32627.56205
2015-11-23, 5, qiang_lie, 27.35, 29.50, -4.22, 30.80, 30.58, 30.58, 29.00, 57835.37, 173278865, 3.64, 5.13, 0.92, 16635.53596
2015-11-24, 5, qiang_lie, 27.46, 30.56, 3.59, 29.50, 29.60, 30.60, 29.01, 65105.5, 194582924, 4.09, 5.39, 1.04, 1537.81796
2015-11-25, 5, qiang_lie, 27.58, 31.06, 1.64, 30.56, 30.47, 31.30, 30.28, 55081.25, 170469736, 3.46, 3.34, 0.91, 1098.88315
2015-11-26, 5, qiang_lie, 27.81, 31.60, 1.74, 31.06, 31.08, 32.88, 31.08, 88181.26, 282921378, 5.55, 5.80, 1.45, 841.05802
2015-11-27, 5, qiang_lie, 28.68, 34.40, 8.86, 31.60, 31.71, 34.76, 31.32, 243801.73, 833756960, 15.33, 10.89, 3.62, 894.79494
2015-11-30, 5, qiang_lie, 29.24, 35.00, 1.74, 34.40, 34.50, 35.58, 33.00, 150096.02, 516641221, 9.44, 7.50, 1.47, 872.60699
2015-12-01, 5, qiang_lie, 29.73, 31.91, -8.83, 35.00, 34.65, 37.80, 31.80, 138916.75, 494085990, 8.74, 17.14, 1.30, 4057.88803
2015-12-02, 5, qiang_lie, 29.79, 29.68, -9.51, 32.80, 32.00, 32.00, 29.52, 120634.97, 364340292, 7.59, 7.56, 0.86, 937.67786
2015-12-03, 5, qiang_lie, 29.79, 32.65, 10.01, 29.68, 30.48, 32.65, 29.90, 117451.21, 367226457, 7.39, 9.27, 0.77, 801.76902
2015-12-04, 5, qiang_lie, 29.78, 34.70, 6.28, 32.65, 33.62, 35.92, 33.49, 124701.54, 435161698, 7.84, 7.44, 0.79, 601.87602
2015-12-07, 5, qiang_lie, 30.25, 38.17, 10.00, 34.70, 34.60, 38.17, 34.60, 104597.51, 389470665, 6.58, 10.29, 0.78, 684.08799
2015-12-08, 5, qiang_lie, 30.95, 38.49, 0.84, 38.17, 39.88, 40.00, 37.20, 132998.41, 516356103, 8.37, 7.34, 1.06, 763.17406
2015-12-09, 5, qiang_lie, 31.67, 41.54, 7.92, 38.49, 38.00, 42.00, 37.52, 121213.49, 486565313, 7.62, 11.64, 1.02, 2563.67612
2015-12-10, 5, qiang_lie, 32.10, 39.19, -5.66, 41.54, 40.00, 40.80, 38.80, 86902.64, 343592208, 5.47, 4.81, 0.73, 828.06516
2015-12-11, 5, qiang_lie, 32.37, 36.79, -6.12, 39.19, 38.59, 38.59, 36.08, 83811.94, 311786748, 5.27, 6.40, 0.73, 972.03493
2015-12-14, 5, qiang_lie, 32.57, 36.30, -1.33, 36.79, 36.87, 37.35, 33.88, 91564.24, 326563784, 5.76, 9.43, 0.86, 4907.15313
2015-12-15, 5, qiang_lie, 32.77, 37.16, 2.37, 36.30, 36.44, 37.77, 36.36, 70988.98, 262603600, 4.46, 3.88, 0.69, 992.9719
2015-12-16, 5, qiang_lie, 32.96, 36.40, -2.05, 37.16, 37.07, 37.20, 35.80, 80680.48, 292702473, 5.07, 3.77, 0.89, 863.39402
2015-12-17, 5, qiang_lie, 33.27, 38.48, 5.71, 36.40, 37.00, 38.87, 37.00, 96756.58, 368355885, 6.09, 5.14, 1.17, 1271.7669
2015-12-18, 5, qiang_lie, 33.62, 38.29, -0.49, 38.48, 38.59, 39.90, 37.15, 107196.66, 413584389, 6.74, 7.15, 1.26, 853.01304
2015-12-21, 5, qiang_lie, 33.78, 37.29, -2.61, 38.29, 38.05, 38.05, 35.80, 75902.65, 279433070, 4.77, 5.88, 0.85, 1799.30115
2015-12-22, 5, qiang_lie, 33.88, 37.30, 0.03, 37.29, 36.60, 37.60, 36.60, 44160.67, 163812951, 2.78, 2.68, 0.51, 1147.07613
2015-12-23, 5, qiang_lie, 33.98, 36.39, -2.44, 37.30, 37.10, 37.79, 36.39, 54128.03, 201194570, 3.40, 3.75, 0.67, 1931.44703
2015-12-24, 5, qiang_lie, 34.04, 36.43, 0.11, 36.39, 36.10, 36.90, 36.01, 36845.32, 134410543, 2.32, 2.45, 0.49, 2739.67004
2015-12-25, 5, qiang_lie, 34.20, 37.61, 3.24, 36.43, 36.70, 38.88, 36.51, 72818.39, 276831887, 4.58, 6.51, 1.14, 790.81988
2015-12-28, 5, qiang_lie, 34.39, 37.85, 0.64, 37.61, 37.21, 39.40, 37.21, 75165.39, 289047271, 4.73, 5.82, 1.34, 1034.91783
2015-12-29, 5, qiang_lie, 34.76, 40.80, 7.79, 37.85, 37.55, 41.49, 37.45, 107196.9, 423324830, 6.74, 10.67, 1.89, 915.99202
2015-12-30, 5, qiang_lie, 35.02, 40.18, -1.52, 40.80, 40.20, 40.80, 39.30, 76374.44, 304870272, 4.80, 3.68, 1.35, 3114.66789
2015-12-31, 5, qiang_lie, 35.22, 38.83, -3.36, 40.18, 39.90, 41.53, 38.40, 71989.94, 287351672, 4.53, 7.79, 1.27, 966.81905
2016-01-04, 5, qiang_lie, 35.26, 34.95, -9.99, 38.83, 38.05, 38.83, 34.95, 56424.78, 201953838, 3.55, 9.99, 1.55, 997.44892
2016-01-05, 5, qiang_lie, 35.13, 31.92, -8.67, 34.95, 32.10, 34.37, 31.46, 76666.47, 250331516, 4.82, 8.33, 1.35, 853.55806
2016-01-06, 4, gao_du, 34.98, 32.43, 1.60, 31.92, 32.80, 33.15, 30.57, 76228.06, 242648349, 4.79, 8.08, 1.35, 977.13304
2016-01-07, 3, zhong_du, 34.92, 29.19, -9.99, 32.43, 31.28, 31.30, 29.19, 20292, 60137965, 1.28, 6.51, 2.97, 790.61294
2016-01-08, 2, qing_du, 34.92, 27.50, -5.79, 29.19, 30.00, 30.57, 26.27, 92645.98, 259876254, 5.83, 14.73, 1.64, 858.59203
2016-01-11, 1, wei_ruo, 34.16, 24.75, -10.00, 27.50, 26.48, 27.30, 24.75, 64914.74, 168429391, 4.08, 9.27, 1.15, 1021.73591
2016-01-12, 1, wei_ruo, 33.78, 25.79, 4.20, 24.75, 25.30, 26.26, 24.30, 68575.56, 174938575, 4.31, 7.92, 1.21, 2900.80214
2016-01-13, 1, wei_ruo, 33.49, 23.70, -8.10, 25.79, 26.00, 26.29, 23.70, 49589.59, 125021408, 3.12, 10.04, 0.88, 812.68692
2016-01-14, 1, wei_ruo, 33.25, 26.07, 10.00, 23.70, 23.00, 26.07, 22.55, 44519.35, 110658460, 2.80, 14.85, 0.79, 1963.37605
2016-01-15, 1, wei_ruo, 32.82, 27.38, 5.02, 26.07, 26.80, 28.45, 26.45, 119194.55, 327881585, 7.50, 7.67, 2.11, 3057.98006
2016-01-18, 1, wei_ruo, 32.57, 28.59, 4.42, 27.38, 26.31, 29.29, 26.31, 83890.65, 236937589, 5.28, 10.88, 1.48, 2952.88491
2016-01-19, 1, wei_ruo, 32.41, 29.98, 4.86, 28.59, 28.06, 30.00, 28.02, 75934.49, 220618092, 4.78, 6.93, 1.34, 783.26297
2016-01-20, 1, wei_ruo, 32.27, 29.00, -3.27, 29.98, 29.80, 30.14, 28.86, 72062.9, 211930969, 4.53, 4.27, 1.27, 745.116
2016-01-21, 2, qing_du, 31.94, 26.10, -10.00, 29.00, 28.22, 28.96, 26.10, 102670.73, 284458882, 6.46, 9.86, 1.81, 2681.32901
2016-01-22, 1, wei_ruo, 31.61, 27.05, 3.64, 26.10, 26.47, 27.60, 24.80, 95159.25, 250435410, 5.99, 10.73, 1.68, 2761.40404
2016-01-25, 1, wei_ruo, 31.09, 25.30, -6.47, 27.05, 26.60, 27.00, 24.81, 139884.89, 362981852, 8.80, 8.10, 2.47, 3907.7611
2016-01-26, 1, wei_ruo, 30.58, 22.77, -10.00, 25.30, 24.90, 24.90, 22.77, 105537.01, 248104595, 6.64, 8.42, 1.86, 1326.09296
2016-01-27, 1, wei_ruo, 30.04, 22.16, -2.68, 22.77, 22.40, 22.78, 20.59, 99676, 217136807, 6.27, 9.62, 1.76, 3249.89796
2016-01-28, 1, wei_ruo, 29.67, 21.01, -5.19, 22.16, 21.43, 22.49, 20.60, 67089.92, 146290946, 4.22, 8.53, 1.18, 2359.11703
2016-01-29, 1, wei_ruo, 29.27, 23.11, 10.00, 21.01, 21.26, 23.11, 21.06, 88512.72, 198989748, 5.57, 9.76, 1.56, 1029.56605
2016-02-01, 1, wei_ruo, 28.81, 23.97, 3.72, 23.11, 23.15, 24.49, 23.00, 133158.45, 316370350, 8.38, 6.45, 2.35, 706.72917
2016-02-02, 1, wei_ruo, 28.55, 24.50, 2.21, 23.97, 23.62, 25.30, 23.55, 94843.16, 232794502, 5.97, 7.30, 1.67, 1005.90992
2016-02-03, 1, wei_ruo, 28.35, 24.70, 0.82, 24.50, 24.00, 24.98, 23.32, 74207.28, 178513166, 4.67, 6.78, 1.31, 1142.62199
2016-02-04, 1, wei_ruo, 28.20, 25.75, 4.25, 24.70, 24.88, 26.16, 24.66, 89285.05, 228094066, 5.62, 6.07, 1.58, 1071.86699
2016-02-05, 1, wei_ruo, 28.06, 24.48, -4.93, 25.75, 25.52, 26.19, 24.41, 65715.63, 165359710, 4.13, 6.91, 1.16, 2606.99797
2016-02-15, 1, wei_ruo, 27.93, 24.00, -1.96, 24.48, 23.37, 24.40, 23.05, 49734.47, 117287272, 3.13, 5.51, 0.88, 2855.73697
2016-02-16, 1, wei_ruo, 27.78, 25.19, 4.96, 24.00, 24.48, 25.46, 24.30, 78838.58, 196645305, 4.96, 4.83, 1.39, 1003.14808
2016-02-17, 1, wei_ruo, 27.68, 26.03, 3.33, 25.19, 25.15, 26.35, 25.00, 85116.38, 219791170, 5.35, 5.36, 1.50, 1013.05389
2016-02-18, 1, wei_ruo, 27.59, 25.46, -2.19, 26.03, 26.15, 26.43, 25.35, 69671.05, 179341349, 4.38, 4.15, 1.23, 865.92102
2016-02-19, 1, wei_ruo, 27.53, 25.71, 0.98, 25.46, 25.33, 26.00, 25.20, 49650.81, 127675421, 3.12, 3.14, 1.11, 2490.08989
2016-02-22, 1, wei_ruo, 27.53, 26.77, 4.08, 25.72, 26.02, 27.35, 25.80, 89780.48, 238675346, 5.65, 6.03, 1.30, 3190.04989
2016-02-23, 1, wei_ruo, 27.44, 26.90, 0.49, 26.77, 26.80, 27.05, 25.61, 79017.29, 208595485, 4.97, 5.38, 1.03, 834.29313
2016-02-24, 1, wei_ruo, 27.42, 27.57, 2.49, 26.90, 26.79, 27.63, 26.10, 109034.06, 294097095, 6.86, 5.69, 1.42, 822.52908
2016-02-25, 1, wei_ruo, 27.37, 25.60, -7.15, 27.57, 28.11, 29.95, 25.50, 187545.53, 520353180, 11.80, 16.14, 2.29, 835.17981
2016-02-26, 1, wei_ruo, 27.33, 26.87, 4.96, 25.60, 26.39, 27.75, 25.81, 129225.67, 346446975, 8.13, 7.58, 1.23, 1485.12983
2016-02-29, 1, wei_ruo, 27.20, 24.18, -10.01, 26.87, 25.88, 25.91, 24.18, 78328.51, 191248954, 4.93, 6.44, 0.66, 2872.97893
2016-03-01, 1, wei_ruo, 26.95, 24.19, 0.04, 24.18, 23.40, 24.86, 22.13, 114838.88, 266955842, 7.22, 11.29, 0.98, 803.67708
2016-03-02, 1, wei_ruo, 26.81, 25.27, 4.46, 24.19, 23.87, 25.48, 23.18, 94036.71, 229697178, 5.91, 9.51, 0.77, 483.69193
2016-03-03, 1, wei_ruo, 26.73, 25.25, -0.08, 25.27, 25.10, 26.00, 24.60, 87931.42, 223535947, 5.53, 5.54, 0.73, 2555.35102
2016-03-04, 1, wei_ruo, 26.56, 22.90, -9.31, 25.25, 25.15, 25.34, 22.73, 87610.3, 208617812, 5.51, 10.34, 0.87, 681.988
2016-03-07, 1, wei_ruo, 26.43, 23.21, 1.35, 22.90, 23.01, 23.95, 22.80, 65361.84, 152739251, 4.11, 5.02, 0.71, 1003.27921
2016-03-08, 1, wei_ruo, 26.24, 23.64, 1.85, 23.21, 23.10, 23.90, 20.90, 80299.96, 181597058, 5.05, 12.93, 0.89, 2470.02411
2016-03-09, 1, wei_ruo, 26.15, 22.51, -4.78, 23.64, 22.99, 23.48, 22.21, 44424.35, 101649288, 2.79, 5.37, 0.53, 557.92618
2016-03-10, 1, wei_ruo, 26.03, 22.81, 1.33, 22.51, 22.60, 23.46, 22.30, 57111.7, 131357857, 3.59, 5.15, 0.79, 1958.09412
2016-03-11, 1, wei_ruo, 25.92, 23.63, 3.59, 22.81, 22.32, 23.90, 21.92, 61886.26, 144408176, 3.89, 8.68, 0.92, 730.73912
2016-03-14, 1, wei_ruo, 25.88, 25.55, 8.13, 23.63, 23.81, 25.73, 23.81, 68301.4, 171818221, 4.30, 8.13, 1.10, 944.48304
2016-03-15, 1, wei_ruo, 25.98, 27.40, 7.24, 25.55, 25.55, 28.11, 25.00, 167712.58, 460359103, 10.55, 12.17, 2.69, 1004.66204
2016-03-16, 1, wei_ruo, 26.26, 29.35, 7.12, 27.40, 27.52, 30.02, 27.36, 153335.84, 436111744, 9.64, 9.71, 1.92, 899.04714
2016-03-17, 2, qing_du, 26.73, 32.29, 10.02, 29.35, 29.45, 32.29, 29.41, 147695.42, 462638972, 9.29, 9.81, 1.45, 2785.46619
2016-03-18, 3, zhong_du, 27.77, 34.41, 6.57, 32.29, 34.30, 34.86, 32.75, 226848.96, 768203345, 14.27, 6.53, 1.89, 924.30496
2016-03-21, 4, gao_du, 28.70, 34.45, 0.12, 34.41, 34.51, 35.93, 33.88, 210897.07, 729171501, 13.26, 5.96, 1.38, 524.90902
2016-03-22, 4, gao_du, 29.30, 34.15, -0.87, 34.45, 33.70, 35.50, 33.50, 169191.22, 582904684, 10.64, 5.81, 0.93, 632.67493
2016-03-23, 4, gao_du, 29.90, 34.50, 1.02, 34.15, 33.61, 35.10, 33.31, 191461.47, 654293035, 12.04, 5.24, 1.05, 525.69914
2016-03-24, 4, gao_du, 30.51, 33.73, -2.23, 34.50, 34.12, 35.99, 33.60, 213317.48, 737481590, 13.42, 6.93, 1.13, 2735.80194
2016-03-25, 4, gao_du, 30.73, 33.11, -1.84, 33.73, 33.50, 33.87, 32.05, 137165.09, 449823310, 8.63, 5.40, 0.68, 664.13403
2016-03-28, 4, gao_du, 31.08, 33.40, 0.88, 33.11, 33.40, 35.49, 33.08, 169809.09, 581075538, 10.68, 7.28, 0.92, 492.26999
2016-03-29, 4, gao_du, 31.10, 30.80, -7.78, 33.40, 32.84, 33.01, 30.30, 135942.77, 426398497, 8.55, 8.11, 0.77, 518.27908
2016-03-30, 4, gao_du, 31.26, 33.88, 10.00, 30.80, 31.40, 33.88, 31.09, 135938.63, 437455372, 8.55, 9.06, 0.80, 1234.54499
2016-03-31, 4, gao_du, 31.43, 33.25, -1.86, 33.88, 34.00, 34.11, 32.00, 145504.87, 483770866, 9.15, 6.23, 0.92, 2220.80112
2016-04-01, 4, gao_du, 31.47, 32.24, -3.04, 33.25, 32.59, 33.17, 31.00, 94756.91, 302924854, 5.96, 6.53, 0.65, 1207.20315
2016-04-05, 4, gao_du, 31.71, 35.46, 9.99, 32.24, 32.79, 35.46, 32.60, 122556.04, 423623192, 7.71, 8.87, 0.90, 685.15205
2016-04-06, 5, qiang_lie, 32.28, 35.97, 1.44, 35.46, 36.50, 37.45, 34.67, 210916.16, 759512514, 13.27, 7.84, 1.66, 449.14699
2016-04-07, 5, qiang_lie, 32.68, 35.35, -1.72, 35.97, 36.16, 37.30, 34.90, 177003.38, 637446833, 11.13, 6.67, 1.25, 1474.88284
2016-04-08, 5, qiang_lie, 33.01, 36.56, 3.42, 35.35, 34.79, 36.99, 33.97, 169224.63, 602502665, 10.64, 8.54, 1.13, 562.59203
2016-04-11, 5, qiang_lie, 33.33, 36.17, -1.07, 36.56, 36.75, 38.15, 36.11, 132659.96, 494402700, 8.34, 5.58, 0.86, 852.11515
2016-04-12, 5, qiang_lie, 33.42, 34.36, -5.00, 36.17, 35.45, 36.13, 33.20, 116337.9, 403493856, 7.32, 8.10, 0.72, 530.34186
2016-04-13, 5, qiang_lie, 33.51, 34.71, 1.02, 34.36, 34.79, 35.55, 34.41, 96719.05, 339069328, 6.08, 3.32, 0.60, 2525.17796
2016-04-14, 5, qiang_lie, 33.57, 35.00, 0.84, 34.71, 34.70, 35.26, 34.50, 68171.77, 237596491, 4.29, 2.19, 0.49, 841.86506
2016-04-15, 5, qiang_lie, 33.61, 34.61, -1.11, 35.00, 34.99, 35.00, 34.23, 60930.62, 210720855, 3.83, 2.20, 0.52, 4459.84006
2016-04-18, 5, qiang_lie, 33.73, 35.84, 3.55, 34.61, 34.55, 36.41, 33.15, 125397.54, 440161096, 7.89, 9.42, 1.32, 4380.74899
2016-04-19, 5, qiang_lie, 34.03, 37.66, 5.08, 35.84, 35.81, 38.07, 35.50, 143059.63, 531046823, 9.00, 7.17, 1.53, 706.02393
2016-04-20, 5, qiang_lie, 34.18, 35.05, -6.93, 37.66, 37.26, 38.31, 34.37, 125229.92, 453825902, 7.88, 10.46, 1.27, 743.9878
2016-04-21, 5, qiang_lie, 34.19, 33.83, -3.48, 35.05, 34.51, 35.80, 33.60, 90300.6, 313346272, 5.68, 6.28, 0.86, 1135.63514
2016-04-22, 5, qiang_lie, 34.22, 35.30, 4.35, 33.83, 33.25, 35.49, 33.00, 90227.92, 309704748, 5.67, 7.36, 0.83, 4009.88293
2016-04-25, 5, qiang_lie, 34.23, 34.73, -1.61, 35.30, 34.60, 35.45, 33.40, 76692.5, 265151939, 4.82, 5.81, 0.67, 2489.87889
2016-04-26, 5, qiang_lie, 34.33, 36.10, 3.94, 34.73, 34.66, 36.65, 34.44, 106229.01, 381292368, 6.68, 6.36, 1.01, 2628.53885
2016-04-27, 5, qiang_lie, 34.73, 38.59, 6.90, 36.10, 36.21, 39.71, 36.11, 167649.98, 648300637, 10.54, 9.97, 1.72, 2858.57606
2016-04-28, 5, qiang_lie, 35.39, 41.20, 6.76, 38.59, 38.40, 41.53, 37.52, 196098.72, 767976596, 12.33, 10.39, 1.85, 781.33798
2016-04-29, 5, qiang_lie, 36.43, 45.32, 10.00, 41.20, 40.80, 45.32, 40.17, 201122.12, 877722751, 12.65, 12.50, 1.58, 793.43104
2016-05-03, 5, qiang_lie, 37.52, 46.01, 1.52, 45.32, 44.45, 46.73, 43.77, 191675.52, 866358852, 12.06, 6.53, 1.28, 999.56703
2016-05-04, 5, qiang_lie, 38.16, 44.99, -2.22, 46.01, 45.59, 46.02, 44.63, 132012.57, 596539769, 8.30, 3.02, 0.77, 553.10702
2016-05-05, 5, qiang_lie, 38.82, 45.01, 0.04, 44.99, 44.61, 47.00, 44.60, 140861.96, 643934619, 8.86, 5.33, 0.79, 1609.58695
2016-05-06, 5, qiang_lie, 39.66, 44.90, -0.24, 45.01, 44.71, 47.79, 44.01, 197858.85, 904718859, 12.44, 8.40, 1.15, 2524.67489
2016-05-09, 5, qiang_lie, 40.66, 47.57, 5.95, 44.90, 44.18, 48.90, 43.98, 222282.53, 1033644467, 13.98, 10.96, 1.29, 2650.14791
2016-05-10, 5, qiang_lie, 41.16, 45.28, -4.81, 47.57, 46.97, 46.97, 43.78, 172156.63, 778845976, 10.83, 6.71, 0.97, 2970.64495
2016-05-11, 5, qiang_lie, 41.41, 42.00, -7.24, 45.28, 46.00, 46.95, 41.70, 165968.97, 740986659, 10.44, 11.59, 0.96, 1197.45088
2016-05-12, 5, qiang_lie, 41.76, 46.10, 9.76, 42.00, 40.49, 46.19, 40.02, 206462.28, 900015288, 12.99, 14.69, 1.15, 835.17504
2016-05-13, 5, qiang_lie, 42.43, 47.15, 2.28, 46.10, 45.50, 49.68, 45.00, 193011.44, 917882352, 12.14, 10.15, 1.00, 934.17907
2016-05-16, 5, qiang_lie, 43.20, 50.61, 7.34, 47.15, 46.00, 51.29, 45.53, 180924.08, 880791191, 11.38, 12.22, 0.94, 14516.89005
2016-05-17, 5, qiang_lie, 44.10, 48.92, -3.34, 50.61, 50.35, 53.00, 47.18, 222108.62, 1116561025, 13.97, 11.50, 1.21, 681.41794
2016-05-18, 5, qiang_lie, 44.47, 49.10, 0.37, 48.92, 47.99, 49.37, 46.60, 135808.76, 651080701, 8.54, 5.66, 0.70, 824.69916
2016-05-19, 5, qiang_lie, 44.99, 50.00, 1.83, 49.10, 48.50, 52.00, 48.30, 148299.8, 743038768, 9.33, 7.54, 0.79, 4735.66198
2016-05-20, 5, qiang_lie, 45.23, 47.16, -5.68, 50.00, 48.00, 49.58, 45.52, 156279.94, 743602466, 9.83, 8.12, 0.89, 3906.27503
2016-05-23, 5, qiang_lie, 45.65, 50.65, 7.40, 47.16, 47.22, 50.80, 46.02, 169426.19, 817166858, 10.66, 10.14, 1.00, 1266.12115
2016-05-24, 5, qiang_lie, 45.91, 48.81, -3.63, 50.65, 49.65, 50.92, 47.78, 119516.87, 590655368, 7.52, 6.20, 0.72, 2229.90489
2016-05-25, 5, qiang_lie, 46.04, 47.34, -3.01, 48.81, 48.95, 49.40, 46.81, 99393.95, 478112581, 6.25, 5.31, 0.60, 894.40799
2016-05-26, 5, qiang_lie, 46.14, 48.42, 2.28, 47.34, 47.66, 49.00, 45.51, 102313.72, 484465146, 6.44, 7.37, 0.61, 3513.95798
2016-05-27, 5, qiang_lie, 46.19, 46.13, -4.73, 48.42, 48.15, 49.13, 45.96, 92924.18, 440170235, 5.84, 6.55, 0.56, 2458.20379
2016-05-30, 5, qiang_lie, 46.16, 44.98, -2.49, 46.13, 44.89, 46.98, 44.51, 74248.47, 339535236, 4.67, 5.35, 0.45, 1646.38686
2016-05-31, 5, qiang_lie, 46.24, 47.90, 6.49, 44.98, 45.75, 48.20, 45.65, 112240.63, 531386949, 7.06, 5.67, 0.67, 951.14088
2016-06-01, 5, qiang_lie, 46.60, 49.98, 4.34, 47.90, 47.56, 52.58, 47.52, 152615.81, 767287428, 9.60, 10.56, 0.92, 664.94584
2016-06-02, 5, qiang_lie, 46.60, 53.78, 7.60, 49.98, 49.80, 53.78, 49.80, 160863.07, 842377754, 10.12, 7.96, 0.97, 1913.74397
2016-06-03, 5, qiang_lie, 47.80, 52.65, -2.10, 53.78, 53.66, 55.88, 52.28, 155748.44, 840982544, 9.80, 6.69, 0.94, 1801.13292
2016-06-06, 5, qiang_lie, 48.74, 57.92, 10.01, 52.65, 52.40, 57.92, 52.40, 180583.93, 1019690167, 11.36, 10.48, 1.09, 835.22487
2016-06-07, 5, qiang_lie, 50.53, 62.20, 7.39, 57.92, 59.44, 62.50, 58.61, 230513.76, 1393321562, 14.50, 6.72, 1.39, 1057.68394
2016-06-08, 5, qiang_lie, 52.14, 64.49, 3.68, 62.20, 60.90, 68.00, 60.49, 184954.45, 1173304773, 11.63, 12.07, 1.11, 1650.033
2016-06-13, 5, qiang_lie, 53.39, 61.43, -4.74, 64.49, 63.81, 67.50, 61.30, 176700.13, 1142730743, 11.11, 9.61, 1.06, 1078.68004
2016-06-14, 5, qiang_lie, 54.27, 62.17, 1.20, 61.43, 61.16, 64.50, 60.02, 158291.54, 991411428, 9.96, 7.29, 0.95, 6024.261
2016-06-15, 5, qiang_lie, 55.79, 68.39, 10.00, 62.17, 61.10, 68.39, 61.02, 207254.36, 1382350126, 13.04, 11.85, 1.25, 5086.46297
2016-06-16, 5, qiang_lie, 57.33, 67.66, -1.07, 68.39, 68.40, 71.00, 67.11, 190980.39, 1308596959, 12.01, 5.69, 1.15, 3908.96511
2016-06-17, 5, qiang_lie, 58.14, 65.89, -2.62, 67.66, 67.01, 68.15, 64.78, 144509.33, 957441418, 9.09, 4.98, 0.87, 4558.83694
2016-06-20, 5, qiang_lie, 58.73, 67.01, 1.70, 65.89, 65.88, 67.71, 65.00, 110636.22, 734914907, 6.96, 4.11, 0.66, 5616.07504
2016-06-21, 5, qiang_lie, 59.51, 64.98, -3.03, 67.01, 67.70, 70.66, 63.39, 163044.25, 1096145843, 10.25, 10.85, 0.98, 905.0231
2016-06-22, 5, qiang_lie, 59.88, 65.05, 0.11, 64.98, 66.10, 66.60, 62.66, 112930.97, 726820151, 7.10, 6.06, 0.68, 5607.70011
2016-06-23, 5, qiang_lie, 60.26, 65.18, 0.20, 65.05, 64.98, 66.64, 63.50, 113450.41, 739779241, 7.14, 4.83, 0.68, 1451.83277
2016-06-24, 5, qiang_lie, 61.65, 71.37, 9.50, 65.18, 65.00, 71.70, 64.44, 248581.37, 1712404264, 15.63, 11.14, 1.49, 715.52587
2016-06-27, 5, qiang_lie, 62.53, 71.10, -0.38, 71.37, 70.30, 71.20, 68.40, 162582.45, 1131377903, 10.23, 3.92, 0.98, 1216.91203
2016-06-28, 5, qiang_lie, 63.07, 67.78, -4.67, 71.10, 70.20, 70.84, 67.00, 143710.78, 983675441, 9.04, 5.40, 0.86, 2823.81988
2016-06-30, 5, qiang_lie, 63.68, 66.94, -0.98, 67.60, 67.50, 68.08, 64.40, 113328.01, 743374495, 7.13, 5.44, 0.68, 2780.49111
2016-07-01, 5, qiang_lie, 63.82, 66.11, -1.24, 66.94, 66.31, 67.63, 65.52, 82039.36, 545775999, 5.16, 3.15, 0.49, 1143.47887
2016-07-04, 5, qiang_lie, 64.05, 67.90, 2.71, 66.11, 66.40, 69.45, 65.21, 100693.76, 678070598, 6.33, 6.41, 0.61, 1153.13983
2016-07-05, 5, qiang_lie, 64.40, 68.60, 1.03, 67.90, 68.28, 70.30, 66.04, 128380.74, 876608066, 8.07, 6.27, 0.77, 505.74803
2016-07-06, 5, qiang_lie, 65.01, 71.40, 4.08, 68.60, 67.90, 74.20, 67.60, 146608.01, 1051384325, 9.22, 9.62, 0.88, 18532.59301
2016-07-07, 5, qiang_lie, 66.09, 77.27, 8.22, 71.40, 71.14, 78.50, 70.11, 166406.03, 1231824230, 10.47, 11.75, 1.00, 1429.07906
2016-07-08, 5, qiang_lie, 67.26, 77.85, 0.75, 77.27, 77.70, 82.89, 76.01, 145333.01, 1156261950, 9.14, 8.90, 0.87, 16605.29399
2016-07-11, 5, qiang_lie, 68.06, 78.29, 0.57, 77.85, 76.56, 80.00, 74.90, 121044.24, 933928857, 7.61, 6.55, 0.73, 4716.22705
2016-07-12, 5, qiang_lie, 68.61, 74.50, -4.84, 78.29, 78.01, 78.84, 71.50, 127117.01, 950030805, 8.00, 9.38, 0.76, 17530.24507
2016-07-13, 5, qiang_lie, 69.40, 76.48, 2.66, 74.50, 75.00, 79.50, 74.02, 155841.16, 1198227842, 9.80, 7.36, 0.94, 2776.76201
2016-07-14, 5, qiang_lie, 69.75, 75.19, -1.69, 76.48, 75.31, 77.37, 74.01, 90652.37, 684136972, 5.70, 4.39, 0.54, 2793.36309
2016-07-15, 5, qiang_lie, 70.26, 77.33, 2.85, 75.19, 75.53, 79.10, 75.04, 110959.32, 854517493, 6.98, 5.40, 0.67, 3450.59395
2016-07-18, 5, qiang_lie, 70.56, 74.72, -3.38, 77.33, 77.90, 77.90, 74.50, 86008.83, 649915399, 5.41, 4.40, 0.52, 2401.85308
2016-07-19, 5, qiang_lie, 70.68, 73.80, -1.23, 74.72, 74.30, 74.38, 72.16, 67552.19, 495143666, 4.25, 2.97, 0.41, 700.79613
2016-07-20, 5, qiang_lie, 70.68, 74.35, 0.75, 73.80, 74.57, 75.85, 73.20, 57823.6, 431901195, 3.64, 3.59, 0.35, 754.82678
2016-07-21, 5, qiang_lie, 70.94, 73.66, -0.93, 74.35, 73.83, 75.50, 72.88, 57594.92, 429044609, 3.62, 3.52, 0.35, 838.66215
2016-07-22, 5, qiang_lie, 70.83, 67.40, -8.50, 73.66, 73.15, 75.26, 66.53, 136536.88, 963934413, 8.59, 11.85, 0.82, 2712.14104
2016-07-25, 5, qiang_lie, 70.14, 63.40, -5.93, 67.40, 65.99, 66.00, 62.04, 155882.19, 993120232, 9.80, 5.88, 0.94, 4900.26498
2016-07-26, 4, gao_du, 69.77, 63.30, -0.16, 63.40, 62.98, 64.13, 62.31, 86040.2, 544381459, 5.41, 2.87, 0.52, 678.37691
2016-07-27, 3, zhong_du, 68.98, 60.80, -3.95, 63.30, 63.60, 63.96, 57.23, 137560.57, 830576865, 8.65, 10.63, 0.83, 4556.83899
2016-07-28, 3, zhong_du, 68.43, 62.48, 2.76, 60.80, 60.18, 62.97, 58.55, 115272.37, 702020295, 7.25, 7.27, 0.69, 1016.79206
2016-07-29, 2, qing_du, 68.02, 63.22, 1.18, 62.48, 61.78, 66.31, 61.45, 136306.67, 871359787, 8.57, 7.78, 0.82, 14339.0739
2016-08-01, 2, qing_du, 67.70, 64.10, 1.39, 63.22, 62.10, 64.86, 59.70, 99724.95, 630538629, 6.27, 8.16, 0.60, 7440.09399
2016-08-02, 2, qing_du, 67.53, 64.80, 1.09, 64.10, 64.30, 65.60, 63.20, 86510.69, 560910441, 5.44, 3.74, 0.52, 14593.01782
2016-08-03, 2, qing_du, 67.39, 64.45, -0.54, 64.80, 64.97, 66.54, 64.13, 88087.51, 577284650, 5.54, 3.72, 0.63, 1334.65004
2016-08-04, 2, qing_du, 67.23, 65.56, 1.72, 64.45, 64.03, 66.60, 63.22, 111559.08, 728986889, 7.02, 5.24, 0.86, 14204.87499
2016-08-05, 2, qing_du, 67.12, 64.37, -1.82, 65.56, 65.12, 65.95, 64.37, 72824.01, 473186971, 4.58, 2.41, 0.60, 858.59418
2016-08-08, 2, qing_du, 66.94, 62.91, -2.27, 64.37, 63.90, 64.36, 61.66, 68698.08, 430463631, 4.32, 4.19, 0.65, 4028.82409
2016-08-09, 2, qing_du, 66.80, 64.02, 1.76, 62.91, 63.00, 65.50, 62.12, 72166.29, 463413105, 4.54, 5.37, 0.84, 18234.04217
2016-08-10, 2, qing_du, 66.70, 64.07, 0.08, 64.02, 63.80, 65.85, 63.52, 71761.93, 463186137, 4.51, 3.64, 0.88, 6449.04995
2016-08-11, 1, wei_ruo, 66.38, 60.59, -5.43, 64.07, 63.56, 63.99, 60.40, 99430.64, 616848167, 6.25, 5.60, 1.25, 483.78897
2016-08-15, 1, wei_ruo, 65.85, 61.72, 2.68, 60.11, 60.80, 62.30, 59.31, 81449.46, 497032383, 5.12, 4.97, 1.07, 616.09507
2016-08-16, 1, wei_ruo, 65.85, 67.89, 10.00, 61.72, 62.25, 67.89, 61.72, 121974.98, 806622749, 7.67, 10.00, 1.53, 2585.84094
2016-08-17, 1, wei_ruo, 66.26, 69.59, 2.50, 67.89, 68.01, 70.56, 67.50, 193971.78, 1336304647, 12.20, 4.51, 2.17, 14295.78185
2016-08-18, 2, qing_du, 66.41, 68.16, -2.05, 69.59, 68.37, 70.28, 67.66, 101668.68, 696347845, 6.39, 3.76, 0.89, 15319.54384
2016-08-19, 2, qing_du, 66.54, 68.70, 0.79, 68.16, 67.85, 69.95, 67.80, 80291.76, 553528811, 5.05, 3.15, 0.70, 575.176
2016-08-22, 2, qing_du, 66.80, 69.60, 1.31, 68.70, 68.80, 72.35, 68.80, 113367.39, 800682805, 7.13, 5.17, 0.98, 3485.10289
2016-08-23, 2, qing_du, 66.67, 64.39, -7.49, 69.60, 69.00, 69.00, 63.06, 157037.06, 1014700410, 9.88, 8.53, 1.28, 651.67093
2016-08-24, 1, wei_ruo, 66.56, 64.01, -0.59, 64.39, 64.66, 65.10, 63.16, 65525.88, 419466511, 4.12, 3.01, 0.51, 2629.89902
2016-08-25, 1, wei_ruo, 66.43, 63.64, -0.58, 64.01, 63.50, 63.98, 61.68, 59192.69, 373369819, 3.72, 3.59, 0.57, 510.39195
2016-08-26, 1, wei_ruo, 66.28, 61.90, -2.73, 63.64, 63.81, 64.26, 61.85, 65241.85, 410563903, 4.10, 3.79, 0.69, 1043.43605
2016-08-29, 1, wei_ruo, 66.10, 61.45, -0.73, 61.90, 61.82, 62.55, 60.02, 56453.1, 346251995, 3.55, 4.09, 0.61, 830.90305
2016-08-30, 1, wei_ruo, 66.01, 61.80, 0.57, 61.45, 61.61, 63.00, 61.40, 37606.12, 233670296, 2.37, 2.60, 0.47, 2501.93214
2016-08-31, 1, wei_ruo, 65.94, 62.14, 0.55, 61.80, 61.08, 62.55, 61.08, 11094.72, 68821884, 0.70, 2.38, 1.09, 712.57901
2016-09-01, 1, wei_ruo, 65.80, 62.14, 0.55, 61.80, 61.08, 62.55, 61.08, 11094.72, 68821884, 0.70, 2.38, 1.09, 777.50516
2016-09-02, 1, wei_ruo, 65.80, 62.14, 0.55, 61.80, 61.08, 62.55, 61.08, 11094.72, 68821884, 0.70, 2.38, 1.09, 5571.44594
2016-09-05, 1, wei_ruo, 65.80, 62.14, 0.55, 61.80, 61.08, 62.55, 61.08, 11094.72, 68821884, 0.70, 2.38, 1.09, 627.71988
2016-09-06, 1, wei_ruo, 65.80, 60.40, 4.39, 57.86, 58.10, 60.69, 57.40, 82147.04, 486873458, 5.17, 5.69, 1.60, 4741.33492
2016-09-07, 1, wei_ruo, 65.80, 59.02, -2.28, 60.40, 60.31, 60.86, 59.00, 59334.18, 354404495, 3.73, 3.08, 1.15, 2196.68102
2016-09-08, 1, wei_ruo, 65.80, 62.14, 0.55, 61.80, 61.08, 62.55, 61.08, 11094.72, 68821884, 0.70, 2.38, 1.09, 638.62491
2016-09-09, 1, wei_ruo, 65.80, 62.14, 0.55, 61.80, 61.08, 62.55, 61.08, 11094.72, 68821884, 0.70, 2.38, 1.09, 2907.88603
2016-09-12, 1, wei_ruo, 65.80, 62.14, 0.55, 61.80, 61.08, 62.55, 61.08, 11094.72, 68821884, 0.70, 2.38, 1.09, 2585.30593
2016-09-13, 1, wei_ruo, 65.80, 62.14, 0.55, 61.80, 61.08, 62.55, 61.08, 11094.72, 68821884, 0.70, 2.38, 1.09, 4592.15593
2016-09-14, 1, wei_ruo, 65.80, 62.14, 0.55, 61.80, 61.08, 62.55, 61.08, 11094.72, 68821884, 0.70, 2.38, 1.09, 557.74999
2016-09-19, 1, wei_ruo, 65.80, 53.60, 1.25, 52.94, 53.35, 54.18, 52.80, 39997.61, 214596718, 2.45, 2.61, 0.78, 800.00401
2016-09-20, 1, wei_ruo, 65.80, 54.18, 1.08, 53.60, 53.81, 54.53, 53.10, 47311.14, 254932642, 2.90, 2.67, 0.92, 470.63899
2016-09-21, 1, wei_ruo, 65.80, 53.25, -1.72, 54.18, 54.00, 54.48, 53.15, 32038.01, 172201846, 1.96, 2.45, 0.62, 444.03386
2016-09-22, 1, wei_ruo, 65.80, 53.22, -0.06, 53.25, 53.90, 54.00, 53.06, 30813.6, 164952671, 1.89, 1.77, 0.60, 497.77293
2016-09-23, 1, wei_ruo, 65.80, 53.41, 0.36, 53.22, 53.50, 53.89, 52.71, 38121.38, 203049680, 2.34, 2.22, 0.74, 599.77508
2016-09-26, 1, wei_ruo, 65.80, 50.25, -5.92, 53.41, 52.75, 53.30, 50.00, 48173.47, 248753149, 2.95, 6.18, 0.94, 2446.15793
2016-09-27, 1, wei_ruo, 65.80, 51.09, 1.67, 50.25, 50.00, 51.20, 49.50, 42522.21, 215525115, 2.61, 3.38, 0.83, 2588.20605
2016-09-28, 1, wei_ruo, 65.80, 51.32, 0.45, 51.09, 51.02, 52.18, 51.02, 35077.58, 180799795, 2.15, 2.27, 0.68, 629.63104
2016-09-29, 1, wei_ruo, 65.80, 50.81, -0.99, 51.32, 51.23, 51.64, 50.57, 27805.15, 142117988, 1.70, 2.08, 0.54, 7453.38702
2016-09-30, 1, wei_ruo, 65.80, 51.53, 1.42, 50.81, 50.81, 51.75, 50.72, 33349.32, 171668450, 2.04, 2.03, 0.65, 724.58601
2016-10-10, 1, wei_ruo, 65.80, 54.05, 4.89, 51.53, 51.60, 54.66, 51.60, 57150.53, 306152658, 3.50, 5.94, 1.11, 590.33203
2016-10-11, 1, wei_ruo, 65.80, 55.75, 3.15, 54.05, 55.29, 57.28, 54.50, 88473.45, 494294257, 5.42, 5.14, 1.72, 966.42303
2016-10-12, 1, wei_ruo, 65.80, 55.69, -0.11, 55.75, 55.76, 56.50, 54.54, 42795.91, 237817947, 2.62, 3.52, 0.83, 467.02909
2016-10-13, 1, wei_ruo, 65.80, 54.80, -1.60, 55.69, 55.56, 55.98, 54.60, 40539.3, 222771916, 2.48, 2.48, 0.79, 45575.48594
2016-10-14, 1, wei_ruo, 59.92, 55.50, 1.28, 54.80, 54.70, 55.82, 53.52, 58683.34, 319632989, 3.60, 4.20, 1.14, 1945.36901
2016-10-17, 1, wei_ruo, 59.71, 56.55, 1.89, 55.50, 55.15, 58.00, 55.00, 98951.95, 561522396, 6.06, 5.41, 1.93, 2823.36807
2016-10-18, 1, wei_ruo, 59.59, 58.99, 4.31, 56.55, 55.88, 59.50, 55.65, 121432.73, 709215016, 7.44, 6.81, 2.36, 482.42593
2016-10-19, 1, wei_ruo, 59.53, , , , , , , , , , , , 535.26187
2016-10-20, 1, wei_ruo, 59.49, 57.85, -0.50, 58.14, 58.19, 59.60, 57.64, 64509.35, 378236297, 3.95, 3.37, 1.02, 2682.02901
2016-10-21, 1, wei_ruo, 59.41, 56.86, -1.71, 57.85, 57.33, 58.28, 56.30, 49531.94, 283022354, 3.03, 3.42, 0.77, 2254.6761
2016-10-24, 1, wei_ruo, 59.36, 57.16, 0.51, 56.87, 57.11, 57.78, 56.40, 37879.16, 215997008, 2.32, 2.43, 0.57, 660.26282
2016-10-25, 1, wei_ruo, 59.29, 56.48, -1.19, 57.16, 57.75, 57.75, 56.40, 45429.22, 258752337, 2.78, 2.36, 0.67, 5745.60618
2016-10-26, 1, wei_ruo, 59.16, 55.33, -2.04, 56.48, 56.48, 56.66, 54.35, 55588.36, 307260101, 3.41, 4.09, 0.82, 17373.17586
2016-10-27, 1, wei_ruo, 59.10, 55.41, 0.14, 55.33, 55.30, 55.95, 54.81, 27372.4, 151695755, 1.68, 2.06, 0.41, 2678.23195
2016-10-28, 1, wei_ruo, 59.00, 55.97, 0.99, 55.42, 55.47, 56.49, 55.04, 46659.04, 260665267, 2.86, 2.62, 0.69, 2796.78488
2016-10-31, 1, wei_ruo, 58.92, 57.86, 3.38, 55.97, 56.20, 58.35, 55.48, 76541.07, 437619391, 4.69, 5.13, 1.15, 565.63282
2016-11-01, 1, wei_ruo, 58.87, 57.87, 0.03, 57.85, 57.75, 58.17, 56.90, 56566.28, 324874245, 3.47, 2.20, 0.84, 527.18115
2016-11-02, 1, wei_ruo, 58.82, 56.91, -1.66, 57.87, 57.70, 58.35, 56.91, 56666.65, 327054891, 3.47, 2.49, 0.85, 562.16812
2016-11-03, 2, qing_du, 58.77, 57.18, 0.47, 56.91, 56.50, 58.35, 56.40, 55623.46, 319961389, 3.41, 3.43, 0.83, 1612.35213
2016-11-04, 2, qing_du, 58.65, 54.50, -4.69, 57.18, 57.10, 57.46, 54.50, 61423.55, 344159101, 3.76, 5.18, 0.91, 454.8471
2016-11-07, 1, wei_ruo, 58.45, 52.75, -3.21, 54.50, 54.48, 54.50, 52.50, 59811.33, 317851160, 3.66, 3.67, 0.89, 650.99502
2016-11-08, 1, wei_ruo, 58.34, 53.12, 0.70, 52.75, 53.00, 53.78, 53.00, 34627.02, 184573652, 2.12, 1.48, 0.51, 434.47185
2016-11-09, 1, wei_ruo, 58.12, 51.88, -2.33, 53.12, 53.10, 53.59, 50.66, 55963.63, 290871546, 3.43, 5.52, 0.83, 2911.15308
2016-11-10, 1, wei_ruo, 57.99, 52.26, 0.73, 51.88, 52.69, 52.75, 51.91, 37142.87, 193981163, 2.28, 1.62, 0.56, 839.88595
2016-11-11, 1, wei_ruo, 57.79, 51.80, -0.88, 52.26, 52.29, 52.29, 51.02, 51396.62, 264692532, 3.15, 2.43, 0.76, 736.17697
2016-11-14, 1, wei_ruo, 57.60, 51.73, -0.14, 51.80, 51.88, 52.82, 51.54, 54878.58, 286128585, 3.36, 2.47, 0.82, 468.92405
2016-11-15, 1, wei_ruo, 57.43, 51.45, -0.56, 51.74, 51.43, 51.98, 51.41, 22133.16, 114169536, 1.36, 1.10, 0.66, 693.57681
2016-11-16, 1, wei_ruo, 57.20, 53.50, 2.98, 51.95, 52.30, 53.72, 52.30, 55021.36, 293347076, 3.37, 2.73, 1.63, 478.28698
2016-11-17, 1, wei_ruo, 57.03, 51.45, -0.56, 51.74, 51.43, 51.98, 51.41, 22133.16, 114169536, 1.36, 1.10, 0.66, 803.58601
2016-11-18, 1, wei_ruo, 56.90, 53.50, 2.98, 51.95, 52.30, 53.72, 52.30, 55021.36, 293347076, 3.37, 2.73, 1.63, 592.98301
2016-11-21, 1, wei_ruo, 56.77, 51.86, -1.03, 52.40, 52.41, 52.41, 51.52, 41428.57, 214718739, 2.54, 1.70, 0.61, 462.78405
2016-11-22, 1, wei_ruo, 56.58, 53.70, 3.55, 51.86, 51.93, 54.25, 51.60, 89924.86, 476327259, 5.51, 5.11, 1.33, 1792.07587
2016-11-23, 1, wei_ruo, 56.42, 53.55, -0.28, 53.70, 55.00, 56.07, 53.53, 114440.93, 628199800, 7.01, 4.73, 1.70, 667.30881
2016-11-24, 1, wei_ruo, 56.26, 51.93, -3.03, 53.55, 52.97, 53.38, 51.70, 65779.93, 345452038, 4.03, 3.14, 0.98, 2591.61401
2016-11-25, 1, wei_ruo, 56.12, 52.79, 1.66, 51.93, 51.92, 52.94, 50.00, 50129.97, 260467670, 3.07, 5.66, 0.75, 566.91408
2016-11-28, 1, wei_ruo, 56.04, 52.52, -0.53, 52.80, 52.80, 53.48, 52.30, 39071.94, 206860895, 2.39, 2.23, 0.58, 479.05707
2016-11-29, 1, wei_ruo, 55.85, 50.89, -3.09, 52.51, 52.15, 52.34, 50.81, 64767.77, 331811662, 3.97, 2.91, 0.96, 368.95108
2016-11-30, 1, wei_ruo, 55.75, 51.00, 0.22, 50.89, 50.42, 51.70, 50.36, 33881.4, 173280759, 2.08, 2.63, 0.51, 455.77884
2016-12-01, 1, wei_ruo, 55.59, 50.15, -1.67, 51.00, 50.95, 51.20, 49.93, 50165.48, 252547861, 3.07, 2.49, 0.74, 1086.99393
2016-12-02, 1, wei_ruo, 55.31, 48.00, -4.29, 50.15, 50.50, 50.50, 47.78, 66106.85, 322728508, 4.05, 5.42, 0.98, 579.14209
2016-12-05, 1, wei_ruo, 55.14, 47.97, -0.06, 48.00, 47.50, 48.70, 46.77, 37853.04, 182040622, 2.32, 4.02, 0.56, 680.52506
2016-12-06, 1, wei_ruo, 54.91, 49.16, 2.48, 47.97, 48.00, 49.53, 47.85, 60006.65, 292567219, 3.68, 3.50, 0.89, 766.66713
2016-12-07, 1, wei_ruo, 54.77, 48.85, -0.63, 49.16, 49.20, 49.30, 48.39, 36511.28, 177927773, 2.24, 1.85, 0.55, 528.20396
2016-12-08, 1, wei_ruo, 54.58, 47.38, -3.01, 48.85, 49.10, 49.24, 47.30, 45032.41, 216589610, 2.76, 3.97, 0.67, 496.03009
2016-12-09, 1, wei_ruo, 54.38, 47.57, 0.40, 47.38, 47.42, 47.90, 47.00, 45895.8, 218454892, 2.81, 1.90, 0.68, 607.60903
2016-12-12, 1, wei_ruo, 53.82, 42.81, -10.01, 47.57, 47.57, 47.57, 42.81, 91008.79, 403498155, 5.58, 10.01, 1.35, 500.00095
2016-12-13, 1, wei_ruo, 53.43, 42.30, -1.19, 42.81, 43.00, 43.00, 41.77, 55598.53, 236037461, 3.41, 2.87, 0.83, 836.72094
2016-12-14, 1, wei_ruo, 53.16, 41.58, -1.70, 42.30, 42.20, 42.80, 41.41, 39590.56, 166270389, 2.43, 3.29, 0.59, 448.07577
2016-12-15, 1, wei_ruo, 52.60, 44.27, 6.47, 41.58, 41.82, 44.94, 41.60, 95550.2, 411912898, 5.85, 8.03, 1.42, 527.8852
2016-12-16, 1, wei_ruo, 52.29, 44.52, 0.56, 44.27, 43.89, 44.80, 43.68, 59674.95, 264705148, 3.66, 2.53, 0.89, 669.32011
2016-12-19, 1, wei_ruo, 52.08, 43.70, -1.84, 44.52, 44.78, 44.95, 43.50, 42788.94, 188687714, 2.62, 3.26, 0.64, 584.31101
2016-12-20, 1, wei_ruo, 51.74, 44.61, 2.08, 43.70, 43.98, 45.90, 43.65, 74512.62, 334703074, 4.56, 5.15, 1.11, 563.88116
2016-12-21, 1, wei_ruo, 51.55, 44.69, 0.18, 44.61, 44.57, 45.18, 44.03, 44840.41, 199238598, 2.75, 2.58, 0.67, 477.93102
2016-12-22, 1, wei_ruo, 51.38, 43.84, -1.90, 44.69, 44.40, 44.65, 43.61, 36027.54, 158613753, 2.21, 2.33, 0.53, 477.38695
2016-12-23, 1, wei_ruo, 51.14, 43.95, 0.25, 43.84, 43.48, 44.13, 42.68, 51102.84, 221538623, 3.13, 3.31, 0.76, 414.72316
2016-12-26, 1, wei_ruo, 50.78, 45.70, 3.98, 43.95, 43.50, 46.00, 43.11, 94550.21, 425210075, 5.79, 6.58, 1.40, 664.03699
2016-12-27, 1, wei_ruo, 50.59, 45.07, -1.38, 45.70, 45.68, 45.98, 44.89, 55440.52, 250848563, 3.40, 2.39, 0.82, 529.37508
2016-12-28, 1, wei_ruo, 50.45, 44.80, -0.60, 45.07, 44.70, 45.80, 44.70, 41737.13, 189035082, 2.56, 2.44, 0.62, 753.55196
2016-12-30, 1, wei_ruo, 50.09, 43.07, -2.11, 44.00, 44.00, 44.39, 42.65, 50023.81, 215792616, 3.06, 3.95, 0.74, 651.42798
2017-01-04, 1, wei_ruo, 49.77, 47.54, 10.00, 43.22, 43.50, 47.54, 43.23, 77075.64, 355250618, 4.72, 9.97, 1.14, 495.75496
2017-01-05, 1, wei_ruo, 49.61, 47.88, 0.72, 47.54, 49.11, 49.12, 47.73, 172298.6, 834499236, 10.56, 2.92, 2.56, 611.08112
2017-01-06, 1, wei_ruo, 49.47, 47.04, -1.75, 47.88, 47.38, 48.32, 46.68, 101498.31, 482740181, 6.22, 3.43, 1.51, 9768.97717
2017-01-09, 1, wei_ruo, 49.40, 48.27, 2.61, 47.04, 47.10, 50.30, 47.08, 123981.11, 603705698, 7.60, 6.85, 1.84, 587.30984
2017-01-10, 1, wei_ruo, 49.33, 47.50, -1.60, 48.27, 48.00, 48.78, 47.23, 71647.55, 342786304, 4.39, 3.21, 1.06, 483.84786
2017-01-11, 1, wei_ruo, 49.27, 48.40, 1.89, 47.50, 47.20, 48.79, 47.10, 77907.28, 375282385, 4.77, 3.56, 1.16, 2669.59405
2017-01-13, 1, wei_ruo, 49.26, 48.33, 0.12, 48.27, 48.00, 48.78, 47.23, 48329.39, 231373006, 2.96, 3.21, 1.43, 747.42818
2017-01-16, 1, wei_ruo, 49.10, 48.33, 0.12, 48.27, 48.00, 48.78, 47.23, 48329.39, 231373006, 2.96, 3.21, 1.43, 539.48498
2017-01-17, 1, wei_ruo, 49.01, 48.28, 2.94, 46.90, 46.38, 48.50, 45.41, 86762.47, 409439742, 5.32, 6.59, 1.29, 581.45094
2017-01-18, 1, wei_ruo, 48.98, 48.25, -0.06, 48.28, 47.81, 49.33, 47.49, 72959.96, 352659121, 4.47, 3.81, 1.08, 124724.37
2017-02-07, 3, zhong_du, 48.97, 46.48, -0.04, 46.50, 46.50, 46.91, 46.22, 20696.23, 96414204, 1.27, 1.48, 0.70, 2683.15578
2017-02-08, 3, zhong_du, 48.91, 47.24, 1.59, 46.50, 46.50, 47.38, 46.22, 55390.1, 259622166, 3.39, 2.49, 0.82, 618.7439
2017-02-09, 3, zhong_du, 48.93, 49.84, 5.50, 47.24, 47.30, 50.85, 47.00, 106355.84, 525149945, 6.52, 8.15, 1.58, 501.47605
2017-02-10, 3, zhong_du, 48.94, 49.28, -1.12, 49.84, 49.50, 49.85, 48.89, 66853.9, 329801553, 4.10, 1.93, 0.99, 132916.81695
2017-02-13, 3, zhong_du, 49.02, 50.54, 2.56, 49.28, 49.26, 51.45, 49.03, 88801.41, 448533196, 5.44, 4.91, 1.32, 64831.80189
2017-02-14, 4, gao_du, 49.10, 50.53, -0.02, 50.54, 50.33, 51.45, 50.04, 76050.81, 385504974, 4.66, 2.79, 1.13, 712.58807
2017-02-15, 4, gao_du, 49.10, 48.60, -3.82, 50.53, 50.30, 50.80, 48.41, 75806.88, 374529267, 4.64, 4.73, 1.13, 5438.16996
2017-02-16, 4, gao_du, 49.13, 50.09, 3.07, 48.60, 48.41, 50.54, 48.41, 80936.8, 402606956, 4.96, 4.38, 1.20, 823.69184
2017-02-17, 4, gao_du, 49.19, 49.75, -0.68, 50.09, 50.40, 51.35, 49.61, 90350.19, 455431537, 5.54, 3.47, 1.34, 1617.88702
2017-02-20, 5, qiang_lie, 49.26, 49.75, -0.68, 50.09, 50.40, 51.35, 49.61, 90350.19, 455431537, 5.54, 3.47, 1.34, 600.6372
2017-03-02, 5, qiang_lie, 49.77, 53.54, 5.00, 50.99, 53.00, 56.00, 52.30, 176856.98, 950204385, 10.83, 7.26, 2.62, 2260.27083
2017-03-03, 5, qiang_lie, 50.73, 58.89, 9.99, 53.54, 53.80, 58.89, 53.13, 219037.17, 1255658081, 13.42, 10.76, 3.25, 4780.16186
2017-03-06, 5, qiang_lie, 52.02, 59.02, 0.22, 58.89, 58.89, 61.69, 57.80, 238805.04, 1420253053, 14.63, 6.61, 3.54, 535.14504
2017-03-07, 5, qiang_lie, 52.59, 57.32, -0.57, 57.65, 57.66, 58.15, 56.61, 62804.83, 360477955, 3.85, 2.67, 1.86, 726.14908
2017-03-08, 5, qiang_lie, 52.87, 56.88, -1.34, 57.65, 57.66, 58.15, 56.61, 97562.83, 558518921, 5.98, 2.67, 1.45, 767.73405
2017-03-09, 5, qiang_lie, 53.40, 59.03, 3.78, 56.88, 56.99, 59.35, 55.60, 168015.89, 969433762, 10.29, 6.59, 2.49, 388.79704
2017-03-10, 5, qiang_lie, 53.99, 58.85, -0.30, 59.03, 58.37, 61.00, 57.70, 167747.79, 992198127, 10.28, 5.59, 2.49, 630.50818
2017-03-13, 5, qiang_lie, 54.39, 59.70, 1.44, 58.85, 58.00, 60.66, 57.59, 122273.28, 724598376, 7.49, 5.22, 1.81, 640.82098
2017-03-14, 5, qiang_lie, 54.82, 58.41, -2.16, 59.70, 59.70, 61.30, 58.22, 143335.92, 856313395, 8.78, 5.16, 2.13, 584.75518
2017-03-15, 5, qiang_lie, 54.95, 55.88, -4.33, 58.41, 57.60, 57.95, 55.87, 124043.13, 704145836, 7.60, 3.56, 1.84, 2565.99498
2017-03-16, 5, qiang_lie, 55.03, 56.65, 1.38, 55.88, 56.16, 57.19, 56.16, 75049.17, 424560648, 4.60, 1.84, 1.11, 579.33402
2017-03-17, 5, qiang_lie, 55.08, 55.23, -2.51, 56.65, 56.65, 56.99, 55.01, 96019.12, 537600062, 5.88, 3.50, 1.42, 621.63997
2017-03-20, 5, qiang_lie, 55.09, 55.41, 0.33, 55.23, 55.50, 56.17, 54.30, 80090.94, 442801012, 4.91, 3.39, 1.19, 639.47296
2017-03-21, 5, qiang_lie, 55.13, 56.49, 1.95, 55.41, 55.51, 56.56, 54.86, 83286.56, 464887344, 5.10, 3.07, 1.24, 1422.75906
2017-03-22, 5, qiang_lie, 55.31, 58.00, 2.67, 56.49, 56.00, 58.49, 55.80, 125674.24, 720519054, 7.70, 4.76, 1.87, 609.92694
2017-03-23, 5, qiang_lie, 55.40, 56.55, -2.50, 58.00, 57.70, 58.43, 55.81, 96590.25, 552087394, 5.92, 4.52, 1.43, 609.6971
2017-03-24, 5, qiang_lie, 55.44, 55.80, -1.33, 56.55, 56.21, 57.14, 55.80, 61288.94, 345998967, 3.75, 2.37, 0.91, 612.31208
2017-03-27, 5, qiang_lie, 55.46, 56.02, 0.39, 55.80, 55.31, 56.89, 54.78, 69959.01, 388905513, 4.29, 3.78, 1.04, 587.16989
2017-03-28, 5, qiang_lie, 55.50, 56.00, -0.04, 56.02, 55.80, 57.40, 55.68, 77764.26, 440721965, 4.76, 3.07, 1.15, 649.87493
2017-03-29, 4, gao_du, 55.47, 54.20, -3.21, 56.00, 55.72, 56.45, 54.20, 74085.32, 411913529, 4.54, 4.02, 1.10, 692.32988
2017-03-30, 4, gao_du, 55.32, 51.87, -4.30, 54.20, 54.16, 54.50, 51.50, 87596.53, 461993089, 5.37, 5.54, 1.30, 807.03092
2017-03-31, 3, zhong_du, 55.21, 53.05, 2.27, 51.87, 52.40, 53.58, 52.19, 74755.94, 396137585, 4.58, 2.68, 1.11, 613.40284
2017-04-05, 3, zhong_du, 55.22, 56.20, 5.94, 53.05, 53.05, 56.70, 53.05, 97370.49, 543269997, 5.97, 6.88, 1.45, 645.8199
2017-04-06, 3, zhong_du, 55.28, 56.84, 1.14, 56.20, 56.20, 57.09, 55.31, 83442.57, 467959576, 5.11, 3.17, 1.24, 720.31403
2017-04-07, 4, gao_du, 55.31, 55.68, -2.04, 56.84, 56.50, 57.20, 55.56, 50889.73, 286668971, 3.12, 2.89, 0.76, 706.20799
2017-04-10, 4, gao_du, 55.25, 53.20, -4.45, 55.68, 55.20, 56.08, 53.20, 80438.97, 437511954, 4.93, 5.17, 1.19, 628.03006
2017-04-11, 4, gao_du, 55.13, 53.36, 0.30, 53.20, 52.89, 54.38, 51.01, 86835.47, 458193250, 5.32, 6.33, 1.29, 551.10502
2017-04-12, 3, zhong_du, 55.05, 52.38, -1.84, 53.36, 52.89, 54.07, 52.11, 52319.07, 278323369, 3.21, 3.67, 0.78, 636.63912
2017-04-13, 3, zhong_du, 54.99, 53.17, 1.51, 52.38, 52.14, 53.38, 52.06, 44705.59, 236867827, 2.74, 2.52, 0.66, 645.38217
2017-04-14, 2, qing_du, 54.81, 50.41, -5.19, 53.17, 53.18, 53.30, 50.17, 79141.02, 406926563, 4.85, 5.89, 1.17, 606.84395
2017-04-17, 2, qing_du, 54.68, 49.79, -1.23, 50.41, 50.08, 51.26, 49.40, 47498.39, 238640596, 2.91, 3.69, 0.70, 582.47399
2017-04-18, 1, wei_ruo, 54.40, 46.96, -5.68, 49.79, 49.70, 50.45, 46.70, 69305.03, 334581141, 4.25, 7.53, 1.03, 610.15797
2017-04-19, 1, wei_ruo, 54.08, 47.02, 0.13, 46.96, 46.14, 47.10, 44.48, 62602.23, 286699548, 1.92, 5.58, 0.93, 488.89399
2017-04-20, 1, wei_ruo, 53.86, 45.62, -2.98, 47.02, 47.00, 47.49, 45.62, 46397.38, 215749855, 1.42, 3.98, 0.69, 574.90897
2017-04-21, 1, wei_ruo, 53.66, 45.34, -0.61, 45.62, 45.65, 46.48, 45.00, 38984.64, 178237321, 1.19, 3.24, 0.58, 709.09715
2017-04-24, 1, wei_ruo, 53.30, 41.92, -7.54, 45.34, 44.71, 44.83, 41.70, 55253.52, 238871292, 1.69, 6.90, 0.82, 570.77312
2017-04-25, 1, wei_ruo, 53.00, 42.44, 1.24, 41.92, 42.70, 42.91, 41.75, 44763.7, 189559196, 1.37, 2.77, 0.66, 774.64199
2017-04-26, 1, wei_ruo, 26.30, 21.40, 1.09, 21.17, 21.28, 21.98, 21.16, 91077.4, 196549602, 4.98, 3.87, 1.35, 859.236
2017-04-27, 1, wei_ruo, 26.12, 21.71, 1.45, 21.40, 21.30, 21.90, 20.30, 115161.16, 244269727, 3.53, 7.48, 1.71, 577.08097
2017-04-28, 1, wei_ruo, 25.96, 22.20, 2.26, 21.71, 21.50, 22.80, 21.50, 133808.1, 298665934, 4.10, 5.99, 1.99, 682.00588
2017-05-02, 1, wei_ruo, 25.87, 22.27, 0.32, 22.20, 22.20, 22.78, 21.93, 80979.01, 180943343, 2.48, 3.83, 1.20, 768.55588
2017-05-03, 1, wei_ruo, 25.77, 21.99, -1.26, 22.27, 22.25, 22.49, 21.65, 85706.26, 188882465, 2.62, 3.77, 1.27, 721.59505
2017-05-04, 1, wei_ruo, 25.64, 21.30, -3.14, 21.99, 22.08, 22.08, 21.23, 98005.63, 210979683, 3.00, 3.87, 1.45, 540.25292
2017-05-05, 1, wei_ruo, 25.53, 21.18, -0.56, 21.30, 21.10, 21.80, 20.92, 82342.04, 176993921, 2.52, 4.13, 1.22, 692.36493
2017-05-11, 1, wei_ruo, 25.09, 20.83, -1.23, 21.09, 20.73, 20.99, 20.10, 91524.28, 188505268, 2.80, 4.22, 1.36, 636.08694
2017-05-12, 1, wei_ruo, 24.98, 20.41, -2.02, 20.83, 20.83, 20.94, 20.18, 74457.76, 152483468, 2.28, 3.65, 1.10, 667.68909
2017-05-15, 1, wei_ruo, 24.67, 18.37, -10.00, 20.41, 20.40, 20.56, 18.37, 171879.25, 332543525, 5.26, 10.73, 2.55, 669.43097
2017-05-17, 1, wei_ruo, 24.26, 18.98, -0.94, 19.16, 19.18, 19.28, 18.83, 97327.35, 185416686, 2.98, 2.35, 1.44, 583.96506
2017-05-18, 1, wei_ruo, 24.12, 19.11, 0.68, 18.98, 18.63, 19.45, 18.54, 87764.59, 167547938, 2.69, 4.79, 1.30, 619.80891
2017-05-19, 1, wei_ruo, 24.01, 18.63, -2.51, 19.11, 19.11, 19.39, 18.58, 69512.69, 131259002, 2.13, 4.24, 1.03, 614.52293
2017-05-22, 1, wei_ruo, 23.88, 18.41, -1.18, 18.63, 18.72, 19.23, 18.25, 75623.29, 142058067, 2.31, 5.26, 1.12, 628.9928
2017-05-23, 1, wei_ruo, 23.70, 17.26, -6.25, 18.41, 18.28, 18.75, 17.00, 97486.66, 174569383, 2.98, 9.51, 1.45, 779.90818
2017-05-24, 1, wei_ruo, 23.57, 17.40, 0.81, 17.26, 17.01, 17.48, 17.01, 66522.41, 115010849, 2.04, 2.72, 0.99, 559.60393
2017-05-25, 1, wei_ruo, 23.38, 17.49, 0.52, 17.40, 17.28, 17.56, 16.71, 96153.92, 165377393, 2.94, 4.89, 1.43, 613.16299
2017-05-26, 1, wei_ruo, 23.28, 17.50, 0.06, 17.49, 17.50, 17.84, 17.38, 55247.47, 97012536, 1.69, 2.63, 0.82, 566.31207
2017-05-31, 1, wei_ruo, 23.19, 17.44, -0.34, 17.50, 17.81, 17.91, 17.41, 51735.5, 91350581, 1.58, 2.86, 0.77, 681.39696
2017-06-01, 1, wei_ruo, 23.03, 16.28, -6.65, 17.44, 17.50, 17.53, 16.10, 78535.85, 132412088, 2.40, 8.20, 1.17, 581.94709
2017-06-02, 1, wei_ruo, 22.91, 16.77, 3.01, 16.28, 16.18, 16.95, 16.06, 65003.99, 107337613, 1.99, 5.47, 0.96, 624.43304
2017-06-05, 1, wei_ruo, 22.66, 18.45, 10.02, 16.77, 16.85, 18.45, 16.85, 159417.28, 283243631, 4.88, 9.54, 2.37, 2962.06498
2017-06-06, 1, wei_ruo, 22.39, 18.39, -0.33, 18.45, 18.45, 19.35, 18.18, 217578.66, 407850280, 6.66, 6.34, 3.23, 1118.21699
2017-06-07, 1, wei_ruo, 22.20, 19.12, 3.97, 18.39, 18.43, 19.25, 18.22, 178963.54, 338766416, 5.48, 5.60, 2.66, 597.87297
2017-06-08, 1, wei_ruo, 22.07, 18.89, -1.20, 19.12, 18.90, 19.30, 18.80, 128803.76, 244874711, 3.94, 2.62, 1.91, 671.09418
2017-06-09, 1, wei_ruo, 21.98, 19.09, 1.06, 18.89, 18.80, 19.18, 18.77, 97051.37, 184542578, 2.97, 2.17, 1.44, 900.13194
2017-06-12, 1, wei_ruo, 21.88, 18.35, -3.88, 19.09, 19.00, 19.00, 18.10, 93355.36, 172967247, 2.86, 4.71, 1.39, 898.386
2017-06-13, 1, wei_ruo, 21.73, 20.19, 10.03, 18.35, 18.33, 20.19, 18.23, 208573.09, 410152465, 6.38, 10.68, 3.10, 673.37513
2017-06-14, 1, wei_ruo, 21.69, 21.15, 4.75, 20.19, 21.21, 22.20, 20.85, 430215.95, 920314056, 13.17, 6.69, 6.38, 575.40703
2017-06-15, 1, wei_ruo, 21.69, 21.80, 3.07, 21.15, 21.23, 22.16, 21.03, 306712.73, 663102682, 9.39, 5.34, 4.55, 628.46303
2017-06-16, 2, qing_du, 21.77, 22.82, 4.68, 21.80, 21.50, 23.59, 21.33, 311474.22, 706762492, 9.53, 10.37, 4.62, 488.39283
2017-06-19, 2, qing_du, 21.86, 23.00, 0.79, 22.82, 22.80, 23.69, 22.21, 235328.76, 541497202, 7.20, 6.49, 3.49, 778.29099
2017-06-20, 3, zhong_du, 22.02, 24.27, 5.52, 23.00, 23.00, 24.35, 22.96, 262869.92, 624095316, 8.05, 6.04, 3.90, 598.93703
2017-06-21, 3, zhong_du, 22.13, 23.96, -1.28, 24.27, 24.29, 24.29, 23.65, 178460.71, 425778201, 5.46, 2.64, 2.65, 773.37503
2017-06-22, 3, zhong_du, 22.24, 23.03, -3.88, 23.96, 23.96, 24.77, 23.01, 249431.62, 594754685, 7.64, 7.35, 3.70, 664.33597
2017-06-23, 3, zhong_du, 22.41, 25.06, 8.81, 23.03, 22.87, 25.08, 22.12, 309926.27, 724489534, 9.49, 12.85, 4.60, 717.57293
2017-06-26, 3, zhong_du, 22.63, 25.24, 0.72, 25.06, 24.87, 25.50, 24.60, 265656.51, 665416649, 8.13, 3.59, 3.94, 3626.19805
2017-06-27, 4, gao_du, 22.75, 24.41, -3.29, 25.24, 24.96, 24.97, 24.24, 196966.7, 484439267, 6.03, 2.89, 2.92, 509.78184
2017-06-28, 4, gao_du, 22.89, 24.73, 1.31, 24.41, 24.60, 25.15, 24.02, 244294.84, 603648967, 7.48, 4.63, 3.63, 757.35807
2017-06-29, 4, gao_du, 22.95, 24.31, -1.70, 24.73, 24.47, 24.73, 24.13, 135473.26, 330217930, 4.15, 2.43, 2.01, 511.98602
2017-06-30, 4, gao_du, 23.10, 24.94, 2.59, 24.31, 24.24, 25.50, 23.73, 270832.08, 669390453, 8.29, 7.28, 4.02, 824.12481
2017-07-03, 4, gao_du, 23.19, 24.86, -0.32, 24.94, 24.87, 24.95, 24.39, 190822.43, 471173786, 5.84, 2.25, 2.83, 550.7741
2017-07-04, 4, gao_du, 23.31, 24.20, -2.65, 24.86, 24.85, 25.50, 24.20, 253211.28, 632861451, 7.75, 5.23, 3.76, 517.99297
2017-07-05, 5, qiang_lie, 23.42, 25.21, 4.17, 24.20, 24.00, 25.38, 23.60, 271488.55, 670311178, 8.31, 7.36, 4.03, 763.73601
2017-07-06, 5, qiang_lie, 23.85, 26.70, 5.91, 25.21, 25.03, 27.73, 24.90, 455780.3, 1214554425, 13.95, 11.23, 6.76, 1622.80703
2017-07-07, 5, qiang_lie, 24.10, 27.00, 1.12, 26.70, 26.30, 27.50, 26.03, 281445.13, 752007428, 8.62, 5.51, 4.18, 682.49106
2017-07-10, 5, qiang_lie, 24.26, 26.50, -1.85, 27.00, 26.81, 27.33, 26.00, 201106.3, 534980353, 6.16, 4.93, 2.98, 688.84516
2017-07-11, 5, qiang_lie, 24.34, 25.55, -3.58, 26.50, 26.33, 26.62, 25.31, 180404.82, 467797930, 5.52, 4.94, 2.68, 615.62419
2017-07-12, 5, qiang_lie, 24.46, 26.40, 3.33, 25.55, 25.40, 26.40, 25.38, 215557.75, 559733833, 6.60, 3.99, 3.20, 1672.02091
2017-07-13, 5, qiang_lie, 24.57, 25.79, -2.31, 26.40, 26.45, 27.10, 25.61, 220344.86, 582484408, 6.74, 5.64, 3.27, 837.91709
2017-07-14, 5, qiang_lie, --, 25.99, 0.78, 25.79, 25.43, 26.48, 25.00, 200315.94, 518779431, 6.13, 5.74, 2.97, 604.44999
2017-07-17, 5, qiang_lie, --, 23.89, -8.08, 25.99, 25.61, 25.96, 23.87, 224295.63, 554416609, 6.87, 8.04, 3.33, 749.23205
2017-07-18, 5, qiang_lie, 24.61, 24.15, 1.09, 23.89, 23.86, 24.44, 23.08, 163625.21, 391320723, 5.01, 5.69, 2.43, 706.27904
2017-07-19, 5, qiang_lie, --, 24.31, 0.66, 24.15, 24.17, 24.69, 23.25, 202353.24, 485482872, 6.19, 5.96, 3.00, 568.21799
2017-07-20, 5, qiang_lie, --, 25.01, 2.88, 24.31, 24.47, 25.77, 24.25, 238766.68, 602117892, 7.31, 6.25, 3.54, 462.01301
2017-07-21, 5, qiang_lie, --, 24.50, -2.04, 25.01, 24.64, 25.24, 24.48, 147455.32, 365037981, 4.51, 3.04, 2.19, 473.05417
2017-07-24, 5, qiang_lie, 24.54, 23.40, -4.49, 24.50, 24.35, 24.56, 22.71, 215127.14, 505843838, 6.59, 7.55, 3.19, 15565.91892
2017-07-25, 5, qiang_lie, --, 23.86, 1.97, 23.40, 23.30, 23.86, 23.11, 130025.62, 306333645, 3.98, 3.21, 1.93, 708.88186
2017-07-26, 5, qiang_lie, --, 25.80, 8.13, 23.86, 23.80, 26.25, 23.50, 368284.8, 932275808, 11.27, 11.53, 5.47, 649.55592
2017-07-27, 5, qiang_lie, 24.71, 26.05, 0.97, 25.80, 25.17, 26.66, 25.12, 309309.55, 801332203, 9.47, 5.97, 4.59, 694.09394
2017-07-28, 5, qiang_lie, 24.89, 26.70, 2.50, 26.05, 26.05, 27.00, 25.88, 322306.59, 856688307, 9.87, 4.30, 4.78, 629.87208
2017-07-31, 5, qiang_lie, 25.09, 27.00, 1.12, 26.70, 26.81, 27.68, 26.50, 306563.59, 831337884, 9.38, 4.42, 4.55, 1230.76606
2017-08-01, 5, qiang_lie, 25.46, 28.24, 4.59, 27.00, 26.64, 29.36, 26.54, 404182.72, 1133461468, 12.37, 10.44, 6.00, 707.60489
2017-08-02, 5, qiang_lie, 25.68, 27.53, -2.51, 28.24, 28.28, 28.70, 27.36, 306788.83, 855113516, 9.39, 4.75, 4.55, 543.03908
2017-08-03, 5, qiang_lie, 25.77, 27.05, -1.74, 27.53, 27.41, 27.73, 26.88, 181232.84, 493546431, 5.55, 3.09, 2.69, 620.93496
2017-08-04, 5, qiang_lie, 25.82, 26.10, -3.51, 27.05, 27.11, 27.59, 26.06, 200481.97, 537795200, 6.14, 5.66, 2.98, 737.99419
2017-08-07, 5, qiang_lie, 25.85, 26.70, 2.30, 26.10, 26.20, 27.00, 26.20, 137627.91, 366500849, 4.21, 3.07, 2.04, 634.25684
2017-08-08, 5, qiang_lie, 25.83, 25.36, -5.02, 26.70, 26.20, 26.20, 25.17, 250599.69, 645506253, 7.67, 3.86, 3.72, 347.41902
2017-08-09, 4, gao_du, 25.83, 25.70, 1.34, 25.36, 25.17, 26.10, 25.17, 135308.75, 347679886, 4.14, 3.67, 2.01, 569.1309
2017-08-10, 4, gao_du, 25.80, 25.02, -2.65, 25.70, 25.85, 25.99, 24.85, 152428.54, 384450324, 4.67, 4.44, 2.26, 623.53492
2017-08-11, 3, zhong_du, 25.76, 24.50, -2.08, 25.02, 25.01, 25.52, 24.03, 131563.66, 329005676, 4.03, 5.96, 1.95, 755.2228
2017-08-14, 3, zhong_du, 25.75, 25.97, 6.00, 24.50, 24.69, 26.20, 24.68, 183986.82, 471097068, 5.63, 6.20, 2.73, 822.70789
2017-08-15, 3, zhong_du, 25.77, 26.20, 0.89, 25.97, 25.90, 26.48, 25.71, 158970.8, 414625322, 4.87, 2.96, 2.36, 836.08103
2017-08-16, 3, zhong_du, 25.77, 25.89, -1.18, 26.20, 26.18, 26.18, 25.22, 132260.08, 339417563, 4.05, 3.66, 1.96, 639.40001
2017-08-17, 3, zhong_du, 25.77, 26.00, 0.42, 25.89, 25.95, 26.15, 25.40, 147468.89, 380744233, 4.51, 2.90, 2.19, 3671.22102
2017-08-18, 3, zhong_du, 25.75, 25.18, -3.15, 26.00, 25.67, 25.67, 25.08, 107652.08, 272383311, 3.30, 2.27, 1.60, 683.49004
2017-08-21, 3, zhong_du, 25.75, 25.20, 0.08, 25.18, 25.20, 25.51, 25.16, 55910.89, 141114002, 1.71, 1.39, 0.83, 2777.56214
2017-08-22, 3, zhong_du, 25.74, 25.73, 2.10, 25.20, 25.09, 26.17, 25.07, 150365.87, 387335458, 4.60, 4.37, 2.23, 786.33618
2017-08-23, 3, zhong_du, 25.72, 24.91, -3.19, 25.73, 25.49, 25.62, 24.85, 106087.36, 266857441, 3.25, 2.99, 1.57, 952.6279
2017-08-24, 2, qing_du, 25.70, 24.49, -1.69, 24.91, 24.88, 25.29, 24.36, 76925.62, 189453364, 2.35, 3.73, 1.14, 1760.23984
2017-08-25, 2, qing_du, 25.68, 24.96, 1.92, 24.49, 24.66, 25.24, 24.53, 87597.11, 218156423, 2.68, 2.90, 1.30, 743.29591
2017-08-28, 2, qing_du, 25.67, 25.79, 3.33, 24.96, 25.15, 25.97, 24.91, 141124.14, 361427002, 4.32, 4.25, 2.09, 630.89705
2017-08-29, 2, qing_du, 25.67, 25.39, -1.55, 25.79, 25.84, 26.00, 25.25, 117981.61, 301401762, 3.61, 2.91, 1.75, 673.89894
2017-08-30, 2, qing_du, 25.73, 26.60, 4.77, 25.39, 25.37, 27.50, 25.23, 251033.29, 668828837, 7.68, 8.94, 3.73, 690.79995
2017-08-31, 3, zhong_du, 25.87, 26.98, 1.43, 26.60, 27.10, 27.70, 26.70, 154247.4, 418634557, 4.72, 3.76, 4.58, 1587.30102
2017-09-01, 3, zhong_du, 26.01, 27.73, 0.43, 27.61, 27.50, 28.20, 27.20, 251486.4, 696371810, 7.70, 3.62, 3.73, 731.3571
2017-09-04, 3, zhong_du, 26.09, 26.98, 1.43, 26.60, 27.10, 27.70, 26.70, 154247.4, 418634557, 4.72, 3.76, 4.58, 490.87501
2017-09-05, 4, gao_du, 26.26, 26.98, 1.43, 26.60, 27.10, 27.70, 26.70, 154247.4, 418634557, 4.72, 3.76, 4.58, 698.35401
2017-09-06, 4, gao_du, 26.71, 26.98, 1.43, 26.60, 27.10, 27.70, 26.70, 154247.4, 418634557, 4.72, 3.76, 4.58, 532.44805
2017-09-07, 5, qiang_lie, 28.17, 33.00, 6.08, 31.11, 33.00, 34.22, 32.50, 732916.31, 2442660632, 22.43, 5.53, 10.88, 565.88197
2017-09-08, 5, qiang_lie, 29.06, 33.18, 0.55, 33.00, 33.33, 34.49, 32.23, 562491.52, 1885235292, 17.22, 6.85, 8.35, 594.26594
2017-09-11, 5, qiang_lie, 30.36, 36.50, 10.01, 33.18, 33.70, 36.50, 33.52, 662411.04, 2333609409, 20.28, 8.98, 9.83, 692.25287
2017-09-12, 5, qiang_lie, 31.52, 34.40, -5.75, 36.50, 35.49, 37.77, 34.00, 749682.93, 2684074577, 22.49, 10.33, 11.13, 868.30521
2017-09-13, 5, qiang_lie, 31.77, 34.10, -0.87, 34.40, 34.00, 34.40, 32.81, 367365.56, 1238393819, 11.02, 4.62, 5.45, 573.31705
2017-09-14, 5, qiang_lie, 31.88, 32.90, -3.52, 34.10, 33.80, 33.99, 32.72, 256210.44, 852813883, 7.68, 3.72, 3.80, 606.48918
2017-09-15, 4, gao_du, 32.03, 33.85, 2.89, 32.90, 33.08, 34.10, 32.81, 294047.55, 986789043, 8.82, 3.92, 4.36, 738.0681
2017-09-18, 4, gao_du, 32.14, 33.96, 0.32, 33.85, 33.35, 34.28, 33.01, 215278.36, 726070599, 6.46, 3.75, 3.19, 667.0332
2017-09-19, 4, gao_du, 32.22, 33.00, -2.83, 33.96, 34.16, 34.34, 32.50, 219125.21, 732722326, 6.57, 5.42, 3.25, 815.48691
2017-09-20, 4, gao_du, 32.26, 33.24, 0.73, 33.00, 32.96, 33.28, 32.40, 174663.81, 575681160, 5.24, 2.67, 2.59, 908.63895
2017-09-21, 3, zhong_du, 32.26, 31.71, -4.60, 33.24, 33.25, 33.40, 31.70, 217087.24, 701247183, 6.51, 5.11, 3.22, 665.03906
2017-09-22, 3, zhong_du, 32.24, 31.61, -0.32, 31.71, 31.71, 32.38, 31.41, 147261.49, 469186345, 4.42, 3.06, 2.19, 814.28194
2017-09-25, 3, zhong_du, 32.20, 31.02, -1.87, 31.61, 31.62, 31.96, 31.00, 140425.86, 441871256, 4.21, 3.04, 2.08, 947.81089
2017-09-26, 3, zhong_du, 32.17, 31.45, 1.39, 31.02, 31.02, 31.80, 31.02, 109433.83, 343633171, 3.28, 2.51, 1.62, 638.99589
2017-09-27, 3, zhong_du, 32.19, 32.89, 4.58, 31.45, 31.52, 32.90, 31.46, 208020.31, 675017155, 6.24, 4.58, 3.09, 612.54096
2017-09-28, 3, zhong_du, 32.21, 32.42, -1.43, 32.89, 32.68, 33.17, 32.30, 140256.58, 457907032, 4.21, 2.65, 2.08, 885.72097
2017-09-29, 3, zhong_du, 32.22, 32.52, 0.31, 32.42, 32.32, 33.18, 31.79, 135973.89, 440247646, 4.08, 4.29, 2.02, 625.20981
2017-10-10, 3, zhong_du, 32.25, 32.59, -1.24, 33.00, 33.00, 33.21, 31.80, 148421.96, 480902733, 4.45, 4.27, 2.20, 713.45496
2017-10-12, 3, zhong_du, 32.23, 32.48, 2.14, 31.80, 31.50, 32.99, 31.22, 179690.98, 579309116, 5.39, 5.57, 2.67, 681.0708
2017-10-13, 3, zhong_du, 32.24, 32.23, -0.77, 32.48, 32.20, 32.97, 32.19, 120308.16, 391601484, 3.61, 2.40, 1.79, 653.965
2017-10-16, 3, zhong_du, 32.18, 30.27, -6.08, 32.23, 31.98, 31.98, 30.18, 143414.75, 448215055, 4.30, 5.58, 2.13, 697.26396
2017-10-17, 3, zhong_du, 32.11, 29.64, -2.08, 30.27, 30.00, 30.43, 29.53, 109720.73, 327777266, 3.29, 2.97, 1.63, 532.82619
2017-10-18, 3, zhong_du, 32.03, 28.90, -2.50, 29.64, 29.79, 29.97, 28.90, 87985, 258431419, 2.64, 3.61, 1.31, 488.37304
2017-10-19, 2, qing_du, 31.94, 29.64, 2.56, 28.90, 29.08, 30.17, 28.88, 128405.31, 380366944, 3.85, 4.46, 1.91, 582.50093
2017-10-20, 2, qing_du, 31.87, 30.63, 3.34, 29.64, 29.50, 30.78, 29.35, 130179.26, 396473934, 3.90, 4.82, 1.93, 553.64013
2017-10-23, 2, qing_du, 31.84, 30.69, 0.20, 30.63, 30.75, 31.36, 30.40, 98410.69, 303862668, 2.95, 3.13, 1.46, 734.89809
2017-10-24, 2, qing_du, 31.78, 30.10, -1.92, 30.69, 30.75, 30.88, 29.37, 109312.02, 329311827, 3.28, 4.92, 1.62, 630.18918
2017-10-25, 2, qing_du, 31.73, 30.08, -0.07, 30.10, 30.10, 30.14, 29.39, 85593.83, 255111799, 2.57, 2.49, 1.27, 894.54412
2017-10-26, 2, qing_du, 31.68, 31.08, 3.32, 30.08, 29.80, 31.25, 29.52, 154949.67, 476162639, 4.65, 5.75, 2.30, 599.98703
2017-10-27, 2, qing_du, 31.65, 30.26, -2.64, 31.08, 30.90, 31.20, 30.25, 96657.03, 297032871, 2.90, 3.06, 1.43, 716.85505
2017-10-30, 2, qing_du, 31.55, 29.00, -4.16, 30.26, 30.05, 30.09, 28.51, 137170.64, 397715351, 4.11, 5.22, 2.04, 812.96086
2017-10-31, 1, wei_ruo, 31.47, 29.23, 0.79, 29.00, 28.55, 29.33, 28.55, 98494.31, 286314279, 2.95, 2.69, 1.46, 619.03214
2017-11-01, 1, wei_ruo, 31.41, 28.88, -1.20, 29.23, 29.25, 29.45, 28.87, 87843.07, 255556163, 2.63, 1.98, 1.30, 899.27793
2017-11-02, 1, wei_ruo, 31.30, 28.10, -2.70, 28.88, 28.82, 28.99, 27.82, 117813.18, 334514847, 3.53, 4.05, 1.75, 667.49811
2017-11-03, 1, wei_ruo, 31.21, 28.10, 0.00, 28.10, 28.03, 28.49, 27.75, 92001.66, 259171127, 2.76, 2.63, 1.37, 723.72103
2017-11-07, 1, wei_ruo, 31.08, 28.45, 0.21, 28.39, 28.39, 28.75, 27.79, 58221.14, 164232742, 1.75, 3.38, 1.73, 60565.43398
2017-11-08, 1, wei_ruo, 31.02, 28.45, 0.21, 28.39, 28.39, 28.75, 27.79, 58221.14, 164232742, 1.75, 3.38, 1.73, 951.46298
2017-11-09, 1, wei_ruo, 31.01, 28.45, 0.21, 28.39, 28.39, 28.75, 27.79, 58221.14, 164232742, 1.75, 3.38, 1.73, 655.08795
2017-11-10, 1, wei_ruo, 31.04, 31.31, 0.80, 31.06, 31.05, 32.20, 30.90, 189867.29, 600330225, 5.69, 4.19, 1.48, 704.20504
2017-11-13, 2, qing_du, 31.06, 31.45, 0.45, 31.31, 31.85, 32.28, 30.91, 153923.4, 484815310, 4.62, 4.38, 1.04, 684.71694
2017-11-14, 2, qing_du, 31.07, 31.25, -0.64, 31.45, 31.18, 31.77, 30.66, 149976.77, 469228795, 4.50, 3.53, 0.91, 1264.84394
2017-11-15, 2, qing_du, 30.97, 28.55, -8.64, 31.25, 30.87, 31.05, 28.43, 193613.92, 575371370, 5.81, 8.38, 1.09, 736.22894
2017-11-16, 1, wei_ruo, 30.89, 28.24, -1.09, 28.55, 28.56, 28.92, 28.12, 101500.25, 289041258, 3.04, 2.80, 0.60, 772.81404
2017-11-17, 1, wei_ruo, 30.75, 26.84, -4.96, 28.24, 28.24, 28.96, 26.60, 138811.02, 386286476, 4.16, 8.36, 0.88, 728.33395
2017-11-20, 1, wei_ruo, 30.66, 27.65, 3.02, 26.84, 26.84, 27.92, 26.18, 87596.48, 238921266, 2.63, 6.48, 0.59, 1199.89896
2017-11-21, 1, wei_ruo, 30.58, 27.76, 0.40, 27.65, 27.50, 28.19, 27.20, 90837.29, 251563222, 2.72, 3.58, 0.68, 740.49401
2017-11-22, 1, wei_ruo, 30.49, 28.08, 1.15, 27.76, 27.76, 28.85, 27.55, 116852.66, 328827821, 3.50, 4.68, 0.95, 1089.70213
2017-11-23, 1, wei_ruo, 30.40, 26.88, -4.27, 28.08, 27.89, 28.43, 26.80, 94032.74, 260171413, 2.82, 5.80, 0.88, 1082.57103
2017-11-24, 1, wei_ruo, 30.34, 27.08, 0.74, 26.88, 26.72, 27.38, 26.50, 67517.9, 182682480, 2.03, 3.27, 0.64, 721.20905
2017-11-27, 1, wei_ruo, 30.22, 25.46, -5.98, 27.08, 26.86, 27.40, 24.73, 86271.52, 228138233, 2.59, 9.86, 0.94, 652.26889
2017-11-28, 1, wei_ruo, 30.09, 26.19, 2.87, 25.46, 25.63, 26.19, 24.81, 93400.01, 238555166, 2.80, 5.42, 1.03, 662.69803
2017-11-29, 1, wei_ruo, 30.01, 25.99, -0.76, 26.19, 26.04, 26.31, 25.61, 71581.29, 185620305, 2.15, 2.67, 0.78, 1741.98389
2017-11-30, 1, wei_ruo, 29.90, 25.28, -2.73, 25.99, 25.62, 26.19, 25.20, 78353.39, 200915587, 2.35, 3.81, 0.95, 3000.06604
2017-12-01, 1, wei_ruo, 29.82, 25.57, 1.15, 25.28, 25.30, 25.70, 24.99, 58346.26, 148885121, 1.75, 2.81, 0.73, 783.84399
2017-12-04, 1, wei_ruo, 29.73, 25.10, -1.84, 25.57, 25.80, 26.25, 24.95, 69968, 178380973, 2.10, 5.08, 0.90, 872.35308
2017-12-05, 1, wei_ruo, 29.54, 23.35, -6.97, 25.10, 24.76, 25.19, 23.03, 108041.68, 258772273, 3.24, 8.61, 1.45, 711.70211
2017-12-06, 1, wei_ruo, 29.41, 23.90, 2.36, 23.35, 23.48, 23.92, 23.34, 71989.04, 170455998, 2.16, 2.48, 0.93, 725.40593
2017-12-07, 1, wei_ruo, 29.32, 23.79, -0.46, 23.90, 24.10, 24.23, 23.69, 55290, 132579192, 1.66, 2.26, 0.71, 621.65713
2017-12-08, 1, wei_ruo, 29.22, 24.20, 1.72, 23.79, 23.86, 24.50, 23.73, 68991.65, 166968591, 2.07, 3.24, 0.95, 643.55493
2017-12-11, 1, wei_ruo, 29.12, 24.52, 1.32, 24.20, 24.20, 24.82, 24.03, 66073.98, 161796197, 1.98, 3.26, 0.88, 636.01494
2017-12-12, 1, wei_ruo, 28.95, 24.68, 0.65, 24.52, 24.66, 25.75, 24.53, 141799.8, 356599005, 4.25, 4.98, 1.91, 671.59319
2017-12-13, 1, wei_ruo, 28.86, 24.72, 0.16, 24.68, 24.48, 24.89, 24.20, 68433.2, 167567950, 2.05, 2.80, 0.85, 2608.84905
2017-12-14, 1, wei_ruo, 28.79, 24.73, 0.04, 24.72, 24.62, 24.92, 24.40, 56350.22, 138984295, 1.69, 2.10, 0.70, 973.16599
2017-12-15, 1, wei_ruo, 28.71, 24.12, -2.47, 24.73, 24.73, 24.73, 24.02, 55229.14, 133983323, 1.66, 2.87, 0.69, 596.75598
2017-12-18, 1, wei_ruo, 28.57, 25.45, 5.51, 24.12, 24.08, 26.53, 24.05, 135509.32, 345347628, 4.06, 10.28, 1.75, 1362.52117
2017-12-19, 1, wei_ruo, 28.50, 25.63, 0.71, 25.45, 25.35, 25.99, 25.25, 88826.51, 227435472, 2.66, 2.91, 0.97, 675.89402
2017-12-20, 1, wei_ruo, 28.44, 25.25, -1.48, 25.63, 25.59, 25.72, 25.08, 61862.75, 156928313, 1.86, 2.50, 0.76, 2715.90781
2017-12-21, 1, wei_ruo, 28.37, 25.08, -0.67, 25.25, 25.28, 25.38, 24.42, 64150.85, 160085190, 1.92, 3.80, 0.81, 3537.076
2017-12-22, 1, wei_ruo, 28.30, 25.58, 1.99, 25.08, 25.05, 26.36, 24.95, 91684.82, 236532673, 2.75, 5.62, 1.13, 615.14711
2017-12-25, 1, wei_ruo, 28.24, 25.66, 0.31, 25.58, 25.40, 25.99, 25.10, 72968.45, 187014479, 2.19, 3.48, 0.83, 2707.14211
2017-12-26, 1, wei_ruo, 28.19, 25.77, 0.43, 25.66, 25.60, 25.98, 25.18, 63836.86, 163462536, 1.91, 3.12, 0.84, 483.25205
2017-12-27, 1, wei_ruo, 28.11, 26.24, 1.82, 25.77, 25.68, 26.77, 25.68, 130626.84, 344166082, 3.92, 4.23, 1.84, 584.94401
2017-12-29, 1, wei_ruo, 28.03, 26.34, 0.19, 26.29, 26.36, 26.39, 25.81, 62536.03, 163391001, 1.88, 2.21, 0.75, 666.36109
2018-01-03, 1, wei_ruo, 27.95, 26.46, 0.46, 26.34, 26.27, 26.93, 26.11, 111349.82, 296426056, 3.34, 3.11, 1.38, 633.91495
2018-01-04, 1, wei_ruo, 27.91, 26.26, -0.76, 26.46, 26.17, 26.77, 26.03, 87847.66, 230877347, 2.63, 2.80, 0.97, 616.83011
2018-01-05, 1, wei_ruo, 27.86, 25.71, -2.09, 26.26, 26.20, 26.54, 25.51, 80102.02, 208022349, 2.40, 3.92, 0.98, 648.6671
2018-01-08, 1, wei_ruo, 27.82, 25.56, -0.58, 25.71, 25.73, 25.83, 25.08, 62017.84, 157794362, 1.86, 2.92, 0.79, 677.59299
2018-01-09, 1, wei_ruo, 27.76, 25.06, -1.96, 25.56, 25.70, 25.93, 24.92, 72069.24, 182893663, 2.16, 3.95, 0.89, 578.69506
2018-01-10, 1, wei_ruo, 27.66, 25.71, 2.59, 25.06, 24.96, 25.73, 24.35, 133975.04, 336981615, 4.02, 5.51, 1.62, 604.43401
2018-01-11, 1, wei_ruo, 27.61, 25.33, -1.48, 25.71, 25.68, 25.68, 25.00, 71766.06, 181852843, 2.15, 2.64, 0.82, 809.80992
2018-01-12, 1, wei_ruo, 27.56, 24.74, -2.33, 25.33, 25.17, 25.31, 24.65, 64744.14, 161098871, 1.94, 2.61, 0.77, 638.91792
2018-01-15, 1, wei_ruo, 27.45, 23.30, -5.82, 24.74, 24.50, 24.61, 23.15, 95121.74, 225699672, 2.85, 5.90, 1.18, 569.55004
2018-01-16, 1, wei_ruo, 27.33, 23.22, -0.34, 23.30, 23.30, 23.61, 22.59, 93847.62, 216509323, 2.81, 4.38, 1.07, 732.56111
2018-01-17, 1, wei_ruo, 27.23, 23.36, 0.60, 23.22, 23.14, 23.52, 22.30, 77535.22, 177707043, 2.33, 5.25, 0.84, 1041.38613
2018-01-18, 1, wei_ruo, 27.17, 23.20, -0.68, 23.36, 23.28, 23.59, 23.16, 45722.44, 106677189, 1.37, 1.84, 0.57, 631.13499
2018-01-19, 1, wei_ruo, 27.11, 22.86, -1.47, 23.20, 23.19, 23.38, 22.77, 50870.97, 117149037, 1.53, 2.63, 0.67, 648.76294
2018-01-22, 1, wei_ruo, 27.02, 23.48, 2.71, 22.86, 22.80, 23.50, 22.35, 73156.09, 169255281, 2.19, 5.03, 1.01, 748.10314
2018-01-23, 1, wei_ruo, 26.93, 24.07, 2.51, 23.48, 23.40, 24.16, 23.35, 99392.54, 236773324, 2.98, 3.45, 1.46, 614.8231
2018-01-24, 1, wei_ruo, 26.85, 24.15, 0.33, 24.07, 23.95, 24.45, 23.72, 86640.47, 208661532, 2.60, 3.03, 1.25, 1129.565
2018-01-25, 1, wei_ruo, 26.78, 23.75, -1.66, 24.15, 24.03, 24.55, 23.74, 89053.2, 215418953, 2.67, 3.35, 1.25, 1160.74204
2018-01-26, 1, wei_ruo, 26.73, 23.34, -1.73, 23.75, 23.55, 23.92, 23.32, 51968.5, 122463174, 1.56, 2.53, 0.65, 634.01914
2018-01-29, 1, wei_ruo, 26.68, 23.22, -0.51, 23.34, 23.23, 23.56, 23.11, 48863.68, 113675283, 1.47, 1.93, 0.61, 693.63594
2018-01-30, 1, wei_ruo, 26.61, 23.78, 2.41, 23.22, 23.33, 24.07, 23.33, 75432.24, 179730055, 2.26, 3.19, 1.00, 577.61693
2018-01-31, 1, wei_ruo, 26.54, 22.81, -4.08, 23.78, 23.53, 23.77, 22.79, 70019.05, 161633566, 2.10, 4.12, 0.99, 786.82494
2018-02-01, 1, wei_ruo, 26.46, 22.08, -3.20, 22.81, 22.97, 23.34, 22.02, 61667, 139295078, 1.85, 5.79, 0.92, 598.27304
2018-02-02, 1, wei_ruo, 26.41, 22.22, 0.63, 22.08, 22.08, 22.48, 21.30, 40844.38, 90289334, 1.23, 5.34, 0.66, 837.852
2018-02-05, 1, wei_ruo, 26.35, 21.60, -2.79, 22.22, 21.62, 22.00, 21.56, 37539.24, 81737854, 1.13, 1.98, 0.63, 717.91601
2018-02-06, 1, wei_ruo, 26.19, 19.73, -8.66, 21.60, 21.00, 21.46, 19.65, 90544.13, 185085441, 2.72, 8.38, 1.59, 621.02008
2018-02-07, 1, wei_ruo, 26.09, 20.00, 1.37, 19.73, 20.31, 20.62, 19.35, 55790.96, 112028838, 1.67, 6.44, 0.93, 799.0849
2018-02-08, 1, wei_ruo, 25.99, 20.73, 3.65, 20.00, 20.04, 20.95, 20.00, 60587.36, 124497565, 1.82, 4.75, 1.03, 2689.31293
2018-02-09, 1, wei_ruo, 25.84, 20.86, 0.63, 20.73, 20.20, 21.28, 20.00, 92794.74, 192985521, 2.78, 6.17, 1.58, 713.63211
2018-02-12, 1, wei_ruo, 25.72, 22.95, 10.02, 20.86, 21.29, 22.95, 21.29, 113490.59, 254577743, 3.40, 7.96, 1.42, 815.59205
2018-02-13, 1, wei_ruo, 25.60, 22.92, -0.13, 22.95, 23.70, 24.02, 22.92, 164317.23, 385365476, 4.93, 4.79, 1.56, 624.18795
2018-02-14, 1, wei_ruo, 25.53, 23.59, 2.92, 22.92, 23.30, 23.65, 22.60, 99812.34, 231138435, 2.99, 4.58, 0.69, 2740.51785
