2016-02-01, 2, qing_du, 22.33, 18.95, 0.26, 18.90, 18.92, 19.49, 18.30, 154801.97, 294055772, 4.59, 6.30, 0.95, 686.22303
2016-02-02, 2, qing_du, 22.22, 19.91, 5.07, 18.95, 19.00, 20.30, 19.00, 149161.46, 295936078, 4.42, 6.86, 0.91, 1502.79593
2016-02-03, 2, qing_du, 22.12, 19.69, -1.10, 19.91, 19.38, 19.75, 18.85, 121819.9, 235267576, 3.61, 4.52, 0.75, 1055.70316
2016-02-04, 2, qing_du, 22.07, 21.66, 10.01, 19.69, 19.69, 21.66, 19.68, 148215.36, 312259938, 4.39, 10.06, 0.91, 1461.36308
2016-02-05, 2, qing_du, 22.06, 21.48, -0.83, 21.66, 22.43, 22.73, 21.38, 186342.46, 413042221, 5.52, 6.23, 1.14, 1215.88492
2016-02-15, 3, zhong_du, 22.06, 22.82, 6.24, 21.48, 20.50, 23.00, 20.42, 151338.47, 330841412, 4.48, 12.01, 0.93, 1086.22193
2016-02-16, 3, zhong_du, 22.13, 23.26, 1.93, 22.82, 22.92, 23.75, 22.78, 186279.03, 432540709, 5.52, 4.25, 1.14, 2896.22283
2016-02-17, 3, zhong_du, 22.18, 23.55, 1.25, 23.26, 23.25, 23.60, 22.47, 170675.34, 392694732, 5.06, 4.86, 1.05, 1513.767
2016-02-18, 4, gao_du, 22.22, 22.61, -3.99, 23.55, 23.69, 23.69, 22.50, 191206.9, 437329246, 5.67, 5.05, 1.17, 1318.70484
2016-02-19, 4, gao_du, 22.34, 24.23, 7.16, 22.61, 22.32, 24.87, 22.31, 251119.38, 602133740, 7.44, 11.32, 1.95, 2531.65293
2016-02-22, 4, gao_du, 22.34, 24.46, 2.69, 23.82, 24.29, 24.88, 23.29, 269468.37, 643572479, 7.98, 6.68, 1.35, 2790.874
2016-02-23, 5, qiang_lie, 22.21, 23.55, -3.72, 24.46, 24.02, 24.27, 22.98, 166973.04, 395364625, 4.95, 5.27, 0.75, 1565.87887
2016-02-24, 5, qiang_lie, 22.40, 24.60, 4.46, 23.55, 23.30, 25.68, 23.30, 271830.18, 664028053, 8.05, 10.11, 1.24, 735.79121
2016-02-25, 5, qiang_lie, 22.43, 22.14, -10.00, 24.60, 24.00, 24.20, 22.14, 231738.08, 528533618, 6.87, 8.37, 0.97, 718.66798
2016-02-26, 4, gao_du, 22.35, 20.61, -6.91, 22.14, 21.90, 22.29, 20.20, 180936.3, 381299506, 5.36, 9.44, 0.73, 695.00685
2016-02-29, 3, zhong_du, 22.23, 18.55, -10.00, 20.61, 20.61, 20.80, 18.55, 137419.97, 260855598, 4.07, 10.92, 0.61, 1458.40311
2016-03-01, 3, zhong_du, 22.09, 19.51, 5.18, 18.55, 18.69, 19.86, 18.12, 154398.56, 294042416, 4.57, 9.38, 0.78, 642.01593
2016-03-02, 2, qing_du, 22.00, 20.60, 5.59, 19.51, 19.35, 20.84, 19.25, 156900.76, 315934224, 4.65, 8.15, 0.80, 525.0001
2016-03-03, 2, qing_du, 21.96, 20.83, 1.12, 20.60, 20.37, 21.90, 20.36, 156763.89, 333340192, 4.64, 7.48, 0.91, 2496.19389
2016-03-04, 2, qing_du, 21.84, 18.99, -8.83, 20.83, 21.00, 21.65, 18.75, 182164.68, 364603004, 5.40, 13.92, 1.16, 651.04103
2016-03-07, 2, qing_du, 21.73, 19.22, 1.21, 18.99, 18.83, 19.93, 18.75, 145337.73, 281110716, 4.31, 6.21, 0.92, 494.22097
2016-03-08, 2, qing_du, 21.59, 19.26, 0.21, 19.22, 18.98, 19.27, 17.35, 153085.93, 280889609, 4.54, 9.99, 0.96, 2209.94711
2016-03-09, 1, wei_ruo, 21.51, 18.76, -2.60, 19.26, 18.81, 19.62, 18.27, 103776.52, 197247805, 3.07, 7.01, 0.65, 2486.47594
2016-03-10, 1, wei_ruo, 21.43, 18.04, -3.84, 18.76, 18.76, 19.06, 17.90, 87156.27, 161244313, 2.58, 6.18, 0.59, 3086.93409
2016-03-11, 1, wei_ruo, 21.33, 17.84, -1.11, 18.04, 17.80, 18.19, 17.44, 88278.45, 157020547, 2.62, 4.16, 0.66, 702.41785
2016-03-14, 1, wei_ruo, 21.25, 18.93, 6.11, 17.84, 18.20, 19.36, 18.20, 109626.89, 207926953, 3.25, 6.50, 0.95, 526.36504
2016-03-15, 1, wei_ruo, 21.18, 19.10, 0.90, 18.93, 18.93, 19.70, 18.81, 124486.46, 240315510, 3.69, 4.70, 1.15, 523.242
2016-03-16, 1, wei_ruo, 21.12, 18.74, -1.88, 19.10, 19.55, 19.59, 18.50, 87063.28, 165199388, 2.58, 5.71, 0.85, 1160.30693
2016-03-17, 1, wei_ruo, 21.06, 20.25, 8.06, 18.74, 18.98, 20.37, 18.90, 152300.11, 300354585, 4.51, 7.84, 1.53, 1245.718
2016-03-18, 1, wei_ruo, 21.05, 21.11, 4.25, 20.25, 20.19, 21.65, 20.00, 172002.83, 361682435, 5.10, 8.15, 1.53, 3527.31991
2016-03-21, 1, wei_ruo, 21.07, 21.51, 1.89, 21.11, 21.30, 21.88, 20.81, 172607.75, 366537430, 5.11, 5.07, 1.34, 504.6649
2016-03-22, 1, wei_ruo, 21.10, 21.59, 0.37, 21.51, 21.20, 22.45, 21.01, 159020.31, 347323605, 4.71, 6.69, 1.12, 620.3599
2016-03-23, 2, qing_du, 21.11, 21.43, -0.74, 21.59, 21.16, 21.62, 20.79, 139923.39, 296808338, 4.15, 3.84, 0.94, 449.12291
2016-03-24, 2, qing_du, 21.20, 22.06, 2.94, 21.43, 21.50, 23.55, 21.25, 253752.27, 568134840, 7.52, 10.73, 1.59, 2533.077
2016-03-25, 2, qing_du, 21.22, 21.58, -2.18, 22.06, 21.80, 22.48, 21.26, 128097.56, 280322219, 3.80, 5.53, 0.71, 556.47898
2016-03-28, 2, qing_du, 21.23, 21.42, -0.74, 21.58, 21.68, 22.42, 21.11, 122979.01, 268130455, 3.64, 6.07, 0.72, 551.59187
2016-03-29, 2, qing_du, 21.19, 19.89, -7.14, 21.42, 21.39, 21.55, 19.58, 151652.92, 308093093, 4.49, 9.20, 0.94, 542.49501
2016-03-30, 2, qing_du, 21.18, 21.13, 6.23, 19.89, 20.10, 21.28, 20.10, 130533.98, 269969356, 3.87, 5.93, 0.82, 1497.30706
2016-03-31, 1, wei_ruo, 21.19, 21.42, 1.37, 21.13, 21.42, 22.08, 21.15, 124854.74, 270075378, 3.70, 4.40, 0.79, 1138.96203
2016-04-01, 2, qing_du, 21.19, 21.20, -1.03, 21.42, 21.40, 21.40, 20.50, 87279.39, 182129830, 2.59, 4.20, 0.66, 2266.48998
2016-04-05, 2, qing_du, 21.20, 21.78, 2.74, 21.20, 21.10, 21.96, 20.71, 118230.8, 252985749, 3.50, 5.90, 0.96, 1623.60501
2016-04-06, 2, qing_du, 21.21, 21.60, -0.83, 21.78, 21.60, 21.98, 21.36, 116788.88, 252221099, 3.46, 2.85, 0.95, 380.5151
2016-04-07, 2, qing_du, 21.21, 20.68, -4.26, 21.60, 21.70, 21.99, 20.63, 147437.7, 313645323, 4.37, 6.30, 1.28, 1267.71903
2016-04-08, 2, qing_du, 21.16, 19.92, -3.68, 20.68, 20.30, 20.40, 19.38, 135427.2, 268160996, 4.01, 4.93, 1.14, 658.12802
2016-04-11, 1, wei_ruo, 21.14, 20.34, 2.11, 19.92, 20.16, 20.75, 20.03, 92185.17, 188313512, 2.73, 3.61, 0.76, 3238.75093
2016-04-12, 1, wei_ruo, 21.12, 20.04, -1.47, 20.34, 20.35, 20.35, 19.75, 63893.58, 127314120, 1.89, 2.95, 0.52, 2472.99385
2016-04-13, 1, wei_ruo, 21.10, 20.45, 2.05, 20.04, 20.15, 20.96, 20.15, 110754.87, 228246368, 3.28, 4.04, 1.00, 718.37687
2016-04-14, 1, wei_ruo, 21.10, 21.11, 3.23, 20.45, 20.80, 21.39, 20.78, 115347.46, 243268078, 3.42, 2.98, 1.05, 1846.46392
2016-04-15, 1, wei_ruo, 21.09, 20.86, -1.18, 21.11, 20.95, 20.99, 20.61, 80373.41, 166972887, 2.38, 1.80, 0.78, 1752.57707
2016-04-18, 1, wei_ruo, 21.08, 20.30, -2.68, 20.86, 20.87, 20.87, 20.10, 66117.71, 134678921, 1.96, 3.69, 0.71, 1958.97698
2016-04-19, 2, qing_du, 21.10, 21.46, 5.71, 20.30, 20.51, 22.33, 20.51, 250341.35, 544974038, 7.42, 8.97, 2.87, 2226.56918
2016-04-20, 2, qing_du, 21.05, 20.29, -5.45, 21.46, 21.18, 21.34, 19.31, 231864.57, 473244693, 6.87, 9.46, 1.86, 2890.47289
2016-04-21, 2, qing_du, 21.01, 19.34, -4.68, 20.29, 20.15, 20.32, 19.32, 87501.83, 173435180, 2.59, 4.93, 0.59, 1292.55891
2016-04-22, 1, wei_ruo, 20.99, 19.60, 1.34, 19.34, 19.02, 19.70, 19.02, 55830.28, 108302358, 1.65, 3.52, 0.39, 3617.55705
2016-04-25, 1, wei_ruo, 20.94, 18.95, -3.32, 19.60, 19.50, 19.50, 18.60, 80671.89, 152785097, 2.39, 4.59, 0.58, 1144.47689
2016-04-26, 1, wei_ruo, 20.91, 19.24, 1.53, 18.95, 19.03, 19.28, 18.84, 62245.49, 118610670, 1.84, 2.32, 0.44, 4006.28996
2016-04-27, 1, wei_ruo, 20.88, 18.87, -1.92, 19.24, 19.25, 19.41, 18.80, 53061.35, 101437820, 1.57, 3.17, 0.51, 1192.42311
2016-04-28, 1, wei_ruo, 20.84, 19.02, 0.79, 18.87, 18.90, 19.11, 18.41, 53973.26, 101313081, 1.60, 3.71, 0.80, 1624.03083
2016-04-29, 1, wei_ruo, 20.82, 18.90, -0.63, 19.02, 18.96, 19.08, 18.72, 33075.72, 62599506, 0.98, 1.89, 0.54, 3171.22197
2016-05-03, 1, wei_ruo, 20.79, 19.41, 2.70, 18.90, 18.73, 19.43, 18.56, 70341.05, 134843298, 2.08, 4.60, 1.24, 4065.45806
2016-05-04, 1, wei_ruo, 20.76, 19.35, -0.31, 19.41, 19.34, 19.66, 19.15, 63629.56, 123461415, 1.89, 2.63, 1.17, 827.67892
2016-05-05, 1, wei_ruo, 20.74, 19.72, 1.91, 19.35, 19.35, 19.82, 19.16, 63923.56, 124774344, 1.89, 3.41, 1.17, 1730.22509
2016-05-06, 1, wei_ruo, 20.69, 18.86, -4.36, 19.72, 19.72, 20.17, 18.68, 106288.38, 208452413, 3.15, 7.56, 1.87, 3215.26408
2016-05-09, 1, wei_ruo, 20.64, 17.82, -5.51, 18.86, 18.56, 18.56, 17.73, 61822.38, 111520746, 1.83, 4.40, 0.92, 2608.96587
2016-05-10, 1, wei_ruo, 20.62, 17.86, 0.22, 17.82, 17.73, 18.05, 17.73, 35648.86, 63961794, 1.06, 1.80, 0.49, 1897.53079
2016-05-11, 1, wei_ruo, 20.55, 18.03, 0.95, 17.86, 17.92, 18.18, 17.36, 75935.97, 135630002, 2.25, 4.59, 1.15, 836.15613
2016-05-12, 1, wei_ruo, 20.48, 17.46, -3.16, 18.03, 17.55, 17.66, 16.97, 74259.29, 127901812, 2.20, 3.83, 1.08, 1326.76101
2016-05-13, 1, wei_ruo, 20.43, 17.62, 0.92, 17.46, 17.35, 17.70, 17.16, 60375.77, 105329445, 1.79, 3.09, 0.85, 2815.11784
2016-05-16, 1, wei_ruo, 20.40, 17.78, 0.91, 17.62, 17.54, 18.00, 17.43, 42821.86, 76188116, 1.27, 3.23, 0.70, 14550.771
2016-05-17, 1, wei_ruo, 20.35, 17.84, 0.34, 17.78, 17.88, 18.00, 17.54, 52462.77, 93628342, 1.55, 2.59, 0.91, 685.35805
2016-05-18, 1, wei_ruo, 20.31, 17.00, -4.71, 17.84, 17.74, 17.74, 16.82, 48423.71, 83223732, 1.43, 5.16, 0.79, 2845.32309
2016-05-19, 1, wei_ruo, 20.26, 17.33, 1.94, 17.00, 17.00, 17.85, 17.00, 55712.4, 97719839, 1.65, 5.00, 1.00, 2804.37708
2016-05-20, 1, wei_ruo, 20.23, 17.72, 2.25, 17.33, 17.18, 17.80, 17.12, 32849.14, 57445062, 0.97, 3.92, 0.63, 11794.52991
2016-05-23, 1, wei_ruo, 20.19, 17.97, 1.41, 17.72, 17.70, 18.31, 17.55, 64329.59, 115893941, 1.91, 4.29, 1.38, 900.4631
2016-05-24, 1, wei_ruo, 20.16, 17.97, 0.00, 17.97, 17.89, 18.12, 17.71, 39083.42, 69953298, 1.16, 2.28, 0.77, 12713.75608
2016-05-25, 1, wei_ruo, 20.15, 17.82, -0.83, 17.97, 18.13, 18.20, 17.76, 29463.57, 52941679, 0.87, 2.45, 0.58, 4580.74188
2016-05-26, 1, wei_ruo, 20.12, 17.84, 0.11, 17.82, 17.63, 17.90, 17.27, 39622.82, 69633468, 1.17, 3.54, 0.78, 15317.29579
2016-05-27, 1, wei_ruo, 16.71, 14.80, -0.20, 14.83, 14.70, 14.99, 14.70, 30713.96, 45611686, 0.76, 1.96, 0.61, 17115.63993
2016-06-08, 1, wei_ruo, 16.70, 16.28, 10.00, 14.80, 16.28, 16.28, 16.28, 47976.6, 78105905, 1.18, 0.00, 0.95, 16337.466
2016-06-13, 1, wei_ruo, 16.65, 15.09, -7.31, 16.28, 16.29, 16.49, 15.01, 181080.71, 286032505, 4.46, 9.09, 3.57, 740.64994
2016-06-14, 1, wei_ruo, 16.62, 14.63, -3.05, 15.09, 14.50, 14.89, 14.43, 71095.69, 104057304, 1.75, 3.05, 1.40, 24893.60404
2016-06-15, 1, wei_ruo, 16.58, 14.95, 2.19, 14.63, 14.29, 15.09, 14.22, 70079.63, 104217716, 1.72, 5.95, 1.38, 34703.94301
2016-06-16, 1, wei_ruo, 16.55, 14.56, -2.61, 14.95, 14.90, 14.93, 14.51, 64756.17, 95337857, 1.59, 2.81, 1.28, 5764.13608
2016-06-17, 1, wei_ruo, 16.53, 14.52, -0.27, 14.56, 14.71, 14.96, 14.48, 59163.25, 87019487, 1.46, 3.30, 1.17, 5127.39301
2016-06-20, 1, wei_ruo, 16.50, 14.37, -1.03, 14.52, 14.53, 14.57, 14.13, 46609.57, 66604070, 1.15, 3.03, 0.92, 3667.54603
2016-06-21, 1, wei_ruo, 16.48, 14.37, 0.00, 14.37, 14.50, 14.62, 14.24, 44913.36, 64871690, 1.11, 2.64, 0.88, 2571.59495
2016-06-22, 1, wei_ruo, 16.46, 14.65, 1.95, 14.37, 14.30, 14.66, 14.21, 42704.29, 62039790, 0.98, 3.13, 0.84, 889.3981
2016-06-23, 1, wei_ruo, 16.42, 14.98, 2.25, 14.65, 14.90, 15.34, 14.79, 113216.42, 170855143, 2.60, 3.75, 2.23, 870.12792
2016-06-24, 1, wei_ruo, 16.39, 14.71, -1.80, 14.98, 14.98, 15.10, 14.15, 77864.17, 114435694, 1.79, 6.34, 1.53, 1296.84496
2016-06-27, 1, wei_ruo, 16.36, 14.89, 1.22, 14.71, 14.45, 14.95, 14.42, 75081.05, 111330170, 1.72, 3.60, 1.49, 795.58802
2016-06-28, 1, wei_ruo, 16.33, 15.40, 3.22, 14.92, 14.92, 15.45, 14.92, 124854.15, 189778388, 2.86, 3.55, 2.46, 4280.12705
2016-06-30, 1, wei_ruo, 16.29, 15.21, -0.13, 15.23, 15.25, 15.28, 15.06, 52864.39, 80243214, 1.21, 1.44, 1.04, 1527.18115
2016-07-01, 1, wei_ruo, 16.27, 15.65, 2.89, 15.21, 15.32, 16.19, 15.30, 165493.28, 260553388, 3.80, 5.85, 3.26, 628.87907
2016-07-04, 1, wei_ruo, 16.26, 15.97, 2.04, 15.65, 15.60, 16.01, 15.49, 153043.19, 242052860, 3.51, 3.32, 3.02, 2813.69901
2016-07-05, 1, wei_ruo, 16.24, 15.70, -1.69, 15.97, 15.80, 15.90, 15.50, 130562.94, 204747791, 3.00, 2.50, 2.57, 2480.25894
2016-07-06, 1, wei_ruo, 16.22, 15.62, -0.51, 15.70, 15.69, 15.70, 15.38, 95600.19, 148277592, 2.19, 2.04, 1.88, 5068.17198
2016-07-07, 2, qing_du, 16.21, 15.51, -0.70, 15.62, 15.65, 15.73, 15.30, 85412.56, 132352825, 1.96, 2.75, 1.68, 2743.41917
2016-07-08, 2, qing_du, 16.20, 15.52, 0.06, 15.51, 15.55, 15.57, 15.28, 69278.75, 106989952, 1.59, 1.87, 1.36, 3870.67485
2016-07-11, 2, qing_du, 16.18, 15.36, -1.03, 15.52, 15.49, 15.62, 15.35, 90130.64, 139382308, 2.07, 1.74, 1.78, 4694.43583
2016-07-12, 2, qing_du, 16.16, 15.79, 2.80, 15.36, 15.37, 15.89, 15.36, 158078.76, 248094711, 3.63, 3.45, 3.11, 15138.23986
2016-07-13, 2, qing_du, 16.16, 16.18, 2.47, 15.79, 15.93, 16.48, 15.65, 176711.93, 283949162, 4.05, 5.26, 3.48, 2675.32086
2016-07-14, 3, zhong_du, 16.18, 16.47, 1.79, 16.18, 16.38, 16.87, 16.00, 242328.3, 398768648, 5.56, 5.38, 4.77, 2786.96084
2016-07-15, 3, zhong_du, 16.17, 15.90, -3.46, 16.47, 16.41, 16.48, 15.81, 184068.65, 295348421, 4.22, 4.07, 3.63, 885.81991
2016-07-18, 3, zhong_du, 16.17, 15.81, -0.57, 15.90, 15.90, 16.15, 15.75, 109067.76, 173901937, 2.50, 2.52, 2.19, 13862.81085
2016-07-19, 3, zhong_du, 16.17, 16.37, 3.41, 15.83, 15.95, 16.37, 15.95, 132189.39, 214440337, 3.03, 2.65, 2.60, 3876.65701
2016-07-20, 3, zhong_du, 16.17, 16.61, 1.47, 16.37, 16.39, 17.17, 16.35, 188199.7, 315739394, 4.32, 5.01, 3.74, 603.50513
2016-07-21, 3, zhong_du, 16.20, 16.42, -1.14, 16.61, 16.48, 16.78, 16.36, 134610.17, 223164198, 3.09, 2.53, 2.65, 8826.80082
2016-07-22, 3, zhong_du, 16.21, 16.32, -0.61, 16.42, 16.40, 16.84, 16.29, 132899.75, 220167860, 3.05, 3.35, 2.62, 1585.26087
2016-07-25, 3, zhong_du, 16.22, 16.52, 1.23, 16.32, 16.36, 16.66, 16.23, 106042.42, 174802017, 2.43, 2.63, 2.09, 4941.36405
2016-07-26, 3, zhong_du, 16.22, 16.50, -0.12, 16.52, 16.55, 16.69, 16.20, 96845.91, 158935617, 2.22, 2.97, 1.91, 2450.57607
2016-07-27, 3, zhong_du, 16.20, 15.29, -7.33, 16.50, 16.42, 16.49, 15.21, 148796.27, 235110612, 3.41, 7.76, 2.93, 4631.48403
2016-07-28, 3, zhong_du, 16.18, 15.07, -1.44, 15.29, 15.16, 15.46, 14.82, 79132.98, 119784388, 1.82, 4.19, 1.56, 2823.60101
2016-07-29, 2, qing_du, 16.17, 14.92, -1.00, 15.07, 15.10, 15.21, 14.66, 62621.59, 93313172, 1.44, 3.65, 1.23, 14285.70485
2016-08-01, 1, wei_ruo, 16.12, 14.47, -3.02, 14.92, 14.90, 14.95, 14.01, 108170.82, 155693996, 2.48, 6.30, 2.13, 31528.40304
2016-08-02, 1, wei_ruo, 16.09, 14.45, -0.14, 14.47, 14.40, 14.57, 14.29, 90517.68, 130301799, 2.08, 1.94, 1.78, 15326.0169
2016-08-03, 1, wei_ruo, 16.07, 14.47, 0.14, 14.45, 14.41, 14.56, 14.30, 51980.67, 75021525, 1.19, 1.80, 0.89, 14346.70591
2016-08-04, 1, wei_ruo, 16.05, 14.59, 0.83, 14.47, 14.47, 14.79, 14.43, 61050.47, 89202895, 1.40, 2.49, 1.03, 14252.51889
2016-08-05, 1, wei_ruo, 16.02, 14.61, 0.14, 14.59, 14.59, 14.70, 14.39, 71260.87, 104118680, 1.63, 2.12, 1.19, 666.56804
2016-08-08, 1, wei_ruo, 16.01, 15.07, 3.15, 14.61, 14.58, 15.17, 14.52, 74962.63, 111786831, 1.72, 4.45, 1.11, 13247.5059
2016-08-09, 1, wei_ruo, 15.99, 15.20, 0.86, 15.07, 15.08, 15.28, 14.93, 59423.49, 90110480, 1.36, 2.32, 0.85, 2467.88192
2016-08-10, 1, wei_ruo, 15.98, 15.08, -0.79, 15.20, 15.16, 15.50, 15.03, 58309.07, 89351349, 1.34, 3.09, 0.91, 14300.92692
2016-08-11, 1, wei_ruo, 15.97, 15.00, -0.53, 15.08, 15.09, 15.25, 14.99, 40699.49, 61510692, 0.93, 1.72, 0.63, 2550.04811
2016-08-15, 2, qing_du, 15.96, 15.73, 3.15, 15.25, 15.28, 15.75, 15.24, 98495.23, 153516831, 2.26, 3.34, 1.75, 627.14314
2016-08-16, 2, qing_du, 15.95, 15.72, -0.06, 15.73, 15.68, 15.82, 15.64, 53016.88, 83285933, 1.22, 1.14, 0.87, 774.73497
2016-08-17, 2, qing_du, 15.95, 15.79, 0.45, 15.72, 15.74, 15.89, 15.65, 56263.95, 88747861, 1.29, 1.53, 0.94, 14946.48886
2016-08-18, 3, zhong_du, 15.95, 16.09, 1.90, 15.79, 15.82, 16.17, 15.72, 78212.84, 124950656, 1.79, 2.85, 1.32, 32602.88191
2016-08-19, 3, zhong_du, 15.95, 15.93, -0.99, 16.09, 16.14, 16.14, 15.79, 43546.95, 69436452, 1.00, 2.18, 0.65, 617.32602
2016-08-22, 3, zhong_du, 15.95, 15.81, -0.75, 15.93, 15.89, 16.19, 15.80, 49669.45, 79475129, 1.14, 2.45, 0.75, 699.66817
2016-08-23, 3, zhong_du, 15.95, 15.99, 1.14, 15.81, 15.81, 16.09, 15.81, 70342.76, 112417973, 1.61, 1.77, 1.25, 715.2102
2016-08-24, 3, zhong_du, 15.96, 16.05, 0.38, 15.99, 16.05, 16.49, 16.02, 108658.73, 177518324, 2.49, 2.94, 1.82, 4096.52305
2016-08-30, 3, zhong_du, 16.01, 16.79, 4.61, 16.05, 16.59, 17.28, 16.59, 247332.72, 417235680, 5.67, 4.30, 3.53, 549.74914
2016-08-31, 3, zhong_du, 16.10, 17.68, 5.30, 16.79, 16.66, 17.68, 16.66, 98954.79, 171078790, 2.27, 6.08, 5.32, 899.16682
2016-09-01, 4, gao_du, 16.21, 17.68, 5.30, 16.79, 16.66, 17.68, 16.66, 98954.79, 171078790, 2.27, 6.08, 5.32, 1722.69678
2016-09-02, 5, qiang_lie, 16.21, 17.68, 5.30, 16.79, 16.66, 17.68, 16.66, 98954.79, 171078790, 2.27, 6.08, 5.32, 3563.17902
2016-09-05, 5, qiang_lie, 16.21, 17.97, 3.39, 17.38, 17.45, 18.06, 17.40, 121650.3, 215575123, 2.79, 3.80, 0.77, 630.00011
2016-09-06, 5, qiang_lie, 16.21, 17.90, -0.39, 17.97, 17.85, 18.23, 17.73, 118309.67, 212338107, 2.71, 2.78, 0.74, 6378.89409
2016-09-07, 5, qiang_lie, 16.21, 17.68, 5.30, 16.79, 16.66, 17.68, 16.66, 98954.79, 171078790, 2.27, 6.08, 5.32, 529.19888
2016-09-08, 5, qiang_lie, 16.21, 18.34, 0.22, 18.30, 18.28, 18.47, 18.07, 78758.48, 144068244, 1.81, 2.19, 0.50, 682.93214
2016-09-09, 5, qiang_lie, 16.21, 18.01, -1.80, 18.34, 18.39, 18.41, 17.81, 128320.77, 231134638, 2.94, 3.27, 0.81, 4762.57896
2016-09-12, 5, qiang_lie, 16.21, 17.62, -2.17, 18.01, 17.75, 17.82, 17.40, 115461.01, 203994537, 2.65, 2.33, 0.73, 715.35707
2016-09-13, 5, qiang_lie, 16.21, 17.68, 5.30, 16.79, 16.66, 17.68, 16.66, 98954.79, 171078790, 2.27, 6.08, 5.32, 2257.19404
2016-09-14, 5, qiang_lie, 16.21, 17.68, 5.30, 16.79, 16.66, 17.68, 16.66, 98954.79, 171078790, 2.27, 6.08, 5.32, 661.85403
2016-09-19, 5, qiang_lie, 16.21, 19.49, 3.78, 18.78, 18.61, 19.73, 18.36, 124687.39, 239479470, 2.47, 7.29, 0.79, 1096.17305
2016-09-20, 5, qiang_lie, 16.21, 19.14, -1.80, 19.49, 19.80, 19.80, 18.92, 90268.66, 174052942, 1.78, 4.52, 0.57, 4515.73801
2016-09-21, 5, qiang_lie, 16.21, 19.41, 1.41, 19.14, 19.12, 19.70, 19.02, 91742.42, 177823275, 1.81, 3.55, 0.58, 1509.39608
2016-09-22, 5, qiang_lie, 16.21, 19.21, -1.03, 19.41, 19.40, 19.59, 19.10, 75289.16, 145573156, 1.49, 2.52, 0.47, 564.54611
2016-09-23, 5, qiang_lie, 16.21, 19.04, -0.88, 19.21, 19.15, 19.23, 18.82, 72452.56, 137679057, 1.43, 2.13, 0.46, 2607.97501
2016-09-26, 5, qiang_lie, 16.21, 18.80, -1.26, 19.04, 19.09, 19.46, 18.70, 96916.87, 185012438, 1.92, 3.99, 0.61, 3349.52497
2016-09-27, 5, qiang_lie, 16.21, 18.44, -1.91, 18.80, 18.48, 18.80, 17.90, 124663.8, 227756119, 2.46, 4.79, 0.78, 747.64705
2016-09-28, 5, qiang_lie, 16.21, 18.68, 1.30, 18.44, 18.48, 18.86, 18.41, 67885.21, 126630322, 1.34, 2.44, 0.43, 1079.22506
2016-09-29, 5, qiang_lie, 16.21, 18.85, 0.91, 18.68, 18.70, 19.08, 18.48, 82212.74, 155077502, 1.63, 3.21, 0.52, 7700.23394
2016-09-30, 5, qiang_lie, 16.21, 18.86, 0.05, 18.85, 18.85, 19.08, 18.69, 45860.04, 86700702, 0.91, 2.07, 0.29, 2638.3481
2016-10-10, 5, qiang_lie, 16.21, 18.99, 0.69, 18.86, 19.06, 19.27, 18.79, 49260.07, 93363876, 0.97, 2.55, 0.31, 595.79921
2016-10-11, 5, qiang_lie, 16.21, 19.85, 4.53, 18.99, 19.09, 19.88, 19.00, 104988.98, 203684991, 2.08, 4.63, 0.66, 829.64993
2016-10-12, 5, qiang_lie, 16.21, 19.66, -0.96, 19.85, 19.78, 19.83, 19.39, 70659.35, 138654816, 1.40, 2.22, 0.44, 874.56012
2016-10-13, 5, qiang_lie, 16.21, 19.66, 0.00, 19.66, 19.67, 19.83, 19.43, 54810.39, 107393429, 1.08, 2.03, 0.35, 13281.461
2016-10-14, 5, qiang_lie, 17.15, 19.42, -1.22, 19.66, 19.51, 19.80, 19.17, 45044.91, 87299558, 0.89, 3.20, 0.28, 2479.35796
2016-10-17, 5, qiang_lie, 17.18, 19.33, -0.46, 19.42, 19.41, 19.46, 19.13, 21656.36, 41739557, 0.43, 1.70, 0.27, 3102.01406
2016-10-18, 5, qiang_lie, 17.20, 19.33, -0.46, 19.42, 19.41, 19.46, 19.13, 21656.36, 41739557, 0.43, 1.70, 0.27, 194097.28503
2016-10-19, 5, qiang_lie, 17.22, , , , , , , , , , , , 454.12397
2016-10-20, 5, qiang_lie, 17.24, 18.88, -0.58, 18.99, 18.90, 19.08, 18.80, 38542.83, 73012698, 0.76, 1.47, 0.24, 712.58688
2016-10-21, 5, qiang_lie, 17.25, 19.04, 0.85, 18.88, 18.93, 19.09, 18.70, 38178.7, 72326167, 0.75, 2.07, 0.26, 10626.61314
2016-10-24, 5, qiang_lie, 17.27, 19.27, 1.21, 19.04, 19.04, 19.45, 19.00, 62849.41, 120960738, 1.24, 2.36, 0.61, 628.92008
2016-10-25, 5, qiang_lie, 17.29, 19.04, -1.04, 19.24, 19.36, 19.36, 18.98, 49570.12, 94663860, 0.98, 1.98, 0.47, 8573.94695
2016-10-26, 5, qiang_lie, 17.31, 19.06, 0.11, 19.04, 19.12, 19.14, 18.90, 37371.46, 71068969, 0.74, 1.26, 0.36, 2507.13301
2016-10-27, 5, qiang_lie, 17.32, 19.10, 0.21, 19.06, 19.00, 19.35, 18.91, 48080.02, 91972808, 0.95, 2.31, 0.46, 760.36406
2016-10-28, 5, qiang_lie, 17.34, 19.07, -0.10, 19.09, 18.96, 19.20, 18.96, 42614.53, 81330697, 0.84, 1.26, 0.41, 2612.28108
2016-10-31, 5, qiang_lie, 17.35, 18.99, -0.42, 19.07, 19.01, 19.07, 18.81, 38421.48, 72839036, 0.76, 1.36, 0.37, 666.56399
2016-11-01, 5, qiang_lie, 17.36, 19.10, 0.58, 18.99, 18.99, 19.14, 18.94, 26959.48, 51428370, 0.53, 1.05, 0.26, 656.51989
2016-11-02, 5, qiang_lie, 17.40, 19.48, 1.99, 19.10, 19.08, 19.68, 18.99, 111162.65, 214723576, 2.20, 3.61, 1.07, 459.87415
2016-11-03, 5, qiang_lie, 17.46, 19.91, 2.05, 19.51, 19.46, 20.43, 19.24, 119615.84, 239773757, 2.36, 6.10, 1.14, 538.88106
2016-11-04, 5, qiang_lie, 17.50, 19.88, -0.15, 19.91, 19.90, 20.34, 19.60, 82270.18, 163794920, 1.63, 3.72, 0.79, 437.79016
2016-11-07, 5, qiang_lie, 17.53, 19.84, 0.35, 19.77, 19.75, 20.07, 19.55, 66300.39, 131538269, 1.31, 2.63, 0.64, 746.86503
2016-11-08, 5, qiang_lie, 17.56, 20.01, 0.55, 19.90, 19.98, 20.06, 19.69, 47846.37, 95321580, 0.95, 1.86, 0.46, 441.15496
2016-11-09, 5, qiang_lie, 17.58, 19.58, -2.15, 20.01, 20.01, 20.01, 19.45, 63661.4, 125134385, 1.26, 2.80, 0.61, 614.3508
2016-11-10, 5, qiang_lie, 17.61, 19.87, 1.48, 19.58, 19.83, 20.05, 19.65, 52428.19, 104405299, 1.04, 2.04, 0.50, 723.77396
2016-11-11, 5, qiang_lie, 17.65, 20.40, 2.51, 19.90, 20.00, 20.45, 19.70, 80034.25, 161817410, 1.58, 3.77, 0.76, 2849.21193
2016-11-14, 5, qiang_lie, 17.72, 20.65, 1.23, 20.40, 20.65, 21.03, 20.38, 117305.48, 242463980, 2.32, 3.19, 1.13, 1066.52284
2016-11-15, 5, qiang_lie, 17.78, 21.14, 2.37, 20.65, 20.65, 21.47, 20.50, 100755.89, 212316535, 1.99, 4.70, 0.97, 520.83898
2016-11-16, 5, qiang_lie, 17.84, 21.11, 2.23, 20.65, 20.65, 21.25, 20.50, 56618.87, 118674270, 1.12, 3.63, 1.08, 427.44803
2016-11-17, 5, qiang_lie, 17.87, 20.99, -0.71, 21.14, 21.20, 21.56, 20.88, 50107.29, 106459639, 0.99, 3.22, 0.96, 712.27217
2016-11-18, 5, qiang_lie, 17.89, 21.11, 2.23, 20.65, 20.65, 21.25, 20.50, 56618.87, 118674270, 1.12, 3.63, 1.08, 732.09
2016-11-21, 5, qiang_lie, 17.94, 21.40, 3.13, 20.75, 21.02, 21.40, 20.70, 76755.47, 161067630, 1.52, 3.37, 0.73, 366.642
2016-11-22, 5, qiang_lie, 18.00, 21.49, 0.42, 21.40, 21.39, 21.93, 21.08, 80735.65, 174030984, 1.60, 3.97, 0.77, 3806.07986
2016-11-23, 5, qiang_lie, 18.17, 22.75, 5.86, 21.49, 21.45, 23.15, 21.20, 192805.26, 430205955, 3.81, 9.07, 1.86, 497.08891
2016-11-24, 5, qiang_lie, 18.27, 22.42, -1.45, 22.75, 22.50, 22.93, 22.28, 114443.54, 258291878, 2.26, 2.86, 1.09, 578.96209
2016-11-25, 5, qiang_lie, 18.34, 22.86, 1.96, 22.42, 22.35, 22.88, 21.60, 88303.55, 196246221, 1.75, 5.71, 0.84, 633.39305
2016-11-28, 5, qiang_lie, 18.41, 22.67, -0.83, 22.86, 22.89, 23.16, 22.50, 83502.32, 191127875, 1.65, 2.89, 0.80, 476.125
2016-11-29, 5, qiang_lie, 18.46, 22.46, -0.97, 22.68, 22.46, 22.80, 22.21, 54411.43, 122689304, 1.08, 2.60, 0.52, 363.78503
2016-11-30, 5, qiang_lie, 18.50, 22.17, -1.29, 22.46, 22.30, 22.73, 22.15, 50477.13, 113309403, 1.00, 2.58, 0.49, 451.18785
2016-12-01, 5, qiang_lie, 18.54, 22.24, 0.41, 22.15, 22.15, 22.65, 22.01, 55146.54, 122948821, 1.09, 2.89, 0.53, 439.88109
2016-12-02, 5, qiang_lie, 18.58, 21.67, -2.56, 22.24, 22.20, 22.45, 21.60, 59511.17, 130706363, 1.18, 3.82, 0.57, 2566.51807
2016-12-05, 5, qiang_lie, 18.62, 21.79, 0.55, 21.67, 21.33, 22.39, 21.08, 60585.1, 132238048, 1.20, 6.05, 0.58, 843.34898
2016-12-06, 5, qiang_lie, 18.63, 21.69, -0.41, 21.78, 21.61, 21.94, 21.60, 28928.01, 62799385, 0.57, 1.56, 0.28, 721.04406
2016-12-07, 5, qiang_lie, 18.65, 21.79, 0.46, 21.69, 21.61, 21.90, 21.23, 35345, 76175625, 0.70, 3.09, 0.34, 680.97901
2016-12-08, 5, qiang_lie, 18.69, 21.69, -0.46, 21.79, 21.79, 22.50, 21.66, 59643.98, 131868653, 1.18, 3.85, 0.57, 562.53219
2016-12-09, 5, qiang_lie, 18.71, 21.86, 0.78, 21.69, 21.69, 22.06, 21.61, 33703.66, 73694118, 0.67, 2.07, 0.32, 583.13417
2016-12-12, 5, qiang_lie, 18.75, 19.97, -8.65, 21.86, 21.86, 21.95, 19.80, 111162.13, 230069344, 2.20, 9.84, 1.06, 476.63403
2016-12-13, 4, gao_du, 18.77, 19.78, -0.95, 19.97, 20.00, 20.26, 18.35, 119979.93, 233338136, 2.37, 9.56, 1.14, 769.13595
2016-12-14, 3, zhong_du, 18.78, 19.83, 0.25, 19.78, 19.69, 20.09, 19.43, 35218.24, 69456573, 0.70, 3.34, 0.34, 449.3041
2016-12-15, 3, zhong_du, 18.78, 19.97, 0.71, 19.83, 19.75, 20.11, 19.50, 27259.16, 54143182, 0.54, 3.08, 0.26, 527.57001
2016-12-16, 3, zhong_du, 18.79, 20.31, 1.70, 19.97, 19.79, 20.50, 19.70, 30348.24, 61171000, 0.60, 4.01, 0.29, 598.83785
2016-12-19, 3, zhong_du, 18.81, 20.60, 1.43, 20.31, 20.33, 20.95, 20.15, 47466.56, 98219993, 0.94, 3.94, 0.45, 1025.49386
2016-12-20, 3, zhong_du, 18.82, 20.72, 0.58, 20.60, 20.68, 20.96, 20.31, 32355.72, 67004708, 0.64, 3.16, 0.31, 673.65694
2016-12-21, 3, zhong_du, 18.83, 20.94, 1.06, 20.72, 20.83, 21.10, 20.66, 32028.37, 66872445, 0.63, 2.12, 0.31, 516.25299
2016-12-22, 3, zhong_du, 18.85, 21.20, 1.24, 20.94, 21.00, 21.30, 20.71, 25300.22, 53128322, 0.50, 2.82, 0.24, 524.49393
2016-12-23, 3, zhong_du, 18.86, 21.38, 0.85, 21.20, 21.10, 21.49, 20.80, 34771.63, 73610609, 0.69, 3.25, 0.33, 513.91983
2016-12-26, 4, gao_du, 18.88, 21.05, -1.54, 21.38, 21.40, 21.40, 20.72, 33518.92, 69995583, 0.66, 3.18, 0.32, 499.614
2016-12-27, 4, gao_du, 18.89, 20.88, -0.81, 21.05, 21.09, 21.15, 20.75, 27252.74, 57005904, 0.54, 1.90, 0.26, 529.65784
2016-12-28, 3, zhong_du, 18.90, 20.70, -0.86, 20.88, 20.81, 20.83, 20.37, 31889.86, 65770252, 0.63, 2.20, 0.30, 812.75797
2016-12-29, 3, zhong_du, 18.91, 20.86, 0.77, 20.70, 20.70, 21.15, 20.54, 34912.94, 73069358, 0.69, 2.95, 0.33, 4529.63114
2016-12-30, 3, zhong_du, 18.92, 20.86, 0.00, 20.86, 20.85, 20.97, 20.51, 35015.48, 72663808, 0.69, 2.21, 0.33, 528.39804
2017-01-03, 3, zhong_du, 18.94, 20.86, 0.00, 20.86, 20.85, 20.97, 20.51, 35015.48, 72663808, 0.69, 2.21, 0.33, 4530.60579
2017-01-04, 3, zhong_du, 18.95, 20.65, -0.15, 20.68, 20.68, 20.77, 20.40, 33310.73, 68627235, 0.66, 1.79, 0.32, 567.39211
2017-01-05, 3, zhong_du, 18.96, 21.05, 1.94, 20.65, 20.68, 21.15, 20.61, 39692.03, 83173244, 0.78, 2.62, 0.38, 530.5829
2017-01-06, 3, zhong_du, 18.98, 21.16, 0.52, 21.05, 20.99, 21.48, 20.94, 46691.93, 99281933, 0.92, 2.57, 0.45, 805.64499
2017-01-09, 3, zhong_du, 19.00, 21.11, -0.24, 21.16, 21.27, 21.53, 21.06, 31480, 66840194, 0.62, 2.22, 0.30, 2641.43896
2017-01-10, 3, zhong_du, 19.01, 20.95, -0.76, 21.11, 21.09, 21.10, 20.69, 20074.99, 41833912, 0.40, 1.94, 0.38, 3070.07384
2017-01-11, 3, zhong_du, 19.02, 20.09, -2.76, 20.66, 20.69, 20.75, 19.90, 44179.43, 89421379, 0.87, 4.11, 0.42, 632.96795
2017-01-12, 3, zhong_du, 19.02, 20.95, -0.76, 21.11, 21.09, 21.10, 20.69, 20074.99, 41833912, 0.40, 1.94, 0.38, 380.35297
2017-01-13, 2, qing_du, 19.03, 19.83, -1.15, 20.06, 20.10, 20.16, 19.70, 23626.67, 47213646, 0.47, 2.29, 0.23, 1399.78981
2017-01-16, 1, wei_ruo, 19.02, 18.40, -7.21, 19.83, 19.83, 19.90, 17.85, 70866.82, 132111746, 1.40, 10.34, 0.68, 2550.09794
2017-01-17, 1, wei_ruo, 19.02, 20.95, -0.76, 21.11, 21.09, 21.10, 20.69, 20074.99, 41833912, 0.40, 1.94, 0.38, 2618.09301
2017-01-18, 1, wei_ruo, 19.02, 20.95, -0.76, 21.11, 21.09, 21.10, 20.69, 20074.99, 41833912, 0.40, 1.94, 0.38, 2757.725
2017-01-24, 1, wei_ruo, 19.04, 0.00, 0.00, 20.29, 0.00, 0.00, 0.00, 0, 0, 0.00, 0.00, 0.00, 637.59398
2017-08-01, 1, wei_ruo, 14.61, 14.01, -10.02, 15.57, 14.01, 14.01, 14.01, 19485, 27298485, 0.30, 0.00, 0.19, 276.23701
2017-08-02, 1, wei_ruo, 14.50, 12.61, -9.99, 14.01, 12.69, 13.20, 12.61, 412098.16, 527177321, 6.27, 4.21, 3.93, 1757.08008
2017-08-03, 1, wei_ruo, 14.45, 12.78, 1.35, 12.61, 12.46, 12.88, 12.35, 168309.2, 212775978, 2.56, 4.20, 1.61, 1493.5379
2017-08-04, 1, wei_ruo, 14.40, 12.74, -0.31, 12.78, 12.66, 13.13, 12.14, 194653.6, 244904855, 2.96, 7.75, 1.86, 817.80005
2017-08-07, 1, wei_ruo, 14.36, 12.56, -1.41, 12.74, 12.64, 12.70, 12.38, 110913.11, 138868592, 1.69, 2.51, 1.06, 637.93015
2017-08-08, 1, wei_ruo, 14.34, 12.60, 0.32, 12.56, 12.56, 12.72, 12.36, 93452.02, 117634332, 1.44, 2.87, 0.89, 542.66286
2017-08-09, 1, wei_ruo, 14.32, 12.54, -0.48, 12.60, 12.60, 12.78, 12.47, 86406.55, 109066694, 1.33, 2.46, 0.82, 688.32183
2017-08-10, 1, wei_ruo, 14.28, 12.68, 1.12, 12.54, 12.45, 12.85, 12.34, 126837.82, 159012755, 1.96, 4.07, 1.21, 600.15106
2017-08-11, 1, wei_ruo, 14.25, 12.62, -0.47, 12.68, 12.50, 12.62, 12.40, 104480.4, 130498558, 1.41, 1.74, 1.00, 568.93802
2017-08-14, 1, wei_ruo, 14.20, 12.52, -0.79, 12.62, 12.42, 12.66, 11.88, 214099.8, 263803750, 2.90, 6.18, 2.04, 1832.97491
2017-08-15, 1, wei_ruo, 14.17, 12.50, -0.16, 12.52, 12.46, 12.58, 12.25, 130941.41, 162303397, 1.77, 2.64, 1.25, 2854.48813
2017-08-16, 1, wei_ruo, 14.12, 13.00, 4.00, 12.50, 12.44, 13.05, 12.34, 270367.35, 342838977, 3.66, 5.68, 2.58, 1594.0249
2017-08-17, 1, wei_ruo, 14.09, 13.42, 3.23, 13.00, 12.90, 13.80, 12.80, 284832.53, 380904424, 3.85, 7.69, 2.72, 126884.25303
2017-08-18, 1, wei_ruo, 14.08, 13.23, -1.42, 13.42, 13.36, 13.45, 13.03, 104649.84, 138776041, 1.42, 3.13, 1.00, 632.25389
2017-08-21, 1, wei_ruo, 14.07, 13.25, 0.15, 13.23, 13.20, 13.54, 13.05, 89329.47, 118649793, 1.21, 3.70, 0.85, 883.40187
2017-08-22, 1, wei_ruo, 14.05, 13.30, 0.38, 13.25, 13.21, 13.39, 12.86, 122047.63, 160417016, 1.65, 4.00, 1.16, 648.62394
2017-08-23, 1, wei_ruo, 14.04, 13.48, 1.35, 13.30, 13.28, 13.74, 13.21, 140524.81, 189899748, 1.90, 3.98, 1.34, 1276.80302
2017-08-24, 1, wei_ruo, 14.03, 13.15, -2.45, 13.48, 13.50, 13.58, 13.07, 80580.14, 106814281, 1.09, 3.78, 0.77, 3767.99703
2017-08-25, 1, wei_ruo, 14.02, 13.23, 0.61, 13.15, 13.15, 13.38, 13.05, 71449.48, 94414861, 0.97, 2.51, 0.68, 824.82409
2017-08-28, 1, wei_ruo, 14.01, 13.31, 0.60, 13.23, 13.23, 13.39, 13.08, 97854.17, 129369954, 1.32, 2.34, 0.93, 807.97195
2017-08-29, 1, wei_ruo, 14.01, 13.29, -0.15, 13.31, 13.25, 13.45, 13.13, 75442.75, 100023073, 1.02, 2.40, 0.72, 696.10906
2017-08-30, 1, wei_ruo, 14.00, 13.07, -1.66, 13.29, 13.20, 13.32, 13.07, 90222.07, 119056810, 1.22, 1.88, 0.86, 1652.56596
2017-08-31, 1, wei_ruo, 13.98, 13.00, -0.54, 13.07, 13.11, 13.18, 12.98, 50150.98, 65465491, 0.68, 1.53, 0.96, 757.84492
2017-09-01, 1, wei_ruo, 13.95, 12.55, -1.88, 12.79, 12.80, 12.81, 12.40, 131391.84, 164987973, 1.78, 3.21, 1.25, 2694.47899
2017-09-04, 1, wei_ruo, 13.92, 13.12, 4.54, 12.55, 12.56, 13.50, 12.56, 249735.42, 326990230, 3.38, 7.49, 2.38, 753.89481
2017-09-05, 1, wei_ruo, 13.91, 13.00, -0.54, 13.07, 13.11, 13.18, 12.98, 50150.98, 65465491, 0.68, 1.53, 0.96, 698.0381
2017-09-06, 1, wei_ruo, 13.89, 13.00, -0.54, 13.07, 13.11, 13.18, 12.98, 50150.98, 65465491, 0.68, 1.53, 0.96, 860.50987
2017-09-07, 1, wei_ruo, 13.87, 13.00, -0.54, 13.07, 13.11, 13.18, 12.98, 50150.98, 65465491, 0.68, 1.53, 0.96, 1447.38293
2017-09-08, 1, wei_ruo, 13.85, 13.00, -0.54, 13.07, 13.11, 13.18, 12.98, 50150.98, 65465491, 0.68, 1.53, 0.96, 654.3541
2017-09-11, 1, wei_ruo, 13.83, 13.00, -0.54, 13.07, 13.11, 13.18, 12.98, 50150.98, 65465491, 0.68, 1.53, 0.96, 826.13897
2017-09-12, 1, wei_ruo, 13.81, 12.31, -1.20, 12.46, 12.50, 12.55, 12.26, 119269.37, 147872639, 1.61, 2.33, 1.14, 515.48409
2017-09-13, 1, wei_ruo, 13.79, 12.41, 0.81, 12.31, 12.31, 12.68, 12.20, 132221.66, 165064214, 1.79, 3.90, 1.26, 3166.03613
2017-09-14, 1, wei_ruo, 13.75, 12.07, -2.74, 12.41, 12.37, 12.43, 11.98, 166988.91, 203049839, 2.26, 3.63, 1.59, 680.76396
2017-09-15, 1, wei_ruo, 13.73, 12.06, -0.08, 12.07, 12.07, 12.10, 11.96, 84170.36, 101125237, 1.14, 1.16, 0.80, 109359.35903
2017-09-18, 1, wei_ruo, 13.71, 12.12, 0.50, 12.06, 12.05, 12.22, 12.01, 69313.45, 84041144, 0.94, 1.74, 0.66, 696.75994
2017-09-19, 1, wei_ruo, 13.70, 12.20, 0.66, 12.12, 12.14, 12.23, 12.08, 62543.75, 76099088, 0.85, 1.24, 0.60, 826.03693
2017-09-20, 1, wei_ruo, 13.68, 12.31, 0.90, 12.20, 12.20, 12.38, 12.16, 89818.6, 110334494, 1.22, 1.80, 0.86, 662.38499
2017-09-21, 1, wei_ruo, 13.66, 12.22, -0.73, 12.31, 12.35, 12.56, 12.20, 141387.79, 174934826, 1.91, 2.92, 1.35, 1212.90302
2017-09-22, 1, wei_ruo, 13.64, 12.11, -0.90, 12.22, 12.20, 12.27, 12.07, 64727.23, 78693429, 0.88, 1.64, 0.62, 711.77983
2017-09-25, 1, wei_ruo, 13.63, 11.87, -1.98, 12.11, 12.05, 12.10, 11.80, 61503.7, 73411964, 0.81, 2.48, 0.59, 611.37795
2017-09-26, 1, wei_ruo, 13.60, 11.88, 0.08, 11.87, 11.80, 11.93, 11.36, 113320.47, 131567458, 1.49, 4.80, 1.08, 2914.09612
2017-09-27, 1, wei_ruo, 13.59, 11.82, -0.51, 11.88, 11.78, 11.88, 11.70, 59535.78, 70049935, 0.78, 1.52, 0.57, 697.44802
2017-09-28, 1, wei_ruo, 13.57, 11.57, -2.12, 11.82, 11.81, 11.81, 11.50, 75233.01, 87242191, 0.99, 2.62, 0.72, 661.84115
2017-09-29, 1, wei_ruo, 13.56, 11.52, -0.43, 11.57, 11.55, 11.68, 11.52, 41058.48, 47482661, 0.54, 1.38, 0.39, 718.41216
2017-10-10, 1, wei_ruo, 13.52, 12.12, 2.36, 11.84, 11.79, 12.13, 11.74, 107556.46, 129420083, 1.41, 3.29, 1.03, 608.52718
2017-10-12, 1, wei_ruo, 13.49, 11.95, 0.25, 11.92, 11.91, 12.00, 11.83, 57641.09, 68672772, 0.76, 1.43, 0.55, 827.24714
2017-10-13, 1, wei_ruo, 13.47, 12.15, 1.67, 11.95, 11.91, 12.23, 11.85, 88904.12, 106976682, 1.17, 3.18, 0.85, 748.09313
2017-10-16, 1, wei_ruo, 13.44, 11.57, -4.77, 12.15, 12.08, 12.08, 11.57, 116980.42, 138306486, 1.53, 4.20, 1.12, 764.42695
2017-10-17, 1, wei_ruo, 13.43, 11.47, -0.86, 11.57, 11.61, 11.65, 11.45, 42278.32, 48731215, 0.55, 1.73, 0.40, 487.80107
2017-10-18, 1, wei_ruo, 13.42, 11.38, -0.78, 11.47, 11.50, 11.75, 11.34, 70146.62, 80909678, 0.92, 3.57, 0.67, 705.85918
2017-10-19, 1, wei_ruo, 13.40, 11.15, -2.02, 11.38, 11.34, 11.44, 11.13, 54266.5, 60980107, 0.71, 2.72, 0.52, 775.12717
2017-10-20, 1, wei_ruo, 13.38, 11.04, -0.99, 11.15, 11.10, 11.23, 10.98, 82050.88, 90816354, 1.08, 2.24, 0.78, 665.96198
2017-10-23, 1, wei_ruo, 13.36, 11.15, 1.00, 11.04, 11.06, 11.20, 11.04, 60648.77, 67480456, 0.80, 1.45, 0.58, 733.1121
2017-10-24, 1, wei_ruo, 13.34, 10.89, -2.33, 11.15, 11.15, 11.16, 10.84, 69394.29, 76120640, 0.91, 2.87, 0.66, 971.79008
2017-10-25, 1, wei_ruo, 13.32, 10.95, 0.55, 10.89, 10.81, 10.97, 10.80, 62717.13, 68311240, 0.82, 1.56, 0.60, 699.4369
2017-10-26, 1, wei_ruo, 13.29, 10.82, -1.19, 10.95, 10.95, 10.95, 10.81, 78906.07, 85794613, 1.04, 1.28, 0.75, 668.96486
2017-10-27, 1, wei_ruo, 13.25, 10.50, -2.96, 10.82, 10.81, 10.86, 10.46, 120826.34, 128599805, 1.59, 3.70, 1.15, 2038.98001
2017-10-30, 1, wei_ruo, 13.14, 9.45, -10.00, 10.50, 10.54, 10.54, 9.45, 239812.98, 233756189, 3.15, 10.38, 2.29, 896.55399
2017-10-31, 1, wei_ruo, 13.09, 9.86, 4.34, 9.45, 9.37, 9.89, 9.37, 104820.58, 100359895, 1.38, 5.50, 1.00, 595.87717
2017-11-01, 1, wei_ruo, 13.03, 9.92, 0.61, 9.86, 9.78, 10.20, 9.57, 148902.96, 146376385, 1.95, 6.39, 1.42, 783.7131
2017-11-02, 1, wei_ruo, 13.00, 9.72, -2.02, 9.92, 9.92, 9.92, 9.66, 73879.06, 72293506, 0.97, 2.62, 0.70, 1801.33414
2017-11-03, 1, wei_ruo, 12.94, 9.75, 0.31, 9.72, 9.68, 10.03, 9.66, 138218.01, 136507057, 1.81, 3.81, 1.32, 1257.19595
2017-11-06, 1, wei_ruo, 12.92, 9.66, -0.92, 9.75, 9.76, 9.83, 9.58, 57509.68, 55555244, 0.75, 2.56, 0.55, 803.46298
2017-11-08, 1, wei_ruo, 12.84, 9.48, -0.73, 9.55, 9.50, 9.72, 9.39, 94801.06, 90642236, 1.24, 3.46, 0.90, 65171.97013
2017-11-09, 1, wei_ruo, 12.80, 9.46, -2.07, 9.66, 9.67, 9.71, 9.44, 47258, 45027050, 0.62, 2.80, 0.90, 702.09289
2017-11-10, 1, wei_ruo, 12.75, 9.60, 1.27, 9.48, 9.45, 9.79, 9.38, 122039.42, 116584942, 1.60, 4.32, 1.33, 839.56909
2017-11-13, 1, wei_ruo, 12.70, 9.30, -3.13, 9.60, 9.62, 9.68, 9.26, 116570.35, 109636757, 1.53, 4.38, 1.32, 786.21316
2017-11-14, 1, wei_ruo, 12.67, 9.29, -0.11, 9.30, 9.25, 9.42, 9.19, 69173.69, 64354394, 0.91, 2.47, 0.69, 795.78686
2017-11-15, 1, wei_ruo, 12.64, 9.35, 0.65, 9.29, 9.29, 9.42, 9.25, 64396.73, 60038959, 0.84, 1.83, 0.67, 662.56905
2017-11-16, 1, wei_ruo, 12.61, 9.25, -1.07, 9.35, 9.32, 9.40, 9.24, 69969.55, 65220819, 0.92, 1.71, 0.78, 11248.03495
2017-11-17, 1, wei_ruo, 12.52, 8.61, -6.92, 9.25, 9.26, 9.31, 8.47, 168425, 148112404, 2.21, 9.08, 1.90, 956.04277
2017-11-20, 1, wei_ruo, 12.47, 8.63, 0.23, 8.61, 8.60, 8.65, 8.37, 97698.84, 83378335, 1.28, 3.25, 1.00, 619.38691
2017-11-21, 1, wei_ruo, 12.41, 8.52, -1.27, 8.63, 8.64, 8.64, 8.36, 130680.23, 110806180, 1.71, 3.24, 1.39, 662.09292
2017-11-22, 1, wei_ruo, 12.34, 8.50, -0.23, 8.52, 8.50, 8.57, 8.31, 135019.01, 114008283, 1.77, 3.05, 1.27, 2071.38896
2017-11-23, 1, wei_ruo, 12.27, 8.40, -1.18, 8.50, 8.44, 8.57, 8.20, 123176.06, 103736193, 1.62, 4.35, 1.02, 681.36001
2017-11-24, 1, wei_ruo, 12.21, 8.45, 0.60, 8.40, 8.36, 8.45, 8.14, 129136.91, 106601355, 1.69, 3.69, 0.99, 749.27807
2017-11-27, 1, wei_ruo, 12.13, 8.36, -1.07, 8.45, 8.35, 8.41, 8.19, 152979.56, 126773944, 2.01, 2.60, 1.24, 688.81798
2017-11-28, 1, wei_ruo, 12.01, 8.25, -1.32, 8.36, 8.32, 8.43, 8.18, 229181.82, 189960146, 3.01, 2.99, 1.71, 645.30396
2017-11-29, 1, wei_ruo, 11.95, 8.10, -1.82, 8.25, 8.25, 8.27, 7.98, 115461.08, 93376496, 1.51, 3.52, 0.75, 728.20115
2017-11-30, 1, wei_ruo, 11.91, 8.10, 0.00, 8.10, 8.09, 8.15, 8.00, 89796.88, 72536705, 1.18, 1.85, 0.60, 2749.47596
2017-12-01, 1, wei_ruo, 11.83, 8.21, 1.36, 8.10, 8.10, 8.38, 8.05, 153863.9, 126690352, 2.02, 4.07, 1.07, 586.36808
2017-12-04, 1, wei_ruo, 11.76, 8.03, -2.19, 8.21, 8.10, 8.18, 7.95, 145999.71, 118098534, 1.92, 2.80, 0.98, 810.40287
2017-12-05, 1, wei_ruo, 11.65, 7.76, -3.36, 8.03, 7.70, 7.90, 7.64, 212488.57, 165540014, 2.79, 3.24, 1.45, 818.92681
2017-12-06, 1, wei_ruo, 11.61, chrome=1">
		<style>
			body { font-size: 14px; padding: 2% 0 30px; line-height: 1.5; color: #666; font-family: Hiragino Sans GB,  Microsoft YaHei,  SimHei,  Helvetica Neue,  Helvetica,  Arial,  sans-serif; }
			h1,  h2 { font-weight: normal; margin: 10px 0; line-height: 1.2; }
			h1 { font-size: 36px; color: #333; }
			h2 { font-size: 16px; }
			i { display: inline-block; vertical-align: middle; }
			strong { font-weight: normal; }
			.mb30 { margin-bottom: 30px; }
			.tac { text-align: center; }
			.b span { padding: 0 20px; }
			.b .hr { border-left: 1px dashed #ddd; border-right: 1px dashed #ddd; }
			.fl { float: left; display: inline; }
			.auto { margin-left: auto; margin-right: auto; }
			.fr { float: right; }
			.ms { list-style: none; }
			.db { display: block; }
			.m,  .n { display: inline-block; *display: inline; *zoom: 1; vertical-align: top; }
			.n { width: 166px; }
			.n-1 { border-top: 1px solid #4f71f6; border-bottom: 1px solid #4f71f6; height: 6px; margin: 45px 0; position: relative; }
			.n-1 span,  .n-1 i { position: absolute; height: 0; width: 0; }
			.n1-1,  .n1-1 i { border-top: 4px dashed transparent; border-right: 7px dashed transparent; }
			.n1-1 { top: -9px; right: 0; border-left: 7px solid #4f71f6; border-bottom: 4px solid #4f71f6; }
			.n1-1 i { left: -8px; top: -4px; border-left: 7px solid #fff; border-bottom: 4px solid #fff; }
			.n1-2, 768.77713
2017-12-07, 1, wei_ruo, 11.51, 8.19, 4.87, 7.81, 7.79, 8.40, 7.78, 219003.62, 178112872, 2.87, 7.94, 1.61, 528.33509
2017-12-08, 1, wei_ruo, 11.46, 8.31, 1.47, 8.19, 8.09, 8.33, 8.08, 116516.66, 95988054, 1.53, 3.05, 0.72, 646.23594
2017-12-11, 1, wei_ruo, 11.43, 8.28, -0.36, 8.31, 8.31, 8.35, 8.25, 80705.76, 66917776, 1.06, 1.20, 0.52, 2743.14594
2017-12-12, 1, wei_ruo, 11.37, 8.09, -2.29, 8.28, 8.22, 8.29, 8.00, 129563.99, 105345292, 1.70, 3.50, 0.92, 700.35005
2017-12-13, 1, wei_ruo, 11.27, 7.88, -2.60, 8.09, 8.04, 8.10, 7.50, 213472.73, 168316849, 2.80, 7.42, 1.71, 672.48201
2017-12-14, 1, wei_ruo, 11.21, 8.04, 2.03, 7.88, 7.81, 8.08, 7.81, 134093.83, 107333366, 1.76, 3.43, 0.88, 2470.02602
2017-12-15, 1, wei_ruo, 11.16, 8.14, 1.24, 8.04, 8.08, 8.38, 8.04, 121245.81, 99253367, 1.59, 4.23, 0.90, 604.81405
2017-12-18, 1, wei_ruo, 11.13, 8.30, 1.97, 8.14, 8.17, 8.31, 8.08, 97855.97, 80584836, 1.28, 2.83, 0.72, 381.29592
2017-12-19, 1, wei_ruo, 11.11, 8.22, -0.96, 8.30, 8.31, 8.33, 8.19, 56657.52, 46720750, 0.74, 1.69, 0.41, 856.27604
2017-12-20, 1, wei_ruo, 11.07, 7.98, -2.92, 8.22, 8.19, 8.26, 7.91, 79934.01, 64350581, 1.05, 4.26, 0.64, 615.80896
2017-12-21, 1, wei_ruo, 11.04, 7.93, -0.63, 7.98, 7.95, 7.99, 7.72, 75968.06, 59651937, 1.00, 3.38, 0.78, 3569.84401
2017-12-22, 1, wei_ruo, 11.00, 7.86, -0.88, 7.93, 7.85, 7.90, 7.74, 101344.72, 79105797, 1.33, 2.02, 1.17, 641.2251
2017-12-25, 1, wei_ruo, 10.93, 7.85, -0.13, 7.86, 7.83, 7.85, 7.66, 168100.73, 129762894, 2.21, 2.42, 2.04, 573.56501
2017-12-26, 1, wei_ruo, 10.90, 8.05, 2.55, 7.85, 7.82, 8.05, 7.75, 77678.28, 61712986, 1.02, 3.82, 0.81, 447.21413
2017-12-27, 1, wei_ruo, 10.88, 7.95, -1.24, 8.05, 8.00, 8.10, 7.89, 58538.74, 46696220, 0.77, 2.61, 0.58, 996.36102
2017-12-29, 1, wei_ruo, 10.77, 8.24, 0.24, 8.22, 8.21, 8.36, 8.16, 107676.03, 88782201, 1.41, 2.43, 0.89, 617.77401
2018-01-03, 1, wei_ruo, 10.70, 8.25, 0.12, 8.24, 8.28, 8.34, 8.17, 104125.08, 85744504, 1.37, 2.06, 0.96, 573.08197
2018-01-04, 1, wei_ruo, 10.68, 8.24, -0.12, 8.25, 8.25, 8.35, 8.19, 61403.4, 50690218, 0.81, 1.94, 0.54, 641.18814
2018-01-05, 1, wei_ruo, 10.65, 8.17, -0.85, 8.24, 8.24, 8.27, 8.12, 84512.5, 69113133, 1.11, 1.82, 0.74, 631.64997
2018-01-08, 1, wei_ruo, 10.62, 8.07, -1.22, 8.17, 8.15, 8.16, 7.96, 86947.8, 70030500, 1.14, 2.45, 0.77, 602.25511
2018-01-09, 1, wei_ruo, 10.60, 8.04, -0.37, 8.07, 8.09, 8.11, 7.99, 70336.85, 56546250, 0.92, 1.49, 0.79, 747.57218
2018-01-10, 1, wei_ruo, 10.56, 8.07, 0.37, 8.04, 8.05, 8.13, 7.95, 103011.17, 82717998, 1.35, 2.24, 1.26, 2737.37407
2018-01-11, 1, wei_ruo, 10.53, 8.04, -0.37, 8.07, 8.00, 8.09, 7.98, 86159.19, 69231052, 1.13, 1.36, 1.06, 766.47496
2018-01-12, 1, wei_ruo, 10.48, 8.29, 3.11, 8.04, 8.06, 8.30, 8.04, 167180.97, 137098212, 2.19, 3.23, 1.94, 769.90485
2018-01-15, 1, wei_ruo, 10.44, 7.95, -4.10, 8.29, 8.19, 8.20, 7.95, 143436.39, 115522377, 1.88, 3.02, 1.40, 698.56381
2018-01-16, 1, wei_ruo, 10.41, 7.95, 0.00, 7.95, 7.90, 8.06, 7.86, 69870.79, 55693150, 0.92, 2.52, 0.61, 502.80786
2018-01-17, 1, wei_ruo, 10.37, 8.05, 1.26, 7.95, 7.93, 8.08, 7.75, 134255.5, 105630483, 1.76, 4.15, 1.18, 700.04892
2018-01-18, 1, wei_ruo, 10.33, 8.14, 1.12, 8.05, 8.02, 8.38, 8.00, 138014.76, 113285486, 1.81, 4.72, 1.16, 465.92021
2018-01-19, 2, qing_du, 10.31, 8.05, -1.11, 8.14, 8.12, 8.19, 8.01, 84846.5, 68832504, 1.11, 2.21, 0.65, 873.93498
2018-01-22, 2, qing_du, 10.25, 8.29, 2.98, 8.05, 8.00, 8.35, 7.85, 201249.57, 165234277, 2.64, 6.21, 1.76, 549.81089
2018-01-23, 3, zhong_du, 10.18, 8.50, 2.53, 8.29, 8.31, 8.85, 8.23, 306720.94, 261656273, 4.02, 7.48, 2.44, 726.40014
2018-01-24, 3, zhong_du, 10.07, 8.96, 5.41, 8.50, 8.45, 9.11, 8.35, 596125.3, 518355005, 7.82, 8.94, 3.45, 565.66405
2018-01-25, 3, zhong_du, 10.01, 8.77, -2.12, 8.96, 8.84, 9.07, 8.69, 382195.65, 338194312, 5.01, 4.24, 1.44, 2658.86903
2018-01-26, 3, zhong_du, 9.98, 8.64, -1.48, 8.77, 8.73, 8.84, 8.62, 172334.03, 149949966, 2.26, 2.51, 0.55, 675.37808
2018-01-29, 3, zhong_du, 9.95, 8.58, -0.69, 8.64, 8.56, 8.69, 8.43, 151148.34, 129058348, 1.98, 3.01, 0.46, 867.4469
2018-01-30, 3, zhong_du, 9.93, 8.43, -1.75, 8.58, 8.56, 8.61, 8.38, 94861.56, 80374854, 1.24, 2.68, 0.29, 586.78484
2018-01-31, 3, zhong_du, 9.85, 7.89, -6.41, 8.43, 8.05, 8.15, 7.79, 307317.4, 245025087, 4.03, 4.27, 1.10, 566.42199
2018-02-01, 2, qing_du, 9.79, 7.88, -0.13, 7.89, 7.83, 7.95, 7.52, 219526.75, 170865549, 2.88, 5.45, 0.99, 606.40311
2018-02-02, 1, wei_ruo, 9.77, 7.75, -1.65, 7.88, 7.76, 7.95, 7.66, 109856.58, 86257244, 1.44, 3.68, 0.58, 698.77219
2018-02-05, 1, wei_ruo, 9.74, 7.84, 1.16, 7.75, 7.68, 7.93, 7.62, 95507.19, 74656054, 1.25, 4.00, 0.54, 873.45004
2018-02-06, 1, wei_ruo, 9.71, 7.74, -1.28, 7.84, 7.75, 7.90, 7.60, 116903.32, 90505678, 1.53, 3.83, 0.71, 555.16887
2018-02-07, 1, wei_ruo, 9.69, 7.78, 0.52, 7.74, 7.85, 7.90, 7.71, 95848.43, 74655448, 1.26, 2.45, 0.56, 804.88992
2018-02-08, 1, wei_ruo, 9.66, 7.76, -0.26, 7.78, 7.77, 7.88, 7.68, 123346.63, 96260310, 1.62, 2.57, 1.23, 927.87409
2018-02-09, 1, wei_ruo, 9.61, 7.87, 1.42, 7.76, 7.70, 8.01, 7.50, 168731.83, 131169597, 2.21, 6.57, 1.58, 870.00012
2018-02-12, 1, wei_ruo, 9.57, 7.80, -0.89, 7.87, 7.81, 7.93, 7.73, 170243.98, 133094719, 2.23, 2.54, 1.25, 739.34698
2018-02-13, 1, wei_ruo, 9.54, 7.80, 0.00, 7.80, 7.78, 7.90, 7.69, 143981.27, 111843458, 1.89, 2.69, 0.85, 623.66486
2018-02-14, 1, wei_ruo, 9.53, 7.60, -2.56, 7.80, 7.80, 7.82, 7.60, 63325.8, 48722844, 0.83, 2.82, 0.41, 2787.30392
