2016-02-01, 1, wei_ruo, 78.99, 67.60, 0.13, 67.51, 69.00, 70.50, 64.80, 56155.38, 380911001, 3.14, 8.44, 0.65, 2153.90611
2016-02-02, 1, wei_ruo, 78.65, 74.36, 10.00, 67.60, 67.05, 74.36, 67.05, 84475.92, 609333134, 4.73, 10.81, 0.98, 1030.12609
2016-02-03, 1, wei_ruo, 78.58, 78.49, 5.55, 74.36, 73.01, 79.97, 72.90, 81859.11, 619816823, 4.58, 9.51, 0.95, 1098.36292
2016-02-04, 1, wei_ruo, 78.61, 79.45, 1.22, 78.49, 79.00, 80.95, 77.58, 68054.74, 538533726, 3.81, 4.29, 0.79, 3290.35997
2016-02-05, 1, wei_ruo, 78.59, 76.51, -3.70, 79.45, 80.48, 80.60, 75.88, 49804.55, 385303681, 2.79, 5.94, 0.58, 2857.58591
2016-02-15, 1, wei_ruo, 78.61, 81.44, 6.44, 76.51, 74.00, 82.94, 73.56, 68645.36, 541402413, 3.84, 12.26, 0.80, 1423.37108
2016-02-16, 1, wei_ruo, 79.06, 89.50, 9.90, 81.44, 81.43, 89.58, 80.20, 102345.57, 893339365, 5.73, 11.52, 1.19, 1073.8349
2016-02-17, 1, wei_ruo, 79.77, 93.30, 4.25, 89.50, 88.60, 95.70, 86.90, 98067.04, 883014278, 5.49, 9.83, 1.14, 1265.43689
2016-02-18, 1, wei_ruo, 80.20, 91.36, -2.08, 93.30, 91.84, 93.97, 89.50, 65405.45, 598634600, 3.66, 4.79, 0.76, 772.60399
2016-02-19, 2, qing_du, 80.50, 91.56, 0.22, 91.36, 90.00, 94.69, 89.77, 45041.72, 416566271, 2.52, 5.39, 0.66, 538.79285
2016-02-22, 2, qing_du, 80.50, 92.12, 1.79, 90.50, 92.04, 93.06, 88.18, 56104.75, 511935307, 3.14, 5.39, 0.71, 778.86796
2016-02-23, 2, qing_du, 80.55, 93.38, 1.37, 92.12, 91.77, 98.30, 91.58, 76978.02, 730781834, 4.31, 7.29, 1.01, 991.90307
2016-02-24, 2, qing_du, 81.02, 85.41, -8.54, 93.38, 92.30, 92.30, 84.04, 124327.42, 1073808568, 6.96, 8.85, 1.75, 1848.526
2016-02-25, 2, qing_du, 80.99,  time: 2016-02-26 05:20:03</center>
<div style="display:none;"><script charset="utf-8" src="//static.jiasule.com/static/js/http_error.js"></script></div>
</body>
</html>
<!-- a padding to disable MSIE and Chrome friendly error page -->
<!-- a padding to disable MSIE and Chrome friendly error page -->
<!-- a padding to disable MSIE and Chrome friendly error page -->
<!-- a padding to disable MSIE and Chrome friendly error page -->

, , , , , , , , , , , 32649.69182
2016-02-29, 1, wei_ruo, 80.54, 78.10, 0.90, 77.40, 79.50, 80.79, 72.40, 142409.21, 1077115327, 7.89, 10.84, 1.52, 2952.87085
2016-03-01, 1, wei_ruo, 80.33, 77.84, -0.33, 78.10, 76.00, 81.50, 72.41, 117550.67, 899117445, 6.51, 11.64, 1.06, 5779.41585
2016-03-02, 1, wei_ruo, 80.23, 80.68, 3.65, 77.84, 78.35, 81.20, 75.21, 134448.11, 1054576008, 7.45, 7.70, 1.13, 518.98408
2016-03-03, 1, wei_ruo, 80.18, 77.64, -3.77, 80.68, 79.73, 83.30, 77.61, 124389.36, 1002879337, 6.89, 7.05, 1.03, 962.91113
2016-03-10, 1, wei_ruo, 79.61, 69.88, -9.99, 77.64, 74.00, 75.60, 69.88, 123318.05, 889278140, 6.83, 7.37, 1.00, 16012.72202
2016-03-11, 1, wei_ruo, 79.21, 70.58, 1.00, 69.88, 68.50, 72.33, 68.40, 78306.75, 555441381, 4.34, 5.62, 0.61, 673.50698
2016-03-14, 1, wei_ruo, 78.95, 74.70, 5.84, 70.58, 71.99, 76.60, 71.30, 93253.96, 696461355, 5.17, 7.51, 0.81, 1676.65792
2016-03-15, 1, wei_ruo, 78.83, 75.81, 1.49, 74.70, 74.33, 79.45, 74.01, 88201.26, 684837185, 4.89, 7.28, 0.80, 1673.95806
2016-03-16, 1, wei_ruo, 78.68, 73.85, -2.59, 75.81, 77.00, 78.00, 72.30, 63077.44, 473377268, 3.49, 7.52, 0.62, 2497.07603
2016-03-17, 1, wei_ruo, 78.69, 81.24, 10.01, 73.85, 74.33, 81.24, 74.00, 66924.79, 531637597, 3.71, 9.80, 0.75, 772.80903
2016-03-18, 1, wei_ruo, 79.43, 89.36, 10.00, 81.24, 88.00, 89.36, 86.31, 139210.42, 1234957280, 7.71, 3.75, 1.79, 468.47296
2016-03-21, 2, qing_du, 80.56, 92.30, 3.29, 89.36, 91.00, 93.30, 88.80, 168851.21, 1532212857, 9.35, 5.04, 1.87, 630.69105
2016-03-22, 3, zhong_du, 81.08, 89.50, -3.03, 92.30, 89.82, 91.77, 88.25, 100667.06, 906609533, 5.58, 3.81, 0.96, 2166.17107
2016-03-23, 3, zhong_du, 81.68, 92.40, 3.24, 89.50, 88.94, 92.50, 88.40, 109459.78, 991101531, 6.06, 4.58, 1.02, 520.08605
2016-03-24, 3, zhong_du, 82.28, 88.80, -3.90, 92.40, 90.00, 95.80, 88.66, 114142.49, 1038641562, 6.32, 7.73, 0.98, 721.82894
2016-03-25, 3, zhong_du, 82.62, 88.98, 0.20, 88.80, 88.01, 91.80, 86.66, 89066.35, 796929568, 4.93, 5.79, 0.70, 483.04486
2016-03-28, 3, zhong_du, 82.91, 88.99, 0.01, 88.98, 90.03, 91.87, 87.61, 76440.95, 682884564, 4.24, 4.79, 0.66, 1086.02905
2016-03-29, 3, zhong_du, 83.03, 85.87, -3.51, 88.99, 88.00, 88.97, 83.91, 66047.5, 568450252, 3.66, 5.69, 0.67, 2489.55798
2016-03-30, 3, zhong_du, 83.33, 90.36, 5.23, 85.87, 87.30, 90.84, 85.00, 93350.75, 823309250, 5.17, 6.80, 1.03, 1142.59481
2016-03-31, 3, zhong_du, 83.79, 88.70, -1.84, 90.36, 90.88, 94.98, 88.30, 113562.38, 1033187098, 6.29, 7.39, 1.29, 2919.68489
2016-04-01, 3, zhong_du, 83.89, 86.00, -3.04, 88.70, 87.40, 87.84, 83.90, 85524.34, 732163195, 4.74, 4.44, 0.98, 2878.649
2016-04-05, 3, zhong_du, 84.11, 89.65, 4.24, 86.00, 86.00, 90.00, 84.36, 95177.84, 829353603, 5.27, 6.56, 1.09, 1250.65184
2016-04-06, 3, zhong_du, 84.25, 87.50, -2.40, 89.65, 88.10, 89.18, 86.50, 72339.65, 634112174, 4.01, 2.99, 0.80, 2363.47604
2016-04-07, 3, zhong_du, 84.30, 83.90, -4.11, 87.50, 87.61, 88.19, 83.90, 80738.17, 689534553, 4.47, 4.90, 0.88, 843.40596
2016-04-08, 3, zhong_du, 84.19, 81.20, -3.22, 83.90, 82.03, 83.49, 79.88, 73431.77, 598852973, 4.07, 4.30, 0.82, 510.26702
2016-04-11, 3, zhong_du, 84.17, 82.93, 2.13, 81.20, 83.06, 86.00, 82.50, 73744.38, 622219329, 4.09, 4.31, 0.91, 2545.20392
2016-04-12, 2, qing_du, 84.07, 80.95, -2.39, 82.93, 82.31, 82.70, 79.78, 57270.07, 463469789, 3.17, 3.52, 0.72, 587.13007
2016-04-13, 2, qing_du, 84.26, 89.05, 10.01, 80.95, 82.03, 89.05, 82.03, 130210.59, 1134559774, 7.21, 8.67, 1.82, 553.03311
2016-04-14, 3, zhong_du, 84.74, 90.80, 1.97, 89.05, 90.87, 91.96, 88.01, 142924.6, 1284865616, 7.92, 4.44, 1.72, 2752.42591
2016-04-15, 3, zhong_du, 84.97, 89.92, -0.97, 90.80, 89.50, 91.31, 88.43, 82757.9, 741107827, 4.58, 3.17, 0.87, 9154.51908
2016-04-18, 4, gao_du, 85.32, 91.40, 1.65, 89.92, 90.91, 93.50, 88.55, 100781.59, 915596631, 5.58, 5.50, 1.03, 2895.10202
2016-04-19, 4, gao_du, 85.49, 88.00, -3.72, 91.40, 91.50, 91.50, 87.00, 85769.39, 760119563, 4.75, 4.92, 0.83, 2563.71617
2016-04-20, 4, gao_du, 85.37, 81.34, -7.57, 88.00, 88.80, 88.98, 80.18, 103583.34, 865985949, 5.74, 10.00, 0.95, 920.19916
2016-04-21, 3, zhong_du, 85.25, 82.44, 1.35, 81.34, 80.30, 84.99, 80.30, 78674.87, 653406241, 4.36, 5.77, 0.76, 779.85883
2016-04-22, 3, zhong_du, 85.34, 86.00, 4.32, 82.44, 83.89, 90.68, 83.00, 129463.66, 1131563112, 7.17, 9.32, 1.43, 1571.55395
2016-04-25, 3, zhong_du, 85.27, 84.55, -1.69, 86.00, 84.65, 85.10, 80.50, 65990.03, 549191168, 3.66, 5.35, 0.66, 3522.09187
2016-04-26, 3, zhong_du, 85.36, 87.58, 3.58, 84.55, 84.08, 89.80, 83.68, 85230.25, 744029223, 4.72, 7.24, 0.92, 4484.92694
2016-04-27, 3, zhong_du, 85.46, 87.89, 0.35, 87.58, 87.01, 89.68, 85.78, 75895.18, 667241023, 4.20, 4.45, 0.82, 1349.9651
2016-04-28, 4, gao_du, 85.50, 87.35, -0.61, 87.89, 88.30, 88.66, 84.00, 65538.9, 565741629, 3.63, 5.30, 0.75, 2686.28693
2016-04-29, 4, gao_du, 85.70, 88.94, 1.82, 87.35, 86.50, 93.62, 86.04, 87090.1, 784884041, 4.82, 8.68, 1.03, 1222.05901
2016-05-03, 4, gao_du, 86.28, 97.83, 10.00, 88.94, 89.32, 97.83, 89.32, 114272.32, 1086376157, 6.33, 9.57, 1.50, 430.57394
2016-05-04, 5, qiang_lie, 87.33, 98.41, 0.59, 97.83, 100.50, 101.08, 97.62, 147564.71, 1464319521, 8.18, 3.54, 1.72, 537.07099
2016-05-05, 5, qiang_lie, 88.08, 100.81, 2.44, 98.41, 98.50, 102.33, 96.60, 107289.95, 1069706342, 5.94, 5.82, 1.09, 2565.67097
2016-05-06, 5, qiang_lie, 88.64, 93.00, -7.75, 100.81, 100.06, 101.11, 93.00, 134143.89, 1307377219, 7.43, 8.04, 1.29, 4217.23509
2016-06-06, 5, qiang_lie, 39.50, 43.47, 6.00, 41.01, 44.50, 44.50, 41.05, 421546.87, 1806294441, 10.44, 8.41, 3.57, 805.63593
2016-06-07, 4, gao_du, 39.66, 42.33, -2.62, 43.47, 42.71, 42.85, 41.51, 234588.89, 988451266, 5.81, 3.08, 1.99, 4295.89415
2016-06-08, 3, zhong_du, 39.78, 42.00, -0.78, 42.33, 41.95, 43.22, 41.66, 180421.11, 762809176, 4.47, 3.69, 1.53, 19946.20395
2016-06-13, 3, zhong_du, 39.72, 37.80, -10.00, 42.00, 40.50, 40.94, 37.80, 262676.98, 1026253430, 6.50, 7.48, 2.22, 12766.49499
2016-06-14, 3, zhong_du, 39.51, 36.00, -4.76, 37.80, 36.89, 37.00, 35.30, 225071.47, 810962829, 5.57, 4.50, 1.91, 20641.44397
2016-06-15, 2, qing_du, 39.38, 37.16, 3.22, 36.00, 35.61, 38.06, 35.57, 206461.96, 765642944, 5.11, 6.92, 1.75, 20778.70917
2016-06-16, 1, wei_ruo, 39.24, 36.30, -2.31, 37.16, 36.87, 37.36, 35.90, 194666.51, 709078711, 4.82, 3.93, 1.65, 21365.10205
2016-06-17, 1, wei_ruo, 39.15, 37.58, 3.53, 36.30, 36.60, 38.70, 36.39, 233546.86, 879596300, 5.78, 6.36, 1.98, 21831.66194
2016-06-20, 1, wei_ruo, 39.05, 36.91, -1.78, 37.58, 37.37, 37.77, 36.01, 170392.08, 624666581, 4.22, 4.68, 1.44, 5187.48617
2016-06-21, 1, wei_ruo, 38.96, 36.12, -2.14, 36.91, 37.29, 37.88, 35.95, 149141.58, 550103494, 3.69, 5.23, 1.26, 768.54491
2016-06-22, 1, wei_ruo, 38.90, 36.73, 1.69, 36.12, 35.75, 36.89, 35.53, 102217.8, 369888671, 2.53, 3.77, 0.87, 4459.6982
2016-06-23, 1, wei_ruo, 38.82, 36.18, -1.50, 36.73, 36.47, 36.50, 35.80, 117574.08, 424883939, 2.91, 1.91, 1.00, 2789.2859
2016-06-24, 1, wei_ruo, 38.66, 35.17, -2.79, 36.18, 36.10, 36.93, 33.33, 172675.66, 611804193, 4.28, 9.95, 1.46, 789.29782
2016-06-27, 1, wei_ruo, 38.56, 36.09, 2.62, 35.17, 34.72, 36.29, 34.45, 127109.86, 452180252, 3.15, 5.23, 1.08, 756.89101
2016-06-28, 1, wei_ruo, 38.48, 37.34, 3.46, 36.09, 36.08, 37.80, 35.84, 209420.72, 778196687, 5.19, 5.43, 1.77, 774.63508
2016-06-30, 1, wei_ruo, 38.40, 37.96, 2.90, 36.89, 36.80, 38.70, 36.80, 215641.6, 817585904, 5.34, 5.15, 1.83, 1420.17603
2016-07-01, 1, wei_ruo, 38.37, 37.20, -2.00, 37.96, 37.98, 38.18, 36.85, 140518.69, 525633375, 3.48, 3.50, 1.19, 580.25789
2016-07-04, 1, wei_ruo, 38.31, 37.20, 0.00, 37.20, 36.50, 37.47, 36.41, 162428.34, 600970874, 4.02, 2.85, 1.38, 1209.56802
2016-07-05, 1, wei_ruo, 38.32, 37.95, 2.02, 37.20, 38.90, 39.59, 37.80, 250166.48, 961925189, 6.19, 4.81, 2.12, 508.64196
2016-07-06, 1, wei_ruo, 38.30, 37.54, -1.08, 37.95, 37.95, 38.50, 37.22, 151434.26, 570021529, 3.75, 3.37, 1.28, 19088.47213
2016-07-07, 1, wei_ruo, 38.26, 37.12, -1.12, 37.54, 37.46, 37.70, 36.61, 127061.86, 470747003, 3.15, 2.90, 1.08, 1748.14582
2016-07-08, 1, wei_ruo, 38.23, 37.41, 0.78, 37.12, 36.80, 38.08, 36.78, 145863.85, 549381078, 3.61, 3.50, 1.24, 20291.40806
2016-07-11, 1, wei_ruo, 38.25, 37.79, 1.02, 37.41, 38.20, 40.20, 37.69, 268074.31, 1044427538, 6.64, 6.71, 2.27, 2534.73091
2016-07-12, 1, wei_ruo, 38.22, 37.97, 0.48, 37.79, 37.98, 38.00, 36.50, 155132.83, 575965745, 3.84, 3.97, 1.31, 26143.91613
2016-07-13, 1, wei_ruo, 38.33, 39.96, 5.24, 37.97, 38.00, 41.00, 37.62, 339062.33, 1339378499, 8.40, 8.90, 2.87, 749.37916
2016-07-14, 1, wei_ruo, 38.44, 40.00, 0.10, 39.96, 39.90, 40.96, 39.21, 249471.72, 1000198628, 6.18, 4.38, 2.11, 2871.75798
2016-07-15, 2, qing_du, 38.47, 39.30, -1.75, 40.00, 39.70, 40.04, 39.00, 137156.4, 541180618, 3.40, 2.60, 1.16, 674.45517
2016-07-18, 2, qing_du, 38.54, 39.72, 1.07, 39.30, 39.02, 41.30, 38.52, 204324.67, 815936675, 5.06, 7.07, 1.73, 21738.51585
2016-07-19, 2, qing_du, 38.59, 40.25, 1.33, 39.72, 39.62, 40.30, 38.65, 166181.23, 654837737, 4.11, 4.15, 1.41, 502.98595
2016-07-20, 2, qing_du, 38.59, 39.55, -1.74, 40.25, 40.12, 40.56, 39.49, 130760.19, 523558609, 3.24, 2.66, 1.12, 692.65819
2016-07-21, 2, qing_du, 38.65, 39.09, -1.14, 39.54, 39.70, 39.87, 39.00, 104801.72, 413176551, 2.59, 2.20, 0.89, 2789.38079
2016-07-22, 2, qing_du, 38.66, 38.86, -0.59, 39.09, 39.00, 39.30, 38.51, 84004.18, 326741608, 2.08, 2.02, 0.71, 692.40403
2016-07-25, 1, wei_ruo, 38.66, 38.55, -0.80, 38.86, 38.88, 39.37, 38.38, 79288.97, 307638323, 1.96, 2.55, 0.67, 18422.62101
2016-07-26, 1, wei_ruo, 38.67, 39.27, 1.87, 38.55, 38.55, 39.32, 38.40, 97729.19, 379935647, 2.42, 2.39, 0.83, 1265.42497
2016-07-27, 1, wei_ruo, 38.57, 35.70, -9.09, 39.27, 39.30, 39.38, 35.40, 209470.43, 778262364, 5.19, 10.13, 1.77, 2590.36994
2016-07-28, 1, wei_ruo, 38.45, 34.96, -2.07, 35.70, 35.61, 35.95, 34.21, 135388.69, 475155822, 3.35, 4.87, 1.15, 2686.99288
2016-07-29, 1, wei_ruo, 38.34, 34.08, -2.52, 34.96, 34.96, 35.23, 33.50, 111505.1, 382728463, 2.76, 4.95, 0.94, 14299.73984
2016-08-01, 1, wei_ruo, 38.22, 34.69, 1.79, 34.08, 33.57, 35.29, 32.70, 118352.48, 403077431, 2.93, 7.60, 1.00, 19452.2028
2016-08-02, 1, wei_ruo, 38.13, 34.37, -0.92, 34.69, 34.60, 34.86, 33.75, 89563.29, 306954307, 2.22, 3.20, 0.76, 29309.16381
2016-08-03, 1, wei_ruo, 38.08, 34.40, 0.09, 34.37, 34.35, 34.44, 34.00, 49135.6, 168295079, 1.22, 1.28, 0.41, 14184.12781
2016-08-04, 1, wei_ruo, 38.01, 34.31, -0.26, 34.40, 34.22, 34.53, 33.86, 75885.42, 259594786, 1.88, 1.95, 0.72, 14256.82402
2016-08-05, 1, wei_ruo, 37.91, 33.29, -2.97, 34.31, 34.32, 34.40, 33.11, 91710.87, 308754548, 2.27, 3.76, 1.01, 3075.59514
2016-08-08, 1, wei_ruo, 37.84, 33.60, 0.93, 33.29, 33.05, 33.60, 32.76, 63015.9, 209288610, 1.56, 2.52, 0.72, 12640.99789
2016-08-09, 1, wei_ruo, 37.75, 35.79, 6.52, 33.60, 33.51, 35.80, 33.50, 135806.19, 470014799, 3.36, 6.85, 1.84, 2657.58991
2016-08-10, 1, wei_ruo, 37.67, 35.81, 0.06, 35.79, 35.80, 36.88, 35.80, 189583.28, 691793726, 4.69, 3.02, 2.28, 12717.80491
2016-08-11, 1, wei_ruo, 37.62, 35.09, -2.01, 35.81, 35.81, 35.84, 34.84, 78238.03, 275653938, 1.94, 2.79, 0.70, 526.83806
2016-08-15, 1, wei_ruo, 37.55, 37.95, 7.78, 35.21, 35.36, 38.35, 34.60, 193435.24, 710775145, 4.79, 10.65, 1.84, 759.24587
2016-08-16, 1, wei_ruo, 37.55, 37.18, -1.98, 37.93, 37.73, 38.17, 37.10, 122912.24, 462036067, 3.04, 2.82, 0.93, 885.51092
2016-08-17, 1, wei_ruo, 37.54, 37.01, -0.46, 37.18, 37.23, 37.57, 36.79, 74194.18, 275271168, 1.84, 2.10, 0.57, 14628.01194
2016-08-18, 2, qing_du, 37.53, 36.64, -1.00, 37.01, 37.31, 37.52, 36.58, 75485.35, 279516569, 1.87, 2.54, 0.70, 25519.77515
2016-08-19, 2, qing_du, 37.52, 36.77, 0.35, 36.64, 36.68, 37.24, 36.16, 71352.86, 261362214, 1.77, 2.95, 0.67, 754.64797
2016-08-22, 1, wei_ruo, 37.49, 35.36, -3.83, 36.77, 36.68, 37.00, 35.36, 63738.38, 230976576, 1.58, 4.46, 0.59, 750.12088
2016-08-23, 1, wei_ruo, 37.46, 35.66, 0.85, 35.36, 35.36, 36.21, 35.10, 62008.88, 220939123, 1.54, 3.14, 0.76, 665.92407
2016-08-24, 1, wei_ruo, 37.44, 36.46, 2.24, 35.66, 35.78, 36.90, 35.70, 81615.16, 296451510, 2.02, 3.37, 1.19, 639.889
2016-08-25, 1, wei_ruo, 37.42, 36.80, 0.93, 36.46, 36.30, 37.30, 35.63, 108592.38, 396026036, 2.66, 4.58, 1.53, 2481.63986
2016-08-26, 1, wei_ruo, 37.40, 36.14, -1.79, 36.80, 37.03, 37.03, 36.08, 69614.37, 254140517, 1.71, 2.58, 0.90, 467.63396
2016-08-29, 1, wei_ruo, 37.38, 36.12, -0.06, 36.14, 36.23, 36.85, 35.79, 65294.94, 237008252, 1.60, 2.93, 0.84, 2324.66698
2016-08-30, 1, wei_ruo, 37.36, 36.80, 1.88, 36.12, 36.04, 37.25, 36.04, 100539.11, 370875529, 2.47, 3.35, 1.29, 2515.94019
2016-08-31, 1, wei_ruo, 37.36, 36.50, -0.82, 36.80, 36.67, 36.85, 36.05, 53490.67, 195009819, 1.31, 2.17, 0.63, 773.22698
2016-09-01, 1, wei_ruo, 37.34, 36.11, -1.07, 36.50, 36.55, 36.69, 36.09, 42592.79, 154547146, 1.04, 1.64, 0.54, 866.88709
2016-09-02, 1, wei_ruo, 37.34, 35.55, -1.55, 36.11, 35.81, 36.15, 35.20, 49758.22, 177474588, 1.22, 2.63, 0.63, 7621.768
2016-09-05, 1, wei_ruo, 37.34, 36.24, -1.52, 36.80, 36.67, 36.85, 36.05, 22596.17, 82390725, 0.55, 2.17, 1.48, 1788.86104
2016-09-06, 1, wei_ruo, 37.34, 36.98, 2.78, 35.98, 36.01, 37.15, 35.41, 94207.7, 343751093, 2.31, 4.84, 1.18, 3321.09714
2016-09-07, 1, wei_ruo, 37.34, 36.46, -1.41, 36.98, 37.28, 37.95, 36.40, 96283.68, 357109958, 2.36, 4.19, 1.21, 1076.47085
2016-09-08, 1, wei_ruo, 37.34, 36.24, -0.60, 36.46, 36.30, 36.47, 35.91, 55676.87, 201411137, 1.37, 1.54, 0.70, 18735.43787
2016-09-09, 2, qing_du, 37.34, 36.24, -1.52, 36.80, 36.67, 36.85, 36.05, 22596.17, 82390725, 0.55, 2.17, 1.48, 2737.1769
2016-09-12, 1, wei_ruo, 37.34, 33.35, -6.06, 35.50, 34.73, 34.95, 33.33, 92036.96, 315507005, 2.26, 4.56, 1.16, 2526.58701
2016-09-13, 1, wei_ruo, 37.34, 33.72, 1.11, 33.35, 33.67, 34.30, 33.40, 66274.67, 224109136, 1.63, 2.70, 0.83, 515.90896
2016-09-14, 1, wei_ruo, 37.34, 33.76, 0.12, 33.72, 33.70, 34.22, 33.46, 36821.25, 124557448, 0.90, 2.25, 0.46, 663.12885
2016-09-19, 1, wei_ruo, 37.34, 33.97, 0.62, 33.76, 33.83, 34.35, 33.83, 32207.47, 109803963, 0.79, 1.54, 0.41, 699.77379
2016-09-20, 1, wei_ruo, 37.34, 34.04, 0.24, 33.96, 34.02, 34.13, 33.79, 25788.63, 87527585, 0.63, 1.00, 0.32, 3701.17617
2016-09-21, 1, wei_ruo, 37.34, 34.20, 0.47, 34.04, 33.92, 34.47, 33.92, 30083.08, 102902625, 0.74, 1.62, 0.38, 455.81412
2016-09-22, 1, wei_ruo, 37.34, 34.20, 0.00, 34.20, 34.38, 34.54, 34.16, 41727.54, 143111875, 1.02, 1.11, 0.52, 524.10293
2016-09-23, 1, wei_ruo, 37.34, 33.77, -1.26, 34.20, 34.15, 34.37, 33.70, 38951.84, 132361767, 0.96, 1.96, 0.49, 5229.30622
2016-09-26, 1, wei_ruo, 37.34, 33.52, -0.74, 33.77, 33.69, 33.98, 33.38, 38996.51, 131372403, 0.96, 1.78, 0.49, 716.43806
2016-09-27, 1, wei_ruo, 37.34, 34.31, 2.36, 33.52, 33.55, 34.33, 33.31, 48307.55, 162864509, 1.18, 3.04, 0.61, 664.23178
2016-09-28, 1, wei_ruo, 37.34, 33.87, -1.28, 34.31, 34.09, 34.20, 33.78, 25000.36, 84888265, 0.61, 1.22, 0.31, 614.04991
2016-09-29, 1, wei_ruo, 37.34, 33.62, -0.74, 33.87, 33.81, 34.06, 33.61, 29563.85, 99875686, 0.72, 1.33, 0.37, 8130.58186
2016-09-30, 1, wei_ruo, 37.34, 33.71, 0.27, 33.62, 33.60, 33.88, 33.60, 19202.63, 64809469, 0.47, 0.83, 0.24, 693.15314
2016-10-10, 1, wei_ruo, 37.34, 35.40, 5.01, 33.71, 33.90, 35.58, 33.90, 82025.89, 286748865, 2.01, 4.98, 1.03, 2591.187
2016-10-11, 1, wei_ruo, 37.34, 35.28, -0.34, 35.40, 35.30, 35.56, 34.90, 48843.18, 171902937, 1.20, 1.86, 0.61, 813.58099
2016-10-12, 1, wei_ruo, 37.34, 34.71, -1.62, 35.28, 35.05, 35.10, 34.57, 57155.26, 198609061, 1.40, 1.50, 0.72, 442.57092
2016-10-13, 1, wei_ruo, 37.34, 34.84, 0.37, 34.71, 34.67, 35.06, 34.58, 40500.89, 141079139, 0.99, 1.38, 0.51, 17018.83483
2016-10-14, 1, wei_ruo, 36.71, 34.49, -1.00, 34.84, 34.60, 34.81, 34.26, 38599.48, 132983122, 0.95, 1.58, 0.49, 516.26587
2016-10-17, 1, wei_ruo, 36.67, 34.12, -1.07, 34.49, 34.23, 34.57, 33.88, 38886.39, 132521248, 0.95, 2.00, 0.98, 2602.02789
2016-10-18, 1, wei_ruo, 36.62, 34.13, 0.95, 33.81, 33.70, 34.14, 33.56, 60535.66, 205194944, 1.48, 1.72, 0.76, 4796.95892
2016-10-19, 1, wei_ruo, 36.58, , , , , , , , , , , , 2150.599
2016-10-20, 1, wei_ruo, 36.55, 34.22, 0.94, 33.90, 33.91, 34.40, 33.91, 50781.26, 173350439, 1.25, 1.45, 0.74, 727.27299
2016-10-21, 1, wei_ruo, 36.52, 33.70, -1.52, 34.22, 34.21, 34.21, 33.52, 55208.45, 186655682, 1.35, 2.02, 0.84, 4139.77814
2016-10-24, 1, wei_ruo, 36.49, 34.07, 1.10, 33.70, 33.85, 34.45, 33.61, 52127.3, 177503914, 1.28, 2.49, 0.93, 651.70383
2016-10-25, 1, wei_ruo, 36.46, 34.40, 0.97, 34.07, 34.12, 34.66, 34.00, 57787.07, 198640208, 1.42, 1.94, 1.02, 6109.51805
2016-10-26, 1, wei_ruo, 36.42, 33.79, -1.77, 34.40, 34.39, 34.39, 33.57, 63517.12, 214570280, 1.56, 2.38, 1.12, 519.92297
2016-10-27, 1, wei_ruo, 36.39, 33.74, -0.15, 33.79, 33.88, 33.99, 33.60, 43821.21, 147760699, 1.07, 1.15, 0.78, 706.84791
2016-10-28, 1, wei_ruo, 36.35, 33.31, -1.36, 33.77, 33.91, 33.97, 33.01, 55250.2, 185659569, 1.35, 2.84, 0.98, 2633.75998
2016-10-31, 1, wei_ruo, 36.30, 32.99, -0.96, 33.31, 33.18, 33.25, 32.50, 60295.78, 197791366, 1.48, 2.25, 1.07, 613.92188
2016-11-01, 1, wei_ruo, 36.26, 33.14, 0.45, 32.99, 32.84, 33.27, 32.84, 47735.47, 157770106, 1.17, 1.30, 0.84, 541.58592
2016-11-02, 1, wei_ruo, 36.22, 33.10, -0.12, 33.14, 33.01, 33.35, 32.98, 48246.97, 160105055, 1.18, 1.12, 0.86, 516.86597
2016-11-03, 1, wei_ruo, 36.18, 33.46, 1.09, 33.10, 33.15, 33.76, 32.83, 57216.7, 190570762, 1.40, 2.81, 1.01, 566.746
2016-11-04, 1, wei_ruo, 36.15, 33.16, -0.90, 33.46, 33.38, 33.95, 33.12, 49424.88, 165550982, 1.21, 2.48, 0.88, 665.30204
2016-11-07, 1, wei_ruo, 36.10, 32.52, -2.05, 33.20, 33.00, 33.20, 32.52, 56226.63, 184193723, 1.38, 2.05, 0.99, 701.35498
2016-11-08, 1, wei_ruo, 36.07, 32.86, 1.05, 32.52, 32.70, 33.22, 32.67, 39893.47, 131413672, 0.98, 1.69, 0.71, 684.75008
2016-11-09, 1, wei_ruo, 36.01, 32.01, -2.62, 32.87, 32.90, 32.99, 31.51, 66708.05, 215314131, 1.63, 4.50, 1.18, 1148.81492
2016-11-10, 1, wei_ruo, 35.96, 32.20, 0.59, 32.01, 32.38, 32.53, 32.10, 50760.88, 163699661, 1.24, 1.34, 0.91, 2750.37718
2016-11-11, 1, wei_ruo, 35.87, 32.02, -0.50, 32.18, 32.33, 32.33, 31.42, 86850.38, 275594267, 2.12, 2.83, 1.54, 977.06103
2016-11-14, 1, wei_ruo, 35.80, 32.45, 1.34, 32.02, 32.08, 33.07, 32.00, 85059.7, 277236685, 2.08, 3.34, 1.52, 432.0159
2016-11-15, 1, wei_ruo, 35.74, 32.85, 1.23, 32.45, 32.40, 32.90, 32.01, 81948.16, 266023243, 2.00, 2.74, 1.46, 636.43003
2016-11-16, 1, wei_ruo, 35.66, 32.12, -1.02, 32.45, 32.40, 32.40, 32.01, 29278.94, 94122646, 0.72, 1.20, 1.04, 443.13407
2016-11-17, 1, wei_ruo, 35.61, 33.78, 2.80, 32.86, 33.12, 34.37, 33.12, 119814.56, 406676427, 2.93, 3.80, 4.24, 518.713
2016-11-18, 1, wei_ruo, 35.58, 33.78, 2.80, 32.86, 33.12, 34.37, 33.12, 119814.56, 406676427, 2.93, 3.80, 4.24, 1029.30903
2016-11-21, 1, wei_ruo, 35.55, 32.25, -0.95, 32.56, 32.57, 32.73, 32.16, 44597.15, 144226493, 1.09, 1.75, 0.79, 501.64294
2016-11-22, 1, wei_ruo, 35.50, 32.72, 1.46, 32.25, 32.27, 32.77, 32.08, 65605.94, 212187731, 1.61, 2.14, 1.16, 823.32778
2016-11-23, 1, wei_ruo, 35.43, 32.48, -0.73, 32.72, 32.82, 33.30, 32.29, 106778.54, 350677079, 2.61, 3.09, 1.90, 642.41099
2016-11-24, 1, wei_ruo, 35.37, 31.97, -1.57, 32.48, 32.30, 32.68, 31.80, 63529.78, 204815808, 1.55, 2.71, 1.13, 543.26105
2016-11-25, 1, wei_ruo, 35.32, 32.60, 2.00, 31.96, 31.80, 32.66, 31.78, 68997.47, 222451306, 1.69, 2.75, 1.22, 592.46302
2016-11-28, 1, wei_ruo, 35.28, 32.23, -1.13, 32.60, 32.70, 32.73, 32.11, 61155.87, 197389012, 1.50, 1.90, 1.09, 497.43605
2016-11-29, 1, wei_ruo, 35.23, 32.28, 0.12, 32.24, 32.20, 32.63, 32.03, 70099.47, 226888623, 1.72, 1.86, 1.24, 368.98112
2016-11-30, 1, wei_ruo, 35.17, 32.50, 0.68, 32.28, 32.17, 32.92, 32.10, 81160.67, 264384430, 1.99, 2.54, 1.45, 456.56085
2016-12-01, 1, wei_ruo, 35.13, 32.07, -1.32, 32.50, 32.40, 32.60, 32.00, 60922.27, 195930707, 1.49, 1.85, 1.08, 594.15197
2016-12-02, 1, wei_ruo, 35.09, 31.58, -1.53, 32.07, 32.10, 32.28, 31.58, 52896.04, 168776439, 1.29, 2.18, 0.94, 1059.45587
2016-12-05, 1, wei_ruo, 35.05, 31.61, 0.09, 31.58, 31.50, 32.11, 31.50, 41773.7, 133038739, 1.02, 1.93, 0.75, 653.13101
2016-12-06, 1, wei_ruo, 35.02, 31.44, -0.57, 31.62, 31.80, 31.93, 31.39, 37293.55, 117894994, 0.91, 1.71, 0.66, 700.20604
2016-12-07, 1, wei_ruo, 34.98, 32.04, 1.91, 31.44, 31.40, 32.18, 31.35, 49539.87, 157846901, 1.21, 2.64, 0.89, 484.64799
2016-12-08, 1, wei_ruo, 34.96, 31.96, -0.25, 32.04, 32.23, 32.23, 31.80, 23328.35, 74521914, 0.57, 1.34, 0.41, 481.97198
2016-12-09, 1, wei_ruo, 34.92, 31.20, -2.38, 31.96, 31.90, 32.10, 31.15, 53196.44, 167318483, 1.30, 2.97, 0.94, 589.26105
2016-12-12, 1, wei_ruo, 34.76, 28.08, -10.00, 31.20, 31.09, 31.09, 28.08, 110645.84, 325328323, 2.71, 9.65, 1.96, 552.7451
2016-12-13, 1, wei_ruo, 34.65, 28.05, -0.11, 28.08, 27.90, 28.51, 27.61, 65800.02, 184652819, 1.61, 3.21, 1.16, 723.26207
2016-12-14, 1, wei_ruo, 34.56, 27.59, -1.64, 28.05, 27.91, 28.23, 27.06, 53657.35, 148074327, 1.31, 4.17, 0.95, 1467.53502
2016-12-15, 1, wei_ruo, 34.46, 28.08, 1.78, 27.59, 27.28, 28.16, 27.27, 64350.54, 179210022, 1.57, 3.23, 1.14, 523.37694
2016-12-16, 1, wei_ruo, 34.35, 28.58, 1.78, 28.08, 28.00, 28.79, 27.44, 68084.36, 191497479, 1.67, 4.81, 1.20, 497.02907
2016-12-19, 1, wei_ruo, 34.29, 27.69, -3.11, 28.58, 28.53, 28.53, 27.58, 42224.02, 117671198, 1.03, 3.32, 0.75, 681.05412
2016-12-20, 1, wei_ruo, 34.24, 27.70, 0.04, 27.69, 27.75, 27.94, 27.59, 29569.87, 81963587, 0.72, 1.26, 0.52, 1835.20484
2016-12-21, 1, wei_ruo, 34.19, 27.83, 0.47, 27.70, 27.76, 28.10, 27.70, 29798.31, 83114625, 0.73, 1.44, 0.53, 513.74698
2016-12-22, 1, wei_ruo, 34.15, 27.45, -1.37, 27.83, 27.77, 27.82, 27.41, 26452.3, 72769776, 0.65, 1.47, 0.47, 548.83385
2016-12-23, 1, wei_ruo, 34.09, 27.50, 0.18, 27.45, 27.51, 28.50, 27.36, 39929.46, 111277154, 0.98, 4.15, 0.71, 437.93607
2016-12-26, 1, wei_ruo, 34.01, 27.50, 0.00, 27.50, 27.23, 27.55, 26.51, 46569.4, 125757929, 1.14, 3.78, 0.82, 605.31306
2016-12-27, 1, wei_ruo, 33.97, 27.24, -0.95, 27.50, 27.22, 27.66, 27.18, 21645.35, 59248820, 0.53, 1.75, 0.38, 467.77487
2016-12-28, 1, wei_ruo, 33.93, 26.94, -1.10, 27.24, 27.20, 27.40, 26.85, 23339.98, 63159547, 0.57, 2.02, 0.41, 550.29106
2016-12-29, 1, wei_ruo, 33.90, 26.88, -0.22, 26.94, 26.84, 27.16, 26.84, 19638.36, 53021564, 0.48, 1.19, 0.35, 2471.75503
2016-12-30, 1, wei_ruo, 33.85, 26.89, 0.04, 26.88, 26.98, 27.12, 26.66, 28253, 75763937, 0.69, 1.71, 0.50, 313.43985
2017-01-03, 1, wei_ruo, 33.80, 26.89, 0.04, 26.88, 26.98, 27.12, 26.66, 28253, 75763937, 0.69, 1.71, 0.50, 2614.31718
2017-01-04, 1, wei_ruo, 33.70, 27.60, 2.03, 27.05, 27.00, 27.76, 26.84, 59770.44, 164196811, 1.46, 3.40, 1.06, 2512.77494
2017-01-05, 1, wei_ruo, 33.60, 27.87, 0.98, 27.60, 27.61, 28.18, 27.38, 71526.13, 198474320, 1.75, 2.90, 1.27, 598.63806
2017-01-06, 1, wei_ruo, 33.56, 27.33, -1.94, 27.87, 27.87, 27.87, 27.30, 28084.48, 77181533, 0.69, 2.05, 0.50, 842.12899
2017-01-09, 1, wei_ruo, 33.50, 27.34, 0.04, 27.33, 27.33, 27.47, 26.77, 39301.35, 106743815, 0.96, 2.56, 0.70, 579.09584
2017-01-10, 1, wei_ruo, 33.44, 27.56, 0.80, 27.34, 27.17, 27.80, 27.04, 39921.88, 109759671, 0.98, 2.78, 0.71, 2457.46088
2017-01-11, 1, wei_ruo, 33.39, 27.60, 0.15, 27.56, 27.36, 27.77, 27.13, 32594.23, 89532332, 0.80, 2.32, 0.58, 603.827
2017-01-12, 1, wei_ruo, 33.35, 27.75, 1.50, 27.34, 27.17, 27.78, 27.04, 21637.71, 59314347, 0.53, 2.71, 0.77, 2373.79193
2017-01-13, 1, wei_ruo, 33.23, 26.25, -3.53, 27.21, 27.20, 27.28, 25.70, 66035.03, 173880362, 1.62, 5.81, 1.17, 906.83413
2017-01-16, 1, wei_ruo, 33.07, 24.52, -6.59, 26.25, 26.25, 26.25, 23.63, 81215.22, 203985224, 1.99, 9.98, 1.44, 610.03208
2017-01-17, 1, wei_ruo, 32.92, 25.56, 4.24, 24.52, 24.52, 25.64, 23.75, 75895.37, 188162997, 1.86, 7.71, 1.34, 2606.60696
2017-01-18, 1, wei_ruo, 32.85, 24.80, -2.97, 25.56, 25.10, 25.45, 24.80, 33842.78, 84797458, 0.83, 2.54, 0.60, 184732.60498
2017-02-07, 1, wei_ruo, 32.21, 27.85, -0.71, 28.05, 28.19, 28.19, 27.62, 17850.46, 49778197, 0.44, 2.03, 0.73, 622.82515
2017-02-08, 2, qing_du, 32.16, 28.52, 1.68, 28.05, 28.19, 28.88, 27.62, 50571.94, 143052789, 1.24, 4.49, 0.89, 1849.99204
2017-02-09, 2, qing_du, 32.12, 28.38, -0.49, 28.52, 28.49, 28.80, 28.25, 36126.84, 102907218, 0.88, 1.93, 0.64, 574.67508
2017-02-10, 3, zhong_du, 32.09, 27.98, -1.41, 28.38, 28.39, 28.58, 27.95, 40197.34, 113280895, 0.98, 2.22, 0.71, 751.39403
2017-02-13, 3, zhong_du, 32.02, 27.85, -0.46, 27.98, 27.90, 28.28, 27.48, 62790.74, 174489266, 1.54, 2.86, 1.11, 2749.5079
2017-02-14, 3, zhong_du, 31.99, 27.82, -0.11, 27.85, 28.00, 28.04, 27.71, 27706.54, 77219031, 0.68, 1.18, 0.49, 185953.25994
2017-02-15, 3, zhong_du, 31.94, 27.15, -2.41, 27.82, 27.96, 27.97, 27.00, 49781.8, 136901547, 1.22, 3.49, 0.88, 2690.18602
2017-02-16, 2, qing_du, 31.90, 27.15, 0.00, 27.15, 27.08, 27.48, 27.01, 33963.99, 92527635, 0.83, 1.73, 0.60, 978.76215
2017-02-17, 2, qing_du, 31.84, 26.78, -1.36, 27.15, 27.15, 27.29, 26.20, 49628.98, 133050961, 1.21, 4.01, 0.88, 532.73702
2017-02-20, 2, qing_du, 31.74, 26.42, -1.34, 26.78, 26.86, 26.86, 26.09, 73387.49, 193464718, 1.80, 2.88, 1.30, 528.862
2017-02-21, 2, qing_du, 31.63, 27.60, 4.47, 26.42, 26.40, 28.32, 26.37, 105197.17, 288692274, 2.57, 7.38, 1.86, 890.93018
2017-02-22, 2, qing_du, 31.53, 27.63, 0.11, 27.60, 27.50, 28.07, 27.20, 95851.68, 264139863, 2.35, 3.15, 1.70, 2779.48785
2017-02-24, 3, zhong_du, 31.32, 29.12, 5.09, 27.71, 27.70, 29.88, 27.68, 190852.43, 555443851, 4.67, 7.94, 3.38, 667.93585
2017-02-27, 3, zhong_du, 31.26, 29.41, 1.00, 29.12, 29.54, 29.58, 28.83, 134266.1, 393081235, 3.28, 2.58, 2.37, 4087.27312
2017-02-28, 4, gao_du, 31.21, 29.19, -0.75, 29.41, 29.20, 29.37, 28.78, 77763.69, 226061943, 1.90, 2.01, 1.38, 2550.47679
2017-03-01, 4, gao_du, 31.18, 29.00, -0.65, 29.19, 29.10, 29.43, 29.00, 70484.36, 205728799, 1.72, 1.47, 1.25, 621.87409
2017-03-02, 4, gao_du, 31.13, 29.03, 0.10, 29.00, 29.17, 29.87, 28.60, 91230.99, 268495609, 2.23, 4.38, 1.61, 833.68587
2017-03-03, 5, qiang_lie, 31.10, 29.62, 2.03, 29.03, 28.80, 29.80, 28.75, 91730.66, 270078346, 2.24, 3.62, 1.62, 64490.35501
2017-03-06, 5, qiang_lie, 31.07, 29.85, 0.78, 29.62, 29.60, 30.33, 29.37, 88607.18, 265072783, 2.17, 3.24, 1.57, 821.913
2017-03-08, 5, qiang_lie, 31.02, 29.10, -1.89, 29.66, 29.70, 29.84, 28.95, 61545.43, 180221765, 1.51, 3.00, 1.09, 2681.283
2017-03-09, 5, qiang_lie, 30.98, 28.40, -2.41, 29.10, 28.97, 29.00, 28.37, 59347.82, 169644498, 1.45, 2.16, 1.05, 703.92108
2017-03-10, 5, qiang_lie, 30.96, 28.60, 0.70, 28.40, 28.37, 28.84, 28.37, 38880.02, 111378176, 0.95, 1.65, 0.69, 1631.83999
2017-03-13, 5, qiang_lie, 30.93, 28.89, 1.01, 28.60, 28.50, 29.07, 28.01, 62202.53, 177907268, 1.52, 3.71, 1.10, 544.276
2017-03-14, 5, qiang_lie, 30.90, 28.94, 0.17, 28.89, 28.77, 29.50, 28.76, 65072.17, 189451116, 1.59, 2.56, 1.15, 2656.16798
2017-03-15, 5, qiang_lie, 30.86, 28.38, -1.94, 28.94, 28.85, 28.86, 28.19, 62502.44, 177794767, 1.53, 2.32, 1.11, 2592.17501
2017-03-16, 5, qiang_lie, 30.83, 29.13, 2.64, 28.38, 28.35, 29.13, 28.20, 63375.65, 181520444, 1.55, 3.28, 1.12, 373.93999
2017-03-17, 5, qiang_lie, 30.79, 28.24, -3.06, 29.13, 29.01, 29.33, 28.22, 77785.22, 224850862, 1.90, 3.81, 1.38, 2640.29121
2017-03-20, 4, gao_du, 30.73, 27.72, -1.84, 28.24, 28.15, 28.55, 27.48, 82323.28, 229154082, 1.86, 3.79, 1.46, 655.37405
2017-03-21, 4, gao_du, 30.70, 27.62, -0.36, 27.72, 27.70, 28.10, 27.50, 54159.47, 150415502, 1.23, 2.16, 0.96, 561.39398
2017-03-22, 3, zhong_du, 30.64, 26.80, -2.97, 27.62, 27.30, 27.70, 26.80, 68136.85, 184716358, 1.54, 3.26, 1.21, 606.30298
2017-03-23, 3, zhong_du, 30.59, 27.01, 0.78, 26.80, 26.80, 27.32, 26.68, 64074.39, 173113765, 1.45, 2.39, 1.13, 618.34192
2017-03-24, 2, qing_du, 30.52, 27.90, 3.30, 27.01, 27.00, 28.08, 26.50, 97146.18, 265145777, 2.20, 5.85, 1.72, 522.85314
2017-03-27, 2, qing_du, 30.43, 27.00, -3.23, 27.90, 28.06, 28.07, 26.70, 119810.85, 325748200, 2.71, 4.91, 2.12, 661.973
2017-03-28, 2, qing_du, 30.39, 26.89, -0.41, 27.00, 26.85, 27.36, 26.75, 59305.61, 159830978, 1.34, 2.26, 1.05, 674.59083
2017-03-29, 2, qing_du, 30.34, 26.43, -1.71, 26.89, 27.00, 27.05, 26.37, 57129.72, 152347292, 1.29, 2.53, 1.01, 664.45613
2017-03-30, 1, wei_ruo, 30.29, 25.91, -1.97, 26.43, 26.50, 26.61, 25.70, 51465.41, 134902394, 1.17, 3.44, 0.91, 330.47295
2017-03-31, 1, wei_ruo, 30.23, 25.68, -0.89, 25.91, 26.00, 26.27, 25.37, 59066.84, 152400002, 1.34, 3.47, 1.04, 646.47198
2017-04-05, 1, wei_ruo, 30.17, 26.21, 2.06, 25.68, 25.79, 26.21, 25.55, 60162.87, 156165892, 1.36, 2.57, 1.06, 634.98116
2017-04-06, 1, wei_ruo, 30.11, 26.07, -0.53, 26.21, 26.13, 26.54, 25.86, 68351.39, 178708323, 1.55, 2.59, 1.21, 633.75902
2017-04-07, 1, wei_ruo, 30.07, 25.95, -0.46, 26.07, 26.09, 26.24, 25.85, 44433.91, 115540354, 1.01, 1.50, 0.79, 648.36001
2017-04-10, 1, wei_ruo, 30.02, 25.48, -1.81, 25.95, 25.96, 25.97, 25.39, 50934.79, 130537538, 1.15, 2.24, 0.90, 611.59706
2017-04-11, 1, wei_ruo, 29.96, 25.89, 1.61, 25.48, 25.40, 26.00, 25.23, 55623.86, 143094625, 1.26, 3.02, 0.98, 628.89695
2017-04-12, 1, wei_ruo, 29.90, 26.18, 1.12, 25.89, 25.79, 26.55, 25.60, 67270.11, 176730158, 1.52, 3.67, 1.19, 667.06395
2017-04-13, 1, wei_ruo, 29.87, 26.10, -0.31, 26.18, 26.17, 26.48, 26.02, 34133.82, 89489451, 0.77, 1.76, 0.60, 553.84994
2017-04-14, 1, wei_ruo, 29.84, 25.50, -2.30, 26.10, 26.10, 26.30, 25.46, 35862.34, 92077256, 0.81, 3.22, 0.63, 744.81797
2017-04-17, 1, wei_ruo, 29.79, 25.93, 1.69, 25.50, 24.91, 26.30, 24.91, 53389.7, 137336906, 1.21, 5.45, 0.94, 642.23719
2017-04-18, 1, wei_ruo, 29.75, 26.09, 0.62, 25.93, 25.91, 26.48, 25.83, 50558.82, 132308412, 1.14, 2.51, 0.89, 624.25089
2017-04-19, 1, wei_ruo, 29.68, 26.45, 1.38, 26.09, 26.00, 26.91, 25.50, 87343.83, 230492256, 1.98, 5.40, 1.54, 532.34696
2017-04-20, 1, wei_ruo, 29.63, 26.88, 1.63, 26.45, 26.60, 26.98, 26.27, 73482.63, 196237910, 1.66, 2.68, 1.30, 573.82607
2017-04-21, 1, wei_ruo, 29.60, 26.57, -1.15, 26.88, 26.85, 26.86, 26.21, 50031.6, 132633952, 1.13, 2.42, 0.88, 702.20089
2017-04-24, 1, wei_ruo, 29.55, 25.92, -2.45, 26.57, 26.41, 26.55, 25.30, 58733.27, 151679475, 1.33, 4.70, 1.04, 654.54006
2017-04-25, 1, wei_ruo, 29.51, 25.88, -0.15, 25.92, 25.91, 26.55, 25.82, 50616.5, 132515491, 1.15, 2.82, 0.90, 734.54881
2017-04-26, 1, wei_ruo, 29.46, 25.54, -1.31, 25.88, 25.88, 25.88, 25.30, 48019.69, 122722889, 1.09, 2.24, 0.85, 830.53899
2017-04-27, 1, wei_ruo, 29.36, 25.59, 0.20, 25.54, 25.26, 25.68, 24.45, 105792.81, 264393416, 2.40, 4.82, 1.87, 598.57202
2017-04-28, 1, wei_ruo, 29.30, 25.32, -1.06, 25.59, 25.56, 25.85, 25.22, 68282.58, 174263893, 1.55, 2.46, 1.21, 669.97814
2017-05-02, 1, wei_ruo, 29.20, 26.68, 5.37, 25.32, 25.40, 26.78, 25.33, 147555.87, 386322072, 3.34, 5.73, 2.61, 601.33505
2017-05-03, 1, wei_ruo, 29.14, 26.82, 0.52, 26.68, 26.63, 27.18, 26.40, 106937.31, 286712842, 2.42, 2.92, 1.89, 966.45212
2017-05-04, 1, wei_ruo, 29.10, 26.58, -0.89, 26.82, 26.59, 27.19, 26.37, 82415.92, 221305591, 1.87, 3.06, 1.46, 626.34397
2017-05-05, 1, wei_ruo, 29.06, 26.70, 0.45, 26.58, 26.50, 27.18, 26.20, 76543.13, 205125595, 1.73, 3.69, 1.35, 664.01792
2017-05-11, 2, qing_du, 28.90, 28.28, 2.13, 27.69, 27.70, 28.38, 26.96, 117909.55, 326276360, 2.67, 5.13, 2.09, 595.54911
2017-05-12, 2, qing_du, 28.89, 27.94, -1.20, 28.28, 28.15, 28.39, 27.71, 79179.94, 221714771, 1.79, 2.40, 1.40, 1091.5041
2017-05-15, 3, zhong_du, 28.87, 27.60, -1.22, 27.94, 28.31, 28.50, 27.34, 78503.21, 218885544, 1.78, 4.15, 1.39, 737.50901
2017-05-17, 3, zhong_du, 28.84, 28.70, 0.81, 28.47, 28.22, 29.27, 28.22, 127325.86, 367324862, 2.88, 3.69, 2.25, 3300.58599
2017-05-18, 3, zhong_du, 28.84, 28.50, -0.70, 28.70, 28.40, 29.10, 27.96, 99314.66, 283015374, 2.25, 3.97, 1.76, 687.76202
2017-05-19, 3, zhong_du, 28.83, 28.43, -0.25, 28.50, 28.51, 28.80, 28.10, 51791.71, 147156275, 1.17, 2.46, 0.92, 585.58989
2017-05-22, 3, zhong_du, 28.83, 28.96, 1.86, 28.43, 28.25, 29.25, 27.72, 105661.73, 304861023, 2.39, 5.38, 1.87, 570.85395
2017-05-23, 3, zhong_du, 28.81, 27.76, -4.14, 28.96, 28.70, 28.79, 27.40, 96292.21, 269573541, 2.18, 4.80, 1.70, 800.26793
2017-05-24, 3, zhong_du, 28.76, 26.92, -3.03, 27.76, 27.49, 27.49, 26.38, 103762, 278853997, 2.35, 4.00, 1.84, 594.4922
2017-05-25, 3, zhong_du, 28.72, 26.36, -2.08, 26.92, 26.48, 27.05, 26.07, 94927.24, 252578696, 2.15, 3.64, 1.68, 604.36106
2017-05-26, 2, qing_du, 28.69, 26.38, 0.08, 26.36, 26.51, 26.70, 26.10, 54333.08, 143386701, 1.18, 2.28, 0.96, 736.55701
2017-05-31, 2, qing_du, 28.67, 26.33, -0.19, 26.38, 26.77, 26.95, 26.33, 46437.94, 123588344, 1.01, 2.35, 0.82, 595.30997
2017-06-01, 1, wei_ruo, 28.63, 25.70, -2.39, 26.33, 26.32, 26.32, 25.50, 60326.92, 155657124, 1.31, 3.11, 1.07, 15690.05013
2017-06-02, 1, wei_ruo, 28.57, 25.90, 0.78, 25.70, 25.73, 26.15, 24.90, 88360.6, 224883957, 1.92, 4.86, 1.56, 652.04477
2017-06-05, 1, wei_ruo, 28.54, 26.27, 1.43, 25.90, 26.05, 26.78, 25.99, 69654.28, 184081121, 1.51, 3.05, 1.23, 594.79499
2017-06-06, 1, wei_ruo, 28.53, 26.37, 0.38, 26.27, 26.27, 26.44, 26.11, 27456.86, 72211340, 0.59, 1.26, 0.49, 625.71812
2017-06-07, 2, qing_du, 28.49, 27.75, 5.23, 26.37, 26.23, 28.23, 26.22, 137871.48, 378162261, 2.99, 7.62, 2.44, 510.24485
2017-06-08, 2, qing_du, 28.48, 27.55, -0.72, 27.75, 27.62, 27.99, 27.48, 63335.33, 175477574, 1.37, 1.84, 1.12, 2642.64488
2017-06-09, 3, zhong_du, 28.34, 27.25, -0.66, 27.43, 27.55, 27.74, 26.90, 76695.49, 208352806, 1.66, 3.06, 1.36, 812.32285
2017-06-12, 3, zhong_du, 28.31, 26.30, -3.49, 27.25, 27.10, 27.18, 26.28, 76030.4, 204105203, 1.65, 3.30, 1.34, 2532.28593
2017-06-13, 3, zhong_du, 28.28, 26.79, 1.86, 26.30, 26.24, 27.07, 26.21, 79020.61, 211348092, 1.71, 3.27, 1.40, 633.2891
2017-06-14, 3, zhong_du, 28.26, 27.35, 2.09, 26.79, 26.87, 27.75, 26.66, 97744, 267055590, 2.12, 4.07, 1.73, 607.86796
2017-06-15, 3, zhong_du, 28.25, 27.92, 2.08, 27.35, 27.41, 28.45, 27.40, 161604.25, 453188133, 3.50, 3.84, 2.86, 2179.81911
2017-06-16, 3, zhong_du, 28.24, 27.85, -0.25, 27.92, 27.86, 28.25, 27.71, 95007.21, 265617937, 2.06, 1.93, 1.68, 757.85494
2017-06-19, 4, gao_du, 28.24, 28.20, 1.26, 27.85, 27.80, 28.56, 27.70, 87686.08, 247109011, 1.90, 3.09, 1.55, 3032.18818
2017-06-20, 4, gao_du, 28.23, 27.56, -2.27, 28.20, 28.00, 28.00, 27.43, 92988.54, 257578547, 2.01, 2.02, 1.64, 665.96699
2017-06-21, 4, gao_du, 28.21, 27.49, -0.25, 27.56, 27.61, 27.71, 26.94, 89003.7, 242937973, 1.93, 2.79, 1.57, 710.17504
2017-06-22, 3, zhong_du, 28.17, 26.28, -4.40, 27.49, 27.40, 27.46, 26.10, 125792.32, 337505799, 2.72, 4.95, 2.23, 1159.77192
2017-06-23, 3, zhong_du, 28.14, 26.20, -0.30, 26.28, 26.03, 26.27, 25.77, 62270.11, 161951710, 1.35, 1.90, 1.10, 821.27595
2017-06-26, 2, qing_du, 28.11, 26.71, 1.95, 26.20, 26.20, 26.72, 26.19, 76437.05, 201970993, 1.66, 2.02, 1.35, 2585.62088
2017-06-27, 2, qing_du, 28.09, 26.25, -1.72, 26.71, 26.71, 26.96, 26.25, 59367.64, 158143627, 1.29, 2.66, 1.05, 614.24088
2017-06-28, 2, qing_du, 28.07, 26.55, 1.14, 26.25, 26.13, 26.64, 25.82, 57781.58, 151713616, 1.25, 3.12, 1.02, 704.47397
2017-06-29, 2, qing_du, 28.05, 26.38, -0.64, 26.55, 26.50, 26.64, 26.21, 52600.06, 138799684, 1.14, 1.62, 0.93, 3611.83906
2017-06-30, 2, qing_du, 28.03, 26.90, 1.97, 26.38, 26.38, 27.32, 26.12, 92976.33, 248391327, 2.01, 4.55, 1.64, 728.10817
2017-07-03, 2, qing_du, 28.01, 27.69, 2.94, 26.90, 26.88, 27.90, 26.80, 142058.77, 390882525, 3.08, 4.09, 2.51, 2930.70292
2017-07-04, 2, qing_du, 27.89, 25.77, -6.93, 27.69, 26.80, 26.80, 25.51, 276497.71, 720702913, 5.99, 4.66, 4.89, 554.67296
2017-07-05, 2, qing_du, 27.82, 25.58, -0.74, 25.77, 25.42, 25.78, 25.42, 131191.98, 335736255, 2.84, 1.40, 2.32, 680.21297
2017-07-06, 1, wei_ruo, 27.77, 25.47, -0.43, 25.58, 25.55, 25.86, 25.01, 105287.34, 267889099, 2.28, 3.32, 1.86, 2665.12489
2017-07-07, 1, wei_ruo, 27.73, 25.39, -0.31, 25.47, 25.32, 25.62, 25.19, 69079.35, 175303720, 1.50, 1.69, 1.22, 1034.82413
2017-07-10, 1, wei_ruo, 27.63, 23.96, -5.63, 25.39, 25.36, 25.36, 23.91, 143453.34, 352237763, 3.11, 5.71, 2.54, 636.82199
2017-07-11, 1, wei_ruo, 27.56, 23.56, -1.67, 23.96, 24.04, 24.20, 23.50, 91007.47, 216040794, 1.97, 2.92, 1.61, 613.54613
2017-07-12, 1, wei_ruo, 27.31, 21.20, -10.02, 23.56, 21.20, 21.82, 21.20, 184505.02, 391671316, 4.00, 2.63, 3.26, 739.89296
2017-07-13, 1, wei_ruo, 26.87, 19.88, -6.23, 21.20, 20.61, 20.78, 19.67, 282212.52, 566702642, 6.11, 5.24, 4.99, 758.5299
2017-07-14, 1, wei_ruo, --, 19.19, -3.47, 19.88, 19.94, 19.98, 19.16, 171458.17, 333780947, 3.71, 4.12, 3.03, 564.67104
2017-07-17, 1, wei_ruo, --, 18.06, -5.89, 19.19, 19.08, 19.13, 17.88, 193647.87, 356740184, 4.19, 6.51, 3.43, 752.36297
2017-07-18, 1, wei_ruo, --, 18.69, 3.49, 18.06, 18.04, 18.78, 17.93, 172354.59, 317002391, 3.73, 4.71, 3.05, 2334.36489
2017-07-19, 1, wei_ruo, --, 18.50, -1.02, 18.69, 18.39, 18.52, 18.06, 133407.75, 244054203, 2.89, 2.46, 2.36, 495.16296
2017-07-20, 1, wei_ruo, --, 18.36, -0.76, 18.50, 18.55, 19.13, 18.32, 146526.12, 274149716, 3.17, 4.38, 2.59, 516.64901
2017-07-21, 1, wei_ruo, --, 18.04, -1.74, 18.36, 18.28, 18.58, 17.97, 130163.48, 236651225, 2.82, 3.32, 2.30, 558.82692
2017-07-24, 1, wei_ruo, 25.08, 18.72, 3.77, 18.04, 18.08, 18.76, 17.70, 151849.14, 277952682, 3.29, 5.88, 2.69, 15667.10782
2017-07-25, 1, wei_ruo, --, 19.53, 4.33, 18.72, 18.59, 19.58, 18.55, 208542.54, 400184095, 4.52, 5.50, 3.69, 731.03786
2017-07-26, 1, wei_ruo, --, 19.65, 0.61, 19.53, 19.45, 19.79, 19.30, 134865.42, 264125860, 2.92, 2.51, 2.39, 2126.38712
2017-07-27, 1, wei_ruo, 24.47, 20.10, 2.29, 19.65, 19.58, 20.38, 19.32, 183602.97, 368198620, 3.98, 5.39, 3.25, 905.22695
2017-07-28, 1, wei_ruo, 24.37, 19.61, -2.44, 20.10, 20.12, 20.17, 19.56, 105859.13, 209773540, 2.29, 3.03, 1.87, 625.34904
2017-07-31, 1, wei_ruo, 24.28, 19.74, 0.66, 19.61, 19.61, 19.99, 19.40, 86265.22, 169804221, 1.87, 3.01, 1.53, 1261.26695
2017-08-01, 1, wei_ruo, 24.18, 20.06, 1.62, 19.74, 19.80, 20.15, 19.34, 105775.67, 208358128, 2.29, 4.10, 1.87, 780.40004
2017-08-02, 1, wei_ruo, 24.11, 19.59, -2.34, 20.06, 20.00, 20.10, 19.57, 67665.71, 134231265, 1.47, 2.64, 1.20, 636.39402
2017-08-03, 1, wei_ruo, 24.05, 19.71, 0.61, 19.59, 19.58, 20.16, 19.52, 71096.21, 141122318, 1.54, 3.27, 1.26, 1710.06584
2017-08-04, 1, wei_ruo, 23.95, 18.97, -3.75, 19.71, 19.71, 19.73, 18.91, 91123.76, 175857056, 1.97, 4.16, 1.61, 745.09501
2017-08-07, 1, wei_ruo, 23.89, 18.95, -0.11, 18.97, 18.94, 19.37, 18.90, 61448.3, 117287009, 1.33, 2.48, 1.09, 646.15107
2017-08-08, 1, wei_ruo, 23.75, 19.99, 5.49, 18.95, 19.06, 19.99, 19.00, 147891.64, 290606486, 3.20, 5.22, 2.62, 486.94801
2017-08-09, 1, wei_ruo, 23.60, 20.95, 4.80, 19.99, 19.97, 21.89, 19.90, 248100.56, 521285855, 5.37, 9.95, 4.39, 753.36194
2017-08-10, 1, wei_ruo, 23.50, 21.16, 1.00, 20.95, 20.97, 21.57, 20.61, 173846.6, 366584756, 3.76, 4.58, 3.08, 741.89806
2017-08-11, 1, wei_ruo, 23.42, 20.66, -2.36, 21.16, 20.85, 21.10, 20.39, 134994.2, 279512133, 2.92, 3.36, 2.39, 334.69892
2017-08-14, 1, wei_ruo, 23.35, 21.25, 2.86, 20.66, 20.90, 21.27, 20.51, 133788.27, 281290633, 2.90, 3.68, 2.37, 818.09807
2017-08-15, 1, wei_ruo, 23.30, 20.82, -2.02, 21.25, 21.25, 21.25, 20.70, 93517.22, 195177129, 2.03, 2.59, 1.65, 841.1231
2017-08-16, 1, wei_ruo, 23.24, 21.15, 1.59, 20.82, 20.75, 21.54, 20.60, 142972.79, 302504498, 3.10, 4.51, 2.53, 863.63292
2017-08-17, 1, wei_ruo, 23.17, 21.79, 3.03, 21.15, 21.01, 22.38, 20.81, 195631.9, 423462323, 4.24, 7.42, 3.46, 754.63605
2017-08-18, 1, wei_ruo, 23.13, 21.43, -1.65, 21.79, 21.50, 22.00, 21.38, 121218.82, 262532997, 2.63, 2.85, 2.14, 694.06104
2017-08-21, 1, wei_ruo, 23.10, 21.36, -0.33, 21.43, 21.48, 21.90, 21.10, 82673.86, 176797077, 1.79, 3.73, 1.46, 813.55596
2017-08-22, 1, wei_ruo, 23.06, 20.77, -2.76, 21.36, 21.26, 21.37, 20.64, 84583.07, 177020459, 1.83, 3.42, 1.50, 663.22088
2017-08-23, 1, wei_ruo, 23.04, 20.82, 0.24, 20.77, 20.70, 20.97, 20.62, 42283.3, 87857096, 0.92, 1.69, 0.75, 873.37399
2017-08-24, 1, wei_ruo, 23.00, 20.44, -1.83, 20.82, 20.82, 20.82, 20.42, 65344.22, 134364809, 1.42, 1.92, 1.16, 760.28109
2017-08-25, 1, wei_ruo, 22.97, 20.67, 1.13, 20.44, 20.43, 20.81, 20.40, 55682.97, 114592080, 1.21, 2.01, 0.98, 1283.87499
2017-08-28, 1, wei_ruo, 22.93, 21.17, 2.42, 20.67, 20.86, 21.50, 20.66, 104935.19, 222322909, 2.27, 4.06, 1.86, 867.79213
2017-08-29, 1, wei_ruo, 22.90, 21.27, 0.47, 21.17, 21.21, 21.46, 20.97, 82670.4, 175366330, 1.79, 2.31, 1.46, 617.53893
2017-08-30, 1, wei_ruo, 22.88, 21.33, 0.28, 21.27, 21.15, 21.48, 21.10, 63208.82, 134882555, 1.37, 1.79, 1.12, 780.95698
2017-08-31, 2, qing_du, 22.86, 21.36, 0.14, 21.33, 21.44, 21.46, 21.10, 61290.51, 130372907, 1.33, 1.69, 1.08, 1322.60513
2017-09-01, 3, zhong_du, 22.82, 21.25, -0.38, 21.33, 21.44, 21.46, 21.10, 37933.93, 80602200, 0.82, 1.69, 1.34, 834.86009
2017-09-04, 3, zhong_du, 22.79, 21.39, 0.80, 21.22, 21.06, 21.63, 21.06, 88081.39, 187927789, 1.91, 2.69, 1.56, 2775.77305
2017-09-05, 3, zhong_du, 22.76, 21.25, -0.38, 21.33, 21.44, 21.46, 21.10, 37933.93, 80602200, 0.82, 1.69, 1.34, 762.06303
2017-09-06, 3, zhong_du, 22.74, 21.25, -0.38, 21.33, 21.44, 21.46, 21.10, 37933.93, 80602200, 0.82, 1.69, 1.34, 688.80415
2017-09-07, 3, zhong_du, 22.71, 21.25, -0.38, 21.33, 21.44, 21.46, 21.10, 37933.93, 80602200, 0.82, 1.69, 1.34, 795.95017
2017-09-08, 3, zhong_du, 22.68, 21.26, -0.75, 21.42, 21.36, 21.45, 21.11, 75648.95, 160691046, 1.64, 1.59, 1.34, 685.86493
2017-09-11, 3, zhong_du, 22.61, 20.37, -4.19, 21.26, 21.12, 21.25, 20.33, 171167.46, 354758129, 3.70, 4.33, 3.03, 617.36202
2017-09-12, 2, qing_du, 22.35, 18.76, -7.90, 20.37, 20.30, 20.44, 18.70, 356143.69, 686186232, 7.71, 8.54, 6.30, 547.9629
2017-09-13, 1, wei_ruo, 22.25, 19.25, 2.61, 18.76, 18.99, 19.32, 18.99, 147938.09, 283695789, 3.20, 1.76, 2.62, 659.55591
2017-09-14, 1, wei_ruo, 22.21, 19.16, -0.47, 19.25, 19.26, 19.26, 19.02, 63733.43, 121950577, 1.38, 1.25, 1.13, 651.97992
2017-09-15, 1, wei_ruo, 22.15, 18.97, -0.99, 19.16, 19.16, 19.16, 18.78, 79774.76, 150908454, 1.73, 1.98, 1.41, 930.00293
2017-09-18, 1, wei_ruo, 22.10, 19.06, 0.47, 18.97, 18.96, 19.24, 18.88, 79229.92, 151038789, 1.71, 1.90, 1.40, 595.62492
2017-09-19, 1, wei_ruo, 22.05, 19.05, -0.05, 19.06, 19.08, 19.22, 18.96, 71636.12, 136620002, 1.55, 1.36, 1.27, 1733.11996
2017-09-20, 1, wei_ruo, 21.99, 19.38, 1.73, 19.05, 19.00, 19.44, 18.83, 95931.96, 183914460, 2.08, 3.20, 1.70, 1190.27591
2017-09-21, 1, wei_ruo, 21.91, 19.69, 1.60, 19.38, 19.50, 20.18, 19.50, 182242.48, 362471009, 3.94, 3.51, 3.22, 875.7019
2017-09-22, 1, wei_ruo, 21.86, 19.35, -1.73, 19.69, 19.55, 19.55, 19.29, 93488.86, 181397399, 2.02, 1.32, 1.65, 705.12104
2017-09-25, 1, wei_ruo, 21.82, 19.42, 0.36, 19.35, 19.35, 19.63, 19.22, 77705.56, 151185288, 1.68, 2.12, 1.37, 1369.37404
2017-09-26, 1, wei_ruo, 21.79, 19.41, -0.05, 19.42, 19.44, 19.64, 19.28, 48460, 94161291, 1.05, 1.85, 0.86, 2968.37187
2017-09-27, 1, wei_ruo, 21.75, 19.23, -0.93, 19.41, 19.45, 19.55, 19.05, 67689.61, 130053796, 1.46, 2.58, 1.20, 2734.71904
2017-09-28, 1, wei_ruo, 21.70, 18.96, -1.40, 19.23, 19.15, 19.43, 18.94, 88861.5, 169873208, 1.92, 2.55, 1.57, 613.2462
2017-09-29, 1, wei_ruo, 21.66, 19.20, 1.27, 18.96, 19.04, 19.25, 18.95, 68958.84, 131660529, 1.49, 1.58, 1.22, 887.67695
2017-10-10, 1, wei_ruo, 21.59, 20.05, 3.51, 19.37, 19.39, 20.08, 19.39, 147517.87, 292312215, 3.19, 3.56, 2.61, 624.64404
2017-10-12, 1, wei_ruo, 21.49, 20.38, 2.46, 19.89, 19.79, 20.38, 19.79, 153892.86, 310240166, 3.33, 2.97, 2.72, 687.19506
2017-10-13, 1, wei_ruo, 21.46, 20.49, 0.54, 20.38, 20.46, 20.57, 20.15, 115123.93, 234750464, 2.49, 2.06, 2.04, 700.1729
2017-10-16, 1, wei_ruo, 21.41, 19.40, -5.32, 20.49, 20.30, 20.30, 19.40, 139034.34, 274992410, 3.01, 4.39, 2.46, 660.65407
2017-10-17, 1, wei_ruo, 21.38, 19.33, -0.36, 19.40, 19.39, 19.63, 19.20, 59833.99, 116149494, 1.29, 2.22, 1.06, 501.00899
2017-10-18, 1, wei_ruo, 21.35, 18.94, -2.02, 19.33, 19.30, 19.48, 18.90, 67606.81, 129535969, 1.46, 3.00, 1.20, 598.42992
2017-10-19, 1, wei_ruo, 21.32, 18.90, -0.21, 18.94, 18.90, 19.09, 18.70, 52274.2, 98818510, 1.13, 2.06, 0.92, 690.18817
2017-10-20, 1, wei_ruo, 21.30, 19.20, 1.59, 18.90, 18.91, 19.25, 18.84, 33795.51, 64498477, 0.73, 2.17, 0.60, 2548.69604
2017-10-23, 1, wei_ruo, 21.28, 19.17, -0.16, 19.20, 19.16, 19.36, 19.08, 40454.68, 77540643, 0.88, 1.46, 0.72, 658.1521
2017-10-24, 1, wei_ruo, 21.25, 19.58, 2.14, 19.17, 19.17, 19.63, 18.93, 81764.47, 158173976, 1.77, 3.65, 1.45, 790.05289
2017-10-25, 1, wei_ruo, 21.23, 19.37, -1.07, 19.58, 19.52, 19.52, 19.21, 46286.02, 89538392, 1.00, 1.58, 0.82, 1112.56719
2017-10-26, 1, wei_ruo, 21.21, 19.23, -0.72, 19.37, 19.37, 19.38, 19.14, 54355.47, 104438196, 1.18, 1.24, 0.96, 1074.10407
2017-10-27, 1, wei_ruo, 21.18, 18.96, -1.40, 19.23, 19.23, 19.23, 18.89, 50514.91, 96187208, 1.09, 1.77, 0.89, 752.00081
2017-10-30, 1, wei_ruo, 21.12, 18.01, -5.01, 18.96, 18.95, 18.95, 18.01, 110528.13, 202157276, 2.39, 4.96, 1.96, 1490.98015
2017-10-31, 1, wei_ruo, 21.09, 18.25, 1.33, 18.01, 18.02, 18.27, 18.00, 47677.47, 86526742, 1.03, 1.50, 0.84, 678.96795
2017-11-01, 1, wei_ruo, 21.06, 18.36, 0.60, 18.25, 18.27, 18.58, 18.23, 49506.66, 91388944, 1.07, 1.92, 0.88, 750.51999
2017-11-02, 1, wei_ruo, 21.03, 18.33, -0.16, 18.36, 18.30, 18.61, 18.25, 42128.11, 77619744, 0.91, 1.96, 0.75, 695.24193
2017-11-03, 1, wei_ruo, 21.01, 18.10, -1.25, 18.33, 18.34, 18.48, 17.95, 38483.03, 69780886, 0.83, 2.89, 0.68, 2826.79796
2017-11-07, 1, wei_ruo, 20.94, 18.34, 1.66, 18.04, 18.08, 18.34, 17.82, 61172.95, 110275485, 1.32, 2.88, 1.08, 120677.28114
2017-11-08, 1, wei_ruo, 20.89, 18.44, 0.55, 18.34, 18.35, 18.76, 18.25, 84179.16, 156152047, 1.82, 2.78, 1.49, 242774.64294
2017-11-10, 1, wei_ruo, 20.78, 18.64, 1.86, 18.30, 18.35, 18.84, 18.09, 135554.61, 251043659, 2.93, 4.10, 2.08, 914.40487
2017-11-13, 1, wei_ruo, 20.71, 18.74, 0.54, 18.64, 18.83, 19.00, 18.50, 151294.34, 283505550, 3.27, 2.68, 1.79, 3076.11489
2017-11-14, 1, wei_ruo, 20.66, 18.44, -1.60, 18.74, 18.59, 18.85, 18.27, 113125.13, 209594336, 2.45, 3.09, 1.09, 1105.97801
2017-11-15, 1, wei_ruo, 20.63, 18.13, -1.68, 18.44, 18.35, 18.35, 18.10, 53938.91, 98219826, 1.17, 1.36, 0.47, 822.11709
2017-11-16, 1, wei_ruo, 20.59, 18.45, 1.77, 18.13, 18.24, 18.62, 18.16, 75226.6, 138499136, 1.63, 2.54, 0.69, 5064.852
2017-11-17, 1, wei_ruo, 20.54, 18.05, -2.17, 18.45, 18.48, 18.54, 17.72, 93796.4, 169330447, 2.03, 4.44, 0.89, 627.28596
2017-11-20, 1, wei_ruo, 20.51, 17.69, -1.99, 18.05, 17.90, 17.95, 17.30, 56289.9, 99076874, 1.22, 3.60, 0.58, 908.602
2017-11-21, 1, wei_ruo, 20.45, 17.32, -2.09, 17.69, 17.62, 17.73, 17.25, 82239.13, 143202084, 1.78, 2.71, 1.05, 719.62404
2017-11-22, 1, wei_ruo, 20.40, 17.91, 3.41, 17.32, 17.41, 17.92, 17.31, 89474.4, 157988221, 1.93, 3.52, 1.24, 759.27901
2017-11-23, 1, wei_ruo, 20.29, 19.60, 9.44, 17.91, 17.86, 19.70, 17.81, 352059.61, 680364616, 7.61, 10.55, 4.43, 623.47484
2017-11-24, 1, wei_ruo, 20.24, 19.78, 0.92, 19.60, 19.53, 19.93, 19.16, 360232.66, 705092801, 7.79, 3.93, 2.67, 684.94201
2017-11-27, 1, wei_ruo, 20.20, 19.00, -3.94, 19.78, 19.35, 19.50, 18.88, 193153.41, 369764824, 4.18, 3.13, 1.03, 660.00509
2017-11-28, 2, qing_du, 20.17, 20.21, 6.37, 19.00, 19.08, 20.28, 18.92, 282764.38, 553316296, 6.11, 7.16, 1.31, 669.19804
2017-11-29, 2, qing_du, 20.15, 19.68, -2.62, 20.21, 20.00, 20.12, 19.33, 233445.27, 460584615, 5.05, 3.91, 0.91, 1590.18111
2017-11-30, 2, qing_du, 20.13, 19.64, -0.20, 19.68, 19.67, 20.04, 19.38, 172198.29, 339312147, 3.72, 3.35, 0.61, 654.0041
2017-12-01, 2, qing_du, 20.13, 20.19, 2.80, 19.64, 19.51, 20.84, 19.41, 339315.43, 688913497, 7.34, 7.28, 1.37, 629.53591
2017-12-04, 3, zhong_du, 20.13, 20.03, -0.79, 20.19, 20.23, 20.44, 19.82, 211335.75, 424780864, 4.57, 3.07, 0.87, 780.25293
2017-12-05, 2, qing_du, 20.10, 19.21, -4.09, 20.03, 20.00, 20.07, 18.89, 216799.98, 424576339, 4.69, 5.89, 0.87, 799.155
2017-12-06, 2, qing_du, 20.08, 20.05, 4.37, 19.21, 19.32, 20.15, 19.16, 231801.47, 454280032, 5.01, 5.15, 0.99, 3323.95601
2017-12-07, 3, zhong_du, 20.11, 20.61, 2.79, 20.05, 19.91, 21.08, 19.81, 361840.59, 742901218, 7.82, 6.33, 1.54, 507.35116
2017-12-08, 3, zhong_du, 20.15, 20.62, 0.05, 20.61, 20.52, 21.16, 20.42, 282824.7, 586964276, 6.11, 3.59, 1.04, 758.63004
2017-12-11, 3, zhong_du, 20.19, 20.73, 0.53, 20.62, 20.57, 21.19, 20.29, 277538.78, 576410815, 6.00, 4.36, 1.06, 839.41293
2017-12-12, 3, zhong_du, 20.20, 20.59, -0.68, 20.73, 20.77, 20.78, 20.33, 175944.15, 360944911, 3.80, 2.17, 0.64, 670.70317
2017-12-13, 4, gao_du, 20.21, 20.60, 0.05, 20.59, 20.56, 20.68, 20.23, 149279.1, 305675183, 3.23, 2.19, 0.56, 735.04305
2017-12-14, 4, gao_du, 20.21, 20.14, -2.23, 20.60, 20.51, 20.58, 19.76, 187667.67, 377176936, 4.06, 3.98, 0.75, 1265.35821
2017-12-15, 3, zhong_du, 20.21, 20.13, -0.05, 20.14, 20.05, 20.67, 20.00, 172884.09, 351116276, 3.74, 3.33, 0.81, 588.68599
2017-12-18, 3, zhong_du, 20.21, 19.99, -0.70, 20.13, 20.04, 20.39, 19.85, 134272, 269900042, 2.90, 2.68, 0.70, 641.38198
2017-12-19, 3, zhong_du, 20.20, 20.17, 0.90, 19.99, 19.83, 20.41, 19.83, 139448.93, 282224828, 3.01, 2.90, 0.85, 853.49298
2017-12-20, 3, zhong_du, 20.20, 19.98, -0.94, 20.17, 20.04, 20.45, 19.98, 113626.5, 229548206, 2.46, 2.33, 0.73, 762.3291
2017-12-21, 3, zhong_du, 20.14, 18.78, -6.01, 19.98, 19.90, 19.98, 18.30, 250534.17, 476702597, 5.42, 8.41, 1.67, 2773.25797
2017-12-22, 3, zhong_du, 20.08, 18.16, -3.30, 18.78, 18.80, 18.90, 18.15, 170717.81, 316512975, 3.69, 3.99, 1.05, 565.69409
2017-12-25, 2, qing_du, 20.02, 18.19, 0.17, 18.16, 18.18, 18.44, 17.90, 129825.62, 235729830, 2.81, 2.97, 0.80, 689.16917
2017-12-26, 1, wei_ruo, 19.98, 18.39, 1.10, 18.19, 18.20, 18.65, 18.08, 116084.89, 213266835, 2.51, 3.13, 0.72, 416.00585
2017-12-27, 1, wei_ruo, 19.95, 18.46, 0.38, 18.39, 18.26, 18.80, 18.26, 100299.42, 185790493, 2.17, 2.94, 0.64, 445.54901
2017-12-29, 1, wei_ruo, 19.88, 18.47, 0.98, 18.29, 18.34, 18.55, 18.11, 82509.69, 151034641, 1.78, 2.41, 0.78, 920.64691
2018-01-03, 1, wei_ruo, 19.82, 19.09, 3.36, 18.47, 18.44, 19.13, 18.34, 161536.17, 303121015, 3.49, 4.28, 1.69, 559.85999
2018-01-04, 2, qing_du, 19.80, 18.86, -1.20, 19.09, 18.91, 19.07, 18.65, 102732.1, 193431648, 2.22, 2.20, 0.98, 793.45202
2018-01-05, 2, qing_du, 19.77, 18.56, -1.59, 18.86, 18.97, 19.04, 18.54, 114315.47, 213986111, 2.47, 2.65, 1.09, 599.56312
2018-01-08, 2, qing_du, 19.73, 18.13, -2.32, 18.56, 18.45, 18.49, 17.86, 135257.43, 244549222, 2.92, 3.39, 1.26, 493.48092
2018-01-09, 2, qing_du, 19.70, 18.35, 1.21, 18.13, 18.20, 18.48, 18.01, 82391.98, 150579506, 1.78, 2.59, 0.69, 698.57097
2018-01-10, 1, wei_ruo, 19.68, 18.63, 1.53, 18.35, 18.26, 18.77, 18.06, 90237.81, 165622973, 1.95, 3.87, 0.76, 663.30004
2018-01-11, 1, wei_ruo, 19.64, 18.87, 1.29, 18.63, 18.72, 19.16, 18.30, 171355.81, 322465382, 3.70, 4.62, 1.63, 645.41507
2018-01-12, 1, wei_ruo, 19.62, 18.92, 0.26, 18.87, 18.89, 19.60, 18.87, 242149.69, 466665180, 5.24, 3.87, 2.04, 645.94483
2018-01-15, 1, wei_ruo, 19.56, 17.70, -6.45, 18.92, 18.60, 18.60, 17.52, 167806.27, 303666674, 3.63, 5.71, 1.16, 734.5438
2018-01-16, 1, wei_ruo, 19.50, 17.71, 0.06, 17.70, 17.70, 17.81, 17.29, 129683.69, 227744752, 2.80, 2.94, 0.86, 718.32204
2018-01-17, 1, wei_ruo, 19.46, 17.89, 1.02, 17.71, 17.77, 18.16, 17.30, 111399, 198008758, 2.41, 4.86, 0.70, 619.205
2018-01-18, 1, wei_ruo, 19.43, 17.74, -0.84, 17.89, 17.80, 18.15, 17.65, 73574.09, 131348365, 1.59, 2.79, 0.45, 486.65404
2018-01-19, 1, wei_ruo, 19.40, 17.66, -0.45, 17.74, 17.70, 18.00, 17.50, 82867.66, 146952579, 1.79, 2.82, 0.57, 763.978
2018-01-22, 1, wei_ruo, 19.35, 18.55, 5.04, 17.66, 17.47, 18.86, 17.47, 216391.96, 397860719, 4.68, 7.87, 1.91, 804.38209
2018-01-23, 1, wei_ruo, 19.33, 18.38, -0.92, 18.55, 18.36, 18.75, 18.26, 117176.86, 216034306, 2.53, 2.64, 0.95, 636.54494
2018-01-24, 1, wei_ruo, 19.35, 20.22, 10.01, 18.38, 18.33, 20.22, 18.33, 456178.39, 899238620, 9.86, 10.28, 3.79, 616.77194
2018-01-25, 1, wei_ruo, 19.68, 20.95, 3.61, 20.22, 20.64, 22.24, 20.50, 811309.55, 1721045003, 17.54, 8.61, 4.29, 762.1541
2018-01-26, 2, qing_du, 19.99, 21.90, 4.53, 20.95, 21.08, 22.95, 20.70, 657852.81, 1425296047, 14.22, 10.74, 1.95, 642.76004
2018-01-29, 3, zhong_du, 20.15, 21.61, -1.32, 21.90, 21.30, 22.00, 21.14, 459528.45, 988165294, 9.94, 3.93, 1.02, 810.23693
2018-01-30, 3, zhong_du, 20.24, 21.57, -0.19, 21.61, 21.48, 21.80, 21.05, 317211.88, 678445498, 6.86, 3.47, 0.63, 768.39089
2018-01-31, 3, zhong_du, 20.28, 20.68, -4.13, 21.57, 21.23, 21.34, 20.23, 360448.84, 749107608, 7.79, 5.15, 0.67, 680.99284
2018-02-01, 3, zhong_du, 20.34, 20.54, -0.68, 20.68, 20.94, 21.68, 20.40, 455584.98, 962828271, 9.85, 6.19, 0.87, 600.53015
2018-02-02, 3, zhong_du, 20.32, 20.18, -1.75, 20.54, 19.52, 20.95, 19.33, 394516.66, 797675836, 8.53, 7.89, 0.88, 601.77398
2018-02-05, 2, qing_du, 20.33, 20.59, 2.03, 20.18, 19.85, 21.11, 19.70, 327666.42, 672938544, 7.08, 6.99, 0.82, 886.77406
2018-02-06, 2, qing_du, 20.35, 20.09, -2.43, 20.59, 20.17, 21.45, 20.01, 508846.35, 1063212519, 11.00, 6.99, 1.37, 596.14205
2018-02-07, 2, qing_du, 20.44, 21.38, 6.42, 20.09, 20.70, 21.94, 19.72, 580906.28, 1218871764, 12.56, 11.05, 1.42, 709.58114
2018-02-08, 2, qing_du, 20.53, 21.48, 0.47, 21.38, 21.10, 21.88, 20.96, 439691.58, 941085261, 9.51, 4.30, 0.85, 775.67601
2018-02-09, 3, zhong_du, 20.59, 20.89, -2.75, 21.48, 20.89, 22.07, 20.32, 514301.93, 1095331147, 11.12, 8.15, 0.98, 873.44408
2018-02-12, 3, zhong_du, 20.65, 21.50, 2.92, 20.89, 21.13, 21.78, 20.28, 435737.9, 922433202, 9.42, 7.18, 0.88, 688.91311
2018-02-13, 3, zhong_du, 20.78, 22.16, 3.07, 21.50, 21.36, 22.57, 21.00, 461033, 1004300869, 9.97, 7.30, 0.99, 601.71914
2018-02-14, 3, zhong_du, 20.82, 21.17, -4.47, 22.16, 21.90, 22.15, 21.08, 289102.8, 622735519, 6.25, 4.83, 0.64, 739.82906
