2016-02-01, 1, wei_ruo, 12.29, 11.03, -1.43, 11.19, 11.10, 11.20, 10.71, 594207.14, 651989442, 3.68, 4.38, 1.02, 732.85818
2016-02-02, 1, wei_ruo, 12.24, 11.44, 3.72, 11.03, 11.04, 11.85, 11.01, 806146.32, 926548557, 4.99, 7.62, 1.38, 1155.95698
2016-02-03, 1, wei_ruo, 12.21, 11.46, 0.17, 11.44, 11.20, 11.59, 11.11, 626491.94, 707713030, 3.88, 4.20, 1.07, 1191.05005
2016-02-04, 1, wei_ruo, 12.18, 11.66, 1.75, 11.46, 11.46, 11.84, 11.40, 813505.29, 944392344, 5.04, 3.84, 1.39, 1779.15096
2016-02-05, 1, wei_ruo, 12.15, 11.20, -3.95, 11.66, 11.70, 11.70, 11.19, 556747.74, 636631804, 3.45, 4.37, 0.95, 858.1531
2016-02-15, 1, wei_ruo, 12.12, 11.23, 0.27, 11.20, 10.70, 11.44, 10.70, 463273.29, 513068210, 2.87, 6.61, 0.79, 2922.58215
2016-02-16, 1, wei_ruo, 12.10, 11.68, 4.01, 11.23, 11.30, 11.82, 11.20, 719646.09, 834697415, 4.46, 5.52, 1.23, 3467.3419
2016-02-17, 1, wei_ruo, 12.09, 12.03, 3.00, 11.68, 11.65, 12.18, 11.51, 1000027.68, 1184159151, 6.20, 5.74, 1.71, 1979.78902
2016-02-18, 1, wei_ruo, 12.08, 11.80, -1.91, 12.03, 12.00, 12.14, 11.70, 727459.49, 864887617, 4.51, 3.66, 1.24, 772.19987
2016-02-19, 1, wei_ruo, 12.08, 12.07, 2.29, 11.80, 11.73, 12.30, 11.70, 593050.12, 712230449, 3.67, 5.08, 1.28, 2026.25895
2016-02-22, 1, wei_ruo, 12.08, 12.23, 2.09, 11.98, 12.16, 12.31, 11.90, 774486.27, 935955493, 4.80, 3.42, 1.06, 798.26212
2016-02-23, 1, wei_ruo, 11.99, 11.90, -2.70, 12.23, 12.15, 12.22, 11.75, 558357.75, 666973239, 3.46, 3.84, 0.71, 624.97091
2016-02-24, 1, wei_ruo, 11.98, 11.82, -0.67, 11.90, 11.82, 11.98, 11.50, 464853.56, 546274124, 2.88, 4.03, 0.61, 731.74405
2016-02-25, 1, wei_ruo, 11.95, 10.64, -9.98, 11.82, 11.84, 11.85, 10.64, 672598.03, 747110333, 4.17, 10.24, 1.03, 686.92803
2016-02-26, 1, wei_ruo, 11.91, 10.48, -1.50, 10.64, 10.75, 10.88, 10.24, 419874.48, 445870282, 2.60, 6.02, 0.65, 738.86204
2016-02-29, 1, wei_ruo, 11.84, 9.68, -7.63, 10.48, 10.49, 10.64, 9.47, 544341.94, 533035097, 3.37, 11.16, 0.94, 1766.46304
2016-03-01, 1, wei_ruo, 11.79, 10.65, 10.02, 9.68, 9.79, 10.65, 9.50, 556600.33, 560643551, 3.45, 11.88, 1.05, 2752.70796
2016-03-02, 1, wei_ruo, 11.75, 11.35, 6.57, 10.65, 10.92, 11.53, 10.82, 1208781.11, 1344006233, 7.49, 6.67, 2.27, 1490.28397
2016-03-03, 1, wei_ruo, 11.72, 11.38, 0.26, 11.35, 11.13, 11.75, 11.12, 1142700.17, 1298585596, 7.08, 5.55, 1.68, 491.75692
2016-03-04, 2, qing_du, 11.68, 10.65, -6.41, 11.38, 11.14, 11.25, 10.55, 836391.94, 912799670, 5.18, 6.15, 1.08, 661.03101
2016-03-07, 2, qing_du, 11.65, 11.07, 3.94, 10.65, 10.85, 11.48, 10.79, 648541.51, 722220964, 4.02, 6.48, 0.76, 3407.04679
2016-03-08, 2, qing_du, 11.62, 11.43, 3.25, 11.07, 10.85, 11.71, 10.12, 992068.59, 1088352741, 6.15, 14.36, 1.13, 660.46882
2016-03-09, 2, qing_du, 11.61, 11.35, -0.70, 11.43, 11.10, 11.96, 11.00, 1104863.76, 1276950535, 6.85, 8.40, 1.14, 2630.46193
2016-03-10, 2, qing_du, 11.58, 10.87, -4.23, 11.35, 11.17, 11.40, 10.80, 679638.11, 753604953, 4.21, 5.29, 0.72, 1270.20001
2016-03-11, 2, qing_du, 11.56, 10.82, -0.46, 10.87, 10.70, 11.08, 10.58, 433932.94, 469315895, 2.69, 4.60, 0.51, 701.78604
2016-03-14, 2, qing_du, 11.55, 11.45, 5.82, 10.82, 10.95, 11.87, 10.83, 1082899.69, 1230314403, 6.71, 9.61, 1.40, 2464.10704
2016-03-15, 2, qing_du, 11.53, 11.03, -3.67, 11.45, 11.30, 11.48, 10.98, 847360.9, 948226043, 5.25, 4.37, 0.99, 1522.16792
2016-03-16, 2, qing_du, 11.51, 10.91, -1.09, 11.03, 11.23, 11.33, 10.72, 710333.17, 782318806, 4.40, 5.53, 0.86, 540.08007
2016-03-17, 2, qing_du, 11.49, 11.42, 4.67, 10.91, 10.95, 11.67, 10.89, 1348971.6, 1523143916, 8.36, 7.15, 1.80, 1161.96179
2016-03-18, 3, zhong_du, 11.52, 11.88, 4.03, 11.42, 11.40, 12.14, 11.30, 1786044.29, 2094170468, 11.07, 7.36, 2.02, 456.54416
2016-03-21, 3, zhong_du, 11.58, 12.13, 2.10, 11.88, 12.01, 12.26, 11.73, 1719501.21, 2061322781, 10.65, 4.46, 1.49, 4081.56419
2016-03-22, 4, gao_du, 11.70, 12.53, 3.30, 12.13, 11.95, 13.13, 11.82, 2127380.21, 2671925150, 13.18, 10.80, 1.66, 596.37403
2016-03-23, 4, gao_du, 11.76, 12.50, -0.24, 12.53, 12.40, 12.59, 12.08, 1410043.72, 1742229237, 8.74, 4.07, 0.92, 8450.22893
2016-03-24, 4, gao_du, 11.78, 11.87, -5.04, 12.50, 12.30, 12.34, 11.84, 1349507.68, 1631176516, 8.36, 4.00, 0.80, 806.68688
2016-03-25, 4, gao_du, 11.81, 12.23, 3.03, 11.87, 11.88, 12.40, 11.86, 1174621.19, 1426516558, 7.28, 4.55, 0.70, 717.22913
2016-03-28, 4, gao_du, 11.83, 11.95, -2.29, 12.23, 12.15, 12.45, 11.86, 1016158.74, 1236341454, 6.30, 4.82, 0.65, 442.21807
2016-03-29, 3, zhong_du, 11.82, 11.71, -2.01, 11.95, 11.88, 11.96, 11.50, 719949.38, 841221113, 4.46, 3.85, 0.51, 630.10311
2016-03-30, 3, zhong_du, 11.84, 12.24, 4.53, 11.71, 11.84, 12.30, 11.78, 1039130.79, 1251538787, 6.44, 4.44, 0.92, 1268.54396
2016-03-31, 3, zhong_du, 11.86, 12.09, -1.23, 12.24, 12.28, 12.39, 12.05, 879420.73, 1072930153, 5.45, 2.78, 0.83, 840.60216
2016-04-01, 4, gao_du, 11.87, 12.23, 1.16, 12.09, 12.01, 12.35, 11.70, 930745.75, 1118168226, 5.77, 5.38, 0.96, 6094.44284
2016-04-05, 4, gao_du, 11.91, 12.49, 2.13, 12.23, 12.13, 12.68, 12.03, 1226906.13, 1521982106, 7.60, 5.31, 1.34, 1521.837
2016-04-06, 4, gao_du, 11.93, 12.31, -1.44, 12.49, 12.38, 12.50, 12.18, 884673.06, 1090338803, 5.48, 2.56, 0.92, 1816.12492
2016-04-07, 4, gao_du, 11.95, 12.13, -1.46, 12.31, 12.38, 12.59, 11.96, 1010852.04, 1237469584, 6.26, 5.12, 1.02, 2193.53199
2016-04-08, 4, gao_du, 12.00, 12.48, 2.89, 12.13, 12.00, 12.85, 11.95, 1586204.99, 1973381821, 9.83, 7.42, 1.61, 533.31184
2016-04-11, 5, qiang_lie, 12.05, 12.57, 0.72, 12.48, 12.64, 12.77, 12.42, 1455807.04, 1835628151, 9.02, 2.80, 1.29, 5802.91009
2016-04-12, 5, qiang_lie, 12.07, 12.33, -1.91, 12.57, 12.49, 12.56, 12.10, 897316.29, 1102020995, 5.56, 3.66, 0.73, 3598.56701
2016-04-13, 5, qiang_lie, 12.09, 12.38, 0.41, 12.33, 12.39, 12.70, 12.36, 1041475.91, 1304835657, 6.45, 2.76, 0.89, 4679.96407
2016-04-14, 5, qiang_lie, 12.14, 12.74, 2.91, 12.38, 12.47, 12.89, 12.42, 1291561.2, 1639628746, 8.00, 3.80, 1.08, 2096.00091
2016-04-15, 5, qiang_lie, 12.16, 12.61, -1.02, 12.74, 12.80, 12.80, 12.48, 745539.36, 938696327, 4.62, 2.51, 0.59, 4582.99184
2016-04-18, 5, qiang_lie, 12.17, 12.35, -2.06, 12.61, 12.50, 12.50, 12.28, 549007.18, 678673985, 3.40, 1.74, 0.51, 3521.52586
2016-04-19, 5, qiang_lie, 12.18, 12.40, 0.40, 12.35, 12.43, 12.59, 12.20, 660732.63, 820579891, 4.09, 3.16, 0.73, 684.56888
2016-04-20, 5, qiang_lie, 12.15, 11.32, -8.71, 12.40, 12.45, 12.49, 11.23, 1112677.03, 1311683021, 6.89, 10.16, 1.30, 4580.59502
2016-04-21, 4, gao_du, 12.11, 11.05, -2.39, 11.32, 11.35, 11.53, 10.92, 618325.21, 698981189, 3.83, 5.39, 0.71, 739.91895
2016-04-22, 3, zhong_du, 12.08, 11.25, 1.81, 11.05, 11.05, 11.35, 10.96, 443627.46, 497344964, 2.75, 3.53, 0.60, 4201.44582
2016-04-25, 3, zhong_du, 12.05, 11.27, 0.18, 11.25, 11.18, 11.38, 10.85, 498540.54, 553566554, 3.09, 4.71, 0.74, 386.88397
2016-04-26, 3, zhong_du, 12.04, 11.48, 1.86, 11.27, 11.30, 11.49, 11.26, 493328.8, 562197889, 3.06, 2.04, 0.74, 1104.5351
2016-04-27, 2, qing_du, 12.02, 11.21, -2.35, 11.48, 11.50, 11.55, 11.18, 444445.09, 505197743, 2.75, 3.22, 0.70, 2680.10688
2016-04-28, 2, qing_du, 11.99, 11.30, 0.80, 11.21, 11.27, 11.35, 11.03, 417113.29, 468763962, 2.58, 2.85, 0.83, 996.20509
2016-04-29, 2, qing_du, 11.98, 11.27, -0.27, 11.30, 11.25, 11.44, 11.18, 370678.63, 419079179, 2.30, 2.30, 0.81, 1473.69504
2016-05-03, 2, qing_du, 11.96, 11.62, 3.11, 11.27, 11.25, 11.66, 11.22, 555460.19, 639260729, 3.44, 3.90, 1.25, 5075.37603
2016-05-04, 2, qing_du, 11.95, 11.46, -1.38, 11.62, 11.51, 11.67, 11.42, 550406.23, 636175868, 3.41, 2.15, 1.21, 444.54718
2016-05-05, 2, qing_du, 11.92, 11.32, -1.22, 11.46, 11.33, 11.42, 11.15, 730862.4, 824250670, 4.53, 2.36, 1.56, 682.64985
2016-05-06, 2, qing_du, 11.85, 10.55, -6.80, 11.32, 11.25, 11.28, 10.51, 919504.11, 1004703206, 5.70, 6.80, 1.75, 3230.335
2016-05-09, 1, wei_ruo, 11.80, 10.54, -0.09, 10.55, 10.40, 10.90, 10.03, 657846.05, 680955822, 4.08, 8.25, 1.05, 4075.16289
2016-05-10, 1, wei_ruo, 11.78, 10.41, -1.23, 10.54, 10.35, 10.68, 10.30, 358133.64, 374883707, 1.97, 3.61, 0.52, 2794.44695
2016-05-11, 1, wei_ruo, 11.74, 10.24, -1.63, 10.41, 10.54, 10.56, 10.22, 418895.81, 435214472, 2.30, 3.27, 0.65, 1103.64389
2016-05-12, 1, wei_ruo, 11.71, 10.16, -0.78, 10.24, 10.00, 10.19, 9.90, 362835.28, 365449109, 1.99, 2.83, 0.59, 1727.83995
2016-05-13, 1, wei_ruo, 11.68, 10.06, -0.98, 10.16, 10.17, 10.29, 10.00, 305957.34, 310049167, 1.68, 2.85, 0.56, 866.83393
2016-05-16, 1, wei_ruo, 11.65, 10.37, 3.08, 10.06, 10.06, 10.50, 10.06, 493171.09, 509481985, 2.71, 4.37, 1.17, 14532.76992
2016-05-17, 1, wei_ruo, 11.61, 10.37, 0.00, 10.37, 10.37, 10.54, 10.21, 486021.29, 504700692, 2.67, 3.18, 1.25, 2671.07391
2016-05-18, 1, wei_ruo, 11.58, 10.09, -2.70, 10.37, 10.25, 10.32, 9.97, 460342.36, 465423373, 2.53, 3.38, 1.11, 3067.50107
2016-05-19, 1, wei_ruo, 11.54, 10.17, 0.79, 10.09, 10.08, 10.35, 10.05, 434695.61, 444616198, 2.39, 2.97, 1.03, 4049.67713
2016-05-20, 1, wei_ruo, 11.51, 10.30, 1.28, 10.17, 10.05, 10.39, 10.01, 481933.05, 494230910, 2.65, 3.74, 1.11, 5163.70201
2016-05-23, 1, wei_ruo, 11.48, 10.35, 0.49, 10.30, 10.20, 10.45, 10.20, 419042.41, 432747372, 2.30, 2.43, 0.89, 3725.6341
2016-05-24, 1, wei_ruo, 11.44, 10.47, 1.16, 10.35, 10.37, 10.64, 10.23, 685981.99, 716568734, 3.77, 3.96, 1.50, 610.77905
2016-05-25, 1, wei_ruo, 11.42, 10.27, -1.91, 10.47, 10.46, 10.56, 10.25, 448424.08, 466881586, 2.46, 2.96, 0.98, 3196.89417
2016-05-26, 1, wei_ruo, 11.39, 10.34, 0.68, 10.27, 10.28, 10.36, 10.01, 398478.08, 406362781, 2.19, 3.41, 0.87, 3621.20008
2016-05-27, 1, wei_ruo, 11.37, 10.24, -0.97, 10.34, 10.30, 10.39, 10.20, 305462.9, 314398141, 1.68, 1.84, 0.67, 7148.76986
2016-05-30, 1, wei_ruo, 11.35, 10.21, -0.29, 10.24, 10.24, 10.35, 10.10, 246839.93, 253073143, 1.36, 2.44, 0.54, 17342.11111
2016-05-31, 1, wei_ruo, 11.32, 10.68, 4.60, 10.21, 10.21, 10.73, 10.21, 786172.96, 829404066, 4.32, 5.09, 1.72, 3623.58189
2016-06-01, 1, wei_ruo, 11.30, 10.61, -0.66, 10.68, 10.68, 10.76, 10.59, 545477.46, 581314862, 3.00, 1.59, 1.20, 2206.44593
2016-06-02, 1, wei_ruo, 11.30, 10.70, 0.85, 10.61, 10.60, 10.78, 10.56, 505306.81, 539068248, 2.78, 2.07, 1.11, 4478.75714
2016-06-03, 1, wei_ruo, 11.26, 10.81, 1.03, 10.70, 10.74, 10.95, 10.60, 632212.58, 680319402, 3.47, 3.27, 1.39, 7307.73807
2016-06-06, 1, wei_ruo, 11.24, 10.68, -1.20, 10.81, 10.85, 10.85, 10.63, 396673.01, 425719591, 2.18, 2.04, 0.87, 830.62696
2016-06-07, 1, wei_ruo, 11.23, 10.62, -0.56, 10.68, 10.70, 10.74, 10.54, 291624.29, 309762128, 1.60, 1.87, 0.64, 5995.7881
2016-06-08, 1, wei_ruo, 11.22, 10.66, 0.38, 10.62, 10.68, 10.70, 10.58, 330029.19, 351571989, 1.81, 1.13, 0.72, 23199.70703
2016-06-13, 1, wei_ruo, 11.19, 9.90, -7.13, 10.66, 10.48, 10.51, 9.88, 534441.74, 548287150, 2.94, 5.91, 1.17, 3549.41201
2016-06-14, 1, wei_ruo, 11.17, 10.08, 1.82, 9.90, 9.80, 10.17, 9.78, 365124.06, 363569070, 2.01, 3.94, 0.80, 3777.87805
2016-06-15, 1, wei_ruo, 11.14, 10.27, 1.88, 10.08, 9.99, 10.39, 9.92, 474741.59, 485740042, 2.61, 4.66, 1.04, 18517.19403
2016-06-16, 1, wei_ruo, 11.12, 10.05, -2.14, 10.27, 10.20, 10.27, 9.97, 404175.68, 409003941, 2.22, 2.92, 0.89, 714.69784
2016-06-17, 1, wei_ruo, 11.10, 10.10, 0.50, 10.05, 10.08, 10.25, 10.05, 310449.36, 315289413, 1.71, 1.99, 0.68, 4797.28603
2016-06-20, 1, wei_ruo, 11.09, 10.10, 0.50, 10.05, 10.08, 10.25, 10.05, 310449.36, 315289413, 1.71, 1.99, 0.68, 862.0801
2016-06-21, 1, wei_ruo, 11.07, 10.02, -0.40, 10.06, 10.17, 10.25, 9.99, 356894.64, 361420809, 1.96, 2.58, 0.78, 2162.69994
2016-06-22, 1, wei_ruo, 11.05, 10.14, 1.20, 10.02, 10.03, 10.15, 9.99, 282959.33, 285248846, 1.55, 1.60, 0.62, 2798.23995
2016-06-23, 1, wei_ruo, 11.03, 10.22, 0.79, 10.14, 10.13, 10.32, 10.10, 448420.89, 457181389, 2.46, 2.17, 0.98, 1220.64805
2016-06-24, 1, wei_ruo, 11.00, 10.04, -1.76, 10.22, 10.20, 10.30, 9.82, 504825.15, 509683717, 2.77, 4.70, 1.11, 2646.56782
2016-06-27, 1, wei_ruo, 10.98, 10.26, 2.19, 10.04, 9.95, 10.27, 9.93, 453874, 462240639, 2.49, 3.39, 0.99, 4369.84611
2016-06-28, 1, wei_ruo, 10.96, 10.48, 2.14, 10.26, 10.25, 10.60, 10.21, 738908.23, 771924942, 4.06, 3.80, 1.62, 2702.878
2016-06-30, 1, wei_ruo, 10.94, 10.49, 0.96, 10.39, 10.42, 10.69, 10.36, 521344.16, 548850098, 2.86, 3.18, 1.14, 792.81497
2016-07-01, 1, wei_ruo, 10.93, 10.36, -1.24, 10.49, 10.44, 10.54, 10.36, 324220.01, 337997752, 1.78, 1.72, 0.71, 594.87987
2016-07-04, 1, wei_ruo, 10.92, 10.60, 2.32, 10.36, 10.36, 10.74, 10.29, 551724.32, 581163273, 3.03, 4.34, 1.21, 887.71987
2016-07-05, 1, wei_ruo, 10.91, 10.61, 0.09, 10.60, 10.57, 10.69, 10.46, 475771.43, 502193286, 2.61, 2.17, 1.04, 2547.06597
2016-07-06, 2, qing_du, 10.90, 10.52, -0.85, 10.61, 10.57, 10.58, 10.47, 347116.72, 365036796, 1.91, 1.04, 0.76, 4908.52904
2016-07-07, 2, qing_du, 10.89, 10.49, -0.29, 10.52, 10.55, 10.60, 10.36, 382428.36, 400890892, 2.10, 2.28, 0.84, 781.29792
2016-07-08, 2, qing_du, 10.88, 10.58, 0.86, 10.49, 10.49, 10.75, 10.37, 659697.44, 698430826, 3.62, 3.62, 1.45, 8780.689
2016-07-11, 2, qing_du, 10.85, 10.65, 0.85, 10.56, 10.81, 10.98, 10.63, 899165.79, 974325839, 4.94, 3.31, 1.97, 3004.07386
2016-07-12, 2, qing_du, 10.85, 10.83, 1.69, 10.65, 10.75, 10.94, 10.54, 629666.79, 678568899, 3.46, 3.76, 1.39, 26855.16095
2016-07-13, 3, zhong_du, 10.87, 11.26, 4.07, 10.82, 10.82, 11.46, 10.75, 1334219.98, 1482234711, 7.33, 6.56, 2.95, 2691.18905
2016-07-14, 3, zhong_du, 10.94, 11.64, 3.37, 11.26, 11.16, 11.95, 11.02, 1870945.09, 2136113130, 10.28, 8.26, 4.10, 3987.13398
2016-07-15, 3, zhong_du, 10.97, 11.26, -3.26, 11.64, 11.45, 11.69, 11.25, 1256277.94, 1433400943, 6.90, 3.78, 2.75, 4652.79293
2016-07-18, 3, zhong_du, 10.98, 11.14, -1.07, 11.26, 11.21, 11.33, 11.00, 739726.21, 825246803, 4.06, 2.93, 1.62, 22070.96291
2016-07-19, 3, zhong_du, 10.99, 11.21, 0.63, 11.14, 11.06, 11.27, 11.04, 647248.98, 721723028, 3.56, 2.06, 1.42, 4645.01715
2016-07-20, 3, zhong_du, 10.99, 11.18, -0.27, 11.21, 11.23, 11.44, 11.15, 729371.76, 823006061, 4.01, 2.59, 1.61, 520.39385
2016-07-21, 3, zhong_du, 11.01, 11.28, 0.89, 11.18, 11.28, 11.44, 11.18, 738215.69, 835821916, 4.06, 2.33, 1.62, 3624.578
2016-07-22, 3, zhong_du, 11.01, 11.04, -2.13, 11.28, 11.25, 11.34, 11.02, 615984.97, 687112250, 3.38, 2.84, 1.35, 2720.76917
2016-07-25, 3, zhong_du, 11.01, 11.01, -0.27, 11.04, 11.04, 11.15, 10.94, 387266.88, 427331850, 2.13, 1.90, 0.85, 4843.59813
2016-07-26, 3, zhong_du, 11.02, 11.18, 1.54, 11.01, 11.07, 11.19, 11.03, 367283.52, 408043953, 2.02, 1.45, 0.80, 923.32506
2016-07-27, 3, zhong_du, 11.00, 10.45, -6.53, 11.18, 11.18, 11.18, 10.28, 821779.15, 882726465, 4.51, 8.05, 1.80, 2665.78007
2016-07-28, 2, qing_du, 10.99, 10.46, 0.10, 10.45, 10.35, 10.61, 10.30, 394180.42, 411914824, 2.17, 2.97, 0.86, 684.41105
2016-07-29, 2, qing_du, 10.98, 10.35, -1.05, 10.46, 10.46, 10.53, 10.31, 272998.01, 283876389, 1.50, 2.10, 0.60, 14324.56112
2016-08-01, 1, wei_ruo, 10.97, 10.26, -0.87, 10.35, 10.29, 10.41, 10.08, 318419.64, 325146090, 1.75, 3.19, 0.70, 28435.96697
2016-08-02, 1, wei_ruo, 10.96, 10.34, 0.78, 10.26, 10.33, 10.40, 10.24, 238659.28, 246359787, 1.32, 1.56, 0.52, 20670.56203
2016-08-03, 1, wei_ruo, 10.95, 10.46, 1.16, 10.34, 10.35, 10.54, 10.28, 363746.38, 379377640, 2.01, 2.51, 0.89, 14425.13609
2016-08-04, 1, wei_ruo, 10.93, 10.23, -2.20, 10.46, 10.33, 10.37, 10.13, 558927.75, 571737680, 3.09, 2.29, 1.45, 14211.3111
2016-08-05, 1, wei_ruo, 10.90, 10.04, -1.86, 10.23, 10.21, 10.21, 9.99, 549479.46, 553746335, 3.04, 2.15, 1.34, 660.1088
2016-08-08, 1, wei_ruo, 10.89, 10.15, 1.10, 10.04, 10.02, 10.17, 10.01, 276486.01, 279480674, 1.53, 1.59, 0.65, 3496.01197
2016-08-09, 1, wei_ruo, 10.87, 10.22, 0.69, 10.15, 10.16, 10.25, 10.10, 335394.68, 341234485, 1.86, 1.48, 0.84, 4366.66608
2016-08-10, 1, wei_ruo, 10.87, 10.16, -0.59, 10.22, 10.24, 10.25, 10.14, 247748.64, 252185091, 1.37, 1.08, 0.60, 5180.70483
2016-08-11, 1, wei_ruo, 10.85, 10.02, -1.28, 10.15, 10.15, 10.17, 10.01, 292919.32, 295253148, 1.62, 1.58, 0.74, 502.16293
2016-08-15, 1, wei_ruo, 10.82, 10.42, 2.96, 10.12, 10.18, 10.47, 10.10, 672292.64, 694947653, 3.72, 3.66, 2.44, 569.3171
2016-08-16, 1, wei_ruo, 10.81, 10.39, -0.29, 10.42, 10.37, 10.48, 10.36, 383450.91, 399263543, 2.12, 1.15, 1.08, 2688.06911
2016-08-17, 1, wei_ruo, 10.81, 10.40, 0.10, 10.39, 10.41, 10.49, 10.35, 350949.38, 365832303, 1.94, 1.35, 0.96, 14433.93898
2016-08-18, 1, wei_ruo, 10.80, 10.43, 0.29, 10.40, 10.39, 10.54, 10.33, 415832.89, 433404605, 2.30, 2.02, 1.08, 28928.617
2016-08-19, 1, wei_ruo, 10.79, 10.33, -0.96, 10.43, 10.42, 10.42, 10.28, 289388.08, 299034803, 1.60, 1.34, 0.71, 1025.54297
2016-08-22, 1, wei_ruo, 10.78, 10.20, -1.26, 10.33, 10.33, 10.38, 10.15, 264940.18, 272425295, 1.47, 2.23, 0.63, 576.82109
2016-08-23, 1, wei_ruo, 10.78, 10.25, 0.49, 10.20, 10.20, 10.29, 10.17, 186461.97, 190832916, 1.03, 1.18, 0.55, 647.23706
2016-08-24, 1, wei_ruo, 10.76, 10.39, 1.37, 10.25, 10.30, 10.49, 10.26, 573705.89, 597029028, 3.17, 2.24, 1.90, 838.11188
2016-08-25, 1, wei_ruo, 10.75, 10.24, -1.44, 10.39, 10.33, 10.33, 10.11, 361518.63, 368603573, 2.00, 2.12, 1.04, 455.52015
2016-08-26, 1, wei_ruo, 10.75, 10.26, 0.20, 10.24, 10.29, 10.40, 10.25, 292868.96, 302427908, 1.62, 1.46, 0.87, 372.98608
2016-08-29, 1, wei_ruo, 10.74, 10.24, -0.19, 10.26, 10.25, 10.33, 10.18, 234601.1, 240274414, 1.30, 1.46, 0.70, 1267.26699
2016-08-30, 1, wei_ruo, 10.73, 10.23, -0.10, 10.24, 10.24, 10.30, 10.21, 198948.35, 203930741, 1.10, 0.88, 0.60, 2479.39301
2016-08-31, 1, wei_ruo, 10.73, 10.18, -0.49, 10.23, 10.24, 10.26, 10.16, 45926.94, 46851739, 0.25, 0.98, 0.77, 2007.07293
2016-09-01, 1, wei_ruo, 10.72, 10.15, -0.59, 10.21, 10.22, 10.26, 10.15, 240842.55, 245739156, 1.33, 1.08, 0.94, 618.95299
2016-09-02, 1, wei_ruo, 10.72, 10.18, -0.49, 10.23, 10.24, 10.26, 10.16, 45926.94, 46851739, 0.25, 0.98, 0.77, 5495.646
2016-09-05, 1, wei_ruo, 10.72, 10.18, -0.49, 10.23, 10.24, 10.26, 10.16, 45926.94, 46851739, 0.25, 0.98, 0.77, 4558.35104
2016-09-06, 1, wei_ruo, 10.72, 10.18, -0.49, 10.23, 10.24, 10.26, 10.16, 45926.94, 46851739, 0.25, 0.98, 0.77, 6471.97986
2016-09-07, 1, wei_ruo, 10.72, 10.16, -0.88, 10.25, 10.28, 10.29, 10.13, 358269.48, 365773173, 1.98, 1.56, 1.40, 572.05319
2016-09-08, 1, wei_ruo, 10.72, 10.18, -0.49, 10.23, 10.24, 10.26, 10.16, 45926.94, 46851739, 0.25, 0.98, 0.77, 18160.61902
2016-09-09, 1, wei_ruo, 10.72, 10.13, 0.10, 10.12, 10.13, 10.34, 10.05, 573997.89, 583618121, 3.18, 2.87, 2.25, 2689.93306
2016-09-12, 1, wei_ruo, 10.72, 10.18, -0.49, 10.23, 10.24, 10.26, 10.16, 45926.94, 46851739, 0.25, 0.98, 0.77, 2532.86004
2016-09-13, 1, wei_ruo, 10.72, 10.18, -0.49, 10.23, 10.24, 10.26, 10.16, 45926.94, 46851739, 0.25, 0.98, 0.77, 6454.40197
2016-09-14, 1, wei_ruo, 10.72, 10.18, -0.49, 10.23, 10.24, 10.26, 10.16, 45926.94, 46851739, 0.25, 0.98, 0.77, 678.63512
2016-09-19, 1, wei_ruo, 10.72, 9.67, 0.94, 9.58, 9.60, 9.73, 9.60, 200640.61, 194085582, 1.11, 1.36, 0.78, 638.44085
2016-09-20, 1, wei_ruo, 10.72, 9.61, -0.62, 9.67, 9.66, 9.68, 9.59, 147594.06, 142053382, 0.82, 0.93, 0.58, 2501.38116
2016-09-21, 1, wei_ruo, 10.72, 9.65, 0.42, 9.61, 9.61, 9.71, 9.58, 195748.68, 188881006, 1.08, 1.35, 0.77, 441.03289
2016-09-22, 1, wei_ruo, 10.72, 9.65, 0.00, 9.65, 9.71, 9.74, 9.63, 167237.4, 162020283, 0.93, 1.14, 0.65, 518.15104
2016-09-23, 1, wei_ruo, 10.72, 9.59, -0.62, 9.65, 9.65, 9.69, 9.57, 192181.84, 184653819, 1.06, 1.24, 0.76, 10567.60907
2016-09-26, 1, wei_ruo, 10.72, 9.36, -2.50, 9.60, 9.57, 9.60, 9.34, 275334.31, 261605907, 1.52, 2.71, 1.08, 1792.38296
2016-09-27, 1, wei_ruo, 10.72, 9.50, 1.50, 9.36, 9.35, 9.57, 9.33, 227909.6, 215807224, 1.26, 2.56, 0.89, 703.77898
2016-09-28, 1, wei_ruo, 10.72, 9.44, -0.63, 9.50, 9.55, 9.55, 9.41, 136826.97, 129535420, 0.76, 1.47, 0.54, 559.54003
2016-09-29, 1, wei_ruo, 10.72, 9.43, -0.11, 9.44, 9.48, 9.50, 9.41, 185802.83, 175577695, 1.03, 0.95, 0.73, 4169.55805
2016-09-30, 1, wei_ruo, 10.72, 9.42, -0.11, 9.43, 9.44, 9.46, 9.37, 200439.06, 188649665, 1.11, 0.95, 0.78, 3040.24291
2016-10-10, 1, wei_ruo, 10.72, 9.65, 2.44, 9.42, 9.48, 9.67, 9.45, 380939.47, 364507628, 2.11, 2.34, 1.49, 607.63693
2016-10-11, 1, wei_ruo, 10.72, 9.62, -0.31, 9.65, 9.65, 9.67, 9.56, 295030.3, 283417450, 1.63, 1.14, 1.15, 797.77503
2016-10-12, 1, wei_ruo, 10.72, 9.56, -0.62, 9.62, 9.58, 9.60, 9.53, 273960.7, 262086543, 1.52, 0.73, 1.07, 1013.96513
2016-10-13, 1, wei_ruo, 10.72, 9.55, -0.10, 9.56, 9.57, 9.58, 9.47, 328015.92, 312180629, 1.81, 1.15, 1.28, 10018.51511
2016-10-14, 1, wei_ruo, 10.41, 9.52, -0.31, 9.55, 9.54, 9.55, 9.42, 319664.89, 302552701, 1.77, 1.36, 1.25, 1276.49593
2016-10-17, 1, wei_ruo, 10.39, 9.46, -0.63, 9.52, 9.56, 9.57, 9.38, 308763.71, 293495111, 1.71, 2.00, 1.21, 648.00596
2016-10-18, 1, wei_ruo, 10.37, 9.54, 0.21, 9.52, 9.56, 9.57, 9.50, 144379.48, 137687813, 0.80, 0.74, 1.13, 27483.77514
2016-10-19, 1, wei_ruo, 10.34, , , , , , , , , , , , 9727.54717
2016-10-20, 1, wei_ruo, 10.33, 9.78, -1.01, 9.88, 9.80, 9.90, 9.76, 505215.27, 495294524, 2.80, 1.42, 1.26, 739.4402
2016-10-21, 1, wei_ruo, 10.32, 9.69, -0.92, 9.78, 9.80, 9.85, 9.61, 376549.2, 365760896, 2.08, 2.45, 0.83, 3295.49384
2016-10-24, 1, wei_ruo, 10.30, 9.74, 0.52, 9.69, 9.69, 9.80, 9.66, 346053.84, 337276896, 1.91, 1.44, 0.71, 968.59908
2016-10-25, 1, wei_ruo, 10.30, 9.74, 0.00, 9.74, 9.76, 9.82, 9.71, 274999.03, 268192245, 1.52, 1.13, 0.56, 356.02307
2016-10-26, 1, wei_ruo, 10.29, 9.67, -0.72, 9.74, 9.71, 9.78, 9.64, 258091.07, 250195027, 1.43, 1.44, 0.53, 2552.89388
2016-10-27, 1, wei_ruo, 10.28, 9.70, 0.31, 9.67, 9.70, 9.77, 9.63, 315811.68, 306245109, 1.75, 1.45, 0.65, 623.79098
2016-10-28, 1, wei_ruo, 10.27, 9.58, -1.34, 9.71, 9.69, 9.74, 9.57, 317618.9, 306098834, 1.76, 1.75, 0.65, 1211.19809
2016-10-31, 1, wei_ruo, 10.26, 9.50, -0.84, 9.58, 9.52, 9.57, 9.47, 238708.4, 226910859, 1.32, 1.04, 0.49, 672.59383
2016-11-01, 1, wei_ruo, 10.25, 9.55, 0.53, 9.50, 9.53, 9.57, 9.50, 274531.51, 261621585, 1.52, 0.74, 0.56, 484.42316
2016-11-02, 1, wei_ruo, 10.23, 9.43, -1.26, 9.55, 9.52, 9.54, 9.41, 336912.76, 318957563, 1.86, 1.36, 0.69, 664.45398
2016-11-03, 1, wei_ruo, 10.22, 9.47, 0.42, 9.43, 9.40, 9.52, 9.38, 272319.92, 257560517, 1.51, 1.48, 0.56, 522.23396
2016-11-04, 1, wei_ruo, 10.20, 9.60, 1.37, 9.47, 9.47, 9.86, 9.44, 633675.28, 613061210, 3.51, 4.44, 1.29, 441.70308
2016-11-07, 1, wei_ruo, 10.19, 9.48, -1.25, 9.60, 9.54, 9.58, 9.45, 312750.82, 297254547, 1.73, 1.35, 0.64, 653.77712
2016-11-08, 1, wei_ruo, 10.18, 9.53, 0.53, 9.48, 9.51, 9.58, 9.48, 276260.35, 263322463, 1.53, 1.05, 0.56, 767.32922
2016-11-09, 1, wei_ruo, 10.16, 9.40, -1.36, 9.53, 9.53, 9.58, 9.36, 368153.86, 347818308, 2.04, 2.31, 0.75, 762.91394
2016-11-10, 1, wei_ruo, 10.15, 9.57, 1.81, 9.40, 9.47, 9.66, 9.45, 430132.27, 410178851, 2.38, 2.23, 0.88, 718.8201
2016-11-11, 1, wei_ruo, 10.13, 9.62, 0.52, 9.57, 9.54, 9.65, 9.48, 509040.66, 485877578, 2.82, 1.78, 1.04, 668.926
2016-11-14, 1, wei_ruo, 10.12, 9.67, 0.52, 9.62, 9.62, 9.76, 9.61, 554805.56, 537489624, 3.07, 1.56, 1.14, 458.07219
2016-11-15, 1, wei_ruo, 10.10, 10.04, 3.93, 9.66, 9.67, 10.14, 9.62, 1415038.17, 1399469831, 7.83, 5.38, 2.91, 497.03288
2016-11-16, 1, wei_ruo, 10.10, 10.00, -0.50, 10.05, 10.06, 10.27, 9.94, 980704.07, 991796040, 5.43, 3.28, 4.00, 408.19502
2016-11-17, 2, qing_du, 10.09, 10.00, -0.50, 10.05, 10.06, 10.27, 9.94, 980704.07, 991796040, 5.43, 3.28, 4.00, 604.60591
2016-11-18, 1, wei_ruo, 10.08, 10.00, -0.50, 10.05, 10.06, 10.27, 9.94, 980704.07, 991796040, 5.43, 3.28, 4.00, 487.85806
2016-11-21, 1, wei_ruo, 10.07, 9.74, 0.41, 9.70, 9.69, 9.76, 9.67, 414642.1, 402695232, 2.29, 0.93, 0.85, 353.00303
2016-11-22, 1, wei_ruo, 10.06, 9.95, 2.16, 9.74, 9.75, 10.04, 9.72, 833529.89, 823147245, 4.61, 3.29, 1.70, 3721.802
2016-11-23, 1, wei_ruo, 10.06, 9.94, -0.10, 9.95, 9.98, 10.15, 9.89, 1127429.38, 1128485039, 6.24, 2.61, 2.32, 526.69501
2016-11-24, 2, qing_du, 10.05, 9.77, -1.61, 9.93, 9.87, 9.95, 9.75, 579243.24, 570565410, 3.20, 2.01, 1.19, 477.46015
2016-11-25, 2, qing_du, 10.05, 10.17, 4.09, 9.77, 9.77, 10.20, 9.70, 1623331.57, 1631272493, 8.98, 5.12, 3.31, 715.32702
2016-11-28, 2, qing_du, 10.05, 10.09, -0.79, 10.17, 10.20, 10.26, 10.07, 995939.5, 1010814482, 5.51, 1.87, 2.05, 462.40592
2016-11-29, 3, zhong_du, 10.14, 10.66, 5.54, 10.10, 10.05, 11.11, 10.02, 2936505.6, 3106038177, 16.25, 10.79, 5.99, 329.27203
2016-11-30, 3, zhong_du, 10.30, 11.06, 3.75, 10.66, 10.52, 11.44, 10.50, 3226234.52, 3566634569, 17.85, 8.82, 6.63, 488.73711
2016-12-01, 3, zhong_du, 10.35, 10.94, -1.08, 11.06, 10.91, 11.05, 10.74, 1559691.56, 1700845174, 8.63, 2.80, 3.18, 374.94898
2016-12-02, 3, zhong_du, 10.38, 10.53, -3.75, 10.94, 10.90, 11.12, 10.53, 1647546.09, 1777678356, 9.12, 5.39, 3.36, 541.48316
2016-12-05, 3, zhong_du, 10.41, 10.70, 1.61, 10.53, 10.39, 10.98, 10.33, 1491892.81, 1607639319, 8.25, 6.17, 3.07, 969.85388
2016-12-06, 3, zhong_du, 10.41, 10.29, -3.92, 10.71, 10.68, 10.76, 10.19, 1396875.83, 1461631732, 7.73, 5.32, 2.85, 680.01103
2016-12-07, 2, qing_du, 10.41, 10.39, 0.97, 10.29, 10.30, 10.44, 10.25, 850506.44, 879473566, 4.71, 1.85, 1.73, 814.34989
2016-12-08, 2, qing_du, 10.40, 10.27, -1.15, 10.39, 10.39, 10.47, 10.20, 947443.79, 977944586, 5.24, 2.60, 1.93, 600.6
2016-12-09, 2, qing_du, 10.39, 10.31, 0.39, 10.27, 10.21, 10.42, 10.10, 1089211.71, 1118754126, 6.03, 3.12, 2.22, 593.15205
2016-12-12, 2, qing_du, 10.37, 9.88, -4.17, 10.31, 10.23, 10.55, 9.80, 1534922.88, 1567431250, 8.49, 7.27, 3.13, 444.48805
2016-12-13, 1, wei_ruo, 10.33, 9.76, -1.21, 9.88, 9.78, 9.95, 9.58, 1058512.74, 1032392879, 5.86, 3.74, 2.16, 701.67398
2016-12-14, 1, wei_ruo, 10.30, 9.66, -1.02, 9.76, 9.72, 9.88, 9.54, 956390.65, 928410519, 5.29, 3.48, 1.95, 463.55915
2016-12-15, 1, wei_ruo, 10.27, 9.89, 2.38, 9.66, 9.74, 10.10, 9.74, 1156307.53, 1146403954, 6.40, 3.73, 2.36, 546.93389
2016-12-16, 1, wei_ruo, 10.26, 9.85, -0.40, 9.89, 9.82, 10.05, 9.78, 780685.6, 772282711, 4.32, 2.73, 1.59, 697.03484
2016-12-19, 1, wei_ruo, 10.23, 9.63, -2.23, 9.85, 9.78, 9.84, 9.58, 754289.62, 729169483, 4.17, 2.64, 1.54, 632.4501
2016-12-20, 1, wei_ruo, 10.21, 9.73, 1.04, 9.63, 9.59, 9.75, 9.59, 590448.29, 571587360, 3.27, 1.66, 1.20, 527.74382
2016-12-21, 1, wei_ruo, 10.20, 9.74, 0.10, 9.73, 9.73, 9.76, 9.66, 578166.08, 560971926, 3.20, 1.03, 1.18, 519.64402
2016-12-22, 1, wei_ruo, 10.18, 9.72, -0.21, 9.74, 9.70, 9.80, 9.60, 564831.39, 547100226, 3.13, 2.05, 1.15, 371.82403
2016-12-23, 1, wei_ruo, 10.15, 9.36, -3.70, 9.72, 9.66, 9.71, 9.35, 846684.41, 803552559, 4.68, 3.70, 1.73, 417.44113
2016-12-26, 1, wei_ruo, 10.12, 9.32, -0.43, 9.36, 9.31, 9.34, 9.03, 657693.04, 603684793, 3.40, 3.31, 1.34, 661.15189
2016-12-27, 1, wei_ruo, 10.11, 9.22, -1.07, 9.32, 9.28, 9.36, 9.22, 335559.47, 312125969, 1.73, 1.50, 0.68, 500.68402
2016-12-28, 1, wei_ruo, 10.09, 9.19, -0.33, 9.22, 9.26, 9.31, 9.16, 285276.77, 263491828, 1.47, 1.63, 0.58, 463.64594
2016-12-29, 1, wei_ruo, 10.07, 9.27, 0.87, 9.19, 9.20, 9.40, 9.20, 460218, 428762190, 2.38, 2.18, 0.94, 2535.82716
2016-12-30, 1, wei_ruo, 10.06, 9.24, -0.32, 9.27, 9.26, 9.34, 9.22, 281464.83, 260804089, 1.45, 1.29, 0.57, 935.32991
2017-01-03, 1, wei_ruo, 10.05, 9.24, -0.32, 9.27, 9.26, 9.34, 9.22, 281464.83, 260804089, 1.45, 1.29, 0.57, 2488.59501
2017-01-04, 1, wei_ruo, 10.03, 9.41, 1.18, 9.30, 9.30, 9.46, 9.27, 524504.18, 492293590, 2.71, 2.04, 1.07, 563.17496
2017-01-05, 1, wei_ruo, 10.02, 9.34, -0.74, 9.41, 9.43, 9.46, 9.32, 395669.67, 370843291, 2.04, 1.49, 0.81, 551.70918
2017-01-06, 1, wei_ruo, 10.00, 9.21, -1.39, 9.34, 9.36, 9.37, 9.20, 412342.91, 382364123, 2.13, 1.82, 0.84, 748.3871
2017-01-09, 1, wei_ruo, 9.99, 9.24, 0.33, 9.21, 9.22, 9.28, 9.13, 286569.76, 264059920, 1.48, 1.63, 0.58, 583.07409
2017-01-10, 1, wei_ruo, 9.98, 9.29, 0.54, 9.24, 9.23, 9.31, 9.19, 192067.57, 177841749, 0.99, 1.30, 0.78, 469.383
2017-01-11, 1, wei_ruo, 9.95, 9.28, 0.76, 9.21, 9.19, 9.55, 9.10, 810066.56, 755576076, 4.18, 4.89, 1.65, 3574.20516
2017-01-12, 1, wei_ruo, 9.93, 9.29, 0.54, 9.24, 9.23, 9.31, 9.19, 192067.57, 177841749, 0.99, 1.30, 0.78, 411.47494
2017-01-13, 1, wei_ruo, 9.91, 9.29, 0.54, 9.24, 9.23, 9.31, 9.19, 192067.57, 177841749, 0.99, 1.30, 0.78, 681.94199
2017-01-16, 1, wei_ruo, 9.87, 9.29, 0.54, 9.24, 9.23, 9.31, 9.19, 192067.57, 177841749, 0.99, 1.30, 0.78, 2533.42795
2017-01-17, 1, wei_ruo, 9.83, 9.29, 0.54, 9.24, 9.23, 9.31, 9.19, 192067.57, 177841749, 0.99, 1.30, 0.78, 665.17782
2017-01-18, 1, wei_ruo, 9.81, 8.84, -3.07, 9.12, 9.00, 9.05, 8.81, 443700.16, 396415748, 2.29, 2.63, 0.90, 17629.09317
2017-06-21, 1, wei_ruo, 9.75, 9.33, 5.54, 8.84, 9.72, 9.72, 9.14, 2802063.36, 2664815434, 14.47, 6.56, 5.71, 722.92185
2017-06-22, 1, wei_ruo, 9.69, 8.94, -4.18, 9.33, 9.18, 9.37, 8.92, 1570541.89, 1434948905, 8.11, 4.82, 3.20, 553.04909
2017-06-23, 1, wei_ruo, 9.64, 8.84, -1.12, 8.94, 8.81, 8.94, 8.52, 1159728.87, 1015840827, 5.99, 4.70, 2.37, 659.95407
2017-06-26, 1, wei_ruo, 9.60, 8.67, -1.92, 8.84, 8.77, 8.80, 8.60, 819335.44, 710843871, 4.23, 2.26, 1.67, 571.51389
2017-06-27, 1, wei_ruo, 9.56, 8.63, -0.46, 8.67, 8.76, 8.84, 8.57, 779879.54, 678323248, 4.03, 3.11, 1.59, 588.377
2017-06-28, 1, wei_ruo, 9.50, 8.28, -4.06, 8.63, 8.55, 8.62, 8.25, 951840.09, 799613987, 4.92, 4.29, 1.94, 773.06819
2017-06-29, 1, wei_ruo, 9.47, 8.32, 0.48, 8.28, 8.30, 8.42, 8.25, 488616.21, 407169435, 2.52, 2.05, 1.00, 3573.51518
2017-06-30, 1, wei_ruo, 9.44, 8.16, -1.92, 8.32, 8.17, 8.22, 8.04, 701952.42, 570866303, 3.63, 2.16, 1.43, 601.00508
2017-07-03, 1, wei_ruo, 9.40, 8.11, -0.61, 8.16, 8.10, 8.14, 8.02, 713660.67, 576950595, 2.70, 1.47, 1.46, 725.81983
2017-07-04, 1, wei_ruo, 9.36, 8.28, 2.10, 8.11, 8.14, 8.46, 8.13, 881898.18, 732401796, 3.34, 4.07, 1.80, 525.11001
2017-07-05, 1, wei_ruo, 9.34, 8.25, -0.36, 8.28, 8.22, 8.26, 8.16, 485694.52, 398547024, 1.84, 1.21, 0.99, 629.52399
2017-07-06, 1, wei_ruo, 9.32, 8.15, -1.21, 8.25, 8.26, 8.27, 8.11, 444791.22, 363568397, 1.68, 1.94, 0.91, 3339.7212
2017-07-07, 1, wei_ruo, 9.31, 8.19, 0.49, 8.15, 8.13, 8.21, 8.12, 341322.27, 278779032, 1.29, 1.10, 0.70, 747.81919
2017-07-10, 1, wei_ruo, 9.29, 8.09, -1.22, 8.19, 8.18, 8.18, 8.08, 365166.37, 296163047, 1.38, 1.22, 0.74, 644.60492
2017-07-11, 1, wei_ruo, 9.27, 8.10, 0.12, 8.09, 8.08, 8.23, 8.07, 386749.31, 315067807, 1.46, 1.98, 0.79, 616.01615
2017-07-12, 1, wei_ruo, 9.23, 8.22, 1.73, 8.08, 8.07, 8.24, 8.06, 487961.89, 397913189, 1.85, 2.23, 1.00, 610.33416
2017-07-13, 1, wei_ruo, 9.22, 8.11, -1.34, 8.22, 8.22, 8.22, 8.09, 346254.95, 281787364, 1.31, 1.58, 0.71, 767.67921
2017-07-14, 1, wei_ruo, --, 7.58, -6.54, 8.11, 7.95, 7.96, 7.52, 1119668.84, 862808054, 4.24, 5.43, 2.28, 575.42706
2017-07-17, 1, wei_ruo, --, 6.99, -7.78, 7.58, 7.50, 7.52, 6.96, 836702.93, 600797741, 3.17, 7.39, 1.71, 851.73512
2017-07-19, 1, wei_ruo, --, 7.14, 0.42, 7.11, 7.07, 7.18, 6.96, 434170, 306907479, 1.64, 3.09, 0.89, 520.05005
2017-07-20, 1, wei_ruo, --, 7.07, -0.98, 7.14, 7.12, 7.29, 7.05, 521813.24, 373998042, 1.97, 3.36, 1.06, 495.97311
2017-07-21, 1, wei_ruo, --, 7.06, -0.14, 7.07, 7.04, 7.18, 7.03, 305402.31, 216266335, 1.16, 2.12, 0.62, 2532.49216
2017-07-24, 1, wei_ruo, 8.94, 7.08, 0.28, 7.06, 7.05, 7.11, 7.02, 329466.86, 232625349, 1.25, 1.27, 0.67, 30737.68187
2017-07-25, 1, wei_ruo, --, 7.16, 1.13, 7.08, 7.07, 7.25, 7.05, 851997.89, 609533900, 3.22, 2.82, 1.74, 708.21595
2017-07-26, 1, wei_ruo, --, 7.17, 0.14, 7.16, 7.15, 7.22, 7.06, 510576.82, 364805621, 1.93, 2.23, 1.04, 855.17311
2017-07-27, 1, wei_ruo, 8.76, 7.79, 8.65, 7.17, 7.14, 7.85, 7.10, 1848736.26, 1394057612, 7.00, 10.46, 3.77, 802.34003
2017-07-28, 1, wei_ruo, 8.71, 7.51, -3.59, 7.79, 7.67, 7.73, 7.51, 1048723.08, 797845983, 3.97, 2.82, 2.14, 718.28914
2017-07-31, 1, wei_ruo, 8.69, 7.53, 0.27, 7.51, 7.49, 7.62, 7.47, 556506.41, 420802530, 2.11, 2.00, 1.13, 881.34313
2017-08-01, 1, wei_ruo, 8.66, 7.62, 1.20, 7.53, 7.53, 7.71, 7.51, 639310.88, 485982163, 2.42, 2.66, 1.30, 700.24705
2017-08-02, 1, wei_ruo, 8.64, 7.48, -1.84, 7.62, 7.63, 7.66, 7.48, 525980.64, 397435375, 1.99, 2.36, 1.07, 1085.89411
2017-08-03, 1, wei_ruo, 8.60, 7.68, 2.67, 7.48, 7.50, 7.87, 7.45, 1111454.06, 855437855, 4.21, 5.61, 2.27, 693.16196
2017-08-04, 1, wei_ruo, 8.58, 7.58, -1.30, 7.68, 7.65, 7.74, 7.58, 584665.11, 446411454, 2.21, 2.08, 1.19, 749.06707
2017-08-07, 1, wei_ruo, 8.56, 7.60, 0.26, 7.58, 7.58, 7.72, 7.56, 404177.76, 308231230, 1.53, 2.11, 0.82, 662.00399
2017-08-08, 1, wei_ruo, 8.54, 7.68, 1.05, 7.60, 7.58, 7.72, 7.52, 705814.63, 540064872, 2.67, 2.63, 1.44, 583.64797
2017-08-09, 1, wei_ruo, 8.52, 7.62, -0.78, 7.68, 7.65, 7.74, 7.60, 534824.15, 409766796, 2.02, 1.82, 1.09, 939.0831
2017-08-10, 1, wei_ruo, 8.49, 7.38, -3.15, 7.62, 7.60, 7.66, 7.32, 648109.64, 484866254, 2.45, 4.46, 1.32, 704.05793
2017-08-11, 1, wei_ruo, 8.47, 7.35, -0.41, 7.38, 7.30, 7.55, 7.27, 596221.36, 442444131, 2.26, 3.79, 1.22, 594.75493
2017-08-14, 1, wei_ruo, 8.45, 7.52, 2.31, 7.35, 7.36, 7.54, 7.31, 477219.72, 356851934, 1.81, 3.13, 0.97, 840.40618
2017-08-15, 1, wei_ruo, 8.43, 7.64, 1.60, 7.52, 7.52, 7.69, 7.45, 595730.15, 450013523, 2.25, 3.19, 1.21, 926.22185
2017-08-16, 1, wei_ruo, 8.39, 7.99, 4.58, 7.64, 7.62, 8.14, 7.60, 1844980.36, 1467386660, 6.98, 7.07, 3.76, 575.64998
2017-08-17, 1, wei_ruo, 8.38, 7.96, -0.38, 7.99, 7.95, 8.06, 7.87, 1074021.46, 854571836, 4.06, 2.38, 2.19, 695.00399
2017-08-18, 1, wei_ruo, 8.36, 8.09, 1.63, 7.96, 7.88, 8.27, 7.85, 1255376.57, 1018901313, 4.75, 5.28, 2.56, 720.73388
2017-08-21, 2, qing_du, 8.35, 7.99, -1.24, 8.09, 8.03, 8.14, 7.90, 792112.2, 633292757, 3.00, 2.97, 1.62, 863.88016
2017-08-22, 2, qing_du, 8.34, 7.83, -2.00, 7.99, 7.97, 7.97, 7.81, 513721.25, 405155091, 1.94, 2.00, 1.05, 1076.40719
2017-08-23, 2, qing_du, 8.33, 7.79, -0.51, 7.83, 7.82, 7.89, 7.76, 412605.95, 322812144, 1.56, 1.66, 0.84, 855.72195
2017-08-24, 2, qing_du, 8.33, 7.79, 0.00, 7.79, 7.80, 7.92, 7.76, 441938.58, 346457802, 1.67, 2.05, 0.90, 1366.77599
2017-08-25, 2, qing_du, 8.32, 7.87, 1.03, 7.79, 7.80, 7.89, 7.77, 392850.32, 308189764, 1.49, 1.54, 0.80, 767.75002
2017-08-28, 2, qing_du, 8.31, 7.94, 0.89, 7.87, 7.91, 8.03, 7.84, 649188.06, 516188666, 2.46, 2.41, 1.32, 745.31007
2017-08-29, 2, qing_du, 8.30, 7.79, -1.89, 7.94, 7.91, 7.97, 7.77, 495563.13, 389435779, 1.88, 2.52, 1.01, 1125.52214
2017-08-30, 2, qing_du, 8.29, 7.80, 0.13, 7.79, 7.78, 7.88, 7.75, 370785.54, 289912954, 1.40, 1.67, 0.76, 1075.05298
2017-08-31, 2, qing_du, 8.29, 7.87, 0.90, 7.80, 7.80, 7.91, 7.78, 414772.4, 325800592, 1.57, 1.67, 0.85, 724.08795
2017-09-01, 3, zhong_du, 8.28, 7.86, 0.77, 7.80, 7.80, 7.87, 7.78, 168136.31, 131458798, 0.64, 1.15, 0.69, 696.44403
2017-09-04, 3, zhong_du, 8.27, 7.86, 0.77, 7.80, 7.80, 7.87, 7.78, 168136.31, 131458798, 0.64, 1.15, 0.69, 663.44404
2017-09-05, 3, zhong_du, 8.27, 7.86, 0.77, 7.80, 7.80, 7.87, 7.78, 168136.31, 131458798, 0.64, 1.15, 0.69, 674.24202
2017-09-06, 3, zhong_du, 8.26, 7.86, 0.77, 7.80, 7.80, 7.87, 7.78, 168136.31, 131458798, 0.64, 1.15, 0.69, 707.34811
2017-09-07, 4, gao_du, 8.26, 7.86, 0.77, 7.80, 7.80, 7.87, 7.78, 168136.31, 131458798, 0.64, 1.15, 0.69, 1192.25383
2017-09-08, 4, gao_du, 8.25, 8.15, 0.87, 8.08, 8.04, 8.28, 8.01, 913803.25, 746037123, 3.46, 3.34, 1.86, 645.03384
2017-09-11, 4, gao_du, 8.25, 8.14, -0.12, 8.15, 8.18, 8.19, 8.06, 517700.45, 420216185, 1.96, 1.60, 1.06, 848.46997
2017-09-12, 4, gao_du, 8.24, 7.91, -2.83, 8.14, 8.14, 8.15, 7.90, 810604.22, 648901750, 3.07, 3.07, 1.65, 580.67894
2017-09-13, 4, gao_du, 8.24, 7.87, -0.51, 7.91, 7.90, 7.96, 7.83, 410841.1, 323729808, 1.55, 1.64, 0.84, 522.10593
2017-09-14, 4, gao_du, 8.23, 7.78, -1.14, 7.87, 7.87, 7.90, 7.75, 429076.32, 335531912, 1.62, 1.91, 0.88, 794.10791
2017-09-15, 3, zhong_du, 8.22, 7.77, -0.13, 7.78, 7.81, 7.84, 7.74, 241811.76, 188043503, 0.92, 1.29, 0.49, 20908.27608
2017-09-18, 3, zhong_du, 8.22, 7.84, 0.90, 7.77, 7.76, 7.87, 7.75, 283346.63, 221449650, 1.07, 1.54, 0.58, 726.23396
2017-09-19, 3, zhong_du, 8.21, 7.69, -1.91, 7.84, 7.83, 7.87, 7.68, 355670.87, 276561986, 1.35, 2.42, 0.73, 817.36207
2017-09-20, 3, zhong_du, 8.21, 7.79, 1.30, 7.69, 7.70, 7.80, 7.66, 314726.81, 243256959, 1.19, 1.82, 0.64, 687.86192
2017-09-21, 3, zhong_du, 8.20, 7.71, -1.03, 7.79, 7.79, 7.87, 7.70, 310428.08, 241799957, 1.17, 2.18, 0.63, 785.1119
2017-09-22, 3, zhong_du, 8.20, 7.55, -2.08, 7.71, 7.68, 7.68, 7.53, 339567.4, 257320388, 1.28, 1.95, 0.69, 702.46005
2017-09-25, 2, qing_du, 8.19, 7.39, -2.12, 7.55, 7.53, 7.60, 7.38, 250394.98, 187586277, 0.95, 2.91, 0.51, 572.69406
2017-09-26, 2, qing_du, 8.18, 7.43, 0.54, 7.39, 7.41, 7.47, 7.33, 236871.35, 175377010, 0.90, 1.89, 0.48, 659.14702
2017-09-27, 1, wei_ruo, 8.17, 7.52, 1.21, 7.43, 7.53, 7.58, 7.49, 259936.38, 195747980, 0.98, 1.21, 0.53, 684.63397
2017-09-28, 1, wei_ruo, 8.17, 7.42, -1.33, 7.52, 7.53, 7.56, 7.42, 213597.06, 159671411, 0.81, 1.86, 0.44, 547.74809
2017-09-29, 1, wei_ruo, 8.16, 7.47, 0.67, 7.42, 7.45, 7.52, 7.43, 214303.82, 160366052, 0.81, 1.21, 0.44, 753.85785
2017-10-10, 1, wei_ruo, 8.15, 7.78, 2.64, 7.58, 7.59, 7.79, 7.59, 530351.55, 408931302, 2.01, 2.64, 1.08, 3226.83501
2017-10-12, 2, qing_du, 8.14, 7.65, -0.65, 7.70, 7.68, 7.77, 7.60, 233670.56, 179332266, 0.88, 2.21, 0.48, 867.86914
2017-10-13, 2, qing_du, 8.14, 7.69, 0.52, 7.65, 7.67, 7.72, 7.65, 202509.24, 155654712, 0.77, 0.92, 0.41, 706.949
2017-10-16, 2, qing_du, 8.12, 7.27, -5.46, 7.69, 7.65, 7.65, 7.27, 731640.86, 541871384, 2.77, 4.94, 1.49, 853.28698
2017-10-17, 1, wei_ruo, 8.11, 7.30, 0.41, 7.27, 7.30, 7.36, 7.27, 213731.73, 156258594, 0.81, 1.24, 0.44, 482.28407
2017-10-18, 1, wei_ruo, 8.10, 7.28, -0.27, 7.30, 7.29, 7.46, 7.26, 290406.07, 213740959, 1.10, 2.74, 0.59, 670.8622
2017-10-19, 1, wei_ruo, 8.09, 7.15, -1.79, 7.28, 7.28, 7.30, 7.10, 243455.68, 175136558, 0.92, 2.75, 0.50, 634.88197
2017-10-20, 1, wei_ruo, 8.09, 7.26, 1.54, 7.15, 7.20, 7.27, 7.16, 180671, 130390578, 0.68, 1.54, 0.37, 653.02801
2017-10-23, 1, wei_ruo, 8.08, 7.28, 0.28, 7.26, 7.28, 7.31, 7.24, 137308.73, 99856986, 0.52, 0.96, 0.28, 752.58517
2017-10-24, 1, wei_ruo, 8.08, 7.21, -0.96, 7.28, 7.27, 7.27, 7.15, 173492, 125052457, 0.66, 1.65, 0.35, 928.87998
2017-10-25, 1, wei_ruo, 8.07, 7.26, 0.69, 7.21, 7.21, 7.28, 7.19, 152556.34, 110373902, 0.58, 1.25, 0.31, 2759.06396
2017-10-26, 1, wei_ruo, 8.06, 7.35, 1.24, 7.26, 7.24, 7.37, 7.24, 320044.19, 233979563, 1.21, 1.79, 0.65, 673.01607
2017-10-27, 1, wei_ruo, 8.06, 7.22, -1.77, 7.35, 7.36, 7.38, 7.21, 209434.18, 152591349, 0.79, 2.31, 0.43, 714.59317
2017-10-30, 1, wei_ruo, 8.03, 6.83, -5.40, 7.22, 7.14, 7.15, 6.81, 530884.3, 366090071, 2.01, 4.71, 1.08, 813.08985
2017-10-31, 1, wei_ruo, 8.03, 6.84, 0.15, 6.83, 6.80, 6.89, 6.80, 153423.73, 104959916, 0.58, 1.32, 0.31, 661.34
2017-11-01, 1, wei_ruo, 8.02, 6.86, 0.29, 6.84, 6.86, 6.95, 6.85, 167392.32, 115370813, 0.63, 1.46, 0.34, 2209.00011
2017-11-02, 1, wei_ruo, 8.01, 6.67, -2.77, 6.86, 6.85, 6.85, 6.67, 279705.41, 188522526, 1.06, 2.62, 0.57, 795.00389
2017-11-03, 1, wei_ruo, 8.00, 6.66, -0.15, 6.67, 6.73, 6.78, 6.61, 204060.66, 136661673, 0.77, 2.55, 0.42, 755.23806
2017-11-06, 1, wei_ruo, 7.99, 6.66, 0.00, 6.66, 6.66, 6.70, 6.53, 193131.19, 127367305, 0.73, 2.55, 0.39, 825.78802
2017-11-07, 1, wei_ruo, 7.97, 6.79, 1.95, 6.66, 6.66, 6.85, 6.62, 301485.89, 202331207, 1.14, 3.45, 0.61, 60635.50496
2017-11-08, 1, wei_ruo, 7.95, 6.69, 0.45, 6.66, 6.66, 6.71, 6.62, 124293.7, 82719180, 0.47, 1.35, 0.51, 62606.00996
2017-11-09, 1, wei_ruo, 7.94, 6.82, -0.73, 6.87, 6.83, 6.87, 6.76, 304270.39, 207154051, 1.15, 1.60, 0.62, 858.14309
2017-11-10, 1, wei_ruo, 7.93, 6.69, 0.45, 6.66, 6.66, 6.71, 6.62, 124293.7, 82719180, 0.47, 1.35, 0.51, 558.38203
2017-11-13, 1, wei_ruo, 7.92, 6.72, -0.74, 6.77, 6.77, 6.84, 6.66, 240474.27, 162197775, 0.91, 2.66, 0.84, 713.72914
2017-11-14, 1, wei_ruo, 7.91, 6.70, -0.30, 6.72, 6.71, 6.81, 6.67, 211856.32, 142699686, 0.80, 2.08, 0.72, 788.06496
2017-11-15, 1, wei_ruo, 7.90, 6.67, -0.45, 6.70, 6.68, 6.76, 6.63, 193270.28, 129218208, 0.73, 1.94, 0.70, 735.71801
2017-11-16, 1, wei_ruo, 7.89, 6.73, 0.90, 6.67, 6.67, 6.85, 6.58, 323064.15, 217527676, 1.22, 4.05, 1.39, 3739.19296
2017-11-17, 1, wei_ruo, 7.86, 6.27, -6.84, 6.73, 6.71, 6.73, 6.21, 470384.94, 303227547, 1.78, 7.73, 1.99, 698.69304
2017-11-20, 1, wei_ruo, 7.85, 6.21, -0.96, 6.27, 6.26, 6.27, 6.08, 231946.5, 143034942, 0.88, 3.03, 0.81, 685.53185
2017-11-21, 1, wei_ruo, 7.83, 6.17, -0.64, 6.21, 6.20, 6.24, 6.10, 211335.86, 130537244, 0.80, 2.25, 0.74, 715.204
2017-11-22, 1, wei_ruo, 7.82, 6.20, 0.49, 6.17, 6.16, 6.26, 6.12, 234449.67, 145040307, 0.89, 2.27, 0.82, 658.49113
2017-11-23, 1, wei_ruo, 7.80, 6.09, -1.77, 6.20, 6.18, 6.30, 6.08, 353890.04, 218730396, 1.34, 3.55, 1.20, 724.69687
2017-11-24, 1, wei_ruo, 7.78, 6.02, -1.15, 6.09, 6.02, 6.13, 6.00, 248964.76, 150707027, 0.94, 2.13, 0.83, 527.87399
2017-11-27, 1, wei_ruo, 7.77, 6.04, 0.33, 6.02, 5.99, 6.15, 5.97, 225922.34, 137149084, 0.85, 2.99, 0.88, 632.70712
2017-11-28, 1, wei_ruo, 7.75, 6.10, 0.99, 6.04, 6.03, 6.14, 6.00, 221627.9, 134879750, 0.84, 2.32, 0.87, 1006.76417
2017-11-29, 1, wei_ruo, 7.74, 6.05, -0.82, 6.10, 6.08, 6.11, 5.99, 202327.62, 122194564, 0.77, 1.97, 0.79, 697.22581
2017-11-30, 1, wei_ruo, 7.73, 6.01, -0.66, 6.05, 6.01, 6.09, 6.00, 159680.88, 96383772, 0.60, 1.49, 0.64, 652.46987
2017-12-01, 1, wei_ruo, 7.70, 6.18, 2.83, 6.01, 5.99, 6.28, 5.97, 452410.09, 280052483, 1.71, 5.16, 2.14, 520.89715
2017-12-04, 1, wei_ruo, 7.68, 6.04, -2.27, 6.18, 6.14, 6.17, 6.02, 259353.89, 158276661, 0.98, 2.43, 1.03, 1467.31305
2017-12-05, 1, wei_ruo, 7.67, 6.01, -0.50, 6.04, 6.03, 6.15, 5.99, 286015.99, 173259130, 1.08, 2.65, 1.10, 768.48698
2017-12-06, 1, wei_ruo, 7.64, 6.17, 2.66, 6.01, 5.99, 6.22, 5.99, 465137.47, 284701660, 1.76, 3.83, 1.71, 3018.52202
2017-12-07, 1, wei_ruo, 7.62, 6.20, 0.49, 6.17, 6.15, 6.27, 6.11, 455976.26, 282663869, 1.73, 2.59, 1.41, 612.84399
2017-12-08, 1, wei_ruo, 7.60, 6.20, 0.00, 6.20, 6.17, 6.30, 6.17, 327829.81, 204516813, 1.24, 2.10, 0.85, 581.74396
2017-12-11, 1, wei_ruo, 7.58, 6.25, 0.81, 6.20, 6.23, 6.31, 6.19, 287104.04, 179491354, 1.09, 1.94, 0.80, 911.9451
2017-12-12, 1, wei_ruo, 7.57, 6.12, -2.08, 6.25, 6.26, 6.26, 6.11, 258379.19, 159685440, 0.98, 2.40, 0.71, 1186.29003
2017-12-13, 1, wei_ruo, 7.56, 6.07, -0.82, 6.12, 6.09, 6.13, 6.03, 251242.11, 152553890, 0.95, 1.63, 0.70, 2675.03309
2017-12-14, 1, wei_ruo, 7.54, 6.04, -0.49, 6.07, 6.05, 6.07, 6.00, 213204.71, 128502585, 0.81, 1.15, 0.67, 1670.42398
2017-12-15, 1, wei_ruo, 7.53, 6.06, 0.33, 6.04, 6.03, 6.10, 6.01, 203833.06, 123282706, 0.77, 1.49, 0.76, 1384.94587
2017-12-18, 1, wei_ruo, 7.52, 5.96, -1.65, 6.06, 6.06, 6.08, 5.95, 208459.37, 125167242, 0.79, 2.15, 0.86, 539.10112
2017-12-19, 1, wei_ruo, 7.51, 6.00, 0.67, 5.96, 5.97, 6.03, 5.96, 180606.02, 108252751, 0.68, 1.17, 0.80, 848.40298
2017-12-20, 1, wei_ruo, 7.49, 5.77, -3.83, 6.00, 6.00, 6.01, 5.71, 321804.24, 189273507, 1.22, 5.00, 1.52, 2646.91401
2017-12-21, 1, wei_ruo, 7.47, 5.72, -0.87, 5.77, 5.76, 5.79, 5.57, 321719.75, 183024604, 1.22, 3.81, 1.43, 597.00584
2017-12-22, 1, wei_ruo, 7.45, 5.66, -1.05, 5.72, 5.73, 5.76, 5.64, 184110.01, 104887058, 0.70, 2.10, 0.74, 688.04216
2017-12-25, 1, wei_ruo, 7.43, 5.43, -4.06, 5.66, 5.66, 5.66, 5.39, 351677.43, 193423440, 1.33, 4.77, 1.45, 610.847
2017-12-26, 1, wei_ruo, 7.41, 5.45, 0.37, 5.43, 5.41, 5.51, 5.40, 276761.8, 151005256, 1.05, 2.03, 1.02, 412.28485
2017-12-27, 1, wei_ruo, 7.39, 5.45, 0.00, 5.45, 5.43, 5.54, 5.42, 225801.05, 123888032, 0.85, 2.20, 0.78, 670.83502
2017-12-29, 1, wei_ruo, 7.36, 5.62, 1.08, 5.56, 5.56, 5.65, 5.55, 192402.07, 107792929, 0.73, 1.80, 0.77, 662.51421
2018-01-03, 1, wei_ruo, 7.34, 5.69, 1.25, 5.62, 5.62, 5.73, 5.59, 236511.47, 134086389, 0.89, 2.49, 1.09, 633.87084
2018-01-04, 1, wei_ruo, 7.32, 5.71, 0.35, 5.69, 5.72, 5.74, 5.65, 225202.67, 128145889, 0.85, 1.58, 1.08, 745.73421
2018-01-05, 1, wei_ruo, 7.31, 5.73, 0.35, 5.71, 5.69, 5.76, 5.67, 238293.71, 136246244, 0.90, 1.58, 1.14, 695.225
2018-01-08, 1, wei_ruo, 7.29, 5.76, 0.52, 5.73, 5.73, 5.77, 5.63, 345132.07, 196787823, 1.31, 2.44, 1.60, 618.81518
2018-01-09, 1, wei_ruo, 7.25, 5.94, 3.13, 5.76, 5.72, 6.07, 5.68, 628065.93, 369908081, 2.38, 6.77, 2.54, 750.86999
2018-01-10, 1, wei_ruo, 7.24, 5.84, -1.68, 5.94, 5.89, 5.95, 5.81, 306164.47, 180027179, 1.16, 2.36, 0.91, 1136.74593
2018-01-11, 1, wei_ruo, 7.21, 6.08, 4.11, 5.84, 5.87, 6.14, 5.84, 630909.63, 380779610, 2.39, 5.14, 1.81, 723.38986
2018-01-12, 1, wei_ruo, 7.18, 6.11, 0.49, 6.08, 6.15, 6.46, 6.10, 866395.64, 542496833, 3.28, 5.92, 2.02, 764.68396
2018-01-15, 1, wei_ruo, 7.15, 5.84, -4.42, 6.11, 5.99, 6.05, 5.82, 533893.28, 315292192, 2.02, 3.76, 0.96, 622.28703
2018-01-16, 1, wei_ruo, 7.14, 5.86, 0.34, 5.84, 5.84, 5.97, 5.83, 240564, 141667169, 0.91, 2.40, 0.41, 756.22487
2018-01-17, 1, wei_ruo, 7.12, 5.98, 2.05, 5.86, 5.76, 6.03, 5.66, 462871.46, 271150761, 1.75, 6.31, 0.90, 629.44913
2018-01-18, 1, wei_ruo, 7.11, 5.92, -1.00, 5.98, 5.94, 6.09, 5.92, 257055.56, 153834631, 0.97, 2.84, 0.47, 595.74199
2018-01-19, 1, wei_ruo, 7.10, 5.87, -0.84, 5.92, 5.94, 6.00, 5.86, 216616.54, 128257931, 0.82, 2.36, 0.46, 599.48397
2018-01-22, 1, wei_ruo, 7.07, 6.11, 4.09, 5.87, 5.87, 6.12, 5.74, 535300.99, 321332025, 2.03, 6.47, 1.56, 733.40201
2018-01-23, 1, wei_ruo, 7.06, 6.18, 1.15, 6.11, 6.07, 6.19, 6.03, 388459.45, 237014321, 1.47, 2.62, 1.13, 592.56601
2018-01-24, 2, qing_du, 7.03, 6.59, 6.63, 6.18, 6.14, 6.68, 6.12, 1216969.58, 785906488, 4.61, 9.06, 3.27, 2624.03393
2018-01-25, 2, qing_du, 7.01, 6.47, -1.82, 6.59, 6.51, 6.94, 6.45, 1231928.33, 825606397, 4.66, 7.44, 2.36, 2860.18109
2018-01-26, 3, zhong_du, 7.00, 6.66, 2.94, 6.47, 6.49, 6.75, 6.42, 750456.67, 496114882, 2.84, 5.10, 1.05, 675.12894
2018-01-29, 3, zhong_du, 6.99, 6.70, 0.60, 6.66, 6.60, 6.90, 6.57, 665622.31, 446835379, 2.52, 4.95, 0.81, 814.88609
2018-01-30, 3, zhong_du, 6.99, 6.49, -3.13, 6.70, 6.64, 6.76, 6.46, 478186.78, 313983677, 1.81, 4.48, 0.56, 388.17692
2018-01-31, 3, zhong_du, 6.97, 6.06, -6.63, 6.49, 6.15, 6.32, 6.06, 652737.29, 405039667, 2.47, 4.01, 0.75, 751.65701
2018-02-01, 2, qing_du, 6.95, 6.01, -0.83, 6.06, 6.17, 6.31, 5.96, 601825.79, 370765915, 2.28, 5.78, 0.80, 576.10488
2018-02-02, 2, qing_du, 6.93, 6.13, 2.00, 6.01, 6.11, 6.24, 5.96, 555574.46, 341816550, 2.10, 4.66, 0.88, 615.165
2018-02-05, 2, qing_du, 6.92, 6.21, 1.31, 6.13, 6.00, 6.26, 5.97, 431765.01, 266242658, 1.63, 4.73, 0.73, 760.83398
2018-02-06, 2, qing_du, 6.90, 6.01, -3.22, 6.21, 6.10, 6.35, 6.00, 601475.54, 371351124, 2.28, 5.64, 1.11, 580.96981
2018-02-07, 2, qing_du, 6.87, 6.21, 3.33, 6.01, 6.16, 6.34, 5.90, 821797.71, 507503545, 3.11, 7.32, 1.45, 777.02618
2018-02-08, 2, qing_du, 6.86, 6.46, 4.03, 6.21, 6.22, 6.53, 6.19, 884437.46, 567265594, 3.35, 5.48, 1.26, 1979.44093
2018-02-09, 2, qing_du, 6.84, 6.41, -0.77, 6.46, 6.25, 6.58, 6.21, 1004088.62, 643398744, 3.80, 5.73, 1.19, 845.12901
2018-02-12, 3, zhong_du, 6.83, 6.49, 1.25, 6.41, 6.50, 6.61, 6.36, 568528.39, 370086199, 2.15, 3.90, 0.62, 671.29016
2018-02-13, 3, zhong_du, 6.83, 6.41, -1.23, 6.49, 6.48, 6.55, 6.37, 483265.34, 311737393, 1.83, 2.77, 0.65, 581.98309
2018-02-14, 3, zhong_du, 6.82, 6.12, -4.52, 6.41, 6.48, 6.50, 6.11, 445592.01, 278384293, 1.69, 6.08, 0.83, 747.06006
