2016-02-01, 1, wei_ruo, 35.54, 28.75, -4.55, 30.12, 30.00, 30.00, 28.00, 184754.33, 536468308, 4.76, 6.64, 1.04, 704.844
2016-02-02, 1, wei_ruo, 35.21, 29.99, 4.31, 28.75, 29.21, 30.52, 29.21, 226102.62, 678962290, 5.83, 4.56, 1.27, 1132.0498
2016-02-03, 1, wei_ruo, 34.88, 30.74, 2.50, 29.99, 29.12, 31.08, 28.80, 255010.27, 765235581, 6.58, 7.60, 1.43, 1140.88082
2016-02-04, 1, wei_ruo, 34.66, 31.08, 1.11, 30.74, 30.80, 32.04, 30.56, 234059.83, 732825155, 6.04, 4.81, 1.31, 885.12802
2016-02-05, 1, wei_ruo, 34.49, 30.21, -2.80, 31.08, 31.40, 31.66, 30.03, 162032.38, 497347263, 4.18, 5.24, 0.91, 2239.58111
2016-02-15, 1, wei_ruo, 34.26, 31.92, 5.66, 30.21, 32.02, 33.00, 31.50, 376414.27, 1209123425, 9.71, 4.97, 2.11, 1042.15288
2016-02-16, 1, wei_ruo, 34.17, 34.03, 6.61, 31.92, 31.50, 34.67, 31.50, 429187.74, 1429185138, 11.07, 9.93, 2.41, 2898.38409
2016-02-17, 1, wei_ruo, 34.09, 33.62, -1.20, 34.03, 33.89, 34.25, 32.83, 488163.22, 1639193824, 12.59, 4.17, 2.74, 1001.35183
2016-02-18, 1, wei_ruo, 34.11, 33.95, 0.98, 33.62, 33.65, 35.30, 33.65, 373643.2, 1284416932, 9.63, 4.91, 2.10, 808.22396
2016-02-19, 1, wei_ruo, 34.23, 34.91, 2.83, 33.95, 34.31, 36.78, 34.28, 366612.8, 1299589567, 9.45, 7.36, 2.60, 666.5709
2016-02-22, 1, wei_ruo, 34.23, 35.57, 1.72, 34.97, 35.48, 35.89, 34.00, 343239.18, 1203816019, 8.85, 5.40, 0.82, 824.04399
2016-02-23, 1, wei_ruo, 34.47, 35.35, -0.62, 35.57, 35.75, 36.58, 34.68, 338932.71, 1202863877, 8.74, 5.34, 0.82, 567.71708
2016-02-24, 1, wei_ruo, 34.41, 33.95, -3.96, 35.35, 34.80, 35.09, 32.58, 328715.27, 1112186041, 8.48, 7.10, 0.83, 820.71996
2016-02-25, 1, wei_ruo, 34.22, 30.56, -9.99, 33.95, 33.60, 33.65, 30.56, 269380.14, 858733993, 6.95, 9.10, 0.74, 874.50981
2016-02-26, 1, wei_ruo, 33.97, 29.63, -3.04, 30.56, 30.98, 31.18, 28.50, 212573.65, 634230621, 5.48, 8.77, 0.62, 812.03699
2016-02-29, 1, wei_ruo, 33.62, 26.70, -9.89, 29.63, 29.15, 29.63, 26.67, 219593.48, 597522531, 5.66, 9.99, 0.74, 3180.81284
2016-03-01, 1, wei_ruo, 33.21, 27.14, 1.65, 26.70, 26.70, 27.48, 25.11, 224850.64, 598514788, 5.80, 8.88, 0.82, 806.01001
2016-03-02, 1, wei_ruo, 32.87, 29.85, 9.99, 27.14, 26.95, 29.85, 26.14, 289960.62, 817387804, 7.48, 13.67, 1.16, 459.03993
2016-03-03, 1, wei_ruo, 32.64, 29.10, -2.51, 29.85, 30.10, 30.48, 28.90, 264467.1, 788188238, 6.82, 5.29, 1.09, 2433.11691
2016-03-04, 1, wei_ruo, 32.36, 26.91, -7.53, 29.10, 28.75, 28.98, 26.60, 204599.43, 565592290, 5.28, 8.18, 0.84, 2180.09305
2016-03-07, 1, wei_ruo, 31.93, 29.60, 10.00, 26.91, 28.09, 29.60, 28.00, 513769.92, 1507104832, 13.25, 5.95, 2.13, 2603.719
2016-03-08, 1, wei_ruo, 31.59, 30.00, 1.35, 29.60, 29.40, 30.17, 27.80, 507327.58, 1481341477, 13.08, 8.01, 1.69, 2429.35801
2016-03-09, 1, wei_ruo, 31.36, 28.25, -5.83, 30.00, 28.98, 29.88, 28.05, 303404.91, 875309674, 7.82, 6.10, 0.85, 2558.40206
2016-03-10, 1, wei_ruo, 31.16, 28.12, -0.46, 28.25, 29.29, 29.85, 27.85, 282928.04, 813512497, 7.30, 7.08, 0.79, 790.77291
2016-03-11, 1, wei_ruo, 30.98, 27.76, -1.28, 28.12, 27.10, 27.94, 26.82, 189199.87, 517426961, 4.88, 3.98, 0.52, 3699.55182
2016-03-14, 1, wei_ruo, 30.81, 29.32, 5.62, 27.76, 28.48, 30.30, 28.18, 390034.44, 1154503539, 10.06, 7.64, 1.09, 667.62114
2016-03-15, 1, wei_ruo, 30.70, 28.54, -2.66, 29.32, 29.16, 29.39, 28.40, 215296.99, 620933810, 5.55, 3.38, 0.64, 2584.28502
2016-03-16, 1, wei_ruo, 30.59, 28.20, -1.19, 28.54, 29.00, 29.22, 27.90, 178334.43, 507742730, 4.60, 4.63, 0.65, 506.60491
2016-03-17, 1, wei_ruo, 30.48, 29.93, 6.13, 28.20, 28.43, 30.28, 28.30, 408022.13, 1204885073, 10.52, 7.02, 1.62, 1208.45199
2016-03-18, 1, wei_ruo, 30.60, 32.25, 7.75, 29.93, 30.25, 32.31, 29.93, 442310.26, 1387705611, 11.41, 7.95, 1.60, 2568.42303
2016-03-21, 1, wei_ruo, 30.90, 33.76, 4.68, 32.25, 33.49, 33.77, 32.50, 431134.87, 1427749031, 11.12, 3.94, 1.32, 749.80617
2016-03-22, 1, wei_ruo, 31.14, 33.01, -2.22, 33.76, 33.10, 34.77, 32.60, 362209.92, 1210484104, 9.34, 6.43, 1.08, 3154.17194
2016-03-23, 2, qing_du, 31.32, 33.74, 2.21, 33.01, 32.60, 33.89, 32.50, 318946.6, 1057902990, 8.22, 4.21, 0.88, 999.53318
2016-03-24, 2, qing_du, 31.78, 34.84, 3.26, 33.74, 33.40, 36.93, 32.72, 502235.47, 1729055084, 12.95, 12.48, 1.28, 769.63305
2016-03-25, 3, zhong_du, 32.16, 34.58, -0.75, 34.84, 35.00, 36.40, 33.95, 465450.33, 1642930248, 12.00, 7.03, 1.13, 2772.84288
2016-03-28, 3, zhong_du, 32.38, 33.90, -1.97, 34.58, 34.99, 36.20, 33.66, 348831.66, 1222035601, 9.00, 7.35, 0.84, 552.28209
2016-03-29, 3, zhong_du, 32.37, 31.85, -6.05, 33.90, 33.52, 33.73, 31.39, 354758.58, 1147950213, 9.15, 6.90, 0.89, 517.65108
2016-03-30, 3, zhong_du, 32.42, 33.50, 5.18, 31.85, 32.55, 33.50, 32.03, 305140.77, 997819095, 7.87, 4.62, 0.77, 1583.28509
2016-03-31, 3, zhong_du, 32.83, 35.27, 5.28, 33.50, 34.00, 36.80, 34.00, 533789.63, 1893022542, 13.76, 8.36, 1.35, 2962.50606
2016-04-01, 3, zhong_du, 32.95, 34.50, -2.18, 35.27, 34.81, 35.10, 33.51, 304075.08, 1040285980, 7.84, 4.51, 0.76, 1979.41089
2016-04-05, 3, zhong_du, 33.11, 34.94, 1.28, 34.50, 33.51, 35.45, 32.80, 422287.14, 1438666622, 10.89, 7.68, 1.14, 1007.34091
2016-04-06, 3, zhong_du, 33.19, 34.28, -1.89, 34.94, 34.40, 34.69, 33.95, 276852.02, 949371537, 7.14, 2.12, 0.72, 413.59401
2016-04-07, 3, zhong_du, 33.22, 33.00, -3.73, 34.28, 34.50, 34.80, 33.00, 267755.27, 902078199, 6.90, 5.25, 0.73, 1380.17988
2016-04-08, 3, zhong_du, 33.18, 32.39, -1.85, 33.00, 32.59, 32.98, 31.80, 209160.57, 677397983, 5.39, 3.58, 0.58, 818.02511
2016-04-11, 3, zhong_du, 33.26, 34.07, 5.19, 32.39, 33.50, 34.87, 33.00, 381543.05, 1302561741, 9.84, 5.77, 1.29, 749.05086
2016-04-12, 3, zhong_du, 33.26, 33.20, -2.55, 34.07, 34.01, 34.05, 32.68, 245684.73, 814484768, 6.34, 4.02, 0.79, 721.25697
2016-04-13, 3, zhong_du, 33.43, 34.80, 4.82, 33.20, 33.44, 35.50, 33.43, 514305.06, 1787214879, 13.26, 6.23, 1.86, 844.25402
2016-04-14, 3, zhong_du, 33.60, 35.25, 1.29, 34.80, 35.90, 35.91, 34.28, 387477.25, 1362436598, 9.99, 4.68, 1.20, 565.77587
2016-04-15, 4, gao_du, 33.71, 35.13, -0.34, 35.25, 35.40, 35.80, 34.69, 251605.19, 885028777, 6.49, 3.15, 0.72, 2583.08792
2016-04-18, 4, gao_du, 33.73, 33.96, -3.33, 35.13, 34.60, 34.72, 33.50, 243757.96, 828785349, 6.29, 3.47, 0.68, 640.03801
2016-04-19, 4, gao_du, 33.74, 33.90, -0.18, 33.96, 34.32, 34.45, 33.52, 194064.49, 658183226, 5.00, 2.74, 0.59, 717.85712
2016-04-20, 4, gao_du, 33.57, 30.88, -8.91, 33.90, 33.90, 34.20, 30.55, 353849.82, 1130428896, 9.12, 10.77, 1.11, 2969.34819
2016-04-21, 3, zhong_du, 33.38, 30.00, -2.85, 30.88, 30.59, 30.70, 29.32, 204233.72, 616144160, 5.27, 4.47, 0.71, 910.06684
2016-04-22, 3, zhong_du, 33.27, 30.41, 1.37, 30.00, 29.70, 30.48, 29.40, 133739.29, 403284199, 3.45, 3.60, 0.54, 3088.04584
2016-04-25, 2, qing_du, 33.16, 29.80, -2.01, 30.41, 30.05, 30.19, 29.08, 118334.57, 351003989, 3.05, 3.65, 0.52, 536.72004
2016-04-26, 2, qing_du, 33.06, 30.37, 1.91, 29.80, 29.85, 30.48, 29.70, 125722.92, 379290541, 3.24, 2.62, 0.63, 2816.78319
2016-04-27, 2, qing_du, 32.98, 29.85, -1.71, 30.37, 30.40, 30.58, 29.80, 113614.17, 342935781, 2.93, 2.57, 0.61, 2610.77905
2016-04-28, 2, qing_du, 32.88, 30.01, 0.54, 29.85, 30.06, 30.19, 29.11, 122472.97, 363634504, 3.16, 3.62, 0.88, 2550.32611
2016-04-29, 2, qing_du, 32.81, 29.70, -1.03, 30.01, 29.88, 30.18, 29.60, 79865.55, 238416903, 2.06, 1.93, 0.65, 4720.55793
2016-05-03, 2, qing_du, 32.72, 30.93, 4.14, 29.70, 29.80, 31.00, 29.20, 155193.53, 472505103, 4.00, 6.06, 1.39, 2619.41409
2016-05-04, 2, qing_du, 32.65, 30.72, -0.68, 30.93, 30.79, 31.57, 30.60, 154099.92, 478969872, 3.97, 3.14, 1.29, 562.79612
2016-05-05, 2, qing_du, 32.60, 31.04, 1.04, 30.72, 30.70, 31.10, 30.51, 113323.15, 350284923, 2.92, 1.92, 0.91, 706.13003
2016-05-06, 2, qing_du, 32.46, 29.15, -6.09, 31.04, 31.55, 31.80, 29.00, 223838.8, 682372421, 5.42, 9.02, 1.79, 2554.30889
2016-05-09, 1, wei_ruo, 32.27, 27.24, -6.55, 29.15, 29.00, 29.00, 26.98, 159110.56, 441178942, 3.85, 6.93, 1.10, 697.91198
2016-05-10, 1, wei_ruo, 32.16, 27.19, -0.18, 27.24, 27.01, 27.65, 26.95, 93532.96, 255274544, 2.27, 2.57, 0.58, 2827.49701
2016-05-11, 1, wei_ruo, 32.01, 26.58, -2.24, 27.19, 27.20, 27.47, 26.52, 115611.4, 310849424, 2.80, 3.49, 0.78, 1089.27321
2016-05-12, 1, wei_ruo, 31.80, 27.15, 2.14, 26.58, 26.05, 27.29, 25.31, 157665.39, 414055621, 3.82, 7.45, 1.12, 1250.48208
2016-05-13, 1, wei_ruo, 31.70, 26.65, -1.84, 27.15, 27.00, 27.48, 26.50, 88345.09, 238102539, 2.14, 3.61, 0.59, 992.04612
2016-05-16, 1, wei_ruo, 31.61, 27.08, 1.61, 26.65, 26.67, 27.09, 26.20, 75829.02, 203583858, 1.84, 3.34, 0.62, 14475.54779
2016-05-17, 1, wei_ruo, 31.47, 27.55, 1.74, 27.08, 27.13, 28.44, 26.63, 141553.32, 388145322, 3.43, 6.68, 1.33, 690.58895
2016-05-18, 1, wei_ruo, 31.22, 26.26, -4.30, 27.44, 27.01, 27.01, 26.00, 101747.44, 269755570, 2.46, 3.68, 0.88, 1043.226
2016-05-19, 1, wei_ruo, 31.04, 26.94, 2.59, 26.26, 26.39, 27.96, 26.35, 185053.82, 504723978, 4.48, 6.13, 1.64, 789.75701
2016-05-20, 1, wei_ruo, 30.92, 27.21, 1.00, 26.94, 26.51, 27.49, 26.35, 118441.31, 320501728, 2.87, 4.23, 1.00, 2653.73206
2016-05-23, 1, wei_ruo, 30.82, 27.63, 1.54, 27.21, 27.30, 27.79, 27.22, 123430.83, 340097886, 2.99, 2.09, 0.99, 3189.4989
2016-05-24, 1, wei_ruo, 30.73, 27.11, -1.88, 27.63, 27.50, 27.50, 26.57, 97943.24, 264528395, 2.37, 3.37, 0.73, 2503.28898
2016-05-25, 1, wei_ruo, 30.63, 27.38, 1.00, 27.11, 27.32, 27.84, 27.02, 130883.16, 358943398, 3.17, 3.02, 0.98, 2654.64401
2016-05-26, 1, wei_ruo, 30.52, 27.36, -0.07, 27.38, 27.28, 27.45, 26.40, 119182.88, 321148606, 2.89, 3.83, 0.89, 2064.89396
2016-05-27, 1, wei_ruo, 30.45, 26.99, -1.35, 27.36, 27.44, 27.47, 26.89, 86904.19, 236060112, 2.10, 2.12, 0.65, 9273.42296
2016-05-30, 1, wei_ruo, 30.39, 26.54, -1.67, 26.99, 26.50, 27.01, 26.31, 64077.45, 171028225, 1.55, 2.59, 0.48, 5542.35315
2016-05-31, 1, wei_ruo, 30.25, 28.30, 6.63, 26.54, 26.60, 28.35, 26.60, 225907.57, 626611851, 5.47, 6.59, 1.69, 584.0981
2016-06-01, 1, wei_ruo, 30.17, 28.19, -0.39, 28.30, 28.30, 28.55, 28.04, 170551.19, 482581113, 4.13, 1.80, 1.27, 596.68493
2016-06-02, 1, wei_ruo, 30.17, 28.98, 2.80, 28.19, 28.29, 28.98, 27.90, 179259.22, 507897749, 4.34, 3.83, 1.34, 2629.91786
2016-06-03, 1, wei_ruo, 30.10, 29.78, 2.76, 28.98, 28.89, 30.49, 28.79, 295437.78, 873114817, 7.15, 5.87, 2.20, 10089.85901
2016-06-06, 1, wei_ruo, 30.08, 29.31, -1.58, 29.78, 30.00, 30.20, 29.00, 163718.94, 480639739, 3.96, 4.03, 1.22, 2798.29979
2016-06-07, 1, wei_ruo, 30.05, 28.92, -1.33, 29.31, 29.42, 29.42, 28.71, 120413.73, 348426459, 2.92, 2.42, 0.90, 9383.744
2016-06-08, 1, wei_ruo, 30.01, 28.85, -0.24, 28.92, 28.98, 29.27, 28.30, 128758.09, 370517985, 3.12, 3.35, 0.96, 5481.58193
2016-06-13, 1, wei_ruo, 29.91, 26.33, -8.73, 28.85, 28.13, 28.68, 26.31, 145143.95, 403083778, 3.51, 8.21, 1.08, 1946.59305
2016-06-14, 1, wei_ruo, 29.83, 26.50, 0.65, 26.33, 26.15, 26.77, 26.07, 91801.84, 242765155, 2.22, 2.66, 0.68, 5030.53689
2016-06-15, 1, wei_ruo, 29.74, 27.22, 2.72, 26.50, 26.15, 27.58, 26.00, 119975.66, 324888801, 2.91, 5.96, 0.90, 3152.48013
2016-06-16, 1, wei_ruo, 29.66, 27.55, 1.21, 27.22, 27.17, 28.84, 26.88, 170469.1, 473528908, 4.13, 7.20, 1.27, 1071.12598
2016-06-17, 1, wei_ruo, 29.60, 27.30, -0.91, 27.55, 27.42, 28.18, 27.04, 124007.48, 341929355, 3.00, 4.14, 0.93, 885.97202
2016-06-20, 1, wei_ruo, 29.55, 27.30, -0.91, 27.55, 27.42, 28.18, 27.04, 124007.48, 341929355, 3.00, 4.14, 0.93, 8744.78698
2016-06-21, 1, wei_ruo, 29.48, 26.76, -1.07, 27.05, 27.38, 27.58, 26.53, 105569.17, 285653072, 2.56, 3.88, 0.79, 759.022
2016-06-22, 1, wei_ruo, 29.43, 27.19, 1.61, 26.76, 26.59, 27.29, 26.48, 88664.37, 239220384, 2.15, 3.03, 0.66, 6138.58604
2016-06-23, 1, wei_ruo, 29.36, 27.33, 0.51, 27.19, 27.20, 27.68, 26.82, 134160.48, 366172536, 3.25, 3.16, 1.00, 2844.67793
2016-06-24, 1, wei_ruo, 29.27, 26.87, -1.68, 27.33, 27.12, 27.59, 26.00, 146653.34, 394777371, 3.55, 5.82, 1.09, 2695.30892
2016-06-27, 1, wei_ruo, 29.20, 27.58, 2.64, 26.87, 26.59, 27.68, 26.55, 133148.92, 363303589, 3.22, 4.21, 1.00, 1534.30605
2016-06-28, 1, wei_ruo, 29.15, 28.73, 4.09, 27.60, 27.48, 29.46, 27.41, 302850.03, 860058265, 7.33, 7.43, 2.26, 1025.249
2016-06-30, 1, wei_ruo, 29.10, 28.27, -0.35, 28.37, 28.39, 28.90, 28.18, 169153.32, 481879765, 4.10, 2.54, 1.26, 1147.35818
2016-07-01, 2, qing_du, 29.08, 28.32, 0.18, 28.27, 28.33, 28.66, 28.09, 119113.71, 337629377, 2.88, 2.02, 0.89, 822.47519
2016-07-04, 2, qing_du, 29.06, 28.56, 0.85, 28.32, 28.10, 28.82, 27.91, 139139.28, 396071607, 3.37, 3.21, 1.04, 755.07402
2016-07-05, 2, qing_du, 29.04, 28.45, -0.39, 28.56, 28.60, 29.06, 28.20, 125237.32, 357864647, 3.03, 3.01, 0.93, 2536.49783
2016-07-06, 2, qing_du, 29.02, 28.35, -0.35, 28.45, 28.35, 28.40, 28.07, 103154.64, 291088232, 2.50, 1.16, 0.77, 18673.38705
2016-07-07, 2, qing_du, 29.00, 28.08, -0.95, 28.35, 28.34, 28.48, 27.79, 113757.23, 319834991, 2.75, 2.43, 0.85, 749.99809
2016-07-08, 2, qing_du, 28.97, 28.32, 0.85, 28.08, 28.20, 28.58, 27.91, 136939.86, 387288191, 3.32, 2.39, 1.02, 4612.29992
2016-07-11, 1, wei_ruo, 28.95, 28.00, -1.13, 28.32, 28.32, 29.00, 27.94, 153073.12, 435672081, 3.71, 3.74, 1.14, 878.74293
2016-07-12, 1, wei_ruo, 28.92, 28.14, 0.50, 28.00, 27.92, 28.18, 27.29, 127006.01, 352805898, 3.08, 3.18, 0.95, 14454.62203
2016-07-13, 2, qing_du, 28.96, 29.73, 5.65, 28.14, 28.20, 30.48, 28.05, 393959.68, 1157822680, 9.54, 8.64, 2.96, 677.26016
2016-07-14, 2, qing_du, 29.02, 29.87, 0.47, 29.73, 29.50, 30.29, 29.02, 287360.03, 851461301, 6.96, 4.27, 2.14, 2784.67989
2016-07-15, 3, zhong_du, 29.03, 29.20, -2.24, 29.87, 29.69, 29.70, 29.20, 141185.19, 415434156, 3.42, 1.67, 1.05, 1567.801
2016-07-18, 3, zhong_du, 29.05, 29.52, 1.10, 29.20, 29.19, 29.97, 29.17, 157168.4, 466636960, 3.81, 2.74, 1.17, 2715.03687
2016-07-19, 3, zhong_du, 29.14, 30.47, 3.22, 29.52, 29.95, 30.92, 29.75, 272829.57, 830778419, 6.61, 3.96, 2.04, 2604.47121
2016-07-20, 4, gao_du, 29.14, 29.85, -2.03, 30.47, 30.15, 30.37, 29.80, 160914.09, 483467223, 3.90, 1.87, 1.20, 502.424
2016-07-21, 4, gao_du, 29.19, 29.58, -0.90, 29.85, 29.85, 30.10, 29.50, 120101.69, 357774752, 2.91, 2.01, 0.90, 1757.95007
2016-07-22, 4, gao_du, 29.19, 29.12, -1.56, 29.58, 29.58, 29.67, 29.10, 101549.68, 298056788, 2.46, 1.93, 0.76, 3068.02392
2016-07-25, 3, zhong_du, 29.20, 29.41, 1.00, 29.12, 29.17, 29.95, 29.15, 115936.26, 342331362, 2.81, 2.75, 0.86, 18239.55107
2016-07-26, 3, zhong_du, 29.21, 29.64, 0.78, 29.41, 29.25, 29.75, 29.25, 82317.52, 243236934, 1.99, 1.70, 0.61, 2728.83797
2016-07-27, 3, zhong_du, 29.16, 27.69, -6.58, 29.64, 29.69, 29.88, 27.05, 186904.73, 531740898, 4.53, 9.55, 1.39, 1839.41603
2016-07-28, 3, zhong_du, 29.11, 27.17, -1.88, 27.69, 27.68, 27.88, 26.70, 118533.98, 323322626, 2.87, 4.26, 0.88, 615.71622
2016-07-29, 2, qing_du, 29.07, 26.87, -1.10, 27.17, 26.99, 27.39, 26.70, 76773.73, 206579826, 1.86, 2.54, 0.57, 14220.25394
2016-08-01, 1, wei_ruo, 29.02, 26.50, -1.38, 26.87, 26.82, 26.90, 25.90, 73362.73, 193249077, 1.78, 3.72, 0.55, 2592.48209
2016-08-02, 1, wei_ruo, 28.99, 26.60, 0.38, 26.50, 26.68, 26.79, 26.40, 49704.1, 132139973, 1.20, 1.47, 0.37, 14350.80719
2016-08-03, 1, wei_ruo, 28.96, 26.75, 0.56, 26.60, 26.61, 26.75, 26.45, 53976.73, 143516674, 1.31, 1.13, 0.47, 4285.15506
2016-08-04, 1, wei_ruo, 28.93, 26.85, 0.37, 26.75, 26.74, 26.97, 26.46, 58671.64, 156787442, 1.42, 1.91, 0.56, 14248.981
2016-08-05, 1, wei_ruo, 28.89, 26.30, -2.05, 26.85, 26.84, 26.84, 26.28, 61164.81, 162113698, 1.48, 2.09, 0.76, 1042.90795
2016-08-08, 1, wei_ruo, 28.86, 26.52, 0.84, 26.30, 26.20, 26.67, 25.93, 55627.22, 146412194, 1.35, 2.81, 0.80, 2999.44997
2016-08-09, 1, wei_ruo, 28.82, 27.06, 2.04, 26.52, 26.65, 27.10, 26.55, 74280.31, 199441368, 1.80, 2.07, 1.33, 2458.88591
2016-08-10, 1, wei_ruo, 28.80, 26.74, -1.18, 27.06, 27.14, 27.15, 26.74, 53639.17, 144346582, 1.30, 1.52, 0.89, 6259.98306
2016-08-11, 1, wei_ruo, 28.77, 26.54, -0.75, 26.74, 27.02, 27.17, 26.54, 53480.45, 143606178, 1.30, 2.36, 0.88, 2452.82578
2016-08-15, 1, wei_ruo, 28.71, 27.52, 2.69, 26.80, 26.51, 27.78, 26.49, 112531.07, 308140943, 2.73, 4.81, 1.97, 634.93109
2016-08-16, 1, wei_ruo, 28.68, 27.79, 0.98, 27.52, 27.71, 28.58, 27.71, 138572.07, 389721579, 3.36, 3.16, 2.02, 656.36992
2016-08-17, 1, wei_ruo, 28.66, 27.62, -0.61, 27.79, 27.56, 27.89, 27.45, 70991.11, 196263375, 1.72, 1.58, 0.87, 14585.66785
2016-08-18, 1, wei_ruo, 28.65, 27.47, -0.54, 27.62, 27.68, 27.94, 27.40, 59322.56, 163909627, 1.44, 1.96, 0.70, 14197.38698
2016-08-19, 1, wei_ruo, 28.63, 27.25, -0.80, 27.47, 27.45, 27.55, 27.13, 55904.42, 152492847, 1.35, 1.53, 0.65, 1760.22696
2016-08-22, 1, wei_ruo, 28.61, 26.75, -1.83, 27.25, 27.25, 27.47, 26.71, 56289.74, 152518674, 1.36, 2.79, 0.64, 2595.60299
2016-08-23, 1, wei_ruo, 28.59, 26.79, 0.15, 26.75, 26.79, 26.99, 26.50, 45435.68, 121671699, 1.10, 1.83, 0.60, 574.07188
2016-08-24, 1, wei_ruo, 28.57, 27.06, 1.01, 26.79, 26.85, 27.38, 26.78, 57782.31, 156598212, 1.40, 2.24, 1.01, 2558.9509
2016-08-25, 1, wei_ruo, 28.54, 26.71, -1.33, 27.07, 27.07, 27.07, 26.50, 60072.4, 160094294, 1.45, 2.11, 1.09, 2459.26094
2016-08-26, 1, wei_ruo, 28.52, 26.70, -0.04, 26.71, 26.52, 27.08, 26.52, 51849.97, 139223457, 1.26, 2.10, 0.94, 466.87698
2016-08-29, 1, wei_ruo, 28.50, 26.80, 0.37, 26.70, 26.68, 27.00, 26.51, 39354.15, 105373258, 0.95, 1.84, 0.72, 63853.22404
2016-08-30, 1, wei_ruo, 28.49, 26.87, 0.26, 26.80, 26.98, 27.17, 26.82, 40366.99, 108910335, 0.98, 1.31, 0.79, 491.37807
2016-08-31, 1, wei_ruo, 28.48, 26.72, -0.56, 26.87, 26.90, 26.99, 26.61, 37261.16, 99563195, 0.90, 1.41, 0.75, 2665.81488
2016-09-01, 1, wei_ruo, 28.45, 26.65, -0.82, 26.87, 26.90, 26.99, 26.61, 11286.74, 30172440, 0.27, 1.41, 1.26, 721.68398
2016-09-02, 1, wei_ruo, 28.45, 26.35, -0.57, 26.50, 26.50, 26.53, 26.10, 48745.92, 128493103, 1.18, 1.62, 1.06, 9437.83998
2016-09-05, 1, wei_ruo, 28.45, 26.65, -0.82, 26.87, 26.90, 26.99, 26.61, 11286.74, 30172440, 0.27, 1.41, 1.26, 671.09895
2016-09-06, 1, wei_ruo, 28.45, 26.65, -0.82, 26.87, 26.90, 26.99, 26.61, 11286.74, 30172440, 0.27, 1.41, 1.26, 6455.97196
2016-09-07, 1, wei_ruo, 28.45, 26.65, -0.82, 26.87, 26.90, 26.99, 26.61, 11286.74, 30172440, 0.27, 1.41, 1.26, 582.30901
2016-09-08, 1, wei_ruo, 28.45, 26.65, -0.82, 26.87, 26.90, 26.99, 26.61, 11286.74, 30172440, 0.27, 1.41, 1.26, 686.46598
2016-09-09, 1, wei_ruo, 28.45, 26.36, -0.98, 26.62, 26.56, 26.77, 26.35, 47731.5, 126576782, 1.16, 1.58, 1.04, 1436.85293
2016-09-12, 1, wei_ruo, 28.45, 26.65, -0.82, 26.87, 26.90, 26.99, 26.61, 11286.74, 30172440, 0.27, 1.41, 1.26, 2558.60209
2016-09-13, 1, wei_ruo, 28.45, 26.65, -0.82, 26.87, 26.90, 26.99, 26.61, 11286.74, 30172440, 0.27, 1.41, 1.26, 646.45505
2016-09-14, 1, wei_ruo, 28.45, 26.44, 3.00, 25.67, 25.31, 26.90, 25.31, 116411.51, 306374876, 2.82, 6.19, 2.54, 2535.17604
2016-09-19, 1, wei_ruo, 28.45, 26.23, -0.79, 26.44, 26.60, 26.65, 26.10, 57580.45, 151642646, 1.39, 2.08, 1.26, 703.95398
2016-09-20, 1, wei_ruo, 28.45, 25.93, -1.14, 26.23, 26.22, 26.46, 25.85, 46540.9, 121575927, 1.13, 2.33, 1.02, 2498.36397
2016-09-21, 1, wei_ruo, 28.45, 26.16, 0.89, 25.93, 26.00, 26.27, 25.98, 34212.11, 89349340, 0.83, 1.12, 0.75, 2388.19885
2016-09-22, 1, wei_ruo, 28.45, 26.54, 1.07, 26.26, 26.80, 26.99, 26.40, 73584.07, 195640715, 1.78, 2.25, 1.61, 531.81386
2016-09-23, 1, wei_ruo, 28.45, 25.80, -2.79, 26.54, 26.55, 26.66, 25.80, 56624.65, 148176179, 1.37, 3.24, 1.24, 1327.62098
2016-09-26, 1, wei_ruo, 28.45, 25.70, -0.39, 25.80, 26.48, 26.50, 25.70, 78678.44, 205528417, 1.91, 3.10, 1.72, 689.37802
2016-09-27, 1, wei_ruo, 28.45, 25.77, 0.27, 25.70, 25.62, 25.87, 25.42, 63005.22, 161709750, 1.53, 1.75, 1.38, 2608.96802
2016-09-28, 1, wei_ruo, 28.45, 25.49, -1.09, 25.77, 25.83, 25.95, 25.42, 44258.26, 113131532, 1.07, 2.06, 0.97, 600.57592
2016-09-29, 1, wei_ruo, 28.45, 25.45, -0.16, 25.49, 25.55, 25.79, 25.44, 39474.48, 100986012, 0.96, 1.37, 0.86, 2267.66205
2016-09-30, 1, wei_ruo, 28.45, 25.67, 0.86, 25.45, 25.47, 25.72, 25.41, 33274.82, 84957927, 0.81, 1.22, 0.73, 726.17912
2016-10-10, 1, wei_ruo, 28.45, 26.34, 2.61, 25.67, 25.94, 26.54, 25.70, 76929.78, 201280599, 1.86, 3.27, 1.68, 2617.70916
2016-10-11, 1, wei_ruo, 28.45, 26.18, -0.61, 26.34, 26.35, 26.50, 26.03, 67733.66, 177510021, 1.64, 1.78, 1.48, 857.92398
2016-10-12, 1, wei_ruo, 28.45, 26.29, 0.42, 26.18, 26.40, 26.74, 26.19, 69465.6, 183584652, 1.68, 2.10, 1.52, 421.05985
2016-10-13, 1, wei_ruo, 28.45, 26.14, -0.57, 26.29, 26.12, 26.26, 26.01, 68452.02, 178609539, 1.66, 0.95, 1.50, 8868.37387
2016-10-14, 1, wei_ruo, 27.75, 25.73, -1.57, 26.14, 26.00, 26.00, 25.57, 90471.2, 232514324, 2.19, 1.64, 1.98, 18116.32991
2016-10-17, 1, wei_ruo, 27.71, 25.76, 0.12, 25.73, 25.74, 25.82, 25.65, 19690.72, 50666430, 0.48, 0.66, 0.86, 676.55492
2016-10-18, 1, wei_ruo, 27.67, chrome=1">
		<style>
			body { font-size: 14px; padding: 2% 0 30px; line-height: 1.5; color: #666; font-family: Hiragino Sans GB,  Microsoft YaHei,  SimHei,  Helvetica Neue,  Helvetica,  Arial,  sans-serif; }
			h1,  h2 { font-weight: normal; margin: 10px 0; line-height: 1.2; }
			h1 { font-size: 36px; color: #333; }
			h2 { font-size: 16px; }
			i { display: inline-block; vertical-align: middle; }
			strong { font-weight: normal; }
			.mb30 { margin-bottom: 30px; }
			.tac { text-align: center; }
			.b span { padding: 0 20px; }
			.b .hr { border-left: 1px dashed #ddd; border-right: 1px dashed #ddd; }
			.fl { float: left; display: inline; }
			.auto { margin-left: auto; margin-right: auto; }
			.fr { float: right; }
			.ms { list-style: none; }
			.db { display: block; }
			.m,  .n { display: inline-block; *display: inline; *zoom: 1; vertical-align: top; }
			.n { width: 166px; }
			.n-1 { border-top: 1px solid #4f71f6; border-bottom: 1px solid #4f71f6; height: 6px; margin: 45px 0; position: relative; }
			.n-1 span,  .n-1 i { position: absolute; height: 0; width: 0; }
			.n1-1,  .n1-1 i { border-top: 4px dashed transparent; border-right: 7px dashed transparent; }
			.n1-1 { top: -9px; right: 0; border-left: 7px solid #4f71f6; border-bottom: 4px solid #4f71f6; }
			.n1-1 i { left: -8px; top: -4px; border-left: 7px solid #fff; border-bottom: 4px solid #fff; }
			.n1-2, 601851.897
2016-10-19, 1, wei_ruo, 27.64, , , , , , , , , , , , 463.86504
2016-10-20, 1, wei_ruo, 27.59, 25.64, -0.08, 25.66, 25.56, 25.79, 25.40, 103439.79, 264821845, 2.50, 1.52, 1.96, 727.10896
2016-10-21, 1, wei_ruo, 27.54, 25.38, -1.01, 25.64, 25.64, 25.69, 25.30, 94014.99, 239457544, 2.28, 1.52, 1.45, 6805.8269
2016-10-24, 1, wei_ruo, 27.49, 25.60, 0.83, 25.39, 25.41, 25.71, 25.31, 99965.24, 255323915, 2.42, 1.58, 1.32, 970.11709
2016-10-25, 1, wei_ruo, 27.46, 25.57, -0.12, 25.60, 25.70, 25.76, 25.52, 74856.9, 191563828, 1.81, 0.94, 0.98, 676.2681
2016-10-26, 1, wei_ruo, 27.40, 25.89, 1.25, 25.57, 25.63, 25.94, 25.50, 138916.87, 357956833, 3.36, 1.72, 1.82, 488.05094
2016-10-27, 1, wei_ruo, 27.37, 25.74, -0.58, 25.89, 25.90, 26.10, 25.62, 86295.41, 222453841, 2.09, 1.85, 1.14, 1206.13718
2016-10-28, 1, wei_ruo, 27.33, 25.50, -0.93, 25.74, 25.75, 25.85, 25.47, 75536.33, 193685881, 1.83, 1.48, 0.99, 665.2
2016-10-31, 1, wei_ruo, 27.31, 25.44, -0.24, 25.50, 25.31, 25.55, 25.23, 61268.06, 155374697, 1.48, 1.25, 0.80, 556.72002
2016-11-01, 1, wei_ruo, 27.27, 25.74, 1.18, 25.44, 25.51, 25.80, 25.41, 72769.32, 186515705, 1.76, 1.53, 0.96, 797.85895
2016-11-02, 1, wei_ruo, 27.24, 25.36, -1.48, 25.74, 25.53, 25.64, 25.34, 78031.83, 198528624, 1.89, 1.17, 1.03, 458.33206
2016-11-03, 1, wei_ruo, 27.21, 25.51, 0.59, 25.36, 25.35, 25.75, 25.28, 82380.69, 210563167, 1.99, 1.85, 1.08, 482.67293
2016-11-04, 1, wei_ruo, 27.17, 27.10, 6.23, 25.51, 25.68, 28.06, 25.56, 414427.65, 1132153007, 10.04, 9.80, 5.47, 506.66285
2016-11-07, 1, wei_ruo, 27.14, 26.21, -3.21, 27.08, 26.59, 26.95, 26.20, 198339.7, 525157815, 4.80, 2.77, 2.62, 833.16779
2016-11-08, 1, wei_ruo, 27.11, 26.25, 0.11, 26.22, 26.23, 26.40, 26.05, 132939.59, 348454349, 3.22, 1.33, 1.76, 392.43603
2016-11-09, 1, wei_ruo, 27.05, 25.60, -2.44, 26.24, 26.26, 26.46, 25.37, 180949.17, 467139768, 4.38, 4.15, 2.37, 979.61092
2016-11-10, 1, wei_ruo, 27.03, 25.89, 1.13, 25.60, 25.88, 26.14, 25.75, 96236.79, 249495111, 2.33, 1.52, 1.27, 840.95597
2016-11-11, 1, wei_ruo, 26.98, 25.96, 0.27, 25.89, 25.78, 25.97, 25.55, 148060.89, 380458412, 3.59, 1.62, 1.94, 725.53015
2016-11-14, 1, wei_ruo, 26.95, 26.23, 1.04, 25.96, 25.95, 26.41, 25.81, 152661.08, 400022490, 3.70, 2.31, 2.02, 475.61502
2016-11-15, 1, wei_ruo, 26.94, 26.09, -0.61, 26.25, 26.32, 26.35, 26.01, 53563.54, 140129291, 1.30, 1.30, 1.40, 498.99793
2016-11-16, 1, wei_ruo, 26.92, 26.91, 0.82, 26.69, 26.86, 27.12, 26.61, 110734.98, 297268020, 2.68, 1.91, 2.90, 422.73593
2016-11-17, 1, wei_ruo, 26.91, 26.09, -0.61, 26.25, 26.32, 26.35, 26.01, 53563.54, 140129291, 1.30, 1.30, 1.40, 560.89592
2016-11-18, 1, wei_ruo, 26.90, 26.09, -0.61, 26.25, 26.32, 26.35, 26.01, 53563.54, 140129291, 1.30, 1.30, 1.40, 660.94589
2016-11-21, 1, wei_ruo, 26.88, 26.18, 0.19, 26.13, 26.15, 26.27, 26.00, 72506.63, 189395875, 1.76, 1.03, 0.95, 350.63601
2016-11-22, 1, wei_ruo, 26.87, 26.50, 1.22, 26.18, 26.24, 26.55, 26.08, 112240.46, 295145108, 2.72, 1.80, 1.47, 827.12197
2016-11-23, 1, wei_ruo, 26.85, 26.30, -0.75, 26.50, 26.59, 26.89, 26.27, 158799.44, 421474522, 3.85, 2.34, 2.08, 478.82414
2016-11-24, 1, wei_ruo, 26.84, 26.06, -0.91, 26.30, 26.11, 26.39, 26.02, 86123.76, 225402140, 2.09, 1.41, 1.14, 547.50013
2016-11-25, 1, wei_ruo, 26.82, 26.28, 0.92, 26.04, 26.03, 26.30, 25.60, 117911.92, 306616524, 2.86, 2.69, 1.54, 544.04306
2016-11-28, 1, wei_ruo, 26.80, 26.06, -0.84, 26.28, 26.35, 26.37, 26.06, 80621.28, 211151184, 1.95, 1.18, 1.07, 534.50608
2016-11-29, 1, wei_ruo, 26.78, 26.14, 0.31, 26.06, 26.00, 26.44, 25.88, 128230.26, 335099994, 3.11, 2.15, 1.69, 363.51299
2016-11-30, 1, wei_ruo, 26.76, 26.65, 1.95, 26.14, 26.00, 26.68, 25.86, 233325.51, 617280049, 5.65, 3.14, 3.08, 449.51606
2016-12-01, 1, wei_ruo, 26.75, 26.49, -0.67, 26.67, 26.75, 26.87, 26.36, 136614.5, 363034039, 3.31, 1.91, 1.79, 947.1159
2016-12-02, 1, wei_ruo, 26.73, 25.80, -2.60, 26.49, 26.49, 26.70, 25.80, 166863.01, 437452366, 4.04, 3.40, 2.19, 587.41188
2016-12-05, 1, wei_ruo, 26.71, 25.79, -0.04, 25.80, 25.68, 26.15, 25.51, 77349.1, 199912361, 1.87, 2.48, 1.02, 1048.43402
2016-12-06, 1, wei_ruo, 26.69, 25.49, -1.09, 25.77, 25.86, 26.00, 25.38, 89438.1, 229553951, 2.17, 2.41, 1.17, 1009.68695
2016-12-07, 1, wei_ruo, 26.67, 25.52, 0.12, 25.49, 25.49, 25.59, 25.35, 75798.14, 193129672, 1.84, 0.94, 1.00, 497.43986
2016-12-08, 1, wei_ruo, 26.62, 24.94, -2.35, 25.54, 25.60, 25.60, 24.90, 119861.93, 302852062, 2.90, 2.74, 1.57, 498.63791
2016-12-09, 1, wei_ruo, 26.43, 23.36, -6.34, 24.94, 24.79, 24.79, 23.13, 282785.56, 669524955, 6.85, 6.66, 3.70, 677.36506
2016-12-12, 1, wei_ruo, 26.17, 21.42, -8.30, 23.36, 23.06, 23.19, 21.39, 234212.9, 519474261, 5.67, 7.71, 3.07, 458.81295
2016-12-13, 1, wei_ruo, 26.03, 21.52, 0.47, 21.42, 21.22, 21.72, 20.98, 128357.87, 275536969, 3.11, 3.45, 1.68, 645.61987
2016-12-14, 1, wei_ruo, 25.89, 21.40, -0.56, 21.52, 21.40, 21.60, 21.06, 116439.46, 248135340, 2.82, 2.51, 1.53, 648.19407
2016-12-15, 1, wei_ruo, 25.72, 22.03, 2.94, 21.40, 21.48, 22.32, 21.42, 183133.6, 402293714, 4.43, 4.21, 2.40, 546.32306
2016-12-16, 1, wei_ruo, 25.58, 22.45, 1.91, 22.03, 22.70, 22.77, 22.33, 183798.12, 415264864, 4.45, 2.00, 2.41, 509.18078
2016-12-19, 1, wei_ruo, 25.46, 21.58, -3.88, 22.45, 22.00, 22.19, 21.51, 121379.97, 265115381, 2.94, 3.03, 1.59, 594.19513
2016-12-20, 1, wei_ruo, 25.40, 21.78, 0.93, 21.58, 21.73, 21.97, 21.60, 72522.01, 158074009, 1.76, 1.71, 0.95, 742.56206
2016-12-21, 1, wei_ruo, 25.34, 21.85, 0.32, 21.78, 21.78, 21.97, 21.61, 67954.23, 148114061, 1.65, 1.65, 0.89, 559.38506
2016-12-22, 1, wei_ruo, 25.27, 21.53, -1.46, 21.85, 21.75, 21.76, 21.32, 75817.27, 163012064, 1.84, 2.01, 0.99, 483.89482
2016-12-23, 1, wei_ruo, 25.21, 21.36, -0.79, 21.53, 21.45, 21.77, 21.34, 60430.43, 129938345, 1.46, 2.00, 0.79, 377.69699
2016-12-26, 1, wei_ruo, 25.15, 21.45, 0.42, 21.36, 21.13, 21.46, 20.71, 68764.05, 144502256, 1.67, 3.51, 0.90, 743.16692
2016-12-27, 1, wei_ruo, 25.11, 21.28, -0.79, 21.45, 21.41, 21.47, 21.22, 45985.35, 98113680, 1.11, 1.17, 0.60, 515.10406
2016-12-28, 1, wei_ruo, 25.06, 21.45, 0.80, 21.28, 21.38, 21.54, 21.33, 52940.42, 113497910, 1.28, 0.99, 0.69, 522.04895
2016-12-29, 1, wei_ruo, 24.98, 21.78, 1.54, 21.45, 21.48, 22.10, 21.40, 94912.91, 207116891, 2.30, 3.26, 1.24, 64516.02411
2016-12-30, 1, wei_ruo, 24.94, 21.60, -0.83, 21.78, 21.75, 21.83, 21.51, 54639.24, 118131646, 1.32, 1.47, 0.72, 558.11906
2017-01-03, 1, wei_ruo, 24.90, 21.60, -0.83, 21.78, 21.75, 21.83, 21.51, 54639.24, 118131646, 1.32, 1.47, 0.72, 2528.70703
2017-01-04, 1, wei_ruo, 24.83, 21.64, -0.05, 21.65, 21.59, 21.74, 21.12, 89241.57, 191782818, 2.16, 2.86, 1.17, 525.14696
2017-01-05, 1, wei_ruo, 24.78, 21.46, -0.83, 21.64, 21.64, 21.68, 21.44, 56562.8, 121695687, 1.37, 1.11, 0.74, 518.74089
2017-01-06, 1, wei_ruo, 24.73, 21.06, -1.86, 21.46, 21.40, 21.52, 21.02, 65146.24, 138059710, 1.58, 2.33, 0.85, 668.38598
2017-01-09, 1, wei_ruo, 24.69, 21.08, 0.09, 21.06, 21.00, 21.14, 20.82, 46969.73, 98554127, 1.14, 1.52, 0.62, 2601.49598
2017-01-10, 1, wei_ruo, 24.65, 21.13, 0.24, 21.08, 21.14, 21.15, 20.97, 20257, 42685806, 0.49, 0.85, 0.53, 624.42803
2017-01-11, 1, wei_ruo, 24.60, 20.78, -1.28, 21.05, 21.06, 21.11, 20.75, 51863.59, 108447249, 1.26, 1.71, 0.68, 587.116
2017-01-12, 1, wei_ruo, 24.54, 20.33, -2.17, 20.78, 20.80, 20.94, 20.30, 61330.79, 126775040, 1.49, 3.08, 0.80, 471.43483
2017-01-13, 1, wei_ruo, 24.47, 19.83, -2.46, 20.33, 20.11, 20.39, 19.82, 69019.91, 138859718, 1.67, 2.80, 0.90, 687.18481
2017-01-16, 1, wei_ruo, 24.31, 21.13, 0.24, 21.08, 21.14, 21.15, 20.97, 20257, 42685806, 0.49, 0.85, 0.53, 2526.48783
2017-01-17, 1, wei_ruo, 24.20, 21.13, 0.24, 21.08, 21.14, 21.15, 20.97, 20257, 42685806, 0.49, 0.85, 0.53, 481.41289
2017-01-18, 1, wei_ruo, 24.14, 19.14, -0.88, 19.31, 19.20, 19.37, 18.90, 50890.36, 97529977, 1.15, 2.43, 0.67, 2694.96012
2017-02-07, 1, wei_ruo, 23.71, 19.83, -0.55, 19.94, 19.90, 19.94, 19.80, 22099.91, 43875868, 0.50, 0.70, 0.67, 653.71108
2017-02-08, 1, wei_ruo, 23.65, 20.27, 1.65, 19.94, 19.90, 20.28, 19.80, 67571, 135360399, 1.52, 2.41, 0.89, 683.20894
2017-02-09, 1, wei_ruo, 23.62, 20.27, 0.00, 20.27, 20.21, 20.44, 20.12, 45101.45, 91559928, 1.02, 1.58, 0.59, 568.25995
2017-02-10, 1, wei_ruo, 23.56, 20.63, 1.78, 20.27, 20.25, 20.89, 20.05, 88961.86, 182289908, 2.00, 4.14, 1.17, 757.38597
2017-02-14, 1, wei_ruo, 23.48, 20.67, -0.14, 20.70, 20.78, 20.78, 20.61, 37165.14, 76862746, 0.84, 0.82, 0.49, 60796.41414
2017-02-22, 1, wei_ruo, 23.41, 21.30, 3.05, 20.67, 21.59, 22.20, 21.30, 181527.9, 392594783, 4.09, 4.35, 2.38, 1061.58113
2017-02-24, 2, qing_du, 23.32, 23.38, 7.40, 21.77, 21.87, 23.50, 21.57, 112698.47, 254791314, 2.54, 8.87, 8.05, 1850.69895
2017-02-27, 3, zhong_du, 23.31, 22.99, 0.57, 22.86, 22.78, 23.38, 22.52, 127011.61, 291986069, 2.86, 3.76, 1.66, 1579.06103
2017-02-28, 3, zhong_du, 23.29, 23.38, 7.40, 21.77, 21.87, 23.50, 21.57, 112698.47, 254791314, 2.54, 8.87, 8.05, 765.522
2017-03-01, 3, zhong_du, 23.28, 22.44, -0.71, 22.60, 22.60, 22.75, 22.32, 81201.4, 182654777, 1.83, 1.90, 1.06, 2507.00402
2017-03-02, 3, zhong_du, 23.25, 21.86, -2.58, 22.44, 22.45, 22.56, 21.80, 102825.22, 226713193, 2.31, 3.39, 1.35, 691.365
2017-03-06, 3, zhong_du, 23.20, 22.09, 1.01, 21.87, 21.94, 22.33, 21.92, 95954.98, 212197202, 2.16, 1.87, 1.26, 661.96799
2017-03-07, 3, zhong_du, 23.18, 23.05, -0.90, 23.26, 23.26, 23.63, 22.86, 100568.11, 233977402, 2.26, 3.31, 3.36, 125365.40294
2017-03-08, 3, zhong_du, 23.18, 22.95, -1.33, 23.26, 23.26, 23.63, 22.82, 141664.36, 328479724, 3.19, 3.48, 1.86, 2652.62914
2017-03-09, 4, gao_du, 23.18, 23.05, 0.44, 22.95, 22.66, 23.20, 22.66, 103352.71, 237156411, 2.33, 2.35, 1.35, 4750.80204
2017-03-10, 4, gao_du, 23.18, 23.10, 0.22, 23.05, 23.00, 23.47, 22.75, 114977.69, 265902833, 2.59, 3.12, 1.51, 634.61208
2017-03-13, 4, gao_du, 23.17, 23.06, -0.17, 23.10, 23.14, 23.33, 22.68, 82692.74, 190556554, 1.86, 2.81, 1.08, 582.39293
2017-03-14, 5, qiang_lie, 23.18, 23.23, 0.74, 23.06, 23.31, 23.73, 23.14, 113064.15, 264944704, 2.55, 2.56, 1.48, 597.28813
2017-03-15, 5, qiang_lie, 23.17, 22.61, -2.67, 23.23, 23.23, 23.23, 22.51, 95558.96, 217955751, 2.15, 3.10, 1.25, 606.87399
2017-03-16, 5, qiang_lie, 23.16, 22.90, 1.28, 22.61, 22.50, 22.99, 22.49, 85223.2, 193943203, 1.92, 2.21, 1.12, 599.32113
2017-03-17, 5, qiang_lie, 23.14, 22.14, -3.32, 22.90, 22.91, 22.93, 22.10, 98045.95, 221331336, 2.21, 3.62, 1.28, 687.99686
2017-03-20, 5, qiang_lie, 23.13, 22.32, 0.81, 22.14, 22.00, 22.60, 21.95, 76381.93, 170620547, 1.72, 2.94, 1.00, 659.29985
2017-03-21, 4, gao_du, 23.12, 22.27, -0.22, 22.32, 22.40, 22.48, 22.10, 55069.39, 122692670, 1.24, 1.70, 0.72, 575.18101
2017-03-22, 4, gao_du, 23.11, 22.02, -1.12, 22.27, 22.12, 22.34, 22.00, 58745.05, 130081190, 1.32, 1.53, 0.77, 597.12505
2017-03-23, 4, gao_du, 23.09, 22.02, 0.00, 22.02, 21.98, 22.38, 21.86, 53254.7, 117971717, 1.20, 2.36, 0.70, 605.932
2017-03-24, 4, gao_du, 23.08, 22.67, 2.95, 22.02, 22.17, 22.83, 21.95, 107519.14, 242523653, 2.42, 4.00, 1.41, 693.18914
2017-03-27, 4, gao_du, 23.07, 22.64, -0.13, 22.67, 22.67, 22.92, 22.39, 61775.7, 139594256, 1.39, 2.34, 0.81, 675.45199
2017-03-28, 5, qiang_lie, 23.07, 22.38, -1.15, 22.64, 22.65, 22.65, 22.33, 38039.09, 85396554, 0.86, 1.41, 0.50, 655.26414
2017-03-29, 4, gao_du, 23.04, 21.54, -3.75, 22.38, 22.32, 22.45, 21.54, 89315.27, 194680357, 2.01, 4.07, 1.17, 623.6999
2017-03-30, 4, gao_du, 23.02, 20.99, -2.55, 21.54, 21.47, 21.58, 20.85, 65939.93, 139022534, 1.48, 3.39, 0.86, 584.2731
2017-03-31, 3, zhong_du, 23.00, 21.07, 0.38, 20.99, 20.90, 21.29, 20.90, 34625.84, 72933834, 0.78, 1.86, 0.45, 533.86998
2017-04-05, 3, zhong_du, 22.98, 22.14, 5.08, 21.07, 21.01, 22.39, 21.00, 84451.49, 184645340, 1.90, 6.60, 1.11, 586.68399
2017-04-06, 3, zhong_du, 22.97, 22.06, -0.36, 22.14, 22.10, 22.49, 22.00, 60785.55, 134735113, 1.37, 2.21, 0.80, 2604.47717
2017-04-07, 3, zhong_du, 22.95, 21.68, -1.72, 22.06, 22.07, 22.10, 21.60, 55501.15, 120733199, 1.25, 2.27, 0.73, 588.30905
2017-04-10, 3, zhong_du, 22.93, 21.16, -2.40, 21.68, 21.42, 22.05, 21.11, 67377.88, 145051539, 1.52, 4.34, 0.88, 593.68801
2017-04-11, 3, zhong_du, 22.89, 21.20, 0.19, 21.16, 21.00, 21.38, 20.45, 83036.54, 173884455, 1.87, 4.40, 1.09, 598.83308
2017-04-12, 2, qing_du, 22.88, 21.06, -0.66, 21.20, 21.08, 21.36, 20.88, 45972.38, 97298248, 1.03, 2.26, 0.60, 769.60182
2017-04-13, 2, qing_du, 22.86, 21.27, 1.00, 21.06, 21.00, 21.47, 20.95, 43801.29, 93397179, 0.99, 2.47, 0.57, 625.47398
2017-04-14, 1, wei_ruo, 22.83, 20.60, -3.15, 21.27, 21.27, 21.30, 20.55, 52325.18, 108988013, 1.18, 3.53, 0.69, 680.24206
2017-04-17, 1, wei_ruo, 22.79, 19.90, -3.40, 20.60, 20.59, 20.59, 19.79, 80834.57, 162399773, 1.82, 3.88, 1.06, 668.37406
2017-04-18, 1, wei_ruo, 22.76, 19.85, -0.25, 19.90, 20.00, 20.20, 19.78, 40842.34, 81547873, 0.92, 2.11, 0.54, 624.40491
2017-04-19, 1, wei_ruo, 22.71, 20.17, 1.61, 19.85, 19.86, 20.27, 19.12, 70062.52, 137879256, 1.58, 5.79, 0.92, 681.63514
2017-04-20, 1, wei_ruo, 22.68, 20.48, 1.54, 20.17, 20.20, 20.70, 19.92, 59385, 120368804, 1.34, 3.87, 0.78, 695.0798
2017-04-21, 1, wei_ruo, 22.65, 20.01, -2.29, 20.48, 20.48, 20.60, 19.88, 51747.26, 105027729, 1.16, 3.52, 0.68, 704.76985
2017-04-24, 1, wei_ruo, 22.61, 20.19, 0.90, 20.01, 20.05, 20.31, 19.65, 68954.06, 137555199, 1.55, 3.30, 0.90, 690.48691
2017-04-25, 1, wei_ruo, 22.59, 20.30, 0.54, 20.19, 20.00, 20.48, 19.86, 45381.56, 91640007, 1.02, 3.07, 0.59, 847.06116
2017-04-26, 1, wei_ruo, 22.54, 20.43, 0.64, 20.30, 20.59, 20.99, 20.40, 95852.48, 198354251, 0.85, 2.91, 1.26, 810.78196
2017-04-27, 1, wei_ruo, 22.50, 21.28, 4.16, 20.43, 20.40, 21.53, 20.13, 124830.48, 261836962, 2.81, 6.85, 1.64, 548.86699
2017-04-28, 1, wei_ruo, 22.48, 21.95, 3.15, 21.28, 21.30, 22.34, 21.17, 162611.7, 357867973, 3.66, 5.50, 2.13, 633.05712
2017-05-02, 2, qing_du, 22.48, 22.41, 2.10, 21.95, 22.03, 23.30, 22.00, 199592.26, 450824378, 4.49, 5.92, 2.61, 664.86502
2017-05-03, 3, zhong_du, 22.48, 22.30, -0.49, 22.41, 22.22, 22.58, 22.01, 92054.7, 204667885, 2.07, 2.54, 1.21, 659.15298
2017-05-04, 3, zhong_du, 22.48, 22.29, -0.04, 22.30, 22.30, 23.05, 22.08, 125287.38, 284373683, 2.82, 4.35, 1.64, 617.38586
2017-05-05, 3, zhong_du, 22.47, 22.10, -0.85, 22.29, 22.13, 22.80, 22.04, 93900.19, 210556549, 2.11, 3.41, 1.23, 620.57304
2017-05-11, 4, gao_du, 22.58, 23.63, 1.77, 23.22, 22.97, 23.67, 22.40, 191713.73, 442265675, 4.31, 5.47, 2.51, 598.4509
2017-05-12, 4, gao_du, 22.62, 23.84, 0.89, 23.63, 23.59, 23.99, 22.80, 167402.77, 390542033, 3.77, 5.04, 2.19, 599.74289
2017-05-15, 4, gao_du, 22.64, 23.18, -2.77, 23.84, 23.45, 23.85, 23.03, 134371.97, 313804875, 3.02, 3.44, 1.76, 773.067
2017-05-16, 3, zhong_du, 22.66, 23.49, 1.34, 23.18, 23.00, 23.57, 22.47, 158624.14, 367574662, 3.57, 4.75, 2.08, 500.70786
2017-05-17, 3, zhong_du, 22.72, 23.90, 1.75, 23.49, 23.50, 24.50, 23.42, 220868.45, 530238145, 4.97, 4.60, 2.89, 935.85515
2017-05-18, 4, gao_du, 22.75, 23.91, 0.04, 23.90, 23.70, 24.25, 23.50, 125268.4, 298659364, 2.82, 3.14, 1.64, 612.76388
2017-05-19, 3, zhong_du, 22.76, 22.40, -6.32, 23.91, 23.91, 24.03, 22.00, 188954.23, 435305015, 4.25, 8.49, 2.48, 642.0989
2017-05-22, 3, zhong_du, 22.75, 22.66, 1.16, 22.40, 22.40, 22.78, 22.15, 142687.06, 320144852, 3.21, 2.81, 1.87, 524.36709
2017-05-23, 3, zhong_du, 22.72, 21.95, -3.13, 22.66, 22.40, 22.49, 21.31, 163829.82, 357798055, 3.69, 5.21, 2.15, 917.11092
2017-05-24, 3, zhong_du, 22.70, 22.46, 2.32, 21.95, 21.80, 22.50, 21.30, 97245.33, 213794844, 2.19, 5.47, 1.27, 639.79506
2017-05-25, 3, zhong_du, 22.70, 22.67, 0.93, 22.46, 22.30, 22.83, 22.12, 96799.17, 217853121, 2.18, 3.16, 1.27, 619.10295
2017-05-26, 3, zhong_du, 22.69, 22.48, -0.84, 22.67, 22.59, 22.66, 21.90, 105423.17, 235176288, 2.37, 3.35, 1.38, 611.80902
2017-05-31, 3, zhong_du, 22.69, 22.78, 1.33, 22.48, 22.60, 22.86, 22.14, 103734.68, 233919911, 2.33, 3.20, 1.36, 620.84007
2017-06-01, 3, zhong_du, 22.67, 21.50, -5.62, 22.78, 22.53, 22.59, 21.50, 118802.34, 261225609, 2.67, 4.78, 1.56, 570.894
2017-06-02, 3, zhong_du, 22.65, 21.76, 1.21, 21.50, 21.15, 22.11, 20.85, 82086.51, 175926149, 1.85, 5.86, 1.08, 2615.92197
2017-06-05, 3, zhong_du, 22.64, 22.40, 2.94, 21.76, 21.72, 22.56, 21.56, 80361.94, 179433920, 1.81, 4.60, 1.05, 31205.78504
2017-06-06, 3, zhong_du, 22.64, 22.43, 0.13, 22.40, 22.40, 22.53, 22.16, 44866.48, 100397065, 1.01, 1.65, 0.59, 15690.92298
2017-06-07, 3, zhong_du, 22.66, 23.36, 4.15, 22.43, 22.45, 23.99, 22.45, 190215.24, 443924040, 4.28, 6.87, 2.49, 639.6091
2017-06-08, 3, zhong_du, 22.69, 23.34, -0.09, 23.36, 23.36, 23.93, 23.24, 119928.2, 282248042, 2.70, 2.95, 1.57, 1469.91801
2017-06-09, 4, gao_du, 22.70, 23.59, 1.07, 23.34, 23.39, 23.59, 23.02, 98926.48, 230694416, 2.23, 2.44, 1.30, 794.32106
2017-06-12, 4, gao_du, 22.62, 23.15, -1.45, 23.49, 23.38, 23.40, 22.88, 74303.86, 171733089, 1.67, 2.21, 0.97, 15671.77296
2017-06-13, 4, gao_du, 22.63, 23.46, 1.34, 23.15, 23.16, 23.70, 23.07, 98531.55, 230869111, 2.22, 2.72, 1.29, 16585.65593
2017-06-14, 4, gao_du, 22.64, 22.85, -2.60, 23.46, 23.43, 23.45, 22.83, 90721.85, 208977267, 2.04, 2.64, 1.19, 1108.66284
2017-06-15, 4, gao_du, 22.69, 23.80, 4.16, 22.85, 22.86, 24.15, 22.86, 210749.54, 498636058, 4.74, 5.65, 2.76, 568.2559
2017-06-16, 5, qiang_lie, 22.73, 24.03, 0.97, 23.80, 23.75, 24.25, 23.45, 154723.83, 368782117, 3.48, 3.36, 2.03, 694.21697
2017-06-19, 5, qiang_lie, 22.78, 24.14, 0.46, 24.03, 23.98, 24.43, 23.65, 157186.18, 377187353, 3.54, 3.25, 2.06, 837.82196
2017-06-20, 5, qiang_lie, 22.81, 23.73, -1.70, 24.14, 24.25, 24.29, 23.66, 120723.95, 288678908, 2.72, 2.61, 1.58, 1959.96594
2017-06-21, 5, qiang_lie, 22.83, 23.69, -0.17, 23.73, 23.70, 23.92, 23.16, 108446.24, 255229843, 2.44, 3.20, 1.42, 822.28899
2017-06-22, 5, qiang_lie, 22.84, 23.04, -2.74, 23.69, 23.55, 23.88, 23.01, 113283.92, 265843179, 2.55, 3.67, 1.48, 901.81398
2017-06-23, 5, qiang_lie, 22.85, 23.32, 1.22, 23.04, 22.99, 23.38, 22.62, 145305.09, 333701310, 3.27, 3.30, 1.90, 758.94904
2017-06-26, 4, gao_du, 22.86, 23.40, 0.34, 23.32, 23.29, 23.46, 23.13, 83479.86, 194511250, 1.88, 1.42, 1.09, 6586.17902
2017-06-27, 4, gao_du, 22.87, 23.22, -0.77, 23.40, 23.41, 23.49, 23.01, 102769.87, 239357533, 2.31, 2.05, 1.35, 620.50581
2017-06-28, 4, gao_du, 22.86, 22.67, -2.37, 23.22, 23.09, 23.26, 22.46, 97106.52, 220925211, 2.18, 3.45, 1.27, 722.013
2017-06-29, 3, zhong_du, 22.86, 22.88, 0.93, 22.67, 22.66, 23.04, 22.53, 82250.95, 187557760, 1.85, 2.25, 1.08, 476.4421
2017-06-30, 3, zhong_du, 22.86, 22.87, -0.04, 22.88, 22.70, 22.99, 22.48, 79639.69, 180859050, 1.79, 2.23, 1.04, 613.71493
2017-07-03, 3, zhong_du, 22.88, 23.63, 3.32, 22.87, 22.88, 23.75, 22.59, 158691.74, 369589307, 3.57, 5.07, 2.08, 2622.16592
2017-07-04, 3, zhong_du, 22.89, 22.95, -2.88, 23.63, 23.58, 23.65, 22.86, 129459.97, 300185053, 2.91, 3.34, 1.70, 554.06094
2017-07-05, 4, gao_du, 22.88, 22.65, -1.31, 22.95, 22.72, 22.75, 22.21, 139288.87, 313571121, 3.13, 2.35, 1.82, 658.91695
2017-07-06, 3, zhong_du, 22.85, 21.99, -2.91, 22.65, 22.55, 22.58, 21.90, 155590.21, 344879616, 3.50, 3.00, 2.04, 850.54994
2017-07-07, 3, zhong_du, 22.83, 22.01, 0.09, 21.99, 22.00, 22.26, 21.81, 84069.51, 185246356, 1.89, 2.05, 1.10, 658.44607
2017-07-10, 2, qing_du, 22.82, 21.59, -1.91, 22.01, 22.04, 22.19, 21.55, 80760.58, 176091929, 1.82, 2.91, 1.06, 528.13196
2017-07-11, 2, qing_du, 22.77, 20.83, -3.52, 21.59, 21.60, 21.69, 20.80, 109044.29, 231318937, 2.45, 4.12, 1.43, 665.47608
2017-07-12, 1, wei_ruo, 22.74, 21.16, 1.58, 20.83, 20.85, 21.19, 20.71, 77514.37, 162397872, 1.74, 2.30, 1.02, 918.44201
2017-07-13, 1, wei_ruo, 22.71, 20.75, -1.94, 21.16, 21.25, 21.25, 20.60, 70686.87, 146768865, 1.59, 3.07, 0.93, 667.9759
2017-07-14, 1, wei_ruo, --, 20.69, -0.29, 20.75, 20.71, 20.98, 20.50, 58181.31, 120516044, 1.31, 2.31, 0.76, 608.00505
2017-07-17, 1, wei_ruo, --, 19.40, -6.23, 20.69, 20.50, 20.50, 19.08, 120361.01, 236953199, 2.71, 6.86, 1.58, 779.01983
2017-07-18, 1, wei_ruo, --, 19.74, 1.75, 19.40, 19.37, 19.84, 18.96, 88578.95, 172430064, 1.99, 4.54, 1.16, 1573.78793
2017-07-19, 1, wei_ruo, --, 20.43, 3.50, 19.74, 19.54, 20.45, 19.31, 108318.43, 215550531, 2.44, 5.78, 1.42, 495.04709
2017-07-20, 1, wei_ruo, --, 20.16, -1.32, 20.43, 20.31, 20.96, 20.11, 112695.17, 231408255, 2.54, 4.16, 1.48, 451.07794
2017-07-21, 1, wei_ruo, --, 20.43, 1.34, 20.16, 20.42, 20.67, 20.18, 71054.29, 144859399, 1.60, 2.43, 0.93, 559.45086
2017-07-24, 1, wei_ruo, 22.36, 20.73, 1.47, 20.43, 20.39, 20.76, 19.94, 93150.6, 189473726, 2.10, 4.01, 1.22, 33673.95806
2017-07-25, 1, wei_ruo, --, 21.30, 2.75, 20.73, 21.47, 21.94, 21.10, 271655.28, 581333748, 6.11, 4.05, 3.56, 753.78895
2017-07-26, 2, qing_du, --, 23.13, 8.59, 21.30, 23.43, 23.43, 22.50, 791663.44, 1834687528, 17.81, 4.37, 10.37, 598.88601
2017-07-27, 2, qing_du, 22.79, 25.44, 9.99, 23.13, 22.50, 25.44, 22.00, 853818.93, 2066305601, 19.21, 14.87, 11.19, 724.46203
2017-07-28, 3, zhong_du, 23.91, 26.85, 5.54, 25.44, 26.31, 27.35, 25.95, 1274078.65, 3394192312, 28.66, 5.50, 16.69, 594.42902
2017-07-31, 4, gao_du, 24.32, 26.35, -1.86, 26.85, 25.80, 26.46, 25.48, 818349.5, 2125841096, 18.41, 3.65, 10.72, 700.76919
2017-08-01, 5, qiang_lie, 24.73, 26.30, -0.19, 26.35, 26.35, 27.10, 25.93, 860888.17, 2283713462, 19.37, 4.44, 11.28, 731.53114
2017-08-02, 5, qiang_lie, 24.85, 25.42, -3.35, 26.30, 25.94, 26.10, 25.31, 616305.82, 1578872385, 13.86, 3.00, 8.07, 15729.76112
2017-08-03, 4, gao_du, 24.92, 24.93, -1.93, 25.42, 25.55, 26.20, 24.93, 616435.77, 1573652774, 13.87, 5.00, 8.08, 697.1271
2017-08-04, 4, gao_du, 24.94, 25.23, 1.20, 24.93, 24.81, 25.44, 24.77, 411234.77, 1031651851, 9.25, 2.69, 5.39, 721.33517
2017-08-07, 3, zhong_du, 25.02, 25.30, 0.28, 25.23, 25.37, 26.20, 25.20, 526406.02, 1352019666, 11.84, 3.96, 6.90, 595.01195
2017-08-08, 4, gao_du, 25.11, 26.21, 3.60, 25.30, 24.95, 26.22, 24.37, 709489.93, 1796497587, 15.96, 7.31, 9.29, 610.34107
2017-08-09, 4, gao_du, 25.19, 25.80, -1.56, 26.21, 25.88, 26.32, 25.51, 457326.75, 1183245289, 10.29, 3.09, 5.99, 567.91687
2017-08-10, 4, gao_du, 25.20, 25.14, -2.56, 25.80, 25.73, 26.17, 24.80, 375213.12, 956771857, 8.44, 5.31, 4.92, 634.07207
2017-08-11, 4, gao_du, 25.19, 24.90, -0.95, 25.14, 24.75, 25.59, 24.58, 345258.81, 864865135, 7.77, 4.02, 4.52, 556.11396
2017-08-14, 4, gao_du, 25.20, 25.59, 2.77, 24.90, 24.82, 25.69, 24.82, 349511.59, 886189383, 7.86, 3.49, 4.58, 793.818
2017-08-15, 4, gao_du, 25.24, 25.72, 0.51, 25.59, 25.75, 26.20, 25.33, 321504.86, 826191870, 7.23, 3.40, 4.21, 1380.29504
2017-08-16, 4, gao_du, 25.39, 26.26, 2.10, 25.72, 25.75, 26.92, 25.62, 633567.97, 1665279361, 14.25, 5.05, 8.30, 900.46906
2017-08-17, 4, gao_du, 25.47, 26.16, -0.38, 26.26, 26.06, 26.73, 25.76, 459850.38, 1201409677, 10.35, 3.69, 6.02, 3667.27114
2017-08-18, 4, gao_du, 25.47, 25.21, -3.63, 26.16, 25.80, 25.85, 25.13, 344115.08, 876844329, 7.74, 2.75, 4.51, 557.07693
2017-08-21, 4, gao_du, 25.46, 25.55, 1.35, 25.21, 25.22, 25.58, 25.00, 204096.52, 516677270, 4.59, 2.30, 2.67, 347.399
2017-08-22, 4, gao_du, 25.42, 24.52, -4.03, 25.55, 25.40, 25.41, 24.47, 288304.46, 717391790, 6.49, 3.68, 3.78, 2711.53903
2017-08-23, 4, gao_du, 25.39, 24.59, 0.29, 24.52, 24.42, 24.95, 24.33, 179258.65, 442501248, 4.03, 2.53, 2.35, 758.95119
2017-08-24, 4, gao_du, 25.36, 24.68, 0.37, 24.59, 24.51, 24.92, 24.41, 152859.63, 377224465, 3.44, 2.07, 2.00, 806.20289
2017-08-25, 4, gao_du, 25.34, 25.06, 1.54, 24.68, 24.60, 25.18, 24.53, 197398.21, 491523193, 4.44, 2.63, 2.59, 733.64806
2017-08-28, 4, gao_du, 25.44, 26.30, 4.95, 25.06, 25.23, 26.85, 25.22, 519420.25, 1359208393, 11.69, 6.50, 6.80, 765.66195
2017-08-29, 4, gao_du, 25.48, 26.24, -0.23, 26.30, 26.16, 26.56, 25.90, 262108.25, 686140952, 5.90, 2.51, 3.43, 759.11713
2017-08-30, 5, qiang_lie, 25.55, 26.29, 0.19, 26.24, 26.24, 26.83, 26.01, 316725.51, 838207067, 7.13, 3.13, 4.15, 634.42087
2017-08-31, 5, qiang_lie, 25.75, 27.63, 5.10, 26.29, 26.23, 27.98, 26.15, 533491.17, 1460494890, 12.00, 6.96, 6.99, 694.16904
2017-09-01, 5, qiang_lie, 25.94, 27.94, 1.12, 27.63, 27.40, 28.19, 27.17, 406696.25, 1125431210, 9.15, 3.69, 5.33, 619.27915
2017-09-04, 5, qiang_lie, 26.05, 27.22, 3.54, 26.29, 26.23, 27.56, 26.15, 309806.02, 841588289, 6.97, 5.36, 8.12, 731.38118
2017-09-05, 5, qiang_lie, 26.12, 26.92, -0.96, 27.18, 27.40, 27.85, 26.66, 279445.4, 758304162, 6.29, 4.38, 3.66, 507.65204
2017-09-06, 5, qiang_lie, 26.21, 27.86, 3.49, 26.92, 27.00, 27.89, 26.72, 292682.38, 799975045, 6.58, 4.35, 3.83, 648.17595
2017-09-07, 5, qiang_lie, 26.27, 27.22, 3.54, 26.29, 26.23, 27.56, 26.15, 309806.02, 841588289, 6.97, 5.36, 8.12, 1188.33518
2017-09-08, 5, qiang_lie, 26.26, 27.22, 3.54, 26.29, 26.23, 27.56, 26.15, 309806.02, 841588289, 6.97, 5.36, 8.12, 346.90189
2017-09-11, 5, qiang_lie, 26.26, 26.14, -0.42, 26.25, 26.26, 26.35, 25.62, 172615.66, 447892454, 3.88, 2.78, 2.26, 742.29884
2017-09-12, 5, qiang_lie, 26.26, 26.38, 0.92, 26.14, 26.18, 26.80, 26.02, 241162.11, 636013606, 5.43, 2.98, 3.16, 684.09991
2017-09-13, 5, qiang_lie, 26.26, 26.04, -1.29, 26.38, 26.21, 26.35, 25.73, 151119.46, 392887182, 3.40, 2.35, 1.98, 1634.63712
2017-09-14, 5, qiang_lie, 26.26, 26.29, 0.96, 26.04, 25.99, 26.65, 25.80, 181950.91, 477923586, 4.09, 3.26, 2.38, 589.29205
2017-09-15, 4, gao_du, 26.25, 25.87, -1.60, 26.29, 26.19, 26.30, 25.77, 129410.1, 336303709, 2.91, 2.02, 1.70, 2022.0499
2017-09-18, 4, gao_du, 26.21, 25.37, -1.93, 25.87, 25.62, 25.63, 24.99, 174720.53, 441950629, 3.93, 2.47, 2.29, 673.09999
2017-09-19, 3, zhong_du, 26.23, 26.65, 5.05, 25.37, 25.60, 27.15, 25.60, 360568.03, 957703888, 8.11, 6.11, 4.72, 686.17892
2017-09-20, 3, zhong_du, 26.26, 26.95, 1.13, 26.65, 26.48, 27.03, 26.21, 207309.22, 553413136, 4.66, 3.08, 2.72, 638.21006
2017-09-21, 3, zhong_du, 26.26, 26.10, -3.15, 26.95, 26.90, 26.90, 26.10, 150791.3, 400616588, 3.39, 2.97, 1.98, 752.92397
2017-09-22, 3, zhong_du, 26.25, 25.72, -1.46, 26.10, 25.90, 25.95, 25.52, 110861.81, 285329702, 2.49, 1.65, 1.45, 679.59309
2017-09-25, 3, zhong_du, 26.23, 25.73, 0.04, 25.72, 25.71, 26.10, 25.27, 115191.34, 296275981, 2.59, 3.23, 1.51, 638.97109
2017-09-26, 3, zhong_du, 26.21, 25.40, -1.28, 25.73, 25.72, 26.08, 25.01, 114818.6, 292469446, 2.58, 4.16, 1.50, 562.63995
2017-09-27, 2, qing_du, 26.20, 25.50, 0.39, 25.40, 25.22, 25.67, 25.22, 67827, 173031704, 1.53, 1.77, 0.89, 683.9292
2017-09-28, 2, qing_du, 26.19, 26.25, 2.94, 25.50, 25.36, 26.48, 25.36, 170441.09, 444897585, 3.83, 4.39, 2.23, 748.64006
2017-09-29, 3, zhong_du, 26.20, 26.43, 0.69, 26.25, 26.17, 26.45, 26.00, 115844.17, 303190346, 2.61, 1.71, 1.52, 766.35599
2017-10-10, 4, gao_du, 26.36, 27.64, 0.07, 27.62, 27.58, 28.50, 27.43, 254316.98, 709958513, 5.72, 3.87, 3.33, 647.01796
2017-10-12, 5, qiang_lie, 26.48, 27.01, -3.57, 28.01, 27.88, 28.10, 26.83, 209354.97, 572183311, 4.71, 4.53, 2.74, 924.45898
2017-10-13, 5, qiang_lie, 26.49, 27.25, 0.89, 27.01, 26.94, 27.29, 26.88, 107502.61, 291426300, 2.42, 1.52, 1.41, 551.13602
2017-10-16, 4, gao_du, 26.51, 26.50, -2.75, 27.25, 27.52, 27.96, 26.49, 191215.97, 521123855, 4.30, 5.39, 2.51, 711.27105
2017-10-17, 4, gao_du, 26.51, 26.55, 0.19, 26.50, 26.30, 26.80, 25.70, 143928.15, 377467006, 3.24, 4.15, 1.89, 521.34323
2017-10-18, 3, zhong_du, 26.55, 27.01, 1.73, 26.55, 26.92, 27.74, 26.61, 273465.14, 743424353, 6.15, 4.26, 3.58, 770.66708
2017-10-19, 3, zhong_du, 26.61, 26.65, -1.33, 27.01, 28.00, 28.54, 26.65, 385755.16, 1060300922, 8.68, 7.00, 5.05, 759.00602
2017-10-20, 4, gao_du, 26.98, 29.32, 10.02, 26.65, 26.65, 29.32, 26.65, 894780.98, 2563128515, 20.13, 10.02, 11.72, 681.19693
2017-10-23, 4, gao_du, 27.12, 28.10, -4.16, 29.32, 28.49, 28.57, 27.86, 527437.47, 1486884661, 11.69, 2.42, 6.91, 662.96411
2017-10-24, 4, gao_du, 27.08, 26.78, -4.70, 28.10, 27.11, 27.34, 26.26, 492600.61, 1316742347, 10.92, 3.84, 6.45, 633.56018
2017-10-25, 4, gao_du, 27.04, 26.44, -1.27, 26.78, 26.11, 26.54, 26.11, 290831.65, 764938104, 6.44, 1.61, 3.81, 683.58898
2017-10-26, 3, zhong_du, 26.98, 26.19, -0.95, 26.44, 26.28, 26.35, 25.79, 263896.64, 687307994, 5.85, 2.12, 3.46, 615.273
2017-10-27, 2, qing_du, 26.87, 25.14, -4.01, 26.19, 26.19, 26.19, 25.10, 328391.22, 840761522, 7.28, 4.16, 4.30, 686.75685
2017-10-30, 1, wei_ruo, 26.69, 23.71, -5.69, 25.14, 25.00, 25.05, 23.58, 297030.92, 716836118, 6.58, 5.85, 3.89, 802.09994
2017-10-31, 1, wei_ruo, 26.60, 23.88, 0.72, 23.71, 23.68, 24.09, 23.58, 140067.02, 334592372, 3.10, 2.15, 1.83, 581.67505
2017-11-01, 1, wei_ruo, 26.51, 24.00, 0.50, 23.88, 24.17, 24.39, 23.91, 166487.66, 402208737, 3.69, 2.01, 2.18, 577.22902
2017-11-02, 1, wei_ruo, 26.44, 24.01, 0.04, 24.00, 24.15, 24.24, 23.72, 119258.89, 285830772, 2.64, 2.17, 1.56, 690.67502
2017-11-03, 1, wei_ruo, 26.29, 22.83, -4.91, 24.01, 23.91, 23.97, 22.58, 207963.16, 482942459, 4.61, 5.79, 2.72, 2766.79707
2017-11-06, 1, wei_ruo, 26.20, 23.14, 1.36, 22.83, 22.70, 23.17, 22.68, 128639.1, 295331085, 2.85, 2.15, 1.69, 565.98496
2017-11-07, 1, wei_ruo, 26.10, 23.03, -0.48, 23.14, 23.14, 23.33, 22.84, 136571.84, 314539915, 3.03, 2.12, 1.79, 675.75598
2017-11-08, 1, wei_ruo, 25.99, 23.00, -0.61, 23.14, 23.14, 23.33, 22.92, 73570.64, 169971409, 1.63, 1.77, 1.93, 632.97296
2017-11-09, 1, wei_ruo, 25.93, 23.76, 0.04, 23.75, 23.62, 24.01, 23.55, 122475.19, 291394251, 2.71, 1.94, 1.60, 544.15393
2017-11-10, 1, wei_ruo, 25.87, 23.00, -0.61, 23.14, 23.14, 23.33, 22.92, 73570.64, 169971409, 1.63, 1.77, 1.93, 989.56513
2017-11-13, 1, wei_ruo, 25.81, 23.80, -0.25, 23.86, 24.20, 24.33, 23.56, 132162.96, 316037209, 2.93, 3.23, 0.92, 491.61291
2017-11-14, 1, wei_ruo, 25.70, 22.82, -4.12, 23.80, 23.80, 23.90, 22.68, 192579.73, 445039957, 4.27, 5.13, 1.34, 696.25616
2017-11-15, 1, wei_ruo, 25.59, 23.22, 1.75, 22.82, 22.68, 23.34, 22.16, 177405.68, 402287829, 3.93, 5.17, 1.14, 698.21811
2017-11-16, 1, wei_ruo, 25.53, 22.84, -1.64, 23.22, 23.06, 23.36, 22.81, 100866.4, 232773317, 2.24, 2.37, 0.67, 23988.30104
2017-11-17, 1, wei_ruo, 25.38, 21.31, -6.70, 22.84, 22.69, 22.92, 20.98, 178162.63, 393077075, 3.95, 8.49, 1.23, 644.10996
2017-11-20, 1, wei_ruo, 25.29, 21.72, 1.92, 21.31, 21.20, 21.92, 20.77, 106365.86, 228362667, 2.36, 5.40, 0.68, 551.38993
2017-11-21, 1, wei_ruo, 25.20, 21.35, -1.70, 21.72, 21.60, 21.95, 21.23, 108383.69, 232889920, 2.40, 3.31, 0.72, 621.31
2017-11-22, 1, wei_ruo, 25.08, 21.28, -0.33, 21.35, 21.18, 21.75, 20.80, 140224.79, 298245272, 3.11, 4.45, 1.04, 875.43106
2017-11-23, 1, wei_ruo, 24.88, 20.23, -4.93, 21.28, 21.08, 21.09, 19.95, 191831.48, 395556727, 4.25, 5.36, 1.51, 1045.91799
2017-11-24, 1, wei_ruo, 24.79, 20.29, 0.30, 20.23, 20.06, 20.56, 20.04, 89799.59, 182969993, 1.99, 2.57, 0.62, 711.00307
2017-11-27, 1, wei_ruo, 24.70, 20.27, -0.10, 20.29, 20.00, 20.78, 19.90, 84532.79, 172643185, 1.87, 4.34, 0.66, 690.3398
2017-11-28, 1, wei_ruo, 24.59, 21.08, 4.00, 20.27, 20.38, 21.15, 20.33, 133755.16, 278668378, 2.96, 4.05, 1.09, 672.53518
2017-11-29, 1, wei_ruo, 24.52, 20.83, -1.19, 21.08, 21.17, 21.19, 20.58, 85797.65, 178546344, 1.90, 2.89, 0.67, 607.49221
2017-11-30, 1, wei_ruo, 24.46, 20.91, 0.38, 20.83, 20.76, 21.08, 20.66, 74505.41, 155343315, 1.65, 2.02, 0.64, 974.39003
2017-12-01, 1, wei_ruo, 24.39, 21.23, 1.53, 20.91, 20.95, 21.44, 20.83, 88973.4, 188697976, 1.97, 2.92, 0.95, 630.71513
2017-12-04, 1, wei_ruo, 24.29, 20.31, -4.33, 21.23, 21.30, 21.35, 20.28, 122795.79, 254379356, 2.72, 5.04, 1.31, 1316.55812
2017-12-05, 1, wei_ruo, 24.21, 19.96, -1.72, 20.31, 20.15, 20.46, 19.75, 89114.6, 179545140, 1.97, 3.50, 0.88, 738.66391
2017-12-06, 1, wei_ruo, 24.12, 20.46, 2.51, 19.96, 19.85, 20.49, 19.80, 105912.49, 214829279, 2.35, 3.46, 1.15, 540.24887
2017-12-07, 1, wei_ruo, 24.05, 20.52, 0.29, 20.46, 20.49, 20.89, 20.28, 83524.68, 172283015, 1.85, 2.98, 0.87, 504.76408
2017-12-08, 1, wei_ruo, 23.99, 20.82, 1.46, 20.52, 20.54, 20.97, 20.41, 85122.86, 176895171, 1.89, 2.73, 0.87, 638.11398
2017-12-11, 1, wei_ruo, 23.92, 22.90, 9.99, 20.82, 22.32, 22.90, 21.73, 192707.45, 433954020, 4.27, 5.62, 1.98, 608.20818
2017-12-12, 1, wei_ruo, 23.87, 23.07, 0.74, 22.90, 23.72, 23.88, 23.01, 408860.99, 960291255, 9.06, 3.80, 3.67, 1189.80384
2017-12-13, 1, wei_ruo, 23.81, 22.85, -0.95, 23.07, 23.00, 23.32, 22.44, 247105.86, 564365956, 5.48, 3.81, 1.41, 1540.82584
2017-12-14, 1, wei_ruo, 23.77, 22.72, -0.57, 22.85, 22.98, 23.05, 22.43, 180537.22, 410505447, 4.00, 2.71, 0.89, 938.65705
2017-12-15, 1, wei_ruo, 23.72, 22.38, -1.50, 22.72, 22.52, 22.63, 22.02, 151765.75, 339058684, 3.36, 2.68, 0.68, 1205.17492
2017-12-18, 1, wei_ruo, 23.69, 22.18, -0.89, 22.38, 22.15, 22.64, 22.04, 108586.26, 241870850, 2.41, 2.68, 0.46, 828.228
2017-12-19, 1, wei_ruo, 23.65, 22.45, 1.22, 22.18, 22.30, 22.84, 22.17, 157956.99, 356123737, 3.50, 3.02, 0.72, 716.67814
2017-12-20, 1, wei_ruo, 23.57, 21.58, -3.88, 22.45, 22.29, 22.38, 21.46, 180330.55, 393225342, 4.00, 4.10, 1.07, 2686.2061
2017-12-21, 1, wei_ruo, 23.53, 21.66, 0.37, 21.58, 21.55, 21.87, 21.20, 104267.53, 224882888, 2.31, 3.10, 0.67, 977.4909
2017-12-22, 1, wei_ruo, 23.48, 21.10, -2.59, 21.66, 21.64, 21.75, 21.10, 96476.06, 206845005, 2.14, 3.00, 0.69, 648.28205
2017-12-25, 1, wei_ruo, 23.43, 21.09, -0.05, 21.10, 21.00, 21.41, 20.85, 99943.9, 210730184, 2.21, 2.65, 0.77, 542.35697
2017-12-26, 1, wei_ruo, 23.38, 21.22, 0.62, 21.09, 21.11, 21.30, 20.90, 88759.19, 187559806, 1.97, 1.90, 0.69, 449.31293
2017-12-27, 1, wei_ruo, 23.32, 21.37, 0.71, 21.22, 21.12, 21.72, 20.94, 143377.69, 306269384, 3.18, 3.68, 1.26, 508.67796
2017-12-29, 1, wei_ruo, 23.18, 20.76, 0.92, 20.57, 20.58, 20.85, 20.33, 80507.41, 166461045, 1.78, 2.53, 0.67, 605.05009
2018-01-03, 1, wei_ruo, 23.05, 21.88, 5.39, 20.76, 20.90, 22.00, 20.62, 239810.38, 514612699, 5.31, 6.65, 2.08, 617.20395
2018-01-04, 1, wei_ruo, 23.01, 21.63, -1.14, 21.88, 21.60, 21.98, 21.50, 115795.74, 251058414, 2.57, 2.19, 0.80, 735.18205
2018-01-05, 1, wei_ruo, 22.99, 21.59, -0.18, 21.63, 21.57, 21.98, 21.52, 83432.17, 180853667, 1.85, 2.13, 0.60, 673.66409
2018-01-08, 1, wei_ruo, 22.87, 20.66, -4.31, 21.59, 21.19, 21.19, 20.10, 224243.22, 460336169, 4.97, 5.05, 1.66, 600.09193
2018-01-09, 1, wei_ruo, 22.82, 20.92, 1.26, 20.66, 20.65, 21.26, 20.56, 134695.91, 282101367, 2.98, 3.39, 0.91, 2735.24308
2018-01-10, 1, wei_ruo, 22.77, 21.28, 1.72, 20.92, 20.96, 21.32, 20.67, 126404.24, 265278769, 2.80, 3.11, 0.79, 605.75891
2018-01-11, 1, wei_ruo, 22.72, 22.09, 3.81, 21.28, 21.28, 22.19, 20.92, 186271.05, 404742448, 4.13, 5.97, 1.36, 682.24621
2018-01-12, 1, wei_ruo, 22.70, 21.65, -1.99, 22.09, 22.09, 22.31, 21.50, 132230.95, 290441896, 2.93, 3.67, 0.88, 706.30312
2018-01-15, 1, wei_ruo, 22.67, 21.74, 0.42, 21.65, 21.31, 22.47, 21.28, 161771.7, 355322165, 3.58, 5.50, 1.01, 609.88188
2018-01-16, 1, wei_ruo, 22.65, 22.34, 2.76, 21.74, 21.61, 22.40, 21.60, 154093.91, 340250676, 3.41, 3.68, 1.04, 556.44202
2018-01-17, 2, qing_du, 22.65, 23.04, 3.13, 22.34, 22.28, 23.17, 21.82, 220141.12, 499064894, 4.88, 6.04, 1.45, 755.31721
2018-01-18, 2, qing_du, 22.65, 22.79, -1.09, 23.04, 22.80, 23.15, 22.51, 143289.66, 326546943, 3.18, 2.78, 0.85, 558.94804
2018-01-19, 3, zhong_du, 22.65, 22.21, -2.54, 22.79, 23.06, 23.44, 22.13, 139327.4, 316911105, 3.09, 5.75, 0.86, 2762.25996
2018-01-22, 3, zhong_du, 22.67, 23.09, 3.96, 22.21, 22.03, 23.96, 21.56, 291831.17, 673181931, 6.47, 10.81, 1.78, 674.22295
2018-01-23, 3, zhong_du, 22.68, 22.97, -0.52, 23.09, 22.91, 23.40, 22.82, 127416.19, 293742056, 2.82, 2.51, 0.67, 550.37308
2018-01-24, 3, zhong_du, 22.80, 24.60, 7.10, 22.97, 22.90, 24.77, 22.70, 408075.82, 978512536, 9.04, 9.01, 2.21, 680.29881
2018-01-25, 3, zhong_du, 22.94, 24.11, -1.99, 24.60, 24.62, 25.54, 24.00, 372811.38, 926618370, 8.26, 6.26, 1.68, 798.64287
2018-01-26, 4, gao_du, 23.01, 24.35, 1.00, 24.11, 24.11, 25.08, 24.11, 192312.16, 472635521, 4.26, 4.02, 0.72, 632.88093
2018-01-29, 4, gao_du, 23.10, 24.85, 2.05, 24.35, 24.59, 25.35, 24.15, 234077.45, 580042699, 5.19, 4.93, 0.84, 677.25301
2018-01-30, 4, gao_du, 23.17, 24.83, -0.08, 24.85, 24.79, 25.09, 24.30, 177455.97, 439063628, 3.93, 3.18, 0.66, 522.79091
2018-01-31, 4, gao_du, 23.21, 23.55, -5.16, 24.83, 24.60, 24.78, 23.46, 235584.48, 568079144, 5.22, 5.32, 0.85, 757.58505
2018-02-01, 4, gao_du, 23.21, 23.12, -1.83, 23.55, 23.68, 23.77, 22.86, 214441.83, 499305357, 4.75, 3.86, 0.88, 854.99191
2018-02-02, 3, zhong_du, 23.14, 21.60, -6.57, 23.12, 22.32, 23.45, 21.50, 313700.68, 703004492, 6.95, 8.43, 1.49, 598.52314
2018-02-05, 3, zhong_du, 23.08, 22.03, 1.99, 21.60, 21.03, 22.30, 20.73, 225544.5, 486343897, 3.86, 7.27, 0.96, 824.79286
2018-02-06, 2, qing_du, 23.00, 20.44, -7.22, 22.03, 21.63, 22.00, 20.42, 216588.97, 459147230, 3.71, 7.17, 0.93, 813.70091
2018-02-07, 1, wei_ruo, 22.93, 21.68, 6.07, 20.44, 21.07, 22.05, 20.42, 253294.19, 541137795, 4.33, 7.97, 1.05, 978.29914
2018-02-08, 1, wei_ruo, 22.90, 21.86, 0.83, 21.68, 21.65, 22.09, 21.47, 188181.92, 410909530, 3.22, 2.86, 0.78, 881.58083
2018-02-09, 1, wei_ruo, 22.83, 21.23, -2.88, 21.86, 21.20, 22.09, 20.88, 247682.65, 533720196, 4.24, 5.54, 1.09, 691.74409
2018-02-12, 1, wei_ruo, 22.81, 22.62, 6.55, 21.23, 21.66, 22.89, 21.44, 224047.58, 497688834, 3.83, 6.83, 1.00, 640.36512
2018-02-13, 1, wei_ruo, 22.81, 22.83, 0.93, 22.62, 22.77, 23.06, 22.47, 158415.79, 359948627, 2.71, 2.61, 0.68, 581.09498
2018-02-14, 2, qing_du, 22.81, 22.46, -1.62, 22.83, 22.70, 22.70, 22.11, 100964.17, 226082867, 1.73, 2.58, 0.51, 2727.84996
