2015-08-20, 1, wei_ruo, 9.80, 8.76, -1.90, 8.93, 8.82, 9.00, 8.72, 1471943.35, 1300332715, 0.50, 3.14, 0.99, 810.93597
2015-08-21, 1, wei_ruo, 9.79, 8.51, -2.85, 8.76, 8.80, 8.94, 8.48, 1861504.53, 1626677205, 0.63, 5.25, 1.21, 936.68008
2015-08-24, 1, wei_ruo, 9.77, 7.92, -6.93, 8.51, 8.28, 8.35, 7.66, 3528474.75, 2792632599, 1.19, 8.11, 2.08, 2870.68081
2015-08-25, 1, wei_ruo, 9.74, 7.47, -5.68, 7.92, 7.70, 8.02, 7.14, 3732453.52, 2862890878, 1.26, 11.11, 1.72, 1232.89108
2015-08-26, 1, wei_ruo, 9.72, 7.77, 4.02, 7.47, 7.52, 7.94, 7.26, 3129020.5, 2392285139, 1.06, 9.10, 1.21, 890.21087
2015-08-27, 1, wei_ruo, 9.70, 8.26, 6.31, 7.77, 7.90, 8.30, 7.63, 3036505.5, 2407104901, 1.03, 8.62, 1.11, 1038.27
2015-08-28, 1, wei_ruo, 9.69, 8.20, -0.73, 8.26, 8.25, 8.29, 8.04, 2126745.81, 1737097182, 0.72, 3.03, 0.70, 770.35618
2015-08-31, 1, wei_ruo, 9.68, 8.57, 4.51, 8.20, 8.15, 8.60, 7.91, 2624777.72, 2147682167, 0.89, 8.41, 0.84, 1073.9882
2015-10-29, 3, zhong_du, 9.55, 8.58, -0.69, 8.64, 8.63, 8.67, 8.57, 592447.35, 510483448, 0.20, 1.16, 0.68, 1616.05
2015-10-30, 2, qing_du, 9.55, 8.60, 0.23, 8.58, 8.58, 8.68, 8.57, 953221.17, 822739198, 0.32, 1.28, 1.32, 1005.71704
2015-11-02, 2, qing_du, 9.54, 8.53, -0.81, 8.60, 8.56, 8.63, 8.51, 862566.58, 738908087, 0.29, 1.40, 1.17, 1007.5891
2015-11-03, 2, qing_du, 9.54, 8.54, 0.12, 8.53, 8.57, 8.58, 8.52, 753061.33, 643466888, 0.25, 0.70, 1.01, 2787.70304
2015-11-04, 2, qing_du, 9.54, 8.74, 2.34, 8.54, 8.54, 8.77, 8.53, 1669826.56, 1447526628, 0.57, 2.81, 2.18, 1088.5191
2015-11-05, 2, qing_du, 9.53, 8.86, 1.37, 8.74, 8.70, 9.16, 8.69, 3347699.66, 2992415315, 1.13, 5.38, 3.46, 1139.41789
2015-11-06, 2, qing_du, 9.52, 8.89, 0.34, 8.86, 8.86, 8.94, 8.75, 2154081.83, 1903659036, 0.73, 2.14, 1.42, 3447.09182
2015-11-09, 3, zhong_du, 9.52, 9.13, 2.70, 8.89, 8.94, 9.50, 8.94, 4154020.69, 3849747270, 1.41, 6.30, 2.36, 1056.44202
2015-11-10, 3, zhong_du, 9.52, 9.05, -0.88, 9.13, 9.03, 9.16, 9.01, 2036512.96, 1841704432, 0.69, 1.64, 0.84, 381.639
2015-11-11, 3, zhong_du, 9.51, 8.90, -1.55, 9.04, 9.04, 9.04, 8.80, 1670129.93, 1487484581, 0.57, 2.65, 0.62, 256.95586
2015-11-12, 3, zhong_du, 9.50, 8.88, -0.22, 8.90, 8.94, 8.94, 8.82, 1061877.41, 942064929, 0.36, 1.35, 0.40, 3683.67815
2015-11-13, 3, zhong_du, 9.50, 8.79, -1.01, 8.88, 8.82, 8.89, 8.78, 918599.83, 810752121, 0.31, 1.24, 0.41, 1078.27497
2015-11-16, 2, qing_du, 9.50, 8.82, 0.34, 8.79, 8.70, 8.83, 8.68, 1105058.77, 967788464, 0.37, 1.71, 0.56, 863.62791
2015-11-17, 2, qing_du, 9.49, 8.83, 0.11, 8.82, 8.82, 8.96, 8.80, 1809746.39, 1608037493, 0.61, 1.81, 1.33, 872.64609
2015-11-18, 2, qing_du, 9.49, 8.83, 0.00, 8.83, 8.85, 8.95, 8.72, 1681529.24, 1482333343, 0.57, 2.60, 1.28, 3082.53407
2015-11-19, 2, qing_du, 9.49, 8.87, 0.45, 8.83, 8.80, 8.90, 8.75, 1365036.47, 1203689487, 0.46, 1.70, 1.04, 568.38989
2015-11-20, 2, qing_du, 9.48, 8.89, 0.23, 8.87, 8.86, 8.95, 8.82, 1446746.74, 1287604821, 0.49, 1.47, 1.05, 16733.886
2015-11-23, 2, qing_du, 9.48, 8.84, -0.56, 8.89, 8.88, 8.93, 8.80, 955672.75, 846174246, 0.32, 1.46, 0.65, 2838.39989
2015-11-24, 2, qing_du, 9.48, 8.80, -0.45, 8.84, 8.82, 8.84, 8.76, 692212.12, 608544032, 0.23, 0.90, 0.48, 1177.03414
2015-11-25, 2, qing_du, 9.48, 8.80, 0.00, 8.80, 8.79, 8.83, 8.74, 558730.52, 490380298, 0.19, 1.02, 0.45, 991.92882
2015-11-26, 2, qing_du, 9.48, 8.77, -0.34, 8.80, 8.81, 8.85, 8.75, 638905.46, 562839005, 0.22, 1.14, 0.64, 805.51386
2015-11-27, 1, wei_ruo, 9.47, 8.46, -3.53, 8.77, 8.76, 8.76, 8.42, 1382449.34, 1189332433, 0.47, 3.88, 1.61, 837.94093
2015-11-30, 1, wei_ruo, 9.47, 8.63, 2.01, 8.46, 8.47, 8.67, 8.46, 1193323.15, 1023833445, 0.40, 2.48, 1.41, 745.27407
2015-12-01, 1, wei_ruo, 9.47, 8.57, -0.70, 8.63, 8.64, 8.65, 8.51, 955489.22, 819799674, 0.32, 1.62, 1.07, 917.23704
2015-12-02, 1, wei_ruo, 9.46, 8.94, 4.32, 8.57, 8.57, 9.02, 8.55, 2110135.6, 1865125920, 0.71, 5.48, 2.23, 828.15313
2015-12-03, 1, wei_ruo, 9.46, 8.93, -0.11, 8.94, 8.90, 9.03, 8.82, 2027959.79, 1811217940, 0.69, 2.35, 1.61, 747.07603
2015-12-04, 1, wei_ruo, 9.44, 8.76, -1.90, 8.93, 8.86, 8.95, 8.69, 1270880.92, 1121804067, 0.43, 2.91, 0.83, 3121.907
2015-12-07, 1, wei_ruo, 9.44, 8.81, 0.57, 8.76, 8.78, 8.85, 8.72, 540722.45, 476000143, 0.18, 1.48, 0.36, 643.77093
2015-12-08, 1, wei_ruo, 9.44, 8.70, -1.25, 8.81, 8.76, 8.77, 8.66, 702339.06, 611845780, 0.24, 1.25, 0.51, 810.79698
2015-12-09, 1, wei_ruo, 9.44, 8.71, 0.11, 8.70, 8.69, 8.78, 8.67, 392702.14, 342511310, 0.13, 1.26, 0.30, 619.75884
2015-12-10, 1, wei_ruo, 9.44, 8.70, -0.11, 8.71, 8.73, 8.89, 8.67, 658739.59, 577204676, 0.22, 2.53, 0.67, 820.78505
2015-12-11, 1, wei_ruo, 9.44, 8.71, 0.11, 8.70, 8.66, 8.72, 8.55, 700657.81, 606298310, 0.24, 1.95, 0.98, 858.08206
2015-12-14, 1, wei_ruo, 9.43, 8.80, 1.03, 8.71, 8.65, 8.83, 8.63, 900329.75, 786587255, 0.30, 2.30, 1.50, 780.54404
2015-12-15, 1, wei_ruo, 9.43, 8.69, -1.25, 8.80, 8.79, 8.82, 8.68, 538068.72, 469522527, 0.18, 1.59, 0.80, 403.23997
2015-12-16, 1, wei_ruo, 9.43, 8.67, -0.23, 8.69, 8.70, 8.74, 8.66, 441544.1, 383878845, 0.15, 0.92, 0.69, 815.74798
2015-12-17, 1, wei_ruo, 9.43, 8.74, 0.81, 8.67, 8.68, 8.77, 8.68, 791620.75, 691071549, 0.27, 1.04, 1.22, 2730.92008
2015-12-18, 1, wei_ruo, 9.43, 9.07, 3.78, 8.74, 8.73, 9.61, 8.73, 4456416.47, 4117547006, 1.51, 10.07, 6.61, 686.73587
2015-12-21, 1, wei_ruo, 9.43, 9.97, 9.92, 9.07, 9.01, 9.98, 8.98, 8567966.95, 8355864425, 2.90, 11.03, 6.01, 970.49308
2015-12-22, 2, qing_du, 9.43, 9.58, -3.91, 9.97, 9.84, 9.86, 9.50, 3720752.02, 3591259084, 1.26, 3.61, 1.26, 1798.908
2015-12-23, 3, zhong_du, 9.44, 9.52, -0.63, 9.58, 9.60, 9.84, 9.43, 3226117.68, 3109300701, 1.09, 4.28, 0.90, 2739.7871
2015-12-24, 3, zhong_du, 9.44, 9.39, -1.37, 9.52, 9.50, 9.57, 9.25, 1742005.68, 1632623486, 0.59, 3.36, 0.42, 717.48996
2015-12-25, 3, zhong_du, 9.44, 9.44, 0.53, 9.39, 9.42, 9.47, 9.33, 1229463.37, 1155351992, 0.42, 1.49, 0.28, 784.85107
2015-12-28, 3, zhong_du, 9.43, 9.14, -3.18, 9.44, 9.40, 9.42, 9.09, 1842437.53, 1699169911, 0.62, 3.50, 0.50, 2850.05808
2015-12-29, 2, qing_du, 9.43, 9.21, 0.77, 9.14, 9.10, 9.30, 9.07, 1234483.07, 1133945130, 0.42, 2.52, 0.52, 955.81603
2015-12-30, 2, qing_du, 9.43, 9.43, 2.39, 9.21, 9.17, 9.48, 9.07, 2055222.1, 1898472476, 0.70, 4.45, 0.87, 2953.71103
2015-12-31, 2, qing_du, 9.43, 9.64, 2.23, 9.43, 9.35, 9.70, 9.21, 3964164.77, 3764596051, 1.34, 5.20, 1.69, 2897.03798
2016-01-04, 2, qing_du, 9.43, 9.03, -6.33, 9.64, 9.48, 9.55, 9.01, 838676.59, 780986219, 0.28, 5.60, 0.55, 4369.30704
2016-01-05, 2, qing_du, 9.43, 9.12, 1.00, 9.03, 8.95, 9.28, 8.90, 1094906.59, 998665351, 0.37, 4.21, 0.47, 2762.17604
2016-01-06, 2, qing_du, 9.43, 9.15, 0.33, 9.12, 9.12, 9.19, 9.02, 809815.64, 737495387, 0.27, 1.86, 0.34, 995.8601
2016-01-07, 1, wei_ruo, 9.43, 8.60, -6.01, 9.15, 9.03, 9.08, 8.54, 249640.2, 220841489, 0.08, 5.90, 0.85, 1650.70605
2016-01-08, 1, wei_ruo, 9.43, 8.70, 1.16, 8.60, 8.88, 8.93, 8.55, 1097998.52, 958876973, 0.37, 4.42, 0.47, 5777.776
2016-01-11, 1, wei_ruo, 9.48, 8.46, -2.76, 8.70, 8.55, 8.76, 8.40, 1298944.02, 1112802666, 0.44, 4.14, 0.55, 927.37603
2016-01-12, 1, wei_ruo, 9.48, 8.47, 0.12, 8.46, 8.55, 8.60, 8.43, 738394.66, 628626898, 0.25, 2.01, 0.31, 2911.89194
2016-01-13, 1, wei_ruo, 9.47, 8.45, -0.24, 8.47, 8.63, 8.65, 8.39, 697651.93, 592961697, 0.24, 3.07, 0.30, 2839.15615
2016-01-14, 1, wei_ruo, 9.47, 8.49, 0.47, 8.45, 8.29, 8.53, 8.25, 649121.67, 548471400, 0.22, 3.31, 0.28, 2640.31196
2016-01-15, 1, wei_ruo, 9.47, 8.47, -0.24, 8.49, 8.50, 8.53, 8.27, 795252.78, 667566274, 0.27, 3.06, 0.34, 891.94107
2016-01-18, 1, wei_ruo, 9.47, 8.49, 0.24, 8.47, 8.34, 8.51, 8.32, 674649.1, 569514087, 0.23, 2.24, 0.29, 1608.59203
2016-01-19, 1, wei_ruo, 9.46, 8.56, 0.82, 8.49, 8.49, 8.58, 8.39, 819702.11, 697741279, 0.28, 2.24, 0.35, 2646.14415
2016-01-20, 1, wei_ruo, 9.46, 8.58, 0.23, 8.56, 8.46, 8.63, 8.46, 1005071.96, 858275168, 0.34, 1.99, 0.43, 738.74211
2016-01-21, 1, wei_ruo, 9.46, 8.46, -1.40, 8.58, 8.59, 8.75, 8.46, 680699.44, 583015010, 0.23, 3.38, 0.29, 239.03489
2016-01-22, 1, wei_ruo, 9.46, 8.50, 0.47, 8.46, 8.54, 8.56, 8.43, 569113.27, 482951928, 0.19, 1.54, 0.24, 774.95408
2016-01-26, 1, wei_ruo, 9.45, 8.36, -1.76, 8.51, 8.44, 8.49, 8.24, 934434.36, 781318742, 0.32, 2.94, 0.40, 3379.65608
2016-01-27, 1, wei_ruo, 9.45, 8.51, 1.79, 8.36, 8.43, 8.61, 8.36, 1220064.01, 1036237102, 0.41, 2.99, 0.52, 2663.12695
2016-01-28, 1, wei_ruo, 9.45, 8.53, 0.24, 8.51, 8.48, 8.58, 8.38, 786693.22, 665734205, 0.27, 2.35, 0.33, 1216.84003
2016-01-29, 1, wei_ruo, 9.44, 8.59, 0.70, 8.53, 8.58, 8.69, 8.50, 863583.92, 743851479, 0.29, 2.23, 0.37, 972.45717
2016-02-01, 1, wei_ruo, 9.44, 8.50, -1.05, 8.59, 8.58, 8.66, 8.44, 507386.81, 431490702, 0.17, 2.56, 0.22, 1386.37495
2016-02-02, 1, wei_ruo, 9.44, 8.49, -0.12, 8.50, 8.46, 8.57, 8.44, 697017.09, 591829918, 0.24, 1.53, 0.30, 861.74202
2016-02-03, 1, wei_ruo, 9.44, 8.44, -0.59, 8.49, 8.40, 8.47, 8.38, 580236.24, 487853803, 0.20, 1.06, 0.25, 3100.09909
2016-02-04, 1, wei_ruo, 9.44, 8.46, 0.24, 8.44, 8.52, 8.54, 8.43, 477732.45, 404853202, 0.16, 1.30, 0.20, 2836.71379
2016-02-05, 1, wei_ruo, 9.43, 8.43, -0.35, 8.46, 8.47, 8.52, 8.41, 405291.07, 342945941, 0.14, 1.30, 0.17, 2739.81714
2016-02-15, 1, wei_ruo, 9.43, 8.46, 0.36, 8.43, 8.34, 8.53, 8.31, 433681.9, 365182944, 0.15, 2.61, 0.18, 899.71781
2016-02-16, 1, wei_ruo, 9.43, 8.58, 1.42, 8.46, 8.46, 8.66, 8.46, 485060.06, 416216121, 0.16, 2.36, 0.21, 3089.77008
2016-02-17, 1, wei_ruo, 9.43, 8.56, -0.23, 8.58, 8.57, 8.60, 8.52, 609831.71, 522010459, 0.21, 0.93, 0.26, 1072.19005
2016-02-18, 1, wei_ruo, 9.43, 8.59, 0.35, 8.56, 8.60, 8.62, 8.49, 905955.21, 774333799, 0.31, 1.52, 0.39, 876.48106
2016-02-19, 1, wei_ruo, 9.42, 8.52, -0.81, 8.59, 8.54, 8.59, 8.49, 841551.72, 717902264, 0.28, 1.16, 0.45, 800.53306
2016-02-22, 1, wei_ruo, 9.42, 8.60, 1.06, 8.51, 8.58, 8.65, 8.51, 745358.6, 639500849, 0.25, 1.65, 1.10, 4290.46202
2016-02-23, 1, wei_ruo, 9.41, 8.47, -1.51, 8.60, 8.58, 8.59, 8.43, 617417.31, 524128004, 0.21, 1.86, 0.83, 809.58414
2016-02-24, 1, wei_ruo, 9.41, 8.50, 0.35, 8.47, 8.45, 8.51, 8.44, 408190.95, 345701250, 0.14, 0.83, 0.53, 2734.9751
2016-02-25, 1, wei_ruo, 9.40, 8.21, -3.41, 8.50, 8.49, 8.50, 8.16, 922411.2, 770483485, 0.31, 4.00, 1.27, 939.60214
2016-02-26, 1, wei_ruo, 9.32, 8.31, 2.09, 8.14, 8.19, 8.38, 8.10, 1014559.77, 836167751, 0.34, 3.44, 1.39, 826.54905
2016-02-29, 1, wei_ruo, 9.32, 8.45, 1.68, 8.31, 8.26, 8.48, 8.20, 1130351.47, 943201284, 0.38, 3.37, 1.52, 2942.75403
2016-03-01, 1, wei_ruo, 9.32, 8.43, -0.24, 8.45, 8.44, 8.49, 8.35, 492647.15, 414916233, 0.17, 1.66, 0.60, 1589.20693
2016-03-02, 1, wei_ruo, 9.31, 8.56, 1.54, 8.43, 8.50, 8.58, 8.44, 772907.03, 658937291, 0.26, 1.66, 0.97, 2909.74617
2016-03-03, 1, wei_ruo, 9.31, 8.70, 1.64, 8.56, 8.59, 8.73, 8.51, 933558.29, 803444278, 0.32, 2.57, 1.08, 1635.19001
2016-03-04, 1, wei_ruo, 9.31, 9.33, 7.24, 8.70, 8.65, 9.38, 8.63, 4910361.49, 4512019023, 1.66, 8.62, 5.65, 772.4421
2016-03-07, 2, qing_du, 9.31, 9.17, -1.71, 9.33, 9.25, 9.34, 9.11, 1218007.61, 1120412945, 0.41, 2.47, 0.74, 2560.97603
2016-03-08, 3, zhong_du, 9.31, 9.29, 1.31, 9.17, 9.11, 9.37, 8.73, 1379041.31, 1247011606, 0.47, 6.98, 0.83, 387.70986
2016-03-09, 3, zhong_du, 9.31, 9.34, 0.54, 9.29, 9.01, 9.35, 8.91, 1799477.06, 1654141450, 0.61, 4.74, 0.98, 646.46602
2016-03-10, 3, zhong_du, 9.31, 9.05, -3.10, 9.34, 9.18, 9.27, 9.02, 819718.11, 749221022, 0.28, 2.68, 0.40, 2638.28993
2016-03-11, 3, zhong_du, 9.30, 9.12, 0.77, 9.05, 9.00, 9.15, 8.87, 868224.33, 785309402, 0.29, 3.09, 0.43, 846.4942
2016-03-14, 3, zhong_du, 9.30, 9.03, -0.99, 9.12, 9.19, 9.27, 8.94, 939006.77, 856642717, 0.32, 3.62, 0.77, 2351.125
2016-03-15, 3, zhong_du, 9.30, 9.17, 1.55, 9.03, 9.08, 9.20, 8.96, 716650.39, 651887444, 0.24, 2.66, 0.62, 676.86105
2016-03-16, 3, zhong_du, 9.30, 9.44, 2.94, 9.17, 9.11, 9.58, 9.08, 3404922.45, 3209502801, 1.15, 5.45, 3.31, 2540.43078
2016-03-17, 3, zhong_du, 9.30, 9.20, -2.54, 9.44, 9.46, 9.48, 9.01, 1723580.71, 1590776778, 0.58, 4.98, 1.28, 2771.31677
2016-03-18, 3, zhong_du, 9.30, 9.13, -0.76, 9.20, 9.19, 9.23, 9.08, 1543314.9, 1413272845, 0.52, 1.63, 1.01, 532.26805
2016-03-21, 3, zhong_du, 9.30, 9.20, 0.77, 9.13, 9.16, 9.26, 9.12, 861139.68, 792628820, 0.29, 1.53, 0.52, 541.22305
2016-03-22, 3, zhong_du, 9.30, 9.19, -0.11, 9.20, 9.24, 9.38, 9.15, 865992.42, 801440086, 0.29, 2.50, 0.52, 1349.12992
2016-03-23, 3, zhong_du, 9.30, 9.16, -0.33, 9.19, 9.15, 9.21, 9.12, 492786.79, 451896392, 0.17, 0.98, 0.29, 2569.67807
2016-03-24, 3, zhong_du, 9.30, 9.09, -0.76, 9.16, 9.12, 9.15, 9.08, 568624.33, 517297864, 0.19, 0.76, 0.52, 755.99909
2016-03-25, 3, zhong_du, 9.30, 9.09, 0.00, 9.09, 9.09, 9.14, 9.09, 355645.41, 323644199, 0.12, 0.55, 0.41, 2712.58903
2016-03-28, 3, zhong_du, 9.30, 8.93, -1.76, 9.09, 9.10, 9.12, 8.86, 750061.56, 675638311, 0.25, 2.86, 1.19, 3346.17186
2016-03-29, 3, zhong_du, 9.30, 8.94, 0.11, 8.93, 8.96, 9.05, 8.92, 562011.05, 505016385, 0.19, 1.46, 0.93, 745.49818
2016-03-30, 3, zhong_du, 9.30, 9.14, 2.24, 8.94, 9.02, 9.17, 8.97, 750898.89, 681081725, 0.25, 2.24, 1.38, 1167.71889
2016-03-31, 3, zhong_du, 9.30, 9.11, -0.33, 9.14, 9.17, 9.18, 9.06, 348740.1, 317617017, 0.12, 1.31, 0.58, 3044.93999
2016-04-01, 3, zhong_du, 9.30, 9.24, 1.43, 9.11, 9.14, 9.25, 8.98, 941101.62, 862334349, 0.32, 2.96, 1.70, 2963.10902
2016-04-05, 4, gao_du, 9.30, 9.22, -0.22, 9.24, 9.12, 9.27, 9.01, 701466.24, 641918123, 0.24, 2.81, 1.05, 709.55992
2016-04-06, 4, gao_du, 9.30, 9.05, -1.84, 9.22, 9.13, 9.22, 9.01, 1043809.81, 946880159, 0.35, 2.28, 1.58, 827.30198
2016-04-07, 4, gao_du, 9.30, 8.99, -0.66, 9.05, 9.07, 9.08, 8.98, 576332.83, 519530377, 0.20, 1.10, 0.76, 855.75509
2016-04-08, 4, gao_du, 9.30, 8.99, 0.00, 8.99, 8.92, 9.04, 8.89, 419171.26, 376952961, 0.14, 1.67, 0.58, 806.71787
2016-04-11, 3, zhong_du, 9.30, 9.01, 0.22, 8.99, 8.95, 9.08, 8.95, 498481.99, 450314675, 0.17, 1.45, 0.68, 2534.374
2016-04-12, 3, zhong_du, 9.30, 9.03, 0.22, 9.01, 9.03, 9.06, 8.99, 330498.69, 298266582, 0.11, 0.78, 0.51, 2649.24097
2016-04-13, 4, gao_du, 9.30, 9.11, 0.89, 9.03, 9.06, 9.15, 9.02, 1136949.86, 1035536490, 0.38, 1.44, 1.98, 2736.94897
2016-04-14, 4, gao_du, 9.30, 9.11, 0.00, 9.11, 9.18, 9.18, 9.09, 709105.43, 647034052, 0.24, 0.99, 1.20, 589.19787
2016-04-15, 4, gao_du, 9.29, 9.21, 1.10, 9.11, 9.14, 9.26, 9.11, 1168500.44, 1075061870, 0.40, 1.65, 1.89, 3122.59817
2016-04-18, 5, qiang_lie, 9.29, 9.19, -0.22, 9.21, 9.11, 9.27, 9.10, 1086337.99, 1002520820, 0.37, 1.85, 1.41, 2592.08989
2016-04-19, 5, qiang_lie, 9.29, 9.20, 0.11, 9.19, 9.23, 9.26, 9.15, 844460.88, 778031961, 0.29, 1.20, 0.95, 323.86088
2016-04-20, 5, qiang_lie, 9.29, 9.32, 1.30, 9.20, 9.20, 9.34, 8.93, 1592890.57, 1462074682, 0.54, 4.46, 1.61, 4555.36795
2016-04-21, 5, qiang_lie, 9.29, 9.30, -0.21, 9.32, 9.24, 9.58, 9.20, 1669550.94, 1570407226, 0.56, 4.08, 1.55, 382.12514
2016-04-22, 5, qiang_lie, 9.29, 9.40, 1.08, 9.30, 9.25, 9.54, 9.23, 730606.88, 687777255, 0.25, 3.33, 0.57, 3063.09891
2016-04-25, 5, qiang_lie, 9.29, 9.44, 0.43, 9.40, 9.32, 9.50, 9.25, 702940.66, 662746756, 0.24, 2.66, 0.59, 631.51693
2016-04-26, 5, qiang_lie, 9.29, 9.46, 0.21, 9.44, 9.40, 9.58, 9.38, 758490.17, 715842107, 0.26, 2.12, 0.68, 2545.28284
2016-04-27, 5, qiang_lie, 9.30, 9.39, -0.74, 9.46, 9.50, 9.51, 9.38, 756422.31, 713834315, 0.26, 1.37, 0.69, 1782.62496
2016-04-28, 5, qiang_lie, 9.30, 9.37, -0.21, 9.39, 9.43, 9.50, 9.33, 440227.57, 414173685, 0.15, 1.81, 0.48, 681.60892
2016-04-29, 5, qiang_lie, 9.30, 9.30, -0.75, 9.37, 9.36, 9.48, 9.29, 697045.17, 653497040, 0.24, 2.03, 1.03, 4622.83611
2016-05-03, 5, qiang_lie, 9.30, 9.38, 0.86, 9.30, 9.31, 9.42, 9.28, 458575.53, 429277703, 0.16, 1.51, 0.68, 4501.52421
2016-05-04, 4, gao_du, 9.30, 9.38, 0.00, 9.38, 9.30, 9.41, 9.30, 233467.29, 218537657, 0.08, 1.17, 0.38, 490.67903
2016-05-05, 5, qiang_lie, 9.30, 9.36, -0.21, 9.38, 9.35, 9.39, 9.34, 233399.99, 218547024, 0.08, 0.53, 0.45, 1764.08386
2016-05-06, 4, gao_du, 9.30, 9.26, -1.07, 9.36, 9.36, 9.37, 9.23, 423868.81, 394524304, 0.14, 1.50, 1.03, 2695.14608
2016-05-09, 4, gao_du, 9.30, 9.22, -0.43, 9.26, 9.25, 9.33, 9.11, 463764.07, 428376268, 0.16, 2.38, 1.13, 2564.84795
2016-05-10, 4, gao_du, 9.30, 9.26, 0.43, 9.22, 9.13, 9.31, 9.13, 352710.24, 326325201, 0.12, 1.95, 0.97, 2739.85386
2016-05-11, 3, zhong_du, 9.30, 9.28, 0.22, 9.26, 9.28, 9.33, 9.23, 369482.45, 342794145, 0.13, 1.08, 1.08, 907.4738
2016-05-12, 3, zhong_du, 9.30, 9.27, -0.11, 9.28, 9.27, 9.34, 9.23, 732963.72, 679291052, 0.25, 1.19, 1.99, 821.48814
2016-05-13, 3, zhong_du, 9.30, 9.19, -0.86, 9.27, 9.23, 9.28, 9.18, 1085214.82, 1003169368, 0.37, 1.08, 2.32, 2012.12716
2016-05-16, 3, zhong_du, 9.30, 9.20, 0.11, 9.19, 9.15, 9.24, 9.15, 330775.45, 303958060, 0.11, 0.98, 0.55, 326.58577
2016-05-17, 3, zhong_du, 9.29, 9.08, -1.30, 9.20, 9.20, 9.20, 9.07, 568843.63, 517681182, 0.19, 1.41, 0.99, 2658.33879
2016-05-18, 3, zhong_du, 9.29, 9.13, 0.55, 9.08, 9.08, 9.17, 9.02, 1386453.61, 1257228140, 0.47, 1.65, 2.25, 1064.25905
2016-05-19, 2, qing_du, 9.29, 9.00, -1.42, 9.13, 9.10, 9.11, 8.99, 570107.44, 516598540, 0.19, 1.31, 0.69, 1360.12316
2016-05-20, 2, qing_du, 9.29, 9.00, 0.00, 9.00, 8.98, 9.04, 8.98, 1573463.59, 1416296607, 0.53, 0.67, 2.00, 2546.242
2016-05-23, 1, wei_ruo, 9.29, 8.87, -1.44, 9.00, 9.00, 9.03, 8.86, 1281477.29, 1144884242, 0.43, 1.89, 1.45, 3616.82105
2016-05-24, 1, wei_ruo, 9.29, 8.68, -2.14, 8.87, 8.88, 8.88, 8.66, 2174771.77, 1897145575, 0.74, 2.48, 2.02, 2592.82994
2016-05-25, 1, wei_ruo, 9.29, 8.86, 2.07, 8.68, 8.75, 8.87, 8.69, 740101.07, 651147901, 0.25, 2.07, 0.69, 2354.49791
2016-05-26, 1, wei_ruo, 9.28, 8.90, 0.45, 8.86, 8.82, 8.90, 8.81, 603547.85, 535720670, 0.20, 1.02, 0.56, 1133.23903
2016-05-27, 1, wei_ruo, 9.28, 8.91, 0.11, 8.90, 8.85, 8.94, 8.83, 721532.68, 641621334, 0.24, 1.24, 0.67, 478.58286
2016-05-30, 1, wei_ruo, 9.28, 8.95, 0.45, 8.91, 8.91, 8.96, 8.83, 1253724.63, 1120553448, 0.42, 1.46, 1.17, 4204.78296
2016-05-31, 1, wei_ruo, 9.28, 9.09, 1.56, 8.95, 8.96, 9.15, 8.96, 1412161.53, 1282544034, 0.48, 2.12, 1.31, 639.71496
2016-06-01, 1, wei_ruo, 9.28, 8.98, -1.21, 9.09, 9.12, 9.12, 8.97, 1071492.01, 965827227, 0.36, 1.65, 1.00, 844.79094
2016-06-02, 2, qing_du, 9.28, 8.97, -0.11, 8.98, 8.98, 9.01, 8.92, 500649.89, 448230875, 0.17, 1.00, 0.47, 712.66413
2016-06-03, 2, qing_du, 9.27, 8.99, 0.22, 8.97, 9.03, 9.03, 8.91, 628666.86, 562930860, 0.21, 1.34, 0.58, 733.76989
2016-06-06, 1, wei_ruo, 9.27, 9.01, 0.22, 8.99, 8.98, 9.01, 8.93, 526067.89, 472082695, 0.18, 0.89, 0.49, 2011.25598
2016-06-07, 1, wei_ruo, 9.27, 9.00, -0.11, 9.01, 9.03, 9.04, 8.98, 488273.67, 440026547, 0.17, 0.67, 0.45, 2201.33615
2016-06-08, 1, wei_ruo, 9.27, 9.00, 0.00, 9.00, 9.00, 9.04, 8.98, 954724.45, 859841674, 0.32, 0.67, 0.89, 784.0488
2016-06-13, 1, wei_ruo, 9.27, 8.95, -0.56, 9.00, 8.94, 9.02, 8.93, 854829.76, 767476177, 0.29, 1.00, 0.79, 1251.54185
2016-06-14, 1, wei_ruo, 9.27, 9.03, 0.89, 8.95, 8.95, 9.12, 8.91, 837401.3, 756754105, 0.28, 2.35, 0.78, 657.73296
2016-06-15, 1, wei_ruo, 9.26, 9.05, 0.22, 9.03, 8.93, 9.06, 8.92, 792165.71, 713886191, 0.27, 1.55, 0.74, 4289.69884
2016-06-16, 1, wei_ruo, 9.26, 9.02, -0.33, 9.05, 8.98, 9.11, 8.97, 561904.99, 508928045, 0.19, 1.55, 0.52, 602.35405
2016-06-17, 1, wei_ruo, 9.26, 9.08, 0.67, 9.02, 9.01, 9.12, 9.01, 573205.29, 520135969, 0.19, 1.22, 0.53, 947.06202
2016-06-20, 1, wei_ruo, 9.26, 9.05, -0.33, 9.08, 9.11, 9.15, 8.99, 279676.49, 252641616, 0.09, 1.76, 0.26, 1252.22898
2016-06-21, 2, qing_du, 9.26, 9.08, 0.33, 9.05, 9.04, 9.10, 9.02, 425227.29, 385440051, 0.14, 0.88, 0.40, 1056.113
2016-06-22, 2, qing_du, 9.26, 9.08, 0.00, 9.08, 9.07, 9.09, 9.03, 300335.97, 272366853, 0.10, 0.66, 0.28, 4866.42885
2016-06-23, 2, qing_du, 9.26, 9.09, 0.11, 9.08, 9.10, 9.10, 9.03, 399830.69, 363168123, 0.14, 0.77, 0.37, 953.32789
2016-06-24, 2, qing_du, 9.10, 8.84, -1.01, 8.93, 8.98, 9.03, 8.79, 567841.09, 504468187, 0.19, 2.69, 0.53, 709.61499
2016-06-27, 2, qing_du, 9.10, 8.87, 0.34, 8.84, 8.84, 8.92, 8.82, 613134.82, 542815318, 0.21, 1.13, 0.57, 2747.68305
2016-06-28, 1, wei_ruo, 9.10, 8.84, -0.34, 8.87, 8.86, 8.87, 8.82, 458655.53, 405380758, 0.16, 0.56, 0.43, 2494.88211
2016-06-30, 2, qing_du, 9.10, 8.93, -2.30, 9.14, 9.06, 9.10, 8.88, 856644.45, 768581216, 0.29, 2.41, 0.80, 772.20917
2016-07-01, 3, zhong_du, 9.10, 8.93, 0.00, 8.93, 8.94, 8.99, 8.90, 386340.89, 345519883, 0.13, 1.01, 0.36, 624.09401
2016-07-04, 3, zhong_du, 9.10, 9.02, 1.01, 8.93, 8.92, 9.08, 8.92, 678914.87, 612648068, 0.23, 1.79, 0.63, 962.83102
2016-07-05, 3, zhong_du, 9.10, 8.97, -0.55, 9.02, 8.98, 9.02, 8.92, 591390.24, 530861422, 0.20, 1.11, 0.55, 623.06905
2016-07-06, 3, zhong_du, 9.10, 8.93, -0.45, 8.97, 8.93, 8.96, 8.90, 518616.95, 462836308, 0.18, 0.67, 0.48, 18683.84099
2016-07-07, 3, zhong_du, 9.10, 8.96, 0.34, 8.93, 8.93, 8.98, 8.89, 568485.41, 508193442, 0.19, 1.01, 0.53, 667.13595
2016-07-08, 3, zhong_du, 9.10, 8.93, -0.33, 8.96, 8.95, 8.97, 8.93, 422533.84, 378027530, 0.14, 0.45, 0.39, 530.48611
2016-07-11, 3, zhong_du, 9.10, 8.99, 0.67, 8.93, 8.97, 9.03, 8.93, 523645.02, 470815579, 0.18, 1.12, 0.49, 744.61102
2016-07-12, 3, zhong_du, 9.10, 9.13, 1.56, 8.99, 9.01, 9.15, 8.99, 846107.73, 768638267, 0.29, 1.78, 0.79, 14553.98703
2016-07-13, 3, zhong_du, 9.10, 9.16, 0.33, 9.13, 9.12, 9.53, 9.09, 1078529.83, 1002626131, 0.36, 4.82, 1.00, 38555.51815
2016-07-14, 4, gao_du, 9.10, 9.30, 1.53, 9.16, 9.18, 9.45, 9.17, 797805.97, 742127508, 0.27, 3.06, 0.74, 770.45202
2016-07-15, 4, gao_du, 9.10, 9.25, -0.54, 9.30, 9.31, 9.37, 9.23, 479597.8, 446193486, 0.16, 1.51, 0.45, 623.88492
2016-07-18, 4, gao_du, 9.10, 9.53, 3.03, 9.25, 9.35, 9.83, 9.35, 1426132.3, 1372032066, 0.48, 5.19, 1.35, 673.15006
2016-07-19, 4, gao_du, 9.10, 9.50, -0.42, 9.54, 9.72, 9.88, 9.35, 1079327.64, 1032839914, 0.37, 5.56, 1.00, 545.48001
2016-07-20, 3, zhong_du, 9.10, 9.31, -2.00, 9.50, 9.52, 9.54, 9.28, 698341.91, 654615467, 0.24, 2.74, 0.65, 554.7471
2016-07-21, 3, zhong_du, 9.10, 9.31, 0.22, 9.29, 9.31, 9.39, 9.23, 894348.86, 832431575, 0.30, 1.72, 0.83, 778.34511
2016-07-22, 3, zhong_du, 9.10, 9.22, -0.97, 9.31, 9.29, 9.35, 9.21, 767104.71, 712636098, 0.26, 1.50, 0.71, 4210.536
2016-07-25, 3, zhong_du, 9.10, 9.19, -0.33, 9.22, 9.21, 9.28, 9.12, 929452.89, 852286921, 0.31, 1.74, 0.86, 4676.62907
2016-07-26, 2, qing_du, 9.10, 9.23, 0.44, 9.19, 9.17, 9.25, 9.14, 1196622.12, 1101561107, 0.40, 1.20, 1.11, 787.3559
2016-07-27, 2, qing_du, 9.10, 9.24, 0.11, 9.23, 9.22, 9.25, 9.06, 1430417.85, 1312307514, 0.48, 2.06, 1.33, 6421.11397
2016-07-28, 2, qing_du, 9.10, 9.13, -1.19, 9.24, 9.19, 9.22, 9.11, 705610.15, 647188795, 0.24, 1.19, 0.66, 2716.58778
2016-07-29, 2, qing_du, 9.10, 9.16, 0.33, 9.13, 9.17, 9.20, 9.14, 1097914.88, 1005606950, 0.37, 0.66, 1.02, 14431.27584
2016-08-01, 2, qing_du, 9.11, 9.22, 0.66, 9.16, 9.15, 9.24, 9.14, 788916.93, 725981971, 0.27, 1.09, 0.73, 18242.07401
2016-08-02, 2, qing_du, 9.11, 9.20, -0.22, 9.22, 9.20, 9.23, 9.16, 668262.98, 613796528, 0.23, 0.76, 0.62, 14493.62111
2016-08-03, 2, qing_du, 9.11, 9.15, -0.54, 9.20, 9.11, 9.21, 9.10, 1057040.61, 966858422, 0.36, 1.20, 0.96, 2534.24811
2016-08-04, 2, qing_du, 9.11, 9.14, -0.11, 9.15, 9.14, 9.15, 9.08, 732320.8, 666981119, 0.25, 0.77, 0.71, 14396.14296
2016-08-05, 2, qing_du, 9.11, 9.30, 1.75, 9.14, 9.14, 9.47, 9.12, 1057123.7, 980386355, 0.36, 3.83, 0.99, 452.00491
2016-08-08, 2, qing_du, 9.11, 9.23, -0.75, 9.30, 9.28, 9.28, 9.15, 839532.93, 772214384, 0.28, 1.40, 0.88, 524.21308
2016-08-09, 2, qing_du, 9.11, 9.24, 0.11, 9.23, 9.23, 9.25, 9.19, 667008.68, 614514652, 0.23, 0.65, 0.77, 20876.13893
2016-08-10, 2, qing_du, 9.11, 9.24, 0.00, 9.24, 9.23, 9.26, 9.22, 591762.1, 546679562, 0.20, 0.43, 0.68, 593.28294
2016-08-11, 2, qing_du, 9.11, 9.31, 0.76, 9.24, 9.25, 9.51, 9.23, 1114539, 1048606171, 0.38, 3.03, 1.43, 2394.72699
2016-08-15, 3, zhong_du, 9.11, 9.72, 2.42, 9.49, 9.49, 9.81, 9.43, 1638519.06, 1585740148, 0.55, 4.00, 1.90, 490.58795
2016-08-16, 3, zhong_du, 9.11, 9.41, -3.09, 9.71, 9.76, 9.78, 9.34, 2106621.68, 1997704303, 0.71, 4.53, 2.05, 507.76601
2016-08-17, 3, zhong_du, 9.12, 9.41, 0.00, 9.41, 9.42, 9.44, 9.33, 788086.67, 739729165, 0.27, 1.17, 0.60, 14392.95793
2016-08-18, 3, zhong_du, 9.12, 9.36, -0.53, 9.41, 9.37, 9.44, 9.31, 787114.88, 736960290, 0.27, 1.38, 0.58, 14385.11109
2016-08-19, 3, zhong_du, 9.12, 9.34, -0.21, 9.36, 9.36, 9.39, 9.30, 514582.96, 480599058, 0.17, 0.96, 0.40, 2479.80905
2016-08-22, 2, qing_du, 9.12, 9.28, -0.64, 9.34, 9.33, 9.35, 9.25, 582133.48, 540203988, 0.20, 1.07, 0.50, 2410.99596
2016-08-23, 2, qing_du, 9.12, 9.30, 0.22, 9.28, 9.27, 9.34, 9.27, 458541.84, 426507300, 0.16, 0.75, 0.48, 673.79189
2016-08-24, 2, qing_du, 9.12, 9.27, -0.32, 9.30, 9.30, 9.32, 9.26, 396647.65, 368075641, 0.13, 0.65, 0.63, 2577.61884
2016-08-25, 2, qing_du, 9.12, 9.30, 0.32, 9.27, 9.26, 9.33, 9.25, 536919.59, 498541402, 0.18, 0.86, 0.98, 2404.845
2016-08-26, 2, qing_du, 9.12, 9.30, 0.00, 9.30, 9.28, 9.32, 9.26, 446571.65, 414857219, 0.15, 0.65, 0.90, 474.49803
2016-08-29, 2, qing_du, 9.12, 9.24, -0.65, 9.30, 9.26, 9.29, 9.21, 533544.91, 492634856, 0.18, 0.86, 1.10, 818.03584
2016-08-30, 1, wei_ruo, 9.12, 9.35, 1.19, 9.24, 9.25, 9.36, 9.25, 531669.39, 494860977, 0.18, 1.19, 1.12, 493.07895
2016-08-31, 1, wei_ruo, 9.12, 9.30, -0.53, 9.35, 9.30, 9.31, 9.27, 117978.12, 109573515, 0.04, 0.43, 1.38, 601.78018
2016-09-01, 1, wei_ruo, 9.12, 9.28, -0.32, 9.31, 9.29, 9.33, 9.26, 507181.07, 471525518, 0.17, 0.75, 0.99, 596.70186
2016-09-02, 1, wei_ruo, 9.12, 9.30, -0.53, 9.35, 9.30, 9.31, 9.27, 117978.12, 109573515, 0.04, 0.43, 1.38, 704.15807
2016-09-05, 1, wei_ruo, 9.12, 9.30, -0.53, 9.35, 9.30, 9.31, 9.27, 117978.12, 109573515, 0.04, 0.43, 1.38, 503.42202
2016-09-06, 1, wei_ruo, 9.12, 9.30, -0.53, 9.35, 9.30, 9.31, 9.27, 117978.12, 109573515, 0.04, 0.43, 1.38, 4298.41709
2016-09-07, 1, wei_ruo, 9.12, 9.33, 0.11, 9.32, 9.32, 9.33, 9.30, 497022.4, 462671348, 0.17, 0.32, 0.97, 540.09891
2016-09-08, 1, wei_ruo, 9.12, 9.32, -0.11, 9.33, 9.32, 9.33, 9.30, 250825.75, 233593285, 0.08, 0.32, 0.49, 530.91311
2016-09-09, 1, wei_ruo, 9.12, 9.30, -0.53, 9.35, 9.30, 9.31, 9.27, 117978.12, 109573515, 0.04, 0.43, 1.38, 4729.96378
2016-09-12, 1, wei_ruo, 9.12, 9.30, 0.00, 9.30, 9.21, 9.32, 9.20, 1016206.96, 943392020, 0.34, 1.29, 1.98, 2572.94893
2016-09-13, 1, wei_ruo, 9.12, 9.30, -0.53, 9.35, 9.30, 9.31, 9.27, 117978.12, 109573515, 0.04, 0.43, 1.38, 2556.45013
2016-09-14, 1, wei_ruo, 9.12, 9.30, -0.53, 9.35, 9.30, 9.31, 9.27, 117978.12, 109573515, 0.04, 0.43, 1.38, 590.90519
2016-09-19, 1, wei_ruo, 9.12, 9.32, 0.11, 9.31, 9.33, 9.34, 9.30, 298061.57, 277575702, 0.10, 0.43, 0.58, 2304.497
2016-09-20, 1, wei_ruo, 9.12, 9.32, -0.11, 9.33, 9.34, 9.34, 9.30, 285931.92, 266292414, 0.10, 0.43, 0.56, 482.00703
2016-09-21, 1, wei_ruo, 9.12, 9.32, 0.00, 9.32, 9.33, 9.34, 9.30, 272047.86, 253465234, 0.09, 0.43, 0.53, 2840.26504
2016-09-22, 1, wei_ruo, 9.12, 9.37, 0.43, 9.33, 9.35, 9.40, 9.32, 243385.81, 227946229, 0.08, 0.86, 0.47, 515.14101
2016-09-23, 1, wei_ruo, 9.12, 9.38, 0.11, 9.37, 9.38, 9.39, 9.34, 234686.94, 219993474, 0.08, 0.53, 0.46, 1593.94693
2016-09-26, 1, wei_ruo, 9.12, 9.31, 0.43, 9.27, 9.28, 9.35, 9.25, 644113.35, 599254986, 0.22, 1.08, 1.26, 577.43287
2016-09-27, 1, wei_ruo, 9.12, 9.31, 0.00, 9.31, 9.30, 9.32, 9.26, 427027.82, 397080758, 0.14, 0.64, 0.83, 654.49095
2016-09-28, 1, wei_ruo, 9.12, 9.20, -1.18, 9.31, 9.31, 9.31, 9.16, 501706.9, 463785234, 0.17, 1.61, 0.98, 616.70089
2016-09-29, 1, wei_ruo, 9.12, 9.23, 0.33, 9.20, 9.21, 9.25, 9.20, 246655.71, 227720526, 0.08, 0.54, 0.48, 656.92592
2016-09-30, 1, wei_ruo, 9.12, 9.26, 0.33, 9.23, 9.23, 9.29, 9.23, 244781.8, 226785232, 0.08, 0.65, 0.48, 1346.37904
2016-10-10, 1, wei_ruo, 9.12, 9.33, 0.76, 9.26, 9.26, 9.36, 9.26, 296388.56, 276015702, 0.10, 1.08, 0.58, 587.37516
2016-10-11, 1, wei_ruo, 9.12, 9.31, -0.21, 9.33, 9.32, 9.34, 9.28, 343070.4, 319143727, 0.12, 0.64, 0.67, 780.78413
2016-10-12, 1, wei_ruo, 9.12, 9.27, -0.43, 9.31, 9.29, 9.31, 9.26, 287909.76, 267069997, 0.10, 0.54, 0.56, 653.27096
2016-10-13, 1, wei_ruo, 9.12, 9.19, -0.86, 9.27, 9.26, 9.27, 9.14, 694990.04, 638628020, 0.24, 1.40, 1.35, 6554.38995
2016-10-14, 1, wei_ruo, 9.02, 9.24, 0.54, 9.19, 9.18, 9.26, 9.17, 349859.13, 322788469, 0.12, 0.98, 0.68, 4491.06503
2016-10-17, 1, wei_ruo, 9.02, 9.23, -0.11, 9.24, 9.23, 9.26, 9.19, 132284.21, 121977484, 0.04, 0.76, 0.52, 654.9778
2016-10-18, 1, wei_ruo, 9.02, 9.23, -0.11, 9.24, 9.23, 9.26, 9.19, 132284.21, 121977484, 0.04, 0.76, 0.52, 921.98801
2016-10-19, 2, qing_du, 9.02, , , , , , , , , , , , 518.59999
2016-10-20, 2, qing_du, 9.02, 9.29, 0.11, 9.28, 9.29, 9.31, 9.28, 181374.51, 168581753, 0.06, 0.32, 0.45, 4705.88017
2016-10-21, 3, zhong_du, 9.02, 9.29, 0.00, 9.29, 9.28, 9.31, 9.26, 208824.34, 193795375, 0.07, 0.54, 0.64, 1026.97992
2016-10-24, 3, zhong_du, 9.02, 9.37, 0.86, 9.29, 9.28, 9.40, 9.27, 457578.9, 427829852, 0.15, 1.40, 1.72, 2555.79782
2016-10-25, 3, zhong_du, 9.02, 9.36, -0.11, 9.37, 9.36, 9.39, 9.33, 238907.18, 223731827, 0.08, 0.64, 0.89, 4660.743
2016-10-26, 3, zhong_du, 9.02, 9.28, -0.85, 9.36, 9.33, 9.35, 9.26, 276549.09, 256869838, 0.09, 0.96, 1.03, 18108.80208
2016-10-27, 3, zhong_du, 9.02, 9.27, -0.11, 9.28, 9.26, 9.31, 9.24, 242191.35, 224412103, 0.08, 0.75, 0.91, 698.46106
2016-10-28, 3, zhong_du, 9.02, 9.31, 0.43, 9.27, 9.25, 9.33, 9.25, 412783.45, 382948523, 0.14, 0.86, 1.54, 2548.908
2016-10-31, 3, zhong_du, 9.02, 9.20, -1.18, 9.31, 9.30, 9.30, 9.14, 486428.78, 446877888, 0.16, 1.72, 1.82, 562.747
2016-11-01, 2, qing_du, 9.02, 9.21, 0.11, 9.20, 9.20, 9.23, 9.16, 226584.05, 208585868, 0.08, 0.76, 0.85, 450.43302
2016-11-02, 2, qing_du, 9.02, 9.16, -0.54, 9.21, 9.18, 9.21, 9.13, 474073.21, 433792219, 0.16, 0.87, 1.77, 448.18377
2016-11-03, 1, wei_ruo, 9.02, 9.19, 0.33, 9.16, 9.16, 9.23, 9.13, 506556.55, 465237727, 0.17, 1.09, 1.89, 511.94096
2016-11-04, 1, wei_ruo, 9.02, 9.16, -0.33, 9.19, 9.18, 9.21, 9.14, 352548.19, 323305771, 0.12, 0.76, 1.32, 444.44704
2016-11-07, 1, wei_ruo, 9.02, 9.15, -0.11, 9.16, 9.15, 9.17, 9.13, 288881.38, 264321328, 0.10, 0.44, 1.08, 672.42408
2016-11-08, 1, wei_ruo, 9.02, 9.18, 0.22, 9.16, 9.16, 9.19, 9.14, 386052.34, 353706163, 0.13, 0.55, 1.44, 356.6668
2016-11-09, 1, wei_ruo, 9.02, 9.11, -0.65, 9.17, 9.18, 9.18, 9.04, 779455.07, 708899654, 0.26, 1.53, 2.91, 995.12506
2016-11-10, 1, wei_ruo, 9.02, 9.16, 0.55, 9.11, 9.14, 9.17, 9.12, 663545.53, 607287000, 0.22, 0.55, 2.48, 716.93015
2016-11-11, 1, wei_ruo, 9.02, 9.20, 0.44, 9.16, 9.15, 9.21, 9.12, 492284.94, 451278552, 0.17, 0.98, 1.84, 676.27192
2016-11-14, 1, wei_ruo, 9.02, 9.22, 0.22, 9.20, 9.18, 9.24, 9.17, 511458.25, 471190922, 0.17, 0.76, 1.91, 446.43188
2016-11-15, 1, wei_ruo, 9.03, 9.21, -0.11, 9.22, 9.22, 9.23, 9.19, 157981.64, 145569715, 0.05, 0.43, 1.18, 557.78003
2016-11-16, 2, qing_du, 9.03, 9.20, -0.11, 9.21, 9.20, 9.22, 9.16, 331157.83, 304177576, 0.11, 0.65, 2.47, 423.24805
2016-11-17, 2, qing_du, 9.03, 9.20, -0.11, 9.21, 9.20, 9.22, 9.16, 331157.83, 304177576, 0.11, 0.65, 2.47, 581.41804
2016-11-18, 2, qing_du, 9.03, 9.20, -0.11, 9.21, 9.20, 9.22, 9.16, 331157.83, 304177576, 0.11, 0.65, 2.47, 563.46798
2016-11-21, 2, qing_du, 9.03, 9.28, 0.87, 9.20, 9.22, 9.29, 9.18, 559481.26, 517559970, 0.19, 1.20, 2.09, 348.40298
2016-11-22, 2, qing_du, 9.03, 9.31, 0.32, 9.28, 9.28, 9.32, 9.28, 700359.85, 651065978, 0.24, 0.43, 2.62, 726.92394
2016-11-23, 3, zhong_du, 9.03, 9.37, 0.64, 9.31, 9.32, 9.47, 9.29, 810350.36, 760934326, 0.27, 1.93, 3.03, 553.0169
2016-11-24, 3, zhong_du, 9.03, 9.35, -0.21, 9.37, 9.38, 9.40, 9.33, 673679.15, 631023815, 0.23, 0.75, 2.52, 510.52189
2016-11-25, 4, gao_du, 9.03, 9.41, 0.64, 9.35, 9.40, 9.42, 9.29, 660444.39, 618533336, 0.22, 1.39, 2.47, 623.99793
2016-11-28, 4, gao_du, 9.03, 9.40, -0.11, 9.41, 9.41, 9.57, 9.35, 1883697.89, 1775160108, 0.64, 2.34, 7.04, 807.85489
2016-11-29, 4, gao_du, 9.03, 9.47, 0.74, 9.40, 9.40, 9.48, 9.37, 1752804.42, 1654117136, 0.59, 1.17, 6.55, 291.67295
2016-11-30, 4, gao_du, 9.04, 9.49, 0.21, 9.47, 9.49, 9.52, 9.43, 1101372.2, 1042756622, 0.37, 0.95, 4.13, 416.27192
2016-12-01, 4, gao_du, 9.04, 9.43, -0.74, 9.50, 9.53, 9.75, 9.41, 1993870.21, 1901931242, 0.67, 3.58, 7.45, 433.76803
2016-12-02, 4, gao_du, 9.04, 9.43, 0.00, 9.43, 9.43, 9.48, 9.31, 1245068.95, 1168607118, 0.42, 1.80, 4.65, 3731.95195
2016-12-05, 3, zhong_du, 9.04, 9.44, 0.11, 9.43, 9.35, 9.46, 9.30, 1076957.25, 1009719169, 0.36, 1.70, 4.02, 702.99292
2016-12-06, 3, zhong_du, 9.04, 9.42, -0.11, 9.43, 9.38, 9.46, 9.37, 485129.81, 457280036, 0.16, 0.95, 1.81, 1469.38491
2016-12-07, 3, zhong_du, 9.04, 9.35, -0.74, 9.42, 9.40, 9.41, 9.32, 503472.07, 470815619, 0.17, 0.96, 1.89, 478.86896
2016-12-08, 3, zhong_du, 9.05, 9.66, 3.32, 9.35, 9.34, 9.73, 9.32, 2748595.66, 2627142617, 0.93, 4.39, 10.27, 461.17187
2016-12-09, 3, zhong_du, 9.05, 9.72, 0.62, 9.66, 9.57, 9.81, 9.54, 1915367.4, 1862532863, 0.65, 2.80, 7.16, 565.99498
2016-12-12, 4, gao_du, 9.06, 9.74, 0.21, 9.72, 9.68, 9.81, 9.53, 1437684.46, 1395029368, 0.49, 2.88, 5.37, 436.37395
2016-12-13, 4, gao_du, 9.06, 9.67, -0.72, 9.74, 9.67, 9.73, 9.58, 799497.29, 772666616, 0.27, 1.54, 2.99, 714.42914
2016-12-14, 5, qiang_lie, 9.06, 9.85, 1.86, 9.67, 9.68, 9.99, 9.66, 2730449.71, 2698679711, 0.92, 3.41, 10.20, 463.413
2016-12-15, 4, gao_du, 9.07, 9.51, -3.45, 9.85, 9.76, 9.88, 9.46, 1112558.95, 1064480037, 0.38, 4.26, 4.16, 548.34199
2016-12-16, 3, zhong_du, 9.07, 9.33, -1.89, 9.51, 9.50, 9.53, 9.33, 2051283.33, 1935504609, 0.69, 2.10, 7.67, 491.76407
2016-12-19, 3, zhong_du, 9.07, 9.26, -0.75, 9.33, 9.31, 9.33, 9.19, 520360.86, 480802985, 0.18, 1.50, 1.94, 577.67606
2016-12-20, 2, qing_du, 9.07, 9.25, -0.11, 9.26, 9.32, 9.37, 9.18, 661158.41, 611317171, 0.22, 2.05, 2.47, 521.2009
2016-12-21, 1, wei_ruo, 9.07, 9.24, -0.11, 9.25, 9.20, 9.25, 9.18, 536162.02, 494283517, 0.18, 0.76, 2.00, 452.93403
2016-12-22, 1, wei_ruo, 9.07, 9.18, -0.65, 9.24, 9.22, 9.22, 9.15, 408550.26, 374824264, 0.14, 0.76, 1.53, 524.225
2016-12-23, 1, wei_ruo, 9.07, 9.16, -0.22, 9.18, 9.18, 9.18, 9.10, 389033.29, 355004039, 0.13, 0.87, 1.45, 434.65781
2016-12-26, 1, wei_ruo, 9.07, 9.14, -0.22, 9.16, 9.10, 9.15, 9.05, 405417.3, 368731704, 0.14, 1.09, 1.51, 510.08797
2016-12-27, 1, wei_ruo, 9.07, 9.09, -0.55, 9.14, 9.14, 9.17, 9.07, 477396.78, 435080272, 0.16, 1.09, 1.78, 443.06707
2016-12-28, 1, wei_ruo, 9.07, 9.05, -0.44, 9.09, 9.09, 9.10, 9.01, 638562.67, 577426117, 0.22, 0.99, 2.39, 516.94798
2016-12-30, 1, wei_ruo, 9.07, 9.08, 0.22, 9.06, 9.08, 9.11, 9.05, 548213.71, 497483705, 0.19, 0.66, 2.05, 504.71711
2017-01-04, 1, wei_ruo, 9.07, 9.11, 0.00, 9.11, 9.10, 9.12, 9.04, 731203.72, 663889518, 0.25, 0.88, 2.73, 441.70308
2017-01-05, 1, wei_ruo, 9.07, 9.08, -0.33, 9.11, 9.11, 9.12, 9.07, 562433.09, 511452908, 0.19, 0.55, 2.10, 599.08295
2017-01-06, 1, wei_ruo, 9.07, 9.01, -0.77, 9.08, 9.08, 9.09, 9.01, 557325.53, 503621293, 0.19, 0.88, 2.08, 5032.37319
2017-01-09, 1, wei_ruo, 9.07, 9.02, 0.11, 9.01, 9.00, 9.04, 8.98, 491148.01, 442818754, 0.17, 0.67, 1.84, 554.42882
2017-01-10, 1, wei_ruo, 9.07, 9.04, 0.22, 9.02, 9.01, 9.05, 9.01, 193816.23, 175024333, 0.07, 0.44, 1.45, 2492.3439
2017-01-11, 1, wei_ruo, 9.07, 9.04, 0.22, 9.02, 9.01, 9.05, 9.01, 193816.23, 175024333, 0.07, 0.44, 1.45, 620.28289
2017-01-13, 1, wei_ruo, 9.07, 9.04, 0.22, 9.02, 9.01, 9.05, 9.01, 193816.23, 175024333, 0.07, 0.44, 1.45, 498.9121
2017-01-16, 1, wei_ruo, 9.07, 9.04, 0.22, 9.02, 9.01, 9.05, 9.01, 193816.23, 175024333, 0.07, 0.44, 1.45, 512.851
2017-01-17, 1, wei_ruo, 9.07, 9.15, -0.54, 9.20, 9.16, 9.19, 9.13, 317108.44, 290563852, 0.11, 0.65, 1.18, 631.74391
2017-01-18, 1, wei_ruo, 9.07, 9.04, 0.22, 9.02, 9.01, 9.05, 9.01, 193816.23, 175024333, 0.07, 0.44, 1.45, 4671.08607
2017-02-07, 1, wei_ruo, 9.07, 9.07, -0.77, 9.14, 9.11, 9.14, 9.06, 174733.64, 158820038, 0.06, 0.88, 1.48, 617.57183
2017-02-08, 1, wei_ruo, 9.07, 9.12, -0.22, 9.14, 9.11, 9.14, 9.06, 397449.17, 361346730, 0.13, 0.88, 1.49, 4638.64613
2017-02-09, 1, wei_ruo, 9.07, 9.12, 0.00, 9.12, 9.12, 9.15, 9.09, 459530, 418873635, 0.16, 0.66, 1.72, 2532.10688
2017-02-10, 1, wei_ruo, 9.07, 9.11, -0.11, 9.12, 9.13, 9.14, 9.08, 972650.21, 885695663, 0.33, 0.66, 3.63, 4172.85705
2017-02-13, 1, wei_ruo, 9.07, 9.14, 0.33, 9.11, 9.12, 9.18, 9.10, 1025364.49, 937052263, 0.35, 0.88, 3.83, 4656.78811
2017-02-14, 1, wei_ruo, 9.07, 9.10, -0.44, 9.14, 9.14, 9.15, 9.08, 647560.99, 589274962, 0.22, 0.77, 2.42, 653.13816
2017-02-15, 1, wei_ruo, 9.07, 9.15, 0.55, 9.10, 9.11, 9.18, 9.08, 1443184.19, 1318307668, 0.49, 1.10, 5.39, 4753.17478
2017-02-16, 1, wei_ruo, 9.07, 9.12, -0.33, 9.15, 9.14, 9.17, 9.10, 954501.96, 869849747, 0.32, 0.77, 3.57, 774.91999
2017-02-17, 1, wei_ruo, 9.07, 9.03, -0.99, 9.12, 9.12, 9.14, 9.03, 1074462.37, 975385803, 0.36, 1.21, 4.02, 506.10304
2017-02-20, 1, wei_ruo, 9.07, 9.14, 1.22, 9.03, 9.04, 9.15, 9.03, 1576806.14, 1436019388, 0.53, 1.33, 5.89, 545.60399
2017-02-21, 1, wei_ruo, 9.07, 9.13, -0.11, 9.14, 9.16, 9.19, 9.10, 1204690.03, 1100914716, 0.41, 0.98, 4.50, 614.851
2017-02-22, 1, wei_ruo, 9.07, 9.09, -0.44, 9.13, 9.12, 9.12, 9.07, 905583.99, 823358547, 0.31, 0.55, 3.38, 4545.18914
2017-02-23, 1, wei_ruo, 9.07, 9.08, -0.11, 9.09, 9.10, 9.11, 9.07, 561673.73, 510267983, 0.19, 0.44, 2.10, 4661.64303
2017-02-24, 1, wei_ruo, 9.07, 9.09, 0.11, 9.08, 9.08, 9.10, 9.06, 91480.06, 83091048, 0.03, 0.44, 1.86, 5091.84504
2017-02-27, 1, wei_ruo, 9.07, 9.04, -0.33, 9.07, 9.07, 9.08, 9.02, 807568.9, 729999861, 0.27, 0.66, 3.02, 470.90697
2017-02-28, 1, wei_ruo, 9.07, 9.09, 0.11, 9.08, 9.08, 9.10, 9.06, 91480.06, 83091048, 0.03, 0.44, 1.86, 4657.90391
2017-03-01, 1, wei_ruo, 9.07, 9.04, 0.11, 9.03, 9.05, 9.05, 9.02, 689948.71, 623486880, 0.23, 0.33, 2.58, 651.43394
2017-03-02, 1, wei_ruo, 9.07, 8.97, -0.77, 9.04, 9.04, 9.06, 8.95, 1159460.09, 1043224526, 0.39, 1.22, 4.33, 770.68281
2017-03-03, 1, wei_ruo, 9.07, 8.97, 0.00, 8.97, 8.96, 8.99, 8.93, 619888.54, 554774654, 0.21, 0.67, 2.32, 4893.45288
2017-03-06, 1, wei_ruo, 9.07, 8.96, -0.11, 8.97, 8.96, 8.97, 8.94, 595749.79, 533330379, 0.20, 0.33, 2.23, 4498.62504
2017-03-07, 1, wei_ruo, 9.07, 8.95, -0.22, 8.97, 8.96, 8.97, 8.93, 167324.28, 149708885, 0.06, 0.45, 1.25, 2744.70377
2017-03-08, 1, wei_ruo, 9.07, 8.92, -0.56, 8.97, 8.96, 8.97, 8.90, 563161.98, 502746152, 0.19, 0.78, 2.10, 660.63094
2017-03-09, 1, wei_ruo, 9.07, 8.87, -0.56, 8.92, 8.90, 8.91, 8.85, 545165.73, 483861450, 0.18, 0.67, 2.04, 813.25102
2017-03-10, 1, wei_ruo, 9.07, 8.84, -0.34, 8.87, 8.87, 8.89, 8.82, 406729.73, 360003774, 0.14, 0.79, 1.52, 727.39601
2017-03-13, 1, wei_ruo, 9.07, 8.86, 0.23, 8.84, 8.84, 8.87, 8.80, 447135.67, 395086240, 0.15, 0.79, 1.67, 602.09012
2017-03-14, 1, wei_ruo, 9.07, 8.84, -0.23, 8.86, 8.85, 8.87, 8.82, 446233.89, 394734770, 0.15, 0.56, 1.67, 2580.755
2017-03-15, 1, wei_ruo, 9.07, 8.86, 0.23, 8.84, 8.83, 8.87, 8.81, 464712.7, 410520125, 0.16, 0.68, 1.74, 516.55602
2017-03-16, 1, wei_ruo, 9.07, 8.88, 0.23, 8.86, 8.86, 8.90, 8.85, 704574.89, 625518311, 0.24, 0.56, 2.63, 534.70778
2017-03-17, 1, wei_ruo, 9.07, 8.81, -0.79, 8.88, 8.89, 8.89, 8.78, 931644.46, 822494696, 0.32, 1.24, 3.48, 518.19706
2017-03-20, 1, wei_ruo, 9.07, 8.71, -1.14, 8.81, 8.80, 8.82, 8.68, 1038593.24, 906805027, 0.35, 1.59, 3.88, 625.36907
2017-03-21, 1, wei_ruo, 9.07, 8.67, -0.46, 8.71, 8.70, 8.71, 8.64, 920892.83, 797315369, 0.31, 0.80, 3.44, 559.13711
2017-03-22, 1, wei_ruo, 9.06, 8.55, -1.38, 8.67, 8.64, 8.64, 8.51, 1243138.26, 1064697469, 0.42, 1.50, 4.65, 599.11013
2017-03-23, 1, wei_ruo, 9.06, 8.59, 0.47, 8.55, 8.55, 8.60, 8.54, 1007491.03, 864095912, 0.34, 0.70, 3.76, 528.12195
2017-03-24, 1, wei_ruo, 9.06, 8.60, 0.12, 8.59, 8.59, 8.62, 8.56, 648615.16, 556787033, 0.22, 0.70, 2.42, 543.59603
2017-03-27, 1, wei_ruo, 9.06, 8.61, 0.12, 8.60, 8.60, 8.65, 8.59, 753586.56, 649342138, 0.26, 0.70, 2.82, 509.14717
2017-03-28, 1, wei_ruo, 9.06, 8.55, -0.70, 8.61, 8.62, 8.62, 8.53, 576937.33, 494561958, 0.20, 1.05, 2.16, 577.8861
2017-03-29, 1, wei_ruo, 9.06, 8.52, -0.35, 8.55, 8.56, 8.59, 8.50, 694864.14, 591948172, 0.24, 1.05, 2.60, 567.93618
2017-03-30, 1, wei_ruo, 9.06, 8.46, -0.70, 8.52, 8.50, 8.52, 8.40, 846006.64, 714830199, 0.29, 1.41, 3.16, 540.29298
2017-03-31, 1, wei_ruo, 9.06, 8.48, 0.24, 8.46, 8.45, 8.53, 8.45, 647264.57, 549116673, 0.22, 0.95, 2.42, 612.65683
2017-04-05, 1, wei_ruo, 9.05, 8.51, 0.35, 8.48, 8.48, 8.52, 8.44, 1127158.54, 956009760, 0.38, 0.94, 4.21, 542.83094
2017-04-06, 1, wei_ruo, 9.05, 8.49, -0.24, 8.51, 8.52, 8.52, 8.46, 847817.91, 718808049, 0.29, 0.71, 3.17, 602.314
2017-04-07, 1, wei_ruo, 9.05, 8.50, 0.12, 8.49, 8.49, 8.53, 8.46, 949194.13, 806794838, 0.32, 0.82, 3.55, 529.32
2017-04-10, 1, wei_ruo, 9.05, 8.43, -0.82, 8.50, 8.50, 8.51, 8.42, 832243.32, 703609622, 0.28, 1.06, 3.11, 574.37301
2017-04-11, 1, wei_ruo, 9.05, 8.41, -0.24, 8.43, 8.41, 8.44, 8.34, 905384.94, 759699794, 0.31, 1.19, 3.38, 543.41292
2017-04-12, 1, wei_ruo, 9.04, 8.37, -0.48, 8.41, 8.40, 8.40, 8.34, 841051.59, 703813565, 0.28, 0.71, 3.14, 569.54098
2017-04-13, 1, wei_ruo, 9.04, 8.33, -0.48, 8.37, 8.36, 8.38, 8.32, 656948.59, 547590296, 0.22, 0.72, 2.45, 608.7141
2017-04-14, 1, wei_ruo, 9.04, 8.20, -1.56, 8.33, 8.33, 8.34, 8.17, 1478496.64, 1215637820, 0.50, 2.04, 5.52, 567.05689
2017-04-17, 1, wei_ruo, 9.03, 8.23, 0.37, 8.20, 8.19, 8.24, 8.06, 1504392.7, 1223536122, 0.51, 2.20, 5.62, 595.83807
2017-04-18, 1, wei_ruo, 9.03, 8.06, -2.07, 8.23, 8.18, 8.18, 8.05, 1276171.52, 1033016656, 0.43, 1.58, 4.77, 539.40082
2017-04-19, 1, wei_ruo, 9.03, 7.94, -1.49, 8.06, 7.97, 8.02, 7.92, 1256340.94, 999685802, 0.43, 1.24, 4.69, 614.27307
2017-04-20, 1, wei_ruo, 9.02, 7.84, -1.26, 7.94, 7.91, 7.94, 7.81, 1247531.65, 982129696, 0.42, 1.64, 4.66, 595.65401
2017-04-21, 1, wei_ruo, 9.02, 7.90, 0.77, 7.84, 7.86, 7.93, 7.84, 921139.85, 724969237, 0.31, 1.15, 3.44, 566.34688
2017-04-24, 1, wei_ruo, 9.01, 7.83, -0.89, 7.90, 7.90, 7.90, 7.82, 794666, 623077655, 0.27, 1.01, 2.97, 676.87917
2017-04-25, 1, wei_ruo, 9.01, 7.84, 0.13, 7.83, 7.84, 7.87, 7.81, 882935.92, 691465532, 0.30, 0.77, 3.30, 576.30205
2017-04-26, 1, wei_ruo, 9.00, 7.71, -1.66, 7.84, 7.83, 7.84, 7.70, 1552135.21, 1207016928, 0.53, 1.79, 5.80, 758.51297
2017-04-27, 1, wei_ruo, 9.00, 7.87, 2.08, 7.71, 7.72, 7.88, 7.66, 1749731.49, 1363354260, 0.59, 2.85, 6.54, 1852.59199
2017-04-28, 1, wei_ruo, 8.99, 7.87, 0.00, 7.87, 7.87, 7.90, 7.79, 1238538.4, 971020386, 0.42, 1.40, 4.63, 577.1389
2017-05-02, 1, wei_ruo, 8.99, 7.86, -0.13, 7.87, 7.85, 7.89, 7.81, 744151.28, 584386527, 0.25, 1.02, 2.78, 584.95593
2017-05-03, 1, wei_ruo, 8.99, 7.78, -1.02, 7.86, 7.85, 7.86, 7.77, 817264.99, 638250751, 0.28, 1.15, 3.05, 636.87015
2017-05-04, 1, wei_ruo, 8.98, 7.71, -0.90, 7.78, 7.79, 7.80, 7.68, 1296873.54, 1002770846, 0.44, 1.54, 4.85, 686.41305
2017-05-05, 1, wei_ruo, 8.97, 7.71, 0.00, 7.71, 7.68, 7.72, 7.58, 1463236.73, 1118763589, 0.50, 1.82, 5.47, 566.03098
2017-05-11, 1, wei_ruo, 8.96, 7.79, 0.52, 7.75, 7.75, 7.82, 7.72, 864803.13, 671847248, 0.29, 1.29, 3.23, 505.50985
2017-05-12, 1, wei_ruo, 8.95, 7.99, 2.57, 7.79, 7.80, 8.02, 7.78, 1913804.57, 1518377532, 0.65, 3.08, 7.15, 585.50596
2017-05-15, 1, wei_ruo, 8.95, 7.95, -0.50, 7.99, 7.99, 8.04, 7.94, 1005577.32, 802732604, 0.34, 1.25, 3.76, 589.51616
2017-05-17, 1, wei_ruo, 8.94, 7.88, -0.76, 7.94, 7.92, 7.95, 7.87, 820552.91, 648031631, 0.28, 1.01, 3.07, 2611.85408
2017-05-18, 1, wei_ruo, 8.94, 7.82, -0.76, 7.88, 7.85, 7.87, 7.80, 875866.87, 686199649, 0.30, 0.89, 3.27, 545.32003
2017-05-19, 1, wei_ruo, 8.93, 7.81, -0.13, 7.82, 7.81, 7.84, 7.76, 682250.9, 531438712, 0.23, 1.02, 2.55, 559.4542
2017-05-22, 1, wei_ruo, 8.93, 7.77, -0.51, 7.81, 7.82, 7.82, 7.73, 837696.79, 651029330, 0.28, 1.15, 3.13, 520.32018
2017-05-23, 1, wei_ruo, 8.92, 7.89, 1.54, 7.77, 7.76, 7.95, 7.73, 1938691.01, 1524752765, 0.66, 2.83, 7.24, 846.4818
2017-05-24, 1, wei_ruo, 8.92, 7.82, -0.89, 7.89, 7.87, 7.90, 7.75, 1290988.61, 1008571997, 0.44, 1.90, 4.82, 617.16986
2017-05-25, 1, wei_ruo, 8.91, 8.11, 3.71, 7.82, 7.79, 8.15, 7.79, 3363270.6, 2694603713, 1.14, 4.60, 12.57, 2669.276
2017-05-26, 1, wei_ruo, 8.90, 8.01, -1.23, 8.11, 8.05, 8.11, 7.98, 2104300.79, 1692199127, 0.71, 1.60, 7.86, 631.62494
2017-05-31, 1, wei_ruo, 8.90, 8.03, 0.25, 8.01, 8.01, 8.12, 8.00, 1270507.07, 1023328890, 0.43, 1.50, 4.75, 510.36882
2017-06-01, 1, wei_ruo, 8.90, 8.02, -0.12, 8.03, 8.02, 8.06, 7.99, 1062703.85, 852589383, 0.36, 0.87, 3.97, 651.75605
2017-06-02, 1, wei_ruo, 8.89, 8.00, -0.25, 8.02, 8.03, 8.07, 7.96, 1229394.43, 984801781, 0.42, 1.37, 4.59, 581.31385
2017-06-05, 1, wei_ruo, 8.89, 7.90, -1.25, 8.00, 8.00, 8.00, 7.89, 1076506.26, 853054592, 0.36, 1.38, 4.02, 537.97007
2017-06-06, 1, wei_ruo, 8.89, 7.93, 0.38, 7.90, 7.90, 7.95, 7.89, 665079.2, 526636970, 0.23, 0.76, 2.49, 24514.70304
2017-06-07, 1, wei_ruo, 8.88, 8.02, 1.13, 7.93, 7.93, 8.04, 7.92, 1085269.91, 868508536, 0.37, 1.51, 4.06, 537.41503
2017-06-08, 1, wei_ruo, 8.88, 8.06, 0.50, 8.02, 8.00, 8.08, 7.99, 948996.43, 762181226, 0.32, 1.12, 3.55, 490.59892
2017-06-09, 2, qing_du, 8.88, 8.12, 0.74, 8.06, 8.04, 8.17, 8.04, 1351531.41, 1097876858, 0.46, 1.61, 5.05, 817.01303
2017-06-12, 3, zhong_du, 8.87, 8.05, -0.86, 8.12, 8.11, 8.15, 8.05, 1007013.7, 815372381, 0.34, 1.23, 3.76, 575.47593
2017-06-13, 3, zhong_du, 8.87, 8.09, 0.50, 8.05, 8.04, 8.10, 8.02, 626846.75, 505574202, 0.21, 0.99, 2.34, 554.25906
2017-06-14, 3, zhong_du, 8.87, 8.06, -0.37, 8.09, 8.05, 8.09, 8.02, 992848.01, 798796701, 0.34, 0.87, 3.71, 884.46498
2017-06-15, 3, zhong_du, 8.87, 8.02, -0.50, 8.06, 8.05, 8.06, 8.00, 778044.57, 624645747, 0.26, 0.74, 2.91, 399.56498
2017-06-16, 3, zhong_du, 8.87, 8.03, 0.12, 8.02, 8.03, 8.07, 8.02, 577074.4, 464303717, 0.20, 0.62, 2.16, 540.833
2017-06-19, 3, zhong_du, 8.86, 8.10, 0.87, 8.03, 8.03, 8.11, 8.03, 682556.39, 551595675, 0.23, 1.00, 2.55, 695.90902
2017-06-20, 3, zhong_du, 8.86, 8.10, 0.00, 8.10, 8.11, 8.12, 8.06, 618896.22, 500395720, 0.21, 0.74, 2.31, 613.45577
2017-06-21, 4, gao_du, 8.86, 8.10, 0.00, 8.10, 8.12, 8.13, 8.06, 651345.56, 526895065, 0.22, 0.86, 2.43, 799.57795
2017-06-22, 4, gao_du, 8.86, 8.14, 0.49, 8.10, 8.07, 8.27, 8.07, 1894302.01, 1550741528, 0.64, 2.47, 7.08, 929.73185
2017-06-23, 4, gao_du, 8.85, 8.11, -0.37, 8.14, 8.12, 8.16, 8.03, 1134896.53, 917950414, 0.38, 1.60, 4.24, 691.35618
2017-06-26, 4, gao_du, 8.85, 8.12, 0.12, 8.11, 8.10, 8.18, 8.09, 1243818.8, 1011546478, 0.42, 1.11, 4.65, 596.49706
2017-06-27, 4, gao_du, 8.85, 8.18, 0.74, 8.12, 8.12, 8.21, 8.10, 1063885.02, 866534554, 0.36, 1.35, 3.98, 850.05093
2017-06-28, 4, gao_du, 8.84, 8.27, 1.10, 8.18, 8.16, 8.32, 8.15, 2246814.61, 1858161749, 0.76, 2.08, 8.40, 707.29685
2017-06-29, 5, qiang_lie, 8.84, 8.25, -0.24, 8.27, 8.27, 8.30, 8.24, 757613.84, 626143770, 0.26, 0.73, 2.83, 3521.37995
2017-06-30, 5, qiang_lie, 8.84, 8.22, -0.36, 8.25, 8.24, 8.27, 8.20, 766909.64, 630752709, 0.26, 0.85, 2.87, 556.93293
2017-07-03, 5, qiang_lie, 8.84, 8.23, 0.12, 8.22, 8.24, 8.26, 8.21, 492933.25, 405630931, 0.17, 0.61, 1.84, 592.13495
2017-07-04, 5, qiang_lie, 8.84, 8.17, -0.73, 8.23, 8.24, 8.24, 8.16, 768456.12, 628787816, 0.26, 0.97, 2.87, 553.31802
2017-07-05, 5, qiang_lie, 8.84, 8.20, 0.37, 8.17, 8.16, 8.21, 8.14, 778283.25, 636648116, 0.26, 0.86, 2.91, 790.94696
2017-07-06, 5, qiang_lie, 8.66, 8.06, 0.25, 8.04, 8.06, 8.08, 8.03, 845496.99, 680989328, 0.29, 0.62, 3.16, 582.64184
2017-07-07, 4, gao_du, 8.66, 8.03, -0.37, 8.06, 8.06, 8.07, 7.99, 798330.81, 640939837, 0.27, 0.99, 2.98, 702.01898
2017-07-10, 4, gao_du, 8.66, 8.04, 0.12, 8.03, 8.02, 8.04, 7.99, 639096.76, 512494633, 0.22, 0.62, 2.39, 576.87378
2017-07-11, 5, qiang_lie, 8.66, 8.13, 1.12, 8.04, 8.03, 8.22, 8.02, 2140699.44, 1743498891, 0.72, 2.49, 8.00, 679.44503
2017-07-12, 5, qiang_lie, 8.65, 8.20, 0.86, 8.13, 8.14, 8.29, 8.13, 2476836.26, 2037695468, 0.84, 1.97, 9.26, 576.44415
2017-07-13, 5, qiang_lie, 8.65, 8.41, 2.56, 8.20, 8.20, 8.42, 8.18, 2459131.15, 2044261565, 0.83, 2.93, 9.19, 687.35814
2017-07-14, 5, qiang_lie, --, 8.55, 1.66, 8.41, 8.43, 8.59, 8.42, 2735203.6, 2324291489, 0.93, 2.02, 10.22, 601.13192
2017-07-17, 5, qiang_lie, --, 8.59, 0.47, 8.55, 8.59, 8.83, 8.43, 3868601.23, 3344928187, 1.31, 4.68, 14.46, 745.24999
2017-07-18, 5, qiang_lie, 8.65, 8.55, -0.47, 8.59, 8.54, 8.65, 8.49, 1930098.56, 1651439209, 0.65, 1.86, 7.21, 550.24004
2017-07-19, 5, qiang_lie, --, 8.67, 1.40, 8.55, 8.55, 8.70, 8.51, 1878103.07, 1620301309, 0.64, 2.22, 7.02, 531.45814
2017-07-20, 5, qiang_lie, --, 8.61, -0.69, 8.67, 8.66, 8.70, 8.55, 1341974.4, 1154432235, 0.45, 1.73, 5.01, 2426.60308
2017-07-21, 5, qiang_lie, --, 8.54, -0.81, 8.61, 8.58, 8.61, 8.51, 955553.88, 817456482, 0.32, 1.16, 3.57, 458.61578
2017-07-24, 5, qiang_lie, 8.65, 8.69, 1.76, 8.54, 8.53, 8.72, 8.52, 1527640.01, 1319165018, 0.52, 2.34, 5.71, 17626.49608
2017-07-25, 5, qiang_lie, --, 8.62, -0.81, 8.69, 8.67, 8.76, 8.57, 1519902.94, 1317574819, 0.51, 2.19, 5.68, 874.52602
2017-07-26, 5, qiang_lie, --, 8.59, -0.35, 8.62, 8.60, 8.77, 8.54, 1491343.29, 1289329315, 0.50, 2.67, 5.57, 932.29294
2017-07-27, 5, qiang_lie, 8.65, 8.50, -1.05, 8.59, 8.58, 8.60, 8.47, 1111770.76, 947466373, 0.38, 1.51, 4.15, 784.50298
2017-07-28, 5, qiang_lie, 8.65, 8.53, 0.35, 8.50, 8.48, 8.54, 8.46, 554653.82, 471210770, 0.19, 0.94, 2.07, 384.00292
2017-07-31, 5, qiang_lie, 8.64, 8.60, 0.82, 8.53, 8.52, 8.61, 8.51, 1045404.05, 895994272, 0.35, 1.17, 3.91, 789.76202
2017-08-01, 5, qiang_lie, 8.65, 8.69, 1.05, 8.60, 8.63, 8.70, 8.61, 1176224.84, 1018423300, 0.40, 1.05, 4.40, 726.69315
2017-08-02, 5, qiang_lie, 8.65, 8.68, -0.12, 8.69, 8.70, 8.78, 8.67, 1412966.7, 1232610692, 0.48, 1.27, 5.28, 683.79116
2017-08-03, 5, qiang_lie, 8.65, 8.58, -1.15, 8.68, 8.67, 8.74, 8.56, 886218.75, 765380892, 0.30, 2.07, 3.31, 640.84315
2017-08-04, 5, qiang_lie, 8.65, 8.56, -0.23, 8.58, 8.58, 8.65, 8.55, 802000.84, 689659124, 0.27, 1.17, 3.00, 674.07084
2017-08-07, 5, qiang_lie, 8.64, 8.57, 0.12, 8.56, 8.56, 8.59, 8.51, 517469.31, 442333834, 0.18, 0.93, 1.93, 892.67993
2017-08-08, 5, qiang_lie, 8.64, 8.56, -0.12, 8.57, 8.57, 8.60, 8.53, 519844.97, 445054813, 0.18, 0.82, 1.94, 512.53796
2017-08-09, 5, qiang_lie, 8.64, 8.36, -2.34, 8.56, 8.56, 8.56, 8.35, 1283845.07, 1082547440, 0.43, 2.45, 4.80, 611.79113
2017-08-10, 5, qiang_lie, 8.64, 8.34, -0.24, 8.36, 8.35, 8.41, 8.27, 940613.86, 784225477, 0.32, 1.67, 3.51, 2874.49813
2017-08-11, 4, gao_du, 8.64, 8.18, -1.92, 8.34, 8.31, 8.31, 8.17, 1072269.67, 883157543, 0.36, 1.68, 4.01, 1086.03692
2017-08-14, 3, zhong_du, 8.64, 8.18, 0.00, 8.18, 8.20, 8.23, 8.14, 1139052.02, 931435764, 0.39, 1.10, 4.26, 1430.30596
2017-08-15, 3, zhong_du, 8.64, 8.23, 0.61, 8.18, 8.19, 8.29, 8.18, 957397.96, 789746820, 0.32, 1.34, 3.58, 798.61808
2017-08-16, 2, qing_du, 8.64, 8.17, -0.73, 8.23, 8.21, 8.22, 8.16, 639263.11, 523154017, 0.22, 0.73, 2.39, 677.13594
2017-08-17, 2, qing_du, 8.64, 8.22, 0.61, 8.17, 8.17, 8.23, 8.16, 573395.3, 469303452, 0.19, 0.86, 2.14, 3723.56319
2017-08-18, 2, qing_du, 8.64, 8.21, -0.12, 8.22, 8.19, 8.23, 8.17, 446346.13, 366157301, 0.15, 0.73, 1.67, 740.79514
2017-08-21, 2, qing_du, 8.63, 8.19, -0.24, 8.21, 8.21, 8.23, 8.16, 525952.18, 430655548, 0.18, 0.85, 1.97, 773.29421
2017-08-22, 2, qing_du, 8.63, 8.20, 0.12, 8.19, 8.19, 8.22, 8.17, 576403.79, 472378470, 0.20, 0.61, 2.15, 946.97118
2017-08-23, 2, qing_du, 8.63, 8.24, 0.49, 8.20, 8.20, 8.28, 8.19, 714654.64, 588705353, 0.24, 1.10, 2.67, 776.11089
2017-08-24, 2, qing_du, 8.63, 8.19, -0.61, 8.24, 8.23, 8.28, 8.18, 717283.06, 589621810, 0.24, 1.21, 2.68, 1209.95212
2017-08-25, 2, qing_du, 8.63, 8.38, 2.32, 8.19, 8.20, 8.39, 8.19, 1368763.79, 1137457135, 0.46, 2.44, 5.11, 655.0281
2017-08-28, 2, qing_du, 8.63, 8.45, 0.84, 8.38, 8.42, 8.52, 8.39, 1421781.38, 1201329320, 0.48, 1.55, 5.31, 775.90704
2017-08-29, 2, qing_du, 8.63, 8.43, -0.24, 8.45, 8.43, 8.45, 8.38, 886836.75, 746746178, 0.30, 0.83, 3.31, 556.35095
2017-08-30, 2, qing_du, 8.63, 8.44, 0.12, 8.43, 8.43, 8.50, 8.41, 882435.04, 744998973, 0.30, 1.07, 3.30, 592.22507
2017-08-31, 2, qing_du, 8.63, 8.36, -0.95, 8.44, 8.42, 8.44, 8.36, 448022.11, 376205155, 0.15, 0.95, 3.35, 658.37002
2017-09-01, 2, qing_du, 8.63, 8.36, -0.95, 8.44, 8.42, 8.44, 8.36, 448022.11, 376205155, 0.15, 0.95, 3.35, 728.66797
2017-09-04, 2, qing_du, 8.63, 8.38, 0.12, 8.37, 8.34, 8.40, 8.31, 764477, 639207158, 0.26, 1.08, 2.86, 562.38413
2017-09-05, 2, qing_du, 8.63, 8.40, 0.24, 8.38, 8.39, 8.45, 8.37, 737930.6, 620747511, 0.25, 0.95, 2.76, 651.59893
2017-09-06, 2, qing_du, 8.63, 8.34, -0.71, 8.40, 8.39, 8.39, 8.32, 715322.29, 596728010, 0.24, 0.83, 2.67, 795.97402
2017-09-07, 1, wei_ruo, 8.62, 8.36, -0.95, 8.44, 8.42, 8.44, 8.36, 448022.11, 376205155, 0.15, 0.95, 3.35, 594.12003
2017-09-08, 1, wei_ruo, 8.62, 8.36, -0.95, 8.44, 8.42, 8.44, 8.36, 448022.11, 376205155, 0.15, 0.95, 3.35, 620.80312
2017-09-11, 1, wei_ruo, 8.62, 8.36, -0.95, 8.44, 8.42, 8.44, 8.36, 448022.11, 376205155, 0.15, 0.95, 3.35, 626.80411
2017-09-12, 1, wei_ruo, 8.62, 8.33, 0.00, 8.33, 8.34, 8.35, 8.29, 628492.82, 522652348, 0.21, 0.72, 2.35, 582.22198
2017-09-13, 1, wei_ruo, 8.62, 8.29, -0.48, 8.33, 8.33, 8.33, 8.27, 410805.14, 340826780, 0.14, 0.72, 1.54, 661.28302
2017-09-14, 1, wei_ruo, 8.62, 8.24, -0.60, 8.29, 8.29, 8.30, 8.23, 681869.41, 563306042, 0.23, 0.84, 2.55, 626.60408
2017-09-15, 1, wei_ruo, 8.62, 8.23, -0.12, 8.24, 8.23, 8.25, 8.21, 515594.09, 424245460, 0.17, 0.49, 1.93, 1047.74189
2017-09-18, 1, wei_ruo, 8.62, 8.25, 0.24, 8.23, 8.23, 8.27, 8.23, 498552.04, 411161017, 0.17, 0.49, 1.86, 364.362
2017-09-19, 1, wei_ruo, 8.62, 8.25, 0.00, 8.25, 8.25, 8.28, 8.23, 470043.21, 387997814, 0.16, 0.61, 1.76, 661.23009
2017-09-20, 1, wei_ruo, 8.62, 8.25, 0.00, 8.25, 8.25, 8.26, 8.23, 357437.36, 294808519, 0.12, 0.36, 1.34, 574.89705
2017-09-21, 1, wei_ruo, 8.62, 8.23, -0.24, 8.25, 8.21, 8.28, 8.19, 703692.4, 578959842, 0.24, 1.09, 2.63, 581.81286
2017-09-22, 1, wei_ruo, 8.62, 8.18, -0.61, 8.23, 8.21, 8.23, 8.17, 686340.28, 562257068, 0.23, 0.73, 2.56, 607.54204
2017-09-25, 1, wei_ruo, 8.62, 8.16, -0.24, 8.18, 8.17, 8.19, 8.15, 671708.03, 548527870, 0.23, 0.49, 2.51, 569.76891
2017-09-26, 1, wei_ruo, 8.49, 8.05, 0.12, 8.04, 8.07, 8.08, 8.04, 438943.89, 353745663, 0.15, 0.50, 1.64, 563.30514
2017-09-27, 1, wei_ruo, 8.49, 8.01, -0.50, 8.05, 8.04, 8.06, 8.01, 460244.42, 369625511, 0.16, 0.62, 1.72, 755.22304
2017-09-28, 1, wei_ruo, 8.49, 7.99, -0.25, 8.01, 8.03, 8.04, 7.98, 488659.4, 390811052, 0.17, 0.75, 1.83, 585.33597
2017-09-29, 1, wei_ruo, 8.49, 8.02, 0.38, 7.99, 8.00, 8.05, 8.00, 460678.14, 369678363, 0.16, 0.63, 1.72, 700.6309
2017-10-10, 1, wei_ruo, 8.49, 8.16, 0.49, 8.12, 8.12, 8.16, 8.11, 595837.36, 485231562, 0.20, 0.62, 2.23, 584.9731
2017-10-12, 1, wei_ruo, 8.48, 8.16, -0.37, 8.19, 8.19, 8.20, 8.15, 503306.7, 411304265, 0.17, 0.61, 1.88, 653.40018
2017-10-13, 1, wei_ruo, 8.48, 8.17, 0.12, 8.16, 8.16, 8.19, 8.16, 299845.01, 244945657, 0.10, 0.37, 1.12, 596.34089
2017-10-16, 1, wei_ruo, 8.48, 8.16, -0.12, 8.17, 8.17, 8.21, 8.14, 534761.66, 437244202, 0.18, 0.86, 2.00, 637.20703
2017-10-17, 1, wei_ruo, 8.48, 8.14, -0.25, 8.16, 8.18, 8.18, 8.13, 287482.53, 234222485, 0.10, 0.61, 1.07, 511.59596
2017-10-18, 1, wei_ruo, 8.48, 8.13, -0.12, 8.14, 8.14, 8.16, 8.13, 429551.68, 349617009, 0.15, 0.37, 1.61, 626.21498
2017-10-19, 1, wei_ruo, 8.48, 8.07, -0.74, 8.13, 8.13, 8.15, 8.06, 616073.41, 498519811, 0.21, 1.11, 2.30, 760.58507
2017-10-20, 1, wei_ruo, 8.48, 8.07, 0.00, 8.07, 8.08, 8.08, 8.05, 328983.89, 265337357, 0.11, 0.37, 1.23, 632.71403
2017-10-23, 1, wei_ruo, 8.48, 8.05, -0.25, 8.07, 8.07, 8.08, 8.04, 374502.83, 301773711, 0.13, 0.50, 1.40, 780.9391
2017-10-24, 1, wei_ruo, 8.48, 8.10, 0.62, 8.05, 8.05, 8.13, 8.05, 617033.16, 499688076, 0.21, 0.99, 2.31, 700.57702
2017-10-25, 1, wei_ruo, 8.48, 8.10, 0.00, 8.10, 8.10, 8.13, 8.09, 322748.33, 261769048, 0.11, 0.49, 1.21, 627.0709
2017-10-26, 1, wei_ruo, 8.48, 8.12, 0.25, 8.10, 8.10, 8.14, 8.09, 544719.78, 442091600, 0.18, 0.62, 2.04, 658.51188
2017-10-27, 1, wei_ruo, 8.48, 8.18, 0.74, 8.12, 8.12, 8.23, 8.11, 781289.17, 639990251, 0.26, 1.48, 2.92, 633.20088
2017-10-30, 1, wei_ruo, 8.48, 8.17, -0.12, 8.18, 8.19, 8.23, 8.11, 854096.34, 696839629, 0.29, 1.47, 3.19, 674.20292
2017-10-31, 1, wei_ruo, 8.48, 8.29, 1.47, 8.17, 8.19, 8.40, 8.15, 1386403.37, 1148880143, 0.47, 3.06, 5.18, 632.95603
2017-11-01, 2, qing_du, 8.48, 8.24, -0.60, 8.29, 8.26, 8.28, 8.21, 793052.96, 653675812, 0.27, 0.84, 2.96, 677.97899
2017-11-02, 2, qing_du, 8.48, 8.22, -0.24, 8.24, 8.23, 8.25, 8.08, 1256908.11, 1025441518, 0.43, 2.06, 4.70, 799.27993
2017-11-03, 2, qing_du, 8.47, 8.25, 0.36, 8.22, 8.18, 8.27, 8.13, 1102198.83, 904049316, 0.37, 1.70, 4.12, 647.47
2017-11-06, 2, qing_du, 8.47, 8.26, 0.12, 8.25, 8.23, 8.26, 8.18, 683481.36, 562105367, 0.23, 0.97, 2.55, 4550.3552
2017-11-07, 2, qing_du, 8.47, 8.34, 0.97, 8.26, 8.26, 8.35, 8.21, 580524.32, 480449499, 0.20, 1.69, 4.34, 638.41295
2017-11-09, 3, zhong_du, 8.47, 8.37, -0.36, 8.40, 8.40, 8.45, 8.36, 866597.37, 728653495, 0.29, 1.07, 3.24, 696.73085
2017-11-10, 4, gao_du, 8.47, 8.34, 0.97, 8.26, 8.26, 8.35, 8.21, 580524.32, 480449499, 0.20, 1.69, 4.34, 2934.96585
2017-11-13, 4, gao_du, 8.47, 8.45, 0.48, 8.41, 8.48, 8.56, 8.41, 2026021.05, 1720606213, 0.69, 1.78, 2.04, 836.01713
2017-11-14, 4, gao_du, 8.47, 8.44, -0.12, 8.45, 8.45, 8.45, 8.33, 1370920.69, 1150138376, 0.46, 1.42, 1.08, 744.26818
2017-11-15, 3, zhong_du, 8.47, 8.36, -0.95, 8.44, 8.41, 8.44, 8.32, 1132140.6, 948200639, 0.38, 1.42, 0.86, 662.65392
2017-11-16, 3, zhong_du, 8.47, 8.28, -0.96, 8.36, 8.33, 8.34, 8.27, 646148.4, 535988338, 0.22, 0.84, 0.50, 634.93299
2017-11-17, 3, zhong_du, 8.47, 8.54, 3.14, 8.28, 8.25, 8.56, 8.25, 2384430.38, 2011206863, 0.81, 3.74, 1.92, 2732.17797
2017-11-20, 3, zhong_du, 8.47, 8.59, 0.59, 8.54, 8.48, 8.63, 8.44, 1662980.28, 1420479675, 0.56, 2.22, 1.10, 1031.7812
2017-11-21, 4, gao_du, 8.47, 8.64, 0.58, 8.59, 8.60, 8.68, 8.56, 1545445.96, 1333881587, 0.52, 1.40, 1.07, 1307.657
2017-11-22, 5, qiang_lie, 8.48, 9.07, 4.98, 8.64, 8.69, 9.28, 8.66, 3895065.26, 3492335366, 1.32, 7.18, 2.64, 354.54297
2017-11-23, 5, qiang_lie, 8.49, 9.07, 0.00, 9.07, 9.13, 9.44, 9.05, 4932765.82, 4553856051, 1.67, 4.30, 2.43, 2621.768
2017-11-24, 5, qiang_lie, 8.50, 9.10, 0.33, 9.07, 9.07, 9.24, 8.97, 2584752.28, 2355920698, 0.87, 2.98, 0.90, 630.70011
2017-11-27, 5, qiang_lie, 8.50, 9.11, 0.11, 9.10, 9.02, 9.21, 8.95, 2241654.29, 2035185389, 0.76, 2.86, 0.77, 614.36486
2017-11-28, 4, gao_du, 8.50, 8.84, -2.96, 9.11, 9.07, 9.11, 8.78, 2098579.71, 1861210314, 0.71, 3.62, 0.69, 690.13786
2017-11-29, 4, gao_du, 8.51, 8.85, 0.11, 8.84, 8.84, 8.88, 8.71, 1418501.32, 1247219850, 0.48, 1.92, 0.45, 671.44084
2017-11-30, 3, zhong_du, 8.51, 8.85, 0.00, 8.85, 8.81, 8.96, 8.72, 1374500.88, 1216349273, 0.47, 2.71, 0.52, 3037.83011
2017-12-01, 3, zhong_du, 8.51, 8.83, -0.23, 8.85, 8.79, 8.86, 8.68, 1330176.38, 1167279570, 0.45, 2.03, 0.68, 944.97895
2017-12-04, 3, zhong_du, 8.51, 8.84, 0.11, 8.83, 8.79, 8.86, 8.76, 868318.9, 765035716, 0.29, 1.13, 0.51, 688.40098
2017-12-05, 3, zhong_du, 8.51, 9.03, 2.15, 8.84, 8.82, 9.10, 8.80, 2396489.15, 2152088203, 0.81, 3.39, 1.69, 710.29782
2017-12-06, 3, zhong_du, 8.51, 8.87, -1.77, 9.03, 8.95, 8.99, 8.81, 1082236.28, 964007582, 0.37, 1.99, 0.73, 1041.89515
2017-12-07, 4, gao_du, 8.52, 8.87, 0.00, 8.87, 8.83, 8.90, 8.72, 1012625.39, 892833537, 0.34, 2.03, 0.72, 599.45607
2017-12-08, 4, gao_du, 8.52, 8.82, -0.56, 8.87, 8.84, 8.88, 8.78, 749201.49, 660720336, 0.25, 1.13, 0.56, 683.18605
2017-12-11, 3, zhong_du, 8.52, 8.75, -0.79, 8.82, 8.79, 8.82, 8.65, 1081220.4, 941872427, 0.37, 1.93, 0.88, 2789.69312
2017-12-12, 3, zhong_du, 8.52, 8.56, -2.17, 8.75, 8.71, 8.75, 8.54, 988068.93, 855300206, 0.33, 2.40, 0.78, 645.52808
2017-12-13, 3, zhong_du, 8.52, 8.60, 0.47, 8.56, 8.58, 8.64, 8.53, 574614.64, 493082814, 0.19, 1.29, 0.58, 568.28284
2017-12-14, 3, zhong_du, 8.52, 8.51, -1.05, 8.60, 8.63, 8.65, 8.48, 809390.46, 690706437, 0.27, 1.98, 0.92, 619.33899
2017-12-15, 2, qing_du, 8.52, 8.44, -0.82, 8.51, 8.54, 8.55, 8.43, 624183.45, 528713131, 0.21, 1.41, 0.74, 488.91282
2017-12-18, 2, qing_du, 8.52, 8.46, 0.24, 8.44, 8.47, 8.50, 8.42, 429794.02, 363664833, 0.15, 0.95, 0.53, 827.77786
2017-12-19, 2, qing_du, 8.52, 8.57, 1.30, 8.46, 8.46, 8.59, 8.44, 668724.06, 571070614, 0.23, 1.77, 0.98, 711.99989
2017-12-20, 2, qing_du, 8.52, 8.59, 0.23, 8.57, 8.56, 8.60, 8.49, 676153.52, 577637606, 0.23, 1.28, 1.09, 737.03909
2017-12-21, 2, qing_du, 8.52, 8.58, -0.12, 8.59, 8.56, 8.64, 8.52, 627010.39, 538466265, 0.21, 1.40, 0.98, 3044.63983
2017-12-22, 2, qing_du, 8.52, 8.47, -1.28, 8.58, 8.57, 8.59, 8.46, 610657.98, 520520985, 0.21, 1.52, 1.01, 549.38602
2017-12-25, 2, qing_du, 8.52, 8.49, 0.24, 8.47, 8.49, 8.58, 8.47, 529953.92, 451126225, 0.18, 1.30, 0.88, 662.30702
2017-12-26, 1, wei_ruo, 8.52, 8.54, 0.59, 8.49, 8.49, 8.55, 8.47, 500538.5, 426629612, 0.17, 0.94, 0.80, 540.14611
2017-12-27, 1, wei_ruo, 8.52, 8.46, -0.94, 8.54, 8.51, 8.59, 8.34, 865361.95, 734594702, 0.29, 2.93, 1.47, 522.96185
2017-12-29, 1, wei_ruo, 8.52, 8.52, 1.55, 8.39, 8.43, 8.57, 8.41, 765085.14, 650512041, 0.26, 1.91, 1.28, 636.5509
2018-01-03, 1, wei_ruo, 8.52, 8.58, 0.70, 8.52, 8.51, 8.59, 8.47, 872164.98, 745357265, 0.30, 1.41, 1.35, 1931.93793
2018-01-04, 1, wei_ruo, 8.52, 8.54, -0.47, 8.58, 8.58, 8.59, 8.53, 690688.04, 591244698, 0.23, 0.70, 0.96, 663.40613
2018-01-05, 1, wei_ruo, 8.52, 8.60, 0.70, 8.54, 8.55, 8.63, 8.54, 865293.32, 743533006, 0.29, 1.05, 1.26, 655.63703
2018-01-08, 1, wei_ruo, 8.52, 8.72, 1.40, 8.60, 8.59, 8.76, 8.56, 1097694.24, 950969338, 0.37, 2.33, 1.47, 612.64801
2018-01-09, 1, wei_ruo, 8.52, 8.68, -0.46, 8.72, 8.71, 8.78, 8.66, 670078.72, 583530234, 0.23, 1.38, 0.78, 735.99696
2018-01-10, 1, wei_ruo, 8.52, 8.82, 1.61, 8.68, 8.67, 8.84, 8.63, 1339214.43, 1174609792, 0.45, 2.42, 1.60, 693.12596
2018-01-11, 1, wei_ruo, 8.52, 8.80, -0.23, 8.82, 8.83, 8.93, 8.75, 924641.02, 816506795, 0.31, 2.04, 0.99, 640.01799
2018-01-12, 1, wei_ruo, 8.52, 8.80, 0.00, 8.80, 8.80, 8.88, 8.77, 629885.89, 555663087, 0.21, 1.25, 0.64, 605.89719
2018-01-15, 1, wei_ruo, 8.52, 8.87, 0.80, 8.80, 8.76, 8.98, 8.73, 1654521.4, 1470125113, 0.56, 2.84, 1.77, 541.21113
2018-01-16, 2, qing_du, 8.52, 8.88, 0.11, 8.87, 8.88, 8.90, 8.80, 1008595.48, 891715596, 0.34, 1.13, 0.97, 599.08509
2018-01-17, 2, qing_du, 8.53, 8.90, 0.23, 8.88, 8.89, 9.12, 8.87, 2350693.45, 2112288915, 0.80, 2.82, 2.12, 734.84898
2018-01-18, 3, zhong_du, 8.53, 9.01, 1.24, 8.90, 8.95, 9.03, 8.88, 1515952.55, 1356350569, 0.51, 1.69, 1.15, 372.81013
2018-01-19, 3, zhong_du, 8.54, 9.11, 1.11, 9.01, 9.08, 9.22, 9.06, 2620251.3, 2399137809, 0.89, 1.78, 1.83, 524.34111
2018-01-22, 3, zhong_du, 8.54, 8.94, -1.87, 9.11, 9.01, 9.13, 8.91, 1707378.19, 1539248689, 0.58, 2.41, 0.93, 592.60488
2018-01-23, 3, zhong_du, 8.54, 9.24, 3.36, 8.94, 8.94, 9.25, 8.92, 2091833.59, 1898506197, 0.71, 3.69, 1.14, 581.66409
2018-01-24, 4, gao_du, 8.55, 9.33, 0.97, 9.24, 9.26, 9.39, 9.14, 2516256.2, 2336467129, 0.85, 2.71, 1.22, 522.71485
2018-01-25, 4, gao_du, 8.55, 9.29, -0.43, 9.33, 9.34, 9.44, 9.21, 1673799.1, 1559723619, 0.57, 2.47, 0.80, 772.56584
2018-01-26, 4, gao_du, 8.56, 9.32, 0.32, 9.29, 9.25, 9.39, 9.24, 1749575.39, 1630304663, 0.59, 1.61, 0.82, 606.9901
2018-01-29, 4, gao_du, 8.56, 9.20, -1.29, 9.32, 9.38, 9.47, 9.15, 1966315.13, 1835164058, 0.67, 3.43, 1.01, 818.7139
2018-01-30, 4, gao_du, 8.56, 9.01, -2.07, 9.20, 9.22, 9.24, 8.99, 1412972.05, 1286331465, 0.48, 2.72, 0.71, 375.76604
2018-01-31, 3, zhong_du, 8.57, 9.06, 0.55, 9.01, 8.98, 9.08, 8.93, 1237221.92, 1115176651, 0.42, 1.66, 0.66, 743.36505
2018-02-01, 3, zhong_du, 8.57, 9.22, 1.77, 9.06, 9.06, 9.25, 8.99, 1887656.37, 1719348019, 0.64, 2.87, 1.17, 579.57006
2018-02-02, 3, zhong_du, 8.57, 9.17, -0.54, 9.22, 9.16, 9.21, 9.01, 933270.95, 852138189, 0.32, 2.17, 0.57, 621.36793
2018-02-05, 3, zhong_du, 8.58, 9.45, 3.05, 9.17, 9.05, 9.46, 9.03, 2025276.06, 1885532645, 0.69, 4.69, 1.36, 752.47312
2018-02-06, 4, gao_du, 8.58, 9.11, -3.60, 9.45, 9.30, 9.40, 9.08, 2394132.27, 2215406153, 0.81, 3.39, 1.60, 2491.05
2018-02-07, 4, gao_du, 8.59, 9.00, -1.21, 9.11, 9.23, 9.46, 8.99, 3148677.57, 2905716325, 1.07, 5.16, 1.86, 701.61414
2018-02-08, 3, zhong_du, 8.59, 8.71, -3.22, 9.00, 8.85, 8.97, 8.66, 1874003.35, 1653955174, 0.63, 3.44, 0.68, 703.55988
2018-02-09, 3, zhong_du, 8.59, 8.29, -4.82, 8.71, 8.56, 8.69, 8.14, 2119857.87, 1775073415, 0.72, 6.31, 0.80, 671.85903
2018-02-12, 2, qing_du, 8.59, 8.32, 0.36, 8.29, 8.34, 8.39, 8.25, 1250062.03, 1038766549, 0.42, 1.69, 0.56, 697.67618
2018-02-13, 1, wei_ruo, 8.59, 8.39, 0.84, 8.32, 8.37, 8.50, 8.35, 933715.56, 787282828, 0.32, 1.80, 0.58, 617.342
2018-02-14, 1, wei_ruo, 8.59, 8.42, 0.36, 8.39, 8.41, 8.45, 8.37, 476244.05, 400755744, 0.16, 0.95, 0.42, 2662.35209
