2015-08-21, 2, qing_du, 11.87, 9.86, -9.04, 10.84, 10.61, 10.83, 9.76, 2041963.65, 2087476944, 2.91, 9.87, 0.77, 2272.79997
2015-08-24, 2, qing_du, 11.80, 8.87, -10.04, 9.86, 9.30, 9.37, 8.87, 1787034.22, 1598823284, 2.54, 5.07, 0.69, 2956.7101
2015-08-25, 1, wei_ruo, 11.71, 7.98, -10.03, 8.87, 8.05, 8.55, 7.98, 1809571.73, 1474048131, 2.58, 6.43, 0.82, 1348.53506
2015-08-26, 1, wei_ruo, 11.58, 7.27, -8.90, 7.98, 8.04, 8.28, 7.23, 2223138.3, 1737740578, 3.17, 13.16, 1.15, 1038.61594
2015-08-27, 1, wei_ruo, 11.46, 7.58, 4.26, 7.27, 7.47, 7.74, 6.91, 2017486.37, 1496112310, 2.87, 11.42, 1.06, 1194.61298
2015-08-28, 1, wei_ruo, 11.32, 8.19, 8.05, 7.58, 7.61, 8.25, 7.30, 2764812.36, 2155626893, 3.94, 12.53, 1.40, 953.26114
2015-08-31, 1, wei_ruo, 11.22, 8.07, -1.47, 8.19, 8.09, 8.12, 7.68, 2021215.25, 1605066234, 2.88, 5.37, 0.95, 1127.4631
2015-09-01, 1, wei_ruo, 11.11, 8.12, 0.62, 8.07, 7.77, 8.29, 7.41, 2370095.31, 1876568309, 3.37, 10.90, 1.09, 2905.29394
2015-09-02, 1, wei_ruo, 10.99, 8.18, 0.74, 8.12, 7.75, 8.50, 7.60, 2800199.86, 2293894110, 3.99, 11.08, 1.23, 1171.09108
2015-09-02, 1, wei_ruo, 10.99, 8.18, 0.74, 8.12, 7.75, 8.50, 7.60, 2800199.86, 2293894110, 3.99, 11.08, 1.23, 1022.65811
2015-09-02, 1, wei_ruo, 10.99, 8.18, 0.74, 8.12, 7.75, 8.50, 7.60, 2800199.86, 2293894110, 3.99, 11.08, 1.23, 1032.55296
2015-09-07, 1, wei_ruo, 10.93, 7.89, -3.55, 8.18, 8.20, 8.64, 7.86, 1479107.71, 1217797652, 2.11, 9.54, 0.62, 994.32397
2015-09-08, 1, wei_ruo, 10.89, 8.09, 2.53, 7.89, 7.76, 8.18, 7.60, 924640.84, 731556351, 1.32, 7.35, 0.40, 1063.88998
2015-09-09, 1, wei_ruo, 10.84, 8.28, 2.35, 8.09, 8.25, 8.42, 8.04, 1468923.34, 1216623761, 2.09, 4.70, 0.77, 959.83315
2015-09-10, 1, wei_ruo, 10.80, 8.18, -1.21, 8.28, 8.13, 8.45, 8.06, 980980.54, 812393075, 1.40, 4.71, 0.54, 1084.46193
2015-09-11, 1, wei_ruo, 10.77, 8.24, 0.73, 8.18, 8.30, 8.40, 8.07, 810459.69, 668331673, 1.15, 4.03, 0.53, 1020.81513
2015-09-14, 1, wei_ruo, 10.72, 7.91, -4.00, 8.24, 8.34, 8.38, 7.42, 1329951.49, 1052700671, 1.89, 11.65, 1.17, 973.32811
2015-09-15, 1, wei_ruo, 10.67, 7.12, -9.99, 7.91, 7.30, 7.85, 7.12, 990546.81, 733606854, 1.41, 9.23, 0.90, 983.38699
2015-09-16, 1, wei_ruo, 10.62, 7.68, 7.87, 7.12, 7.24, 7.79, 7.07, 1055934.5, 781929080, 1.50, 10.11, 0.95, 1106.61817
2015-09-17, 1, wei_ruo, 10.58, 7.43, -3.26, 7.68, 7.66, 7.83, 7.40, 1058876.38, 806457229, 1.51, 5.60, 1.02, 1191.20383
2015-09-18, 1, wei_ruo, 10.54, 7.54, 1.48, 7.43, 7.57, 7.65, 7.46, 756341.09, 570863085, 1.08, 2.56, 0.72, 825.88696
2015-09-21, 1, wei_ruo, 10.51, 7.76, 2.92, 7.54, 7.41, 7.84, 7.38, 758125.48, 583933819, 1.08, 6.10, 0.73, 978.00803
2015-09-22, 1, wei_ruo, 10.47, 8.12, 4.64, 7.76, 7.80, 8.46, 7.70, 1340131.31, 1069153251, 1.91, 9.79, 1.45, 1113.801
2015-09-23, 1, wei_ruo, 10.43, 7.81, -3.82, 8.12, 7.88, 7.98, 7.77, 1015836.9, 799464159, 1.45, 2.59, 1.02, 962.99005
2015-09-24, 1, wei_ruo, 10.40, 7.84, 0.38, 7.81, 7.87, 7.96, 7.74, 635228.56, 498757174, 0.90, 2.82, 0.64, 2561.414
2015-09-25, 1, wei_ruo, 10.38, 7.51, -4.21, 7.84, 7.80, 7.94, 7.40, 727139.32, 556028910, 1.04, 6.89, 0.81, 1006.38795
2015-09-28, 1, wei_ruo, 10.36, 7.58, 0.93, 7.51, 7.52, 7.64, 7.32, 393721.4, 295682836, 0.56, 4.26, 0.44, 1245.19181
2015-09-29, 1, wei_ruo, 10.34, 7.36, -2.90, 7.58, 7.44, 7.49, 7.34, 484387.21, 357960473, 0.69, 1.98, 0.59, 1029.28495
2015-09-30, 1, wei_ruo, 10.31, 7.49, 1.77, 7.36, 7.40, 7.70, 7.35, 633202.81, 476604387, 0.90, 4.76, 0.97, 1028.48792
2015-10-08, 1, wei_ruo, 10.28, 7.68, 2.54, 7.49, 7.69, 7.76, 7.50, 901006.65, 688291461, 1.28, 3.47, 1.57, 961.43293
2015-10-14, 1, wei_ruo, 10.13, 8.24, -2.72, 8.47, 8.33, 8.39, 8.14, 1056749.64, 871020572, 1.50, 2.95, 0.93, 1102.99492
2015-10-15, 1, wei_ruo, 10.09, 8.48, 2.91, 8.24, 8.21, 8.50, 8.01, 1421138.93, 1181528174, 2.02, 5.95, 1.17, 916.40592
2015-10-16, 1, wei_ruo, 10.05, 8.74, 3.07, 8.48, 8.56, 8.95, 8.54, 2174283.61, 1898101734, 3.10, 4.83, 1.65, 1349.98298
2015-10-19, 1, wei_ruo, 10.01, 8.92, 2.06, 8.74, 8.62, 9.04, 8.37, 2395574.5, 2098952270, 3.41, 7.67, 1.55, 1100.16894
2015-10-29, 3, zhong_du, 9.75, 8.45, -0.24, 8.47, 8.40, 8.60, 8.35, 844433.46, 714527369, 1.20, 2.95, 0.41, 975.35586
2015-10-30, 3, zhong_du, 9.74, 8.46, 0.12, 8.45, 8.45, 8.53, 8.28, 734203.28, 619158529, 1.05, 2.96, 0.47, 929.13103
2015-11-02, 2, qing_du, 9.72, 8.19, -3.19, 8.46, 8.34, 8.45, 8.18, 795376.04, 661103482, 1.13, 3.19, 0.67, 3038.239
2015-11-03, 2, qing_du, 9.70, 8.10, -1.10, 8.19, 8.23, 8.29, 8.04, 672636.53, 547101971, 0.96, 3.05, 0.67, 919.806
2015-11-04, 2, qing_du, 9.68, 8.44, 4.20, 8.10, 8.11, 8.45, 8.10, 1197034.06, 994589816, 1.70, 4.32, 1.35, 1166.80288
2015-11-05, 2, qing_du, 9.64, 8.84, 4.74, 8.44, 8.33, 9.26, 8.28, 3415513.32, 2995852072, 4.86, 11.61, 4.02, 1212.47816
2015-11-06, 3, zhong_du, 9.62, 8.94, 1.13, 8.84, 8.70, 9.05, 8.68, 2064653.66, 1829692476, 2.94, 4.19, 1.51, 2198.43292
2015-11-09, 3, zhong_du, 9.60, 9.35, 4.59, 8.94, 8.90, 9.50, 8.90, 2857016.03, 2664110255, 4.07, 6.71, 1.75, 16773.52595
2015-11-10, 4, gao_du, 9.59, 9.19, -1.71, 9.35, 9.21, 9.32, 9.03, 1660804.08, 1521750571, 2.36, 3.10, 0.81, 451.39909
2015-11-11, 4, gao_du, 9.59, 9.13, -0.65, 9.19, 9.20, 9.25, 9.02, 1083500.38, 986829223, 1.54, 2.50, 0.48, 306.13804
2015-11-12, 4, gao_du, 9.58, 9.19, 0.66, 9.13, 9.19, 9.38, 9.06, 1573888.47, 1453855092, 2.24, 3.50, 0.71, 2236.6991
2015-11-13, 4, gao_du, 9.57, 9.26, 0.76, 9.19, 9.15, 9.48, 9.08, 1775507.9, 1650847584, 2.53, 4.35, 0.96, 1274.50514
2015-11-16, 4, gao_du, 9.56, 9.06, -2.16, 9.26, 8.98, 9.07, 8.80, 1408365.07, 1257834366, 2.01, 2.92, 0.79, 2863.49201
2015-11-17, 5, qiang_lie, 9.55, 9.15, 0.99, 9.06, 9.08, 9.57, 9.08, 1796186.91, 1671313155, 2.56, 5.41, 1.20, 2293.14804
2015-11-18, 4, gao_du, 9.54, 8.94, -2.30, 9.15, 9.18, 9.29, 8.90, 1019510.06, 928434998, 1.45, 4.26, 0.67, 1143.39495
2015-11-19, 4, gao_du, 9.53, 9.01, 0.78, 8.94, 8.92, 9.06, 8.80, 970910.82, 864989554, 1.38, 2.91, 0.64, 16926.04494
2015-11-20, 4, gao_du, 9.53, 8.93, -0.89, 9.01, 9.01, 9.06, 8.85, 915083.04, 818182549, 1.30, 2.33, 0.66, 16680.94301
2015-11-23, 4, gao_du, 9.51, 8.73, -2.24, 8.93, 8.85, 8.91, 8.65, 994315.94, 874929992, 1.42, 2.91, 0.81, 32495.579
2015-11-24, 4, gao_du, 9.50, 8.61, -1.37, 8.73, 8.63, 8.69, 8.40, 996035.53, 848498438, 1.42, 3.32, 0.87, 4010.37216
2015-11-25, 4, gao_du, 9.49, 8.66, 0.58, 8.61, 8.52, 8.69, 8.45, 771068.37, 663351723, 1.10, 2.79, 0.79, 1041.86893
2015-11-26, 3, zhong_du, 9.48, 8.54, -1.39, 8.66, 8.68, 8.72, 8.50, 777845.39, 669073558, 1.11, 2.54, 0.84, 843.57095
2015-11-27, 3, zhong_du, 9.45, 7.86, -7.96, 8.54, 8.50, 8.51, 7.70, 1306808.7, 1065181335, 1.86, 9.48, 1.47, 884.0909
2015-11-30, 2, qing_du, 9.43, 7.74, -1.53, 7.86, 7.90, 7.96, 7.41, 1041981.16, 799832255, 1.48, 7.00, 1.08, 925.91786
2015-12-01, 2, qing_du, 9.41, 7.93, 2.45, 7.74, 7.80, 7.94, 7.72, 874500.7, 685520917, 1.25, 2.84, 0.89, 1269.37604
2015-12-02, 2, qing_du, 9.39, 8.21, 3.53, 7.93, 7.90, 8.24, 7.75, 1196877.12, 960452439, 1.70, 6.18, 1.25, 921.30899
2015-12-03, 2, qing_du, 9.39, 8.24, 0.37, 8.21, 8.39, 8.45, 8.14, 1015621.02, 839225637, 1.45, 3.78, 0.98, 899.33801
2015-12-04, 2, qing_du, 9.36, 7.99, -3.03, 8.24, 8.03, 8.14, 7.91, 852464.25, 683331747, 1.21, 2.79, 0.78, 2282.58491
2015-12-07, 2, qing_du, 9.35, 8.05, 0.75, 7.99, 8.00, 8.14, 7.95, 541979.64, 436275376, 0.77, 2.38, 0.54, 611.81593
2015-12-08, 2, qing_du, 9.33, 8.18, 1.61, 8.05, 8.23, 8.65, 8.12, 1810943.1, 1514079707, 2.58, 6.58, 2.02, 903.67508
2015-12-09, 2, qing_du, 9.31, 7.93, -3.06, 8.18, 8.08, 8.12, 7.90, 809155.8, 646109819, 1.15, 2.69, 0.75, 646.2419
2015-12-10, 2, qing_du, 9.30, 7.81, -1.51, 7.93, 7.94, 7.98, 7.76, 682919.31, 535850471, 0.97, 2.77, 0.68, 803.70903
2015-12-11, 1, wei_ruo, 9.29, 7.72, -1.15, 7.81, 7.78, 7.80, 7.60, 519565.22, 398832143, 0.74, 2.56, 0.55, 972.61214
2015-12-14, 1, wei_ruo, 9.27, 7.98, 3.37, 7.72, 7.67, 8.00, 7.60, 667048.33, 522732508, 0.95, 5.18, 0.76, 1959.90896
2015-12-15, 1, wei_ruo, 9.26, 7.91, -0.88, 7.98, 8.00, 8.02, 7.83, 666800.56, 527312747, 0.95, 2.38, 0.74, 1038.22994
2015-12-16, 1, wei_ruo, 9.25, 7.81, -1.26, 7.91, 7.86, 7.88, 7.78, 517004.54, 404417513, 0.74, 1.26, 0.77, 912.14299
2015-12-17, 1, wei_ruo, 9.23, 8.11, 3.84, 7.81, 7.91, 8.18, 7.87, 1239192.18, 996530250, 1.76, 3.97, 2.03, 1876.77908
2015-12-18, 1, wei_ruo, 9.20, 8.75, 7.89, 8.11, 8.30, 8.92, 8.30, 3719693.6, 3259161172, 5.30, 7.64, 5.15, 755.4059
2015-12-21, 2, qing_du, 9.19, 9.15, 4.57, 8.75, 8.85, 9.30, 8.60, 3086865.84, 2796155377, 4.40, 8.00, 2.27, 4034.77216
2015-12-22, 3, zhong_du, 9.19, 9.15, 0.00, 9.15, 9.20, 9.25, 8.94, 1683374.75, 1533786157, 2.40, 3.39, 0.91, 3155.49088
2015-12-23, 3, zhong_du, 9.19, 8.96, -2.08, 9.15, 9.06, 9.27, 8.88, 1233418.7, 1119213079, 1.76, 4.26, 0.60, 2882.81202
2015-12-24, 3, zhong_du, 9.18, 8.72, -2.68, 8.96, 8.90, 8.90, 8.57, 1126464.93, 981376668, 1.60, 3.68, 0.51, 3416.01396
2015-12-25, 3, zhong_du, 9.17, 8.76, 0.46, 8.72, 8.73, 8.96, 8.62, 796310.83, 698415458, 1.13, 3.90, 0.37, 762.46881
2015-12-28, 3, zhong_du, 9.17, 8.54, -2.51, 8.76, 8.78, 8.93, 8.50, 870451.5, 758643954, 1.24, 4.91, 0.55, 4782.03797
2015-12-29, 3, zhong_du, 9.16, 8.80, 3.04, 8.54, 8.59, 8.84, 8.58, 771148.17, 671781701, 1.10, 3.04, 0.68, 820.82605
2015-12-30, 3, zhong_du, 9.16, 8.70, -1.14, 8.80, 8.75, 8.83, 8.55, 579726.67, 503336156, 0.83, 3.18, 0.51, 259.77492
2015-12-31, 3, zhong_du, 9.15, 8.57, -1.49, 8.70, 8.70, 8.75, 8.54, 582548.87, 501855743, 0.83, 2.41, 0.51, 978.01995
2016-01-04, 2, qing_du, 9.14, 7.76, -9.45, 8.57, 8.45, 8.50, 7.75, 729135.11, 595872100, 1.04, 8.75, 0.99, 936.57207
2016-01-05, 2, qing_du, 9.11, 7.54, -2.84, 7.76, 7.43, 7.87, 7.30, 1254400.2, 952997170, 1.79, 7.35, 1.10, 1314.90397
2016-01-06, 1, wei_ruo, 9.10, 7.83, 3.85, 7.54, 7.65, 7.84, 7.61, 972897.14, 754937619, 1.39, 3.05, 0.85, 1478.57618
2016-01-07, 1, wei_ruo, 9.09, 7.35, -6.13, 7.83, 7.81, 7.99, 7.28, 397831.32, 304518735, 0.57, 9.07, 2.79, 960.35099
2016-01-08, 1, wei_ruo, 9.09, 7.71, 4.90, 7.35, 7.70, 7.88, 7.16, 1190280.03, 903049354, 1.69, 9.80, 1.04, 2779.44517
2016-01-11, 1, wei_ruo, 9.00, 7.74, 0.39, 7.71, 7.60, 8.29, 7.50, 1757704.86, 1399092228, 2.50, 10.25, 1.54, 2675.06504
2016-01-12, 1, wei_ruo, 8.97, 8.04, 3.88, 7.74, 8.08, 8.30, 7.60, 1592259.7, 1279218437, 2.27, 9.04, 1.39, 1185.82916
2016-01-13, 1, wei_ruo, 8.96, 7.78, -3.23, 8.04, 8.00, 8.20, 7.69, 961718.53, 759851324, 1.37, 6.34, 0.84, 964.45513
2016-01-14, 1, wei_ruo, 8.94, 7.73, -0.64, 7.78, 7.50, 7.79, 7.32, 856265.51, 647384644, 1.22, 6.04, 0.75, 2626.52206
2016-01-15, 1, wei_ruo, 8.92, 7.10, -8.15, 7.73, 7.68, 7.68, 7.01, 1079059.81, 785017492, 1.54, 8.67, 0.94, 2161.77487
2016-01-18, 1, wei_ruo, 8.89, 7.24, 1.97, 7.10, 6.95, 7.38, 6.89, 830461.53, 594805427, 1.18, 6.90, 0.73, 4031.00991
2016-01-19, 1, wei_ruo, 8.88, 7.42, 2.49, 7.24, 7.19, 7.50, 7.03, 854160.02, 625216988, 1.22, 6.49, 0.75, 2778.72396
2016-01-20, 1, wei_ruo, 8.85, 7.80, 5.12, 7.42, 7.42, 8.10, 7.37, 1390841.19, 1081908878, 1.98, 9.84, 1.22, 2011.06191
2016-01-21, 1, wei_ruo, 8.83, 7.36, -5.64, 7.80, 7.70, 7.88, 7.28, 1011597.87, 769412661, 1.44, 7.69, 0.89, 805.82094
2016-01-22, 1, wei_ruo, 8.82, 7.43, 0.95, 7.36, 7.36, 7.53, 7.11, 646844.01, 472671665, 0.92, 5.71, 0.57, 2770.01691
2016-01-25, 1, wei_ruo, 8.81, 7.33, -1.35, 7.43, 7.39, 7.45, 7.22, 567000.45, 415377845, 0.81, 3.10, 0.50, 2251.477
2016-01-26, 1, wei_ruo, 8.79, 6.84, -6.68, 7.33, 7.32, 7.45, 6.72, 788521.03, 561708968, 1.12, 9.96, 0.69, 1456.01821
2016-01-27, 1, wei_ruo, 8.76, 6.54, -4.39, 6.84, 6.86, 6.93, 6.21, 879403.4, 570872757, 1.25, 10.53, 0.77, 2499.20011
2016-01-28, 1, wei_ruo, 8.74, 6.14, -6.12, 6.54, 6.36, 6.43, 6.11, 587225.04, 370397672, 0.84, 4.89, 0.51, 6487.85806
2016-01-29, 1, wei_ruo, 8.72, 6.32, 2.93, 6.14, 6.09, 6.36, 6.02, 661232.28, 412941477, 0.94, 5.54, 0.58, 3066.86187
2016-02-01, 1, wei_ruo, 8.70, 6.24, -1.27, 6.32, 6.30, 6.33, 6.13, 474579.19, 294915167, 0.68, 3.16, 0.42, 876.62101
2016-02-02, 1, wei_ruo, 8.68, 6.43, 3.04, 6.24, 6.28, 6.58, 6.22, 687053.97, 441800421, 0.98, 5.77, 0.60, 1020.29204
2016-02-03, 1, wei_ruo, 8.66, 6.43, 0.00, 6.43, 6.46, 6.56, 6.31, 541239.36, 349255173, 0.77, 3.89, 0.47, 1132.0889
2016-02-04, 1, wei_ruo, 8.64, 6.49, 0.93, 6.43, 6.37, 6.57, 6.37, 612946.78, 397869005, 0.87, 3.11, 0.54, 4829.05912
2016-02-05, 1, wei_ruo, 8.62, 6.66, 2.62, 6.49, 6.54, 6.95, 6.53, 825110.09, 558635926, 1.17, 6.47, 0.72, 856.54902
2016-02-15, 1, wei_ruo, 8.60, 6.84, 2.70, 6.66, 6.45, 6.98, 6.39, 704955.46, 472784859, 1.00, 8.86, 0.62, 2949.60284
2016-02-16, 1, wei_ruo, 8.58, 6.97, 1.90, 6.84, 6.85, 7.02, 6.79, 783499.37, 542304574, 1.12, 3.36, 0.69, 1028.09477
2016-02-17, 1, wei_ruo, 8.57, 6.93, -0.57, 6.97, 6.92, 6.97, 6.82, 593609.88, 409152566, 0.85, 2.15, 0.52, 1095.87598
2016-02-18, 1, wei_ruo, 8.55, 6.79, -2.02, 6.93, 6.93, 6.94, 6.74, 767710.49, 522572527, 1.09, 2.89, 0.67, 4050.92382
2016-02-19, 1, wei_ruo, 8.54, 6.68, -1.62, 6.79, 6.76, 6.80, 6.63, 332666.32, 223085376, 0.47, 2.50, 0.37, 2279.88911
2016-02-22, 1, wei_ruo, 8.54, 6.86, 2.24, 6.71, 6.80, 6.94, 6.73, 710614.2, 485628180, 1.01, 3.13, 1.07, 997.36595
2016-02-23, 1, wei_ruo, 8.53, 6.67, -2.77, 6.86, 6.82, 6.83, 6.56, 938866.12, 626153431, 1.34, 3.94, 1.41, 5186.625
2016-02-24, 1, wei_ruo, 8.52, 6.73, 0.90, 6.67, 6.68, 6.74, 6.58, 508252.56, 338984381, 0.72, 2.40, 0.73, 2841.76493
2016-02-25, 1, wei_ruo, 8.49, 6.13, -8.92, 6.73, 6.72, 6.73, 6.06, 962469.16, 611196571, 1.37, 9.96, 1.42, 2445.00208
2016-02-26, 1, wei_ruo, 8.47, 6.16, 0.49, 6.13, 6.18, 6.22, 6.03, 481110.86, 295731836, 0.69, 3.10, 0.67, 836.32183
2016-02-29, 1, wei_ruo, 8.45, 5.86, -4.87, 6.16, 6.16, 6.16, 5.64, 660434.96, 383919715, 0.94, 8.44, 0.92, 4114.05802
2016-03-01, 1, wei_ruo, 8.43, 5.91, 0.85, 5.86, 5.88, 5.95, 5.71, 440677.37, 258414524, 0.63, 4.10, 0.62, 2901.26014
2016-03-02, 1, wei_ruo, 8.41, 6.18, 4.57, 5.91, 5.92, 6.19, 5.87, 750501.84, 454812728, 1.07, 5.41, 1.23, 3677.57201
2016-03-03, 1, wei_ruo, 8.38, 6.20, 0.32, 6.18, 6.23, 6.29, 6.11, 808518.36, 499946739, 1.15, 2.91, 1.23, 2616.23406
2016-03-04, 1, wei_ruo, 8.35, 6.23, 0.48, 6.20, 6.17, 6.30, 6.05, 945996.02, 586937543, 1.35, 4.03, 1.51, 2011.67917
2016-03-07, 1, wei_ruo, 8.34, 6.27, 0.64, 6.23, 6.24, 6.33, 6.18, 472206.44, 295640630, 0.67, 2.41, 0.65, 4329.67305
2016-03-08, 1, wei_ruo, 8.32, 6.20, -1.12, 6.27, 6.22, 6.22, 5.89, 610700.6, 368970760, 0.87, 5.26, 0.89, 4698.35997
2016-03-09, 1, wei_ruo, 8.31, 6.17, -0.48, 6.20, 6.05, 6.18, 5.96, 440156.72, 267432856, 0.63, 3.55, 0.61, 1750.07582
2016-03-10, 1, wei_ruo, 8.30, 6.02, -2.43, 6.17, 6.11, 6.13, 6.00, 283929.23, 172265385, 0.40, 2.11, 0.43, 2517.77101
2016-03-11, 1, wei_ruo, 8.29, 5.98, -0.66, 6.02, 5.96, 6.02, 5.91, 226089.35, 134777656, 0.32, 1.83, 0.41, 2940.00196
2016-03-14, 1, wei_ruo, 8.27, 6.15, 2.84, 5.98, 6.05, 6.25, 6.01, 559359.9, 344311198, 0.80, 4.01, 1.38, 652.93884
2016-03-15, 1, wei_ruo, 8.26, 6.14, -0.16, 6.15, 6.15, 6.16, 6.06, 294093.34, 179602258, 0.42, 1.63, 0.69, 720.28995
2016-03-16, 1, wei_ruo, 8.25, 6.16, 0.33, 6.14, 6.13, 6.24, 6.10, 543840.93, 336674723, 0.77, 2.28, 1.51, 2567.909
2016-03-17, 1, wei_ruo, 8.23, 6.22, 0.97, 6.16, 6.20, 6.27, 6.09, 472749.39, 292927080, 0.67, 2.92, 1.24, 909.59811
2016-03-18, 1, wei_ruo, 8.20, 6.32, 1.61, 6.22, 6.23, 6.45, 6.21, 1203297.41, 759587837, 1.71, 3.86, 2.87, 5038.31506
2016-03-21, 1, wei_ruo, 8.17, 6.59, 4.27, 6.32, 6.36, 6.66, 6.29, 1447742.7, 945021745, 2.06, 5.85, 2.36, 2707.50213
2016-03-22, 1, wei_ruo, 8.15, 6.46, -1.97, 6.59, 6.54, 6.56, 6.40, 662357.69, 429284831, 0.94, 2.43, 0.84, 669.95215
2016-03-23, 1, wei_ruo, 8.13, 6.40, -0.93, 6.46, 6.40, 6.44, 6.29, 743336.48, 472948701, 1.06, 2.32, 0.86, 2632.67803
2016-03-24, 1, wei_ruo, 8.11, 6.34, -0.94, 6.40, 6.44, 6.53, 6.34, 742230.27, 477916241, 1.06, 2.97, 0.82, 2768.46004
2016-03-25, 1, wei_ruo, 8.10, 6.31, -0.47, 6.34, 6.27, 6.36, 6.23, 512717.87, 322096222, 0.73, 2.05, 0.53, 1961.80201
2016-03-28, 1, wei_ruo, 8.09, 6.28, -0.48, 6.31, 6.35, 6.43, 6.26, 519000.45, 329704628, 0.74, 2.69, 0.63, 1383.47197
2016-03-29, 1, wei_ruo, 8.07, 6.18, -1.59, 6.28, 6.29, 6.29, 6.06, 669568.57, 412955335, 0.95, 3.66, 1.05, 726.21799
2016-03-30, 1, wei_ruo, 8.05, 6.33, 2.43, 6.18, 6.22, 6.33, 6.18, 690279.91, 432411602, 0.98, 2.43, 1.08, 1279.737
2016-03-31, 1, wei_ruo, 8.03, 6.31, -0.32, 6.33, 6.38, 6.40, 6.29, 708631.66, 449037157, 1.01, 1.74, 1.13, 1157.05609
2016-04-01, 1, wei_ruo, 8.01, 6.38, 1.11, 6.31, 6.28, 6.54, 6.26, 973148.94, 624176818, 1.39, 4.44, 1.57, 2976.38893
2016-04-05, 1, wei_ruo, 7.99, 6.54, 2.51, 6.38, 6.44, 6.60, 6.37, 1126769.56, 732760202, 1.60, 3.61, 1.58, 1033.23603
2016-04-06, 1, wei_ruo, 7.97, 6.45, -1.38, 6.54, 6.50, 6.50, 6.41, 605020.83, 390286352, 0.86, 1.38, 0.73, 2653.96881
2016-04-07, 2, qing_du, 7.96, 6.39, -0.93, 6.45, 6.45, 6.52, 6.35, 639896.2, 410541704, 0.91, 2.64, 0.78, 4762.78019
2016-04-08, 2, qing_du, 7.95, 6.32, -1.10, 6.39, 6.35, 6.37, 6.25, 412421.58, 260105218, 0.59, 1.88, 0.51, 693.29
2016-04-11, 2, qing_du, 7.94, 6.36, 0.63, 6.32, 6.34, 6.44, 6.29, 499649.58, 318692378, 0.71, 2.37, 0.66, 744.43316
2016-04-12, 2, qing_du, 7.93, 6.25, -1.73, 6.36, 6.37, 6.37, 6.22, 446765.41, 280310471, 0.64, 2.36, 0.68, 648.22602
2016-04-13, 2, qing_du, 7.91, 6.35, 1.60, 6.25, 6.26, 6.42, 6.26, 743730.54, 473208999, 1.06, 2.56, 1.43, 721.37189
2016-04-14, 2, qing_du, 7.90, 6.43, 1.26, 6.35, 6.49, 6.53, 6.38, 725897.37, 467909663, 1.03, 2.36, 1.32, 3823.86994
2016-04-15, 2, qing_du, 7.89, 6.39, -0.62, 6.43, 6.43, 6.47, 6.33, 450249.31, 287043608, 0.64, 2.18, 0.80, 671.49091
2016-04-18, 3, zhong_du, 7.87, 6.40, 0.16, 6.39, 6.44, 6.48, 6.34, 682728.21, 437546523, 0.97, 2.19, 1.19, 4484.47609
2016-04-19, 3, zhong_du, 7.85, 6.47, 1.09, 6.40, 6.40, 6.57, 6.31, 920708.24, 592703520, 1.31, 4.06, 1.51, 738.99102
2016-04-20, 3, zhong_du, 7.83, 6.36, -1.70, 6.47, 6.45, 6.57, 6.11, 1052733.15, 668628164, 1.50, 7.11, 1.49, 884.85599
2016-04-21, 3, zhong_du, 7.82, 6.20, -2.52, 6.36, 6.28, 6.30, 6.19, 423460.25, 264670481, 0.60, 1.73, 0.55, 2808.20394
2016-04-22, 2, qing_du, 7.81, 6.13, -1.13, 6.20, 6.16, 6.19, 6.01, 465357.87, 283565915, 0.66, 2.90, 0.66, 2725.38495
2016-04-25, 2, qing_du, 7.80, 6.09, -0.65, 6.13, 6.10, 6.11, 6.01, 286042.71, 173692357, 0.41, 1.63, 0.40, 2550.73595
2016-04-26, 1, wei_ruo, 7.80, 6.14, 0.82, 6.09, 6.09, 6.17, 6.07, 247522.55, 151534556, 0.35, 1.64, 0.39, 536.71098
2016-04-27, 1, wei_ruo, 7.79, 6.08, -0.98, 6.14, 6.11, 6.15, 6.06, 182908.29, 111552754, 0.26, 1.47, 0.37, 4713.14692
2016-04-28, 1, wei_ruo, 7.78, 6.10, 0.33, 6.08, 6.11, 6.12, 6.01, 275526.67, 166964471, 0.39, 1.81, 0.86, 2835.06608
2016-04-29, 1, wei_ruo, 7.78, 6.06, -0.66, 6.10, 6.06, 6.09, 6.03, 228383.21, 138194768, 0.33, 0.98, 0.78, 4233.84905
2016-05-03, 1, wei_ruo, 7.77, 6.21, 2.48, 6.06, 6.15, 6.21, 6.08, 497406.36, 306418901, 0.71, 2.15, 2.04, 1525.43592
2016-05-04, 1, wei_ruo, 7.72, 6.83, 9.98, 6.21, 6.22, 6.83, 6.20, 3211926.36, 2137543668, 4.57, 10.14, 11.22, 556.89502
2016-05-05, 2, qing_du, 7.68, 7.07, 3.51, 6.83, 6.95, 7.18, 6.88, 3209027.94, 2264658656, 4.57, 4.39, 3.65, 2572.17908
2016-05-06, 3, zhong_du, 7.67, 7.19, 1.70, 7.07, 7.06, 7.55, 6.96, 2455943.08, 1777278906, 3.50, 8.35, 1.65, 598.05202
2016-05-09, 4, gao_du, 7.66, 7.13, -0.83, 7.19, 7.10, 7.45, 6.96, 1909901.82, 1374392319, 2.72, 6.82, 0.99, 675.64392
2016-05-10, 4, gao_du, 7.64, 7.08, -0.70, 7.13, 7.14, 7.43, 6.97, 1620099.54, 1165402972, 2.31, 6.45, 0.72, 3476.18008
2016-05-11, 4, gao_du, 7.64, 7.56, 6.78, 7.08, 7.09, 7.77, 7.00, 2233951.76, 1651998356, 3.18, 10.88, 0.90, 2178.77316
2016-05-12, 4, gao_du, 7.63, 7.42, -1.85, 7.56, 7.36, 7.74, 7.24, 1475159.68, 1106362810, 2.10, 6.61, 0.65, 2686.93805
2016-05-13, 4, gao_du, 7.63, 7.30, -1.62, 7.42, 7.35, 7.45, 7.22, 898081.78, 656134156, 1.28, 3.10, 0.46, 2930.58991
2016-05-16, 4, gao_du, 7.63, 7.40, 1.37, 7.30, 7.25, 7.45, 7.14, 1047289.76, 762885898, 1.49, 4.25, 0.64, 14475.41618
2016-05-17, 4, gao_du, 7.62, 7.12, -3.78, 7.40, 7.37, 7.40, 7.11, 965661.23, 696065098, 1.38, 3.92, 0.66, 550.86398
2016-05-18, 4, gao_du, 7.61, 7.02, -1.40, 7.12, 7.12, 7.20, 6.85, 867117.4, 607300827, 1.23, 4.92, 0.65, 2879.63104
2016-05-19, 3, zhong_du, 7.61, 7.03, 0.14, 7.02, 6.99, 7.17, 6.94, 800000.52, 564643073, 1.14, 3.28, 0.76, 947.44897
2016-05-20, 3, zhong_du, 7.60, 7.13, 1.42, 7.03, 6.96, 7.14, 6.85, 559702.03, 393365323, 0.80, 4.13, 0.61, 4658.29897
2016-05-23, 3, zhong_du, 7.60, 7.20, 0.98, 7.13, 7.14, 7.34, 7.07, 724826.98, 522745953, 1.03, 3.79, 0.85, 1468.75787
2016-05-24, 3, zhong_du, 7.59, 7.15, -0.69, 7.20, 7.16, 7.19, 7.01, 508489.54, 360810805, 0.72, 2.50, 0.65, 4099.48111
2016-05-25, 3, zhong_du, 7.58, 6.82, -4.62, 7.15, 7.19, 7.23, 6.75, 1034768.78, 717589550, 1.47, 6.71, 1.32, 911.07106
2016-05-26, 3, zhong_du, 7.57, 6.69, -1.91, 6.82, 6.74, 6.81, 6.52, 820943.06, 544208595, 1.17, 4.25, 1.05, 643.785
2016-05-27, 3, zhong_du, 7.57, 6.69, 0.00, 6.69, 6.68, 6.78, 6.59, 566377.97, 378972463, 0.81, 2.84, 0.72, 4160.3899
2016-05-30, 2, qing_du, 7.56, 6.55, -2.09, 6.69, 6.64, 6.64, 6.50, 445023.32, 292119545, 0.63, 2.09, 0.57, 521.76809
2016-05-31, 2, qing_du, 7.55, 6.84, 4.43, 6.55, 6.52, 6.87, 6.52, 808443.51, 547586504, 1.15, 5.34, 1.03, 1998.0979
2016-06-01, 2, qing_du, 7.54, 6.85, 0.15, 6.84, 6.85, 6.89, 6.77, 721327.04, 492584114, 1.03, 1.75, 0.92, 3939.87703
2016-06-02, 2, qing_du, 7.54, 7.11, 3.80, 6.85, 6.85, 7.15, 6.82, 921087.3, 649645002, 1.31, 4.82, 1.18, 757.86495
2016-06-03, 3, zhong_du, 7.53, 7.07, -0.56, 7.11, 7.09, 7.13, 6.95, 670965.85, 471819540, 0.96, 2.53, 0.86, 1518.48292
2016-06-06, 3, zhong_du, 7.53, 7.22, 2.12, 7.07, 7.25, 7.58, 7.17, 1068843.85, 782311399, 1.52, 5.80, 1.36, 840.32702
2016-06-07, 3, zhong_du, 7.53, 7.25, 0.42, 7.22, 7.20, 7.26, 7.11, 415588.66, 298241308, 0.59, 2.08, 0.53, 2511.17015
2016-06-08, 3, zhong_du, 7.52, 7.10, -2.07, 7.25, 7.23, 7.23, 7.00, 576863.99, 408468831, 0.82, 3.17, 0.74, 810.67801
2016-06-13, 3, zhong_du, 7.52, 6.83, -3.80, 7.10, 7.00, 7.14, 6.80, 634823.73, 443463332, 0.90, 4.79, 0.81, 800.40097
2016-06-14, 3, zhong_du, 7.51, 6.87, 0.59, 6.83, 6.80, 6.95, 6.70, 419164.06, 285484031, 0.60, 3.66, 0.54, 4691.0069
2016-06-15, 3, zhong_du, 7.51, 7.05, 2.62, 6.87, 6.78, 7.10, 6.72, 519100.37, 361874718, 0.74, 5.53, 0.66, 4222.46504
2016-06-16, 3, zhong_du, 7.51, 6.92, -1.84, 7.05, 7.01, 7.18, 6.86, 640291.94, 449786158, 0.91, 4.54, 0.82, 937.5751
2016-06-17, 3, zhong_du, 7.50, 7.12, 2.89, 6.92, 7.05, 7.31, 7.05, 781809.17, 560517438, 1.11, 3.76, 1.00, 3383.53491
2016-06-20, 3, zhong_du, 7.50, 7.12, 2.89, 6.92, 7.05, 7.31, 7.05, 781809.17, 560517438, 1.11, 3.76, 1.00, 728.127
2016-06-21, 3, zhong_du, 7.50, 7.21, -1.10, 7.29, 7.31, 7.34, 7.12, 452124.12, 327286003, 0.64, 3.02, 0.58, 1227.86903
2016-06-22, 4, gao_du, 7.50, 7.24, 0.42, 7.21, 7.14, 7.26, 7.09, 407380.72, 292012047, 0.58, 2.36, 0.52, 2788.34796
2016-06-23, 4, gao_du, 7.49, 7.10, -1.93, 7.24, 7.16, 7.17, 7.06, 480997.34, 342085352, 0.68, 1.52, 0.61, 2846.84396
2016-06-24, 3, zhong_du, 7.49, 7.02, -1.13, 7.10, 7.10, 7.16, 6.80, 517647.74, 362957387, 0.74, 5.07, 0.66, 1353.97696
2016-06-27, 3, zhong_du, 7.49, 7.11, 1.28, 7.02, 6.96, 7.18, 6.93, 405119.61, 286831285, 0.58, 3.56, 0.52, 1898.89693
2016-06-28, 3, zhong_du, 7.48, 7.06, -0.70, 7.11, 7.10, 7.10, 6.89, 584827.99, 408538569, 0.83, 2.95, 0.75, 1029.66499
2016-06-30, 2, qing_du, 7.48, 7.06, -0.42, 7.09, 7.11, 7.15, 7.01, 351398.96, 247953029, 0.50, 1.97, 0.45, 2476.61304
2016-07-01, 2, qing_du, 7.39, 6.97, -0.14, 6.98, 7.00, 7.07, 6.93, 305005.49, 213439636, 0.43, 2.01, 0.39, 589.56289
2016-07-04, 2, qing_du, 7.39, 7.06, 1.29, 6.97, 6.91, 7.12, 6.90, 728604.98, 512064337, 1.04, 3.16, 0.93, 837.47697
2016-07-05, 3, zhong_du, 7.39, 7.50, 6.23, 7.06, 7.07, 7.66, 7.07, 1584436.78, 1173862947, 2.26, 8.36, 2.02, 2560.49514
2016-07-06, 3, zhong_du, 7.39, 7.43, -0.93, 7.50, 7.44, 7.48, 7.28, 640834.07, 471845903, 0.91, 2.67, 0.82, 18578.03488
2016-07-07, 4, gao_du, 7.39, 7.54, 1.48, 7.43, 7.35, 7.76, 7.35, 922304, 699317376, 1.31, 5.52, 1.18, 2469.4221
2016-07-08, 4, gao_du, 7.39, 7.50, -0.53, 7.54, 7.60, 7.83, 7.48, 878969.96, 674543978, 1.25, 4.64, 1.12, 662.23192
2016-07-11, 4, gao_du, 7.40, 7.56, 0.80, 7.50, 7.50, 7.80, 7.34, 652095.51, 492811080, 0.93, 6.13, 0.83, 718.5359
2016-07-12, 5, qiang_lie, 7.41, 8.32, 10.05, 7.56, 7.57, 8.32, 7.57, 1927177.01, 1552151514, 2.74, 9.92, 2.47, 14483.15716
2016-07-13, 5, qiang_lie, 7.45, 8.62, 3.61, 8.32, 8.70, 8.79, 8.44, 1889102.42, 1626624929, 2.69, 4.21, 2.41, 692.96408
2016-07-14, 5, qiang_lie, 7.46, 8.37, -2.90, 8.62, 8.60, 8.65, 8.20, 1283023.58, 1075650282, 1.83, 5.22, 1.64, 2676.57113
2016-07-15, 5, qiang_lie, 7.47, 8.42, 0.60, 8.37, 8.37, 8.50, 8.28, 818678.55, 688440600, 1.17, 2.63, 1.04, 674.88885
2016-07-18, 5, qiang_lie, 7.49, 8.45, 0.36, 8.42, 8.29, 8.65, 8.26, 1097215.33, 934967513, 1.56, 4.63, 1.40, 685.85205
2016-07-19, 5, qiang_lie, 7.50, 8.18, -3.20, 8.45, 8.38, 8.40, 8.01, 870707.55, 709105780, 1.24, 4.62, 1.11, 2506.31094
2016-07-20, 5, qiang_lie, 7.50, 8.12, -0.73, 8.18, 8.16, 8.20, 8.09, 358749.93, 291881438, 0.51, 1.34, 0.46, 581.50792
2016-07-21, 5, qiang_lie, 7.51, 8.17, 0.49, 8.13, 8.15, 8.35, 8.11, 519044.37, 425803093, 0.74, 2.95, 0.66, 699.95403
2016-07-22, 4, gao_du, 7.51, 7.92, -3.06, 8.17, 8.23, 8.24, 7.88, 642039.18, 514280151, 0.91, 4.41, 0.82, 2454.33187
2016-07-25, 4, gao_du, 7.51, 7.90, -0.25, 7.92, 7.93, 7.97, 7.82, 528704.4, 417161135, 0.75, 1.89, 0.67, 4660.44188
2016-07-26, 4, gao_du, 7.52, 8.19, 3.67, 7.90, 7.90, 8.23, 7.89, 847929.99, 688022258, 1.21, 4.30, 1.08, 765.14792
2016-07-27, 4, gao_du, 7.53, 8.26, 0.85, 8.19, 8.20, 8.40, 7.91, 1093125.29, 892312263, 1.56, 5.98, 1.40, 5249.93587
2016-07-28, 4, gao_du, 7.55, 8.54, 3.39, 8.26, 8.10, 8.91, 8.07, 1301182.48, 1109614716, 1.85, 10.17, 1.66, 2552.23703
2016-07-29, 5, qiang_lie, 7.56, 8.48, -0.70, 8.54, 8.57, 8.73, 8.40, 770826.55, 659653193, 1.10, 3.86, 0.98, 14527.76694
2016-08-01, 5, qiang_lie, 7.57, 8.21, -3.18, 8.48, 8.47, 8.47, 8.00, 830125.56, 677773947, 1.18, 5.54, 1.06, 3959.2762
2016-08-02, 5, qiang_lie, 7.57, 8.19, -0.24, 8.21, 8.30, 8.34, 8.05, 583802.01, 476449964, 0.83, 3.53, 0.75, 14246.78802
2016-08-03, 5, qiang_lie, 7.58, 8.35, 1.95, 8.19, 8.18, 8.36, 8.15, 754523.52, 622103913, 1.07, 2.56, 1.07, 1052.92892
2016-08-04, 5, qiang_lie, 7.59, 8.12, -2.75, 8.35, 8.24, 8.26, 8.06, 799018.37, 648330525, 1.14, 2.40, 1.17, 14194.59605
2016-08-05, 4, gao_du, 7.59, 7.96, -1.97, 8.12, 8.05, 8.08, 7.88, 1008954.28, 802462095, 1.44, 2.46, 1.47, 498.27003
2016-08-08, 4, gao_du, 7.60, 7.91, -0.63, 7.96, 7.84, 7.92, 7.72, 856329.01, 668893984, 1.22, 2.51, 1.11, 3936.47194
2016-08-09, 4, gao_du, 7.60, 7.96, 0.63, 7.91, 7.83, 7.99, 7.81, 624394.29, 493452040, 0.89, 2.28, 0.78, 18172.23191
2016-08-10, 3, zhong_du, 7.60, 7.93, -0.38, 7.96, 7.94, 8.04, 7.89, 538792.5, 427765500, 0.77, 1.88, 0.67, 522.75109
2016-08-11, 3, zhong_du, 7.60, 7.77, -2.02, 7.93, 7.96, 8.01, 7.75, 771765.23, 605958475, 1.10, 3.28, 1.01, 2422.45102
2016-08-15, 3, zhong_du, 7.62, 8.18, 3.94, 7.87, 7.85, 8.25, 7.82, 1411741.41, 1139070400, 2.01, 5.46, 2.08, 573.17901
2016-08-16, 3, zhong_du, 7.62, 8.10, -1.10, 8.19, 8.17, 8.29, 8.04, 1065830.51, 867724359, 1.52, 3.05, 1.34, 2710.58393
2016-08-17, 4, gao_du, 7.63, 7.98, -1.48, 8.10, 8.08, 8.08, 7.91, 885351.1, 706391464, 1.26, 2.10, 1.00, 14574.49102
2016-08-18, 4, gao_du, 7.63, 7.98, 0.00, 7.98, 7.97, 8.05, 7.89, 733621.59, 582466213, 1.04, 2.01, 0.77, 14384.43112
2016-08-19, 3, zhong_du, 7.64, 7.84, -1.75, 7.98, 7.92, 7.93, 7.76, 767746.9, 601899932, 1.09, 2.13, 0.81, 481.64916
2016-08-22, 3, zhong_du, 7.64, 7.78, -0.77, 7.84, 7.85, 7.85, 7.71, 599452.42, 465042559, 0.85, 1.79, 0.61, 2751.69611
2016-08-23, 3, zhong_du, 7.64, 7.75, -0.39, 7.78, 7.79, 7.83, 7.70, 591044.73, 458758862, 0.84, 1.67, 0.73, 680.84502
2016-08-24, 2, qing_du, 7.64, 7.72, -0.39, 7.75, 7.75, 7.76, 7.68, 518501.7, 399898414, 0.74, 1.03, 0.72, 4737.00595
2016-08-25, 2, qing_du, 7.64, 7.67, -0.78, 7.73, 7.73, 7.73, 7.56, 531015.57, 405366218, 0.76, 2.20, 0.83, 2582.18908
2016-08-26, 2, qing_du, 7.64, 7.70, 0.39, 7.67, 7.67, 7.75, 7.64, 423618.18, 326490892, 0.60, 1.43, 0.70, 548.36583
2016-08-29, 1, wei_ruo, 7.64, 7.69, -0.13, 7.70, 7.70, 7.72, 7.65, 325274.54, 250107246, 0.46, 0.91, 0.61, 850.564
2016-08-30, 1, wei_ruo, 7.64, 7.42, -3.51, 7.69, 7.62, 7.65, 7.40, 1347340.95, 1007214415, 1.92, 3.25, 2.82, 540.8299
2016-08-31, 1, wei_ruo, 7.63, 7.25, -2.29, 7.42, 7.38, 7.39, 7.20, 410778.77, 298891026, 0.58, 2.56, 3.64, 670.96806
2016-09-01, 1, wei_ruo, 7.63, 7.29, -0.41, 7.32, 7.32, 7.37, 7.26, 480457.42, 351154322, 0.68, 1.50, 0.67, 641.86001
2016-09-02, 1, wei_ruo, 7.63, 7.38, 1.23, 7.29, 7.29, 7.38, 7.26, 548161.08, 400705234, 0.78, 1.65, 0.76, 2745.52989
2016-09-05, 1, wei_ruo, 7.63, 7.25, -2.29, 7.42, 7.38, 7.39, 7.20, 410778.77, 298891026, 0.58, 2.56, 3.64, 702.02398
2016-09-06, 1, wei_ruo, 7.63, 7.25, -2.29, 7.42, 7.38, 7.39, 7.20, 410778.77, 298891026, 0.58, 2.56, 3.64, 3701.2651
2016-09-07, 1, wei_ruo, 7.63, 7.25, -2.29, 7.42, 7.38, 7.39, 7.20, 410778.77, 298891026, 0.58, 2.56, 3.64, 607.07593
2016-09-08, 1, wei_ruo, 7.63, 7.25, -2.29, 7.42, 7.38, 7.39, 7.20, 410778.77, 298891026, 0.58, 2.56, 3.64, 563.5488
2016-09-09, 1, wei_ruo, 7.63, 7.25, -0.96, 7.32, 7.28, 7.32, 7.24, 297353.91, 216293067, 0.42, 1.09, 0.41, 2985.60405
2016-09-12, 1, wei_ruo, 7.63, 7.11, -1.93, 7.25, 7.16, 7.16, 6.96, 840974.23, 593797084, 1.20, 2.76, 1.17, 609.21383
2016-09-13, 1, wei_ruo, 7.63, 7.11, 0.00, 7.11, 7.10, 7.13, 7.07, 236812.5, 168004562, 0.34, 0.84, 0.33, 2603.055
2016-09-14, 1, wei_ruo, 7.63, 7.25, -2.29, 7.42, 7.38, 7.39, 7.20, 410778.77, 298891026, 0.58, 2.56, 3.64, 557.27196
2016-09-19, 1, wei_ruo, 7.63, 7.11, 0.42, 7.08, 7.10, 7.14, 7.08, 236215.18, 167785273, 0.34, 0.85, 0.33, 1084.9781
2016-09-20, 1, wei_ruo, 7.63, 7.08, -0.42, 7.11, 7.12, 7.13, 7.03, 202620.8, 143199210, 0.29, 1.41, 0.28, 4560.63819
2016-09-21, 1, wei_ruo, 7.63, 7.11, 0.42, 7.08, 7.08, 7.12, 7.05, 198856.3, 140898786, 0.28, 0.99, 0.28, 645.02001
2016-09-22, 1, wei_ruo, 7.63, 7.24, 1.83, 7.11, 7.13, 7.24, 7.10, 597998.61, 429510506, 0.85, 1.97, 0.83, 619.32588
2016-09-23, 1, wei_ruo, 7.63, 7.16, -1.10, 7.24, 7.22, 7.22, 7.14, 290495.64, 208196844, 0.41, 1.10, 0.40, 619.06719
2016-09-26, 1, wei_ruo, 7.63, 7.03, -1.95, 7.17, 7.15, 7.22, 7.00, 377731.11, 269193194, 0.54, 3.07, 0.53, 738.20996
2016-09-27, 1, wei_ruo, 7.63, 7.06, 0.43, 7.03, 7.02, 7.07, 6.98, 271520.69, 190797393, 0.39, 1.28, 0.38, 711.34996
2016-09-28, 1, wei_ruo, 7.63, 7.15, 1.27, 7.06, 7.07, 7.19, 7.02, 396505.74, 282750177, 0.56, 2.41, 0.55, 4640.64598
2016-09-29, 1, wei_ruo, 7.63, 7.05, -1.40, 7.15, 7.09, 7.12, 7.03, 467001.44, 329994828, 0.66, 1.26, 0.65, 2202.53301
2016-09-30, 1, wei_ruo, 7.63, 7.00, -0.71, 7.05, 7.03, 7.05, 6.98, 520000.56, 364390815, 0.74, 0.99, 0.72, 2682.22904
2016-10-10, 1, wei_ruo, 7.63, 7.06, 0.86, 7.00, 7.00, 7.07, 6.97, 461257.48, 323946721, 0.66, 1.43, 0.64, 615.03196
2016-10-11, 1, wei_ruo, 7.63, 7.15, 1.27, 7.06, 7.10, 7.21, 7.09, 758854.85, 542914588, 1.08, 1.70, 1.06, 925.6041
2016-10-12, 1, wei_ruo, 7.63, 7.11, -0.56, 7.15, 7.14, 7.15, 7.07, 331956.68, 236003407, 0.47, 1.12, 0.46, 948.00186
2016-10-13, 1, wei_ruo, 7.63, 7.10, -0.14, 7.11, 7.11, 7.13, 7.07, 266294.88, 188873868, 0.38, 0.84, 0.37, 3375.63491
2016-10-14, 1, wei_ruo, 7.56, 7.28, 2.54, 7.10, 7.09, 7.30, 7.05, 708021.12, 509062739, 1.01, 3.52, 0.98, 585.02817
2016-10-17, 1, wei_ruo, 7.56, 7.18, -1.37, 7.28, 7.26, 7.27, 7.12, 590575.72, 425858223, 0.84, 2.06, 0.82, 801.78499
2016-10-18, 1, wei_ruo, 7.56, 7.26, 1.11, 7.18, 7.15, 7.28, 7.15, 523752.95, 378715014, 0.75, 1.81, 0.73, 2514.11009
2016-10-19, 1, wei_ruo, 7.56, , , , , , , , , , , , 546.89407
2016-10-20, 1, wei_ruo, 7.55, 7.35, 0.00, 7.35, 7.30, 7.41, 7.27, 578821.32, 424898465, 0.82, 1.90, 0.66, 2733.06608
2016-10-21, 1, wei_ruo, 7.55, 7.21, -1.90, 7.35, 7.34, 7.35, 7.15, 737802.33, 533872013, 1.05, 2.72, 0.81, 2305.19485
2016-10-24, 1, wei_ruo, 7.55, 7.25, 0.42, 7.22, 7.20, 7.30, 7.16, 638042.44, 462005487, 0.91, 1.94, 0.79, 637.39395
2016-10-25, 1, wei_ruo, 7.55, 7.21, -0.41, 7.24, 7.23, 7.26, 7.16, 542234.41, 389865572, 0.77, 1.38, 0.67, 3034.84607
2016-10-26, 1, wei_ruo, 7.54, 7.16, -0.69, 7.21, 7.20, 7.20, 7.13, 379840.2, 271753589, 0.54, 0.97, 0.47, 2452.70705
2016-10-27, 1, wei_ruo, 7.54, 7.12, -0.56, 7.16, 7.13, 7.16, 7.09, 349259.55, 248402349, 0.50, 0.98, 0.43, 2679.54111
2016-10-28, 1, wei_ruo, 7.54, 7.09, -0.42, 7.12, 7.16, 7.17, 7.08, 336950.64, 239721249, 0.48, 1.26, 0.42, 2704.60391
2016-10-31, 1, wei_ruo, 7.54, 7.16, 0.99, 7.09, 7.12, 7.19, 7.10, 466624.52, 334115985, 0.66, 1.27, 0.58, 594.14101
2016-11-01, 1, wei_ruo, 7.53, 7.17, 0.00, 7.17, 7.19, 7.20, 7.13, 352991.08, 252920427, 0.50, 0.98, 0.44, 2565.00387
2016-11-02, 1, wei_ruo, 7.53, 7.08, -1.39, 7.18, 7.16, 7.21, 7.07, 682474.38, 486555151, 0.97, 1.95, 0.85, 501.49488
2016-11-03, 1, wei_ruo, 7.53, 7.25, 2.40, 7.08, 7.08, 7.33, 7.06, 1068393.33, 770419668, 1.52, 3.81, 1.33, 582.44014
2016-11-04, 1, wei_ruo, 7.52, 7.16, -1.24, 7.25, 7.23, 7.26, 7.14, 501611.05, 360973645, 0.71, 1.66, 0.62, 458.51398
2016-11-07, 1, wei_ruo, 7.52, 7.15, -0.14, 7.16, 7.17, 7.19, 7.10, 314041.27, 224483151, 0.45, 1.26, 0.39, 679.62694
2016-11-08, 1, wei_ruo, 7.52, 7.14, -0.14, 7.15, 7.17, 7.19, 7.12, 422287.98, 301545442, 0.60, 0.98, 0.52, 407.60303
2016-11-09, 1, wei_ruo, 7.52, 7.08, -0.84, 7.14, 7.14, 7.14, 7.00, 567325.74, 401508030, 0.81, 1.96, 0.70, 1094.50293
2016-11-10, 1, wei_ruo, 7.51, 7.19, 1.55, 7.08, 7.09, 7.22, 7.09, 774925.83, 555240933, 1.10, 1.84, 0.96, 795.90011
2016-11-11, 1, wei_ruo, 7.51, 7.27, 1.11, 7.19, 7.17, 7.34, 7.13, 1114652.09, 806669315, 1.59, 2.92, 1.38, 805.43303
2016-11-14, 1, wei_ruo, 7.51, 7.43, 2.20, 7.27, 7.29, 7.52, 7.27, 1735556.85, 1287233563, 2.47, 3.44, 2.15, 483.48093
2016-11-15, 1, wei_ruo, 7.51, 7.46, 0.27, 7.44, 7.47, 7.69, 7.43, 1697256.24, 1281700028, 2.42, 3.49, 2.11, 537.17518
2016-11-16, 2, qing_du, 7.50, 7.50, 0.81, 7.44, 7.47, 7.69, 7.44, 1310542.6, 992842558, 1.87, 3.36, 3.25, 477.96702
2016-11-17, 3, zhong_du, 7.51, 7.36, -1.47, 7.47, 7.40, 7.45, 7.33, 699037.35, 514875028, 1.00, 1.61, 1.73, 570.09315
2016-11-18, 3, zhong_du, 7.51, 7.36, -1.47, 7.47, 7.40, 7.45, 7.33, 699037.35, 514875028, 1.00, 1.61, 1.73, 654.97112
2016-11-21, 3, zhong_du, 7.51, 7.51, 0.81, 7.45, 7.41, 7.60, 7.36, 938634.38, 703195244, 1.34, 3.22, 1.16, 407.36508
2016-11-22, 3, zhong_du, 7.51, 7.52, 0.13, 7.51, 7.46, 7.55, 7.40, 1167084.83, 872318655, 1.66, 2.00, 1.45, 833.73284
2016-11-23, 3, zhong_du, 7.51, 7.46, -0.80, 7.52, 7.52, 7.55, 7.43, 859707.25, 644353466, 1.22, 1.60, 1.07, 558.64501
2016-11-24, 3, zhong_du, 7.51, 7.42, -0.54, 7.46, 7.43, 7.49, 7.36, 777641.55, 576555183, 1.11, 1.74, 0.96, 586.43603
2016-11-25, 3, zhong_du, 7.50, 7.45, 0.40, 7.42, 7.42, 7.48, 7.33, 750848.76, 556082537, 1.07, 2.02, 0.93, 568.44306
2016-11-28, 3, zhong_du, 7.51, 7.57, 1.61, 7.45, 7.49, 7.64, 7.41, 1534225.94, 1156278835, 2.18, 3.09, 1.90, 492.94019
2016-11-29, 3, zhong_du, 7.51, 7.76, 2.51, 7.57, 7.51, 7.91, 7.50, 2756642, 2136126711, 3.93, 5.42, 3.42, 430.8598
2016-11-30, 3, zhong_du, 7.52, 7.74, -0.26, 7.76, 7.79, 7.85, 7.63, 1420289.78, 1096696516, 2.02, 2.84, 1.76, 1368.51811
2016-12-01, 4, gao_du, 7.52, 7.76, 0.26, 7.74, 7.63, 7.85, 7.56, 1624625.27, 1253825182, 2.31, 3.75, 2.02, 459.44405
2016-12-02, 4, gao_du, 7.53, 7.57, -2.45, 7.76, 7.73, 7.88, 7.57, 1692752.83, 1305714782, 2.41, 3.99, 2.10, 668.52808
2016-12-05, 4, gao_du, 7.53, 7.49, -1.06, 7.57, 7.44, 7.66, 7.40, 1007324.81, 756902445, 1.43, 3.43, 1.25, 739.70604
2016-12-06, 3, zhong_du, 7.52, 7.29, -2.54, 7.48, 7.49, 7.53, 7.29, 963415.62, 708710651, 1.37, 3.21, 1.19, 1291.09097
2016-12-07, 2, qing_du, 7.52, 7.32, 0.41, 7.29, 7.31, 7.33, 7.21, 670388.21, 487526476, 0.95, 1.65, 0.83, 481.17399
2016-12-08, 2, qing_du, 7.52, 7.30, -0.27, 7.32, 7.32, 7.41, 7.28, 608924.88, 447108196, 0.87, 1.78, 0.76, 619.23003
2016-12-09, 2, qing_du, 7.52, 7.29, -0.14, 7.30, 7.29, 7.33, 7.22, 575244.22, 418340213, 0.82, 1.51, 0.71, 901.54195
2016-12-12, 1, wei_ruo, 7.51, 7.04, -3.43, 7.29, 7.27, 7.27, 7.00, 1067458.33, 757266546, 1.52, 3.70, 1.32, 524.62792
2016-12-13, 1, wei_ruo, 7.51, 6.95, -1.28, 7.04, 7.02, 7.03, 6.81, 731362.36, 506646722, 1.04, 3.13, 0.91, 917.53292
2016-12-14, 1, wei_ruo, 7.50, 6.86, -1.29, 6.95, 6.94, 6.94, 6.84, 376647.1, 259339152, 0.54, 1.44, 0.47, 576.57599
2016-12-15, 1, wei_ruo, 7.50, 6.79, -1.02, 6.86, 6.85, 6.93, 6.74, 601439.07, 411006573, 0.86, 2.77, 0.75, 638.30495
2016-12-16, 1, wei_ruo, 7.49, 6.82, 0.44, 6.79, 6.79, 6.85, 6.78, 306197.99, 208711803, 0.44, 1.03, 0.38, 592.14306
2016-12-19, 1, wei_ruo, 7.49, 6.87, 0.73, 6.82, 6.83, 6.95, 6.81, 438246.82, 301715600, 0.62, 2.05, 0.54, 642.452
2016-12-20, 1, wei_ruo, 7.49, 6.84, -0.44, 6.87, 6.85, 6.86, 6.77, 310306.85, 211159453, 0.44, 1.31, 0.38, 1019.51599
2016-12-21, 1, wei_ruo, 7.48, 7.21, 5.41, 6.84, 6.89, 7.34, 6.86, 1711456.66, 1225709693, 2.44, 7.02, 2.12, 591.23492
2016-12-22, 1, wei_ruo, 7.47, 7.15, -0.83, 7.21, 7.13, 7.30, 7.11, 1036215.76, 744776616, 1.48, 2.64, 1.29, 503.23009
2016-12-23, 1, wei_ruo, 7.47, 7.13, -0.28, 7.15, 7.11, 7.21, 7.06, 692211.63, 493834619, 0.99, 2.10, 0.86, 458.68802
2016-12-26, 1, wei_ruo, 7.47, 7.07, -0.84, 7.13, 7.08, 7.09, 6.96, 436649.72, 306358529, 0.62, 1.82, 0.54, 588.59992
2016-12-27, 1, wei_ruo, 7.47, 7.03, -0.57, 7.07, 7.08, 7.12, 7.03, 251307.02, 177414529, 0.36, 1.27, 0.31, 530.89809
2016-12-28, 1, wei_ruo, 7.46, 6.97, -0.85, 7.03, 7.02, 7.05, 6.95, 302707.32, 211335701, 0.43, 1.42, 0.38, 569.28396
2016-12-30, 1, wei_ruo, 7.46, 7.02, 0.43, 6.99, 7.00, 7.02, 6.94, 281342.61, 196523487, 0.40, 1.14, 0.35, 557.796
2017-01-03, 1, wei_ruo, 7.46, 7.02, 0.43, 6.99, 7.00, 7.02, 6.94, 281342.61, 196523487, 0.40, 1.14, 0.35, 4601.76396
2017-01-04, 1, wei_ruo, 7.46, 7.10, 1.00, 7.03, 7.04, 7.12, 7.00, 457105.06, 323682803, 0.65, 1.71, 0.57, 602.00691
2017-01-05, 1, wei_ruo, 7.45, 7.16, 0.85, 7.10, 7.16, 7.23, 7.13, 569107.38, 408259281, 0.81, 1.41, 0.71, 479.27809
2017-01-06, 1, wei_ruo, 7.45, 7.15, -0.14, 7.16, 7.16, 7.22, 7.13, 424459.59, 304406724, 0.60, 1.26, 0.53, 923.83695
2017-01-09, 1, wei_ruo, 7.45, 7.18, 0.42, 7.15, 7.13, 7.23, 7.06, 418441.81, 298849284, 0.60, 2.38, 0.52, 678.60103
2017-01-10, 1, wei_ruo, 7.46, 7.71, 7.38, 7.18, 7.15, 7.90, 7.13, 3463935.02, 2671633424, 4.93, 10.72, 4.30, 1250.02599
2017-01-11, 2, qing_du, 7.46, 7.27, 1.25, 7.18, 7.15, 7.27, 7.13, 245812.73, 177185436, 0.35, 1.95, 0.61, 718.22405
2017-01-13, 2, qing_du, 7.45, 7.25, 0.00, 7.25, 7.25, 7.32, 7.22, 792754.12, 575909963, 1.13, 1.38, 0.98, 811.94401
2017-01-16, 2, qing_du, 7.45, 7.27, 1.25, 7.18, 7.15, 7.27, 7.13, 245812.73, 177185436, 0.35, 1.95, 0.61, 2612.71214
2017-01-17, 1, wei_ruo, 7.45, 7.27, 1.25, 7.18, 7.15, 7.27, 7.13, 245812.73, 177185436, 0.35, 1.95, 0.61, 551.37396
2017-01-18, 1, wei_ruo, 7.44, 7.29, 0.55, 7.25, 7.27, 7.38, 7.24, 745357.19, 545306121, 1.06, 1.93, 0.92, 2514.30416
2017-02-07, 1, wei_ruo, 7.44, 7.20, 0.00, 7.20, 7.20, 7.24, 7.17, 170911.25, 123281061, 0.24, 0.97, 0.49, 615.6981
2017-02-08, 1, wei_ruo, 7.43, 7.24, 0.56, 7.20, 7.20, 7.27, 7.17, 463387.98, 335031941, 0.66, 1.39, 0.57, 606.64201
2017-02-09, 1, wei_ruo, 7.43, 7.26, 0.28, 7.24, 7.24, 7.29, 7.22, 651512.28, 472695384, 0.93, 0.97, 0.81, 566.51211
2017-02-10, 1, wei_ruo, 7.43, 7.35, 1.24, 7.26, 7.27, 7.37, 7.23, 1045123.67, 764278459, 1.49, 1.93, 1.30, 897.12906
2017-02-13, 1, wei_ruo, 7.43, 7.39, 0.54, 7.35, 7.33, 7.42, 7.30, 939769.73, 691920982, 1.34, 1.63, 1.17, 4688.05194
2017-02-14, 2, qing_du, 7.43, 7.38, -0.14, 7.39, 7.41, 7.47, 7.36, 821148.54, 607760996, 1.17, 1.49, 1.02, 641.9549
2017-02-15, 2, qing_du, 7.43, 7.45, 0.95, 7.38, 7.39, 7.84, 7.38, 1714276.71, 1292088114, 2.44, 6.23, 2.13, 4766.04295
2017-02-16, 2, qing_du, 7.43, 7.57, 1.61, 7.45, 7.44, 7.61, 7.41, 1228466.11, 920493802, 1.75, 2.68, 1.52, 837.51607
2017-02-17, 2, qing_du, 7.44, 7.45, -1.59, 7.57, 7.55, 7.65, 7.41, 1115579.69, 841528475, 1.59, 3.17, 1.38, 1027.9808
2017-02-20, 3, zhong_du, 7.44, 7.45, -1.59, 7.57, 7.55, 7.65, 7.41, 1115579.69, 841528475, 1.59, 3.17, 1.38, 667.07897
2017-02-21, 3, zhong_du, 7.45, 7.45, -1.59, 7.57, 7.55, 7.65, 7.41, 1115579.69, 841528475, 1.59, 3.17, 1.38, 664.76822
2017-02-22, 3, zhong_du, 7.45, 7.75, 0.26, 7.73, 7.76, 7.83, 7.68, 951304.82, 740242979, 1.35, 1.94, 1.18, 4741.79292
2017-02-23, 4, gao_du, 7.45, 7.65, -1.29, 7.75, 7.75, 7.81, 7.57, 825624.46, 633833868, 1.18, 3.10, 1.02, 4853.37281
2017-02-24, 4, gao_du, 7.46, 7.92, 3.53, 7.65, 7.60, 8.15, 7.56, 1942443.8, 1524211436, 2.77, 7.71, 2.41, 1034.54709
2017-02-27, 4, gao_du, 7.47, 7.63, -0.26, 7.65, 7.60, 7.68, 7.56, 167631, 127668175, 0.24, 1.57, 1.13, 3303.93982
2017-02-28, 4, gao_du, 7.47, 7.70, 0.13, 7.69, 7.67, 7.74, 7.66, 444585.64, 342101313, 0.63, 1.04, 0.55, 601.27306
2017-03-01, 3, zhong_du, 7.47, 7.79, 1.17, 7.70, 7.70, 7.93, 7.68, 1021219.06, 800024474, 1.45, 3.25, 1.27, 2222.40186
2017-03-02, 3, zhong_du, 7.48, 7.73, -0.77, 7.79, 7.82, 7.84, 7.72, 462564.98, 359222452, 0.66, 1.54, 0.57, 1039.52599
2017-03-03, 3, zhong_du, 7.48, 7.71, -0.26, 7.73, 7.68, 7.73, 7.60, 451589.91, 345273993, 0.64, 1.68, 0.56, 4998.45695
2017-03-06, 3, zhong_du, 7.48, 7.80, 1.17, 7.71, 7.72, 7.84, 7.66, 638187.9, 494295087, 0.91, 2.33, 0.79, 677.82617
2017-03-07, 3, zhong_du, 7.48, 7.75, 0.13, 7.74, 7.71, 7.79, 7.64, 401311.39, 308861580, 0.57, 1.94, 1.00, 2728.62506
2017-03-08, 3, zhong_du, 7.48, 7.71, -0.39, 7.74, 7.71, 7.79, 7.64, 544747.35, 419359695, 0.78, 1.94, 0.68, 734.79009
2017-03-09, 3, zhong_du, 7.49, 7.70, -0.13, 7.71, 7.73, 7.81, 7.62, 604527.12, 466362379, 0.86, 2.46, 0.75, 562.96706
2017-03-10, 3, zhong_du, 7.49, 7.73, 0.39, 7.70, 7.75, 7.85, 7.70, 586848.86, 456161766, 0.84, 1.95, 0.73, 668.01286
2017-03-13, 3, zhong_du, 7.49, 7.77, 0.52, 7.73, 7.71, 7.84, 7.62, 746337.22, 577744129, 1.06, 2.85, 0.93, 671.08583
2017-03-14, 3, zhong_du, 7.49, 7.81, 0.51, 7.77, 7.79, 7.86, 7.77, 660962.97, 516493216, 0.94, 1.16, 0.82, 2625.98515
2017-03-15, 3, zhong_du, 7.50, 7.93, 1.54, 7.81, 7.83, 8.06, 7.82, 1537914.76, 1223570245, 2.19, 3.07, 1.91, 2609.11798
2017-03-16, 4, gao_du, 7.51, 7.96, 0.38, 7.93, 8.01, 8.06, 7.91, 811290.89, 646380009, 1.16, 1.89, 1.01, 581.09784
2017-03-17, 4, gao_du, 7.51, 7.85, -1.38, 7.96, 7.97, 7.98, 7.81, 635047.89, 501859209, 0.90, 2.14, 0.79, 627.78306
2017-03-20, 4, gao_du, 7.52, 7.76, -1.15, 7.85, 7.83, 7.86, 7.68, 542779.57, 420919655, 0.77, 2.29, 0.67, 653.27096
2017-03-21, 4, gao_du, 7.52, 7.76, 0.00, 7.76, 7.74, 7.81, 7.71, 406622.52, 315405764, 0.58, 1.29, 0.50, 601.41611
2017-03-22, 4, gao_du, 7.52, 7.88, 1.55, 7.76, 7.71, 7.92, 7.65, 866860.99, 676252185, 1.23, 3.48, 1.08, 667.95993
2017-03-28, 4, gao_du, 7.53, 7.94, 0.76, 7.88, 8.02, 8.22, 7.90, 1914844.97, 1542313771, 2.73, 4.06, 2.38, 687.25681
2017-03-29, 4, gao_du, 7.55, 8.19, 3.15, 7.94, 8.01, 8.24, 7.91, 1821422.51, 1477872788, 2.59, 4.16, 2.26, 546.80586
2017-03-30, 5, qiang_lie, 7.56, 8.20, 0.12, 8.19, 8.17, 8.33, 8.03, 1547113.15, 1265227343, 2.20, 3.66, 1.92, 712.7161
2017-03-31, 5, qiang_lie, 7.57, 8.06, -1.71, 8.20, 8.10, 8.16, 7.96, 1086531.1, 875376640, 1.55, 2.44, 1.35, 613.66105
2017-04-05, 5, qiang_lie, 7.58, 8.16, 1.24, 8.06, 8.04, 8.17, 7.90, 1092792.3, 880077390, 1.56, 3.35, 1.36, 678.28512
2017-04-06, 5, qiang_lie, 7.59, 8.18, 0.25, 8.16, 8.19, 8.22, 8.08, 1021277.66, 833167364, 1.45, 1.72, 1.27, 2651.77298
2017-04-07, 5, qiang_lie, 7.61, 8.25, 0.86, 8.18, 8.18, 8.54, 8.14, 1893423.05, 1583231154, 2.70, 4.89, 2.35, 655.87497
2017-04-10, 5, qiang_lie, 7.62, 8.34, 1.09, 8.25, 8.20, 8.49, 8.08, 1392438.87, 1151569328, 1.98, 4.97, 1.73, 653.27096
2017-04-11, 5, qiang_lie, 7.63, 8.45, 1.32, 8.34, 8.25, 8.47, 8.15, 1250086.15, 1039141601, 1.78, 3.84, 1.55, 634.97615
2017-04-12, 5, qiang_lie, 7.64, 8.28, -2.01, 8.45, 8.42, 8.44, 8.20, 871723.74, 725791190, 1.24, 2.84, 1.08, 572.2971
2017-04-13, 5, qiang_lie, 7.65, 8.26, -0.24, 8.28, 8.20, 8.36, 8.15, 499832.07, 413600819, 0.71, 2.54, 0.62, 714.20407
2017-04-14, 5, qiang_lie, 7.65, 8.16, -1.21, 8.26, 8.28, 8.31, 8.11, 690194.63, 565452486, 0.98, 2.42, 0.86, 685.3981
2017-04-17, 5, qiang_lie, 7.66, 8.17, 0.12, 8.16, 8.16, 8.23, 7.97, 552679.02, 449676789, 0.79, 3.19, 0.69, 638.14402
2017-04-18, 4, gao_du, 7.66, 8.11, -0.73, 8.17, 8.15, 8.28, 8.10, 448509.02, 367841442, 0.64, 2.20, 0.56, 710.83307
2017-04-19, 4, gao_du, 7.66, 8.06, -0.62, 8.11, 8.08, 8.16, 7.90, 660930.95, 529425541, 0.94, 3.21, 0.82, 670.825
2017-04-20, 4, gao_du, 7.66, 8.07, 0.12, 8.06, 8.03, 8.08, 7.94, 406714.67, 326051343, 0.58, 1.74, 0.50, 662.40883
2017-04-21, 3, zhong_du, 7.67, 8.14, 0.87, 8.07, 8.08, 8.15, 8.00, 475532.68, 383886641, 0.68, 1.86, 0.59, 639.50205
2017-04-24, 3, zhong_du, 7.67, 8.08, -0.74, 8.14, 8.15, 8.18, 7.89, 653989.03, 523290595, 0.93, 3.56, 0.81, 674.80803
2017-04-25, 3, zhong_du, 7.67, 7.87, -2.60, 8.08, 8.01, 8.08, 7.85, 464302.21, 368481337, 0.66, 2.85, 0.58, 672.83392
2017-04-26, 3, zhong_du, 7.67, 7.66, -2.67, 7.87, 7.86, 7.88, 7.59, 651240.16, 503433760, 0.93, 3.68, 0.81, 835.07705
2017-04-27, 2, qing_du, 7.67, 7.74, 1.04, 7.66, 7.60, 7.82, 7.45, 678670.63, 518125366, 0.97, 4.83, 0.84, 648.84186
2017-04-28, 2, qing_du, 7.67, 7.70, -0.52, 7.74, 7.71, 7.73, 7.62, 334354.97, 256356333, 0.48, 1.42, 0.41, 705.30796
2017-05-02, 1, wei_ruo, 7.67, 7.78, 1.04, 7.70, 7.65, 7.85, 7.62, 381609.23, 296808939, 0.54, 2.99, 0.47, 896.64507
2017-05-03, 2, qing_du, 7.67, 7.86, 1.03, 7.78, 7.76, 7.96, 7.74, 498882.46, 393417802, 0.71, 2.83, 0.62, 701.56503
2017-05-04, 2, qing_du, 7.68, 7.80, -0.76, 7.86, 7.85, 7.88, 7.75, 293398.12, 228998261, 0.42, 1.65, 0.36, 598.979
2017-05-05, 2, qing_du, 7.68, 7.91, 1.41, 7.80, 7.98, 8.12, 7.87, 777459.55, 621150633, 1.11, 3.21, 0.96, 710.77204
2017-05-11, 3, zhong_du, 7.69, 8.05, 1.77, 7.91, 7.81, 8.07, 7.69, 572727.72, 453965241, 0.82, 4.80, 0.71, 22652.32801
2017-05-12, 3, zhong_du, 7.69, 8.18, 1.61, 8.05, 8.05, 8.23, 8.02, 551994.84, 451141660, 0.79, 2.61, 0.68, 627.85912
2017-05-15, 3, zhong_du, 7.69, 8.17, -0.12, 8.18, 8.20, 8.33, 8.14, 413103.08, 340339668, 0.59, 2.32, 0.51, 690.01698
2017-05-17, 3, zhong_du, 7.70, 8.09, -1.22, 8.19, 8.15, 8.27, 8.07, 267421.45, 217807102, 0.38, 2.44, 0.33, 690.12785
2017-05-18, 3, zhong_du, 7.70, 8.09, 0.00, 8.09, 8.03, 8.16, 8.00, 230126.8, 185781493, 0.33, 1.98, 0.29, 619.40789
2017-05-19, 3, zhong_du, 7.70, 8.00, -1.11, 8.09, 8.09, 8.11, 7.95, 306082.9, 244977971, 0.44, 1.98, 0.38, 631.86312
2017-05-22, 3, zhong_du, 7.70, 8.09, 1.13, 8.00, 8.00, 8.10, 7.87, 253070.32, 202331858, 0.36, 2.88, 0.31, 635.50496
2017-05-23, 3, zhong_du, 7.70, 8.18, 1.11, 8.09, 8.09, 8.21, 7.91, 546037.8, 442279813, 0.78, 3.71, 0.68, 925.24695
2017-05-24, 3, zhong_du, 7.71, 8.19, 0.12, 8.18, 8.12, 8.23, 8.03, 350942.98, 286059427, 0.50, 2.44, 0.44, 642.47012
2017-05-25, 3, zhong_du, 7.71, 8.32, 1.59, 8.19, 8.15, 8.35, 8.13, 582044.55, 481777974, 0.83, 2.69, 0.72, 632.44796
2017-05-26, 3, zhong_du, 7.72, 8.50, 2.16, 8.32, 8.42, 8.78, 8.41, 1122954.44, 963511929, 1.60, 4.45, 1.39, 705.23095
2017-05-31, 4, gao_du, 7.73, 8.63, 1.53, 8.50, 8.54, 8.79, 8.47, 665701.55, 574770686, 0.95, 3.76, 0.83, 612.535
2017-06-01, 4, gao_du, 7.75, 8.80, 1.97, 8.63, 8.72, 8.95, 8.71, 1069531.29, 945076338, 1.52, 2.78, 1.33, 2678.12896
2017-06-02, 5, qiang_lie, 7.76, 8.67, -1.48, 8.80, 8.77, 8.88, 8.63, 586981.2, 513237975, 0.84, 2.84, 0.73, 19640.03801
2017-06-05, 5, qiang_lie, 7.76, 8.71, 0.46, 8.67, 8.63, 8.86, 8.63, 404274.79, 353941397, 0.58, 2.65, 0.50, 30743.47782
2017-06-06, 5, qiang_lie, 7.77, 8.76, 0.57, 8.71, 8.71, 8.78, 8.54, 507118.62, 438061086, 0.72, 2.76, 0.63, 2909.47008
2017-06-07, 5, qiang_lie, 7.78, 8.71, -0.57, 8.76, 8.70, 8.86, 8.63, 775340.82, 677977533, 1.10, 2.63, 0.96, 630.1899
2017-06-08, 5, qiang_lie, 7.80, 8.94, 2.64, 8.71, 8.85, 9.08, 8.81, 1039245.2, 932693375, 1.48, 3.10, 1.29, 522.16601
2017-06-09, 5, qiang_lie, 7.81, 9.02, 0.89, 8.94, 8.99, 9.06, 8.87, 521732.23, 468769582, 0.74, 2.13, 0.65, 910.12907
2017-06-12, 5, qiang_lie, 7.82, 9.08, 0.67, 9.02, 9.03, 9.18, 8.92, 599607.79, 543817391, 0.85, 2.88, 0.74, 682.53899
2017-06-13, 5, qiang_lie, 7.82, 8.98, -1.10, 9.08, 9.01, 9.06, 8.90, 367544.81, 328623170, 0.52, 1.76, 0.46, 4636.64103
2017-06-14, 5, qiang_lie, 7.83, 8.84, -1.56, 8.98, 8.99, 8.99, 8.68, 504848.8, 445313605, 0.72, 3.45, 0.63, 3023.85688
2017-06-15, 5, qiang_lie, 7.84, 8.89, 0.57, 8.84, 8.90, 8.97, 8.74, 579956.03, 513919383, 0.83, 2.60, 0.72, 616.52088
2017-06-16, 5, qiang_lie, 7.84, 8.89, 0.00, 8.89, 8.84, 8.91, 8.72, 365442.31, 322875103, 0.52, 2.14, 0.45, 657.40585
2017-06-19, 5, qiang_lie, 7.85, 9.08, 2.14, 8.89, 8.85, 9.18, 8.81, 573927.6, 518939642, 0.82, 4.16, 0.71, 812.49309
2017-06-20, 5, qiang_lie, 7.86, 8.93, -1.65, 9.08, 9.10, 9.10, 8.80, 578237.81, 515882337, 0.82, 3.30, 0.72, 654.63519
2017-06-21, 5, qiang_lie, 7.87, 8.94, 0.11, 8.93, 8.97, 9.03, 8.84, 441032.17, 394054177, 0.63, 2.13, 0.55, 2847.80002
2017-06-22, 5, qiang_lie, 7.88, 8.98, 0.45, 8.94, 8.93, 9.04, 8.92, 604252.92, 542222810, 0.86, 1.34, 0.75, 1539.52289
2017-06-23, 5, qiang_lie, 7.89, 8.86, -1.34, 8.98, 8.95, 8.95, 8.70, 591910.98, 521843319, 0.84, 2.78, 0.73, 1246.52696
2017-06-26, 5, qiang_lie, 7.90, 9.05, 2.14, 8.86, 8.87, 9.08, 8.83, 954367.58, 858363591, 1.36, 2.82, 1.18, 578.35388
2017-06-27, 5, qiang_lie, 7.92, 8.80, -2.76, 9.05, 8.98, 8.98, 8.71, 1186959.32, 1041481317, 1.69, 2.98, 1.47, 716.43186
2017-06-28, 5, qiang_lie, 7.92, 8.63, -1.93, 8.80, 8.75, 8.78, 8.60, 603195.5, 523195275, 0.86, 2.05, 0.75, 736.19008
2017-06-29, 5, qiang_lie, 7.93, 8.66, 0.35, 8.63, 8.63, 8.66, 8.52, 367800.37, 316093157, 0.52, 1.62, 0.46, 3618.91413
2017-06-30, 5, qiang_lie, 7.93, 8.70, 0.46, 8.66, 8.61, 8.72, 8.57, 268203.5, 232528375, 0.38, 1.73, 0.33, 2673.77806
2017-07-03, 5, qiang_lie, 7.94, 8.61, -1.03, 8.70, 8.68, 8.68, 8.46, 504309.37, 431814206, 0.72, 2.53, 0.63, 663.61094
2017-07-04, 4, gao_du, 7.94, 8.60, -0.12, 8.61, 8.57, 8.63, 8.41, 659704.96, 561656927, 0.94, 2.56, 0.82, 1017.57193
2017-07-05, 4, gao_du, 7.95, 8.65, 0.58, 8.60, 8.55, 8.67, 8.53, 404957.54, 348405350, 0.58, 1.63, 0.50, 764.52899
2017-07-06, 4, gao_du, 7.95, 8.64, -0.12, 8.65, 8.69, 8.71, 8.56, 333551.48, 287906039, 0.47, 1.73, 0.41, 1609.71189
2017-07-07, 4, gao_du, 7.95, 8.58, -0.69, 8.64, 8.66, 8.68, 8.50, 357974.3, 307207231, 0.51, 2.08, 0.44, 626.55497
2017-07-10, 4, gao_du, 7.96, 8.37, -2.45, 8.58, 8.57, 8.60, 8.36, 492860.75, 417488737, 0.70, 2.80, 0.61, 587.24308
2017-07-11, 3, zhong_du, 7.96, 8.38, 0.12, 8.37, 8.33, 8.43, 8.30, 399960.45, 334561977, 0.57, 1.55, 0.50, 662.73117
2017-07-12, 3, zhong_du, 7.96, 8.30, -0.95, 8.38, 8.35, 8.37, 8.20, 403393, 333352257, 0.57, 2.03, 0.50, 2569.57412
2017-07-13, 3, zhong_du, 7.96, 8.42, 1.45, 8.30, 8.30, 8.42, 8.28, 327238.96, 273940789, 0.47, 1.69, 0.41, 999.38607
2017-07-14, 3, zhong_du, --, 8.55, 1.54, 8.42, 8.43, 8.66, 8.41, 508458.51, 434602686, 0.72, 2.97, 0.63, 581.35414
2017-07-17, 3, zhong_du, --, 8.54, -0.12, 8.55, 8.55, 8.63, 8.28, 530126.23, 449496066, 0.75, 4.09, 0.66, 940.50598
2017-07-18, 3, zhong_du, --, 8.59, 0.59, 8.54, 8.49, 8.63, 8.46, 373725.97, 319920318, 0.53, 1.99, 0.46, 581.00915
2017-07-19, 3, zhong_du, --, 8.63, 0.47, 8.59, 8.60, 8.67, 8.44, 993929.89, 853482112, 1.42, 2.68, 1.23, 609.81679
2017-07-20, 3, zhong_du, --, 8.53, -1.16, 8.63, 8.66, 8.66, 8.49, 564161.07, 482743639, 0.80, 1.97, 0.70, 509.85193
2017-07-21, 3, zhong_du, --, 8.56, 0.35, 8.53, 8.50, 8.64, 8.47, 489682.16, 419129374, 0.70, 1.99, 0.61, 491.43386
2017-07-24, 2, qing_du, 7.99, 8.54, -0.23, 8.56, 8.57, 8.64, 8.49, 465984.11, 398412745, 0.66, 1.75, 0.58, 569.65899
2017-07-25, 2, qing_du, --, 8.31, -2.69, 8.54, 8.53, 8.53, 8.26, 694561.53, 578780083, 0.99, 3.16, 0.86, 692.662
2017-07-26, 1, wei_ruo, --, 7.98, -2.80, 8.21, 8.18, 8.18, 7.95, 766667.45, 615891603, 1.09, 2.80, 0.95, 681.41794
2017-07-27, 1, wei_ruo, 7.90, 8.04, 0.75, 7.98, 7.93, 8.06, 7.93, 349590.02, 279947890, 0.50, 1.63, 0.43, 682.28412
2017-07-28, 1, wei_ruo, 7.90, 8.01, -0.37, 8.04, 8.03, 8.07, 7.97, 229423.82, 184095574, 0.33, 1.24, 0.28, 738.75499
2017-07-31, 1, wei_ruo, 7.90, 8.05, 0.50, 8.01, 8.01, 8.06, 7.96, 340364.79, 272282509, 0.48, 1.25, 0.42, 724.98798
2017-08-01, 1, wei_ruo, 7.91, 8.14, 1.12, 8.05, 8.03, 8.22, 8.02, 534803.19, 434847793, 0.76, 2.48, 0.66, 744.22097
2017-08-02, 1, wei_ruo, 7.91, 8.10, -0.49, 8.14, 8.18, 8.21, 8.08, 416513.55, 338865857, 0.59, 1.60, 0.52, 662.66513
2017-08-03, 1, wei_ruo, 7.91, 7.96, -1.73, 8.10, 8.06, 8.10, 7.93, 443319.9, 354582059, 0.63, 2.10, 0.55, 770.77889
2017-08-04, 1, wei_ruo, 7.91, 7.97, 0.13, 7.96, 7.96, 8.02, 7.95, 210423.47, 168061265, 0.30, 0.88, 0.26, 930.01294
2017-08-07, 1, wei_ruo, 7.91, 7.99, 0.25, 7.97, 7.96, 8.00, 7.85, 284628.28, 225560531, 0.41, 1.88, 0.35, 648.91505
2017-08-08, 1, wei_ruo, 7.91, 8.01, 0.25, 7.99, 7.95, 8.03, 7.88, 451503.46, 359625018, 0.64, 1.88, 0.56, 539.07394
2017-08-09, 1, wei_ruo, 7.91, 7.90, -1.37, 8.01, 8.02, 8.03, 7.85, 498383.52, 394180735, 0.71, 2.25, 0.62, 817.01708
2017-08-10, 1, wei_ruo, 7.91, 8.15, 3.16, 7.90, 8.03, 8.27, 8.03, 1529643.75, 1250373023, 2.18, 3.04, 1.90, 755.30219
2017-08-11, 1, wei_ruo, 7.92, 8.19, 0.49, 8.15, 8.15, 8.21, 8.05, 826175.96, 672278758, 1.18, 1.96, 1.02, 563.62486
2017-08-14, 1, wei_ruo, 7.92, 8.15, -0.49, 8.19, 8.21, 8.22, 8.04, 416989.63, 338398511, 0.59, 2.20, 0.52, 3091.37082
2017-08-15, 1, wei_ruo, 7.92, 8.19, 0.49, 8.15, 8.15, 8.20, 8.12, 503857.51, 411776734, 0.72, 0.98, 0.62, 777.68493
2017-08-16, 1, wei_ruo, 7.92, 8.32, 1.59, 8.19, 8.17, 8.36, 8.12, 674911.76, 555890118, 0.96, 2.93, 0.84, 765.70106
2017-08-17, 1, wei_ruo, 7.93, 8.39, 0.84, 8.32, 8.32, 8.54, 8.30, 934133.63, 789169567, 1.33, 2.88, 1.16, 5705.98102
2017-08-18, 2, qing_du, 7.93, 8.42, 0.36, 8.39, 8.33, 8.50, 8.25, 606911.32, 509458532, 0.86, 2.98, 0.75, 3047.84298
2017-08-21, 2, qing_du, 7.94, 8.35, -0.83, 8.42, 8.47, 8.51, 8.26, 510180.94, 425881361, 0.73, 2.97, 0.63, 725.914
2017-08-22, 2, qing_du, 7.94, 8.35, 0.00, 8.35, 8.35, 8.41, 8.29, 359309.04, 300735178, 0.51, 1.44, 0.45, 943.76588
2017-08-23, 2, qing_du, 7.94, 8.34, -0.12, 8.35, 8.34, 8.42, 8.27, 304168.76, 253516535, 0.43, 1.80, 0.38, 1041.35513
2017-08-24, 2, qing_du, 7.94, 8.13, -2.52, 8.34, 8.31, 8.33, 8.05, 509820.65, 415719663, 0.73, 3.36, 0.63, 877.25496
2017-08-25, 2, qing_du, 7.94, 8.23, 1.23, 8.13, 8.14, 8.24, 8.13, 345847.21, 284034048, 0.49, 1.35, 0.43, 854.56586
2017-08-28, 2, qing_du, 7.95, 8.38, 1.82, 8.23, 8.26, 8.43, 8.23, 444074.27, 371248833, 0.63, 2.43, 0.55, 747.35808
2017-08-29, 2, qing_du, 7.95, 8.43, 0.60, 8.38, 8.60, 8.67, 8.39, 679954.52, 578425366, 0.97, 3.34, 0.84, 572.27206
2017-08-30, 2, qing_du, 7.98, 8.85, 4.98, 8.43, 8.47, 9.18, 8.47, 1890687.54, 1671044315, 2.69, 8.42, 2.35, 609.28702
2017-08-31, 3, zhong_du, 7.98, 8.70, -1.69, 8.85, 8.80, 8.88, 8.62, 617467.04, 539235611, 0.88, 2.94, 1.53, 1215.4479
2017-09-01, 3, zhong_du, 7.99, 8.70, -1.69, 8.85, 8.80, 8.88, 8.62, 617467.04, 539235611, 0.88, 2.94, 1.53, 564.59689
2017-09-04, 3, zhong_du, 8.00, 8.78, 1.50, 8.65, 8.66, 8.96, 8.59, 862372.45, 757393914, 1.23, 4.28, 1.07, 561.31196
2017-09-05, 3, zhong_du, 8.02, 8.84, 0.68, 8.78, 8.95, 9.03, 8.80, 966442.08, 860201224, 1.38, 2.62, 1.20, 541.51511
2017-09-06, 3, zhong_du, 8.02, 8.81, -0.34, 8.84, 8.74, 8.88, 8.64, 550855.54, 479023851, 0.78, 2.71, 0.68, 576.00403
2017-09-07, 3, zhong_du, 8.03, 8.70, -1.69, 8.85, 8.80, 8.88, 8.62, 617467.04, 539235611, 0.88, 2.94, 1.53, 708.33015
2017-09-08, 3, zhong_du, 8.05, 9.06, 4.50, 8.67, 8.85, 9.20, 8.76, 1823924.81, 1641430613, 2.60, 5.07, 2.26, 629.35996
2017-09-11, 3, zhong_du, 8.07, 9.02, -0.44, 9.06, 8.97, 9.24, 8.92, 1105165.42, 1002873543, 1.57, 3.53, 1.37, 2629.30298
2017-09-12, 3, zhong_du, 8.08, 8.88, -1.55, 9.02, 8.97, 8.97, 8.74, 1041204.96, 919061056, 1.48, 2.55, 1.29, 674.98589
2017-09-13, 3, zhong_du, 8.08, 8.78, -1.13, 8.88, 8.83, 8.86, 8.73, 411489.48, 361041555, 0.59, 1.46, 0.51, 697.21103
2017-09-14, 3, zhong_du, 8.09, 8.73, -0.57, 8.78, 8.70, 8.75, 8.62, 510897.17, 443679096, 0.73, 1.48, 0.63, 676.22495
2017-09-15, 3, zhong_du, 8.09, 8.70, -0.34, 8.73, 8.70, 8.75, 8.62, 329877.85, 286319414, 0.47, 1.49, 0.41, 924.19004
2017-09-18, 3, zhong_du, 8.09, 8.67, -0.34, 8.70, 8.67, 8.71, 8.56, 408012.76, 352385101, 0.58, 1.72, 0.51, 697.3989
2017-09-19, 3, zhong_du, 8.10, 8.53, -1.61, 8.67, 8.69, 8.71, 8.49, 554613.52, 475031973, 0.79, 2.54, 0.69, 723.55103
2017-09-20, 3, zhong_du, 8.10, 8.49, -0.47, 8.53, 8.52, 8.53, 8.39, 513945.84, 435306593, 0.73, 1.64, 0.64, 705.03712
2017-09-21, 3, zhong_du, 8.10, 8.32, -2.00, 8.49, 8.47, 8.48, 8.30, 620155.41, 519491648, 0.88, 2.12, 0.77, 706.27713
2017-09-22, 2, qing_du, 8.10, 8.38, 0.72, 8.32, 8.29, 8.40, 8.26, 416785.01, 346520879, 0.59, 1.68, 0.52, 587.32986
2017-09-25, 2, qing_du, 8.11, 8.48, 1.19, 8.38, 8.36, 8.49, 8.29, 507202.69, 426586062, 0.72, 2.39, 0.63, 1012.12978
2017-09-26, 2, qing_du, 8.11, 8.42, -0.71, 8.48, 8.40, 8.45, 8.35, 256137.98, 214835934, 0.36, 1.18, 0.32, 1333.93717
2017-09-27, 2, qing_du, 8.11, 8.33, -1.07, 8.42, 8.41, 8.42, 8.30, 287821.85, 240260558, 0.41, 1.43, 0.36, 1043.18523
2017-09-28, 2, qing_du, 8.11, 8.26, -0.84, 8.33, 8.33, 8.33, 8.22, 313577.81, 259079233, 0.45, 1.32, 0.39, 556.45585
2017-09-29, 1, wei_ruo, 8.11, 8.27, 0.12, 8.26, 8.26, 8.32, 8.22, 259099.98, 214077035, 0.37, 1.21, 0.32, 794.75904
2017-10-10, 1, wei_ruo, 8.11, 8.27, -0.36, 8.30, 8.30, 8.31, 8.22, 297283.98, 245052525, 0.42, 1.08, 0.37, 694.18907
2017-10-12, 1, wei_ruo, 8.11, 8.19, -1.09, 8.28, 8.30, 8.30, 8.15, 360442.7, 296055188, 0.51, 1.81, 0.45, 809.00598
2017-10-13, 1, wei_ruo, 8.11, 8.22, 0.37, 8.19, 8.19, 8.22, 8.15, 227411.09, 185992016, 0.32, 0.85, 0.28, 858.44398
2017-10-16, 1, wei_ruo, 8.11, 8.16, -0.73, 8.22, 8.19, 8.24, 8.13, 377760.16, 308754098, 0.54, 1.34, 0.47, 801.81003
2017-10-17, 1, wei_ruo, 8.11, 8.07, -1.10, 8.16, 8.15, 8.18, 8.06, 343629.11, 277899546, 0.49, 1.47, 0.43, 620.86391
2017-10-18, 1, wei_ruo, 8.11, 8.16, 1.12, 8.07, 8.06, 8.16, 8.05, 392396.23, 317952928, 0.56, 1.36, 0.49, 725.03805
2017-10-19, 1, wei_ruo, 8.11, 8.21, 0.61, 8.16, 8.11, 8.22, 8.09, 324762.36, 264962548, 0.46, 1.59, 0.40, 2711.092
2017-10-20, 1, wei_ruo, 8.11, 8.27, 0.73, 8.21, 8.17, 8.32, 8.17, 300343.8, 248081555, 0.43, 1.83, 0.37, 793.49303
2017-10-23, 1, wei_ruo, 8.11, 8.29, 0.24, 8.27, 8.27, 8.32, 8.21, 221533.69, 183013268, 0.32, 1.33, 0.27, 1084.08189
2017-10-24, 1, wei_ruo, 8.12, 8.39, 1.21, 8.29, 8.30, 8.40, 8.24, 476512.55, 397319593, 0.68, 1.93, 0.59, 785.79903
2017-10-25, 1, wei_ruo, 8.12, 8.37, -0.24, 8.39, 8.36, 8.42, 8.33, 276519.27, 231812142, 0.39, 1.07, 0.34, 808.55799
2017-10-26, 1, wei_ruo, 8.12, 8.38, 0.12, 8.37, 8.35, 8.44, 8.33, 413997.84, 347699169, 0.59, 1.31, 0.51, 662.3199
2017-10-27, 1, wei_ruo, 8.12, 8.55, 2.03, 8.38, 8.38, 8.70, 8.35, 927797.43, 793691246, 1.32, 4.18, 1.15, 720.59608
2017-10-30, 1, wei_ruo, 8.13, 8.63, 0.94, 8.55, 8.60, 8.75, 8.50, 832685.64, 717931346, 1.19, 2.92, 1.03, 916.31413
2017-10-31, 1, wei_ruo, 8.14, 8.72, 1.04, 8.63, 8.68, 8.80, 8.56, 763957.11, 664584109, 1.09, 2.78, 0.95, 719.733
2017-11-01, 2, qing_du, 8.16, 9.15, 4.93, 8.72, 8.77, 9.20, 8.73, 1882801.26, 1697362783, 2.68, 5.39, 2.34, 825.79589
2017-11-02, 2, qing_du, 8.19, 9.18, 0.33, 9.15, 9.24, 9.55, 9.11, 1572834.91, 1464406991, 2.24, 4.81, 1.95, 820.90998
2017-11-03, 3, zhong_du, 8.20, 9.22, 0.44, 9.18, 9.12, 9.26, 8.97, 950169.86, 868485208, 1.35, 3.16, 1.18, 539.83617
2017-11-07, 3, zhong_du, 8.22, 8.93, -1.54, 9.07, 8.97, 9.15, 8.90, 611973.78, 551147536, 0.87, 2.76, 1.52, 181396.56901
2017-11-09, 3, zhong_du, 8.24, 8.93, -1.54, 9.07, 8.97, 9.15, 8.90, 611973.78, 551147536, 0.87, 2.76, 1.52, 4663.04302
2017-11-10, 2, qing_du, 8.25, 9.13, 2.47, 8.91, 8.91, 9.16, 8.82, 1110480.41, 1000402542, 1.58, 3.82, 1.30, 710.89005
2017-11-13, 3, zhong_du, 8.27, 9.30, 1.86, 9.13, 9.11, 9.40, 8.96, 1154790.82, 1061729582, 1.64, 4.82, 1.30, 2634.52601
2017-11-14, 3, zhong_du, 8.29, 9.69, 4.19, 9.30, 9.20, 9.85, 9.17, 1464326.97, 1399666963, 2.09, 7.31, 1.54, 763.26799
2017-11-15, 3, zhong_du, 8.32, 9.72, 0.31, 9.69, 9.59, 10.08, 9.57, 1206938.1, 1190168157, 1.72, 5.26, 1.15, 814.23903
2017-11-16, 4, gao_du, 8.34, 9.87, 1.54, 9.72, 9.73, 10.07, 9.49, 898400.23, 881512227, 1.28, 5.97, 0.80, 712.52513
2017-11-17, 4, gao_du, 8.38, 10.28, 4.15, 9.87, 9.77, 10.70, 9.75, 1507491.14, 1547902464, 2.15, 9.63, 1.29, 716.24303
2017-11-20, 4, gao_du, 8.41, 10.33, 0.49, 10.28, 10.33, 10.65, 9.94, 1058971.31, 1087317728, 1.51, 6.91, 0.85, 608.79493
2017-11-21, 4, gao_du, 8.43, 10.40, 0.68, 10.33, 10.26, 10.55, 10.12, 928412.42, 958899157, 1.32, 4.16, 0.76, 713.44614
2017-11-22, 4, gao_du, 8.48, 11.09, 6.63, 10.40, 10.36, 11.11, 10.36, 1441394.57, 1561666453, 2.05, 7.21, 1.29, 1151.95799
2017-11-23, 5, qiang_lie, 8.52, 10.77, -2.89, 11.09, 11.01, 11.30, 10.61, 1055344.24, 1150359853, 1.50, 6.22, 0.90, 872.5121
2017-11-24, 5, qiang_lie, 8.56, 10.94, 1.58, 10.77, 10.73, 11.32, 10.46, 1098024.95, 1196059447, 1.56, 7.99, 0.92, 654.76489
2017-11-27, 5, qiang_lie, 8.58, 10.29, -5.94, 10.94, 10.74, 10.78, 10.00, 1093368.58, 1138549814, 1.56, 7.13, 0.98, 770.98489
2017-11-28, 4, gao_du, 8.61, 10.47, 1.75, 10.29, 10.22, 10.54, 10.06, 836699.5, 863283860, 1.19, 4.66, 0.74, 700.09589
2017-11-29, 4, gao_du, 8.64, 11.14, 6.40, 10.47, 10.38, 11.15, 10.38, 1007344.86, 1085789670, 1.43, 7.35, 0.91, 608.08206
2017-11-30, 5, qiang_lie, 8.68, 11.07, -0.63, 11.14, 10.98, 11.48, 10.76, 1073772.69, 1196353848, 1.53, 6.46, 1.05, 2669.52586
2017-12-01, 5, qiang_lie, 8.70, 10.79, -2.53, 11.07, 11.00, 11.03, 10.51, 806141.25, 861873677, 1.15, 4.70, 0.79, 574.58711
2017-12-04, 5, qiang_lie, 8.74, 11.34, 5.10, 10.79, 10.66, 11.53, 10.58, 1090131.75, 1216240212, 1.55, 8.80, 1.13, 739.434
2017-12-05, 5, qiang_lie, 8.79, 11.57, 2.03, 11.34, 11.22, 11.65, 11.20, 1220316.27, 1403013292, 1.74, 3.97, 1.27, 846.83704
2017-12-06, 5, qiang_lie, 8.82, 11.39, -1.56, 11.57, 11.50, 11.55, 11.06, 831193.42, 940012506, 1.18, 4.24, 0.80, 1068.48693
2017-12-07, 5, qiang_lie, 8.84, 11.28, -0.97, 11.39, 11.36, 11.56, 11.06, 674922.53, 761327644, 0.96, 4.39, 0.67, 757.9689
2017-12-08, 5, qiang_lie, 8.86, 11.13, -1.33, 11.28, 11.10, 11.25, 10.84, 620566.34, 687786709, 0.88, 3.63, 0.67, 626.78719
2017-12-11, 5, qiang_lie, 8.88, 11.19, 0.54, 11.13, 11.10, 11.43, 11.01, 677413.45, 760383830, 0.96, 3.77, 0.76, 2748.64912
2017-12-12, 5, qiang_lie, 8.91, 10.46, -6.52, 11.19, 11.12, 11.25, 10.37, 1046850.95, 1125054321, 1.49, 7.86, 1.30, 632.39193
2017-12-13, 5, qiang_lie, 8.94, 11.19, 6.98, 10.46, 10.39, 11.29, 10.29, 1070327.22, 1159669974, 1.52, 9.56, 1.39, 3737.32591
2017-12-14, 5, qiang_lie, 8.97, 11.21, 0.18, 11.19, 11.18, 11.42, 10.97, 804762.93, 902225066, 1.15, 4.02, 0.98, 2675.34995
2017-12-15, 5, qiang_lie, 8.98, 11.16, -0.45, 11.21, 11.13, 11.21, 10.81, 564303.58, 622534470, 0.80, 3.57, 0.67, 575.95897
2017-12-18, 5, qiang_lie, 9.00, 10.84, -2.87, 11.16, 11.13, 11.15, 10.56, 608045.47, 655939527, 0.87, 5.29, 0.73, 538.95903
2017-12-19, 5, qiang_lie, 9.03, 11.30, 4.24, 10.84, 10.72, 11.38, 10.70, 960503.91, 1074522600, 1.37, 6.27, 1.17, 681.83398
2017-12-20, 5, qiang_lie, 9.07, 11.52, 1.95, 11.30, 11.30, 11.91, 11.18, 1151749.11, 1333268245, 1.64, 6.46, 1.44, 4689.58688
2017-12-21, 5, qiang_lie, 9.10, 11.74, 1.91, 11.52, 11.55, 11.94, 11.38, 845456.92, 986521379, 1.20, 4.86, 1.03, 1157.094
2017-12-22, 5, qiang_lie, 9.12, 11.69, -0.43, 11.74, 11.64, 11.89, 11.48, 485943.32, 566405588, 0.69, 3.49, 0.59, 672.50109
2017-12-25, 5, qiang_lie, 9.16, 11.98, 2.48, 11.69, 11.73, 12.33, 11.72, 958443.04, 1162382337, 1.36, 5.22, 1.18, 2729.04992
2017-12-26, 5, qiang_lie, 9.20, 12.30, 2.67, 11.98, 12.01, 12.45, 11.98, 859866.31, 1052795209, 1.22, 3.92, 0.98, 474.84088
2017-12-27, 5, qiang_lie, 9.22, 11.90, -3.25, 12.30, 12.13, 12.15, 11.72, 751500.08, 895466481, 1.07, 3.50, 0.87, 750.18883
2017-12-29, 5, qiang_lie, 9.27, 11.40, -4.36, 11.92, 11.89, 11.90, 11.18, 1784805.8, 2030111996, 2.54, 6.04, 2.42, 705.52611
2018-01-03, 5, qiang_lie, 9.39, 11.94, 4.74, 11.40, 11.40, 12.10, 11.07, 1963721.54, 2283882169, 2.80, 9.04, 2.17, 740.01789
2018-01-04, 5, qiang_lie, 9.44, 11.41, -4.44, 11.94, 11.63, 11.72, 11.30, 1641799.33, 1881729983, 2.34, 3.52, 1.46, 5749.86601
2018-01-05, 5, qiang_lie, 9.47, 11.17, -2.10, 11.41, 11.41, 11.61, 11.14, 1288555.34, 1459497195, 1.83, 4.12, 0.99, 588.92798
2018-01-08, 5, qiang_lie, 9.57, 11.60, 3.85, 11.17, 11.90, 12.13, 11.39, 3187655.9, 3761946561, 4.54, 6.62, 2.22, 536.77011
2018-01-09, 5, qiang_lie, 9.63, 11.83, 1.98, 11.60, 11.64, 11.98, 11.48, 1667562.3, 1966842446, 2.37, 4.31, 0.85, 2500.97609
2018-01-10, 5, qiang_lie, 9.66, 11.48, -2.96, 11.83, 11.40, 11.64, 11.26, 1442784.66, 1648280443, 2.05, 3.21, 0.74, 2612.8459
2018-01-11, 5, qiang_lie, 9.69, 11.29, -1.66, 11.48, 11.42, 11.42, 11.04, 1256268.52, 1405244809, 1.79, 3.31, 0.68, 527.63796
2018-01-12, 5, qiang_lie, 9.71, 11.24, -0.44, 11.29, 11.28, 11.42, 11.18, 766163.67, 865597293, 1.09, 2.13, 0.43, 733.50501
2018-01-15, 4, gao_du, 9.73, 11.32, 0.71, 11.24, 11.21, 11.52, 11.21, 1059716.42, 1205362589, 1.51, 2.76, 0.64, 769.063
2018-01-16, 4, gao_du, 9.77, 10.91, -3.62, 11.32, 11.22, 11.25, 10.67, 2109130.44, 2289995302, 3.00, 5.12, 1.70, 523.96297
2018-01-17, 3, zhong_du, 9.79, 10.44, -4.31, 10.91, 10.81, 11.00, 10.29, 1997270.12, 2108331554, 2.84, 6.51, 1.51, 677.67119
2018-01-18, 3, zhong_du, 9.81, 10.56, 1.15, 10.44, 10.46, 10.69, 10.36, 1301253.6, 1371925673, 1.85, 3.16, 0.91, 591.57085
2018-01-19, 2, qing_du, 9.84, 10.58, 0.19, 10.56, 10.65, 10.93, 10.30, 2808618.87, 2987522269, 4.00, 5.97, 1.94, 536.69405
2018-01-22, 1, wei_ruo, 9.87, 10.66, 0.76, 10.58, 10.60, 10.93, 10.57, 2509329.25, 2690508262, 3.57, 3.40, 1.35, 586.01618
2018-01-23, 1, wei_ruo, 9.90, 10.56, -0.94, 10.66, 10.73, 10.88, 10.36, 2469520.99, 2619861251, 3.52, 4.88, 1.15, 759.9709
2018-01-24, 1, wei_ruo, 9.91, 10.58, 0.19, 10.56, 10.54, 10.68, 10.33, 1816883.46, 1908494536, 2.59, 3.31, 0.82, 567.99102
2018-01-25, 1, wei_ruo, 9.95, 10.93, 3.31, 10.58, 10.49, 11.15, 10.33, 3267985.92, 3527245081, 4.65, 7.75, 1.50, 586.8609
2018-01-26, 1, wei_ruo, 10.01, 11.41, 4.39, 10.93, 11.00, 11.59, 11.00, 3032958.1, 3449479487, 4.32, 5.40, 1.18, 1346.40598
2018-01-29, 2, qing_du, 10.06, 11.45, 0.35, 11.41, 11.33, 11.74, 11.30, 2021321.44, 2320230214, 2.88, 3.86, 0.77, 653.17702
2018-01-30, 3, zhong_du, 10.10, 11.77, 2.79, 11.45, 11.38, 11.96, 11.30, 1887503.77, 2212552562, 2.69, 5.76, 0.75, 503.96395
2018-01-31, 3, zhong_du, 10.13, 11.77, 0.00, 11.77, 11.63, 11.90, 11.48, 1332381.96, 1561349639, 1.90, 3.57, 0.55, 594.92111
2018-02-01, 3, zhong_du, 10.18, 11.95, 1.53, 11.77, 11.92, 12.25, 11.83, 1986854.22, 2391622759, 2.83, 3.57, 0.86, 554.63099
2018-02-02, 4, gao_du, 10.21, 11.82, -1.09, 11.95, 11.66, 11.98, 11.44, 1273061.98, 1492498465, 1.81, 4.52, 0.62, 854.05111
2018-02-05, 4, gao_du, 10.28, 12.79, 8.21, 11.82, 11.70, 12.85, 11.61, 2254585.74, 2786474993, 3.21, 10.49, 1.33, 712.91399
2018-02-06, 4, gao_du, 10.35, 12.46, -2.58, 12.79, 12.50, 12.83, 12.20, 2140204.19, 2680639637, 3.05, 4.93, 1.23, 2574.00489
2018-02-07, 5, qiang_lie, 10.41, 11.82, -5.14, 12.46, 12.86, 12.95, 11.73, 2145649.06, 2645482523, 3.06, 9.79, 1.19, 877.27213
2018-02-08, 4, gao_du, 10.43, 11.48, -2.88, 11.82, 11.57, 12.04, 11.09, 1605997.01, 1852566521, 2.29, 8.04, 0.74, 814.64005
2018-02-09, 3, zhong_du, 10.44, 10.82, -5.75, 11.48, 10.86, 11.09, 10.48, 1660910.54, 1784433132, 2.37, 5.31, 0.86, 772.07398
2018-02-12, 2, qing_du, 10.46, 11.17, 3.23, 10.82, 10.99, 11.55, 10.93, 1420673.94, 1597252074, 2.02, 5.73, 0.82, 2730.30901
2018-02-13, 2, qing_du, 10.47, 11.43, 2.33, 11.17, 11.43, 11.64, 11.23, 947114.1, 1083541363, 1.35, 3.67, 0.62, 684.83615
2018-02-14, 1, wei_ruo, 10.48, 11.30, -1.14, 11.43, 11.40, 11.40, 11.08, 643582.29, 724101123, 0.92, 2.80, 0.52, 1002.75111
