2015-08-20, 1, wei_ruo, 12.42, 11.34, -5.81, 12.04, 11.85, 12.17, 11.30, 194803.72, 229618712, 2.41, 7.23, 0.68, 825.97804
2015-08-21, 1, wei_ruo, 12.39, 10.72, -5.47, 11.34, 11.11, 11.35, 10.50, 169648.58, 185614540, 2.10, 7.50, 0.60, 989.41112
2015-08-24, 1, wei_ruo, 12.33, 9.65, -9.98, 10.72, 10.33, 10.43, 9.65, 195077.93, 190826643, 2.41, 7.28, 0.73, 4953.83191
2015-08-25, 1, wei_ruo, 12.23, 8.69, -9.95, 9.65, 8.73, 9.29, 8.69, 244257.05, 216487311, 3.02, 6.22, 1.06, 1172.57309
2015-08-26, 1, wei_ruo, 12.14, 8.46, -2.65, 8.69, 8.90, 9.22, 8.30, 200911.03, 176176540, 2.48, 10.59, 0.96, 1075.315
2015-08-27, 1, wei_ruo, 12.07, 9.12, 7.80, 8.46, 8.75, 9.19, 8.47, 168673.86, 149101840, 2.09, 8.51, 0.84, 2994.21692
2015-08-28, 1, wei_ruo, 12.01, 9.67, 6.03, 9.12, 9.25, 9.75, 9.13, 199891.08, 187148369, 2.47, 6.80, 1.02, 994.22097
2015-08-31, 1, wei_ruo, 11.96, 9.22, -4.65, 9.67, 9.50, 9.54, 9.19, 148852.57, 138480151, 1.84, 3.62, 0.74, 1199.0819
2015-10-29, 4, gao_du, 10.84, 10.49, 0.48, 10.44, 10.55, 10.66, 10.35, 151543.64, 159409364, 1.87, 2.97, 0.62, 3307.68991
2015-10-30, 3, zhong_du, 10.83, 10.33, -1.53, 10.49, 10.43, 10.56, 10.22, 125430.71, 130375529, 1.55, 3.24, 0.49, 1048.82193
2015-11-02, 3, zhong_du, 10.82, 10.16, -1.65, 10.33, 10.02, 10.51, 10.02, 131984.02, 136009771, 1.63, 4.74, 0.54, 1059.56006
2015-11-03, 3, zhong_du, 10.81, 10.47, 3.05, 10.16, 10.20, 10.49, 10.14, 125412.46, 129072627, 1.55, 3.44, 0.53, 2993.402
2015-11-04, 3, zhong_du, 10.81, 10.84, 3.53, 10.47, 10.41, 10.88, 10.40, 199310.59, 213621003, 2.47, 4.58, 1.25, 980.27205
2015-11-05, 4, gao_du, 10.81, 10.89, 0.46, 10.84, 10.85, 10.98, 10.64, 245019.79, 265223266, 3.03, 3.14, 1.67, 1152.58598
2015-11-06, 4, gao_du, 10.81, 11.03, 1.29, 10.89, 10.80, 11.09, 10.75, 180014.15, 197472164, 2.23, 3.12, 1.09, 1331.83813
2015-11-09, 5, qiang_lie, 10.82, 10.86, -1.54, 11.03, 10.97, 11.10, 10.81, 324124.46, 355256859, 4.01, 2.63, 1.84, 1446.83909
2015-11-10, 5, qiang_lie, 10.82, 10.82, -0.37, 10.86, 10.85, 10.97, 10.66, 209372.77, 226722777, 2.59, 2.85, 0.97, 406.66699
2015-11-11, 5, qiang_lie, 10.81, 10.95, 1.30, 10.81, 10.82, 10.96, 10.74, 178073.6, 193418069, 2.20, 2.04, 0.77, 297.26005
2015-11-12, 5, qiang_lie, 10.81, 10.84, -1.00, 10.95, 10.95, 10.99, 10.71, 200812.02, 217764160, 2.48, 2.56, 0.88, 961.82394
2015-11-13, 5, qiang_lie, 10.81, 10.59, -2.31, 10.84, 10.69, 10.79, 10.50, 131141.22, 139503878, 1.62, 2.68, 0.60, 1237.98013
2015-11-16, 5, qiang_lie, 10.81, 10.72, 1.23, 10.59, 10.41, 10.73, 10.38, 103838.55, 109684137, 1.28, 3.31, 0.50, 998.48104
2015-11-17, 5, qiang_lie, 10.80, 10.62, -0.93, 10.72, 10.76, 10.94, 10.55, 205504.68, 221288560, 2.54, 3.64, 1.25, 1045.31407
2015-11-18, 5, qiang_lie, 10.80, 10.62, 0.00, 10.62, 10.62, 10.80, 10.57, 102604.86, 109595563, 1.27, 2.17, 0.63, 1530.04193
2015-11-19, 5, qiang_lie, 10.80, 10.92, 2.82, 10.62, 10.70, 10.93, 10.65, 137284.52, 148428164, 1.70, 2.64, 0.92, 17775.81286
2015-11-20, 5, qiang_lie, 10.80, 10.88, -0.37, 10.92, 10.93, 10.97, 10.73, 144695.4, 156852135, 1.79, 2.20, 1.06, 16801.81909
2015-11-23, 5, qiang_lie, 10.80, 10.81, -0.64, 10.88, 10.83, 10.98, 10.76, 144326.93, 157048349, 1.79, 2.02, 1.04, 16655.5059
2015-11-24, 5, qiang_lie, 10.80, 10.75, -0.56, 10.81, 10.79, 10.84, 10.54, 100536.79, 107113961, 1.24, 2.78, 0.68, 1119.22097
2015-11-25, 5, qiang_lie, 10.80, 10.85, 0.93, 10.75, 10.70, 10.86, 10.66, 121323.45, 130690850, 1.50, 1.86, 0.96, 988.36398
2015-11-26, 5, qiang_lie, 10.80, 10.94, 0.83, 10.85, 10.92, 10.98, 10.74, 169708.89, 184414212, 2.10, 2.21, 1.31, 881.69003
2015-11-27, 5, qiang_lie, 10.79, 10.13, -7.40, 10.94, 10.87, 10.87, 9.99, 167424.07, 176145839, 2.07, 8.04, 1.23, 925.25887
2015-11-30, 5, qiang_lie, 10.78, 10.01, -1.18, 10.13, 10.24, 10.27, 9.57, 155383.95, 154540676, 1.92, 6.91, 1.10, 2879.46296
2015-12-01, 4, gao_du, 10.77, 10.06, 0.50, 10.01, 10.01, 10.15, 9.92, 93200.66, 93445822, 1.15, 2.30, 0.65, 1286.7229
2015-12-02, 4, gao_du, 10.76, 10.34, 2.78, 10.06, 10.07, 10.36, 10.01, 145817.83, 148679057, 1.80, 3.48, 1.03, 1034.31797
2015-12-03, 4, gao_du, 10.76, 10.50, 1.55, 10.34, 10.33, 10.61, 10.23, 122393.71, 127378140, 1.51, 3.68, 0.84, 2789.75201
2015-12-04, 4, gao_du, 10.73, 10.37, -1.24, 10.50, 10.37, 10.46, 10.26, 93399.15, 96646083, 1.16, 1.90, 0.68, 2610.42595
2015-12-07, 5, qiang_lie, 10.73, 10.49, 1.16, 10.37, 10.41, 10.57, 10.28, 95562.82, 99858704, 1.18, 2.80, 0.78, 649.69897
2015-12-08, 5, qiang_lie, 10.72, 10.15, -3.24, 10.49, 10.43, 10.43, 10.12, 94822.6, 96949071, 1.17, 2.96, 0.86, 803.44105
2015-12-09, 4, gao_du, 10.72, 10.18, 0.30, 10.15, 10.14, 10.26, 10.09, 52945, 53863114, 0.65, 1.67, 0.48, 609.96294
2015-12-10, 4, gao_du, 10.71, 10.19, 0.10, 10.18, 10.14, 10.31, 10.12, 56772.5, 57997849, 0.70, 1.87, 0.62, 869.96889
2015-12-11, 4, gao_du, 10.71, 10.29, 0.98, 10.19, 10.17, 10.30, 10.02, 70569.81, 71664628, 0.87, 2.75, 0.90, 4672.153
2015-12-14, 3, zhong_du, 10.71, 10.46, 1.65, 10.29, 10.22, 10.48, 10.15, 89987.32, 93127608, 1.11, 3.21, 1.21, 1398.61298
2015-12-15, 3, zhong_du, 10.70, 10.52, 0.57, 10.46, 10.47, 10.65, 10.41, 100239.04, 105617081, 1.24, 2.29, 1.37, 1024.05095
2015-12-16, 4, gao_du, 10.70, 10.53, 0.10, 10.52, 10.57, 10.65, 10.51, 79802.17, 84398207, 0.99, 1.33, 1.08, 868.59798
2015-12-17, 4, gao_du, 10.70, 10.92, 3.70, 10.53, 10.60, 10.98, 10.20, 203051.01, 219353009, 2.51, 7.41, 2.55, 930.31693
2015-12-18, 5, qiang_lie, 10.72, 11.32, 3.66, 10.92, 10.89, 11.36, 10.73, 293058.21, 324123073, 3.62, 5.77, 2.70, 831.93302
2015-12-21, 5, qiang_lie, 10.76, 11.68, 3.18, 11.32, 11.32, 11.97, 11.22, 363857.46, 426403176, 4.50, 6.63, 2.37, 1086.94386
2015-12-22, 5, qiang_lie, 10.78, 11.65, -0.26, 11.68, 11.67, 11.72, 11.40, 189548.33, 219031924, 2.34, 2.74, 0.91, 3730.55601
2015-12-23, 5, qiang_lie, 10.79, 11.14, -4.38, 11.65, 11.75, 11.77, 11.02, 248565.48, 283903530, 3.07, 6.44, 1.10, 2810.43601
2015-12-24, 5, qiang_lie, 10.80, 11.26, 1.08, 11.14, 11.17, 11.35, 11.11, 121617.24, 136563864, 1.50, 2.15, 0.47, 857.39923
2015-12-25, 5, qiang_lie, 10.81, 11.18, -0.71, 11.26, 11.22, 11.36, 11.05, 156129.15, 174483808, 1.93, 2.75, 0.64, 992.93995
2015-12-28, 5, qiang_lie, 10.81, 10.80, -3.40, 11.18, 11.24, 11.28, 10.78, 236953.56, 262438388, 2.93, 4.47, 1.10, 2949.76115
2015-12-29, 4, gao_du, 10.82, 11.11, 2.87, 10.80, 10.76, 11.12, 10.74, 117591.67, 128223286, 1.45, 3.52, 0.62, 932.94382
2015-12-30, 4, gao_du, 10.82, 11.06, -0.45, 11.11, 11.13, 11.14, 10.90, 113475.57, 125230346, 1.40, 2.16, 0.60, 4825.51098
2015-12-31, 4, gao_du, 10.82, 10.99, -0.63, 11.06, 11.06, 11.28, 10.96, 143446.02, 159676012, 1.77, 2.89, 0.75, 916.19396
2016-01-04, 3, zhong_du, 10.82, 10.01, -8.92, 10.99, 10.95, 10.95, 10.00, 122586.59, 129930821, 1.52, 8.64, 1.00, 958.08101
2016-01-05, 3, zhong_du, 10.80, 10.08, 0.70, 10.01, 9.69, 10.28, 9.60, 156120.43, 155734748, 1.93, 6.79, 0.82, 4783.20789
2016-01-06, 2, qing_du, 10.79, 10.30, 2.18, 10.08, 10.08, 10.32, 10.04, 95391.29, 97090613, 1.18, 2.78, 0.50, 961.62987
2016-01-07, 2, qing_du, 10.79, 9.42, -8.54, 10.30, 10.11, 10.14, 9.35, 32956, 32406561, 0.41, 7.67, 1.38, 797.74499
2016-01-08, 1, wei_ruo, 10.79, 9.66, 2.55, 9.42, 9.78, 9.83, 9.22, 137540.91, 132398180, 1.70, 6.48, 0.72, 10000.6988
2016-01-11, 1, wei_ruo, 10.80, 8.97, -7.14, 9.66, 9.51, 9.63, 8.96, 134654.97, 125358505, 1.67, 6.94, 0.71, 2522.90821
2016-01-12, 1, wei_ruo, 10.78, 9.01, 0.45, 8.97, 9.05, 9.15, 8.83, 83703.51, 75569346, 1.04, 3.57, 0.44, 2965.8699
2016-01-13, 1, wei_ruo, 10.76, 8.70, -3.44, 9.01, 9.13, 9.17, 8.69, 85522.1, 76745146, 1.06, 5.33, 0.45, 4176.68796
2016-01-14, 1, wei_ruo, 10.74, 8.97, 3.10, 8.70, 8.50, 9.00, 8.40, 78203.89, 68397944, 0.97, 6.90, 0.41, 798.5661
2016-01-15, 1, wei_ruo, 10.72, 8.55, -4.68, 8.97, 8.89, 9.07, 8.48, 81504.17, 71185361, 1.01, 6.58, 0.43, 1514.43696
2016-01-18, 1, wei_ruo, 10.70, 8.71, 1.87, 8.55, 8.53, 8.79, 8.40, 58553.59, 50816646, 0.72, 4.56, 0.31, 3442.35587
2016-01-19, 1, wei_ruo, 10.69, 9.01, 3.44, 8.71, 8.70, 9.03, 8.66, 76381.22, 67834742, 0.94, 4.25, 0.40, 794.15798
2016-01-20, 1, wei_ruo, 10.67, 8.91, -1.11, 9.01, 8.92, 9.07, 8.80, 65732.4, 58695587, 0.81, 3.00, 0.34, 776.22294
2016-01-21, 1, wei_ruo, 10.66, 8.66, -2.81, 8.91, 8.87, 9.00, 8.65, 56393.12, 49892371, 0.70, 3.93, 0.30, 796.39196
2016-01-22, 1, wei_ruo, 10.65, 8.91, 2.89, 8.66, 8.79, 8.92, 8.60, 54991.54, 48257065, 0.68, 3.70, 0.29, 1275.95282
2016-01-26, 1, wei_ruo, 10.60, 8.08, -9.82, 8.96, 8.80, 8.88, 8.06, 109308.2, 92625512, 1.35, 9.15, 0.57, 3451.93696
2016-01-27, 1, wei_ruo, 10.57, 8.20, 1.49, 8.08, 8.10, 8.32, 7.87, 102498.54, 83018140, 1.27, 5.57, 0.54, 3956.177
2016-01-28, 1, wei_ruo, 10.55, 7.89, -3.78, 8.20, 8.12, 8.27, 7.82, 74325.42, 59985748, 0.92, 5.49, 0.39, 1572.28017
2016-01-29, 1, wei_ruo, 10.52, 8.09, 2.53, 7.89, 7.90, 8.18, 7.84, 86176, 69398933, 1.07, 4.31, 0.45, 2941.65611
2016-02-01, 1, wei_ruo, 10.50, 7.98, -1.36, 8.09, 8.09, 8.14, 7.85, 67884.2, 54499691, 0.84, 3.58, 0.36, 943.87197
2016-02-02, 1, wei_ruo, 10.48, 8.18, 2.51, 7.98, 8.05, 8.22, 7.98, 85305.45, 69427267, 1.06, 3.01, 0.45, 2369.69995
2016-02-03, 1, wei_ruo, 10.46, 8.14, -0.49, 8.18, 8.09, 8.18, 8.00, 64530.26, 52129297, 0.80, 2.20, 0.34, 1538.35917
2016-02-04, 1, wei_ruo, 10.43, 8.25, 1.35, 8.14, 8.17, 8.33, 8.10, 97374.21, 80235699, 1.20, 2.83, 0.51, 3686.72585
2016-02-05, 1, wei_ruo, 10.41, 8.18, -0.85, 8.25, 8.23, 8.29, 8.18, 76255.12, 62739424, 0.94, 1.33, 0.40, 1681.37813
2016-02-15, 1, wei_ruo, 10.39, 8.11, -0.86, 8.18, 7.94, 8.15, 7.84, 57124.72, 45724938, 0.71, 3.79, 0.30, 3299.41916
2016-02-16, 1, wei_ruo, 10.37, 8.39, 3.45, 8.11, 8.15, 8.40, 8.13, 102986.9, 85617982, 1.27, 3.33, 0.54, 1004.02904
2016-02-17, 1, wei_ruo, 10.34, 8.52, 1.55, 8.39, 8.35, 8.59, 8.31, 98737.85, 83068978, 1.22, 3.34, 0.52, 3578.55916
2016-02-18, 1, wei_ruo, 10.32, 8.47, -0.59, 8.52, 8.67, 8.73, 8.41, 102804.01, 87737485, 1.27, 3.76, 0.54, 910.9211
2016-02-19, 1, wei_ruo, 10.31, 8.48, 0.12, 8.47, 8.45, 8.53, 8.43, 56431.24, 47855946, 0.70, 1.18, 0.37, 4984.86304
2016-02-22, 1, wei_ruo, 10.31, 8.70, 2.72, 8.47, 8.55, 8.75, 8.50, 96385.32, 83101579, 1.19, 2.95, 1.12, 4080.01184
2016-02-23, 1, wei_ruo, 10.26, 8.70, 0.00, 8.70, 8.70, 8.85, 8.58, 102074.71, 88841825, 1.26, 3.10, 1.08, 5884.3739
2016-02-24, 1, wei_ruo, 10.24, 8.74, 0.46, 8.70, 8.66, 8.76, 8.54, 77879.37, 67368414, 0.96, 2.53, 0.83, 6480.88503
2016-02-25, 1, wei_ruo, 10.21, 8.06, -7.78, 8.74, 8.70, 8.73, 8.00, 109978.01, 92254132, 1.36, 8.35, 1.22, 2063.44199
2016-02-26, 1, wei_ruo, 10.20, 8.27, 2.61, 8.06, 8.18, 8.37, 8.07, 63825.25, 52444003, 0.79, 3.72, 0.70, 886.74188
2016-02-29, 1, wei_ruo, 10.17, 8.06, -2.54, 8.27, 8.27, 8.27, 7.86, 85466.17, 68858945, 1.06, 4.96, 0.95, 1608.41203
2016-03-01, 1, wei_ruo, 10.16, 8.29, 2.85, 8.06, 8.13, 8.36, 8.01, 57365.59, 46969252, 0.71, 4.34, 0.65, 13672.43099
2016-03-02, 1, wei_ruo, 10.14, 8.62, 3.98, 8.29, 8.28, 8.69, 8.24, 103438.33, 88050104, 1.28, 5.43, 1.31, 2994.07601
2016-03-03, 1, wei_ruo, 10.12, 8.56, -0.70, 8.62, 8.61, 8.74, 8.54, 109704.81, 94587946, 1.36, 2.32, 1.31, 2602.89598
2016-03-04, 1, wei_ruo, 10.10, 8.47, -1.05, 8.56, 8.51, 8.64, 8.36, 80716.54, 68607123, 1.00, 3.27, 0.96, 1735.72707
2016-03-07, 1, wei_ruo, 10.09, 8.63, 1.89, 8.47, 8.50, 8.69, 8.50, 67850.66, 58543568, 0.84, 2.24, 0.78, 3695.20998
2016-03-08, 1, wei_ruo, 10.07, 8.58, -0.58, 8.63, 8.59, 8.66, 8.25, 78511, 66263888, 0.97, 4.75, 0.94, 607.25689
2016-03-09, 1, wei_ruo, 10.06, 8.35, -2.68, 8.58, 8.44, 8.52, 8.30, 52824.84, 44404414, 0.65, 2.56, 0.60, 5588.24706
2016-03-10, 1, wei_ruo, 10.05, 8.25, -1.20, 8.35, 8.37, 8.47, 8.24, 49369.12, 41337592, 0.61, 2.75, 0.63, 2468.85109
2016-03-11, 1, wei_ruo, 10.04, 8.26, 0.12, 8.25, 8.22, 8.30, 8.15, 50474.26, 41564038, 0.62, 1.82, 0.77, 4252.9552
2016-03-14, 1, wei_ruo, 10.02, 8.62, 4.36, 8.26, 8.36, 8.63, 8.33, 96654.53, 82457527, 1.20, 3.63, 1.62, 4534.01303
2016-03-15, 1, wei_ruo, 10.01, 8.54, -0.93, 8.62, 8.57, 8.62, 8.48, 51392.45, 43959447, 0.64, 1.62, 0.78, 1159.53088
2016-03-16, 1, wei_ruo, 10.00, 8.56, 0.23, 8.54, 8.58, 8.72, 8.51, 58600.51, 50503034, 0.72, 2.46, 0.97, 4652.4241
2016-03-17, 1, wei_ruo, 9.99, 8.72, 1.87, 8.56, 8.60, 8.79, 8.55, 75034.08, 65239706, 0.93, 2.80, 1.22, 863.81698
2016-03-18, 2, qing_du, 9.98, 8.89, 1.95, 8.72, 8.75, 8.96, 8.68, 109499.96, 96927584, 1.35, 3.21, 1.65, 11518.60881
2016-03-21, 2, qing_du, 9.96, 9.02, 1.46, 8.89, 8.93, 9.07, 8.90, 104161.21, 93592329, 1.29, 1.91, 1.33, 2162.58097
2016-03-22, 3, zhong_du, 9.95, 8.99, -0.33, 9.02, 9.00, 9.16, 8.92, 87584.96, 79360468, 1.08, 2.66, 1.10, 796.95201
2016-03-23, 3, zhong_du, 9.94, 8.97, -0.22, 8.99, 8.95, 9.04, 8.79, 81229.45, 72238314, 1.00, 2.78, 0.93, 4896.626
2016-03-24, 3, zhong_du, 9.93, 8.76, -2.34, 8.97, 8.90, 8.97, 8.75, 89157.02, 78959153, 1.10, 2.45, 0.97, 781.74996
2016-03-25, 3, zhong_du, 9.92, 8.94, 2.05, 8.76, 8.78, 8.95, 8.74, 63515.35, 56281065, 0.79, 2.40, 0.67, 3279.43087
2016-03-28, 3, zhong_du, 9.91, 8.86, -0.89, 8.94, 8.94, 9.14, 8.79, 95759, 86303300, 1.18, 3.91, 1.12, 3776.18289
2016-03-29, 3, zhong_du, 9.90, 8.97, 1.24, 8.86, 8.89, 9.09, 8.80, 122630.16, 109926723, 1.52, 3.27, 1.47, 653.46789
2016-03-30, 4, gao_du, 9.88, 9.34, 4.12, 8.97, 9.00, 9.36, 9.00, 146437.98, 135374239, 1.81, 4.01, 1.62, 460.92105
2016-03-31, 4, gao_du, 9.88, 9.18, -1.71, 9.34, 9.21, 9.35, 9.17, 113104.02, 104457261, 1.40, 1.93, 1.09, 3128.14689
2016-04-01, 4, gao_du, 9.86, 9.34, 1.74, 9.18, 9.31, 9.68, 9.31, 210531.48, 199491430, 2.60, 4.03, 1.94, 4444.84186
2016-04-05, 5, qiang_lie, 9.86, 9.45, 1.18, 9.34, 9.35, 9.55, 9.28, 114127.46, 107569319, 1.41, 2.89, 0.83, 1250.25296
2016-04-06, 5, qiang_lie, 9.85, 9.42, -0.32, 9.45, 9.38, 9.49, 9.35, 76968.87, 72433782, 0.95, 1.48, 0.54, 2540.05313
2016-04-07, 4, gao_du, 9.85, 9.20, -2.34, 9.42, 9.45, 9.46, 9.18, 92565.32, 85870903, 1.14, 2.97, 0.70, 4484.09009
2016-04-08, 4, gao_du, 9.84, 9.13, -0.76, 9.20, 9.10, 9.19, 9.04, 57996.17, 52850518, 0.72, 1.63, 0.48, 795.95613
2016-04-11, 4, gao_du, 9.83, 9.22, 0.99, 9.13, 9.20, 9.26, 9.01, 106258.14, 97644315, 1.31, 2.74, 0.96, 617.558
2016-04-12, 4, gao_du, 9.83, 9.10, -1.30, 9.22, 9.16, 9.20, 9.02, 65821.86, 59839406, 0.81, 1.95, 0.73, 2637.89392
2016-04-13, 4, gao_du, 9.82, 9.24, 1.54, 9.10, 9.14, 9.35, 9.11, 102296.21, 94823499, 1.27, 2.64, 1.28, 802.4199
2016-04-14, 4, gao_du, 9.81, 9.23, -0.11, 9.24, 9.26, 9.30, 9.11, 103300.97, 94849146, 1.28, 2.06, 1.22, 4765.82289
2016-04-15, 4, gao_du, 9.81, 9.19, -0.43, 9.23, 9.21, 9.25, 9.13, 69601.35, 63978307, 0.86, 1.30, 0.80, 2698.47298
2016-04-18, 4, gao_du, 9.80, 9.17, -0.22, 9.19, 9.15, 9.27, 9.12, 87405.36, 80476079, 1.08, 1.63, 0.98, 4176.3401
2016-04-19, 5, qiang_lie, 9.79, 9.37, 2.18, 9.17, 9.17, 9.44, 9.17, 125660.56, 117169570, 1.55, 2.94, 1.47, 754.90189
2016-04-20, 5, qiang_lie, 9.78, 8.91, -4.91, 9.37, 9.39, 9.40, 8.80, 120149.98, 108960251, 1.49, 6.40, 1.23, 4681.07104
2016-04-21, 4, gao_du, 9.77, 8.81, -1.12, 8.91, 8.88, 9.03, 8.80, 63137.98, 56420904, 0.78, 2.58, 0.62, 2847.72801
2016-04-22, 4, gao_du, 9.77, 8.86, 0.57, 8.81, 8.78, 8.88, 8.76, 43635.05, 38462548, 0.54, 1.36, 0.47, 1131.55794
2016-04-25, 3, zhong_du, 9.76, 8.70, -1.81, 8.86, 8.90, 8.90, 8.58, 86398.72, 75149293, 1.07, 3.61, 0.98, 1706.43902
2016-04-26, 3, zhong_du, 9.75, 8.75, 0.57, 8.70, 8.72, 8.78, 8.62, 52455.15, 45564218, 0.65, 1.84, 0.60, 4453.24421
2016-04-27, 3, zhong_du, 9.74, 8.87, 1.37, 8.75, 8.74, 8.97, 8.73, 70138.6, 62162672, 0.87, 2.74, 0.96, 2750.87118
2016-04-28, 3, zhong_du, 9.74, 8.82, -0.56, 8.87, 8.88, 8.89, 8.66, 48577.95, 42591793, 0.60, 2.59, 0.77, 747.50185
2016-04-29, 3, zhong_du, 9.73, 9.01, 2.15, 8.82, 8.78, 9.08, 8.78, 79606.24, 71547573, 0.98, 3.40, 1.32, 3204.04911
2016-05-03, 3, zhong_du, 9.72, 9.43, 4.66, 9.01, 8.98, 9.56, 8.98, 183709.08, 172233524, 2.27, 6.44, 2.72, 1561.54108
2016-05-04, 4, gao_du, 9.72, 9.34, -0.95, 9.43, 9.43, 9.49, 9.28, 115647.95, 108592022, 1.43, 2.23, 1.33, 975.49891
2016-05-05, 4, gao_du, 9.71, 9.35, 0.11, 9.34, 9.30, 9.38, 9.21, 65253.88, 60713200, 0.81, 1.82, 0.66, 4581.65503
2016-05-06, 5, qiang_lie, 9.70, 9.27, -0.86, 9.35, 9.60, 9.77, 9.22, 241138.89, 229067382, 2.98, 5.88, 2.45, 1641.76488
2016-05-09, 4, gao_du, 9.69, 9.15, -1.29, 9.27, 9.16, 9.30, 8.89, 123830.3, 112983064, 1.53, 4.42, 0.90, 1245.52488
2016-05-10, 4, gao_du, 9.69, 9.37, 2.40, 9.15, 9.17, 9.46, 9.11, 140483.57, 131105922, 1.74, 3.83, 0.96, 2724.28489
2016-05-11, 4, gao_du, 9.69, 9.58, 2.24, 9.37, 9.59, 10.10, 9.50, 418535.21, 409987203, 5.18, 6.40, 3.05, 2769.69981
2016-05-12, 4, gao_du, 9.69, 9.65, 0.73, 9.58, 9.40, 9.68, 9.21, 236991.58, 223886665, 2.93, 4.91, 1.20, 3262.50601
2016-05-13, 4, gao_du, 9.68, 9.50, -1.55, 9.65, 9.56, 9.90, 9.38, 204155.39, 197332200, 2.53, 5.39, 0.88, 968.961
2016-05-16, 4, gao_du, 9.68, 9.59, 0.95, 9.50, 9.40, 9.59, 9.19, 156124.65, 146548968, 1.93, 4.21, 0.69, 14581.43806
2016-05-17, 4, gao_du, 9.67, 9.36, -2.40, 9.59, 9.59, 9.70, 9.32, 129307.25, 122841781, 1.60, 3.96, 0.56, 1003.37219
2016-05-18, 3, zhong_du, 9.66, 8.97, -4.17, 9.36, 9.24, 9.32, 8.85, 158580.35, 143834074, 1.96, 5.02, 0.69, 3767.39502
2016-05-19, 3, zhong_du, 9.65, 8.90, -0.78, 8.97, 8.91, 9.07, 8.85, 98377.33, 88152904, 1.22, 2.45, 0.56, 1258.63099
2016-05-20, 2, qing_du, 9.65, 8.91, 0.11, 8.90, 8.81, 8.93, 8.73, 82226.69, 72758710, 1.02, 2.25, 0.55, 1188.14397
2016-05-23, 1, wei_ruo, 9.64, 8.98, 0.79, 8.91, 8.96, 9.02, 8.90, 89967.6, 80551416, 1.11, 1.35, 0.72, 4067.23213
2016-05-24, 1, wei_ruo, 9.63, 9.42, 4.90, 8.98, 9.17, 9.82, 9.17, 344960.4, 326172196, 4.27, 7.24, 3.09, 1077.11411
2016-05-25, 2, qing_du, 9.63, 9.39, -0.32, 9.42, 9.47, 9.47, 9.23, 148095.14, 138529392, 1.83, 2.55, 1.33, 766.82305
2016-05-26, 2, qing_du, 9.62, 9.38, -0.11, 9.39, 9.32, 9.40, 9.05, 135150.65, 124880166, 1.67, 3.73, 1.21, 817.91902
2016-05-27, 3, zhong_du, 9.62, 9.34, -0.43, 9.38, 9.41, 9.54, 9.29, 113705.06, 107020044, 1.41, 2.67, 1.02, 2665.22789
2016-05-30, 3, zhong_du, 9.61, 9.09, -2.68, 9.34, 9.30, 9.30, 9.06, 96778.92, 88493426, 1.20, 2.57, 0.87, 1352.96702
2016-05-31, 2, qing_du, 9.61, 9.44, 3.85, 9.09, 9.04, 9.49, 9.04, 166495.88, 155641545, 2.06, 4.95, 1.49, 656.6751
2016-06-01, 2, qing_du, 9.60, 9.49, 0.53, 9.44, 9.44, 9.60, 9.40, 151138.32, 143501028, 1.87, 2.12, 1.35, 715.62004
2016-06-02, 3, zhong_du, 9.60, 9.84, 3.69, 9.49, 9.46, 9.85, 9.43, 257364.38, 249752978, 3.18, 4.43, 2.30, 691.44607
2016-06-03, 3, zhong_du, 9.63, 9.83, -0.10, 9.84, 9.77, 10.24, 9.65, 309059.52, 306930106, 3.82, 6.00, 2.77, 809.46612
2016-06-06, 3, zhong_du, 9.63, 9.77, -0.61, 9.83, 9.84, 9.89, 9.68, 142161.89, 138771532, 1.76, 2.14, 1.27, 817.97194
2016-06-07, 4, gao_du, 9.64, 9.97, 2.05, 9.77, 9.79, 10.03, 9.67, 162380.69, 160099726, 2.01, 3.68, 1.45, 4294.82222
2016-06-08, 4, gao_du, 9.64, 9.77, -2.01, 9.97, 9.95, 10.05, 9.71, 140378.94, 137861597, 1.74, 3.41, 1.26, 894.907
2016-06-13, 4, gao_du, 9.64, 9.31, -4.71, 9.77, 9.60, 9.76, 9.30, 157087.62, 149999036, 1.94, 4.71, 1.41, 788.32006
2016-06-14, 3, zhong_du, 9.63, 9.47, 1.72, 9.31, 9.31, 9.49, 9.31, 88597.48, 83379024, 1.10, 1.93, 0.79, 713.78398
2016-06-15, 3, zhong_du, 9.63, 9.74, 2.85, 9.47, 9.35, 9.75, 9.33, 123670.18, 119207738, 1.53, 4.44, 1.11, 3820.33896
2016-06-16, 3, zhong_du, 9.64, 9.81, 0.72, 9.74, 9.70, 9.96, 9.61, 156112.05, 152989559, 1.93, 3.59, 1.40, 2756.92987
2016-06-17, 3, zhong_du, 9.64, 9.86, 0.51, 9.81, 9.78, 9.95, 9.78, 130037.52, 128079803, 1.61, 1.73, 1.16, 2734.0591
2016-06-20, 4, gao_du, 9.65, 10.17, 3.14, 9.86, 9.88, 10.18, 9.74, 175965.11, 175750572, 2.18, 4.46, 1.58, 4639.72807
2016-06-21, 4, gao_du, 9.66, 9.91, -2.56, 10.17, 10.16, 10.27, 9.90, 161656, 163389421, 2.00, 3.64, 1.45, 2795.94612
2016-06-22, 5, qiang_lie, 9.66, 10.06, 1.51, 9.91, 9.93, 10.10, 9.85, 77249.42, 77350830, 0.96, 2.52, 0.69, 1211.76505
2016-06-23, 5, qiang_lie, 9.66, 9.88, -1.79, 10.06, 10.05, 10.06, 9.80, 89291.69, 88405815, 1.10, 2.58, 0.80, 3344.39206
2016-06-24, 5, qiang_lie, 9.66, 9.82, -0.61, 9.88, 9.90, 10.00, 9.65, 112764.61, 110908917, 1.39, 3.54, 1.01, 834.6169
2016-06-27, 4, gao_du, 9.67, 10.05, 2.34, 9.82, 9.82, 10.07, 9.72, 100799.07, 100568550, 1.25, 3.56, 0.90, 1377.36917
2016-06-28, 5, qiang_lie, 9.67, 10.15, 1.00, 10.05, 10.02, 10.24, 9.97, 116671.5, 118097727, 1.44, 2.69, 1.04, 1242.47479
2016-06-30, 5, qiang_lie, 9.69, 10.29, 1.98, 10.09, 10.13, 10.41, 10.06, 138115.12, 142024255, 1.71, 3.47, 1.24, 1256.39987
2016-07-01, 5, qiang_lie, 9.70, 10.30, 0.10, 10.29, 10.27, 10.37, 10.16, 83890.83, 86027539, 1.04, 2.04, 0.75, 588.16886
2016-07-04, 5, qiang_lie, 9.70, 10.36, 0.58, 10.30, 10.24, 10.46, 10.20, 102806.46, 106530975, 1.27, 2.52, 0.92, 1536.85212
2016-07-05, 5, qiang_lie, 9.71, 10.47, 1.06, 10.36, 10.35, 10.50, 10.30, 115343.91, 120259281, 1.43, 1.93, 1.03, 598.23298
2016-07-06, 5, qiang_lie, 9.74, 10.78, 2.96, 10.47, 10.45, 10.92, 10.36, 246771.37, 264305747, 3.05, 5.35, 2.21, 4620.07904
2016-07-07, 5, qiang_lie, 9.76, 10.53, -2.32, 10.78, 10.81, 10.82, 10.48, 195927.73, 207939673, 2.42, 3.15, 1.75, 805.72414
2016-07-08, 5, qiang_lie, 9.77, 10.43, -0.95, 10.53, 10.46, 10.57, 10.38, 114388.33, 119599879, 1.41, 1.80, 1.02, 4519.08302
2016-07-11, 5, qiang_lie, 9.80, 10.72, 2.78, 10.43, 10.45, 10.97, 10.43, 228540.78, 245933759, 2.83, 5.18, 2.05, 2697.40486
2016-07-12, 5, qiang_lie, 9.82, 10.80, 0.75, 10.72, 10.72, 11.05, 10.65, 184891.47, 200349406, 2.29, 3.73, 1.66, 15036.01694
2016-07-13, 5, qiang_lie, 9.84, 10.73, -0.65, 10.80, 10.80, 10.92, 10.67, 169156.36, 182007184, 2.09, 2.31, 1.51, 744.37118
2016-07-14, 5, qiang_lie, 9.87, 10.93, 1.86, 10.73, 10.76, 11.10, 10.75, 197864.08, 216305340, 2.45, 3.26, 1.77, 2664.93392
2016-07-15, 5, qiang_lie, 9.88, 10.79, -1.28, 10.93, 10.78, 10.93, 10.72, 105795.76, 114402093, 1.31, 1.92, 0.95, 661.3059
2016-07-18, 5, qiang_lie, 9.89, 10.70, -0.83, 10.79, 10.80, 10.86, 10.67, 88161.72, 94786421, 1.09, 1.76, 0.81, 659.28316
2016-07-19, 5, qiang_lie, 9.90, 10.56, -1.22, 10.69, 10.66, 10.70, 10.46, 110969.46, 116955068, 1.37, 2.25, 0.99, 599.04814
2016-07-20, 5, qiang_lie, 9.91, 10.60, 0.38, 10.56, 10.59, 10.73, 10.56, 71290.53, 75917330, 0.88, 1.61, 0.64, 504.20499
2016-07-21, 5, qiang_lie, 9.92, 10.67, 0.66, 10.60, 10.64, 10.74, 10.60, 57022.73, 60920215, 0.71, 1.32, 0.51, 686.84816
2016-07-22, 5, qiang_lie, 9.93, 10.42, -2.34, 10.67, 10.72, 10.72, 10.38, 84569.18, 89051767, 1.05, 3.19, 0.76, 4630.76282
2016-07-25, 5, qiang_lie, 9.93, 10.48, 0.58, 10.42, 10.39, 10.59, 10.35, 76308.81, 79876557, 0.94, 2.30, 0.68, 4711.308
2016-07-26, 5, qiang_lie, 9.94, 10.63, 1.43, 10.48, 10.49, 10.64, 10.41, 58594.68, 61894957, 0.72, 2.19, 0.52, 1243.06417
2016-07-27, 5, qiang_lie, 9.95, 10.24, -3.67, 10.63, 10.69, 10.74, 9.90, 157645.13, 162349503, 1.95, 7.90, 1.41, 6433.64191
2016-07-28, 5, qiang_lie, 9.95, 10.27, 0.29, 10.24, 10.19, 10.33, 10.12, 82421.11, 84345222, 1.02, 2.05, 0.74, 641.29806
2016-07-29, 4, gao_du, 9.95, 10.22, -0.49, 10.27, 10.28, 10.38, 10.20, 56506.46, 58131232, 0.70, 1.75, 0.51, 14422.81389
2016-08-01, 4, gao_du, 9.95, 10.07, -1.47, 10.22, 10.16, 10.20, 9.90, 77163.09, 77307146, 0.95, 2.94, 0.69, 2588.30786
2016-08-02, 3, zhong_du, 9.95, 10.13, 0.60, 10.07, 10.05, 10.14, 9.99, 60706.8, 61047682, 0.75, 1.49, 0.54, 14367.18202
2016-08-03, 3, zhong_du, 9.95, 10.10, -0.30, 10.13, 10.11, 10.15, 10.05, 38105.15, 38484580, 0.47, 0.99, 0.39, 2380.51009
2016-08-04, 3, zhong_du, 9.96, 10.21, 1.09, 10.10, 10.11, 10.22, 10.06, 54183.26, 54966681, 0.67, 1.58, 0.73, 14378.793
2016-08-05, 3, zhong_du, 9.96, 10.09, -1.18, 10.21, 10.21, 10.26, 10.00, 76419.59, 77254808, 0.95, 2.55, 1.18, 531.67701
2016-08-08, 3, zhong_du, 9.96, 10.23, 1.39, 10.09, 10.09, 10.24, 10.00, 56385.82, 57169057, 0.70, 2.38, 0.88, 2763.49902
2016-08-09, 3, zhong_du, 9.96, 10.34, 1.08, 10.23, 10.23, 10.34, 10.19, 67645.46, 69501399, 0.84, 1.47, 1.18, 4378.99494
2016-08-10, 3, zhong_du, 9.96, 10.23, -1.06, 10.34, 10.35, 10.35, 10.20, 52099.59, 53507342, 0.64, 1.45, 0.89, 661.63492
2016-08-11, 3, zhong_du, 9.96, 10.16, -0.68, 10.23, 10.22, 10.28, 10.14, 47539.26, 48560574, 0.59, 1.37, 0.77, 340.19113
2016-08-15, 3, zhong_du, 9.97, 10.51, 2.24, 10.28, 10.30, 10.57, 10.25, 108509.45, 113275980, 1.34, 3.11, 1.89, 2519.99211
2016-08-16, 3, zhong_du, 9.98, 10.53, 0.19, 10.51, 10.55, 10.60, 10.46, 68945.89, 72568968, 0.85, 1.33, 1.02, 555.18794
2016-08-17, 3, zhong_du, 9.99, 10.64, 1.04, 10.53, 10.50, 10.76, 10.48, 100978.43, 107508789, 1.25, 2.66, 1.48, 14304.16489
2016-08-18, 3, zhong_du, 9.99, 10.55, -0.85, 10.64, 10.64, 10.67, 10.51, 73440.94, 77600834, 0.91, 1.50, 0.94, 14374.26901
2016-08-19, 3, zhong_du, 9.99, 10.62, 0.66, 10.55, 10.58, 10.63, 10.51, 49412.45, 52298288, 0.61, 1.14, 0.60, 489.77804
2016-08-22, 3, zhong_du, 10.01, 10.65, 0.38, 10.61, 10.65, 10.88, 10.60, 145114.93, 156099758, 1.79, 2.64, 1.81, 661.52096
2016-08-23, 3, zhong_du, 10.02, 10.74, 0.85, 10.65, 10.69, 10.87, 10.61, 91462.51, 98031219, 1.13, 2.44, 1.04, 1257.87401
2016-08-24, 3, zhong_du, 10.02, 10.60, -1.30, 10.74, 10.77, 10.78, 10.52, 64535.77, 68603269, 0.80, 2.42, 0.70, 1653.49388
2016-08-25, 3, zhong_du, 10.02, 10.52, -0.75, 10.60, 10.61, 10.61, 10.36, 68658.66, 71830438, 0.85, 2.36, 0.81, 563.04383
2016-08-26, 3, zhong_du, 10.03, 10.72, 1.90, 10.52, 10.53, 10.74, 10.49, 86675.73, 92327004, 1.07, 2.38, 1.03, 563.17282
2016-08-29, 3, zhong_du, 10.04, 10.87, 1.40, 10.72, 10.66, 10.97, 10.66, 125525.43, 136316385, 1.55, 2.89, 1.38, 2776.78013
2016-08-30, 3, zhong_du, 10.05, 10.74, -1.20, 10.87, 10.88, 10.95, 10.71, 59914.59, 64779604, 0.74, 2.21, 0.69, 909.69396
2016-08-31, 4, gao_du, 10.06, 10.90, 1.49, 10.74, 10.75, 11.00, 10.75, 45034.56, 49174944, 0.56, 2.33, 3.17, 3635.72216
2016-09-01, 4, gao_du, 10.08, 10.66, -2.65, 10.95, 10.99, 11.00, 10.62, 135194.42, 145289228, 1.67, 3.47, 1.41, 2576.76697
2016-09-02, 4, gao_du, 10.08, 10.52, -1.31, 10.66, 10.60, 10.65, 10.46, 74491.91, 78510165, 0.92, 1.78, 0.78, 20980.88694
2016-09-05, 3, zhong_du, 10.08, 10.52, 0.00, 10.52, 10.52, 10.61, 10.39, 86107.56, 90416892, 1.06, 2.09, 0.90, 1989.17985
2016-09-06, 3, zhong_du, 10.08, 10.90, 1.49, 10.74, 10.75, 11.00, 10.75, 45034.56, 49174944, 0.56, 2.33, 3.17, 5795.47596
2016-09-07, 3, zhong_du, 10.08, 10.90, 1.49, 10.74, 10.75, 11.00, 10.75, 45034.56, 49174944, 0.56, 2.33, 3.17, 580.99604
2016-09-08, 3, zhong_du, 10.08, 10.49, 0.29, 10.46, 10.46, 10.51, 10.43, 43015.62, 45034386, 0.53, 0.76, 0.45, 626.38378
2016-09-09, 3, zhong_du, 10.08, 10.41, -0.76, 10.49, 10.49, 10.58, 10.40, 63673.15, 66751133, 0.79, 1.72, 0.66, 4743.30807
2016-09-12, 2, qing_du, 10.08, 10.90, 1.49, 10.74, 10.75, 11.00, 10.75, 45034.56, 49174944, 0.56, 2.33, 3.17, 629.04
2016-09-13, 2, qing_du, 10.08, 10.90, 1.49, 10.74, 10.75, 11.00, 10.75, 45034.56, 49174944, 0.56, 2.33, 3.17, 2553.93195
2016-09-14, 1, wei_ruo, 10.08, 10.90, 1.49, 10.74, 10.75, 11.00, 10.75, 45034.56, 49174944, 0.56, 2.33, 3.17, 845.13998
2016-09-19, 1, wei_ruo, 10.08, 10.11, 0.40, 10.07, 10.07, 10.15, 10.04, 43022.58, 43457993, 0.53, 1.09, 0.45, 660.99715
2016-09-20, 1, wei_ruo, 10.08, 10.09, -0.20, 10.11, 10.20, 10.20, 10.06, 35512.68, 35843750, 0.44, 1.38, 0.37, 2534.53493
2016-09-21, 1, wei_ruo, 10.08, 10.11, 0.20, 10.09, 10.12, 10.16, 10.02, 62203.35, 62794632, 0.77, 1.39, 0.65, 4459.26189
2016-09-22, 1, wei_ruo, 10.08, 10.24, 1.29, 10.11, 10.13, 10.27, 10.09, 62061.47, 63270425, 0.77, 1.78, 0.65, 547.70494
2016-09-23, 1, wei_ruo, 10.08, 10.18, -0.59, 10.24, 10.21, 10.26, 10.16, 43016.31, 43955562, 0.53, 0.98, 0.45, 722.60094
2016-09-26, 1, wei_ruo, 10.08, 9.94, -2.55, 10.20, 10.13, 10.25, 9.91, 50078.66, 50540711, 0.62, 3.33, 0.52, 2654.02102
2016-09-27, 1, wei_ruo, 10.08, 10.02, 0.80, 9.94, 9.98, 10.05, 9.86, 41956.81, 41742956, 0.52, 1.91, 0.44, 2653.37801
2016-09-28, 1, wei_ruo, 10.08, 9.98, -0.40, 10.02, 10.09, 10.09, 9.97, 28456.23, 28470859, 0.35, 1.20, 0.30, 16617.05399
2016-09-29, 1, wei_ruo, 10.08, 10.05, 0.70, 9.98, 10.00, 10.12, 9.98, 27492.06, 27640729, 0.34, 1.40, 0.29, 8251.79195
2016-09-30, 1, wei_ruo, 10.08, 10.09, 0.40, 10.05, 10.02, 10.16, 10.02, 32207.83, 32535140, 0.40, 1.39, 0.34, 868.91413
2016-10-10, 1, wei_ruo, 10.08, 10.24, 1.49, 10.09, 10.13, 10.28, 10.09, 65879.54, 67067921, 0.81, 1.88, 0.69, 657.30906
2016-10-11, 1, wei_ruo, 10.08, 10.25, 0.10, 10.24, 10.28, 10.34, 10.22, 43530.42, 44700669, 0.54, 1.17, 0.45, 877.17199
2016-10-12, 1, wei_ruo, 10.08, 10.33, 0.78, 10.25, 10.23, 10.36, 10.18, 55713.89, 57264074, 0.69, 1.76, 0.58, 493.66283
2016-10-13, 1, wei_ruo, 10.08, 10.30, -0.29, 10.33, 10.41, 10.41, 10.26, 33677.64, 34726511, 0.42, 1.45, 0.35, 3559.90601
2016-10-14, 1, wei_ruo, 10.10, 10.26, -0.39, 10.30, 10.34, 10.35, 10.24, 34087.74, 35047446, 0.42, 1.07, 0.35, 4292.49907
2016-10-17, 1, wei_ruo, 10.11, 10.29, 0.29, 10.26, 10.28, 10.34, 10.23, 12868.71, 13241717, 0.16, 1.07, 0.27, 1843.07313
2016-10-18, 1, wei_ruo, 10.11, 10.36, 1.67, 10.19, 10.23, 10.38, 10.17, 47695.23, 49068809, 0.59, 2.06, 0.50, 526.15285
2016-10-19, 1, wei_ruo, 10.11, , , , , , , , , , , , 495.35704
2016-10-20, 1, wei_ruo, 10.11, 10.24, -0.29, 10.27, 10.28, 10.32, 10.21, 32495.45, 33314592, 0.40, 1.07, 0.39, 4697.47305
2016-10-21, 1, wei_ruo, 10.11, 10.19, -0.49, 10.24, 10.27, 10.28, 10.07, 48112.71, 48914656, 0.60, 2.05, 0.76, 5510.4351
2016-10-24, 1, wei_ruo, 10.11, 10.32, 1.18, 10.20, 10.21, 10.35, 10.17, 57514.41, 59136196, 0.71, 1.76, 0.93, 676.10192
2016-10-25, 1, wei_ruo, 10.11, 10.39, 0.68, 10.32, 10.34, 10.39, 10.27, 56446.32, 58352345, 0.70, 1.16, 0.91, 6403.78213
2016-10-26, 1, wei_ruo, 10.12, 10.49, 0.96, 10.39, 10.36, 10.73, 10.35, 161782.28, 170520347, 2.00, 3.66, 2.60, 2546.20886
2016-10-27, 1, wei_ruo, 10.12, 10.35, -1.33, 10.49, 10.40, 10.45, 10.25, 86561.64, 89562673, 1.07, 1.91, 1.39, 2701.06316
2016-10-28, 1, wei_ruo, 10.12, 10.34, -0.19, 10.36, 10.35, 10.39, 10.28, 45970.97, 47500447, 0.57, 1.06, 0.74, 4518.38803
2016-10-31, 1, wei_ruo, 10.12, 10.27, -0.68, 10.34, 10.35, 10.35, 10.20, 49917.86, 51196559, 0.62, 1.45, 0.81, 676.02706
2016-11-01, 1, wei_ruo, 10.13, 10.34, 0.58, 10.28, 10.29, 10.35, 10.26, 44008.92, 45372691, 0.54, 0.88, 0.71, 519.06586
2016-11-02, 1, wei_ruo, 10.13, 10.27, -0.68, 10.34, 10.31, 10.31, 10.23, 46581.37, 47801070, 0.58, 0.77, 0.75, 553.22504
2016-11-03, 1, wei_ruo, 10.13, 10.13, -1.17, 10.25, 10.24, 10.24, 9.98, 132907.94, 134204902, 1.64, 2.54, 2.14, 530.80606
2016-11-04, 1, wei_ruo, 10.13, 10.14, 0.10, 10.13, 10.10, 10.14, 10.03, 68143.85, 68759334, 0.84, 1.09, 1.10, 731.75406
2016-11-07, 1, wei_ruo, 10.13, 10.17, 0.30, 10.14, 10.13, 10.21, 10.08, 54956.26, 55754263, 0.68, 1.28, 0.88, 667.05012
2016-11-08, 1, wei_ruo, 10.13, 10.18, 0.10, 10.17, 10.18, 10.23, 10.14, 51617.55, 52558892, 0.64, 0.88, 0.83, 452.99721
2016-11-09, 1, wei_ruo, 10.13, 10.14, -0.39, 10.18, 10.16, 10.20, 10.01, 55682.09, 56308381, 0.69, 1.87, 0.90, 609.128
2016-11-10, 1, wei_ruo, 10.13, 10.20, 0.59, 10.14, 10.18, 10.28, 10.17, 80033.21, 81695814, 0.99, 1.08, 1.29, 811.2309
2016-11-11, 1, wei_ruo, 10.13, 10.20, 0.10, 10.19, 10.22, 10.22, 10.14, 79425.1, 80890862, 0.98, 0.79, 1.28, 2756.99592
2016-11-14, 1, wei_ruo, 10.13, 10.20, 0.00, 10.20, 10.20, 10.25, 10.16, 84401.56, 86112256, 1.04, 0.88, 1.36, 488.01184
2016-11-15, 1, wei_ruo, 10.13, 10.16, -0.39, 10.20, 10.21, 10.21, 10.14, 33365.19, 33924435, 0.41, 0.69, 1.07, 2586.97295
2016-11-16, 1, wei_ruo, 10.13, 10.22, -0.49, 10.27, 10.27, 10.27, 10.19, 25605.57, 26185691, 0.32, 0.78, 0.82, 495.67986
2016-11-17, 1, wei_ruo, 10.13, 10.16, -0.39, 10.20, 10.21, 10.21, 10.14, 33365.19, 33924435, 0.41, 0.69, 1.07, 548.77496
2016-11-18, 1, wei_ruo, 10.13, 10.16, -0.39, 10.20, 10.21, 10.21, 10.14, 33365.19, 33924435, 0.41, 0.69, 1.07, 651.98302
2016-11-21, 1, wei_ruo, 10.13, 10.23, 0.20, 10.21, 10.16, 10.27, 10.15, 57034.74, 58228075, 0.71, 1.18, 0.92, 435.2231
2016-11-22, 1, wei_ruo, 10.13, 10.25, 0.20, 10.23, 10.23, 10.26, 10.18, 69298.73, 70766957, 0.86, 0.78, 1.12, 2013.062
2016-11-23, 1, wei_ruo, 10.13, 10.24, -0.10, 10.25, 10.27, 10.31, 10.23, 74805.08, 76854137, 0.93, 0.78, 1.20, 527.58002
2016-11-24, 1, wei_ruo, 10.14, 10.45, 2.05, 10.24, 10.25, 10.48, 10.24, 174156.6, 180725500, 2.15, 2.34, 2.80, 569.65494
2016-11-25, 1, wei_ruo, 10.14, 10.35, -0.96, 10.45, 10.42, 10.45, 10.26, 98399.61, 101632023, 1.22, 1.82, 1.58, 620.87107
2016-11-28, 2, qing_du, 10.14, 10.36, 0.10, 10.35, 10.35, 10.44, 10.33, 82357.12, 85534759, 1.02, 1.06, 1.33, 499.0561
2016-11-29, 2, qing_du, 10.15, 10.43, 0.58, 10.37, 10.35, 10.50, 10.33, 114925.25, 119965397, 1.42, 1.64, 1.85, 362.13803
2016-11-30, 2, qing_du, 10.15, 10.37, -0.48, 10.42, 10.44, 10.63, 10.36, 99984.25, 104779909, 1.24, 2.59, 1.62, 468.43314
2016-12-01, 2, qing_du, 10.15, 10.35, -0.19, 10.37, 10.33, 10.45, 10.26, 87215.79, 90137347, 1.08, 1.83, 1.40, 1185.09698
2016-12-02, 2, qing_du, 10.15, 10.07, -2.71, 10.35, 10.36, 10.37, 10.03, 105402.71, 107191847, 1.30, 3.29, 1.70, 608.26707
2016-12-05, 1, wei_ruo, 10.15, 10.11, 0.40, 10.07, 10.02, 10.13, 9.99, 74024.49, 74352452, 0.92, 1.39, 1.19, 731.36091
2016-12-06, 1, wei_ruo, 10.15, 10.03, -0.79, 10.11, 10.09, 10.14, 10.02, 53005.39, 53317109, 0.66, 1.19, 0.85, 637.32505
2016-12-07, 1, wei_ruo, 10.15, 10.10, 0.70, 10.03, 10.05, 10.10, 10.01, 38475.4, 38679945, 0.48, 0.90, 0.62, 418.8621
2016-12-08, 1, wei_ruo, 10.15, 10.12, 0.20, 10.10, 10.10, 10.24, 10.07, 61679.38, 62654380, 0.76, 1.68, 0.99, 1124.81308
2016-12-09, 1, wei_ruo, 10.15, 10.13, 0.10, 10.12, 10.10, 10.21, 10.05, 50656.16, 51401164, 0.63, 1.58, 0.82, 629.3509
2016-12-12, 1, wei_ruo, 10.15, 9.61, -5.13, 10.13, 10.14, 10.18, 9.50, 121293.14, 119447709, 1.50, 6.71, 1.95, 463.31
2016-12-13, 1, wei_ruo, 10.14, 9.78, 1.77, 9.61, 9.64, 9.80, 9.51, 65537, 63342931, 0.81, 3.02, 1.05, 1414.95705
2016-12-14, 1, wei_ruo, 10.14, 9.74, -0.41, 9.78, 9.74, 9.87, 9.72, 46416.77, 45472980, 0.57, 1.53, 0.75, 528.42522
2016-12-15, 1, wei_ruo, 10.14, 9.76, 0.21, 9.74, 9.76, 9.90, 9.68, 55399.4, 54214093, 0.69, 2.26, 0.89, 568.10212
2016-12-16, 1, wei_ruo, 10.14, 9.91, 1.54, 9.76, 9.80, 9.92, 9.73, 66739.56, 65765901, 0.83, 1.95, 1.07, 578.21584
2016-12-19, 1, wei_ruo, 10.13, 9.89, -0.20, 9.91, 9.91, 9.91, 9.82, 31231.13, 30776072, 0.39, 0.91, 0.50, 702.64316
2016-12-20, 1, wei_ruo, 10.13, 9.79, -1.01, 9.89, 9.88, 9.89, 9.74, 29594.57, 28993951, 0.37, 1.52, 0.48, 606.59218
2016-12-21, 1, wei_ruo, 10.13, 9.87, 0.82, 9.79, 9.79, 9.90, 9.79, 53174.77, 52432424, 0.66, 1.12, 0.86, 552.315
2016-12-22, 1, wei_ruo, 10.13, 9.90, 0.30, 9.87, 9.88, 9.93, 9.81, 36785.82, 36351207, 0.45, 1.22, 0.59, 950.91605
2016-12-23, 1, wei_ruo, 10.13, 10.02, 1.21, 9.90, 9.87, 10.24, 9.87, 119607.12, 120144439, 1.48, 3.74, 1.92, 462.0049
2016-12-26, 1, wei_ruo, 10.13, 10.17, 1.50, 10.02, 10.02, 10.25, 10.01, 93287.66, 94574545, 1.15, 2.40, 1.50, 608.98185
2016-12-27, 1, wei_ruo, 10.13, 10.25, 0.79, 10.17, 10.15, 10.35, 10.09, 102899.86, 105201165, 1.27, 2.56, 1.66, 2517.38501
2016-12-28, 2, qing_du, 10.13, 10.18, -0.68, 10.25, 10.21, 10.26, 10.11, 35800.54, 36403607, 0.44, 1.46, 0.58, 552.16789
2016-12-30, 2, qing_du, 10.13, 10.24, 0.10, 10.23, 10.30, 10.30, 10.11, 58672.95, 59968964, 0.73, 1.86, 0.94, 685.04214
2017-01-04, 3, zhong_du, 10.14, 10.36, 0.39, 10.32, 10.34, 10.38, 10.26, 58854.04, 60828259, 0.73, 1.16, 0.95, 585.54101
2017-01-05, 3, zhong_du, 10.14, 10.45, 0.87, 10.36, 10.32, 10.55, 10.32, 89691.03, 93829634, 1.11, 2.22, 1.44, 582.27706
2017-01-06, 3, zhong_du, 10.14, 10.47, 0.19, 10.45, 10.42, 10.54, 10.30, 99307.79, 103936874, 1.23, 2.30, 1.60, 818.37106
2017-01-09, 3, zhong_du, 10.15, 10.56, 0.86, 10.47, 10.48, 10.68, 10.48, 122269.24, 129145876, 1.51, 1.91, 1.97, 605.82519
2017-01-10, 4, gao_du, 10.15, 10.41, -1.42, 10.56, 10.55, 10.62, 10.38, 96804.57, 101822748, 1.20, 2.27, 1.56, 596.591
2017-01-11, 4, gao_du, 10.15, 10.57, 0.09, 10.56, 10.55, 10.61, 10.50, 34065.55, 35953309, 0.42, 1.04, 1.10, 2649.98698
2017-01-13, 3, zhong_du, 10.15, 10.03, -2.72, 10.31, 10.30, 10.36, 10.00, 64171.25, 65623481, 0.79, 3.49, 1.03, 608.253
2017-01-16, 3, zhong_du, 10.15, 10.57, 0.09, 10.56, 10.55, 10.61, 10.50, 34065.55, 35953309, 0.42, 1.04, 1.10, 603.7941
2017-01-17, 2, qing_du, 10.15, 10.57, 0.09, 10.56, 10.55, 10.61, 10.50, 34065.55, 35953309, 0.42, 1.04, 1.10, 576.56693
2017-01-18, 2, qing_du, 10.15, 10.57, 0.09, 10.56, 10.55, 10.61, 10.50, 34065.55, 35953309, 0.42, 1.04, 1.10, 4950.34599
2017-02-07, 5, qiang_lie, 10.17, 10.39, -0.57, 10.45, 10.45, 10.50, 10.35, 23702.67, 24627630, 0.29, 1.44, 0.86, 4694.80586
2017-02-08, 5, qiang_lie, 10.17, 10.57, 1.15, 10.45, 10.45, 10.60, 10.35, 85792.97, 89864120, 1.06, 2.39, 1.38, 649.94311
2017-02-09, 5, qiang_lie, 10.27, 11.17, 5.68, 10.57, 10.72, 11.63, 10.72, 685336.65, 773710075, 8.48, 8.61, 14.16, 1112.02312
2017-02-10, 5, qiang_lie, 10.30, 11.08, -1.69, 11.27, 11.12, 11.29, 11.05, 332723.31, 370662064, 4.12, 2.13, 5.35, 3558.44712
2017-02-13, 5, qiang_lie, 10.33, 11.11, 0.27, 11.08, 11.06, 11.30, 10.99, 284117.78, 316471951, 3.51, 2.80, 4.57, 4737.78605
2017-02-14, 5, qiang_lie, 10.35, 11.18, 0.63, 11.11, 11.05, 11.24, 11.03, 167010.72, 186260573, 2.07, 1.89, 2.69, 672.26005
2017-02-15, 4, gao_du, 10.36, 10.94, -2.15, 11.18, 11.19, 11.24, 10.90, 173088.33, 191144303, 2.14, 3.04, 2.79, 4612.81896
2017-02-16, 4, gao_du, 10.37, 11.00, 0.55, 10.94, 10.91, 11.07, 10.86, 130639.79, 143316013, 1.62, 1.92, 2.10, 895.58601
2017-02-17, 4, gao_du, 10.39, 11.06, 0.55, 11.00, 11.00, 11.23, 10.96, 180259.84, 200322147, 2.23, 2.45, 2.90, 575.6011
2017-02-20, 4, gao_du, 10.41, 11.06, 0.55, 11.00, 11.00, 11.23, 10.96, 180259.84, 200322147, 2.23, 2.45, 2.90, 634.99498
2017-02-21, 5, qiang_lie, 10.43, 11.06, 0.55, 11.00, 11.00, 11.23, 10.96, 180259.84, 200322147, 2.23, 2.45, 2.90, 702.03996
2017-02-22, 5, qiang_lie, 10.44, 11.29, 0.44, 11.24, 11.21, 11.36, 11.16, 130881.49, 147446083, 1.62, 1.78, 2.11, 4592.29898
2017-02-23, 5, qiang_lie, 10.45, 11.08, -1.86, 11.29, 11.31, 11.31, 11.03, 126923.4, 141335388, 1.57, 2.48, 2.04, 4858.52098
2017-02-24, 5, qiang_lie, 10.46, 11.09, 0.09, 11.08, 11.05, 11.10, 10.99, 21571.28, 23834340, 0.27, 0.99, 1.89, 1173.44785
2017-02-27, 5, qiang_lie, 10.46, 10.83, -2.43, 11.10, 11.08, 11.10, 10.80, 126145.28, 137750403, 1.56, 2.70, 2.03, 658.02383
2017-02-28, 4, gao_du, 10.47, 10.87, 0.37, 10.83, 10.81, 10.88, 10.76, 62612.02, 67719456, 0.77, 1.11, 1.01, 1924.85785
2017-03-01, 4, gao_du, 10.47, 10.80, -0.64, 10.87, 10.87, 10.96, 10.78, 81077.91, 88261889, 1.00, 1.66, 1.30, 825.73104
2017-03-02, 4, gao_du, 10.47, 10.74, -0.56, 10.80, 10.84, 10.87, 10.69, 75645.45, 81371765, 0.94, 1.67, 1.22, 1242.73896
2017-03-03, 3, zhong_du, 10.48, 10.74, 0.00, 10.74, 10.71, 10.82, 10.66, 61890.73, 66615442, 0.77, 1.49, 1.00, 4863.07693
2017-03-06, 3, zhong_du, 10.48, 10.82, 0.74, 10.74, 10.77, 10.87, 10.69, 77629.09, 83878077, 0.96, 1.68, 1.25, 4634.00817
2017-03-07, 3, zhong_du, 10.48, 10.74, -0.83, 10.83, 10.79, 10.79, 10.67, 43948.18, 47094786, 0.54, 1.11, 1.41, 982.46503
2017-03-08, 3, zhong_du, 10.49, 10.71, -1.11, 10.83, 10.79, 10.79, 10.67, 69420.33, 74355976, 0.86, 1.11, 1.12, 675.52018
2017-03-09, 3, zhong_du, 10.49, 10.59, -1.12, 10.71, 10.71, 10.72, 10.52, 78159.09, 82867548, 0.97, 1.87, 1.26, 3500.62084
2017-03-10, 3, zhong_du, 10.49, 10.61, 0.19, 10.59, 10.63, 10.73, 10.56, 62442.21, 66434298, 0.77, 1.61, 1.00, 616.117
2017-03-13, 3, zhong_du, 10.49, 10.70, 0.85, 10.61, 10.61, 10.72, 10.55, 74148.66, 79024178, 0.92, 1.60, 1.19, 669.70301
2017-03-14, 3, zhong_du, 10.49, 10.60, -0.93, 10.70, 10.70, 10.73, 10.51, 84845.12, 90064649, 1.05, 2.06, 1.37, 618.23416
2017-03-15, 3, zhong_du, 10.49, 10.57, -0.28, 10.60, 10.60, 10.67, 10.51, 66370.96, 70321854, 0.82, 1.51, 1.07, 2531.01301
2017-03-16, 3, zhong_du, 10.49, 10.68, 1.04, 10.57, 10.58, 10.69, 10.56, 70666.48, 75175107, 0.87, 1.23, 1.14, 720.43395
2017-03-17, 3, zhong_du, 10.50, 10.63, -0.47, 10.68, 10.67, 10.75, 10.62, 88746.51, 94802497, 1.10, 1.22, 1.43, 667.95301
2017-03-20, 2, qing_du, 10.50, 10.51, -1.13, 10.63, 10.62, 10.65, 10.44, 91662.72, 96473840, 1.13, 1.98, 1.48, 637.53009
2017-03-21, 2, qing_du, 10.50, 10.73, 2.09, 10.51, 10.52, 10.75, 10.50, 132974.07, 141663368, 1.64, 2.38, 2.14, 581.424
2017-03-22, 2, qing_du, 10.50, 10.67, -0.56, 10.73, 10.65, 10.75, 10.54, 87742.54, 93349494, 1.09, 1.96, 1.41, 616.02092
2017-03-23, 2, qing_du, 10.50, 10.68, 0.09, 10.67, 10.67, 10.74, 10.54, 89427.93, 95338840, 1.11, 1.87, 1.44, 630.7981
2017-03-24, 1, wei_ruo, 10.51, 10.80, 1.12, 10.68, 10.69, 10.83, 10.64, 123465.84, 132920111, 1.53, 1.78, 1.99, 584.62501
2017-03-27, 1, wei_ruo, 10.51, 10.73, -0.65, 10.80, 10.81, 10.85, 10.70, 104604.17, 112503791, 1.29, 1.39, 1.68, 633.744
2017-03-28, 1, wei_ruo, 10.51, 10.61, -1.12, 10.73, 10.71, 10.75, 10.56, 74635.49, 79345797, 0.92, 1.77, 1.20, 684.9668
2017-03-29, 1, wei_ruo, 10.51, 10.41, -1.89, 10.61, 10.61, 10.64, 10.41, 106730.1, 111930229, 1.32, 2.17, 1.72, 648.96488
2017-03-30, 1, wei_ruo, 10.51, 10.19, -2.11, 10.41, 10.41, 10.42, 10.12, 93579.89, 96004635, 1.16, 2.88, 1.51, 842.09991
2017-03-31, 1, wei_ruo, 10.50, 10.21, 0.20, 10.19, 10.22, 10.25, 10.13, 55475.31, 56606960, 0.69, 1.18, 0.89, 606.43888
2017-04-05, 1, wei_ruo, 10.50, 10.36, 1.47, 10.21, 10.23, 10.38, 10.20, 59509.88, 61330516, 0.74, 1.76, 0.96, 756.34813
2017-04-06, 1, wei_ruo, 10.50, 10.43, 0.68, 10.36, 10.36, 10.50, 10.27, 80082.01, 83129433, 0.99, 2.22, 1.29, 735.11195
2017-04-07, 1, wei_ruo, 10.50, 10.42, -0.10, 10.43, 10.40, 10.50, 10.39, 53452.56, 55764563, 0.66, 1.05, 0.86, 537.09507
2017-04-10, 1, wei_ruo, 10.50, 10.24, -1.73, 10.42, 10.35, 10.42, 10.20, 56137.13, 57665493, 0.69, 2.11, 0.90, 640.61785
2017-04-11, 1, wei_ruo, 10.50, 10.32, 0.78, 10.24, 10.27, 10.34, 10.21, 53759, 55218088, 0.66, 1.27, 0.87, 617.36202
2017-04-12, 1, wei_ruo, 10.50, 10.35, 0.29, 10.32, 10.33, 10.50, 10.23, 85953.45, 89412769, 1.06, 2.62, 1.38, 688.87401
2017-04-13, 1, wei_ruo, 10.50, 10.40, 0.48, 10.35, 10.32, 10.48, 10.32, 47164.21, 49088411, 0.58, 1.55, 0.76, 667.86194
2017-04-14, 1, wei_ruo, 10.50, 10.23, -1.63, 10.40, 10.37, 10.43, 10.21, 57712.11, 59311825, 0.71, 2.12, 0.93, 659.98697
2017-04-17, 1, wei_ruo, 10.49, 10.33, 0.98, 10.23, 10.21, 10.39, 10.13, 56958.24, 58463687, 0.70, 2.54, 0.92, 707.4542
2017-04-18, 1, wei_ruo, 10.49, 10.02, -3.00, 10.33, 10.33, 10.41, 10.00, 75757.14, 77546492, 0.94, 3.97, 1.22, 760.20312
2017-04-19, 1, wei_ruo, 10.49, 10.08, 0.60, 10.02, 10.00, 10.17, 9.96, 90783.26, 91320113, 1.12, 2.10, 1.46, 709.40804
2017-04-20, 1, wei_ruo, 10.48, 10.36, 2.78, 10.08, 10.04, 10.47, 10.02, 108185.83, 111542632, 1.34, 4.46, 1.74, 700.58298
2017-04-21, 1, wei_ruo, 10.48, 10.30, -0.58, 10.36, 10.28, 10.41, 10.26, 42908.69, 44314177, 0.53, 1.45, 0.69, 596.43388
2017-04-24, 1, wei_ruo, 10.48, 9.93, -3.59, 10.30, 10.30, 10.33, 9.88, 98039.47, 98151960, 1.21, 4.37, 1.58, 640.96785
2017-04-25, 1, wei_ruo, 10.47, 9.90, -0.30, 9.93, 9.91, 10.02, 9.85, 48053.68, 47707081, 0.59, 1.71, 0.77, 874.17793
2017-04-26, 1, wei_ruo, 10.47, 10.02, 1.21, 9.90, 9.99, 10.24, 9.99, 73181.79, 73822249, 0.91, 2.53, 1.18, 879.46892
2017-04-27, 1, wei_ruo, 10.46, 9.98, -0.40, 10.02, 10.00, 10.05, 9.75, 75553.27, 74866958, 0.93, 2.99, 1.22, 743.88719
2017-04-28, 1, wei_ruo, 10.45, 9.66, -3.21, 9.98, 9.88, 9.90, 9.63, 123188.18, 119850725, 1.52, 2.71, 1.98, 668.396
2017-05-02, 1, wei_ruo, 10.44, 9.46, -2.07, 9.66, 9.61, 9.64, 9.43, 92042.39, 87719324, 1.14, 2.17, 1.48, 678.39217
2017-05-03, 1, wei_ruo, 10.44, 9.44, -0.21, 9.46, 9.46, 9.53, 9.37, 49541.56, 46788384, 0.61, 1.69, 0.80, 827.93403
2017-05-04, 1, wei_ruo, 10.43, 9.40, -0.42, 9.44, 9.43, 9.50, 9.35, 49456.07, 46605014, 0.61, 1.59, 0.80, 680.40991
2017-05-05, 1, wei_ruo, 10.42, 9.30, -1.06, 9.40, 9.39, 9.42, 9.28, 51836.96, 48351370, 0.64, 1.49, 0.83, 692.85607
2017-05-11, 1, wei_ruo, 10.39, 8.95, -0.78, 9.02, 9.00, 9.04, 8.80, 64623.4, 57811828, 0.80, 2.66, 1.04, 621.10996
2017-05-12, 1, wei_ruo, 10.39, 9.00, 0.56, 8.95, 9.06, 9.09, 8.95, 40740.62, 36699271, 0.50, 1.56, 0.66, 638.66901
2017-05-15, 1, wei_ruo, 10.38, 9.08, 0.89, 9.00, 9.02, 9.20, 9.02, 42635.7, 38745313, 0.53, 2.00, 0.69, 692.03401
2017-05-17, 1, wei_ruo, 10.36, 9.20, -0.65, 9.26, 9.29, 9.36, 9.17, 52498.25, 48632559, 0.65, 2.05, 0.84, 677.42014
2017-05-18, 1, wei_ruo, 10.36, 9.15, -0.54, 9.20, 9.16, 9.26, 9.14, 31583.06, 29050480, 0.39, 1.30, 0.51, 827.48294
2017-05-19, 1, wei_ruo, 10.36, 9.17, 0.22, 9.15, 9.15, 9.26, 9.13, 23538.33, 21605773, 0.29, 1.42, 0.38, 757.40814
2017-05-22, 1, wei_ruo, 10.34, 8.93, -2.62, 9.17, 9.17, 9.23, 8.88, 68094.18, 61514324, 0.84, 3.82, 1.10, 593.83392
2017-05-23, 1, wei_ruo, 10.34, 8.76, -1.90, 8.93, 8.94, 8.99, 8.76, 44892, 39841368, 0.56, 2.58, 0.72, 924.06392
2017-05-24, 1, wei_ruo, 10.33, 8.87, 1.26, 8.76, 8.77, 8.89, 8.64, 48597.68, 42646434, 0.60, 2.85, 0.78, 638.40008
2017-05-25, 1, wei_ruo, 10.32, 8.95, 0.90, 8.87, 8.88, 8.99, 8.77, 58779.2, 52365775, 0.73, 2.48, 0.95, 668.05601
2017-05-26, 1, wei_ruo, 10.31, 8.96, 0.11, 8.95, 8.96, 9.05, 8.90, 41088.05, 36912677, 0.51, 1.68, 0.66, 694.46802
2017-05-31, 1, wei_ruo, 10.30, 8.94, -0.22, 8.96, 9.05, 9.11, 8.92, 56603, 51044642, 0.70, 2.12, 0.91, 699.17679
2017-06-01, 1, wei_ruo, 10.29, 8.82, -1.34, 8.94, 8.95, 9.00, 8.80, 40093.99, 35654982, 0.50, 2.24, 0.65, 1486.08685
2017-06-02, 1, wei_ruo, 10.29, 8.91, 1.02, 8.82, 8.83, 8.93, 8.75, 47070.25, 41583339, 0.58, 2.04, 0.76, 672.83797
2017-06-05, 1, wei_ruo, 10.28, 8.96, 0.56, 8.91, 8.89, 8.97, 8.87, 38780.79, 34595984, 0.48, 1.12, 0.62, 4694.46015
2017-06-06, 1, wei_ruo, 10.16, 8.90, 0.45, 8.86, 8.89, 8.92, 8.85, 24113.1, 21427760, 0.30, 0.79, 0.39, 31777.98009
2017-06-07, 1, wei_ruo, 10.15, 9.07, 1.91, 8.90, 8.90, 9.07, 8.87, 58256.8, 52427807, 0.72, 2.25, 0.94, 668.83302
2017-06-08, 1, wei_ruo, 10.14, 9.12, 0.55, 9.07, 9.06, 9.16, 9.04, 51621.5, 47036488, 0.64, 1.32, 0.83, 490.01312
2017-06-09, 1, wei_ruo, 10.14, 9.20, 0.88, 9.12, 9.11, 9.34, 9.09, 75738.07, 70047663, 0.94, 2.74, 1.22, 885.24699
2017-06-12, 1, wei_ruo, 10.13, 9.19, -0.11, 9.20, 9.15, 9.29, 9.14, 49399.6, 45584277, 0.61, 1.63, 0.80, 639.76312
2017-06-13, 1, wei_ruo, 10.13, 9.19, 0.00, 9.19, 9.20, 9.25, 9.12, 33026.22, 30298714, 0.41, 1.41, 0.53, 672.44196
2017-06-14, 1, wei_ruo, 10.12, 9.22, 0.33, 9.19, 9.20, 9.27, 9.15, 29687.94, 27340135, 0.37, 1.31, 0.48, 635.94007
2017-06-15, 1, wei_ruo, 10.12, 9.20, -0.22, 9.22, 9.20, 9.25, 9.14, 40133.83, 36906832, 0.50, 1.19, 0.65, 695.79101
2017-06-16, 1, wei_ruo, 10.11, 9.14, -0.65, 9.20, 9.19, 9.24, 9.11, 35933.87, 32935288, 0.44, 1.41, 0.58, 629.84681
2017-06-19, 1, wei_ruo, 10.11, 9.29, 1.64, 9.14, 9.13, 9.29, 9.13, 47185.13, 43577443, 0.58, 1.75, 0.76, 795.17889
2017-06-20, 1, wei_ruo, 10.11, 9.23, -0.65, 9.29, 9.34, 9.34, 9.21, 37786.88, 35011874, 0.47, 1.40, 0.61, 645.48922
2017-06-21, 1, wei_ruo, 10.10, 9.25, 0.22, 9.23, 9.25, 9.27, 9.13, 41100.71, 37815754, 0.51, 1.52, 0.66, 1323.21596
2017-06-22, 1, wei_ruo, 10.10, 9.13, -1.30, 9.25, 9.22, 9.27, 9.12, 48326.65, 44482982, 0.60, 1.62, 0.78, 638.36002
2017-06-23, 2, qing_du, 10.09, 9.09, -0.44, 9.13, 9.12, 9.14, 8.98, 52494.42, 47529182, 0.65, 1.75, 0.84, 860.811
2017-06-26, 2, qing_du, 10.08, 9.20, 1.21, 9.09, 9.08, 9.23, 9.04, 45333.33, 41470140, 0.56, 2.09, 0.73, 3730.53789
2017-06-27, 2, qing_du, 10.08, 9.27, 0.76, 9.20, 9.20, 9.32, 9.19, 52761.15, 48868287, 0.65, 1.41, 0.85, 664.68787
2017-06-28, 3, zhong_du, 10.07, 9.17, -1.08, 9.27, 9.21, 9.26, 9.15, 37097.79, 34104160, 0.46, 1.19, 0.60, 765.08904
2017-06-29, 3, zhong_du, 10.07, 9.20, 0.33, 9.17, 9.19, 9.26, 9.15, 23494.71, 21670651, 0.29, 1.20, 0.38, 3522.012
2017-06-30, 3, zhong_du, 10.07, 9.25, 0.54, 9.20, 9.22, 9.26, 9.17, 24428.49, 22531099, 0.30, 0.98, 0.39, 4490.86308
2017-07-03, 3, zhong_du, 10.07, 9.23, -0.22, 9.25, 9.27, 9.27, 9.15, 33148.29, 30468874, 0.41, 1.30, 0.53, 704.01216
2017-07-04, 3, zhong_du, 10.06, 9.12, -1.19, 9.23, 9.22, 9.23, 9.11, 36441.65, 33349005, 0.45, 1.30, 0.59, 622.998
2017-07-05, 3, zhong_du, 10.06, 9.19, 0.77, 9.12, 9.13, 9.21, 9.12, 27949.66, 25608477, 0.35, 0.99, 0.45, 773.84615
2017-07-06, 3, zhong_du, 10.05, 9.16, -0.33, 9.19, 9.17, 9.20, 9.11, 34755.73, 31785011, 0.43, 0.98, 0.56, 619.14802
2017-07-07, 3, zhong_du, 10.05, 9.17, 0.11, 9.16, 9.14, 9.17, 9.11, 26474.49, 24197308, 0.33, 0.66, 0.43, 793.89596
2017-07-10, 3, zhong_du, 10.05, 9.20, 0.33, 9.17, 9.17, 9.21, 9.15, 36956.36, 33928051, 0.46, 0.65, 0.59, 674.88599
2017-07-11, 4, gao_du, 10.04, 9.17, -0.33, 9.20, 9.20, 9.26, 9.16, 53765.93, 49529310, 0.66, 1.09, 0.87, 1510.50496
2017-07-12, 4, gao_du, 10.03, 9.01, -1.74, 9.17, 9.17, 9.19, 8.97, 60685.48, 54905475, 0.75, 2.40, 0.98, 664.86216
2017-07-13, 3, zhong_du, 10.03, 9.02, 0.11, 9.01, 9.01, 9.05, 8.96, 41541.35, 37415489, 0.51, 1.00, 0.67, 815.53006
2017-07-14, 3, zhong_du, --, 9.09, 0.78, 9.02, 9.02, 9.10, 8.97, 44100.83, 39810052, 0.55, 1.44, 0.71, 744.74311
2017-07-17, 3, zhong_du, --, 8.72, -4.07, 9.09, 9.08, 9.08, 8.71, 77087.99, 68197681, 0.95, 4.07, 1.24, 2456.88796
2017-07-18, 2, qing_du, 10.01, 8.81, 1.03, 8.72, 8.74, 8.82, 8.65, 34980.61, 30544323, 0.43, 1.95, 0.56, 2607.3699
2017-07-19, 2, qing_du, --, 8.90, 1.02, 8.81, 8.76, 8.90, 8.74, 34442.85, 30465446, 0.43, 1.82, 0.55, 706.65598
2017-07-20, 1, wei_ruo, --, 8.96, 0.67, 8.90, 8.89, 8.98, 8.88, 30333.89, 27119619, 0.38, 1.12, 0.49, 1468.54305
2017-07-21, 2, qing_du, --, 8.94, -0.22, 8.96, 8.92, 8.99, 8.91, 24406.08, 21837771, 0.30, 0.89, 0.39, 520.80297
2017-07-24, 2, qing_du, 9.99, 9.04, 1.12, 8.94, 8.94, 9.06, 8.90, 40823.89, 36688061, 0.50, 1.79, 0.66, 724.23887
2017-07-25, 2, qing_du, --, 8.96, -0.88, 9.04, 9.04, 9.04, 8.90, 34679.75, 31074525, 0.43, 1.55, 0.56, 847.06712
2017-07-26, 3, zhong_du, --, 8.95, -0.11, 8.96, 8.95, 8.98, 8.91, 24157.85, 21591832, 0.30, 0.78, 0.39, 883.43906
2017-07-27, 3, zhong_du, 9.98, 9.10, 1.68, 8.95, 8.93, 9.12, 8.89, 58237.69, 52633730, 0.72, 2.57, 0.94, 797.30797
2017-07-28, 3, zhong_du, 9.97, 9.26, 1.76, 9.10, 9.05, 9.32, 9.04, 105120.51, 96985136, 1.30, 3.08, 1.69, 634.08804
2017-07-31, 4, gao_du, 9.95, 9.59, 3.56, 9.26, 9.28, 9.72, 9.28, 216575.2, 207312731, 2.68, 4.75, 3.49, 639.08887
2017-08-01, 5, qiang_lie, 9.95, 9.49, -1.04, 9.59, 9.60, 9.60, 9.41, 96744.49, 91734956, 1.20, 1.98, 1.56, 781.00991
2017-08-02, 5, qiang_lie, 9.94, 9.45, -0.42, 9.49, 9.50, 9.53, 9.40, 75727.84, 71557210, 0.94, 1.37, 1.22, 750.77009
2017-08-03, 5, qiang_lie, 9.94, 9.55, 1.06, 9.45, 9.47, 9.57, 9.42, 68586.28, 65085774, 0.85, 1.59, 1.10, 750.16904
2017-08-04, 5, qiang_lie, 9.94, 9.57, 0.21, 9.55, 9.51, 9.66, 9.46, 94214.43, 90069116, 1.17, 2.09, 1.52, 1176.97906
2017-08-07, 5, qiang_lie, 9.93, 9.63, 0.63, 9.57, 9.52, 9.69, 9.50, 79963.35, 76965956, 0.99, 1.99, 1.29, 772.995
2017-08-08, 5, qiang_lie, 9.93, 9.53, -1.04, 9.63, 9.58, 9.60, 9.46, 62625.8, 59636185, 0.77, 1.45, 1.01, 715.92093
2017-08-09, 5, qiang_lie, 9.93, 9.77, 2.52, 9.53, 9.46, 9.83, 9.46, 137953.54, 134182190, 1.71, 3.88, 2.22, 689.28194
2017-08-10, 5, qiang_lie, 9.93, 9.85, 0.82, 9.77, 9.72, 10.20, 9.72, 224010.54, 222952745, 2.77, 4.91, 3.61, 778.84889
2017-08-11, 5, qiang_lie, 9.92, 9.45, -4.06, 9.85, 9.73, 9.92, 9.40, 169664.66, 164157223, 2.10, 5.28, 2.73, 599.31898
2017-08-14, 5, qiang_lie, 9.91, 9.61, 1.69, 9.45, 9.48, 9.67, 9.45, 73953.32, 70962314, 0.91, 2.33, 1.19, 828.56011
2017-08-15, 4, gao_du, 9.91, 9.54, -0.73, 9.61, 9.58, 9.69, 9.49, 64178.75, 61521519, 0.79, 2.08, 1.03, 2818.63117
2017-08-16, 3, zhong_du, 9.91, 9.45, -0.94, 9.54, 9.50, 9.55, 9.32, 80822.26, 76074859, 1.00, 2.41, 1.30, 651.59106
2017-08-17, 3, zhong_du, 9.91, 9.54, 0.95, 9.45, 9.48, 9.55, 9.43, 49482.96, 46977667, 0.61, 1.27, 0.80, 5746.42491
2017-08-18, 3, zhong_du, 9.90, 9.49, -0.52, 9.54, 9.47, 9.53, 9.44, 47208.35, 44774225, 0.58, 0.94, 0.76, 687.10613
2017-08-21, 3, zhong_du, 9.90, 9.62, 1.37, 9.49, 9.50, 9.63, 9.48, 61459.04, 58777598, 0.76, 1.58, 0.99, 846.06504
2017-08-22, 3, zhong_du, 9.90, 9.48, -1.46, 9.62, 9.62, 9.64, 9.44, 53652.31, 51008339, 0.66, 2.08, 0.86, 715.45601
2017-08-23, 3, zhong_du, 9.90, 9.43, -0.53, 9.48, 9.46, 9.51, 9.38, 29443.92, 27789553, 0.36, 1.37, 0.47, 910.14314
2017-08-24, 3, zhong_du, 9.89, 9.40, -0.32, 9.43, 9.41, 9.46, 9.36, 33128.17, 31186891, 0.41, 1.06, 0.53, 661.12709
2017-08-25, 3, zhong_du, 9.89, 9.55, 1.60, 9.40, 9.42, 9.57, 9.37, 52219.58, 49730134, 0.65, 2.13, 0.84, 1595.608
2017-08-28, 3, zhong_du, 9.89, 9.58, 0.31, 9.55, 9.58, 9.62, 9.52, 65693.41, 62920751, 0.81, 1.05, 1.06, 849.22791
2017-08-29, 3, zhong_du, 9.89, 9.62, 0.42, 9.58, 9.58, 9.63, 9.54, 39491.4, 37869026, 0.49, 0.94, 0.64, 658.04219
2017-08-30, 3, zhong_du, 9.89, 9.63, 0.10, 9.62, 9.65, 9.67, 9.56, 42171.36, 40584950, 0.52, 1.14, 0.68, 783.37407
2017-08-31, 3, zhong_du, 9.89, 9.61, -0.21, 9.63, 9.59, 9.86, 9.59, 24439, 23664370, 0.30, 2.80, 0.79, 705.18994
2017-09-01, 3, zhong_du, 9.88, 9.61, -0.21, 9.63, 9.59, 9.86, 9.59, 24439, 23664370, 0.30, 2.80, 0.79, 796.65399
2017-09-04, 3, zhong_du, 9.88, 9.67, 0.21, 9.65, 9.64, 9.68, 9.58, 44319.31, 42751092, 0.55, 1.04, 0.71, 589.94913
2017-09-05, 4, gao_du, 9.88, 9.61, -0.21, 9.63, 9.59, 9.86, 9.59, 24439, 23664370, 0.30, 2.80, 0.79, 828.17316
2017-09-06, 4, gao_du, 9.88, 9.61, -0.21, 9.63, 9.59, 9.86, 9.59, 24439, 23664370, 0.30, 2.80, 0.79, 693.784
2017-09-07, 3, zhong_du, 9.88, 9.61, 0.10, 9.60, 9.64, 9.71, 9.58, 49699.54, 47905556, 0.61, 1.35, 0.80, 731.95195
2017-09-08, 3, zhong_du, 9.88, 9.61, -0.21, 9.63, 9.59, 9.86, 9.59, 24439, 23664370, 0.30, 2.80, 0.79, 2652.318
2017-09-11, 3, zhong_du, 9.87, 9.62, 0.21, 9.60, 9.60, 9.66, 9.57, 42336.41, 40723207, 0.52, 0.94, 0.68, 964.72502
2017-09-12, 3, zhong_du, 9.87, 9.76, 1.46, 9.62, 9.61, 9.80, 9.58, 88740.75, 85958949, 1.10, 2.29, 1.43, 2730.37386
2017-09-13, 3, zhong_du, 9.87, 9.80, 0.41, 9.76, 9.73, 9.85, 9.70, 94084.3, 91936222, 1.16, 1.54, 1.51, 727.72503
2017-09-14, 4, gao_du, 9.87, 9.70, -1.02, 9.80, 9.80, 9.80, 9.62, 66746.95, 64635554, 0.83, 1.84, 1.07, 685.93812
2017-09-15, 3, zhong_du, 9.87, 9.62, -0.82, 9.70, 9.68, 9.68, 9.57, 52782.89, 50710060, 0.65, 1.13, 0.85, 951.83992
2017-09-18, 3, zhong_du, 9.87, 9.75, 1.35, 9.62, 9.60, 9.76, 9.57, 55933.23, 54198787, 0.69, 1.98, 0.90, 633.21304
2017-09-19, 3, zhong_du, 9.87, 9.70, -0.51, 9.75, 9.67, 9.81, 9.66, 62607.88, 61041390, 0.77, 1.54, 1.01, 856.62508
2017-09-20, 3, zhong_du, 9.87, 9.93, 2.37, 9.70, 9.70, 9.98, 9.67, 131267.67, 129715697, 1.62, 3.20, 2.11, 622.68114
2017-09-21, 3, zhong_du, 9.87, 9.92, -0.10, 9.93, 9.98, 9.98, 9.81, 75769.58, 74889225, 0.94, 1.71, 1.22, 729.33698
2017-09-22, 3, zhong_du, 9.87, 9.81, -1.11, 9.92, 9.90, 9.91, 9.70, 65354.64, 63841782, 0.81, 2.12, 1.05, 659.43193
2017-09-25, 3, zhong_du, 9.87, 9.75, -0.61, 9.81, 9.77, 9.82, 9.71, 43413.9, 42312508, 0.54, 1.12, 0.70, 673.41399
2017-09-26, 3, zhong_du, 9.86, 9.66, -0.92, 9.75, 9.75, 9.78, 9.61, 45147.78, 43792573, 0.56, 1.74, 0.73, 601.68004
2017-09-27, 3, zhong_du, 9.86, 9.61, -0.52, 9.66, 9.62, 9.68, 9.58, 35728.25, 34350473, 0.44, 1.04, 0.58, 708.0121
2017-09-28, 2, qing_du, 9.86, 9.67, 0.62, 9.61, 9.60, 9.76, 9.58, 45626.93, 44238343, 0.56, 1.87, 0.73, 552.98996
2017-09-29, 2, qing_du, 9.86, 9.72, 0.52, 9.67, 9.68, 9.76, 9.63, 45373.51, 43998971, 0.56, 1.34, 0.73, 778.14317
2017-10-10, 3, zhong_du, 9.86, 9.87, 0.71, 9.80, 9.81, 9.93, 9.77, 54937.69, 54143936, 0.68, 1.63, 0.88, 715.0569
2017-10-12, 4, gao_du, 9.87, 10.02, -0.89, 10.11, 10.11, 10.12, 9.95, 97834.42, 97923012, 1.21, 1.68, 1.57, 729.25186
2017-10-13, 4, gao_du, 9.87, 10.07, 0.50, 10.02, 10.02, 10.18, 9.97, 70126.35, 70765272, 0.87, 2.10, 1.13, 650.14291
2017-10-16, 4, gao_du, 9.87, 9.92, -1.49, 10.07, 10.09, 10.25, 9.90, 97622.09, 98439639, 1.21, 3.48, 1.57, 917.66596
2017-10-17, 4, gao_du, 9.87, 9.87, -0.50, 9.92, 9.92, 9.99, 9.85, 41143.25, 40713681, 0.51, 1.41, 0.66, 523.40794
2017-10-18, 3, zhong_du, 9.87, 9.78, -0.91, 9.87, 9.87, 9.94, 9.78, 45843.69, 45200732, 0.57, 1.62, 0.74, 687.47687
2017-10-19, 3, zhong_du, 9.87, 9.95, 1.74, 9.78, 9.76, 10.04, 9.75, 88522.98, 87824260, 1.09, 2.97, 1.42, 4739.59684
2017-10-20, 3, zhong_du, 9.87, 9.78, -1.71, 9.95, 9.90, 9.92, 9.68, 85944.65, 83955570, 1.06, 2.41, 1.38, 790.67707
2017-10-23, 3, zhong_du, 9.87, 9.89, 1.12, 9.78, 9.78, 9.90, 9.72, 77431.73, 76104487, 0.96, 1.84, 1.25, 1143.435
2017-10-24, 2, qing_du, 9.87, 9.73, -1.62, 9.89, 9.86, 9.88, 9.71, 59708.84, 58378178, 0.74, 1.72, 0.96, 744.65799
2017-10-25, 2, qing_du, 9.87, 9.64, -0.92, 9.73, 9.70, 9.76, 9.57, 87329.99, 84434506, 1.08, 1.95, 1.41, 2674.37005
2017-10-26, 1, wei_ruo, 9.87, 9.71, 0.73, 9.64, 9.68, 9.84, 9.67, 78813.01, 76836457, 0.97, 1.76, 1.27, 709.01585
2017-10-27, 1, wei_ruo, 9.87, 9.85, 1.44, 9.71, 9.66, 9.92, 9.60, 100784.43, 98515179, 1.25, 3.30, 1.62, 698.79484
2017-10-30, 1, wei_ruo, 9.86, 9.56, -2.94, 9.85, 9.78, 9.84, 9.47, 84211.98, 80752783, 1.04, 3.76, 1.36, 910.97403
2017-10-31, 1, wei_ruo, 9.86, 9.65, 0.94, 9.56, 9.56, 9.66, 9.52, 37870.13, 36305086, 0.47, 1.46, 0.61, 748.24286
2017-11-01, 1, wei_ruo, 9.86, 9.64, -0.10, 9.65, 9.60, 9.72, 9.57, 32883, 31723106, 0.41, 1.55, 0.53, 667.06014
2017-11-02, 1, wei_ruo, 9.86, 9.55, -0.93, 9.64, 9.59, 9.64, 9.47, 42397.55, 40456907, 0.52, 1.76, 0.68, 866.44411
2017-11-03, 1, wei_ruo, 9.86, 9.35, -2.09, 9.55, 9.54, 9.56, 9.32, 46734.6, 44021694, 0.58, 2.51, 0.75, 814.84008
2017-11-06, 1, wei_ruo, 9.86, 9.41, 0.64, 9.35, 9.35, 9.44, 9.28, 36381.25, 34094786, 0.45, 1.71, 0.59, 2625.27704
2017-11-07, 1, wei_ruo, 9.85, 9.53, 1.28, 9.41, 9.43, 9.62, 9.34, 51408.81, 48774024, 0.64, 2.98, 1.67, 2712.75496
2017-11-08, 1, wei_ruo, 9.85, 9.50, -0.11, 9.51, 9.50, 9.60, 9.48, 39876.25, 38094135, 0.49, 1.26, 0.64, 837.48317
2017-11-09, 1, wei_ruo, 9.85, 9.51, 0.11, 9.50, 9.50, 9.65, 9.49, 33046.7, 31599861, 0.41, 1.68, 0.53, 2836.15398
2017-11-10, 1, wei_ruo, 9.85, 9.73, 2.31, 9.51, 9.50, 9.74, 9.46, 76939.79, 74098560, 0.95, 2.94, 1.74, 790.96603
2017-11-13, 1, wei_ruo, 9.85, 9.70, -0.31, 9.73, 9.76, 9.76, 9.60, 50591.61, 48877909, 0.63, 1.64, 1.01, 965.07096
2017-11-14, 1, wei_ruo, 9.85, 9.59, -1.13, 9.70, 9.72, 9.75, 9.50, 43146.79, 41390064, 0.53, 2.58, 0.81, 791.677
2017-11-15, 1, wei_ruo, 9.84, 9.49, -1.04, 9.59, 9.58, 9.67, 9.46, 39693.65, 37931373, 0.49, 2.19, 0.81, 2766.82496
2017-11-16, 1, wei_ruo, 9.84, 9.48, -0.11, 9.49, 9.49, 9.58, 9.42, 36901.41, 35106704, 0.46, 1.69, 0.76, 1038.01107
2017-11-17, 1, wei_ruo, 9.84, 9.14, -3.59, 9.48, 9.52, 9.52, 9.05, 77775.24, 71966701, 0.96, 4.96, 1.57, 953.70793
2017-11-20, 1, wei_ruo, 9.83, 9.17, 0.33, 9.14, 9.14, 9.19, 8.97, 37608.03, 34111378, 0.47, 2.41, 0.76, 667.35291
2017-11-21, 1, wei_ruo, 9.83, 9.16, -0.11, 9.17, 9.15, 9.24, 9.08, 26762.91, 24496253, 0.33, 1.74, 0.57, 813.08889
2017-11-22, 1, wei_ruo, 9.83, 9.20, 0.44, 9.16, 9.18, 9.23, 9.12, 32960.05, 30227041, 0.41, 1.20, 0.75, 1610.20613
2017-11-23, 1, wei_ruo, 9.83, 8.98, -2.39, 9.20, 9.22, 9.22, 8.97, 34982.55, 31841457, 0.43, 2.72, 0.83, 3179.66986
2017-11-24, 1, wei_ruo, 9.82, 8.97, -0.11, 8.98, 8.98, 9.03, 8.95, 18797.51, 16898796, 0.23, 0.89, 0.45, 860.14104
2017-11-27, 1, wei_ruo, 9.82, 8.95, -0.22, 8.97, 8.97, 9.02, 8.87, 25752.52, 23013665, 0.32, 1.67, 0.85, 688.03191
2017-11-28, 1, wei_ruo, 9.82, 9.00, 0.56, 8.95, 8.95, 9.01, 8.93, 14810.41, 13292249, 0.18, 0.89, 0.53, 697.04294
2017-11-29, 1, wei_ruo, 9.82, 8.98, -0.22, 9.00, 9.01, 9.03, 8.89, 25965.48, 23197708, 0.32, 1.56, 1.02, 626.09386
2017-11-30, 1, wei_ruo, 9.81, 9.02, 0.45, 8.98, 9.00, 9.03, 8.89, 26524.69, 23779959, 0.33, 1.56, 1.10, 1117.9378
2017-12-01, 1, wei_ruo, 9.81, 9.05, 0.33, 9.02, 8.99, 9.06, 8.90, 27783.82, 24937433, 0.34, 1.77, 1.24, 766.12091
2017-12-04, 1, wei_ruo, 9.81, 9.13, 0.88, 9.05, 9.03, 9.16, 8.98, 37769.96, 34293280, 0.47, 1.99, 1.56, 750.11802
2017-12-05, 1, wei_ruo, 9.80, 8.97, -1.75, 9.13, 9.13, 9.20, 8.89, 29030.62, 26245187, 0.36, 3.40, 1.09, 1214.99109
2017-12-06, 1, wei_ruo, 9.80, 9.03, 0.67, 8.97, 8.95, 9.05, 8.89, 27115.32, 24273479, 0.34, 1.78, 0.92, 895.87021
2017-12-07, 1, wei_ruo, 9.80, 9.05, 0.22, 9.03, 9.03, 9.09, 8.95, 21038.69, 18992571, 0.26, 1.55, 0.71, 670.17722
2017-12-08, 1, wei_ruo, 9.80, 9.07, 0.22, 9.05, 9.05, 9.09, 9.00, 13891.95, 12592052, 0.17, 0.99, 0.49, 1278.60403
2017-12-11, 1, wei_ruo, 9.80, 9.11, 0.44, 9.07, 9.05, 9.14, 9.05, 19269.37, 17525092, 0.24, 0.99, 0.75, 900.033
2017-12-12, 1, wei_ruo, 9.79, 9.09, -0.22, 9.11, 9.10, 9.22, 9.07, 41340, 37859551, 0.51, 1.65, 1.87, 749.05682
2017-12-13, 1, wei_ruo, 9.79, 9.19, 1.10, 9.09, 9.09, 9.19, 9.05, 27174.53, 24780021, 0.34, 1.54, 1.11, 635.66399
2017-12-14, 1, wei_ruo, 9.79, 9.11, -0.87, 9.19, 9.17, 9.18, 9.07, 19649, 17912996, 0.24, 1.20, 0.80, 2038.37609
2017-12-15, 1, wei_ruo, 9.79, 9.02, -0.99, 9.11, 9.09, 9.13, 9.02, 16432, 14901955, 0.20, 1.21, 0.68, 658.47683
2017-12-18, 1, wei_ruo, 9.79, 9.03, 0.11, 9.02, 9.02, 9.13, 9.02, 13483.88, 12219781, 0.17, 1.22, 0.54, 896.12103
2017-12-19, 1, wei_ruo, 9.78, 9.14, 1.22, 9.03, 9.04, 9.16, 9.04, 24101.35, 21988930, 0.30, 1.33, 1.02, 866.65702
2017-12-20, 1, wei_ruo, 9.78, 9.08, -0.66, 9.14, 9.15, 9.16, 9.08, 27446.61, 25010086, 0.34, 0.88, 1.36, 1055.19819
2017-12-21, 1, wei_ruo, 9.78, 9.03, -0.55, 9.08, 9.09, 9.11, 9.01, 26785.49, 24241083, 0.33, 1.10, 1.32, 736.16409
2017-12-22, 1, wei_ruo, 9.77, 9.22, 2.10, 9.03, 9.03, 9.30, 8.97, 77880.67, 71337276, 0.96, 3.65, 3.60, 662.24313
2017-12-25, 1, wei_ruo, 9.77, 9.22, 0.00, 9.22, 9.16, 9.44, 9.16, 87478.62, 81421452, 1.08, 3.04, 2.58, 1333.33182
2017-12-26, 1, wei_ruo, 9.76, 9.48, 2.82, 9.22, 9.20, 9.57, 9.18, 121177.24, 114402848, 1.50, 4.23, 2.49, 484.9999
2017-12-27, 1, wei_ruo, 9.76, 9.37, -1.16, 9.48, 9.41, 9.46, 9.29, 59234.3, 55472816, 0.73, 1.79, 0.87, 519.83595
2017-12-29, 1, wei_ruo, 9.76, 9.37, -0.21, 9.39, 9.43, 9.44, 9.32, 35548.99, 33270404, 0.44, 1.28, 0.47, 732.84817
2018-01-03, 1, wei_ruo, 9.75, 9.38, 0.11, 9.37, 9.37, 9.43, 9.33, 42045.71, 39431770, 0.52, 1.07, 0.65, 3475.75712
2018-01-04, 2, qing_du, 9.75, 9.43, 0.53, 9.38, 9.35, 9.48, 9.35, 43974.88, 41372030, 0.54, 1.39, 0.90, 739.58898
2018-01-05, 2, qing_du, 9.75, 9.68, 2.65, 9.43, 9.45, 9.69, 9.43, 102451.26, 98102682, 1.27, 2.76, 2.24, 738.99293
2018-01-08, 3, zhong_du, 9.75, 9.57, -1.14, 9.68, 9.66, 9.66, 9.48, 61585.58, 58889859, 0.76, 1.86, 1.13, 589.23721
2018-01-09, 3, zhong_du, 9.74, 9.52, -0.52, 9.57, 9.54, 9.62, 9.47, 72422.58, 69220064, 0.90, 1.57, 1.27, 1019.23013
2018-01-10, 3, zhong_du, 9.74, 9.46, -0.63, 9.52, 9.54, 9.54, 9.32, 50361.67, 47447428, 0.62, 2.31, 0.78, 657.54199
2018-01-11, 3, zhong_du, 9.74, 9.43, -0.32, 9.46, 9.46, 9.46, 9.35, 28500.21, 26796495, 0.35, 1.16, 0.43, 710.65784
2018-01-12, 3, zhong_du, 9.74, 9.42, -0.11, 9.43, 9.41, 9.46, 9.25, 45733.27, 42834801, 0.57, 2.23, 0.73, 754.6339
2018-01-15, 3, zhong_du, 9.74, 9.14, -2.97, 9.42, 9.40, 9.40, 9.11, 57803, 53522756, 0.71, 3.08, 1.12, 600.50297
2018-01-16, 2, qing_du, 9.73, 9.36, 2.41, 9.14, 9.16, 9.39, 9.14, 54783.98, 50937083, 0.68, 2.74, 1.07, 674.14093
2018-01-17, 2, qing_du, 9.73, 9.25, -1.18, 9.36, 9.34, 9.35, 9.21, 36068.53, 33393148, 0.45, 1.50, 0.76, 706.02894
2018-01-18, 2, qing_du, 9.73, 9.29, 0.43, 9.25, 9.22, 9.41, 9.22, 37604.9, 35020455, 0.47, 2.05, 0.84, 446.09809
2018-01-19, 2, qing_du, 9.73, 9.23, -0.65, 9.29, 9.28, 9.36, 9.20, 38332.23, 35542831, 0.47, 1.72, 0.83, 571.32602
2018-01-22, 2, qing_du, 9.72, 9.34, 1.19, 9.23, 9.23, 9.38, 9.21, 47602.2, 44397389, 0.59, 1.84, 1.06, 836.85613
2018-01-23, 2, qing_du, 9.72, 9.30, -0.43, 9.34, 9.35, 9.36, 9.25, 38020.86, 35302438, 0.47, 1.18, 0.89, 641.96301
2018-01-24, 2, qing_du, 9.72, 9.29, -0.11, 9.30, 9.32, 9.32, 9.19, 40855.76, 37836943, 0.51, 1.40, 1.03, 2613.18398
2018-01-25, 2, qing_du, 9.72, 9.40, 1.18, 9.29, 9.50, 9.59, 9.35, 80170.47, 75639139, 0.99, 2.58, 1.98, 786.484
2018-01-26, 3, zhong_du, 9.72, 9.75, 3.72, 9.40, 9.44, 9.97, 9.44, 190483.62, 185219955, 2.36, 5.64, 3.89, 688.99417
2018-01-29, 3, zhong_du, 9.72, 9.60, -1.54, 9.75, 9.70, 9.81, 9.52, 97299.38, 93728819, 1.20, 2.97, 1.23, 761.89399
2018-01-30, 3, zhong_du, 9.72, 9.60, 0.00, 9.60, 9.54, 9.61, 9.46, 46332.43, 44224308, 0.57, 1.56, 0.52, 488.95407
2018-01-31, 3, zhong_du, 9.71, 9.55, -0.52, 9.60, 9.55, 9.73, 9.47, 62551.65, 60023172, 0.77, 2.71, 0.69, 1143.87393
2018-02-01, 3, zhong_du, 9.71, 9.04, -5.34, 9.55, 9.46, 9.51, 9.01, 111981.86, 102952272, 1.39, 5.24, 1.17, 708.62317
2018-02-02, 2, qing_du, 9.70, 8.83, -2.32, 9.04, 9.06, 9.14, 8.78, 64336.11, 57615095, 0.80, 3.98, 0.63, 597.9979
2018-02-05, 1, wei_ruo, 9.70, 8.75, -0.91, 8.83, 8.66, 8.84, 8.61, 44238.47, 38633019, 0.55, 2.60, 0.58, 878.92509
2018-02-06, 1, wei_ruo, 9.68, 8.42, -3.77, 8.75, 8.61, 8.67, 8.34, 74280.28, 63211543, 0.92, 3.77, 1.13, 1076.53999
2018-02-07, 1, wei_ruo, 9.68, 8.42, 0.00, 8.42, 8.53, 8.63, 8.29, 49360.41, 41705941, 0.61, 4.04, 0.69, 3180.29618
2018-02-08, 1, wei_ruo, 9.67, 8.46, 0.48, 8.42, 8.36, 8.52, 8.36, 30101.01, 25486226, 0.37, 1.90, 0.56, 741.26506
2018-02-09, 1, wei_ruo, 9.66, 8.21, -2.96, 8.46, 8.27, 8.34, 8.10, 49751.83, 40887362, 0.62, 2.84, 1.19, 818.92586
2018-02-12, 1, wei_ruo, 9.66, 8.33, 1.46, 8.21, 8.33, 8.38, 8.21, 25977.35, 21586036, 0.32, 2.07, 0.62, 3015.10596
2018-02-13, 1, wei_ruo, 9.65, 8.27, -0.72, 8.33, 8.38, 8.43, 8.26, 30675.25, 25637996, 0.38, 2.04, 0.86, 2641.61396
2018-02-14, 1, wei_ruo, 9.65, 8.35, 0.97, 8.27, 8.33, 8.36, 8.28, 19292.81, 16050269, 0.24, 0.97, 0.69, 4732.71298
