2015-08-20, 2, qing_du, 7.69, 7.31, -5.56, 7.74, 7.60, 7.72, 7.30, 866460.32, 651791147, 3.08, 5.43, 0.62, 861.56797
2015-08-21, 2, qing_du, 7.67, 6.71, -8.21, 7.31, 7.12, 7.26, 6.68, 856678.53, 599487213, 3.05, 7.93, 0.60, 3114.35294
2015-08-24, 2, qing_du, 7.63, 6.04, -9.99, 6.71, 6.27, 6.36, 6.04, 740657.67, 450517705, 2.64, 4.77, 0.54, 957.06606
2015-08-25, 1, wei_ruo, 7.58, 5.44, -9.93, 6.04, 5.48, 5.75, 5.44, 699892.63, 386440031, 2.49, 5.13, 0.57, 1062.80994
2015-08-26, 1, wei_ruo, 7.50, 5.31, -2.39, 5.44, 5.50, 5.84, 5.13, 1004010.64, 552437997, 3.57, 13.05, 1.03, 982.93304
2015-08-27, 1, wei_ruo, 7.45, 5.70, 7.34, 5.31, 5.46, 5.72, 5.32, 734330.48, 405496312, 2.61, 7.53, 0.88, 1181.15807
2015-08-28, 1, wei_ruo, 7.40, 6.09, 6.84, 5.70, 5.80, 6.10, 5.70, 875812.81, 516745455, 3.12, 7.02, 1.09, 878.55101
2015-08-31, 1, wei_ruo, 7.36, 6.08, -0.16, 6.09, 6.01, 6.12, 5.75, 784964.58, 464205560, 2.79, 6.08, 0.97, 1000.19908
2015-09-01, 1, wei_ruo, 7.32, 5.99, -1.48, 6.08, 6.05, 6.23, 5.71, 976098.11, 586391473, 3.47, 8.55, 1.19, 2998.82817
2015-09-02, 1, wei_ruo, 7.27, 5.99, 0.00, 5.99, 5.70, 6.17, 5.70, 907794.95, 545278656, 3.23, 7.85, 1.04, 1573.74501
2015-09-02, 1, wei_ruo, 7.27, 5.99, 0.00, 5.99, 5.70, 6.17, 5.70, 907794.95, 545278656, 3.23, 7.85, 1.04, 2510.09798
2015-09-02, 1, wei_ruo, 7.27, 5.99, 0.00, 5.99, 5.70, 6.17, 5.70, 907794.95, 545278656, 3.23, 7.85, 1.04, 816.21695
2015-09-07, 1, wei_ruo, 7.25, 5.97, -0.33, 5.99, 6.08, 6.32, 5.95, 496887.55, 305056657, 1.77, 6.18, 0.58, 1071.68508
2015-09-08, 1, wei_ruo, 7.23, 6.19, 3.69, 5.97, 5.92, 6.23, 5.80, 396398.09, 239483802, 1.41, 7.20, 0.49, 1117.47789
2015-09-09, 1, wei_ruo, 7.21, 6.41, 3.55, 6.19, 6.25, 6.45, 6.19, 630961.6, 399962049, 2.25, 4.20, 0.89, 993.36696
2015-09-10, 1, wei_ruo, 7.20, 6.15, -4.06, 6.41, 6.25, 6.36, 6.14, 329876.27, 206586709, 1.17, 3.43, 0.48, 1070.05119
2015-09-11, 1, wei_ruo, 7.19, 6.12, -0.49, 6.15, 6.16, 6.28, 5.99, 271977.95, 166566099, 0.97, 4.72, 0.49, 1093.86301
2015-09-14, 1, wei_ruo, 7.17, 5.66, -7.52, 6.12, 6.19, 6.27, 5.56, 442053.87, 262180855, 1.57, 11.60, 1.04, 979.70819
2015-09-15, 1, wei_ruo, 7.15, 5.40, -4.59, 5.66, 5.56, 5.77, 5.33, 303251.07, 168279719, 1.08, 7.77, 0.73, 1021.89398
2015-09-16, 1, wei_ruo, 7.13, 5.86, 8.52, 5.40, 5.42, 5.94, 5.41, 376884.21, 212460867, 1.34, 9.81, 0.95, 1024.59097
2015-09-17, 1, wei_ruo, 7.11, 5.68, -3.07, 5.86, 5.80, 6.00, 5.65, 441146.13, 258350389, 1.57, 5.97, 1.28, 1110.0018
2015-09-18, 1, wei_ruo, 7.10, 5.81, 2.29, 5.68, 5.72, 5.90, 5.69, 260688.89, 150985889, 0.93, 3.70, 0.71, 906.90494
2015-09-21, 1, wei_ruo, 7.09, 5.93, 2.07, 5.81, 5.72, 5.99, 5.71, 249118.42, 146360078, 0.89, 4.82, 0.68, 915.33995
2015-09-22, 1, wei_ruo, 7.08, 5.97, 0.67, 5.93, 5.99, 6.04, 5.89, 320248.81, 191418829, 1.14, 2.53, 0.98, 1170.12405
2015-09-23, 1, wei_ruo, 7.07, 5.85, -2.01, 5.97, 5.86, 6.05, 5.82, 255482.47, 151228018, 0.91, 3.85, 0.78, 792.57107
2015-09-24, 1, wei_ruo, 7.05, 5.86, 0.17, 5.85, 5.87, 5.97, 5.79, 285220.78, 167257942, 1.02, 3.08, 0.93, 1029.96397
2015-09-25, 1, wei_ruo, 7.04, 5.68, -3.07, 5.86, 5.82, 5.89, 5.62, 225084.19, 129476496, 0.80, 4.61, 0.82, 4623.97599
2015-09-28, 1, wei_ruo, 7.03, 5.85, 2.99, 5.68, 5.70, 5.93, 5.68, 260506.27, 152053386, 0.93, 4.40, 0.98, 1044.33203
2015-09-29, 1, wei_ruo, 7.02, 5.72, -2.22, 5.85, 5.75, 5.80, 5.65, 188110.89, 107756081, 0.67, 2.56, 0.70, 1794.67487
2015-09-30, 1, wei_ruo, 7.01, 5.78, 1.05, 5.72, 5.88, 5.92, 5.75, 223563.09, 130412739, 0.80, 2.97, 0.92, 1063.42196
2015-10-08, 1, wei_ruo, 7.00, 6.03, 4.33, 5.78, 6.00, 6.09, 5.91, 453971.21, 273552425, 1.62, 3.11, 1.92, 718.20402
2015-10-09, 1, wei_ruo, 6.98, 6.10, 1.16, 6.03, 6.04, 6.25, 6.00, 442704.13, 269374521, 1.58, 4.15, 1.64, 3266.83998
2015-10-12, 1, wei_ruo, 6.96, 6.29, 3.11, 6.10, 6.14, 6.38, 6.08, 751932.71, 469074965, 2.68, 4.92, 2.40, 1438.21001
2015-10-13, 1, wei_ruo, 6.95, 6.29, 0.00, 6.29, 6.25, 6.34, 6.17, 429990.91, 268861304, 1.53, 2.70, 1.04, 2014.13107
2015-10-14, 1, wei_ruo, 6.94, 6.13, -2.54, 6.29, 6.24, 6.29, 6.12, 328314.93, 203450083, 1.17, 2.70, 0.71, 1483.70099
2015-10-15, 1, wei_ruo, 6.93, 6.32, 3.10, 6.13, 6.17, 6.34, 6.15, 443838.85, 277828306, 1.58, 3.10, 0.92, 832.06987
2015-10-16, 1, wei_ruo, 6.92, 6.35, 0.47, 6.32, 6.32, 6.38, 6.22, 497235.75, 313539455, 1.77, 2.53, 1.04, 1279.92797
2015-10-19, 1, wei_ruo, 6.91, 6.54, 2.99, 6.35, 6.33, 6.67, 6.31, 870649.06, 562024914, 3.10, 5.67, 1.78, 1311.33604
2015-10-29, 3, zhong_du, 6.83, 6.90, 10.05, 6.27, 6.55, 6.90, 6.51, 1082268.67, 732023491, 3.85, 6.22, 1.93, 960.10208
2015-10-30, 3, zhong_du, 6.83, 6.84, -0.87, 6.90, 7.06, 7.08, 6.75, 1479429.93, 1023845616, 5.27, 4.78, 2.11, 936.88297
2015-11-02, 4, gao_du, 6.83, 6.61, -3.36, 6.84, 6.67, 6.84, 6.58, 547954.79, 367585879, 1.95, 3.80, 0.60, 1040.52615
2015-11-03, 4, gao_du, 6.82, 6.58, -0.45, 6.61, 6.62, 6.69, 6.48, 407776.97, 268046366, 1.45, 3.18, 0.48, 2078.67789
2015-11-04, 3, zhong_du, 6.82, 6.81, 3.50, 6.58, 6.57, 6.82, 6.55, 768880.59, 516008307, 2.74, 4.10, 0.96, 1221.78888
2015-11-05, 3, zhong_du, 6.83, 7.01, 2.94, 6.81, 7.00, 7.21, 6.87, 1256018.08, 883350427, 4.47, 4.99, 1.47, 1491.39285
2015-11-06, 4, gao_du, 6.84, 7.02, 0.14, 7.01, 6.97, 7.06, 6.90, 711833.37, 497071974, 2.53, 2.28, 0.80, 1834.88607
2015-11-09, 4, gao_du, 6.84, 6.94, -1.14, 7.02, 6.93, 7.11, 6.82, 1179076.68, 822962618, 4.20, 4.13, 1.60, 1197.96205
2015-11-10, 5, qiang_lie, 6.84, 6.99, 0.72, 6.94, 6.89, 7.02, 6.86, 560582.39, 389798867, 2.00, 2.31, 0.65, 411.86285
2015-11-11, 5, qiang_lie, 6.84, 6.98, -0.14, 6.99, 7.04, 7.07, 6.90, 514277.51, 358313552, 1.83, 2.43, 0.57, 263.15188
2015-11-12, 5, qiang_lie, 6.85, 7.09, 1.58, 6.98, 7.00, 7.15, 6.94, 1023178.1, 723084368, 3.64, 3.01, 1.21, 858.26111
2015-11-13, 5, qiang_lie, 6.87, 7.19, 1.41, 7.09, 7.08, 7.48, 7.00, 1605302.3, 1166440723, 5.71, 6.77, 2.01, 1291.58282
2015-11-16, 5, qiang_lie, 6.89, 7.30, 1.53, 7.19, 7.18, 7.38, 7.11, 797801.17, 579066929, 2.84, 3.76, 0.82, 2924.76988
2015-11-17, 5, qiang_lie, 6.90, 7.07, -3.15, 7.30, 7.29, 7.37, 7.05, 1471421.56, 1055694141, 5.24, 4.38, 1.63, 912.0791
2015-11-18, 5, qiang_lie, 6.90, 6.83, -3.39, 7.07, 7.08, 7.12, 6.79, 705923.96, 492032599, 2.51, 4.67, 0.65, 1244.9708
2015-11-19, 5, qiang_lie, 6.90, 6.97, 2.05, 6.83, 6.87, 6.98, 6.81, 389609.73, 268570710, 1.39, 2.49, 0.35, 16495.02206
2015-11-20, 4, gao_du, 6.90, 6.99, 0.29, 6.97, 6.95, 7.07, 6.90, 479188.14, 334323457, 1.71, 2.44, 0.48, 2139.83107
2015-11-23, 4, gao_du, 6.90, 7.05, 0.86, 6.99, 6.97, 7.07, 6.91, 613611.75, 428407531, 2.18, 2.29, 0.80, 32320.1139
2015-11-24, 5, qiang_lie, 6.90, 6.92, -1.84, 7.05, 7.01, 7.04, 6.80, 446894, 308247321, 1.59, 3.40, 0.61, 2240.2091
2015-11-25, 5, qiang_lie, 6.90, 6.93, 0.14, 6.92, 6.89, 6.98, 6.83, 457589.32, 315567300, 1.63, 2.17, 0.87, 937.06012
2015-11-26, 5, qiang_lie, 6.91, 6.92, -0.14, 6.93, 6.95, 6.97, 6.88, 493073.64, 341288405, 1.75, 1.30, 1.03, 1560.80413
2015-11-27, 4, gao_du, 6.90, 6.29, -9.10, 6.92, 6.88, 6.93, 6.27, 649984.92, 429893364, 2.31, 9.54, 1.31, 906.87394
2015-11-30, 3, zhong_du, 6.88, 6.23, -0.95, 6.29, 6.34, 6.36, 5.98, 484218.24, 299541920, 1.72, 6.04, 0.91, 873.35205
2015-12-01, 3, zhong_du, 6.87, 6.29, 0.96, 6.23, 6.25, 6.37, 6.20, 398586.5, 250179765, 1.42, 2.73, 0.79, 1054.2109
2015-12-02, 2, qing_du, 6.87, 6.42, 2.07, 6.29, 6.30, 6.44, 6.28, 404724.82, 257819389, 1.44, 2.54, 0.81, 919.95406
2015-12-03, 2, qing_du, 6.87, 6.48, 0.93, 6.42, 6.43, 6.49, 6.39, 323063.11, 208094847, 1.15, 1.56, 0.66, 822.60609
2015-12-04, 2, qing_du, 6.87, 6.39, -1.39, 6.48, 6.43, 6.46, 6.32, 314294.98, 200884680, 1.12, 2.16, 0.70, 580.60813
2015-12-07, 2, qing_du, 6.86, 6.42, 0.47, 6.39, 6.44, 6.45, 6.36, 211643.96, 135654744, 0.75, 1.41, 0.55, 676.30005
2015-12-08, 2, qing_du, 6.86, 6.15, -4.21, 6.42, 6.38, 6.40, 6.14, 373512.25, 232799424, 1.33, 4.05, 1.13, 717.76319
2015-12-09, 2, qing_du, 6.85, 6.19, 0.65, 6.15, 6.14, 6.23, 6.10, 251414.19, 155328690, 0.89, 2.11, 0.77, 635.30087
2015-12-10, 1, wei_ruo, 6.84, 6.12, -1.13, 6.19, 6.15, 6.27, 6.10, 241104.85, 148573471, 0.86, 2.75, 0.82, 838.49907
2015-12-11, 1, wei_ruo, 6.84, 6.05, -1.14, 6.12, 6.12, 6.14, 6.01, 237309.41, 143960306, 0.84, 2.12, 0.85, 2087.54015
2015-12-14, 1, wei_ruo, 6.83, 6.26, 3.47, 6.05, 5.98, 6.33, 5.95, 345904.96, 212879205, 1.23, 6.28, 1.32, 834.51104
2015-12-15, 1, wei_ruo, 6.83, 6.23, -0.48, 6.26, 6.25, 6.33, 6.18, 204503.46, 127824070, 0.73, 2.40, 0.71, 2937.84189
2015-12-16, 1, wei_ruo, 6.82, 6.27, 0.64, 6.23, 6.28, 6.37, 6.24, 274707.71, 173346607, 0.98, 2.09, 1.07, 286.30519
2015-12-17, 1, wei_ruo, 6.81, 6.42, 2.39, 6.27, 6.30, 6.43, 6.29, 377269.49, 240349983, 1.34, 2.23, 1.45, 1409.688
2015-12-18, 1, wei_ruo, 6.81, 6.52, 1.56, 6.42, 6.40, 6.56, 6.40, 461776.2, 299347444, 1.64, 2.49, 1.60, 792.8791
2015-12-21, 1, wei_ruo, 6.81, 6.60, 1.23, 6.52, 6.50, 6.68, 6.47, 349276.38, 230712519, 1.24, 3.22, 1.05, 1820.13106
2015-12-22, 2, qing_du, 6.80, 6.61, 0.15, 6.60, 6.59, 6.66, 6.54, 294492.38, 194185729, 1.05, 1.82, 0.88, 869.60101
2015-12-23, 2, qing_du, 6.80, 6.56, -0.76, 6.61, 6.66, 6.70, 6.55, 295541.79, 195792208, 1.05, 2.27, 0.84, 2769.58799
2015-12-24, 2, qing_du, 6.80, 6.42, -2.13, 6.56, 6.60, 6.61, 6.38, 423498, 273896222, 1.51, 3.51, 1.19, 1495.00799
2015-12-25, 1, wei_ruo, 6.79, 6.52, 1.56, 6.42, 6.43, 6.57, 6.42, 337974.34, 219578038, 1.20, 2.34, 0.93, 756.72507
2015-12-28, 1, wei_ruo, 6.79, 6.31, -3.22, 6.52, 6.53, 6.56, 6.29, 356454.21, 229599756, 1.27, 4.14, 1.05, 2894.15693
2015-12-29, 1, wei_ruo, 6.79, 6.36, 0.79, 6.31, 6.28, 6.37, 6.25, 179211.29, 113427604, 0.64, 1.90, 0.52, 1635.28204
2015-12-30, 1, wei_ruo, 6.78, 6.44, 1.26, 6.36, 6.38, 6.52, 6.37, 240574.62, 155237077, 0.86, 2.36, 0.70, 2829.26702
2015-12-31, 1, wei_ruo, 6.78, 6.33, -1.71, 6.44, 6.46, 6.49, 6.31, 248530.04, 158857802, 0.88, 2.80, 0.73, 904.69408
2016-01-04, 1, wei_ruo, 6.77, 5.98, -5.53, 6.33, 6.40, 6.50, 5.90, 320488.23, 201645814, 1.14, 9.48, 1.45, 3502.23899
2016-01-05, 1, wei_ruo, 6.76, 6.16, 3.01, 5.98, 5.90, 6.24, 5.86, 420344.5, 256185742, 1.50, 6.35, 1.23, 2835.56986
2016-01-06, 1, wei_ruo, 6.75, 6.28, 1.95, 6.16, 6.16, 6.29, 6.13, 364195.26, 226253618, 1.30, 2.60, 1.07, 1021.34299
2016-01-07, 1, wei_ruo, 6.75, 5.83, -7.17, 6.28, 6.21, 6.22, 5.78, 86663.16, 52334478, 0.31, 7.01, 2.03, 728.35684
2016-01-08, 1, wei_ruo, 6.75, 6.02, 3.26, 5.83, 6.01, 6.09, 5.80, 369280.83, 221132443, 1.31, 4.97, 1.08, 872.2918
2016-01-11, 1, wei_ruo, 6.75, 5.76, -4.32, 6.02, 5.95, 6.04, 5.75, 375595.43, 221726082, 1.34, 4.82, 1.10, 1678.88212
2016-01-12, 1, wei_ruo, 6.74, 5.72, -0.69, 5.76, 5.77, 5.85, 5.55, 294787.07, 168403489, 1.05, 5.21, 0.86, 2979.39515
2016-01-13, 1, wei_ruo, 6.73, 5.40, -5.59, 5.72, 5.74, 5.78, 5.39, 342568.87, 191184428, 1.22, 6.82, 1.00, 886.22093
2016-01-14, 1, wei_ruo, 6.71, 5.47, 1.30, 5.40, 5.33, 5.48, 5.18, 365376.49, 194014489, 1.30, 5.56, 1.07, 750.85282
2016-01-15, 1, wei_ruo, 6.69, 5.22, -4.57, 5.47, 5.41, 5.46, 5.18, 306742.93, 162690215, 1.09, 5.12, 0.90, 956.29597
2016-01-18, 1, wei_ruo, 6.68, 5.25, 0.57, 5.22, 5.17, 5.29, 5.10, 269192.06, 140511709, 0.96, 3.64, 0.79, 1035.78091
2016-01-19, 1, wei_ruo, 6.67, 5.39, 2.67, 5.25, 5.25, 5.42, 5.20, 260868.63, 139126994, 0.93, 4.19, 0.76, 32860.56685
2016-01-20, 1, wei_ruo, 6.66, 5.31, -1.48, 5.39, 5.38, 5.41, 5.25, 211965.3, 112930227, 0.75, 2.97, 0.62, 758.80814
2016-01-21, 1, wei_ruo, 6.64, 5.12, -3.58, 5.31, 5.27, 5.37, 5.11, 225070.71, 118512345, 0.80, 4.90, 0.66, 1874.91298
2016-01-22, 1, wei_ruo, 6.63, 5.16, 0.78, 5.12, 5.19, 5.20, 5.03, 219427.76, 112597372, 0.78, 3.32, 0.64, 2827.07286
2016-01-25, 1, wei_ruo, 6.62, 5.18, 0.39, 5.16, 5.20, 5.25, 5.13, 180926.08, 93888849, 0.64, 2.33, 0.53, 3760.59413
2016-01-26, 1, wei_ruo, 6.60, 4.80, -7.34, 5.18, 5.14, 5.18, 4.76, 330300.1, 165009120, 1.18, 8.11, 0.97, 2710.17289
2016-01-27, 1, wei_ruo, 6.58, 4.72, -1.67, 4.80, 4.83, 4.87, 4.53, 336497.58, 158034483, 1.20, 7.08, 0.99, 913.34009
2016-01-28, 1, wei_ruo, 6.56, 4.54, -3.81, 4.72, 4.68, 4.79, 4.51, 261284.5, 121395044, 0.93, 5.93, 0.76, 6375.98085
2016-01-29, 1, wei_ruo, 6.55, 4.68, 3.08, 4.54, 4.56, 4.71, 4.50, 257907.41, 119438801, 0.92, 4.63, 0.76, 954.64897
2016-02-01, 1, wei_ruo, 6.53, 4.59, -1.92, 4.68, 4.69, 4.71, 4.52, 184033.28, 84976505, 0.65, 4.06, 0.54, 801.18799
2016-02-02, 1, wei_ruo, 6.52, 4.74, 3.27, 4.59, 4.59, 4.75, 4.59, 214259.07, 100668026, 0.76, 3.49, 0.63, 997.84803
2016-02-03, 1, wei_ruo, 6.51, 4.72, -0.42, 4.74, 4.70, 4.73, 4.60, 173684.23, 81093336, 0.62, 2.74, 0.51, 1157.21011
2016-02-04, 1, wei_ruo, 6.49, 4.77, 1.06, 4.72, 4.73, 4.80, 4.73, 196970.11, 93903110, 0.70, 1.48, 0.58, 5665.92097
2016-02-05, 1, wei_ruo, 6.49, 4.75, -0.42, 4.77, 4.77, 4.80, 4.73, 130468.29, 62155392, 0.46, 1.47, 0.38, 1902.95792
2016-02-15, 1, wei_ruo, 6.48, 4.69, -1.26, 4.75, 4.62, 4.72, 4.60, 160988.96, 74938008, 0.57, 2.53, 0.47, 2896.21782
2016-02-16, 1, wei_ruo, 6.46, 4.88, 4.05, 4.69, 4.72, 4.89, 4.70, 320371.42, 154079238, 1.14, 4.05, 0.94, 2923.19989
2016-02-17, 1, wei_ruo, 6.44, 4.90, 0.41, 4.88, 4.85, 4.92, 4.82, 261138.59, 127294306, 0.93, 2.05, 0.76, 1086.04598
2016-02-18, 1, wei_ruo, 6.43, 4.90, 0.00, 4.90, 4.94, 4.95, 4.86, 263269.29, 129156290, 0.94, 1.84, 0.77, 3457.53312
2016-02-19, 1, wei_ruo, 6.42, 4.91, 0.20, 4.90, 4.88, 4.96, 4.86, 187324.89, 91943938, 0.67, 2.04, 0.69, 744.977
2016-02-22, 1, wei_ruo, 6.42, 5.08, 3.25, 4.92, 4.96, 5.16, 4.94, 390751.22, 197622445, 1.39, 4.47, 1.59, 8543.36691
2016-02-23, 1, wei_ruo, 6.40, 5.04, -0.79, 5.08, 5.07, 5.08, 4.96, 254829.72, 127574477, 0.91, 2.36, 0.87, 3463.65309
2016-02-24, 1, wei_ruo, 6.38, 5.17, 2.58, 5.04, 5.01, 5.19, 4.99, 351229.64, 179418219, 1.25, 3.97, 1.26, 831.38919
2016-02-25, 1, wei_ruo, 6.36, 4.75, -8.12, 5.17, 5.18, 5.23, 4.68, 444453.83, 222751308, 1.58, 10.64, 1.50, 2328.46212
2016-02-26, 1, wei_ruo, 6.35, 4.89, 2.95, 4.75, 4.80, 4.93, 4.73, 241909.79, 117084983, 0.86, 4.21, 0.73, 855.66688
2016-02-29, 1, wei_ruo, 6.33, 4.68, -4.29, 4.89, 4.89, 4.89, 4.58, 237552.53, 111103088, 0.85, 6.34, 0.71, 2125.80299
2016-03-01, 1, wei_ruo, 6.32, 4.78, 2.14, 4.68, 4.69, 4.79, 4.65, 179830.02, 84802286, 0.64, 2.99, 0.59, 2794.37804
2016-03-02, 1, wei_ruo, 6.31, 5.00, 4.60, 4.78, 4.80, 5.03, 4.76, 317967.42, 156332676, 1.13, 5.65, 1.09, 576.28107
2016-03-03, 1, wei_ruo, 6.29, 5.07, 1.40, 5.00, 5.10, 5.16, 5.00, 343313.57, 173749242, 1.22, 3.20, 1.21, 595.27516
2016-03-04, 1, wei_ruo, 6.26, 5.32, 4.93, 5.07, 5.30, 5.58, 5.30, 1150842.95, 630763726, 4.10, 5.52, 4.36, 845.80994
2016-03-07, 1, wei_ruo, 6.23, 5.36, 0.75, 5.32, 5.14, 5.41, 5.11, 618596.66, 327821485, 2.20, 5.64, 1.39, 592.98205
2016-03-08, 1, wei_ruo, 6.22, 5.40, 0.75, 5.36, 5.46, 5.48, 5.25, 504896.79, 270588509, 1.80, 4.29, 0.97, 479.14815
2016-03-09, 1, wei_ruo, 6.21, 5.29, -2.04, 5.40, 5.30, 5.37, 5.20, 313334.49, 165827928, 1.12, 3.15, 0.53, 2925.31204
2016-03-10, 2, qing_du, 6.20, 5.25, -0.76, 5.29, 5.28, 5.35, 5.22, 252073.82, 133224345, 0.90, 2.46, 0.43, 564.84509
2016-03-11, 2, qing_du, 6.19, 5.23, -0.38, 5.25, 5.20, 5.32, 5.16, 248232.19, 129618354, 0.88, 3.05, 0.44, 793.98799
2016-03-14, 2, qing_du, 6.18, 5.36, 2.49, 5.23, 5.26, 5.43, 5.25, 349659.54, 187604838, 1.05, 3.44, 0.90, 680.79615
2016-03-15, 2, qing_du, 6.17, 5.33, -0.56, 5.36, 5.34, 5.45, 5.30, 241128.95, 129542812, 0.72, 2.80, 0.72, 557.51586
2016-03-16, 2, qing_du, 6.17, 5.32, -0.19, 5.33, 5.33, 5.38, 5.30, 272867.46, 145739157, 0.82, 1.50, 0.97, 670.13407
2016-03-17, 3, zhong_du, 6.16, 5.42, 1.88, 5.32, 5.32, 5.47, 5.30, 398267.36, 214368450, 1.19, 3.20, 1.46, 875.82493
2016-03-18, 3, zhong_du, 6.14, 5.46, 0.74, 5.42, 5.38, 5.55, 5.31, 876191.19, 474998437, 2.63, 4.43, 2.90, 4697.84212
2016-03-21, 3, zhong_du, 6.12, 5.57, 2.01, 5.46, 5.47, 5.58, 5.41, 915488.34, 500381229, 2.75, 3.11, 2.14, 2647.65501
2016-03-22, 4, gao_du, 6.11, 5.43, -2.51, 5.57, 5.51, 5.52, 5.42, 627897.07, 342795517, 1.88, 1.80, 1.16, 12794.29293
2016-03-23, 4, gao_du, 6.09, 5.50, 1.29, 5.43, 5.40, 5.61, 5.38, 714819.7, 392729606, 2.14, 4.24, 1.16, 2633.62503
2016-03-24, 4, gao_du, 6.08, 5.45, -0.91, 5.50, 5.50, 5.63, 5.41, 681583.42, 376725334, 2.04, 4.00, 0.96, 3882.76601
2016-03-25, 4, gao_du, 6.07, 5.44, -0.18, 5.45, 5.41, 5.51, 5.38, 363166.03, 197110664, 1.09, 2.39, 0.48, 3136.87205
2016-03-28, 4, gao_du, 6.07, 5.35, -1.65, 5.44, 5.44, 5.48, 5.32, 356744.05, 193166302, 1.07, 2.94, 0.54, 2563.94315
2016-03-29, 4, gao_du, 6.05, 5.33, -0.37, 5.35, 5.35, 5.55, 5.22, 668808.04, 361014600, 2.01, 6.17, 1.22, 679.35801
2016-03-30, 4, gao_du, 6.05, 5.45, 2.25, 5.33, 5.37, 5.45, 5.34, 297758.52, 160841400, 0.89, 2.06, 0.53, 2188.55381
2016-03-31, 4, gao_du, 6.04, 5.44, -0.18, 5.45, 5.45, 5.51, 5.42, 318314.41, 173907149, 0.95, 1.65, 0.67, 869.66014
2016-04-01, 4, gao_du, 6.04, 5.39, -0.92, 5.44, 5.43, 5.47, 5.30, 358206.5, 192620136, 1.07, 3.13, 0.89, 2912.9281
2016-04-05, 4, gao_du, 6.02, 5.49, 1.86, 5.39, 5.39, 5.50, 5.37, 594768.67, 323200484, 1.78, 2.41, 1.49, 617.78498
2016-04-06, 5, qiang_lie, 6.02, 5.48, -0.18, 5.49, 5.45, 5.54, 5.43, 428244.5, 234572775, 1.28, 2.00, 0.96, 506.47116
2016-04-07, 5, qiang_lie, 6.01, 5.35, -2.37, 5.48, 5.49, 5.51, 5.34, 411969.51, 222982408, 1.24, 3.10, 1.03, 3418.40506
2016-04-08, 5, qiang_lie, 6.00, 5.24, -2.06, 5.35, 5.34, 5.35, 5.15, 416743.19, 218971426, 1.25, 3.74, 0.99, 2473.06514
2016-04-11, 4, gao_du, 5.99, 5.32, 1.53, 5.24, 5.28, 5.36, 5.26, 328793.03, 174873218, 0.99, 1.91, 0.74, 496.8071
2016-04-12, 4, gao_du, 5.99, 5.28, -0.75, 5.32, 5.33, 5.35, 5.25, 246482.92, 130255876, 0.74, 1.88, 0.57, 2641.00885
2016-04-13, 4, gao_du, 5.98, 5.38, 1.89, 5.28, 5.30, 5.43, 5.30, 450497.6, 242782516, 1.35, 2.46, 1.23, 882.42984
2016-04-14, 4, gao_du, 5.97, 5.42, 0.74, 5.38, 5.40, 5.43, 5.37, 338108.62, 182558773, 1.01, 1.12, 0.91, 2645.10894
2016-04-15, 5, qiang_lie, 5.97, 5.46, 0.74, 5.42, 5.42, 5.48, 5.38, 334023.64, 181258909, 1.00, 1.85, 0.94, 1650.78211
2016-04-18, 5, qiang_lie, 5.96, 5.32, -2.56, 5.46, 5.39, 5.40, 5.26, 380566.16, 202480304, 1.14, 2.56, 1.12, 2470.45088
2016-04-19, 5, qiang_lie, 5.95, 5.44, 2.26, 5.32, 5.34, 5.51, 5.30, 537793.96, 291552671, 1.61, 3.95, 1.54, 573.7381
2016-04-20, 5, qiang_lie, 5.94, 5.31, -2.39, 5.44, 5.40, 5.46, 5.10, 613986.35, 323877119, 1.84, 6.62, 1.50, 3350.67511
2016-04-21, 5, qiang_lie, 5.94, 5.25, -1.13, 5.31, 5.26, 5.33, 5.23, 282609.62, 149347716, 0.85, 1.88, 0.64, 779.05297
2016-04-22, 4, gao_du, 5.93, 5.25, 0.00, 5.25, 5.25, 5.27, 5.18, 174498.85, 91146203, 0.52, 1.71, 0.41, 3371.23585
2016-04-25, 3, zhong_du, 5.93, 5.17, -1.52, 5.25, 5.24, 5.25, 5.12, 212969.36, 110056081, 0.64, 2.48, 0.54, 2396.12818
2016-04-26, 2, qing_du, 5.92, 5.20, 0.58, 5.17, 5.18, 5.21, 5.14, 151272.08, 78334999, 0.45, 1.35, 0.42, 532.46498
2016-04-27, 2, qing_du, 5.92, 5.24, 0.77, 5.20, 5.21, 5.33, 5.21, 245613.86, 129545509, 0.74, 2.31, 0.86, 801.29313
2016-04-28, 2, qing_du, 5.91, 5.21, -0.57, 5.24, 5.26, 5.29, 5.15, 180852.53, 94090990, 0.54, 2.67, 0.85, 1285.64191
2016-04-29, 2, qing_du, 5.91, 5.20, -0.19, 5.21, 5.21, 5.22, 5.17, 141004.75, 73288001, 0.42, 0.96, 0.73, 3299.70908
2016-05-03, 2, qing_du, 5.91, 5.32, 2.31, 5.20, 5.21, 5.36, 5.17, 290876.66, 153735098, 0.87, 3.65, 1.56, 4517.75789
2016-05-04, 2, qing_du, 5.90, 5.31, -0.19, 5.32, 5.31, 5.37, 5.28, 284655.23, 151393685, 0.85, 1.69, 1.41, 488.54995
2016-05-05, 2, qing_du, 5.90, 5.33, 0.38, 5.31, 5.30, 5.33, 5.27, 213438, 113114105, 0.64, 1.13, 0.93, 565.50002
2016-05-06, 2, qing_du, 5.89, 5.03, -5.63, 5.33, 5.32, 5.32, 4.99, 417900.4, 216807428, 1.25, 6.19, 1.88, 3988.199
2016-05-09, 2, qing_du, 5.88, 4.91, -2.39, 5.03, 5.04, 5.05, 4.83, 319014.33, 157238454, 0.96, 4.37, 1.18, 2593.87088
2016-05-12, 1, wei_ruo, 5.86, 5.12, 4.28, 4.91, 5.25, 5.25, 5.10, 699538.71, 362053617, 2.10, 3.05, 2.29, 789.855
2016-05-13, 1, wei_ruo, 5.86, 5.09, -0.59, 5.12, 5.02, 5.13, 5.01, 307184.88, 155846416, 0.92, 2.34, 0.79, 782.76205
2016-05-16, 1, wei_ruo, 5.85, 5.10, 0.20, 5.09, 5.05, 5.13, 5.01, 261855.59, 132601675, 0.79, 2.36, 0.67, 14591.38799
2016-05-17, 1, wei_ruo, 5.85, 5.08, -0.39, 5.10, 5.09, 5.14, 5.07, 182889.54, 93319125, 0.55, 1.37, 0.46, 669.18206
2016-05-18, 1, wei_ruo, 5.84, 4.98, -1.97, 5.08, 5.05, 5.08, 4.94, 205372.66, 102697076, 0.62, 2.76, 0.58, 2943.43591
2016-05-19, 1, wei_ruo, 5.84, 4.99, 0.20, 4.98, 4.98, 5.04, 4.98, 112392.7, 56333271, 0.34, 1.20, 0.34, 886.46507
2016-05-20, 1, wei_ruo, 5.83, 5.08, 1.80, 4.99, 4.97, 5.09, 4.95, 184795.26, 93123371, 0.55, 2.81, 0.86, 946.64001
2016-05-23, 1, wei_ruo, 5.83, 5.15, 1.38, 5.08, 5.10, 5.17, 5.09, 197555.23, 101470356, 0.59, 1.57, 1.04, 603.90115
2016-05-24, 2, qing_du, 5.82, 5.67, 10.10, 5.15, 5.67, 5.67, 5.60, 2219279.33, 1258154205, 6.65, 1.36, 12.57, 1853.25408
2016-05-25, 2, qing_du, 5.80, 5.42, -4.41, 5.67, 5.59, 5.65, 5.37, 1881462.06, 1035325148, 5.64, 4.94, 10.65, 1069.875
2016-05-26, 3, zhong_du, 5.79, 5.40, -0.37, 5.42, 5.38, 5.44, 5.19, 807807.06, 429899694, 2.42, 4.61, 4.57, 623.20518
2016-05-27, 3, zhong_du, 5.78, 5.32, -1.48, 5.40, 5.33, 5.40, 5.26, 795220.5, 422866848, 2.38, 2.59, 4.50, 2594.26618
2016-05-30, 3, zhong_du, 5.77, 5.27, -0.94, 5.32, 5.28, 5.32, 5.23, 375060.43, 197403167, 1.12, 1.69, 2.12, 2473.90199
2016-05-31, 3, zhong_du, 5.76, 5.42, 2.85, 5.27, 5.28, 5.43, 5.27, 765486.1, 411060628, 2.30, 3.04, 4.33, 2174.52407
2016-06-01, 3, zhong_du, 5.76, 5.46, 0.74, 5.42, 5.42, 5.53, 5.38, 699084.21, 380428671, 2.10, 2.77, 3.96, 552.01483
2016-06-02, 3, zhong_du, 5.76, 5.57, 2.01, 5.46, 5.46, 5.66, 5.43, 876073.5, 485261626, 2.63, 4.21, 4.96, 2583.98104
2016-06-03, 3, zhong_du, 5.75, 5.50, -1.26, 5.57, 5.56, 5.59, 5.47, 506632.35, 279764584, 1.52, 2.15, 2.87, 811.23686
2016-06-06, 4, gao_du, 5.74, 5.50, 0.00, 5.50, 5.53, 5.53, 5.45, 333563.98, 182643212, 1.00, 1.45, 1.89, 740.73792
2016-06-07, 4, gao_du, 5.74, 5.48, -0.36, 5.50, 5.49, 5.50, 5.42, 318144.9, 173799219, 0.95, 1.45, 1.80, 3793.46704
2016-06-08, 4, gao_du, 5.74, 5.48, 0.00, 5.48, 5.46, 5.58, 5.43, 461083.61, 253346644, 1.38, 2.74, 2.61, 768.55588
2016-06-13, 3, zhong_du, 5.73, 5.31, -3.10, 5.48, 5.44, 5.49, 5.29, 462505.54, 249974234, 1.39, 3.65, 2.62, 1467.82517
2016-06-14, 3, zhong_du, 5.73, 5.32, 0.19, 5.31, 5.33, 5.36, 5.27, 251098.11, 133388641, 0.75, 1.69, 1.42, 655.98917
2016-06-15, 3, zhong_du, 5.72, 5.68, 6.77, 5.32, 5.27, 5.79, 5.26, 1021068.94, 569021801, 3.06, 9.96, 5.78, 2572.80803
2016-06-16, 3, zhong_du, 5.72, 5.59, -1.58, 5.68, 5.63, 5.75, 5.55, 698231.62, 393787003, 2.09, 3.52, 3.95, 796.97609
2016-06-17, 3, zhong_du, 5.72, 5.60, 0.18, 5.59, 5.59, 5.77, 5.55, 770545.84, 434913631, 2.31, 3.94, 4.36, 1573.08197
2016-06-20, 4, gao_du, 5.72, 5.51, -1.61, 5.60, 5.61, 5.61, 5.46, 415127.5, 228753653, 1.24, 2.68, 2.35, 752.62094
2016-06-21, 4, gao_du, 5.72, 5.46, -0.91, 5.51, 5.54, 5.57, 5.43, 384587.23, 211574012, 1.15, 2.54, 2.18, 1009.93609
2016-06-22, 4, gao_du, 5.71, 5.55, 1.65, 5.46, 5.48, 5.56, 5.47, 276583.36, 152488017, 0.83, 1.65, 1.57, 832.81493
2016-06-23, 4, gao_du, 5.71, 5.53, -0.36, 5.55, 5.55, 5.64, 5.50, 429293.49, 238434314, 1.29, 2.52, 2.43, 2772.39108
2016-06-24, 4, gao_du, 5.71, 5.38, -2.71, 5.53, 5.52, 5.55, 5.29, 607373.43, 328433153, 1.82, 4.70, 3.44, 619.09389
2016-06-27, 3, zhong_du, 5.70, 5.48, 1.86, 5.38, 5.35, 5.49, 5.35, 290812.04, 158204579, 0.87, 2.60, 1.65, 1285.95114
2016-06-28, 3, zhong_du, 5.70, 5.50, 0.36, 5.48, 5.46, 5.50, 5.43, 287279.26, 156999975, 0.86, 1.28, 1.63, 829.33307
2016-06-29, 3, zhong_du, 5.70, 0.00, 0.00, 5.52, 0.00, 0.00, 0.00, 0, 0, 0.00, 0.00, 0.00, 810.65607
2016-07-01, 4, gao_du, 5.70, 5.58, 1.09, 5.52, 5.62, 5.73, 5.56, 702189.1, 395542177, 2.11, 3.08, 3.98, 693.7921
2016-07-04, 4, gao_du, 5.70, 5.80, 3.94, 5.58, 5.61, 5.81, 5.58, 758767.06, 434424511, 1.14, 4.12, 4.30, 709.06186
2016-07-05, 5, qiang_lie, 5.70, 5.83, 0.52, 5.80, 5.87, 5.92, 5.80, 669903.96, 391330499, 1.00, 2.07, 3.79, 482.59902
2016-07-06, 5, qiang_lie, 5.70, 5.77, -1.03, 5.83, 5.78, 5.84, 5.70, 634683.03, 365287640, 0.95, 2.40, 3.59, 18505.6119
2016-07-07, 5, qiang_lie, 2.84, 2.92, 1.74, 2.87, 2.90, 3.00, 2.88, 1138658.19, 335340933, 1.71, 4.18, 6.45, 643.50605
2016-07-08, 4, gao_du, 2.84, 2.83, -3.08, 2.92, 2.87, 2.88, 2.81, 1113234.9, 316011844, 1.67, 2.40, 6.30, 514.9262
2016-07-11, 3, zhong_du, 2.84, 2.81, -0.71, 2.83, 2.84, 2.85, 2.81, 872040.49, 246740378, 1.31, 1.41, 4.94, 621.76299
2016-07-12, 3, zhong_du, 2.84, 2.86, 1.78, 2.81, 2.81, 2.86, 2.79, 1041040.78, 293928777, 1.56, 2.49, 5.89, 14517.22598
2016-07-13, 4, gao_du, 2.84, 2.86, 0.00, 2.86, 2.85, 2.88, 2.83, 871660.33, 248790074, 1.31, 1.75, 4.94, 631.16002
2016-07-14, 5, qiang_lie, 2.84, 2.88, 0.70, 2.86, 2.84, 2.94, 2.84, 1073530.73, 310167065, 1.61, 3.50, 6.08, 679.00681
2016-07-15, 5, qiang_lie, 2.84, 2.87, -0.35, 2.88, 2.87, 2.89, 2.86, 607320.36, 174268300, 0.91, 1.04, 3.44, 16152.30107
2016-07-18, 5, qiang_lie, 2.84, 2.85, -0.70, 2.87, 2.87, 2.88, 2.84, 558268.58, 159649957, 0.84, 1.39, 3.23, 647.21584
2016-07-19, 4, gao_du, 2.84, 2.86, 0.35, 2.85, 2.86, 2.87, 2.83, 447269.93, 127474120, 0.67, 1.40, 2.53, 537.19807
2016-07-20, 4, gao_du, 2.85, 2.84, -0.70, 2.86, 2.85, 2.86, 2.83, 435682.27, 123930108, 0.65, 1.05, 2.48, 2585.15
2016-07-21, 4, gao_du, 2.85, 2.84, 0.00, 2.84, 2.84, 2.86, 2.83, 471441.88, 134039703, 0.71, 1.06, 2.67, 682.21688
2016-07-22, 4, gao_du, 2.85, 2.81, -1.06, 2.84, 2.84, 2.84, 2.81, 453391.92, 127990332, 0.68, 1.06, 2.57, 3147.34387
2016-07-25, 3, zhong_du, 2.85, 2.81, 0.00, 2.81, 2.82, 2.82, 2.79, 404127.45, 113396398, 0.61, 1.07, 2.29, 4916.68892
2016-07-26, 3, zhong_du, 2.85, 2.84, 1.07, 2.81, 2.80, 2.84, 2.80, 506833.23, 142845905, 0.76, 1.42, 2.87, 1126.88804
2016-07-27, 3, zhong_du, 2.85, 2.72, -4.23, 2.84, 2.83, 2.85, 2.70, 922026.5, 255200007, 1.38, 5.28, 5.22, 3010.09202
2016-07-28, 3, zhong_du, 2.85, 2.75, 1.10, 2.72, 2.73, 2.79, 2.72, 622466.31, 171306726, 0.93, 2.57, 3.52, 568.995
2016-07-29, 2, qing_du, 2.85, 2.75, 0.00, 2.75, 2.77, 2.80, 2.75, 645422.37, 178879577, 0.97, 1.82, 3.65, 14293.03694
2016-08-01, 2, qing_du, 2.84, 2.70, -1.82, 2.75, 2.75, 2.75, 2.68, 545291.2, 147617842, 0.82, 2.55, 3.09, 3403.43809
2016-08-02, 2, qing_du, 2.84, 2.71, 0.37, 2.70, 2.69, 2.72, 2.69, 263095.07, 71075065, 0.39, 1.11, 1.49, 18011.33108
2016-08-03, 1, wei_ruo, 2.84, 2.72, 0.37, 2.71, 2.70, 2.73, 2.69, 324463.72, 87985365, 0.49, 1.48, 1.68, 2146.39688
2016-08-04, 1, wei_ruo, 2.84, 2.73, 0.37, 2.72, 2.73, 2.74, 2.71, 292704.17, 79794122, 0.44, 1.10, 1.35, 14255.15914
2016-08-05, 1, wei_ruo, 2.84, 2.75, 0.73, 2.73, 2.73, 2.79, 2.70, 611929.47, 168173103, 0.92, 3.30, 2.42, 484.90119
2016-08-08, 1, wei_ruo, 2.84, 2.76, 0.36, 2.75, 2.74, 2.76, 2.71, 464640.24, 127199574, 0.70, 1.82, 1.37, 671.1719
2016-08-09, 1, wei_ruo, 2.84, 2.76, 0.00, 2.76, 2.75, 2.76, 2.73, 401575.14, 110251902, 0.60, 1.09, 1.03, 18003.86119
2016-08-10, 1, wei_ruo, 2.84, 2.75, -0.36, 2.76, 2.75, 2.77, 2.74, 380498.38, 104760222, 0.57, 1.09, 0.91, 469.87486
2016-08-11, 1, wei_ruo, 2.84, 2.74, -0.72, 2.76, 2.75, 2.76, 2.73, 358327.22, 98361396, 0.54, 1.09, 0.83, 2539.21103
2016-08-15, 1, wei_ruo, 2.84, 2.80, 1.45, 2.76, 2.76, 2.82, 2.76, 839143.95, 234409897, 1.26, 2.17, 2.04, 515.88488
2016-08-16, 1, wei_ruo, 2.84, 2.81, 0.36, 2.80, 2.81, 2.83, 2.79, 551130.59, 154767342, 0.83, 1.43, 1.12, 908.55694
2016-08-17, 1, wei_ruo, 2.84, 2.83, 0.71, 2.81, 2.81, 2.83, 2.80, 488226.97, 137520578, 0.73, 1.07, 0.93, 14710.62493
2016-08-18, 2, qing_du, 2.84, 2.81, -0.71, 2.83, 2.82, 2.84, 2.80, 512548.54, 144497520, 0.77, 1.41, 0.94, 17399.41287
2016-08-19, 2, qing_du, 2.84, 2.82, 0.36, 2.81, 2.81, 2.82, 2.79, 426221.02, 119486013, 0.64, 1.07, 0.74, 475.86918
2016-08-22, 1, wei_ruo, 2.84, 2.80, -0.36, 2.81, 2.82, 2.82, 2.80, 335513.9, 94237927, 0.50, 0.71, 0.59, 638.16285
2016-08-23, 1, wei_ruo, 2.84, 2.81, 0.36, 2.80, 2.80, 2.82, 2.79, 463623.18, 129987557, 0.70, 1.07, 1.00, 508.19802
2016-08-24, 1, wei_ruo, 2.84, 2.80, -0.36, 2.81, 2.81, 2.81, 2.79, 250741.99, 70206493, 0.38, 0.71, 0.56, 2890.06996
2016-08-25, 1, wei_ruo, 2.84, 2.79, -0.36, 2.80, 2.79, 2.79, 2.76, 446870.76, 123868094, 0.67, 1.07, 1.12, 1574.03588
2016-08-26, 1, wei_ruo, 2.84, 2.82, 1.08, 2.79, 2.78, 2.86, 2.77, 872112.56, 246598429, 1.31, 3.23, 2.26, 559.60584
2016-08-29, 1, wei_ruo, 2.84, 2.80, -0.71, 2.82, 2.80, 2.81, 2.79, 410247.61, 114697073, 0.62, 0.71, 0.87, 1499.24684
2016-08-30, 2, qing_du, 2.84, 2.80, 0.00, 2.80, 2.80, 2.81, 2.79, 267954.99, 75014216, 0.40, 0.71, 0.55, 500.46706
2016-08-31, 1, wei_ruo, 2.84, 2.78, -0.71, 2.80, 2.80, 2.81, 2.77, 352454.24, 98057086, 0.53, 1.43, 0.78, 2233.96897
2016-09-01, 1, wei_ruo, 2.84, 2.78, -0.71, 2.80, 2.80, 2.81, 2.78, 91858, 25593671, 0.14, 1.07, 1.17, 2572.99399
2016-09-02, 1, wei_ruo, 2.84, 2.78, -0.71, 2.80, 2.80, 2.81, 2.78, 91858, 25593671, 0.14, 1.07, 1.17, 6535.05492
2016-09-05, 2, qing_du, 2.84, 2.78, -0.71, 2.80, 2.80, 2.81, 2.78, 91858, 25593671, 0.14, 1.07, 1.17, 1166.11981
2016-09-06, 2, qing_du, 2.84, 2.80, 0.36, 2.79, 2.79, 2.81, 2.76, 840692.31, 234238214, 1.26, 1.79, 1.79, 3149.76501
2016-09-07, 2, qing_du, 2.84, 2.78, -0.71, 2.80, 2.80, 2.81, 2.78, 91858, 25593671, 0.14, 1.07, 1.17, 535.27808
2016-09-08, 2, qing_du, 2.84, 2.80, -0.36, 2.81, 2.80, 2.81, 2.78, 673640.9, 188086656, 1.01, 1.07, 1.43, 481.54783
2016-09-09, 3, zhong_du, 2.84, 2.79, -0.36, 2.80, 2.79, 2.83, 2.78, 1039608.98, 291411479, 1.56, 1.79, 2.21, 2116.97721
2016-09-12, 2, qing_du, 2.84, 2.71, -2.87, 2.79, 2.75, 2.76, 2.70, 884960.2, 240846940, 1.33, 2.15, 1.88, 580.97601
2016-09-13, 2, qing_du, 2.84, 2.71, 0.00, 2.71, 2.72, 2.73, 2.70, 331950.86, 90002240, 0.50, 1.11, 0.71, 2417.67097
2016-09-14, 1, wei_ruo, 2.84, 2.78, -0.71, 2.80, 2.80, 2.81, 2.78, 91858, 25593671, 0.14, 1.07, 1.17, 2582.63493
2016-09-19, 1, wei_ruo, 2.84, 2.72, 0.74, 2.70, 2.70, 2.72, 2.70, 245284.8, 66437951, 0.37, 0.74, 0.52, 2636.71517
2016-09-20, 1, wei_ruo, 2.84, 2.69, -1.10, 2.72, 2.71, 2.72, 2.68, 331736.35, 89426645, 0.50, 1.47, 0.71, 2541.19897
2016-09-21, 1, wei_ruo, 2.84, 2.70, 0.37, 2.69, 2.69, 2.71, 2.69, 241503.78, 65197714, 0.36, 0.74, 0.51, 2599.49207
2016-09-22, 1, wei_ruo, 2.84, 2.71, 0.37, 2.70, 2.71, 2.72, 2.70, 289090.84, 78349199, 0.43, 0.74, 0.62, 517.41099
2016-09-23, 1, wei_ruo, 2.84, 2.70, -0.37, 2.71, 2.71, 2.71, 2.69, 260381.71, 70277883, 0.39, 0.74, 0.55, 3142.43984
2016-09-26, 1, wei_ruo, 2.84, 2.66, -1.48, 2.70, 2.69, 2.70, 2.65, 416288.5, 111612000, 0.62, 1.85, 0.89, 2613.62886
2016-09-27, 1, wei_ruo, 2.84, 2.66, 0.00, 2.66, 2.65, 2.67, 2.63, 321060.36, 85156573, 0.48, 1.50, 0.68, 619.93885
2016-09-28, 1, wei_ruo, 2.84, 2.66, 0.00, 2.66, 2.66, 2.67, 2.64, 202161.97, 53627305, 0.30, 1.13, 0.43, 693.44211
2016-09-29, 1, wei_ruo, 2.84, 2.66, 0.00, 2.66, 2.65, 2.67, 2.65, 273891.49, 72798661, 0.41, 0.75, 0.58, 18995.116
2016-09-30, 1, wei_ruo, 2.84, 2.67, 0.38, 2.66, 2.65, 2.68, 2.64, 283585.31, 75559493, 0.43, 1.50, 0.60, 2576.23601
2016-10-11, 1, wei_ruo, 2.84, 2.78, 4.12, 2.67, 2.78, 2.81, 2.74, 1513039.39, 418742060, 2.27, 2.62, 3.22, 2809.45587
2016-10-12, 1, wei_ruo, 2.84, 2.74, -1.44, 2.78, 2.76, 2.77, 2.72, 608446.35, 167063480, 0.91, 1.80, 1.29, 444.08202
2016-10-13, 1, wei_ruo, 2.84, 2.75, 0.36, 2.74, 2.74, 2.75, 2.73, 316826.16, 86850645, 0.47, 0.73, 0.67, 6125.81015
2016-10-14, 1, wei_ruo, 2.82, 2.73, -0.73, 2.75, 2.74, 2.75, 2.71, 369126.49, 100629353, 0.55, 1.45, 0.79, 488.09505
2016-10-17, 1, wei_ruo, 2.82, 2.71, -0.73, 2.73, 2.73, 2.74, 2.71, 355884.14, 96859602, 0.53, 1.10, 0.76, 4706.95901
2016-10-18, 1, wei_ruo, 2.82, 2.72, -0.37, 2.73, 2.73, 2.74, 2.71, 184879, 50405087, 0.28, 1.10, 0.79, 1476.50886
2016-10-19, 1, wei_ruo, 2.82, , , , , , , , , , , , 455.38116
2016-10-20, 2, qing_du, 2.82, 2.79, -0.36, 2.80, 2.78, 2.82, 2.77, 679694.14, 189545527, 1.02, 1.79, 1.20, 2650.27809
2016-10-21, 2, qing_du, 2.82, 2.77, -0.72, 2.79, 2.78, 2.80, 2.75, 432915.65, 119992722, 0.65, 1.79, 0.71, 4949.01204
2016-10-24, 3, zhong_du, 2.82, 2.79, 0.36, 2.78, 2.77, 2.80, 2.76, 595466.34, 165912957, 0.89, 1.44, 0.91, 2068.09306
2016-10-25, 3, zhong_du, 2.82, 2.86, 2.51, 2.79, 2.78, 2.94, 2.78, 1932290.87, 551980218, 2.90, 5.73, 2.94, 2549.62397
2016-10-26, 3, zhong_du, 2.82, 2.82, -1.40, 2.86, 2.85, 2.85, 2.80, 826843.85, 233674013, 1.24, 1.75, 1.26, 534.07001
2016-10-27, 3, zhong_du, 2.82, 2.86, 1.42, 2.82, 2.82, 2.89, 2.79, 886504.62, 250883720, 1.33, 3.55, 1.35, 636.11507
2016-10-28, 3, zhong_du, 2.82, 2.82, -1.40, 2.86, 2.84, 2.86, 2.81, 520462.83, 147570524, 0.78, 1.75, 0.79, 4771.45195
2016-10-31, 3, zhong_du, 2.82, 2.81, -0.35, 2.82, 2.81, 2.83, 2.79, 422838.52, 118767351, 0.63, 1.42, 0.64, 545.09687
2016-11-01, 3, zhong_du, 2.82, 2.82, 0.36, 2.81, 2.81, 2.82, 2.79, 456757.68, 128205179, 0.68, 1.07, 0.70, 474.65801
2016-11-02, 2, qing_du, 2.82, 2.77, -1.77, 2.82, 2.80, 2.82, 2.77, 532952, 148821443, 0.80, 1.77, 0.81, 598.629
2016-11-03, 2, qing_du, 2.82, 2.80, 0.72, 2.78, 2.78, 2.81, 2.76, 614533.18, 171352492, 0.92, 1.80, 0.94, 565.8679
2016-11-04, 2, qing_du, 2.82, 2.77, -1.07, 2.80, 2.79, 2.81, 2.76, 591598.62, 164629504, 0.89, 1.79, 0.90, 476.3031
2016-11-07, 2, qing_du, 2.82, 2.79, 0.72, 2.77, 2.78, 2.80, 2.77, 446152.72, 124280594, 0.67, 1.08, 0.68, 640.72895
2016-11-08, 2, qing_du, 2.82, 2.80, 0.36, 2.79, 2.80, 2.82, 2.78, 515879.04, 144478028, 0.77, 1.43, 0.79, 394.42492
2016-11-09, 2, qing_du, 2.82, 2.81, 0.36, 2.80, 2.80, 2.83, 2.75, 828833.47, 231498992, 1.24, 2.86, 1.26, 1512.23183
2016-11-10, 2, qing_du, 2.82, 2.85, 1.42, 2.81, 2.82, 2.85, 2.81, 1081905.52, 306748076, 1.62, 1.42, 1.65, 2035.66289
2016-11-11, 3, zhong_du, 2.82, 2.85, 0.35, 2.84, 2.84, 2.86, 2.82, 811945, 230628601, 1.22, 1.41, 1.24, 1746.50502
2016-11-14, 3, zhong_du, 2.82, 2.94, 3.16, 2.85, 2.85, 2.97, 2.84, 3673879.95, 1070857458, 5.51, 4.56, 5.60, 490.0558
2016-11-15, 3, zhong_du, 2.84, 3.06, 4.08, 2.94, 2.95, 3.19, 2.95, 2502856.25, 770839088, 3.75, 8.16, 7.62, 519.54389
2016-11-16, 4, gao_du, 2.85, 3.08, -1.91, 3.14, 3.13, 3.17, 3.07, 1239050, 386791556, 1.86, 3.18, 3.77, 507.28416
2016-11-17, 4, gao_du, 2.85, 3.08, -1.91, 3.14, 3.13, 3.17, 3.07, 1239050, 386791556, 1.86, 3.18, 3.77, 579.33998
2016-11-18, 4, gao_du, 2.86, 3.06, 4.08, 2.94, 2.95, 3.19, 2.95, 2502856.25, 770839088, 3.75, 8.16, 7.62, 1095.90793
2016-11-21, 4, gao_du, 2.86, 3.13, 2.29, 3.06, 3.06, 3.16, 3.06, 1298507.94, 405746274, 1.95, 3.27, 1.98, 317.56997
2016-11-22, 5, qiang_lie, 2.87, 3.20, 2.24, 3.13, 3.14, 3.22, 3.10, 1823457.72, 576812272, 2.73, 3.83, 2.78, 3694.10896
2016-11-23, 5, qiang_lie, 2.88, 3.26, 1.88, 3.20, 3.19, 3.39, 3.19, 1798625.51, 595312256, 2.70, 6.25, 2.74, 584.49006
2016-11-24, 5, qiang_lie, 2.89, 3.38, 3.68, 3.26, 3.26, 3.43, 3.23, 1650017.89, 552445253, 2.47, 6.13, 2.52, 945.17517
2016-11-25, 5, qiang_lie, 2.90, 3.32, -1.78, 3.38, 3.37, 3.41, 3.25, 1324087.61, 438933924, 1.99, 4.73, 2.02, 592.84616
2016-11-28, 5, qiang_lie, 2.91, 3.30, -0.90, 3.33, 3.35, 3.36, 3.27, 832009.9, 274326871, 1.25, 2.70, 1.27, 481.96006
2016-11-29, 5, qiang_lie, 2.91, 3.28, -0.61, 3.30, 3.30, 3.36, 3.24, 1271316.47, 419233470, 1.91, 3.64, 1.94, 887.707
2016-11-30, 5, qiang_lie, 2.92, 3.18, -2.75, 3.27, 3.25, 3.28, 3.16, 1088016.34, 348678171, 1.63, 3.67, 1.66, 427.67406
2016-12-01, 5, qiang_lie, 2.93, 3.34, 5.03, 3.18, 3.19, 3.34, 3.19, 1386986.84, 456639600, 2.08, 4.72, 2.11, 385.65111
2016-12-02, 5, qiang_lie, 2.94, 3.31, -0.90, 3.34, 3.35, 3.49, 3.31, 1741635.98, 591710793, 2.61, 5.39, 2.65, 548.85006
2016-12-05, 5, qiang_lie, 2.94, 3.32, 0.30, 3.31, 3.24, 3.37, 3.21, 1033461.1, 340814863, 1.55, 4.83, 1.57, 745.3239
2016-12-06, 5, qiang_lie, 2.95, 3.38, 1.81, 3.32, 3.34, 3.48, 3.34, 1456718.5, 496475045, 2.18, 4.22, 2.22, 1041.57114
2016-12-07, 5, qiang_lie, 2.96, 3.37, -0.30, 3.38, 3.39, 3.46, 3.34, 999591.04, 337414755, 1.50, 3.55, 1.53, 424.80493
2016-12-08, 5, qiang_lie, 2.97, 3.31, -1.78, 3.37, 3.38, 3.38, 3.27, 873018.73, 289710190, 1.31, 3.26, 1.33, 440.05704
2016-12-09, 5, qiang_lie, 2.97, 3.30, -0.30, 3.31, 3.29, 3.34, 3.27, 638236.81, 210257175, 0.96, 2.11, 0.97, 599.88999
2016-12-12, 5, qiang_lie, 2.97, 3.15, -4.55, 3.30, 3.31, 3.35, 3.13, 1282061.12, 413187617, 1.92, 6.67, 1.95, 546.97204
2016-12-13, 5, qiang_lie, 2.97, 3.15, 0.00, 3.15, 3.14, 3.20, 3.10, 717952.3, 226279404, 1.08, 3.17, 1.09, 695.19591
2016-12-14, 4, gao_du, 2.98, 3.15, 0.00, 3.15, 3.14, 3.18, 3.12, 514856.47, 162610682, 0.77, 1.90, 0.78, 452.11005
2016-12-15, 4, gao_du, 2.98, 3.12, -0.95, 3.15, 3.11, 3.20, 3.08, 803049.33, 251487423, 1.20, 3.81, 1.22, 529.64616
2016-12-16, 3, zhong_du, 2.98, 3.16, 1.28, 3.12, 3.12, 3.17, 3.10, 439556.02, 138469572, 0.66, 2.24, 0.67, 483.85501
2016-12-19, 3, zhong_du, 2.98, 3.12, -1.27, 3.16, 3.16, 3.16, 3.09, 549136.05, 171237023, 0.82, 2.22, 0.84, 703.93896
2016-12-20, 3, zhong_du, 2.98, 3.07, -1.60, 3.12, 3.11, 3.12, 3.02, 817341.71, 249656571, 1.23, 3.21, 1.24, 542.2101
2016-12-21, 3, zhong_du, 2.98, 3.11, 1.30, 3.07, 3.07, 3.13, 3.06, 524782.76, 162940067, 0.79, 2.28, 0.80, 468.34302
2016-12-22, 3, zhong_du, 2.98, 3.18, 2.25, 3.11, 3.12, 3.19, 3.08, 897623.62, 282678357, 1.35, 3.54, 1.37, 956.68721
2016-12-23, 3, zhong_du, 2.99, 3.10, -2.52, 3.18, 3.17, 3.17, 3.10, 503798, 158153812, 0.76, 2.20, 0.77, 425.771
2016-12-26, 3, zhong_du, 2.99, 3.13, 0.97, 3.10, 3.11, 3.14, 3.06, 394034.44, 122635348, 0.59, 2.58, 0.60, 527.58789
2016-12-27, 3, zhong_du, 2.99, 3.12, -0.32, 3.13, 3.13, 3.16, 3.11, 433169, 135819938, 0.65, 1.60, 0.66, 509.83715
2016-12-28, 3, zhong_du, 2.99, 3.10, -0.64, 3.12, 3.12, 3.13, 3.06, 635869.39, 196236074, 0.95, 2.24, 0.97, 579.4189
2016-12-30, 3, zhong_du, 2.99, 3.09, -0.32, 3.10, 3.09, 3.10, 3.07, 500641.45, 154309173, 0.75, 0.97, 0.76, 595.8848
2017-01-03, 3, zhong_du, 2.99, 3.09, -0.32, 3.10, 3.09, 3.10, 3.07, 500641.45, 154309173, 0.75, 0.97, 0.76, 2493.016
2017-01-04, 3, zhong_du, 3.00, 3.25, 2.52, 3.17, 3.17, 3.31, 3.16, 1147251.71, 372458259, 1.72, 4.73, 1.75, 647.21107
2017-01-05, 3, zhong_du, 3.00, 3.23, -0.62, 3.25, 3.26, 3.27, 3.22, 484847.36, 157383319, 0.73, 1.54, 0.74, 511.7569
2017-01-06, 3, zhong_du, 3.00, 3.20, -0.93, 3.23, 3.23, 3.25, 3.16, 605715.15, 193802285, 0.91, 2.79, 0.92, 773.66996
2017-01-09, 3, zhong_du, 3.00, 3.29, 2.81, 3.20, 3.18, 3.32, 3.16, 982411.19, 321510416, 1.47, 5.00, 1.50, 484.40695
2017-01-10, 3, zhong_du, 3.01, 3.27, -0.61, 3.29, 3.29, 3.33, 3.26, 618634, 203980530, 0.93, 2.13, 0.94, 2447.86978
2017-01-11, 3, zhong_du, 3.01, 3.22, -1.53, 3.27, 3.27, 3.29, 3.20, 615621.3, 199309881, 0.92, 2.75, 0.94, 610.58116
2017-01-13, 3, zhong_du, 3.01, 3.25, 0.62, 3.23, 3.22, 3.25, 3.21, 449690.43, 145273825, 0.67, 1.24, 0.68, 1932.48987
2017-01-16, 3, zhong_du, 3.02, 3.29, 1.23, 3.25, 3.24, 3.32, 3.12, 1424509.7, 462357573, 2.14, 6.15, 2.17, 11978.07002
2017-01-17, 3, zhong_du, 3.02, 3.31, 0.61, 3.29, 3.29, 3.33, 3.27, 317289.5, 104803348, 0.48, 1.82, 0.97, 2710.27303
2017-01-18, 3, zhong_du, 3.02, 3.31, 0.61, 3.29, 3.29, 3.33, 3.27, 317289.5, 104803348, 0.48, 1.82, 0.97, 2637.48908
2017-02-07, 4, gao_du, 3.05, 3.37, -1.17, 3.41, 3.38, 3.40, 3.35, 307147.07, 103554626, 0.46, 1.47, 1.08, 709.94806
2017-02-08, 4, gao_du, 3.06, 3.40, -0.29, 3.41, 3.38, 3.42, 3.35, 660887.93, 223632883, 0.99, 2.05, 1.01, 560.10509
2017-02-09, 4, gao_du, 3.06, 3.36, -1.18, 3.40, 3.40, 3.41, 3.34, 724408.24, 244264425, 1.09, 2.06, 1.42, 500.95105
2017-02-10, 4, gao_du, 3.07, 3.42, 1.48, 3.37, 3.36, 3.43, 3.34, 876507.1, 297738474, 1.31, 2.67, 1.34, 766.4969
2017-02-13, 4, gao_du, 3.07, 3.53, 3.22, 3.42, 3.43, 3.53, 3.42, 1198982.8, 416888300, 1.80, 3.22, 1.83, 4752.26498
2017-02-14, 5, qiang_lie, 3.08, 3.60, 1.98, 3.53, 3.52, 3.64, 3.50, 1294509.17, 461081298, 1.94, 3.97, 1.97, 603.9629
2017-02-15, 5, qiang_lie, 3.09, 3.49, -3.06, 3.60, 3.61, 3.61, 3.49, 1008457.55, 356980027, 1.51, 3.33, 1.54, 4571.24114
2017-02-16, 5, qiang_lie, 3.09, 3.50, 0.29, 3.49, 3.48, 3.53, 3.46, 527642.62, 184524717, 0.79, 2.01, 0.80, 711.10511
2017-02-17, 5, qiang_lie, 3.10, 3.47, -0.86, 3.50, 3.50, 3.56, 3.46, 778600.13, 273203714, 1.17, 2.86, 1.19, 517.27009
2017-02-20, 5, qiang_lie, 3.10, 3.47, -0.86, 3.50, 3.50, 3.56, 3.46, 778600.13, 273203714, 1.17, 2.86, 1.19, 601.92609
2017-02-21, 5, qiang_lie, 3.11, 3.47, -0.86, 3.50, 3.50, 3.56, 3.46, 778600.13, 273203714, 1.17, 2.86, 1.19, 747.19095
2017-02-22, 5, qiang_lie, 3.11, 3.61, 1.12, 3.57, 3.60, 3.63, 3.56, 829524.13, 298327709, 1.24, 1.96, 1.26, 2780.42388
2017-02-23, 5, qiang_lie, 3.12, 3.54, -1.94, 3.61, 3.60, 3.61, 3.51, 777821.06, 276549047, 1.17, 2.77, 1.18, 4612.8931
2017-02-24, 5, qiang_lie, 3.12, 3.55, 0.28, 3.54, 3.54, 3.55, 3.50, 361316.23, 127105743, 0.54, 1.41, 0.55, 4825.92607
2017-02-27, 5, qiang_lie, 3.12, 3.49, -1.69, 3.55, 3.53, 3.54, 3.47, 514608.58, 180088093, 0.77, 1.97, 0.78, 598.36221
2017-02-28, 5, qiang_lie, 3.13, 3.52, -0.56, 3.54, 3.54, 3.55, 3.50, 111009.83, 39023184, 0.17, 1.41, 0.92, 567.10482
2017-03-01, 5, qiang_lie, 3.13, 3.52, 0.57, 3.50, 3.50, 3.55, 3.47, 434138.86, 152905222, 0.65, 2.29, 0.66, 2775.28882
2017-03-03, 5, qiang_lie, 3.14, 3.39, -0.29, 3.40, 3.40, 3.41, 3.35, 584344.15, 197956546, 0.88, 1.76, 0.89, 2682.07693
2017-03-06, 4, gao_du, 3.14, 3.39, 0.00, 3.39, 3.38, 3.42, 3.38, 491391.6, 167031654, 0.74, 1.18, 0.75, 4389.84799
2017-03-08, 3, zhong_du, 3.14, 3.39, -0.88, 3.42, 3.44, 3.45, 3.36, 430177.74, 145873674, 0.64, 2.63, 0.66, 926.36108
2017-03-09, 3, zhong_du, 3.14, 3.33, -1.77, 3.39, 3.39, 3.39, 3.32, 551850.53, 184789019, 0.83, 2.06, 0.84, 4789.93821
2017-03-10, 3, zhong_du, 3.14, 3.34, 0.30, 3.33, 3.33, 3.36, 3.32, 317607.83, 105913039, 0.48, 1.20, 0.48, 633.88205
2017-03-13, 3, zhong_du, 3.15, 3.34, 0.00, 3.34, 3.33, 3.36, 3.25, 558735.12, 185587963, 0.84, 3.29, 0.85, 612.68687
2017-03-14, 3, zhong_du, 3.15, 3.34, 0.00, 3.34, 3.35, 3.35, 3.33, 345631.95, 115495941, 0.52, 0.60, 0.53, 640.2092
2017-03-15, 2, qing_du, 3.15, 3.33, -0.30, 3.34, 3.33, 3.34, 3.30, 351229.93, 116564552, 0.53, 1.20, 0.53, 2529.11997
2017-03-16, 2, qing_du, 3.15, 3.38, 1.50, 3.33, 3.33, 3.38, 3.32, 598936.34, 200874878, 0.90, 1.80, 0.91, 658.95581
2017-03-17, 2, qing_du, 3.15, 3.28, -2.96, 3.38, 3.37, 3.40, 3.27, 1052166.24, 349850865, 1.58, 3.85, 1.60, 566.14184
2017-03-20, 1, wei_ruo, 3.15, 3.23, -1.52, 3.28, 3.28, 3.29, 3.20, 892882.46, 288391269, 1.34, 2.74, 1.36, 525.52104
2017-03-21, 1, wei_ruo, 3.15, 3.24, 0.31, 3.23, 3.24, 3.24, 3.21, 369891.71, 119341706, 0.55, 0.93, 0.56, 632.32803
2017-03-22, 1, wei_ruo, 3.15, 3.22, -0.62, 3.24, 3.22, 3.24, 3.21, 429711.6, 138528550, 0.64, 0.93, 0.65, 586.97701
2017-03-23, 1, wei_ruo, 3.15, 3.20, -0.62, 3.22, 3.23, 3.24, 3.20, 482946.62, 155306214, 0.72, 1.24, 0.74, 587.95881
2017-03-24, 1, wei_ruo, 3.16, 3.26, 1.88, 3.20, 3.21, 3.26, 3.17, 690557.6, 222883442, 1.04, 2.81, 1.05, 627.75397
2017-03-27, 1, wei_ruo, 3.16, 3.20, -1.84, 3.26, 3.24, 3.24, 3.18, 1098356.57, 351480309, 1.65, 1.84, 1.67, 549.72792
2017-03-28, 1, wei_ruo, 3.16, 3.21, 0.31, 3.20, 3.20, 3.21, 3.17, 368710.53, 117560526, 0.55, 1.25, 0.56, 664.89816
2017-03-29, 1, wei_ruo, 3.16, 3.25, 1.25, 3.21, 3.21, 3.26, 3.19, 730496.56, 236119761, 1.10, 2.18, 1.11, 608.84595
2017-03-30, 1, wei_ruo, 3.16, 3.25, 0.00, 3.25, 3.25, 3.28, 3.23, 687423.81, 223614132, 1.03, 1.54, 1.05, 629.38786
2017-03-31, 1, wei_ruo, 3.16, 3.27, 0.62, 3.25, 3.26, 3.28, 3.23, 496514.66, 161571828, 0.74, 1.54, 0.76, 592.40699
2017-04-05, 1, wei_ruo, 3.16, 3.33, 1.83, 3.27, 3.32, 3.35, 3.30, 900469.6, 299600727, 1.35, 1.53, 1.37, 583.94694
2017-04-06, 1, wei_ruo, 3.16, 3.32, -0.30, 3.33, 3.33, 3.35, 3.30, 583671.96, 193983319, 0.88, 1.50, 0.89, 621.171
2017-04-07, 1, wei_ruo, 3.16, 3.30, -0.60, 3.32, 3.32, 3.32, 3.25, 639488.33, 209818814, 0.96, 2.11, 0.97, 617.6331
2017-04-10, 1, wei_ruo, 3.17, 3.39, 2.73, 3.30, 3.28, 3.60, 3.27, 1502608.53, 512800634, 2.25, 10.00, 2.29, 636.59215
2017-04-11, 1, wei_ruo, 3.17, 3.43, 1.18, 3.39, 3.36, 3.46, 3.36, 1242153.78, 424689957, 1.86, 2.95, 1.89, 498.3871
2017-04-12, 1, wei_ruo, 3.18, 3.35, -2.33, 3.43, 3.42, 3.42, 3.34, 1102858.25, 371506868, 1.65, 2.33, 1.68, 610.80885
2017-04-13, 1, wei_ruo, 3.18, 3.40, 1.49, 3.35, 3.34, 3.43, 3.34, 895021.89, 302814550, 1.34, 2.69, 1.36, 654.44994
2017-04-14, 1, wei_ruo, 3.18, 3.36, -1.18, 3.40, 3.38, 3.46, 3.34, 839084.35, 284893902, 1.26, 3.53, 1.28, 639.90617
2017-04-17, 1, wei_ruo, 3.18, 3.30, -1.79, 3.36, 3.36, 3.39, 3.29, 777904.92, 258855183, 1.17, 2.98, 1.18, 619.35592
2017-04-18, 1, wei_ruo, 3.19, 3.25, -1.52, 3.30, 3.30, 3.32, 3.25, 510544.8, 168103473, 0.77, 2.12, 0.78, 683.59113
2017-04-19, 1, wei_ruo, 3.19, 3.21, -1.23, 3.25, 3.25, 3.25, 3.19, 661862.54, 212355534, 0.99, 1.85, 1.01, 599.71213
2017-04-20, 1, wei_ruo, 3.19, 3.23, 0.62, 3.21, 3.22, 3.25, 3.20, 489520.1, 157951278, 0.73, 1.56, 0.75, 748.15798
2017-04-21, 1, wei_ruo, 3.19, 3.21, -0.62, 3.23, 3.24, 3.25, 3.20, 415286.27, 134098773, 0.62, 1.55, 0.63, 604.87413
2017-04-24, 1, wei_ruo, 3.19, 3.08, -4.05, 3.21, 3.21, 3.21, 3.07, 878716.4, 274279792, 1.32, 4.36, 1.34, 560.66799
2017-04-25, 1, wei_ruo, 3.18, 3.08, 0.00, 3.08, 3.10, 3.12, 3.07, 499505.59, 154593705, 0.75, 1.62, 0.76, 633.37994
2017-04-26, 1, wei_ruo, 3.18, 3.09, 0.32, 3.08, 3.09, 3.11, 3.07, 421440.78, 130296903, 0.63, 1.30, 0.64, 827.05307
2017-04-27, 1, wei_ruo, 3.18, 3.08, -0.32, 3.09, 3.09, 3.09, 3.00, 568314.25, 173219282, 0.85, 2.91, 0.87, 706.7399
2017-04-28, 1, wei_ruo, 3.18, 3.10, 0.65, 3.08, 3.08, 3.10, 3.06, 373168.04, 114818946, 0.56, 1.30, 0.57, 639.28699
2017-05-02, 1, wei_ruo, 3.18, 3.04, -1.94, 3.10, 3.09, 3.10, 3.02, 627590.21, 191579846, 0.94, 2.58, 0.96, 664.23607
2017-05-03, 1, wei_ruo, 3.18, 3.02, -0.66, 3.04, 3.04, 3.06, 3.00, 509249.91, 154057584, 0.76, 1.97, 0.78, 1865.52596
2017-05-04, 1, wei_ruo, 3.18, 3.00, -0.66, 3.02, 3.02, 3.02, 2.98, 558687.68, 167783462, 0.84, 1.32, 0.85, 652.99606
2017-05-05, 1, wei_ruo, 3.18, 2.94, -2.00, 3.00, 2.99, 3.00, 2.93, 585966.3, 173493567, 0.88, 2.33, 0.89, 577.42715
2017-05-11, 1, wei_ruo, 3.17, 2.88, -0.35, 2.89, 2.88, 2.89, 2.81, 500607.3, 142893254, 0.75, 2.77, 0.76, 656.17895
2017-05-12, 1, wei_ruo, 3.16, 2.83, -1.74, 2.88, 2.87, 2.89, 2.80, 751876.66, 213326897, 1.13, 3.13, 1.15, 552.76513
2017-05-15, 1, wei_ruo, 3.16, 2.86, 1.06, 2.83, 2.83, 2.87, 2.83, 365297.9, 104097562, 0.55, 1.41, 0.56, 2150.49291
2017-05-17, 1, wei_ruo, 3.16, 2.91, -0.68, 2.93, 2.91, 2.95, 2.89, 647906.28, 189171441, 0.97, 2.05, 0.99, 2636.36303
2017-05-18, 1, wei_ruo, 3.16, 2.86, -1.72, 2.91, 2.89, 2.90, 2.83, 536110.19, 153964089, 0.80, 2.41, 0.82, 656.99983
2017-05-19, 1, wei_ruo, 3.15, 2.85, -0.35, 2.86, 2.85, 2.88, 2.84, 377984.38, 107997751, 0.57, 1.40, 0.58, 542.71317
2017-05-22, 1, wei_ruo, 3.15, 2.85, 0.00, 2.85, 2.85, 2.87, 2.83, 370177.62, 105606965, 0.55, 1.40, 0.56, 530.55096
2017-05-23, 1, wei_ruo, 3.15, 2.81, -1.40, 2.85, 2.85, 2.85, 2.81, 428351.93, 121066850, 0.64, 1.40, 0.65, 932.84798
2017-05-24, 1, wei_ruo, 3.15, 2.80, -0.36, 2.81, 2.80, 2.81, 2.74, 583931.68, 162161012, 0.88, 2.49, 0.89, 556.57816
2017-05-25, 1, wei_ruo, 3.14, 2.84, 1.43, 2.80, 2.80, 2.85, 2.77, 589175.24, 165569789, 0.88, 2.86, 0.90, 342.29493
2017-05-26, 1, wei_ruo, 3.14, 2.82, -0.70, 2.84, 2.83, 2.85, 2.81, 498742.51, 141305365, 0.75, 1.41, 0.76, 675.67492
2017-05-31, 1, wei_ruo, 3.14, 2.84, 0.71, 2.82, 2.84, 2.88, 2.83, 496957.84, 141952354, 0.75, 1.77, 0.76, 664.68906
2017-06-01, 1, wei_ruo, 3.14, 2.77, -2.46, 2.84, 2.84, 2.84, 2.76, 667235.42, 186733858, 1.00, 2.82, 1.02, 668.94388
2017-06-02, 1, wei_ruo, 3.13, 2.80, 1.08, 2.77, 2.77, 2.81, 2.75, 481347.09, 133645700, 0.72, 2.17, 0.73, 123466.34603
2017-06-05, 1, wei_ruo, 3.13, 2.82, 0.71, 2.80, 2.80, 2.83, 2.79, 356346.61, 100271940, 0.53, 1.43, 0.54, 15614.19296
2017-06-06, 1, wei_ruo, 3.13, 2.85, 1.06, 2.82, 2.81, 2.85, 2.80, 417382.74, 118111730, 0.63, 1.77, 0.64, 542.07993
2017-06-07, 1, wei_ruo, 3.13, 2.88, 1.05, 2.85, 2.85, 2.88, 2.83, 690879.58, 197801718, 1.04, 1.75, 1.05, 656.52394
2017-06-08, 1, wei_ruo, 3.12, 2.86, -0.69, 2.88, 2.87, 2.88, 2.85, 566455.51, 162035902, 0.85, 1.04, 0.86, 644.86694
2017-06-09, 1, wei_ruo, 3.12, 2.85, -0.35, 2.86, 2.86, 2.87, 2.83, 458210.76, 130490134, 0.69, 1.40, 0.70, 877.23804
2017-06-12, 1, wei_ruo, 3.12, 2.83, -0.70, 2.85, 2.85, 2.86, 2.83, 439311.52, 124683036, 0.66, 1.05, 0.67, 2534.49488
2017-06-13, 1, wei_ruo, 3.12, 2.87, 1.41, 2.83, 2.82, 2.90, 2.82, 660476.44, 189118520, 0.99, 2.83, 1.01, 1144.77897
2017-06-14, 1, wei_ruo, 3.12, 2.91, 1.39, 2.87, 2.86, 2.92, 2.85, 845860.96, 244976565, 1.27, 2.44, 1.29, 640.06805
2017-06-15, 1, wei_ruo, 3.11, 2.89, -0.69, 2.91, 2.89, 2.90, 2.88, 503394.52, 145479028, 0.75, 0.69, 0.77, 528.06711
2017-06-16, 1, wei_ruo, 3.11, 2.88, -0.35, 2.89, 2.89, 2.90, 2.87, 385854.85, 111171891, 0.58, 1.04, 0.59, 964.288
2017-06-19, 1, wei_ruo, 3.11, 2.90, 0.69, 2.88, 2.88, 2.91, 2.87, 470457.64, 136014290, 0.71, 1.39, 0.72, 772.41898
2017-06-20, 1, wei_ruo, 3.11, 2.89, -0.34, 2.90, 2.90, 2.91, 2.89, 421227.94, 122130288, 0.63, 0.69, 0.64, 613.89804
2017-06-21, 1, wei_ruo, 3.11, 2.92, 1.04, 2.89, 2.90, 2.93, 2.89, 533267, 155268197, 0.80, 1.38, 0.81, 767.20095
2017-06-22, 1, wei_ruo, 3.11, 2.85, -2.40, 2.92, 2.91, 2.91, 2.85, 782704.42, 225829295, 1.17, 2.05, 1.19, 593.17398
2017-06-23, 1, wei_ruo, 3.10, 2.84, -0.35, 2.85, 2.85, 2.86, 2.81, 498323.44, 141096633, 0.75, 1.75, 0.76, 759.76896
2017-06-26, 1, wei_ruo, 3.10, 2.87, 1.06, 2.84, 2.83, 2.87, 2.83, 419347.71, 119678996, 0.63, 1.41, 0.64, 306.18191
2017-06-27, 1, wei_ruo, 3.10, 2.88, 0.35, 2.87, 2.86, 2.88, 2.86, 358419.55, 102893678, 0.54, 0.70, 0.55, 611.82499
2017-06-28, 1, wei_ruo, 3.10, 2.86, -0.69, 2.88, 2.87, 2.88, 2.85, 376754.84, 107828351, 0.56, 1.04, 0.57, 726.46713
2017-06-29, 1, wei_ruo, 3.10, 2.87, 0.35, 2.86, 2.87, 2.88, 2.86, 321959.14, 92272574, 0.48, 0.70, 0.49, 5629.43101
2017-06-30, 1, wei_ruo, 3.10, 2.84, -1.05, 2.87, 2.86, 2.87, 2.83, 444550.08, 126539149, 0.67, 1.39, 0.68, 846.32111
2017-07-03, 1, wei_ruo, 3.09, 2.86, 0.70, 2.84, 2.84, 2.86, 2.82, 553674.68, 157499001, 0.83, 1.41, 0.84, 665.86113
2017-07-04, 1, wei_ruo, 3.09, 2.92, 2.10, 2.86, 2.86, 2.95, 2.85, 1238101.23, 360216508, 1.86, 3.50, 1.89, 542.50097
2017-07-05, 2, qing_du, 3.09, 2.94, 0.68, 2.92, 2.90, 2.94, 2.88, 776938.13, 226290680, 1.16, 2.05, 1.18, 720.75319
2017-07-06, 3, zhong_du, 3.09, 2.92, -0.68, 2.94, 2.93, 2.94, 2.90, 583134.22, 170256409, 0.87, 1.36, 0.89, 668.34307
2017-07-07, 3, zhong_du, 3.08, 2.85, -2.40, 2.92, 2.87, 2.87, 2.81, 1462385.27, 415329457, 2.19, 2.05, 2.23, 664.9518
2017-07-10, 3, zhong_du, 3.08, 2.85, 0.00, 2.85, 2.84, 2.86, 2.83, 635455.08, 180898885, 0.95, 1.05, 0.97, 632.01404
2017-07-11, 2, qing_du, 3.08, 2.84, -0.35, 2.85, 2.85, 2.86, 2.83, 715900.23, 203474540, 1.07, 1.05, 1.09, 548.11311
2017-07-12, 2, qing_du, 3.07, 2.82, -0.70, 2.84, 2.83, 2.84, 2.80, 683524.47, 192736344, 1.02, 1.41, 1.04, 499.60399
2017-07-13, 1, wei_ruo, 3.07, 2.84, 0.71, 2.82, 2.82, 2.85, 2.81, 582835.12, 165007034, 0.87, 1.42, 0.89, 842.57603
2017-07-14, 1, wei_ruo, --, 2.85, 0.35, 2.84, 2.84, 2.85, 2.82, 367382.17, 104161568, 0.55, 1.06, 0.56, 599.74408
2017-07-17, 1, wei_ruo, --, 2.79, -2.11, 2.85, 2.84, 2.85, 2.76, 875717.84, 245891612, 1.31, 3.16, 1.33, 764.25004
2017-07-18, 1, wei_ruo, 3.07, 2.82, 1.08, 2.79, 2.79, 2.82, 2.78, 389005.19, 108831937, 0.58, 1.43, 0.59, 606.0679
2017-07-19, 1, wei_ruo, --, 2.88, 2.13, 2.82, 2.82, 2.88, 2.80, 825957.23, 234977968, 1.24, 2.84, 1.26, 604.79283
2017-07-20, 1, wei_ruo, --, 2.86, 0.35, 2.85, 2.86, 2.87, 2.83, 645154.78, 184046640, 0.97, 1.40, 0.98, 443.24088
2017-07-21, 2, qing_du, --, 2.86, 0.00, 2.86, 2.86, 2.87, 2.84, 517184.12, 147647830, 0.78, 1.05, 0.79, 514.03785
2017-07-24, 3, zhong_du, 3.03, 2.90, 1.40, 2.86, 2.86, 2.91, 2.85, 844911.04, 243332316, 1.27, 2.10, 1.29, 17806.06914
2017-07-25, 3, zhong_du, --, 2.87, -1.03, 2.90, 2.89, 2.90, 2.86, 615642.39, 177171675, 0.92, 1.38, 0.94, 733.17003
2017-07-26, 3, zhong_du, --, 2.85, -0.70, 2.87, 2.87, 2.88, 2.84, 560870.64, 159977061, 0.84, 1.39, 0.85, 659.05809
2017-07-27, 3, zhong_du, 3.02, 2.87, 0.70, 2.85, 2.85, 2.88, 2.84, 557815.41, 159307328, 0.84, 1.40, 0.85, 1717.35692
2017-07-28, 3, zhong_du, 3.02, 2.86, -0.35, 2.87, 2.86, 2.87, 2.85, 415446.35, 118779132, 0.62, 0.70, 0.63, 660.15196
2017-07-31, 3, zhong_du, 3.02, 2.88, 0.70, 2.86, 2.86, 2.88, 2.84, 741890.11, 212465369, 1.11, 1.40, 1.13, 815.73009
2017-08-01, 4, gao_du, 3.02, 2.92, 1.39, 2.88, 2.87, 2.95, 2.86, 1239251.6, 360223832, 1.86, 3.13, 1.89, 855.91888
2017-08-02, 4, gao_du, 3.02, 2.88, -1.37, 2.92, 2.91, 2.92, 2.87, 828875.36, 239923957, 1.24, 1.71, 1.26, 616.76002
2017-08-03, 4, gao_du, 3.02, 2.90, 0.69, 2.88, 2.88, 2.91, 2.87, 601201.62, 174090316, 0.90, 1.39, 0.92, 656.3189
2017-08-04, 4, gao_du, 3.01, 2.91, 0.34, 2.90, 2.89, 2.93, 2.88, 799354.62, 232851960, 1.20, 1.72, 1.22, 688.40694
2017-08-07, 5, qiang_lie, 3.01, 2.96, 1.72, 2.91, 2.90, 2.97, 2.89, 1222609.39, 358769774, 1.83, 2.75, 1.86, 622.63608
2017-08-08, 5, qiang_lie, 3.01, 2.97, 0.34, 2.96, 2.95, 2.97, 2.92, 886499.25, 261641555, 1.33, 1.69, 1.35, 483.89602
2017-08-09, 5, qiang_lie, 3.01, 3.00, 1.01, 2.97, 2.97, 3.03, 2.96, 1274511.67, 381946942, 1.91, 2.36, 1.94, 632.34997
2017-08-10, 5, qiang_lie, 3.01, 2.96, -1.33, 3.00, 3.00, 3.00, 2.94, 936518.1, 278218322, 1.40, 2.00, 1.43, 660.73608
2017-08-11, 5, qiang_lie, 3.01, 2.88, -2.70, 2.96, 2.94, 2.95, 2.87, 1090589.46, 316887705, 1.64, 2.70, 1.66, 2221.663
2017-08-14, 5, qiang_lie, 3.01, 2.92, 1.39, 2.88, 2.89, 2.92, 2.88, 638638.25, 185456519, 0.96, 1.39, 0.97, 1783.90408
2017-08-15, 4, gao_du, 3.01, 2.89, -1.03, 2.92, 2.91, 2.92, 2.88, 516750.33, 149772662, 0.77, 1.37, 0.79, 762.40611
2017-08-16, 3, zhong_du, 3.01, 2.92, 1.04, 2.89, 2.90, 2.92, 2.88, 523986.48, 151724015, 0.79, 1.38, 0.80, 1558.16603
2017-08-17, 3, zhong_du, 3.01, 2.92, 0.00, 2.92, 2.92, 2.93, 2.90, 513849.61, 149868105, 0.77, 1.03, 0.78, 3661.62205
2017-08-18, 4, gao_du, 3.01, 2.94, 0.68, 2.92, 2.91, 2.95, 2.90, 689945.08, 202004297, 1.03, 1.71, 1.05, 659.22213
2017-08-21, 4, gao_du, 3.00, 2.94, 0.00, 2.94, 2.94, 2.95, 2.92, 472255.04, 138567231, 0.71, 1.02, 0.72, 908.84399
2017-08-22, 4, gao_du, 3.00, 2.90, -1.36, 2.94, 2.94, 2.94, 2.89, 548728.52, 159900257, 0.82, 1.70, 0.84, 907.76801
2017-08-23, 4, gao_du, 3.00, 2.91, 0.34, 2.90, 2.90, 2.92, 2.88, 489498.06, 141923287, 0.73, 1.38, 0.75, 791.57305
2017-08-24, 3, zhong_du, 3.00, 2.88, -1.03, 2.91, 2.90, 2.91, 2.88, 384675.68, 111330254, 0.58, 1.03, 0.59, 818.748
2017-08-25, 3, zhong_du, 3.00, 2.91, 1.04, 2.88, 2.88, 2.92, 2.88, 322060.61, 93469371, 0.48, 1.39, 0.49, 782.64809
2017-08-28, 3, zhong_du, 3.00, 2.93, 0.69, 2.91, 2.91, 2.94, 2.90, 632473.06, 184777792, 0.95, 1.37, 0.96, 860.12197
2017-08-29, 3, zhong_du, 3.00, 2.93, 0.00, 2.93, 2.92, 2.94, 2.91, 393950.37, 115292537, 0.59, 1.02, 0.60, 568.5668
2017-08-30, 4, gao_du, 3.00, 2.92, -0.34, 2.93, 2.92, 2.93, 2.91, 326583.95, 95376325, 0.49, 0.68, 0.50, 642.941
2017-08-31, 4, gao_du, 3.00, 2.90, -0.68, 2.92, 2.91, 2.92, 2.88, 688151.83, 199225003, 1.03, 1.37, 1.05, 823.71211
2017-09-01, 4, gao_du, 3.00, 2.91, 0.34, 2.90, 2.90, 2.91, 2.89, 475802.48, 137914637, 0.71, 0.69, 0.72, 795.506
2017-09-04, 4, gao_du, 3.00, 2.90, -0.34, 2.91, 2.90, 2.91, 2.88, 533390.39, 154181017, 0.80, 1.03, 0.81, 597.7509
2017-09-05, 3, zhong_du, 3.00, 2.89, -1.03, 2.92, 2.91, 2.92, 2.88, 469081, 135892588, 0.70, 1.37, 1.43, 744.22503
2017-09-06, 3, zhong_du, 3.00, 2.89, -0.34, 2.90, 2.89, 2.90, 2.88, 421180.02, 121743871, 0.63, 0.69, 0.64, 853.70016
2017-09-07, 3, zhong_du, 3.00, 2.89, -1.03, 2.92, 2.91, 2.92, 2.88, 469081, 135892588, 0.70, 1.37, 1.43, 664.63089
2017-09-08, 2, qing_du, 3.00, 2.89, -1.03, 2.92, 2.91, 2.92, 2.88, 469081, 135892588, 0.70, 1.37, 1.43, 1176.55206
2017-09-11, 2, qing_du, 2.99, 2.89, -1.03, 2.92, 2.91, 2.92, 2.88, 469081, 135892588, 0.70, 1.37, 1.43, 642.555
2017-09-12, 2, qing_du, 3.00, 3.03, 3.77, 2.92, 2.93, 3.12, 2.92, 3042390.11, 919016435, 4.56, 6.85, 4.63, 2564.60309
2017-09-13, 3, zhong_du, 3.00, 2.98, -1.65, 3.03, 2.99, 3.02, 2.95, 1296127.98, 386457274, 1.94, 2.31, 1.97, 572.35098
2017-09-14, 3, zhong_du, 3.00, 3.00, 0.67, 2.98, 2.98, 3.04, 2.97, 1166127.15, 350170194, 1.75, 2.35, 1.78, 596.87614
2017-09-15, 3, zhong_du, 3.00, 2.96, -1.33, 3.00, 2.99, 2.99, 2.94, 742703.02, 220151501, 1.11, 1.67, 1.13, 923.91396
2017-09-18, 3, zhong_du, 3.00, 3.07, 3.72, 2.96, 2.97, 3.07, 2.95, 1832742.13, 555389401, 2.75, 4.05, 2.79, 1141.33811
2017-09-19, 3, zhong_du, 3.00, 3.03, -1.30, 3.07, 3.07, 3.08, 3.01, 1149343.04, 349067384, 1.72, 2.28, 1.75, 679.05593
2017-09-20, 4, gao_du, 3.00, 3.07, 1.32, 3.03, 3.03, 3.12, 3.02, 1608174.92, 494173403, 2.41, 3.30, 2.45, 605.72505
2017-09-21, 4, gao_du, 3.00, 3.04, -0.98, 3.07, 3.08, 3.12, 3.04, 1152528.68, 354046263, 1.73, 2.61, 1.76, 680.62687
2017-09-22, 4, gao_du, 3.00, 3.05, 0.33, 3.04, 3.04, 3.07, 3.02, 905714.69, 275655613, 1.36, 1.64, 1.38, 353.60694
2017-09-25, 4, gao_du, 3.00, 2.97, -2.62, 3.05, 3.05, 3.05, 2.96, 807809.83, 241640682, 1.21, 2.95, 1.23, 748.67105
2017-09-26, 3, zhong_du, 3.00, 3.04, 2.36, 2.97, 2.97, 3.04, 2.95, 891801.25, 267814848, 1.34, 3.03, 1.36, 60905.20692
2017-09-27, 3, zhong_du, 3.00, 3.04, 0.00, 3.04, 3.03, 3.08, 3.00, 889680.8, 271218088, 1.33, 2.63, 1.36, 649.26004
2017-09-28, 3, zhong_du, 3.00, 3.08, 1.32, 3.04, 3.03, 3.10, 3.02, 1541285.56, 474213443, 2.31, 2.63, 2.35, 596.46988
2017-09-29, 4, gao_du, 3.00, 3.10, 0.65, 3.08, 3.08, 3.12, 3.05, 1335830.87, 411573692, 2.00, 2.27, 2.03, 606.44889
2017-10-10, 5, qiang_lie, 3.02, 3.21, -0.62, 3.23, 3.20, 3.26, 3.17, 1533973.08, 491668668, 2.30, 2.79, 2.34, 669.7011
2017-10-12, 4, gao_du, 3.02, 3.14, 0.64, 3.12, 3.13, 3.16, 3.09, 924774.31, 288908915, 1.39, 2.24, 1.41, 709.71084
2017-10-13, 3, zhong_du, 3.02, 3.12, -0.64, 3.14, 3.13, 3.13, 3.10, 614356.59, 191398704, 0.92, 0.96, 0.94, 531.27789
2017-10-16, 3, zhong_du, 3.02, 3.09, -0.96, 3.12, 3.14, 3.14, 3.04, 1045237.16, 322339735, 1.57, 3.21, 1.59, 660.47311
2017-10-17, 3, zhong_du, 3.02, 3.06, -0.97, 3.09, 3.08, 3.08, 3.05, 364800.72, 111779519, 0.55, 0.97, 0.56, 530.5059
2017-10-18, 2, qing_du, 3.03, 3.04, -0.65, 3.06, 3.07, 3.08, 3.02, 584470, 178484250, 0.88, 1.96, 0.89, 718.95289
2017-10-19, 2, qing_du, 3.03, 3.13, 2.96, 3.04, 3.07, 3.24, 3.06, 2195655.84, 692587200, 3.29, 5.92, 3.34, 892.37905
2017-10-20, 2, qing_du, 3.03, 3.15, 0.64, 3.13, 3.11, 3.16, 3.10, 1134400.14, 354908316, 1.70, 1.92, 1.73, 1031.88801
2017-10-23, 3, zhong_du, 3.03, 3.14, -0.32, 3.15, 3.14, 3.19, 3.11, 782994.14, 246040406, 1.17, 2.54, 1.19, 691.90097
2017-10-24, 3, zhong_du, 3.03, 3.10, -1.27, 3.14, 3.13, 3.14, 3.07, 682471.2, 211265814, 1.02, 2.23, 1.04, 675.55594
2017-10-25, 3, zhong_du, 3.03, 3.12, 0.65, 3.10, 3.09, 3.13, 3.07, 544083.2, 168627312, 0.82, 1.94, 0.83, 676.8589
2017-10-26, 3, zhong_du, 3.03, 3.10, -0.64, 3.12, 3.11, 3.12, 3.09, 475715.01, 147861747, 0.71, 0.96, 0.72, 681.52499
2017-10-27, 3, zhong_du, 3.03, 3.12, 0.65, 3.10, 3.10, 3.16, 3.09, 644041.35, 201249776, 0.97, 2.26, 0.98, 639.0028
2017-10-30, 2, qing_du, 3.04, 3.04, -2.56, 3.12, 3.11, 3.12, 3.02, 1001056.49, 306078079, 1.50, 3.21, 1.52, 746.92416
2017-10-31, 2, qing_du, 3.04, 3.03, -0.33, 3.04, 3.02, 3.05, 3.00, 627950.01, 189772181, 0.94, 1.64, 0.96, 756.73079
2017-11-01, 2, qing_du, 3.04, 3.03, 0.00, 3.03, 3.02, 3.06, 3.01, 507771.75, 154048362, 0.76, 1.65, 0.77, 670.02416
2017-11-02, 2, qing_du, 3.03, 2.98, -1.65, 3.03, 3.05, 3.06, 2.98, 588255.04, 177061500, 0.88, 2.64, 0.90, 855.94511
2017-11-03, 1, wei_ruo, 3.03, 2.96, -0.67, 2.98, 2.98, 3.01, 2.95, 468150, 139419919, 0.70, 2.01, 0.71, 889.96792
2017-11-06, 1, wei_ruo, 3.03, 2.98, 0.68, 2.96, 2.96, 3.00, 2.96, 421274.51, 125316451, 0.63, 1.35, 0.64, 180741.54401
2017-11-07, 1, wei_ruo, 3.03, 3.00, 0.67, 2.98, 2.98, 3.01, 2.98, 250433.12, 75107521, 0.38, 1.01, 0.76, 310.77099
2017-11-08, 1, wei_ruo, 3.03, 3.02, 0.33, 3.01, 3.01, 3.05, 3.00, 594879.28, 180137993, 0.89, 1.66, 0.91, 3189.02898
2017-11-09, 1, wei_ruo, 3.04, 3.00, 0.67, 2.98, 2.98, 3.01, 2.98, 250433.12, 75107521, 0.38, 1.01, 0.76, 546.14711
2017-11-10, 1, wei_ruo, 3.04, 3.10, -0.64, 3.12, 3.14, 3.21, 3.10, 1800116.22, 566932249, 2.70, 3.53, 2.71, 3270.39504
2017-11-13, 1, wei_ruo, 3.04, 3.06, -1.29, 3.10, 3.09, 3.10, 3.04, 970002.24, 296561226, 1.45, 1.94, 1.04, 669.50393
2017-11-14, 1, wei_ruo, 3.04, 3.04, -0.65, 3.06, 3.05, 3.06, 3.02, 582845.96, 176987532, 0.87, 1.31, 0.56, 831.61306
2017-11-15, 1, wei_ruo, 3.04, 3.03, -0.33, 3.04, 3.03, 3.04, 3.00, 422229.54, 127530472, 0.63, 1.32, 0.39, 697.73006
2017-11-16, 1, wei_ruo, 3.04, 3.03, 0.00, 3.03, 3.02, 3.03, 3.00, 359082.08, 108216413, 0.54, 0.99, 0.35, 5121.19699
2017-11-17, 1, wei_ruo, 3.04, 2.95, -2.64, 3.03, 3.02, 3.02, 2.94, 698373, 207902030, 1.05, 2.64, 0.84, 667.05012
2017-11-20, 1, wei_ruo, 3.04, 2.96, 0.34, 2.95, 2.95, 2.97, 2.91, 510143.56, 149836313, 0.76, 2.03, 0.84, 547.40691
2017-11-21, 1, wei_ruo, 3.04, 2.96, 0.00, 2.96, 2.95, 2.98, 2.94, 435400.76, 128524799, 0.65, 1.35, 0.85, 895.87688
2017-11-22, 1, wei_ruo, 3.04, 2.92, -1.35, 2.96, 2.95, 2.96, 2.91, 516025.08, 151089996, 0.77, 1.69, 1.06, 718.31393
2017-11-23, 1, wei_ruo, 3.03, 2.86, -2.05, 2.92, 2.92, 2.93, 2.85, 636933.55, 183993149, 0.95, 2.74, 1.26, 635.13494
2017-11-24, 1, wei_ruo, 3.03, 2.86, 0.00, 2.86, 2.86, 2.88, 2.83, 412746.43, 117798275, 0.62, 1.75, 0.74, 669.90399
2017-11-27, 1, wei_ruo, 3.03, 2.87, 0.35, 2.86, 2.86, 2.88, 2.85, 308107.46, 88282832, 0.46, 1.05, 0.61, 683.69794
2017-11-28, 1, wei_ruo, 3.03, 2.90, 1.05, 2.87, 2.86, 2.91, 2.86, 301403.57, 87013121, 0.45, 1.74, 0.65, 718.39404
2017-11-29, 1, wei_ruo, 3.03, 2.90, 0.00, 2.90, 2.91, 2.92, 2.87, 418709.59, 121257875, 0.63, 1.72, 0.96, 770.051
2017-11-30, 1, wei_ruo, 3.03, 2.87, -1.03, 2.90, 2.90, 2.90, 2.87, 327752, 94434373, 0.49, 1.03, 0.79, 657.99594
2017-12-01, 1, wei_ruo, 3.03, 2.88, 0.35, 2.87, 2.87, 2.91, 2.86, 320599.29, 92464151, 0.48, 1.74, 0.91, 865.71383
2017-12-04, 1, wei_ruo, 3.03, 2.84, -1.39, 2.88, 2.88, 2.89, 2.83, 399722.48, 114233225, 0.60, 2.08, 1.19, 2021.99006
2017-12-05, 1, wei_ruo, 3.03, 2.80, -1.41, 2.84, 2.82, 2.84, 2.79, 454964.8, 128005250, 0.68, 1.76, 1.29, 693.35008
2017-12-06, 1, wei_ruo, 3.03, 2.82, 0.71, 2.80, 2.79, 2.83, 2.78, 298621.9, 83845296, 0.45, 1.79, 0.78, 502.0659
2017-12-07, 1, wei_ruo, 3.02, 2.81, -0.35, 2.82, 2.82, 2.83, 2.80, 237111.4, 66739614, 0.36, 1.06, 0.66, 568.36891
2017-12-08, 1, wei_ruo, 3.02, 2.82, 0.36, 2.81, 2.81, 2.83, 2.80, 202370.94, 57075033, 0.30, 1.07, 0.59, 642.6661
2017-12-11, 1, wei_ruo, 3.02, 2.85, 1.06, 2.82, 2.82, 2.87, 2.81, 413267.62, 117848072, 0.62, 2.13, 1.30, 635.28109
2017-12-12, 1, wei_ruo, 3.02, 2.82, -1.05, 2.85, 2.85, 2.86, 2.81, 304469, 86177217, 0.46, 1.75, 0.95, 676.28503
2017-12-13, 1, wei_ruo, 3.02, 2.83, 0.35, 2.82, 2.82, 2.84, 2.81, 210499.84, 59453486, 0.32, 1.06, 0.72, 624.01509
2017-12-14, 1, wei_ruo, 3.02, 2.83, 0.00, 2.83, 2.83, 2.84, 2.82, 231016.86, 65330929, 0.35, 0.71, 0.84, 2781.84414
2017-12-15, 1, wei_ruo, 3.02, 2.81, -0.71, 2.83, 2.82, 2.83, 2.79, 345628.12, 96966312, 0.52, 1.41, 1.27, 597.67818
2017-12-18, 1, wei_ruo, 3.02, 2.80, -0.36, 2.81, 2.80, 2.81, 2.78, 231383.64, 64671324, 0.35, 1.07, 0.77, 608.40416
2017-12-19, 1, wei_ruo, 3.02, 2.80, 0.00, 2.80, 2.80, 2.81, 2.79, 208449, 58394891, 0.31, 0.71, 0.79, 814.04209
2017-12-20, 1, wei_ruo, 3.02, 2.79, -0.36, 2.80, 2.80, 2.81, 2.78, 228508, 63797935, 0.34, 1.07, 0.93, 2998.66796
2017-12-21, 1, wei_ruo, 3.02, 2.78, -0.36, 2.79, 2.78, 2.79, 2.75, 321786.74, 89234614, 0.48, 1.43, 1.29, 10819.0949
2017-12-22, 1, wei_ruo, 3.02, 2.78, 0.00, 2.78, 2.78, 2.78, 2.76, 190853.2, 52924961, 0.29, 0.72, 0.71, 678.85089
2017-12-25, 1, wei_ruo, 3.01, 2.75, -1.08, 2.78, 2.78, 2.78, 2.74, 266090, 73442633, 0.40, 1.44, 1.13, 2678.52211
2017-12-26, 1, wei_ruo, 3.01, 2.78, 1.09, 2.75, 2.75, 2.78, 2.74, 280110.19, 77307359, 0.42, 1.45, 1.15, 616.67705
2017-12-27, 1, wei_ruo, 3.01, 2.82, 1.44, 2.78, 2.78, 2.88, 2.75, 731928.53, 205370929, 1.10, 4.68, 2.84, 708.62103
2017-12-29, 1, wei_ruo, 3.01, 2.83, 0.71, 2.81, 2.81, 2.84, 2.80, 372369.62, 105108077, 0.56, 1.42, 0.87, 744.36808
2018-01-03, 1, wei_ruo, 3.01, 2.85, 0.71, 2.83, 2.82, 2.86, 2.81, 530950.57, 151064394, 0.80, 1.77, 1.18, 819.36312
2018-01-04, 1, wei_ruo, 3.01, 2.86, 0.35, 2.85, 2.85, 2.88, 2.84, 403438.37, 115492272, 0.60, 1.40, 0.81, 657.26805
2018-01-05, 1, wei_ruo, 3.00, 2.87, 0.35, 2.86, 2.85, 2.88, 2.84, 388526.22, 111208147, 0.58, 1.40, 0.90, 641.01005
2018-01-08, 1, wei_ruo, 3.00, 2.89, 0.70, 2.87, 2.87, 2.93, 2.86, 492818.76, 142717932, 0.74, 2.44, 1.22, 721.39311
2018-01-09, 1, wei_ruo, 3.00, 2.89, 0.00, 2.89, 2.89, 2.91, 2.87, 399038.13, 115262717, 0.60, 1.38, 0.91, 581.03585
2018-01-10, 1, wei_ruo, 3.00, 2.89, 0.00, 2.89, 2.90, 2.90, 2.85, 427763.28, 122936004, 0.64, 1.73, 0.97, 4609.25698
2018-01-11, 1, wei_ruo, 3.00, 2.87, -0.69, 2.89, 2.88, 2.89, 2.85, 324219.2, 93201865, 0.49, 1.38, 0.77, 854.12002
2018-01-12, 2, qing_du, 3.00, 2.91, 1.39, 2.87, 2.87, 2.91, 2.86, 570711, 164827456, 0.86, 1.74, 1.40, 784.02805
2018-01-15, 2, qing_du, 3.00, 2.86, -1.72, 2.91, 2.91, 2.91, 2.84, 553833, 159578318, 0.83, 2.41, 1.25, 855.07298
2018-01-16, 2, qing_du, 3.00, 2.87, 0.35, 2.86, 2.86, 2.88, 2.84, 328713.44, 94029555, 0.49, 1.40, 0.72, 552.47617
2018-01-17, 2, qing_du, 3.00, 2.87, 0.00, 2.87, 2.85, 2.87, 2.85, 329359.76, 94186965, 0.49, 0.70, 0.75, 706.61902
2018-01-18, 2, qing_du, 3.00, 2.86, -0.35, 2.87, 2.86, 2.88, 2.85, 286209.24, 81932076, 0.43, 1.05, 0.68, 505.512
2018-01-19, 2, qing_du, 3.00, 2.87, 0.35, 2.86, 2.86, 2.87, 2.85, 378481.03, 108268575, 0.57, 0.70, 0.91, 628.99709
2018-01-22, 2, qing_du, 2.99, 2.81, -2.09, 2.87, 2.84, 2.84, 2.78, 782005.2, 219114828, 1.17, 2.09, 2.08, 864.59303
2018-01-23, 1, wei_ruo, 2.99, 2.79, -0.71, 2.81, 2.80, 2.81, 2.78, 358499.84, 100119494, 0.54, 1.07, 0.85, 576.83897
2018-01-24, 1, wei_ruo, 2.99, 2.79, 0.00, 2.79, 2.79, 2.80, 2.77, 449880.14, 125034218, 0.67, 1.08, 1.05, 658.06794
2018-01-25, 1, wei_ruo, 2.99, 2.78, -0.36, 2.79, 2.78, 2.80, 2.77, 397265.04, 110855856, 0.60, 1.08, 0.88, 2642.27796
2018-01-26, 1, wei_ruo, 2.99, 2.80, 0.72, 2.78, 2.78, 2.80, 2.78, 284802.75, 79434024, 0.43, 0.72, 0.60, 601.36199
2018-01-29, 1, wei_ruo, 2.99, 2.77, -1.07, 2.80, 2.79, 2.79, 2.76, 399633.22, 110828545, 0.60, 1.07, 0.88, 730.17383
2018-01-30, 1, wei_ruo, 2.99, 2.77, 0.00, 2.77, 2.77, 2.77, 2.75, 223929, 61843259, 0.34, 0.72, 0.59, 453.25804
2018-01-31, 1, wei_ruo, 2.99, 2.73, -1.44, 2.77, 2.76, 2.77, 2.71, 392068.15, 107400725, 0.59, 2.17, 1.12, 893.99099
2018-02-01, 1, wei_ruo, 2.98, 2.60, -4.76, 2.73, 2.73, 2.73, 2.58, 789887.35, 208910918, 1.18, 5.49, 2.33, 736.18793
2018-02-02, 1, wei_ruo, 2.98, 2.57, -1.15, 2.60, 2.56, 2.58, 2.47, 443242.92, 112804161, 0.66, 4.23, 1.06, 703.29499
2018-02-05, 1, wei_ruo, 2.98, 2.58, 0.39, 2.57, 2.54, 2.59, 2.52, 293651.81, 75103762, 0.44, 2.72, 0.65, 961.30705
2018-02-06, 1, wei_ruo, 2.97, 2.47, -4.26, 2.58, 2.55, 2.56, 2.47, 502025.2, 126044786, 0.75, 3.49, 1.17, 787.51302
2018-02-07, 1, wei_ruo, 2.97, 2.50, 1.21, 2.47, 2.50, 2.59, 2.49, 614284.92, 154855852, 0.92, 4.05, 1.27, 1069.43417
2018-02-08, 1, wei_ruo, 2.97, 2.53, 1.20, 2.50, 2.52, 2.56, 2.52, 422334.9, 107131108, 0.63, 1.60, 0.80, 874.32194
2018-02-09, 1, wei_ruo, 2.96, 2.46, -2.77, 2.53, 2.50, 2.52, 2.43, 587671.95, 145407335, 0.88, 3.56, 1.09, 765.46407
2018-02-12, 1, wei_ruo, 2.96, 2.51, 2.03, 2.46, 2.47, 2.52, 2.47, 307909.5, 77008351, 0.46, 2.03, 0.58, 2722.07212
2018-02-13, 1, wei_ruo, 2.96, 2.50, -0.40, 2.51, 2.53, 2.53, 2.49, 276754.4, 69560696, 0.41, 1.59, 0.66, 641.5031
2018-02-14, 1, wei_ruo, 2.96, 2.51, 0.40, 2.50, 2.51, 2.51, 2.50, 180708.8, 45261479, 0.27, 0.40, 0.61, 770.67184
