2015-07-14, 1, wei_ruo, 17.69, 13.48, 0.00, 13.48, 0.00, 0.00, 0.00, 0, 0, 0.00, 0.00, 0.00, 795.13288
2015-07-14, 1, wei_ruo, 17.69, 13.48, 0.00, 13.48, 0.00, 0.00, 0.00, 0, 0, 0.00, 0.00, 0.00, 1117.82885
2015-07-14, 1, wei_ruo, 17.69, 13.48, 0.00, 13.48, 0.00, 0.00, 0.00, 0, 0, 0.00, 0.00, 0.00, 16506.19197
2015-07-14, 1, wei_ruo, 17.69, 13.48, 0.00, 13.48, 0.00, 0.00, 0.00, 0, 0, 0.00, 0.00, 0.00, 1323.82393
2015-07-14, 1, wei_ruo, 17.69, 13.48, 0.00, 13.48, 0.00, 0.00, 0.00, 0, 0, 0.00, 0.00, 0.00, 2983.63113
2015-07-14, 1, wei_ruo, 17.69, 13.48, 0.00, 13.48, 0.00, 0.00, 0.00, 0, 0, 0.00, 0.00, 0.00, 1060.37116
2015-07-14, 1, wei_ruo, 17.69, 13.48, 0.00, 13.48, 0.00, 0.00, 0.00, 0, 0, 0.00, 0.00, 0.00, 910.89892
2015-07-14, 1, wei_ruo, 17.69, 13.48, 0.00, 13.48, 0.00, 0.00, 0.00, 0, 0, 0.00, 0.00, 0.00, 3015.12098
2015-12-02, 1, wei_ruo, 16.88, 13.13, -2.60, 13.48, 12.14, 14.70, 12.14, 791097.5, 1028711799, 18.60, 18.99, 3.23, 938.54403
2015-12-03, 1, wei_ruo, 16.88, 13.09, -0.30, 13.13, 12.60, 13.40, 12.22, 524661.2, 668188661, 12.33, 8.99, 1.30, 831.25305
2015-12-04, 1, wei_ruo, 16.25, 14.40, 10.01, 13.09, 12.90, 14.40, 12.80, 332563.82, 466647264, 7.82, 12.22, 0.83, 1305.05705
2015-12-07, 1, wei_ruo, 16.07, 15.84, 10.00, 14.40, 15.10, 15.84, 14.80, 994180.46, 1530709157, 23.37, 7.22, 2.38, 607.96499
2015-12-08, 1, wei_ruo, 16.20, 17.42, 9.97, 15.84, 15.99, 17.42, 15.52, 750959.5, 1260658667, 17.65, 11.99, 1.35, 755.44095
2015-12-09, 1, wei_ruo, 16.32, 16.14, -7.35, 17.42, 17.99, 18.18, 15.80, 979844.07, 1621930102, 23.03, 13.66, 1.44, 683.80499
2015-12-10, 1, wei_ruo, 16.22, 15.40, -4.58, 16.14, 15.70, 16.50, 15.05, 622164.18, 978131275, 14.63, 8.98, 0.87, 843.05286
2015-12-11, 1, wei_ruo, 16.09, 14.90, -3.25, 15.40, 15.06, 15.80, 14.66, 496117.94, 751145332, 11.66, 7.40, 0.67, 993.60085
2015-12-14, 1, wei_ruo, 15.97, 14.98, 0.54, 14.90, 14.61, 15.18, 14.34, 395862.23, 583815929, 9.31, 5.64, 0.52, 2819.86403
2015-12-15, 1, wei_ruo, 15.87, 15.30, 2.14, 14.98, 15.04, 15.34, 14.61, 485329.11, 726447599, 11.41, 4.87, 0.75, 1026.65401
2015-12-16, 1, wei_ruo, 15.80, 14.97, -2.16, 15.30, 15.34, 15.55, 14.88, 437927, 663246276, 10.30, 4.38, 0.73, 2764.90402
2015-12-17, 1, wei_ruo, 15.81, 16.47, 10.02, 14.97, 14.95, 16.47, 14.92, 517951.56, 808472224, 12.18, 10.35, 1.06, 876.26505
2015-12-18, 1, wei_ruo, 15.93, 16.00, -2.85, 16.47, 16.71, 17.33, 15.91, 813222.82, 1357178388, 19.12, 8.62, 1.74, 796.11301
2015-12-21, 1, wei_ruo, 15.92, 15.92, -0.50, 16.00, 15.55, 16.42, 15.28, 417338.13, 663006765, 9.81, 7.13, 0.79, 1517.03405
2015-12-22, 1, wei_ruo, 15.92, 15.73, -1.19, 15.92, 16.00, 16.13, 15.56, 303690.81, 477691963, 7.14, 3.58, 0.57, 4587.48794
2015-12-23, 1, wei_ruo, 15.86, 15.01, -4.58, 15.73, 15.73, 15.73, 14.96, 338365.42, 517019739, 7.95, 4.90, 0.68, 2064.00013
2015-12-24, 1, wei_ruo, 15.82, 15.31, 2.00, 15.01, 14.90, 15.45, 14.83, 244051.84, 372030378, 5.74, 4.13, 0.51, 2690.07802
2015-12-25, 1, wei_ruo, 15.79, 15.01, -1.96, 15.31, 15.30, 15.34, 14.87, 202755.9, 305376648, 4.77, 3.07, 0.48, 910.90202
2015-12-28, 1, wei_ruo, 15.69, 14.05, -6.40, 15.01, 14.88, 15.01, 14.00, 285977.68, 415749869, 6.72, 6.73, 0.95, 2208.83298
2015-12-29, 1, wei_ruo, 15.58, 13.75, -2.14, 14.05, 14.10, 14.19, 13.38, 241528.17, 330164963, 5.68, 5.77, 0.88, 928.29084
2015-12-30, 1, wei_ruo, 15.51, 15.13, 10.04, 13.75, 13.80, 15.13, 13.58, 321195.26, 461909435, 7.55, 11.27, 1.17, 2758.11195
2015-12-31, 1, wei_ruo, 15.46, 14.75, -2.51, 15.13, 15.50, 15.68, 14.71, 446457.89, 679697081, 10.50, 6.41, 1.62, 953.14407
2016-01-04, 1, wei_ruo, 15.38, 13.28, -9.97, 14.75, 14.80, 14.86, 13.28, 213764.53, 296322502, 5.03, 10.71, 1.20, 938.28011
2016-01-05, 1, wei_ruo, 15.20, 12.28, -7.53, 13.28, 12.10, 13.20, 11.95, 264402.67, 329735042, 6.22, 9.41, 0.96, 863.50203
2016-01-06, 1, wei_ruo, 15.07, 13.09, 6.60, 12.28, 12.40, 13.46, 12.35, 251611.84, 322721732, 5.92, 9.04, 0.92, 989.56895
2016-01-07, 1, wei_ruo, 15.02, 11.78, -10.01, 13.09, 12.70, 12.70, 11.78, 61123, 74280016, 1.44, 7.03, 1.78, 748.12007
2016-01-08, 1, wei_ruo, 15.02, 12.05, 2.29, 11.78, 11.95, 12.40, 10.82, 240128.53, 286613311, 5.65, 13.41, 0.87, 919.31701
2016-01-11, 1, wei_ruo, 14.68, 10.85, -9.96, 12.05, 11.55, 11.84, 10.85, 184233.12, 208424852, 4.33, 8.22, 0.67, 1253.80802
2016-01-12, 1, wei_ruo, 14.50, 10.38, -4.33, 10.85, 10.54, 10.96, 10.17, 186213.85, 195295399, 4.38, 7.28, 0.68, 1444.206
2016-01-13, 1, wei_ruo, 14.30, 9.81, -5.49, 10.38, 10.55, 10.75, 9.60, 191142.24, 196763958, 4.49, 11.08, 0.70, 937.65497
2016-01-14, 1, wei_ruo, 14.08, 10.22, 4.18, 9.81, 9.34, 10.24, 9.31, 215503.63, 210632382, 5.07, 9.48, 0.78, 2740.623
2016-01-15, 1, wei_ruo, 13.85, 9.21, -9.88, 10.22, 10.02, 10.21, 9.20, 213897.81, 208146577, 5.03, 9.88, 0.78, 1335.39605
2016-01-18, 1, wei_ruo, 13.64, 9.62, 4.45, 9.21, 8.95, 9.92, 8.94, 201920.4, 192063908, 4.75, 10.64, 0.73, 6068.67218
2016-01-19, 1, wei_ruo, 13.42, 10.58, 9.98, 9.62, 9.52, 10.58, 9.48, 273308.61, 276685048, 6.43, 11.43, 0.99, 803.1168
2016-01-20, 1, wei_ruo, 13.17, 10.92, 3.21, 10.58, 10.60, 11.27, 10.39, 421759.37, 453490610, 9.92, 8.32, 1.53, 1780.28488
2016-01-21, 1, wei_ruo, 12.99, 10.10, -7.51, 10.92, 10.54, 10.98, 10.08, 262574.58, 276808375, 6.17, 8.24, 0.95, 3789.57891
2016-01-22, 1, wei_ruo, 12.85, 10.66, 5.54, 10.10, 10.31, 10.96, 10.01, 258768.36, 269796280, 6.08, 9.41, 0.94, 2765.46311
2016-01-26, 1, wei_ruo, 12.58, 9.66, -9.97, 10.73, 10.52, 10.54, 9.66, 231040.47, 233240440, 5.43, 8.20, 0.84, 746.1381
2016-01-27, 1, wei_ruo, 12.40, 9.92, 2.69, 9.66, 9.61, 10.02, 8.93, 262066.75, 246136848, 6.16, 11.28, 0.95, 1718.46104
2016-01-28, 1, wei_ruo, 12.28, 9.20, -7.26, 9.92, 9.74, 9.99, 9.13, 169830.15, 162356256, 3.99, 8.67, 0.62, 3986.34195
2016-01-29, 1, wei_ruo, 12.15, 9.70, 5.43, 9.20, 9.18, 10.04, 9.15, 214965.17, 207787947, 5.05, 9.67, 0.78, 1334.39898
2016-02-01, 1, wei_ruo, 12.03, 9.98, 2.89, 9.70, 9.76, 10.00, 9.40, 211307.61, 206247388, 4.97, 6.19, 0.77, 890.85579
2016-02-02, 1, wei_ruo, 11.93, 10.29, 3.11, 9.98, 10.01, 10.53, 9.85, 246948.13, 252216333, 5.81, 6.81, 0.90, 1006.92105
2016-02-03, 1, wei_ruo, 11.84, 10.26, -0.29, 10.29, 10.02, 10.33, 9.80, 208359.37, 209367788, 4.90, 5.15, 0.76, 1207.34882
2016-02-04, 1, wei_ruo, 11.76, 10.44, 1.75, 10.26, 10.38, 10.85, 10.32, 251720.02, 265536312, 5.92, 5.17, 0.92, 1463.71603
2016-02-05, 1, wei_ruo, 11.70, 10.38, -0.57, 10.44, 10.40, 10.79, 10.35, 203435.44, 214708665, 4.78, 4.21, 0.74, 3034.48915
2016-02-15, 1, wei_ruo, 11.64, 10.44, 0.58, 10.38, 9.80, 10.69, 9.70, 198974.83, 201211996, 4.68, 9.54, 0.72, 950.99807
2016-02-16, 1, wei_ruo, 11.57, 10.90, 4.41, 10.44, 10.44, 11.11, 10.34, 301290.92, 324647625, 7.08, 7.38, 1.10, 2963.68504
2016-02-17, 1, wei_ruo, 11.54, 11.37, 4.31, 10.90, 10.80, 11.47, 10.65, 309036.49, 338258793, 7.27, 7.52, 1.12, 1170.79091
2016-02-18, 1, wei_ruo, 11.52, 11.04, -2.90, 11.37, 11.48, 11.51, 11.00, 286214.48, 321493458, 6.73, 4.49, 1.04, 3156.51298
2016-02-19, 1, wei_ruo, 11.51, 11.23, 1.72, 11.04, 11.00, 11.35, 10.99, 173868.71, 194393951, 4.09, 3.26, 0.80, 820.09602
2016-02-22, 1, wei_ruo, 11.51, 11.51, 3.23, 11.15, 11.35, 11.98, 11.20, 351704.06, 408191110, 8.27, 7.00, 1.34, 3170.92395
2016-02-23, 1, wei_ruo, 11.43, 11.43, -0.70, 11.51, 11.38, 11.48, 11.10, 276110.6, 311614705, 6.49, 3.30, 0.94, 2852.92006
2016-02-24, 1, wei_ruo, 11.42, 11.38, -0.44, 11.43, 11.29, 11.45, 10.90, 224553.3, 251729332, 5.28, 4.81, 0.78, 2789.64996
2016-02-25, 1, wei_ruo, 11.38, 10.24, -10.02, 11.38, 11.31, 11.32, 10.24, 228064.67, 244512252, 5.36, 9.49, 0.84, 1756.67596
2016-02-26, 1, wei_ruo, 11.30, 9.84, -3.91, 10.24, 10.31, 10.36, 9.52, 206959.27, 205834367, 4.87, 8.20, 0.80, 2456.31409
2016-02-29, 1, wei_ruo, 11.21, 8.86, -9.96, 9.84, 9.63, 9.80, 8.86, 182859.16, 166114932, 4.30, 9.55, 0.71, 1280.48205
2016-03-01, 1, wei_ruo, 11.14, 9.14, 3.16, 8.86, 8.90, 9.25, 8.81, 136491.06, 123343993, 3.21, 4.97, 0.61, 799.99208
2016-03-02, 1, wei_ruo, 11.07, 9.72, 6.35, 9.14, 9.21, 10.00, 9.14, 200340.58, 190820192, 4.71, 9.41, 1.02, 934.91507
2016-03-03, 1, wei_ruo, 11.01, 9.85, 1.34, 9.72, 9.72, 10.35, 9.72, 252042.31, 253124356, 5.93, 6.48, 1.32, 809.36408
2016-03-04, 1, wei_ruo, 10.94, 9.35, -5.08, 9.85, 9.81, 9.95, 9.22, 203489.31, 195375096, 4.78, 7.41, 1.04, 838.04607
2016-03-07, 1, wei_ruo, 10.90, 10.29, 10.05, 9.35, 9.80, 10.29, 9.80, 191767.01, 196944932, 4.51, 5.24, 0.98, 2579.70691
2016-03-08, 1, wei_ruo, 10.95, 11.32, 10.01, 10.29, 11.32, 11.32, 11.00, 642174.74, 725289971, 15.10, 3.11, 3.26, 571.42591
2016-03-09, 1, wei_ruo, 10.91, 10.74, -5.12, 11.32, 10.43, 10.95, 10.40, 541686.77, 577085890, 12.73, 4.86, 1.82, 4366.39118
2016-03-10, 1, wei_ruo, 10.87, 10.03, -6.61, 10.74, 10.80, 10.88, 10.01, 339155.86, 352760915, 7.97, 8.10, 0.93, 4475.35205
2016-03-11, 1, wei_ruo, 10.80, 9.70, -3.29, 10.03, 9.60, 9.88, 9.47, 238040.96, 229906537, 5.60, 4.09, 0.62, 2669.24596
2016-03-14, 1, wei_ruo, 10.76, 10.44, 7.63, 9.70, 9.82, 10.62, 9.73, 343810.93, 349885689, 8.08, 9.18, 0.88, 961.49516
2016-03-15, 1, wei_ruo, 10.71, 9.93, -4.89, 10.44, 10.20, 10.26, 9.86, 254309.66, 255207990, 5.98, 3.83, 0.60, 1083.94289
2016-03-16, 1, wei_ruo, 10.68, 9.97, 0.40, 9.93, 10.21, 10.43, 9.87, 210038.93, 212363984, 4.94, 5.64, 0.61, 745.91994
2016-03-17, 1, wei_ruo, 10.65, 10.29, 3.21, 9.97, 10.04, 10.35, 9.91, 303609.15, 309353329, 7.14, 4.41, 1.10, 748.83509
2016-03-18, 1, wei_ruo, 10.67, 10.83, 5.25, 10.29, 10.49, 11.23, 10.43, 437707.9, 471276064, 10.29, 7.77, 1.62, 633.74591
2016-03-21, 1, wei_ruo, 10.76, 11.91, 9.97, 10.83, 10.84, 11.91, 10.69, 506610.61, 570151740, 11.91, 11.27, 1.63, 796.88692
2016-03-22, 2, qing_du, 11.02, 11.93, 0.17, 11.91, 12.00, 12.79, 11.89, 756263.76, 923229256, 17.78, 7.56, 2.21, 2674.41821
2016-03-23, 3, zhong_du, 11.17, 12.49, 4.69, 11.93, 11.74, 12.60, 11.63, 530667.75, 647296533, 12.48, 8.13, 1.20, 870.1489
2016-03-24, 3, zhong_du, 11.25, 11.78, -5.68, 12.49, 12.15, 12.26, 11.70, 456170.02, 547867913, 10.72, 4.48, 0.90, 772.84002
2016-03-25, 3, zhong_du, 11.28, 11.82, 0.34, 11.78, 11.68, 11.90, 11.52, 246514.43, 288299239, 5.80, 3.23, 0.46, 928.24197
2016-03-28, 3, zhong_du, 11.33, 11.83, 0.08, 11.82, 11.93, 12.34, 11.81, 303805.73, 367531417, 7.14, 4.48, 0.61, 1554.35705
2016-03-29, 3, zhong_du, 11.34, 11.50, -2.79, 11.83, 11.70, 11.81, 11.37, 190318.49, 219936293, 4.47, 3.72, 0.41, 733.16693
2016-03-30, 3, zhong_du, 11.37, 12.05, 4.78, 11.50, 11.68, 12.08, 11.62, 220726.56, 260960785, 5.19, 4.00, 0.64, 1367.26689
2016-03-31, 3, zhong_du, 11.41, 11.90, -1.24, 12.05, 12.18, 12.28, 11.85, 235597.27, 283270823, 5.54, 3.57, 0.83, 941.99491
2016-04-01, 3, zhong_du, 11.42, 11.82, -0.67, 11.90, 11.95, 12.00, 11.41, 187838.18, 220041357, 4.42, 4.96, 0.78, 995.17512
2016-04-05, 4, gao_du, 11.46, 12.23, 3.47, 11.82, 11.82, 12.28, 11.68, 263995.25, 318379232, 6.21, 5.08, 1.16, 657.70984
2016-04-06, 4, gao_du, 11.55, 12.53, 2.45, 12.23, 12.22, 12.78, 12.10, 386886.43, 482353382, 9.10, 5.56, 1.76, 1556.03385
2016-04-07, 4, gao_du, 11.60, 12.00, -4.23, 12.53, 12.61, 12.70, 11.96, 281083.32, 343294321, 6.61, 5.91, 1.09, 1183.36916
2016-04-08, 4, gao_du, 11.62, 12.13, 1.08, 12.00, 12.10, 12.29, 11.80, 212194.31, 256304151, 4.99, 4.08, 0.78, 2785.88414
2016-04-11, 5, qiang_lie, 11.68, 12.58, 3.71, 12.13, 12.25, 12.68, 12.16, 304827.44, 380408000, 7.17, 4.29, 1.14, 596.76504
2016-04-12, 5, qiang_lie, 11.72, 12.49, -0.72, 12.58, 12.50, 12.51, 12.09, 249411.38, 307032398, 5.86, 3.34, 0.86, 1484.56001
2016-04-13, 5, qiang_lie, 11.90, 12.91, 3.36, 12.49, 12.72, 13.68, 12.72, 535797.08, 703268477, 12.60, 7.69, 1.87, 838.8629
2016-04-14, 5, qiang_lie, 11.99, 13.25, 2.63, 12.91, 12.91, 13.32, 12.74, 329027.21, 427441319, 7.74, 4.49, 1.04, 944.03005
2016-04-15, 5, qiang_lie, 12.05, 13.06, -1.43, 13.25, 13.16, 13.29, 12.88, 228140.27, 298023387, 5.36, 3.09, 0.70, 628.40605
2016-04-18, 5, qiang_lie, 12.08, 12.75, -2.37, 13.06, 12.89, 12.92, 12.55, 211115.28, 267925835, 4.96, 2.83, 0.64, 479.68793
2016-04-19, 5, qiang_lie, 12.14, 13.04, 2.27, 12.75, 12.94, 13.34, 12.82, 236680.52, 308630575, 5.56, 4.08, 0.76, 606.24599
2016-04-20, 5, qiang_lie, 12.21, 12.76, -2.15, 13.04, 13.19, 13.60, 12.00, 474754.16, 614956781, 11.16, 12.27, 1.54, 2736.624
2016-04-21, 5, qiang_lie, 12.38, 14.04, 10.03, 12.76, 12.57, 14.04, 12.46, 542978.56, 743349066, 12.76, 12.38, 1.83, 737.61106
2016-04-22, 5, qiang_lie, 12.80, 14.47, 3.06, 14.04, 13.66, 14.86, 13.41, 960621.08, 1354508853, 22.58, 10.33, 2.84, 2769.7711
2016-04-25, 5, qiang_lie, 12.99, 14.11, -2.49, 14.47, 14.21, 14.64, 13.81, 586231.52, 833419173, 13.78, 5.74, 1.21, 484.92193
2016-04-26, 5, qiang_lie, 13.09, 14.12, 0.07, 14.11, 13.88, 14.18, 13.46, 466945.64, 642600468, 10.98, 5.10, 0.83, 1536.10396
2016-04-27, 5, qiang_lie, 13.15, 13.60, -3.68, 14.12, 14.06, 14.06, 13.56, 365349.61, 503925790, 8.59, 3.54, 0.60, 1118.6769
2016-04-28, 5, qiang_lie, 13.16, 13.24, -2.65, 13.60, 13.60, 13.69, 12.88, 303108.41, 401015458, 7.13, 5.96, 0.52, 2744.02308
2016-04-29, 5, qiang_lie, 13.17, 13.29, 0.38, 13.24, 13.21, 13.60, 13.11, 224198.67, 300626106, 5.27, 3.70, 0.42, 584.62787
2016-05-03, 5, qiang_lie, 13.20, 13.79, 3.76, 13.29, 13.32, 13.88, 13.13, 296784.23, 402833612, 6.98, 5.64, 0.76, 620.13412
2016-05-04, 5, qiang_lie, 13.23, 13.73, -0.44, 13.79, 13.70, 13.96, 13.57, 263655.32, 363661518, 6.20, 2.83, 0.80, 529.73008
2016-05-05, 5, qiang_lie, 13.25, 13.79, 0.44, 13.73, 13.73, 13.90, 13.57, 186661.17, 256147201, 4.39, 2.40, 0.64, 2689.77785
2016-05-06, 5, qiang_lie, 13.26, 12.86, -6.74, 13.79, 13.77, 14.29, 12.81, 428378.17, 587421504, 10.07, 10.73, 1.68, 3021.50798
2016-05-09, 5, qiang_lie, 13.16, 11.57, -10.03, 12.86, 12.37, 12.37, 11.57, 307058.39, 361281787, 7.22, 6.22, 1.10, 1613.25502
2016-05-10, 4, gao_du, 13.06, 11.19, -3.28, 11.57, 11.32, 11.45, 10.80, 207566.35, 231279030, 4.88, 5.62, 0.70, 1375.86403
2016-05-11, 3, zhong_du, 12.99, 10.84, -3.13, 11.19, 11.26, 11.35, 10.80, 143210.74, 158920961, 3.37, 4.92, 0.51, 1247.35999
2016-05-12, 2, qing_du, 12.89, 11.11, 2.49, 10.84, 10.66, 11.26, 10.09, 195895.87, 209940497, 4.61, 10.79, 0.77, 1100.24595
2016-05-13, 1, wei_ruo, 12.82, 11.05, -0.54, 11.11, 10.83, 11.20, 10.83, 148334.52, 163320131, 3.49, 3.33, 0.58, 3336.21383
2016-05-16, 2, qing_du, 12.76, 11.39, 3.08, 11.05, 11.04, 11.57, 10.95, 172399.4, 195258249, 4.05, 5.61, 0.86, 14501.63007
2016-05-17, 2, qing_du, 12.69, 11.45, 0.53, 11.39, 11.38, 11.93, 11.22, 255062.92, 296586351, 6.00, 6.23, 1.47, 2665.88807
2016-05-18, 2, qing_du, 12.61, 10.78, -5.85, 11.45, 11.02, 11.14, 10.53, 190683.79, 207163987, 4.48, 5.33, 1.04, 827.00181
2016-05-19, 2, qing_du, 12.52, 11.31, 4.92, 10.78, 10.77, 11.60, 10.70, 246233.02, 277939446, 5.79, 8.35, 1.28, 2670.44091
2016-05-20, 2, qing_du, 12.46, 11.55, 2.12, 11.31, 11.25, 11.75, 10.98, 247082.08, 283424076, 5.81, 6.81, 1.22, 3039.30092
2016-05-23, 2, qing_du, 12.42, 11.56, 0.09, 11.55, 11.54, 11.75, 11.31, 169625.85, 195649083, 3.99, 3.81, 0.76, 1290.4892
2016-05-24, 2, qing_du, 12.39, 11.18, -3.29, 11.56, 11.40, 11.51, 11.03, 132033.98, 148946711, 3.10, 4.15, 0.60, 893.26
2016-05-25, 2, qing_du, 12.35, 11.03, -1.34, 11.18, 11.35, 11.41, 10.92, 120027.02, 134160436, 2.82, 4.38, 0.54, 1969.91301
2016-05-26, 1, wei_ruo, 12.30, 11.53, 4.53, 11.03, 11.00, 11.61, 10.60, 211475.06, 235050422, 4.97, 9.16, 0.95, 969.15913
2016-05-27, 1, wei_ruo, 12.27, 12.17, 5.55, 11.53, 11.45, 12.68, 11.35, 451180.18, 547601537, 10.61, 11.54, 2.03, 613.08908
2016-05-30, 2, qing_du, 12.26, 11.99, -1.48, 12.17, 11.90, 12.35, 11.71, 274038.7, 329524197, 6.44, 5.26, 1.24, 2382.34401
2016-05-31, 2, qing_du, 12.29, 12.93, 7.84, 11.99, 12.03, 13.01, 12.03, 394784.38, 495297845, 9.28, 8.17, 1.78, 1135.54907
2016-06-01, 2, qing_du, 12.43, 13.40, 3.63, 12.93, 13.04, 13.92, 12.70, 594010.73, 787633617, 13.96, 9.44, 2.68, 806.57983
2016-06-02, 3, zhong_du, 12.43, 13.45, 0.37, 13.40, 13.20, 13.77, 13.16, 330903.54, 444860773, 7.78, 4.55, 1.49, 659.20687
2016-06-03, 3, zhong_du, 12.59, 13.49, 0.30, 13.45, 13.32, 13.98, 13.30, 352247.55, 479408464, 8.28, 5.06, 1.59, 2661.8669
2016-06-06, 3, zhong_du, 12.62, 13.29, -1.48, 13.49, 13.40, 13.52, 13.13, 202376.03, 269355302, 4.76, 2.89, 0.91, 819.83805
2016-06-07, 3, zhong_du, 12.67, 13.36, 0.53, 13.29, 13.21, 13.76, 13.21, 230505.12, 311432778, 5.42, 4.14, 1.04, 899.03998
2016-06-08, 3, zhong_du, 12.68, 12.95, -3.07, 13.36, 13.22, 13.22, 12.60, 261166.12, 337007490, 6.14, 4.64, 1.18, 866.35208
2016-06-13, 3, zhong_du, 12.67, 12.14, -6.25, 12.95, 12.70, 12.89, 12.10, 184094.66, 231860787, 4.33, 6.10, 0.83, 749.83001
2016-06-14, 3, zhong_du, 12.66, 12.41, 2.22, 12.14, 12.14, 12.57, 12.07, 134273.69, 165473623, 3.16, 4.12, 0.61, 703.866
2016-06-15, 2, qing_du, 12.67, 13.21, 6.45, 12.41, 12.20, 13.25, 12.13, 268720.15, 345976338, 6.32, 9.02, 1.21, 3471.66705
2016-06-16, 3, zhong_du, 12.72, 13.25, 0.30, 13.21, 13.17, 13.68, 13.08, 281921.6, 377036655, 6.63, 4.54, 1.27, 2464.67805
2016-06-17, 3, zhong_du, 12.77, 13.47, 1.66, 13.25, 13.20, 13.69, 13.12, 327857.03, 439540665, 7.71, 4.30, 1.48, 1028.91898
2016-06-20, 3, zhong_du, 12.78, 13.47, 1.66, 13.25, 13.20, 13.69, 13.12, 327857.03, 439540665, 7.71, 4.30, 1.48, 3914.30593
2016-06-21, 3, zhong_du, 12.78, 12.61, -2.55, 12.94, 12.95, 13.20, 12.35, 212506.61, 272719308, 5.00, 6.57, 0.96, 2730.01909
2016-06-22, 3, zhong_du, 12.77, 12.75, 1.11, 12.61, 12.50, 12.83, 12.42, 158004.09, 200203877, 3.71, 3.25, 0.71, 2775.74801
2016-06-23, 3, zhong_du, 12.75, 12.27, -3.76, 12.75, 12.80, 12.85, 12.16, 219931.99, 273175580, 5.17, 5.41, 0.99, 1200.54793
2016-06-24, 3, zhong_du, 12.71, 11.85, -3.42, 12.27, 12.27, 12.44, 11.36, 210875.26, 251777011, 4.96, 8.80, 0.95, 675.26507
2016-06-27, 2, qing_du, 12.69, 12.17, 2.70, 11.85, 11.79, 12.25, 11.70, 132764.81, 159978035, 3.12, 4.64, 0.60, 1197.10183
2016-06-28, 2, qing_du, 12.67, 12.15, -0.16, 12.17, 12.07, 12.22, 11.92, 133340.73, 161204144, 3.13, 2.47, 0.60, 2783.96893
2016-06-30, 2, qing_du, 12.64, 12.13, -1.62, 12.33, 12.30, 12.37, 12.01, 123107.6, 149316901, 2.89, 2.92, 0.56, 868.13998
2016-07-01, 2, qing_du, 12.63, 12.13, 0.00, 12.13, 12.10, 12.23, 12.06, 97042.46, 117870649, 2.28, 1.40, 0.44, 554.19898
2016-07-04, 2, qing_du, 12.62, 12.62, 4.04, 12.13, 12.05, 12.84, 11.98, 255015.17, 320212957, 6.00, 7.09, 1.15, 2718.98723
2016-07-05, 3, zhong_du, 12.62, 12.59, -0.24, 12.62, 12.56, 12.70, 12.40, 166558.15, 209038480, 3.92, 2.38, 0.75, 662.26602
2016-07-06, 3, zhong_du, 12.62, 12.65, 0.48, 12.59, 12.50, 12.67, 12.34, 185640.27, 231681465, 4.36, 2.62, 0.84, 18373.27695
2016-07-07, 3, zhong_du, 12.66, 12.99, 2.69, 12.65, 12.65, 13.39, 12.58, 483088.15, 628594586, 11.36, 6.40, 2.18, 674.97921
2016-07-08, 3, zhong_du, 12.67, 12.82, -1.31, 12.99, 12.88, 13.12, 12.73, 221105.59, 284188779, 5.20, 3.00, 1.00, 2494.50707
2016-07-11, 3, zhong_du, 12.71, 12.99, 1.33, 12.82, 12.93, 13.44, 12.81, 373827.91, 492379466, 8.79, 4.91, 1.69, 716.82501
2016-07-12, 4, gao_du, 12.78, 13.51, 4.00, 12.99, 12.90, 13.67, 12.84, 500571.7, 670173139, 11.77, 6.39, 2.27, 14562.93011
2016-07-13, 4, gao_du, 12.84, 13.40, -1.25, 13.57, 13.46, 13.66, 13.22, 340940.74, 455461379, 8.02, 3.24, 1.54, 654.74319
2016-07-14, 4, gao_du, 12.85, 13.19, -1.57, 13.40, 13.30, 13.36, 13.02, 214143.6, 281508776, 5.03, 2.54, 0.97, 634.74202
2016-07-15, 5, qiang_lie, 12.86, 13.07, -0.91, 13.19, 13.19, 13.30, 12.95, 174045.58, 228397526, 4.09, 2.65, 0.78, 299.62707
2016-07-18, 5, qiang_lie, 12.88, 13.14, 0.54, 13.07, 13.01, 13.39, 12.96, 230786.69, 305227781, 5.43, 3.29, 1.04, 680.62806
2016-07-19, 4, gao_du, 12.88, 12.96, -1.37, 13.14, 13.11, 13.11, 12.70, 181859.85, 233864699, 4.28, 3.12, 0.82, 523.32497
2016-07-20, 4, gao_du, 12.88, 12.87, -0.69, 12.96, 12.89, 13.10, 12.85, 120218.42, 155919857, 2.83, 1.93, 0.54, 2472.89681
2016-07-21, 4, gao_du, 12.88, 12.86, -0.08, 12.87, 12.76, 12.98, 12.76, 107737.61, 138721393, 2.53, 1.71, 0.49, 644.37389
2016-07-22, 3, zhong_du, 12.89, 13.11, 1.94, 12.86, 12.88, 13.13, 12.80, 155304.78, 201338509, 3.65, 2.57, 0.70, 6001.14298
2016-07-25, 3, zhong_du, 12.89, 12.95, -1.22, 13.11, 13.06, 13.19, 12.91, 139714.38, 182041453, 3.28, 2.14, 0.63, 4925.28796
2016-07-26, 4, gao_du, 12.91, 13.36, 3.17, 12.95, 12.91, 13.38, 12.89, 235745.43, 311771650, 5.54, 3.78, 1.06, 1072.12305
2016-07-27, 3, zhong_du, 12.87, 12.02, -10.03, 13.36, 13.28, 13.36, 12.02, 365641.25, 458596884, 8.60, 10.03, 1.65, 6531.40593
2016-07-28, 3, zhong_du, 12.82, 11.81, -1.75, 12.02, 12.01, 12.20, 11.44, 206354.01, 243813726, 4.85, 6.32, 0.93, 794.32011
2016-07-29, 2, qing_du, 12.80, 11.82, 0.08, 11.81, 11.81, 12.16, 11.73, 108543.55, 129591059, 2.55, 3.64, 0.49, 14608.83808
2016-08-01, 1, wei_ruo, 12.76, 11.37, -3.81, 11.82, 11.70, 11.70, 11.08, 126568.16, 143110629, 2.98, 5.25, 0.57, 5019.15693
2016-08-02, 1, wei_ruo, 12.73, 11.44, 0.62, 11.37, 11.37, 11.47, 11.30, 66791.65, 76062987, 1.57, 1.50, 0.30, 43012.4259
2016-08-03, 1, wei_ruo, 12.71, 11.41, -0.26, 11.44, 11.40, 11.50, 11.36, 77742.87, 88771687, 1.83, 1.22, 0.42, 3222.45193
2016-08-04, 1, wei_ruo, 12.69, 11.54, 1.14, 11.41, 11.42, 11.61, 11.35, 85698.78, 98472817, 2.01, 2.28, 0.53, 14353.62315
2016-08-05, 1, wei_ruo, 12.66, 11.33, -1.82, 11.54, 11.55, 11.56, 11.33, 78839.77, 89888372, 1.85, 1.99, 0.61, 427.5701
2016-08-08, 1, wei_ruo, 12.63, 11.50, 1.50, 11.33, 11.30, 11.52, 11.10, 92233.04, 104846121, 2.17, 3.71, 0.96, 9834.46693
2016-08-09, 1, wei_ruo, 12.61, 11.67, 1.48, 11.50, 11.53, 11.83, 11.52, 107745.32, 125822451, 2.53, 2.70, 1.34, 4390.04397
2016-08-10, 1, wei_ruo, 12.59, 11.63, -0.34, 11.67, 11.60, 11.88, 11.57, 89182.63, 104315324, 2.10, 2.66, 1.01, 3365.05699
2016-08-11, 1, wei_ruo, 12.57, 11.38, -2.23, 11.64, 11.56, 11.62, 11.35, 77056.39, 88244757, 1.81, 2.32, 0.85, 541.33296
2016-08-15, 1, wei_ruo, 12.53, 11.71, 2.27, 11.45, 11.56, 11.77, 11.39, 105603.31, 122908860, 2.48, 3.32, 1.27, 718.76717
2016-08-16, 1, wei_ruo, 12.51, 11.73, 0.17, 11.71, 11.71, 11.86, 11.64, 120288.71, 141240391, 2.83, 1.88, 1.39, 865.30495
2016-08-17, 1, wei_ruo, 12.49, 11.80, 0.60, 11.73, 11.72, 11.85, 11.67, 99406.04, 116939627, 2.34, 1.53, 1.12, 14398.36979
2016-08-18, 1, wei_ruo, 12.48, 11.79, -0.08, 11.80, 11.84, 11.85, 11.68, 95076.05, 111681491, 2.24, 1.44, 1.04, 23429.72302
2016-08-19, 1, wei_ruo, 12.46, 11.89, 0.85, 11.79, 11.74, 11.98, 11.69, 113882.9, 134962393, 2.68, 2.46, 1.20, 1424.25299
2016-08-22, 1, wei_ruo, 12.44, 11.55, -2.86, 11.89, 11.85, 11.85, 11.52, 91878.03, 107135072, 2.16, 2.78, 0.86, 2656.06809
2016-08-23, 1, wei_ruo, 12.43, 11.56, 0.09, 11.55, 11.46, 11.63, 11.46, 46673.73, 53986468, 1.10, 1.47, 0.45, 2580.85585
2016-08-24, 1, wei_ruo, 12.42, 11.66, 0.87, 11.56, 11.61, 11.67, 11.52, 51772.91, 60089370, 1.22, 1.30, 0.58, 1585.25515
2016-08-25, 1, wei_ruo, 12.40, 11.31, -2.92, 11.65, 11.60, 11.60, 11.20, 80129.03, 90896796, 1.88, 3.43, 1.00, 589.18309
2016-08-26, 1, wei_ruo, 12.39, 11.38, 0.62, 11.31, 11.35, 11.48, 11.35, 57417.17, 65538175, 1.35, 1.15, 0.75, 2553.93195
2016-08-29, 1, wei_ruo, 12.38, 11.42, 0.35, 11.38, 11.39, 11.46, 11.32, 48549.61, 55326743, 1.14, 1.23, 0.74, 753.71218
2016-08-30, 1, wei_ruo, 12.37, 11.40, -0.18, 11.42, 11.45, 11.45, 11.35, 43930.26, 50040640, 1.03, 0.88, 0.77, 516.19983
2016-08-31, 1, wei_ruo, 12.36, 11.37, -0.26, 11.40, 11.45, 11.45, 11.35, 9394.8, 10693935, 0.22, 0.88, 0.93, 4233.59704
2016-09-01, 1, wei_ruo, 12.34, 11.31, -1.05, 11.43, 11.40, 11.47, 11.30, 53772.72, 61212323, 1.26, 1.49, 0.93, 2681.98705
2016-09-02, 1, wei_ruo, 12.34, 11.16, -1.33, 11.31, 11.32, 11.38, 11.09, 67915.44, 76127968, 1.60, 2.56, 1.18, 9753.28398
2016-09-05, 1, wei_ruo, 12.34, 11.37, -0.26, 11.40, 11.45, 11.45, 11.35, 9394.8, 10693935, 0.22, 0.88, 0.93, 600.21114
2016-09-06, 1, wei_ruo, 12.34, 11.37, -0.26, 11.40, 11.45, 11.45, 11.35, 9394.8, 10693935, 0.22, 0.88, 0.93, 4979.93708
2016-09-07, 1, wei_ruo, 12.34, 11.49, -0.26, 11.52, 11.54, 11.65, 11.48, 68439.82, 79063502, 1.61, 1.48, 1.19, 1432.45602
2016-09-08, 1, wei_ruo, 12.34, 11.53, 0.35, 11.49, 11.50, 11.55, 11.42, 53257.5, 61115975, 1.25, 1.13, 0.92, 600.42214
2016-09-09, 1, wei_ruo, 12.34, 11.55, 0.17, 11.53, 11.55, 11.67, 11.48, 85387, 98959261, 2.01, 1.65, 1.48, 4813.87496
2016-09-12, 1, wei_ruo, 12.34, 10.89, -5.71, 11.55, 11.30, 11.30, 10.69, 120043.24, 132541081, 2.82, 5.28, 2.08, 751.37115
2016-09-13, 1, wei_ruo, 12.34, 10.93, 0.37, 10.89, 10.99, 11.02, 10.78, 50336.85, 54810044, 1.18, 2.20, 0.87, 3159.12986
2016-09-14, 1, wei_ruo, 12.34, 10.75, -1.65, 10.93, 10.86, 10.92, 10.67, 49330.63, 53347546, 1.16, 2.29, 0.86, 726.00102
2016-09-19, 1, wei_ruo, 12.34, 10.91, 1.49, 10.75, 10.83, 10.98, 10.82, 44040.27, 47945178, 1.04, 1.49, 0.76, 693.36295
2016-09-20, 1, wei_ruo, 12.34, 10.82, -0.82, 10.91, 10.93, 10.94, 10.77, 41751.01, 45153499, 0.98, 1.56, 0.72, 4597.96214
2016-09-21, 1, wei_ruo, 12.34, 10.84, 0.18, 10.82, 10.83, 10.89, 10.78, 39394.73, 42687036, 0.93, 1.02, 0.68, 2466.85505
2016-09-22, 1, wei_ruo, 12.34, 10.89, 0.46, 10.84, 10.90, 10.98, 10.82, 46874.45, 51141791, 1.10, 1.48, 0.81, 598.54984
2016-09-23, 1, wei_ruo, 12.34, 10.87, -0.18, 10.89, 10.88, 10.96, 10.85, 33079.81, 36044950, 0.78, 1.01, 0.57, 618.45088
2016-09-26, 1, wei_ruo, 12.34, 10.67, -1.84, 10.87, 10.85, 10.96, 10.64, 60434.79, 65400892, 1.42, 2.94, 1.05, 2676.78189
2016-09-27, 1, wei_ruo, 12.34, 10.70, 0.28, 10.67, 10.67, 10.76, 10.44, 53430.72, 56819847, 1.26, 3.00, 0.93, 677.50502
2016-09-28, 1, wei_ruo, 12.34, 10.61, -0.84, 10.70, 10.75, 10.75, 10.56, 34080.78, 36341933, 0.80, 1.78, 0.59, 663.9359
2016-09-29, 1, wei_ruo, 12.34, 10.73, 1.13, 10.61, 10.60, 10.82, 10.60, 56913.97, 61110899, 1.34, 2.07, 0.99, 16066.23602
2016-09-30, 1, wei_ruo, 12.34, 10.78, 0.47, 10.73, 10.75, 10.88, 10.69, 41776.91, 45097223, 0.98, 1.77, 0.73, 657.37414
2016-10-10, 1, wei_ruo, 12.34, 11.30, 4.82, 10.78, 10.83, 11.38, 10.83, 122069.01, 136007465, 2.87, 5.10, 2.12, 595.33215
2016-10-11, 1, wei_ruo, 12.34, 11.31, 0.09, 11.30, 11.29, 11.44, 11.20, 118209.74, 134006617, 2.78, 2.12, 2.05, 2902.55785
2016-10-12, 1, wei_ruo, 12.34, 11.20, -0.97, 11.31, 11.23, 11.28, 11.13, 68129.86, 76183233, 1.60, 1.33, 1.18, 458.13107
2016-10-13, 1, wei_ruo, 12.34, 11.25, 0.45, 11.20, 11.22, 11.29, 11.15, 51797.86, 58150140, 1.22, 1.25, 0.90, 5980.15904
2016-10-14, 1, wei_ruo, 11.97, 11.16, -0.80, 11.25, 11.21, 11.26, 11.00, 51104.84, 56878854, 1.20, 2.31, 0.89, 2583.992
2016-10-17, 1, wei_ruo, 11.96, 11.12, -0.36, 11.16, 11.23, 11.28, 11.01, 53934.08, 60180379, 1.27, 2.42, 0.94, 5009.42898
2016-10-18, 1, wei_ruo, 11.94, 11.26, 0.90, 11.16, 11.23, 11.28, 11.13, 26197.1, 29345706, 0.62, 1.34, 0.91, 474.25103
2016-10-19, 1, wei_ruo, 11.93, , , , , , , , , , , , 3853.00922
2016-10-20, 1, wei_ruo, 11.92, 11.39, -0.87, 11.49, 11.40, 11.48, 11.28, 91535.1, 104144629, 2.15, 1.74, 1.07, 4683.94303
2016-10-21, 2, qing_du, 11.90, 11.22, -1.49, 11.39, 11.38, 11.41, 11.06, 82309.74, 92536575, 1.94, 3.07, 0.87, 6291.33606
2016-10-24, 2, qing_du, 11.89, 11.28, 0.53, 11.22, 11.20, 11.38, 11.16, 64667.82, 73035289, 1.52, 1.96, 0.63, 655.97916
2016-10-25, 2, qing_du, 11.88, 11.60, 2.84, 11.28, 11.33, 11.65, 11.29, 125337.81, 143372522, 2.95, 3.19, 1.23, 3567.89207
2016-10-26, 2, qing_du, 11.87, 11.35, -2.16, 11.60, 11.49, 11.53, 11.31, 91977.48, 104883122, 2.16, 1.90, 0.90, 4492.36107
2016-10-27, 2, qing_du, 11.86, 11.29, -0.53, 11.35, 11.36, 11.37, 11.17, 66147.96, 74425441, 1.56, 1.76, 0.65, 2722.36085
2016-10-28, 2, qing_du, 11.85, 11.15, -1.15, 11.28, 11.26, 11.33, 11.12, 60958.62, 68272115, 1.43, 1.86, 0.60, 6562.37197
2016-10-31, 2, qing_du, 11.85, 11.18, 0.27, 11.15, 11.11, 11.23, 11.06, 33690.9, 37572484, 0.79, 1.52, 0.33, 594.97809
2016-11-01, 2, qing_du, 11.84, 11.27, 0.71, 11.19, 11.22, 11.31, 11.14, 69971.96, 78541549, 1.64, 1.52, 0.69, 573.12608
2016-11-02, 2, qing_du, 11.83, 11.15, -1.06, 11.27, 11.25, 11.30, 11.12, 65199.8, 73054225, 1.53, 1.60, 0.64, 493.93201
2016-11-03, 2, qing_du, 11.81, 11.39, 2.15, 11.15, 11.11, 11.48, 11.08, 145808.36, 165472519, 3.43, 3.59, 1.43, 543.38408
2016-11-04, 2, qing_du, 11.80, 11.44, 0.44, 11.39, 11.38, 11.67, 11.32, 162491.09, 186705475, 3.82, 3.07, 1.60, 633.90183
2016-11-07, 3, zhong_du, 11.79, 11.37, -0.52, 11.43, 11.42, 11.50, 11.23, 92227.57, 104792586, 2.17, 2.36, 0.91, 625.90194
2016-11-08, 3, zhong_du, 11.78, 11.54, 1.58, 11.36, 11.40, 11.59, 11.33, 130694.12, 150294642, 3.07, 2.29, 1.28, 414.12902
2016-11-09, 3, zhong_du, 11.77, 11.30, -2.08, 11.54, 11.57, 11.61, 11.14, 117528.28, 133565637, 2.76, 4.07, 1.15, 994.61198
2016-11-10, 3, zhong_du, 11.76, 11.57, 2.39, 11.30, 11.52, 11.66, 11.45, 150163.07, 173628419, 3.53, 1.86, 1.47, 742.11287
2016-11-11, 3, zhong_du, 11.77, 11.90, 2.85, 11.57, 11.58, 12.15, 11.54, 332583.99, 395558537, 7.82, 5.27, 3.26, 738.20901
2016-11-14, 4, gao_du, 11.77, 11.79, -0.92, 11.90, 11.68, 11.94, 11.61, 167835.27, 197183087, 3.95, 2.77, 1.65, 495.17083
2016-11-15, 4, gao_du, 11.77, 11.83, 0.42, 11.78, 11.78, 11.94, 11.70, 112592.17, 132950785, 2.65, 2.04, 1.11, 645.71714
2016-11-16, 4, gao_du, 11.77, 11.81, 0.25, 11.78, 11.78, 11.94, 11.75, 64974.91, 76918969, 1.53, 1.61, 1.28, 456.27999
2016-11-17, 4, gao_du, 11.77, 11.81, 0.25, 11.78, 11.78, 11.94, 11.75, 64974.91, 76918969, 1.53, 1.61, 1.28, 2578.01604
2016-11-18, 4, gao_du, 11.77, 11.75, -0.59, 11.82, 11.76, 11.84, 11.61, 65637.6, 76815053, 1.54, 1.95, 1.29, 609.76505
2016-11-21, 5, qiang_lie, 11.77, 11.68, -0.68, 11.76, 11.64, 11.87, 11.64, 93161.56, 109149567, 2.19, 1.96, 0.91, 386.97195
2016-11-22, 5, qiang_lie, 11.77, 11.90, 1.88, 11.68, 11.74, 11.94, 11.66, 131518.6, 156001612, 3.09, 2.40, 1.29, 1185.22692
2016-11-23, 5, qiang_lie, 11.79, 12.00, 0.84, 11.90, 11.92, 12.39, 11.79, 235617.66, 284573215, 5.54, 5.04, 2.31, 542.02199
2016-11-24, 5, qiang_lie, 11.81, 12.17, 1.33, 12.01, 11.92, 12.34, 11.87, 217697.7, 263780512, 5.12, 3.91, 2.14, 570.53709
2016-11-25, 5, qiang_lie, 11.81, 11.99, -1.48, 12.17, 12.15, 12.15, 11.65, 168492.51, 200706625, 3.96, 4.11, 1.65, 621.40298
2016-11-28, 5, qiang_lie, 11.82, 11.97, -0.17, 11.99, 11.90, 12.07, 11.75, 124911.14, 148896759, 2.94, 2.67, 1.23, 1839.48922
2016-11-29, 4, gao_du, 11.81, 11.55, -3.43, 11.96, 11.92, 11.92, 11.53, 142411.68, 166928277, 3.35, 3.26, 1.40, 402.05693
2016-11-30, 4, gao_du, 11.80, 11.40, -1.30, 11.55, 11.53, 11.55, 11.34, 89330.92, 101976341, 2.10, 1.82, 0.88, 482.87416
2016-12-01, 3, zhong_du, 11.80, 11.43, 0.26, 11.40, 11.46, 11.50, 11.38, 60129.68, 68722304, 1.41, 1.05, 0.59, 2438.93409
2016-12-02, 2, qing_du, 11.78, 11.15, -2.45, 11.43, 11.46, 11.47, 11.03, 97161.54, 108885113, 2.28, 3.85, 0.95, 579.11682
2016-12-05, 2, qing_du, 11.78, 11.08, -0.63, 11.15, 11.04, 11.24, 10.94, 50194.51, 55670296, 1.18, 2.69, 0.49, 855.33118
2016-12-06, 1, wei_ruo, 11.77, 11.13, 0.45, 11.08, 11.07, 11.20, 11.07, 37188.34, 41441899, 0.87, 1.17, 0.37, 742.48505
2016-12-07, 1, wei_ruo, 11.76, 11.27, 1.26, 11.13, 11.13, 11.29, 11.12, 48953.04, 54880839, 1.15, 1.53, 0.48, 538.81598
2016-12-08, 1, wei_ruo, 11.76, 11.08, -1.69, 11.27, 11.25, 11.28, 11.05, 52207, 58432950, 1.23, 2.04, 0.51, 502.69389
2016-12-09, 1, wei_ruo, 11.75, 11.05, -0.27, 11.08, 11.06, 11.16, 11.01, 43943.81, 48710588, 1.03, 1.35, 0.43, 607.82409
2016-12-12, 1, wei_ruo, 11.71, 10.12, -8.42, 11.05, 11.01, 11.09, 10.10, 112036.75, 119023592, 2.63, 8.96, 1.10, 551.28503
2016-12-13, 1, wei_ruo, 11.69, 10.29, 1.68, 10.12, 10.18, 10.31, 10.02, 57709.18, 58723856, 1.36, 2.87, 0.57, 1065.09089
2016-12-14, 1, wei_ruo, 11.68, 10.23, -0.58, 10.29, 10.32, 10.37, 10.14, 50414.92, 51718448, 1.19, 2.24, 0.49, 503.37291
2016-12-15, 1, wei_ruo, 11.66, 10.38, 1.47, 10.23, 10.18, 10.45, 10.13, 41725.36, 43027024, 0.98, 3.13, 0.41, 548.70796
2016-12-16, 1, wei_ruo, 11.65, 10.50, 1.16, 10.38, 10.36, 10.58, 10.31, 37664.96, 39395892, 0.89, 2.60, 0.37, 563.89499
2016-12-19, 1, wei_ruo, 11.64, 10.52, 0.19, 10.50, 10.49, 10.56, 10.35, 38019, 39794326, 0.89, 2.00, 0.37, 961.32708
2016-12-20, 1, wei_ruo, 11.63, 10.58, 0.57, 10.52, 10.58, 10.68, 10.42, 38139.32, 40172726, 0.90, 2.47, 0.37, 616.34302
2016-12-21, 1, wei_ruo, 11.62, 10.59, 0.09, 10.58, 10.60, 10.69, 10.50, 35478.4, 37628344, 0.83, 1.80, 0.35, 577.40784
2016-12-22, 1, wei_ruo, 11.62, 10.56, -0.28, 10.59, 10.56, 10.65, 10.51, 27166.54, 28744972, 0.64, 1.32, 0.27, 505.58591
2016-12-23, 1, wei_ruo, 11.61, 10.62, 0.57, 10.56, 10.55, 10.66, 10.50, 43018.33, 45519198, 1.01, 1.52, 0.42, 450.07396
2016-12-26, 1, wei_ruo, 11.59, 10.46, -1.51, 10.62, 10.52, 10.52, 10.21, 50109.83, 51813488, 1.18, 2.92, 0.49, 672.95098
2016-12-27, 1, wei_ruo, 11.58, 10.40, -0.57, 10.46, 10.40, 10.50, 10.37, 30332.69, 31693388, 0.71, 1.24, 0.30, 594.25902
2016-12-28, 1, wei_ruo, 11.57, 10.45, 0.48, 10.40, 10.45, 10.58, 10.33, 37644.8, 39395496, 0.88, 2.40, 0.37, 558.50506
2016-12-30, 1, wei_ruo, 11.56, 10.38, -0.38, 10.42, 10.40, 10.48, 10.34, 28725.53, 29930791, 0.68, 1.34, 0.28, 620.46099
2017-01-04, 1, wei_ruo, 11.53, 10.70, 0.94, 10.60, 10.52, 10.73, 10.49, 66487.4, 70655066, 1.56, 2.26, 0.65, 565.00816
2017-01-05, 1, wei_ruo, 11.52, 10.72, 0.19, 10.70, 10.66, 10.87, 10.66, 71118.96, 76498097, 1.67, 1.96, 0.70, 591.15791
2017-01-06, 1, wei_ruo, 11.51, 10.73, 0.09, 10.72, 10.70, 10.79, 10.60, 55039.81, 58811760, 1.29, 1.77, 0.54, 801.62716
2017-01-09, 1, wei_ruo, 11.50, 10.70, -0.28, 10.73, 10.73, 10.73, 10.53, 44240.55, 47108467, 1.04, 1.86, 0.43, 609.39503
2017-01-10, 1, wei_ruo, 11.49, 10.73, 0.28, 10.70, 10.65, 10.81, 10.64, 27442.98, 29417987, 0.65, 1.59, 0.54, 684.31711
2017-01-11, 1, wei_ruo, 11.48, 10.47, -1.41, 10.62, 10.59, 10.75, 10.45, 50055.17, 53266215, 1.18, 2.82, 0.49, 2593.79697
2017-01-13, 1, wei_ruo, 11.45, 10.14, -2.12, 10.36, 10.39, 10.47, 10.08, 53914.45, 55444172, 1.27, 3.76, 0.53, 522.33887
2017-01-16, 1, wei_ruo, 11.39, 9.30, -8.28, 10.14, 10.09, 10.12, 9.13, 132700.94, 126519595, 3.12, 9.76, 1.30, 696.22707
2017-01-17, 1, wei_ruo, 11.36, 10.73, 0.28, 10.70, 10.65, 10.81, 10.64, 27442.98, 29417987, 0.65, 1.59, 0.54, 638.41295
2017-01-18, 1, wei_ruo, 11.34, 9.34, -0.74, 9.41, 9.39, 9.46, 9.32, 36454.33, 34193436, 0.86, 1.49, 0.36, 5019.93704
2017-02-07, 1, wei_ruo, 11.19, 9.59, -0.93, 9.68, 9.69, 9.73, 9.55, 11183, 10749053, 0.26, 1.86, 0.25, 755.30195
2017-02-08, 1, wei_ruo, 11.18, 9.72, 0.41, 9.68, 9.69, 9.74, 9.55, 30026.27, 28950032, 0.71, 1.96, 0.29, 2534.21807
2017-02-09, 1, wei_ruo, 11.16, 9.74, 0.21, 9.72, 9.67, 9.77, 9.67, 36266.29, 35281653, 0.85, 1.03, 0.46, 1154.28591
2017-02-10, 1, wei_ruo, 11.13, 10.05, 2.97, 9.76, 9.78, 10.30, 9.69, 100322.29, 100180535, 2.36, 6.25, 0.98, 3695.65105
2017-02-13, 1, wei_ruo, 11.11, 9.94, -1.09, 10.05, 9.90, 10.03, 9.85, 68789.08, 68268104, 1.62, 1.79, 0.68, 4657.79305
2017-02-14, 1, wei_ruo, 11.10, 9.81, -1.31, 9.94, 9.98, 9.98, 9.78, 50762.22, 49875709, 1.19, 2.01, 0.50, 641.62493
2017-02-15, 1, wei_ruo, 11.08, 9.70, -1.12, 9.81, 9.81, 9.84, 9.67, 51399.16, 50171823, 1.21, 1.73, 0.50, 125001.54901
2017-02-16, 1, wei_ruo, 11.05, 9.98, 2.89, 9.70, 9.70, 10.20, 9.69, 103052.44, 102859370, 2.42, 5.26, 1.01, 806.86998
2017-02-17, 1, wei_ruo, 11.03, 9.68, -3.01, 9.98, 9.94, 9.99, 9.60, 80019.81, 78155925, 1.88, 3.91, 0.79, 530.71785
2017-02-20, 1, wei_ruo, 11.02, 9.68, -3.01, 9.98, 9.94, 9.99, 9.60, 80019.81, 78155925, 1.88, 3.91, 0.79, 597.32413
2017-02-21, 1, wei_ruo, 11.00, 9.90, 0.71, 9.83, 9.80, 10.00, 9.79, 54820.24, 54251442, 1.29, 2.14, 0.54, 2119.18712
2017-02-22, 1, wei_ruo, 10.99, 9.95, 0.51, 9.90, 9.89, 9.98, 9.84, 57410.27, 56988160, 1.35, 1.41, 0.56, 4578.12214
2017-02-24, 1, wei_ruo, 10.95, 9.99, -0.70, 10.06, 9.98, 10.02, 9.86, 55945.26, 55632488, 1.32, 1.59, 0.55, 1131.52909
2017-02-27, 1, wei_ruo, 10.94, 9.84, -1.50, 9.99, 10.00, 10.04, 9.82, 46120.48, 45800200, 1.08, 2.20, 0.45, 2574.45192
2017-02-28, 1, wei_ruo, 10.93, 9.89, 0.51, 9.84, 9.81, 9.92, 9.80, 37665.46, 37088001, 0.89, 1.22, 0.37, 1193.31503
2017-03-01, 1, wei_ruo, 10.92, 9.95, 0.61, 9.89, 9.90, 9.97, 9.81, 60414.65, 59883329, 1.42, 1.62, 0.59, 1098.44685
2017-03-02, 1, wei_ruo, 10.90, 9.91, -0.40, 9.95, 9.95, 10.15, 9.87, 82083.06, 82117772, 1.93, 2.81, 0.81, 641.3281
2017-03-03, 1, wei_ruo, 10.89, 9.76, -1.51, 9.91, 9.86, 9.86, 9.71, 52111.41, 50912548, 1.23, 1.51, 0.51, 4875.99015
2017-03-06, 1, wei_ruo, 10.87, 9.86, 1.02, 9.76, 9.79, 9.88, 9.74, 46436.87, 45585769, 1.09, 1.43, 0.46, 2564.89491
2017-03-07, 1, wei_ruo, 10.86, 9.90, 0.10, 9.89, 9.90, 9.94, 9.81, 18854.57, 18637058, 0.44, 1.31, 0.37, 1072.43299
2017-03-08, 1, wei_ruo, 10.85, 9.85, -0.40, 9.89, 9.90, 9.94, 9.81, 34540.28, 34105335, 0.81, 1.31, 0.34, 793.17522
2017-03-09, 1, wei_ruo, 10.84, 9.65, -2.03, 9.85, 9.84, 9.87, 9.60, 45228.73, 44038211, 1.06, 2.74, 0.44, 672.58191
2017-03-10, 1, wei_ruo, 10.83, 9.68, 0.31, 9.65, 9.71, 9.83, 9.63, 39990.53, 38957593, 0.94, 2.07, 0.39, 580.02591
2017-03-13, 1, wei_ruo, 10.80, 10.05, 3.82, 9.68, 10.14, 10.32, 9.94, 178948.43, 180316909, 4.21, 3.93, 1.76, 620.90087
2017-03-14, 2, qing_du, 10.78, 10.04, -0.10, 10.05, 10.19, 10.30, 9.96, 120548.83, 121923478, 2.83, 3.38, 1.18, 2660.16603
2017-03-15, 3, zhong_du, 10.76, 10.43, 3.88, 10.04, 9.92, 10.97, 9.85, 232759.96, 241999810, 5.47, 11.16, 2.28, 2540.21883
2017-03-16, 3, zhong_du, 10.75, 10.43, 0.00, 10.43, 10.59, 10.60, 10.25, 177345.4, 184640264, 4.17, 3.36, 1.74, 608.28209
2017-03-17, 3, zhong_du, 10.73, 10.21, -2.11, 10.43, 10.43, 10.55, 10.20, 135920.41, 140852561, 3.20, 3.36, 1.33, 626.41501
2017-03-20, 3, zhong_du, 10.72, 10.22, 0.10, 10.21, 10.18, 10.37, 10.14, 79428.85, 81184255, 1.87, 2.25, 0.78, 611.72414
2017-03-21, 3, zhong_du, 10.71, 10.11, -1.08, 10.22, 10.20, 10.20, 10.02, 83167.03, 83810274, 1.96, 1.76, 0.82, 623.90304
2017-03-22, 2, qing_du, 10.70, 9.93, -1.78, 10.11, 10.06, 10.08, 9.92, 62454.58, 62318865, 1.47, 1.58, 0.61, 613.10601
2017-03-23, 2, qing_du, 10.69, 9.85, -0.81, 9.93, 9.94, 10.02, 9.81, 65374.09, 64752493, 1.54, 2.11, 0.64, 605.57914
2017-03-24, 1, wei_ruo, 10.68, 9.88, 0.30, 9.85, 9.85, 9.91, 9.76, 45205.72, 44465481, 1.06, 1.52, 0.44, 608.26302
2017-03-27, 1, wei_ruo, 10.67, 9.84, -0.40, 9.88, 9.87, 9.88, 9.73, 44484.23, 43592027, 1.05, 1.52, 0.44, 617.8031
2017-03-28, 1, wei_ruo, 10.66, 9.88, 0.41, 9.84, 9.81, 9.89, 9.78, 38875.7, 38270424, 0.91, 1.12, 0.38, 545.84503
2017-03-29, 1, wei_ruo, 10.65, 9.56, -3.24, 9.88, 9.90, 9.90, 9.55, 65306.21, 63463510, 1.54, 3.54, 0.64, 617.70797
2017-03-30, 1, wei_ruo, 10.62, 9.20, -3.77, 9.56, 9.50, 9.55, 9.18, 77087.37, 71818789, 1.81, 3.87, 0.76, 580.32703
2017-03-31, 1, wei_ruo, 10.61, 9.30, 1.09, 9.20, 9.20, 9.32, 9.20, 37963.41, 35143149, 0.89, 1.30, 0.37, 532.974
2017-04-05, 1, wei_ruo, 10.60, 9.46, 1.72, 9.30, 9.32, 9.48, 9.26, 44771.23, 42085325, 1.05, 2.37, 0.44, 641.13092
2017-04-06, 1, wei_ruo, 10.59, 9.45, -0.11, 9.46, 9.44, 9.53, 9.41, 43072.04, 40718790, 1.01, 1.27, 0.42, 1990.57603
2017-04-07, 1, wei_ruo, 10.58, 9.43, -0.21, 9.45, 9.40, 9.47, 9.35, 36601.52, 34457171, 0.86, 1.27, 0.36, 630.92089
2017-04-10, 1, wei_ruo, 10.56, 9.18, -2.65, 9.43, 9.39, 9.45, 9.11, 52802.6, 48878543, 1.24, 3.61, 0.52, 651.3679
2017-04-11, 1, wei_ruo, 10.54, 9.26, 0.87, 9.18, 9.21, 9.27, 9.05, 55665.47, 50935672, 1.31, 2.40, 0.55, 577.95501
2017-04-12, 1, wei_ruo, 10.53, 9.15, -1.19, 9.26, 9.23, 9.23, 9.12, 37019.18, 33937242, 0.87, 1.19, 0.36, 697.52598
2017-04-13, 1, wei_ruo, 10.52, 9.13, -0.22, 9.15, 9.12, 9.20, 9.10, 40422.34, 36938430, 0.95, 1.09, 0.40, 689.26692
2017-04-14, 1, wei_ruo, 10.50, 9.07, -0.66, 9.13, 9.05, 9.22, 9.05, 43600.84, 39741299, 1.03, 1.86, 0.43, 675.54092
2017-04-17, 1, wei_ruo, 10.48, 8.85, -2.43, 9.07, 9.09, 9.12, 8.71, 56368.85, 50052744, 1.33, 4.52, 0.55, 640.95688
2017-04-18, 1, wei_ruo, 10.47, 8.62, -2.60, 8.85, 8.80, 8.89, 8.56, 36724.28, 32190251, 0.86, 3.73, 0.36, 681.42986
2017-04-19, 1, wei_ruo, 10.43, 8.29, -3.83, 8.62, 8.61, 8.62, 8.15, 73575.52, 61108109, 1.73, 5.45, 0.72, 632.62796
2017-04-20, 1, wei_ruo, 10.41, 8.21, -0.97, 8.29, 8.22, 8.34, 8.05, 36994.39, 30346345, 0.87, 3.50, 0.36, 737.98108
2017-04-21, 1, wei_ruo, 10.40, 8.19, -0.24, 8.21, 8.21, 8.28, 8.12, 26138, 21422850, 0.61, 1.95, 0.26, 645.63894
2017-04-24, 1, wei_ruo, 10.36, 7.64, -6.72, 8.19, 8.19, 8.20, 7.60, 53098, 41584079, 1.25, 7.33, 0.52, 638.96108
2017-04-25, 1, wei_ruo, 10.34, 7.68, 0.52, 7.64, 7.62, 7.77, 7.60, 34632.01, 26701388, 0.81, 2.23, 0.34, 1036.56197
2017-04-26, 1, wei_ruo, 10.33, 7.67, -0.13, 7.68, 7.73, 7.73, 7.64, 28879.39, 22194515, 0.68, 1.17, 0.28, 892.30108
2017-04-27, 1, wei_ruo, 10.28, 7.67, 0.00, 7.67, 7.66, 7.71, 7.28, 68898.75, 51469910, 1.62, 5.61, 0.68, 689.38494
2017-04-28, 1, wei_ruo, 10.25, 7.84, 2.22, 7.67, 7.63, 7.85, 7.60, 45349.28, 35314055, 1.07, 3.26, 0.45, 668.28012
2017-05-02, 1, wei_ruo, 10.24, 7.93, 1.15, 7.84, 7.84, 7.98, 7.84, 30093.3, 23832201, 0.71, 1.79, 0.30, 730.75795
2017-05-03, 1, wei_ruo, 10.22, 7.92, -0.13, 7.93, 7.93, 8.14, 7.86, 36586.74, 29251894, 0.86, 3.53, 0.36, 737.08415
2017-05-04, 1, wei_ruo, 10.19, 7.95, 0.38, 7.92, 7.90, 7.99, 7.71, 47821.28, 37529887, 1.12, 3.54, 0.47, 661.46803
2017-05-05, 1, wei_ruo, 10.17, 7.66, -3.65, 7.95, 7.90, 7.99, 7.64, 36532.62, 28622328, 0.86, 4.40, 0.36, 665.85994
2017-05-11, 1, wei_ruo, 10.05, 7.14, -0.56, 7.18, 7.13, 7.24, 6.84, 55692.4, 39334592, 1.31, 5.57, 0.55, 937.80494
2017-05-12, 1, wei_ruo, 10.03, 7.16, 0.28, 7.14, 7.15, 7.21, 7.08, 28631.16, 20453794, 0.67, 1.82, 0.28, 697.43013
2017-05-15, 1, wei_ruo, 10.02, 7.17, 0.14, 7.16, 7.19, 7.24, 7.13, 23572.76, 16923026, 0.55, 1.54, 0.23, 633.75092
2017-05-17, 1, wei_ruo, 9.96, 7.41, 0.95, 7.34, 7.35, 7.50, 7.31, 47482.55, 35152395, 1.12, 2.59, 0.47, 650.93994
2017-05-18, 1, wei_ruo, 9.93, 7.48, 0.94, 7.41, 7.33, 7.54, 7.25, 57339.74, 42640764, 1.35, 3.91, 0.56, 541.35799
2017-05-19, 1, wei_ruo, 9.91, 7.40, -1.07, 7.48, 7.45, 7.46, 7.34, 30444.96, 22493291, 0.72, 1.60, 0.30, 651.57604
2017-05-22, 1, wei_ruo, 9.88, 7.13, -3.65, 7.40, 7.32, 7.44, 7.07, 45973.74, 33395459, 1.08, 5.00, 0.45, 1568.40682
2017-05-23, 1, wei_ruo, 9.85, 6.77, -5.05, 7.13, 7.15, 7.20, 6.73, 44282.18, 30599814, 1.04, 6.59, 0.43, 841.29405
2017-05-24, 1, wei_ruo, 9.82, 6.86, 1.33, 6.77, 6.77, 6.87, 6.60, 47792.25, 32187439, 1.12, 3.99, 0.47, 643.41903
2017-05-25, 1, wei_ruo, 9.78, 6.88, 0.29, 6.86, 6.86, 6.94, 6.66, 46488.54, 31699084, 1.09, 4.08, 0.46, 2704.26106
2017-05-26, 1, wei_ruo, 9.76, 6.84, -0.58, 6.88, 6.91, 6.95, 6.82, 28079.08, 19317223, 0.66, 1.89, 0.28, 664.15095
2017-05-31, 1, wei_ruo, 9.74, 6.77, -1.02, 6.84, 6.90, 7.01, 6.74, 40678.8, 28030699, 0.96, 3.95, 0.40, 663.56182
2017-08-25, 1, wei_ruo, 9.72, 7.45, 10.04, 6.77, 7.45, 7.45, 7.45, 28263.82, 21056546, 0.66, 0.00, 0.28, 784.89995
2017-08-28, 1, wei_ruo, 9.71, 8.20, 10.07, 7.45, 8.20, 8.20, 8.20, 28324.96, 23226467, 0.67, 0.00, 0.28, 631.42085
2017-08-29, 1, wei_ruo, 9.64, 9.02, 10.00, 8.20, 8.80, 9.02, 8.52, 354415.4, 311152668, 8.33, 6.10, 3.48, 647.76301
2017-08-30, 1, wei_ruo, 9.55, 8.76, -2.88, 9.02, 9.20, 9.29, 8.65, 509157.66, 451247082, 11.97, 7.10, 5.00, 648.45991
2017-08-31, 2, qing_du, 9.48, 8.87, 1.26, 8.76, 8.67, 9.08, 8.65, 412606.61, 366132327, 9.70, 4.91, 4.05, 710.639
2017-09-01, 2, qing_du, 9.42, 8.96, 1.01, 8.87, 8.68, 9.42, 8.50, 486273.96, 435938362, 11.43, 10.37, 4.77, 684.46898
2017-09-04, 3, zhong_du, 9.37, 8.82, -1.56, 8.96, 8.73, 8.89, 8.53, 309900.59, 270064038, 7.29, 4.02, 3.04, 639.41503
2017-09-05, 3, zhong_du, 9.34, 8.53, -3.29, 8.82, 8.75, 8.77, 8.52, 197122.49, 169362626, 4.63, 2.83, 1.93, 2700.93799
2017-09-06, 2, qing_du, 9.29, 8.37, -1.88, 8.53, 8.40, 8.63, 8.27, 211949.75, 179213378, 4.98, 4.22, 2.08, 925.96984
2017-09-07, 2, qing_du, 9.25, 8.84, 0.91, 8.76, 8.67, 9.08, 8.65, 286584.1, 254089351, 6.74, 4.91, 5.63, 804.83294
2017-09-08, 2, qing_du, 9.22, 8.84, 0.91, 8.76, 8.67, 9.08, 8.65, 286584.1, 254089351, 6.74, 4.91, 5.63, 2641.72101
2017-09-11, 2, qing_du, 9.18, 8.45, 1.93, 8.29, 8.29, 8.47, 8.01, 188718.93, 157379860, 4.44, 5.55, 1.85, 787.38093
2017-09-12, 2, qing_du, 9.14, 8.60, 1.78, 8.45, 8.34, 8.76, 8.34, 285359.34, 245191583, 6.71, 4.97, 2.80, 807.89804
2017-09-13, 2, qing_du, 9.11, 8.39, -2.44, 8.60, 8.48, 8.69, 8.26, 145954.46, 122563312, 3.43, 5.00, 1.43, 632.74002
2017-09-14, 2, qing_du, 9.09, 8.15, -2.86, 8.39, 8.35, 8.36, 8.13, 117158.97, 96357932, 2.75, 2.74, 1.15, 911.16905
2017-09-15, 2, qing_du, 9.07, 8.16, 0.12, 8.15, 8.13, 8.21, 8.06, 79855.01, 65056269, 1.88, 1.84, 0.78, 1007.69615
2017-09-18, 2, qing_du, 9.05, 7.97, -2.33, 8.16, 8.13, 8.21, 7.93, 100343.95, 80848367, 2.36, 3.43, 0.98, 636.7929
2017-09-19, 2, qing_du, 9.03, 7.90, -0.88, 7.97, 7.99, 8.03, 7.87, 79441.32, 63095200, 1.87, 2.01, 0.78, 1418.43891
2017-09-20, 2, qing_du, 9.00, 8.01, 1.39, 7.90, 7.87, 8.02, 7.76, 92006.94, 72735359, 2.16, 3.29, 0.90, 2265.03086
2017-09-21, 2, qing_du, 8.99, 7.87, -1.75, 8.01, 8.00, 8.00, 7.86, 67082.7, 53056713, 1.58, 1.75, 0.66, 657.65786
2017-09-22, 2, qing_du, 8.96, 7.67, -2.54, 7.87, 7.82, 7.86, 7.65, 72127.6, 55847592, 1.70, 2.67, 0.71, 753.371
2017-09-25, 1, wei_ruo, 8.94, 7.51, -2.09, 7.67, 7.70, 7.72, 7.50, 61199.06, 46504878, 1.44, 2.87, 0.60, 884.33695
2017-09-26, 1, wei_ruo, 8.93, 7.54, 0.40, 7.51, 7.49, 7.58, 7.44, 49900.32, 37481551, 1.17, 1.86, 0.49, 1055.97782
2017-09-27, 1, wei_ruo, 8.91, 7.63, 1.19, 7.54, 7.55, 7.68, 7.50, 48833.93, 37104586, 1.15, 2.39, 0.48, 657.48286
2017-09-28, 1, wei_ruo, 8.90, 7.51, -1.57, 7.63, 7.55, 7.68, 7.49, 40774.06, 30872189, 0.96, 2.49, 0.40, 840.32393
2017-09-29, 1, wei_ruo, 8.88, 7.64, 1.73, 7.51, 7.51, 7.70, 7.51, 55741.45, 42506803, 1.31, 2.53, 0.55, 815.21583
2017-10-10, 1, wei_ruo, 8.85, 7.77, 1.17, 7.68, 7.70, 7.82, 7.62, 72579.14, 56090641, 1.71, 2.60, 0.71, 1048.23685
2017-10-12, 1, wei_ruo, 8.81, 7.51, -1.57, 7.63, 7.65, 7.67, 7.39, 76181.03, 57270333, 1.79, 3.67, 0.75, 654.93298
2017-10-13, 1, wei_ruo, 8.79, 7.65, 1.86, 7.51, 7.56, 7.69, 7.47, 63053, 47787433, 1.48, 2.93, 0.62, 624.16101
2017-10-16, 1, wei_ruo, 8.76, 7.43, -2.88, 7.65, 7.60, 7.82, 7.43, 80600.16, 61507365, 1.89, 5.10, 0.79, 722.87583
2017-10-17, 1, wei_ruo, 8.74, 7.34, -1.21, 7.43, 7.35, 7.50, 7.20, 68070.12, 49837005, 1.60, 4.04, 0.67, 608.06584
2017-10-18, 1, wei_ruo, 8.72, 7.29, -0.68, 7.34, 7.31, 7.57, 7.25, 57833.38, 42733304, 1.36, 4.36, 0.57, 686.91802
2017-10-19, 1, wei_ruo, 8.69, 6.96, -4.53, 7.29, 7.25, 7.30, 6.95, 86519.49, 61234974, 2.03, 4.80, 0.85, 719.21587
2017-10-20, 1, wei_ruo, 8.67, 7.07, 1.58, 6.96, 7.01, 7.10, 6.93, 39505.2, 27700827, 0.93, 2.44, 0.39, 720.92605
2017-10-23, 1, wei_ruo, 8.66, 7.08, 0.14, 7.07, 7.08, 7.10, 7.01, 34526.99, 24403362, 0.81, 1.27, 0.34, 794.74783
2017-10-24, 1, wei_ruo, 8.65, 6.94, -1.98, 7.08, 7.08, 7.08, 6.92, 36009.96, 25150042, 0.85, 2.26, 0.35, 662.52995
2017-10-25, 1, wei_ruo, 8.64, 7.03, 1.30, 6.94, 6.94, 7.05, 6.93, 30494.28, 21357626, 0.72, 1.73, 0.30, 702.40188
2017-10-26, 1, wei_ruo, 8.62, 7.07, 0.57, 7.03, 7.03, 7.11, 6.94, 46351.46, 32702187, 1.09, 2.42, 0.45, 675.16708
2017-10-27, 1, wei_ruo, 8.60, 6.98, -1.27, 7.07, 7.06, 7.10, 6.94, 39354.14, 27577029, 0.93, 2.26, 0.39, 705.00708
2017-10-30, 1, wei_ruo, 8.57, 6.60, -5.44, 6.98, 6.87, 6.91, 6.52, 80409.52, 53717036, 1.89, 5.59, 0.79, 818.46809
2017-10-31, 1, wei_ruo, 8.55, 6.66, 0.91, 6.60, 6.60, 6.66, 6.57, 39251.69, 25926173, 0.92, 1.36, 0.39, 701.27201
2017-11-01, 1, wei_ruo, 8.53, 6.61, -0.75, 6.66, 6.66, 6.68, 6.57, 32343.45, 21435728, 0.76, 1.65, 0.32, 694.99993
2017-11-02, 1, wei_ruo, 8.50, 6.39, -3.33, 6.61, 6.61, 6.61, 6.37, 66462.11, 42722854, 1.56, 3.63, 0.65, 732.13911
2017-11-03, 1, wei_ruo, 8.46, 6.47, 1.25, 6.39, 6.40, 6.52, 6.21, 83593.21, 53077104, 1.97, 4.85, 0.82, 4744.9851
2017-11-06, 1, wei_ruo, 8.42, 6.73, 4.02, 6.47, 6.41, 6.82, 6.37, 103940.88, 68579945, 2.44, 6.96, 1.02, 2704.32806
2017-11-09, 1, wei_ruo, 8.36, 6.68, 0.75, 6.63, 6.63, 6.70, 6.61, 38912.02, 25929966, 0.91, 1.36, 0.38, 2651.28589
2017-11-10, 1, wei_ruo, 8.34, 6.58, -2.23, 6.73, 6.67, 6.69, 6.58, 37434, 24825860, 0.88, 1.63, 0.73, 2675.33398
2017-11-13, 1, wei_ruo, 8.33, 6.50, -1.22, 6.58, 6.54, 6.57, 6.46, 32646.64, 21232136, 0.77, 1.67, 0.59, 714.03193
2017-11-14, 1, wei_ruo, 8.32, 6.52, 0.31, 6.50, 6.47, 6.58, 6.46, 36400.04, 23733826, 0.86, 1.85, 0.89, 864.51101
2017-11-15, 1, wei_ruo, 8.30, 6.35, -2.61, 6.52, 6.46, 6.53, 6.32, 32899.38, 21054808, 0.77, 3.22, 0.89, 803.20001
2017-11-16, 1, wei_ruo, 8.29, 6.37, 0.31, 6.35, 6.35, 6.38, 6.27, 29706.01, 18835613, 0.70, 1.73, 0.84, 1110.59284
2017-11-17, 1, wei_ruo, 8.25, 6.11, -4.08, 6.37, 6.39, 6.39, 6.00, 71722.81, 44099476, 1.69, 6.12, 2.14, 2257.74789
2017-11-20, 1, wei_ruo, 8.21, 6.16, 0.82, 6.11, 6.08, 6.20, 5.73, 70845.14, 42666440, 1.67, 7.69, 1.74, 641.90292
2017-11-21, 1, wei_ruo, 8.19, 6.18, 0.32, 6.16, 6.08, 6.30, 6.02, 59055.38, 36329525, 1.39, 4.55, 1.22, 766.69097
2017-11-22, 1, wei_ruo, 8.17, 6.06, -1.94, 6.18, 6.19, 6.19, 6.02, 36077.6, 22004514, 0.85, 2.75, 0.68, 737.95104
2017-11-23, 1, wei_ruo, 8.13, 6.04, -0.33, 6.06, 6.06, 6.23, 6.01, 79597.49, 48657367, 1.87, 3.63, 1.49, 748.60811
2017-11-24, 1, wei_ruo, 8.11, 6.03, -0.17, 6.04, 6.02, 6.12, 5.95, 35760.96, 21551485, 0.84, 2.81, 0.56, 771.76404
2017-11-27, 1, wei_ruo, 8.09, 5.87, -2.65, 6.03, 6.01, 6.07, 5.85, 41486.04, 24728846, 0.98, 3.65, 0.74, 1607.47886
2017-11-28, 1, wei_ruo, 8.07, 5.91, 0.68, 5.87, 5.87, 5.92, 5.80, 36618.5, 21450884, 0.86, 2.04, 0.73, 629.81105
2017-11-29, 1, wei_ruo, 8.05, 5.94, 0.51, 5.91, 5.86, 5.95, 5.81, 45900.43, 27000110, 1.08, 2.37, 1.00, 618.23082
2017-11-30, 1, wei_ruo, 8.03, 5.94, 0.00, 5.94, 5.92, 5.99, 5.89, 39355.56, 23349617, 0.93, 1.68, 0.82, 2681.57697
2017-12-01, 1, wei_ruo, 7.99, 6.02, 1.35, 5.94, 5.97, 6.18, 5.88, 89997.93, 54296094, 2.12, 5.05, 2.26, 686.79905
2017-12-04, 1, wei_ruo, 7.94, 5.76, -4.32, 6.02, 6.06, 6.14, 5.75, 86306.38, 51122638, 2.03, 6.48, 1.70, 779.77395
2017-12-05, 1, wei_ruo, 7.89, 5.70, -1.04, 5.76, 5.73, 5.78, 5.51, 89721.32, 50695289, 2.11, 4.69, 1.50, 722.83697
2017-12-06, 1, wei_ruo, 7.85, 5.78, 1.40, 5.70, 5.64, 5.93, 5.60, 89401, 51579709, 2.10, 5.79, 1.27, 536.68094
2017-12-07, 1, wei_ruo, 7.82, 5.64, -2.42, 5.78, 5.80, 5.85, 5.63, 50193.02, 28688700, 1.18, 3.81, 0.64, 576.23386
2017-12-08, 1, wei_ruo, 7.81, 5.73, 1.60, 5.64, 5.65, 5.75, 5.62, 39692.74, 22665684, 0.93, 2.30, 0.49, 836.59101
2017-12-11, 1, wei_ruo, 7.79, 5.76, 0.52, 5.73, 5.73, 5.81, 5.71, 28230.74, 16227230, 0.66, 1.75, 0.40, 650.8081
2017-12-12, 1, wei_ruo, 7.77, 5.59, -2.95, 5.76, 5.76, 5.77, 5.57, 37328, 21138845, 0.88, 3.47, 0.63, 713.25588
2017-12-13, 1, wei_ruo, 7.76, 5.67, 1.43, 5.59, 5.59, 5.68, 5.55, 24727.62, 13896493, 0.58, 2.33, 0.50, 593.75882
2017-12-14, 1, wei_ruo, 7.75, 5.69, 0.35, 5.67, 5.64, 5.71, 5.62, 28885.43, 16353970, 0.68, 1.59, 0.80, 772.11285
2017-12-15, 1, wei_ruo, 7.73, 5.68, -0.18, 5.69, 5.66, 5.72, 5.60, 30426.66, 17224577, 0.72, 2.11, 0.96, 63732.97405
2017-12-18, 1, wei_ruo, 7.72, 5.61, -1.23, 5.68, 5.68, 5.70, 5.59, 27770.98, 15666969, 0.65, 1.94, 0.93, 452.53897
2017-12-19, 1, wei_ruo, 7.70, 5.69, 1.43, 5.61, 5.64, 5.70, 5.60, 31218.15, 17649986, 0.73, 1.78, 1.05, 792.52911
2017-12-20, 1, wei_ruo, 7.69, 5.58, -1.93, 5.69, 5.71, 5.73, 5.57, 29843, 16791533, 0.70, 2.81, 1.04, 120749.39203
2017-12-21, 1, wei_ruo, 7.67, 5.45, -2.33, 5.58, 5.54, 5.63, 5.39, 39332.07, 21555652, 0.92, 4.30, 1.33, 695.27411
2017-12-22, 1, wei_ruo, 7.65, 5.39, -1.10, 5.45, 5.45, 5.51, 5.39, 31280.16, 17036208, 0.74, 2.20, 0.99, 604.66504
2017-12-25, 1, wei_ruo, 7.62, 5.19, -3.71, 5.39, 5.40, 5.44, 5.18, 51271.39, 26951440, 1.21, 4.82, 1.61, 2615.48114
2017-12-26, 1, wei_ruo, 7.61, 5.26, 1.35, 5.19, 5.18, 5.28, 5.15, 30308.42, 15849616, 0.71, 2.50, 0.83, 570.84584
2017-12-27, 1, wei_ruo, 7.58, 5.26, 0.00, 5.26, 5.27, 5.32, 5.24, 37981, 20053905, 0.89, 1.52, 1.04, 616.364
2017-12-29, 1, wei_ruo, 7.52, 5.47, 1.30, 5.40, 5.40, 5.49, 5.33, 37227.65, 20224554, 0.88, 2.96, 0.76, 618.23797
2018-01-03, 1, wei_ruo, 7.48, 5.56, 1.65, 5.47, 5.48, 5.58, 5.44, 44022.71, 24271234, 1.03, 2.56, 0.96, 683.39491
2018-01-04, 1, wei_ruo, 7.46, 5.56, 0.00, 5.56, 5.57, 5.68, 5.53, 43900.44, 24537276, 1.03, 2.70, 0.90, 693.645
2018-01-05, 1, wei_ruo, 7.45, 5.58, 0.36, 5.56, 5.51, 5.59, 5.49, 35103.63, 19462535, 0.83, 1.80, 0.70, 614.58993
2018-01-08, 1, wei_ruo, 7.43, 5.59, 0.18, 5.58, 5.56, 5.60, 5.53, 39164.63, 21809094, 0.92, 1.25, 0.94, 686.53989
2018-01-09, 1, wei_ruo, 7.40, 5.61, 0.36, 5.59, 5.58, 5.73, 5.47, 60782.5, 34055793, 1.43, 4.65, 1.52, 609.98011
2018-01-10, 1, wei_ruo, 7.33, 6.17, 9.98, 5.61, 5.88, 6.17, 5.87, 243761.33, 148694931, 5.73, 5.35, 5.47, 4670.69101
2018-01-11, 1, wei_ruo, 7.25, 6.06, -1.78, 6.17, 6.17, 6.18, 5.94, 246659.34, 149161056, 5.80, 3.89, 2.92, 677.0761
2018-01-12, 2, qing_du, 7.21, 5.82, -3.96, 6.06, 5.96, 6.03, 5.81, 133116.76, 78186744, 3.13, 3.63, 1.06, 864.55202
2018-01-15, 2, qing_du, 7.17, 5.41, -7.04, 5.82, 5.82, 5.86, 5.35, 104515.01, 58719943, 2.46, 8.76, 0.72, 633.99982
2018-01-16, 1, wei_ruo, 7.14, 5.40, -0.18, 5.41, 5.36, 5.47, 5.35, 63507.93, 34322611, 1.49, 2.22, 0.40, 622.50018
2018-01-17, 1, wei_ruo, 7.12, 5.43, 0.56, 5.40, 5.40, 5.44, 5.28, 67870.91, 36376856, 1.60, 2.96, 0.43, 863.76905
2018-01-18, 1, wei_ruo, 7.09, 5.43, 0.00, 5.43, 5.45, 5.51, 5.37, 57456.03, 31345144, 1.35, 2.58, 0.47, 670.49694
2018-01-19, 1, wei_ruo, 7.08, 5.36, -1.29, 5.43, 5.39, 5.45, 5.35, 41060.5, 22116846, 0.97, 1.84, 0.48, 867.91801
2018-01-22, 1, wei_ruo, 7.06, 5.40, 0.75, 5.36, 5.36, 5.44, 5.30, 32466.27, 17460622, 0.76, 2.61, 0.49, 603.64795
2018-01-23, 1, wei_ruo, 7.05, 5.43, 0.56, 5.40, 5.40, 5.48, 5.36, 33267.79, 18035060, 0.78, 2.22, 0.63, 572.93797
2018-01-24, 1, wei_ruo, 7.04, 5.44, 0.18, 5.43, 5.41, 5.46, 5.38, 33533.28, 18147446, 0.79, 1.47, 0.72, 595.37005
2018-01-25, 1, wei_ruo, 7.02, 5.47, 0.55, 5.44, 5.43, 5.51, 5.41, 47217.31, 25842690, 1.11, 1.84, 1.19, 751.42503
2018-01-26, 1, wei_ruo, 7.01, 5.40, -1.28, 5.47, 5.43, 5.46, 5.40, 32359.68, 17541656, 0.76, 1.10, 0.86, 707.39484
2018-01-29, 1, wei_ruo, 6.98, 5.24, -2.96, 5.40, 5.35, 5.35, 5.19, 56117.36, 29490429, 1.32, 2.96, 1.57, 764.59002
2018-01-30, 1, wei_ruo, 6.97, 5.21, -0.57, 5.24, 5.21, 5.26, 5.18, 25472.46, 13249177, 0.60, 1.53, 0.63, 649.03593
2018-01-31, 1, wei_ruo, 6.96, 4.69, -9.98, 5.21, 4.75, 4.75, 4.69, 33693, 15831258, 0.79, 1.15, 0.87, 758.35586
2018-02-01, 1, wei_ruo, 6.83, 4.26, -9.17, 4.69, 4.22, 4.43, 4.22, 198418.48, 84869029, 4.66, 4.48, 5.09, 733.20889
2018-02-02, 1, wei_ruo, 6.79, 4.22, -0.94, 4.26, 4.16, 4.34, 4.11, 67775.51, 28660734, 1.59, 5.40, 0.98, 728.27792
2018-02-05, 1, wei_ruo, 6.75, 4.39, 4.03, 4.22, 4.16, 4.42, 4.13, 67741.22, 29186216, 1.59, 6.87, 0.89, 869.3409
2018-02-06, 1, wei_ruo, 6.72, 4.16, -5.24, 4.39, 4.30, 4.35, 4.15, 49138, 20914968, 1.16, 4.56, 0.63, 2658.30898
2018-02-07, 1, wei_ruo, 6.70, 4.23, 1.68, 4.16, 4.26, 4.29, 4.14, 45227, 19079728, 1.06, 3.61, 0.54, 880.88012
2018-02-08, 1, wei_ruo, 6.67, 4.35, 2.84, 4.23, 4.22, 4.36, 4.22, 40617, 17549337, 0.95, 3.31, 0.80, 860.34179
2018-02-09, 1, wei_ruo, 6.65, 4.21, -3.22, 4.35, 4.21, 4.29, 4.16, 45701.54, 19234583, 1.07, 2.99, 1.05, 762.15911
2018-02-12, 1, wei_ruo, 6.63, 4.31, 2.38, 4.21, 4.21, 4.36, 4.21, 35832.89, 15396905, 0.84, 3.56, 0.82, 631.8028
2018-02-13, 1, wei_ruo, 6.61, 4.27, -0.93, 4.31, 4.28, 4.37, 4.23, 34957.4, 14998967, 0.82, 3.25, 0.88, 675.85182
2018-02-14, 1, wei_ruo, 6.60, 4.28, 0.23, 4.27, 4.27, 4.29, 4.21, 18181.4, 7717679, 0.43, 1.87, 0.51, 713.1741
