2015-08-20, 2, qing_du, 10.85, 9.44, -3.97, 9.83, 9.60, 9.85, 9.40, 437308.62, 418549067, 1.71, 4.58, 0.70, 782.54199
2015-08-21, 1, wei_ruo, 10.82, 8.90, -5.72, 9.44, 9.03, 9.39, 8.75, 468374.56, 424958616, 1.83, 6.78, 0.77, 2978.11508
2015-08-25, 1, wei_ruo, 10.63, 7.21, -9.99, 8.01, 7.21, 7.55, 7.21, 1032155.59, 746373260, 4.03, 4.24, 1.90, 1177.34504
2015-08-26, 1, wei_ruo, 10.56, 7.20, -0.14, 7.21, 7.38, 7.60, 6.95, 565704.31, 415879904, 2.21, 9.02, 0.94, 1619.73
2015-10-29, 3, zhong_du, 9.37, 8.09, 0.25, 8.07, 8.14, 8.23, 7.99, 321209.03, 260666046, 1.25, 2.97, 0.59, 1059.10397
2015-10-30, 3, zhong_du, 9.35, 8.05, -0.49, 8.09, 8.10, 8.15, 7.90, 264494.23, 212705605, 1.03, 3.09, 0.56, 1300.89617
2015-11-02, 3, zhong_du, 9.34, 7.91, -1.74, 8.05, 7.91, 8.07, 7.85, 213606.57, 169865654, 0.83, 2.73, 0.56, 1103.68705
2015-11-03, 3, zhong_du, 9.33, 7.93, 0.25, 7.91, 7.98, 8.02, 7.84, 181914.87, 144232081, 0.71, 2.28, 0.56, 1239.10999
2015-11-04, 3, zhong_du, 9.31, 8.32, 4.92, 7.93, 7.98, 8.34, 7.94, 469958.83, 384596291, 1.84, 5.04, 1.72, 3034.33108
2015-11-05, 3, zhong_du, 9.29, 8.36, 0.48, 8.32, 8.37, 8.48, 8.27, 607619.63, 509107993, 2.37, 2.52, 2.09, 1172.12701
2015-11-06, 3, zhong_du, 9.27, 8.49, 1.56, 8.36, 8.38, 8.57, 8.31, 525529.36, 444354938, 2.05, 3.11, 1.51, 1411.67116
2015-11-09, 4, gao_du, 9.25, 8.75, 3.06, 8.49, 8.40, 8.88, 8.39, 645412.46, 560587058, 2.52, 5.77, 1.61, 16883.12602
2015-11-10, 5, qiang_lie, 9.24, 8.68, -0.80, 8.75, 8.68, 8.79, 8.46, 459390.58, 397006099, 1.79, 3.77, 0.95, 379.64797
2015-11-11, 5, qiang_lie, 9.24, 8.71, 0.35, 8.68, 8.63, 8.76, 8.59, 325579.82, 282657465, 1.27, 1.96, 0.60, 263.731
2015-11-12, 5, qiang_lie, 9.23, 8.57, -1.61, 8.71, 8.77, 8.80, 8.48, 347582.33, 298620660, 1.36, 3.67, 0.68, 892.90214
2015-11-13, 5, qiang_lie, 9.21, 8.27, -3.50, 8.57, 8.50, 8.55, 8.24, 398870.9, 333311655, 1.56, 3.62, 0.87, 1132.56001
2015-11-16, 5, qiang_lie, 9.21, 8.39, 1.45, 8.27, 8.08, 8.42, 8.05, 247532.5, 203491465, 0.97, 4.47, 0.57, 1165.66205
2015-11-17, 4, gao_du, 9.19, 8.32, -0.83, 8.39, 8.41, 8.56, 8.28, 379720.55, 321090935, 1.48, 3.34, 1.07, 2041.93997
2015-11-18, 4, gao_du, 9.18, 8.18, -1.68, 8.32, 8.35, 8.36, 8.15, 239046.35, 197150552, 0.93, 2.52, 0.70, 1179.15606
2015-11-19, 4, gao_du, 9.17, 8.28, 1.22, 8.18, 8.20, 8.30, 8.17, 282633.01, 232995593, 1.10, 1.59, 0.88, 980.24607
2015-11-20, 4, gao_du, 9.16, 8.36, 0.97, 8.28, 8.31, 8.44, 8.27, 372193.68, 310924074, 1.45, 2.05, 1.20, 16659.80601
2015-11-23, 5, qiang_lie, 9.15, 8.93, 6.82, 8.36, 8.37, 8.96, 8.32, 964662.72, 839494672, 3.77, 7.66, 3.17, 32115.68308
2015-11-24, 5, qiang_lie, 9.14, 8.81, -1.34, 8.93, 8.83, 8.89, 8.60, 546791.71, 477569247, 2.14, 3.25, 1.22, 1059.52001
2015-11-25, 5, qiang_lie, 9.13, 8.84, 0.34, 8.81, 8.77, 8.85, 8.68, 457861.97, 401537432, 1.79, 1.93, 0.95, 2853.21617
2015-11-26, 5, qiang_lie, 9.13, 8.88, 0.45, 8.84, 8.94, 9.28, 8.80, 780797.74, 704506616, 3.05, 5.43, 1.49, 913.76114
2015-11-27, 5, qiang_lie, 9.11, 8.18, -7.88, 8.88, 8.78, 8.88, 8.05, 555438.67, 474576908, 2.17, 9.35, 0.89, 867.09404
2015-11-30, 5, qiang_lie, 9.09, 8.12, -0.73, 8.18, 8.20, 8.27, 7.81, 435444, 351418830, 1.70, 5.62, 0.66, 915.69495
2015-12-01, 3, zhong_du, 9.08, 8.27, 1.85, 8.12, 8.14, 8.29, 8.05, 270966.68, 222156178, 1.06, 2.96, 0.49, 1054.44312
2015-12-02, 3, zhong_du, 9.07, 8.36, 1.09, 8.27, 8.34, 8.38, 8.01, 329334.72, 271371979, 1.29, 4.47, 0.66, 954.71716
2015-12-03, 3, zhong_du, 9.07, 8.44, 0.96, 8.36, 8.33, 8.45, 8.27, 269216.39, 225632246, 1.05, 2.15, 0.57, 6561.60498
2015-12-04, 3, zhong_du, 9.08, 8.24, -2.37, 8.44, 8.35, 8.41, 8.20, 257305.29, 214012009, 1.01, 2.49, 0.69, 989.53485
2015-12-07, 3, zhong_du, 9.07, 8.31, 0.85, 8.24, 8.28, 8.43, 8.22, 220803.72, 183549269, 0.86, 2.55, 0.71, 613.63602
2015-12-08, 3, zhong_du, 9.06, 8.07, -2.89, 8.31, 8.25, 8.26, 8.03, 245432.16, 199173787, 0.96, 2.77, 0.91, 696.36202
2015-12-09, 2, qing_du, 9.06, 7.98, -1.12, 8.07, 8.00, 8.09, 7.96, 196169.52, 157427430, 0.77, 1.61, 0.74, 683.73203
2015-12-10, 2, qing_du, 9.05, 8.05, 0.88, 7.98, 8.00, 8.19, 7.97, 186118.72, 150199036, 0.73, 2.76, 0.78, 849.11585
2015-12-11, 1, wei_ruo, 9.04, 7.89, -1.99, 8.05, 8.01, 8.02, 7.85, 191427.4, 151644114, 0.75, 2.11, 0.87, 968.42408
2015-12-14, 1, wei_ruo, 9.03, 8.11, 2.79, 7.89, 7.84, 8.12, 7.77, 191097.49, 151693211, 0.75, 4.44, 0.92, 1238.34395
2015-12-15, 1, wei_ruo, 9.02, 8.11, 0.00, 8.11, 8.14, 8.17, 8.00, 203857.47, 165311768, 0.80, 2.10, 1.01, 1030.63202
2015-12-16, 1, wei_ruo, 9.02, 8.20, 1.11, 8.11, 8.12, 8.27, 8.08, 238764.82, 195368281, 0.93, 2.34, 1.23, 865.90981
2015-12-17, 1, wei_ruo, 9.01, 8.33, 1.59, 8.20, 8.25, 8.39, 8.22, 283332.61, 235593098, 1.11, 2.07, 1.40, 1319.29398
2015-12-18, 1, wei_ruo, 9.00, 8.31, -0.24, 8.33, 8.33, 8.36, 8.12, 275690.06, 227755582, 1.08, 2.88, 1.24, 845.85094
2015-12-21, 2, qing_du, 8.99, 8.64, 3.97, 8.31, 8.21, 8.72, 8.21, 592977.9, 505948340, 2.32, 6.14, 2.49, 1042.33885
2015-12-22, 2, qing_du, 8.99, 9.05, 4.75, 8.64, 8.70, 9.15, 8.53, 693442.57, 615327696, 2.71, 7.18, 2.17, 838.4521
2015-12-23, 3, zhong_du, 8.99, 8.87, -1.99, 9.05, 8.98, 9.17, 8.86, 490293.68, 442645634, 1.92, 3.43, 1.18, 2765.32888
2015-12-24, 3, zhong_du, 8.98, 8.71, -1.80, 8.87, 8.85, 8.95, 8.62, 394694.24, 344422696, 1.54, 3.72, 0.84, 817.83104
2015-12-25, 3, zhong_du, 8.98, 8.75, 0.46, 8.71, 8.72, 8.94, 8.68, 248362.23, 218905861, 0.97, 2.99, 0.51, 816.63609
2015-12-28, 3, zhong_du, 8.98, 8.55, -2.29, 8.75, 8.78, 8.98, 8.52, 431978.01, 380296996, 1.69, 5.26, 0.89, 2027.25983
2015-12-29, 3, zhong_du, 8.97, 8.70, 1.75, 8.55, 8.59, 8.74, 8.43, 222230.44, 190928235, 0.87, 3.63, 0.49, 955.39021
2015-12-30, 3, zhong_du, 8.97, 8.88, 2.07, 8.70, 8.71, 8.88, 8.60, 260326.97, 227530604, 1.02, 3.22, 0.58, 2878.40104
2015-12-31, 3, zhong_du, 8.97, 8.60, -3.15, 8.88, 8.90, 8.90, 8.59, 215119.86, 187713274, 0.84, 3.49, 0.48, 927.1419
2016-01-04, 3, zhong_du, 8.96, 7.75, -9.88, 8.60, 8.57, 8.57, 7.74, 291376.43, 237167309, 1.14, 9.65, 1.00, 2359.43985
2016-01-05, 2, qing_du, 8.94, 7.76, 0.13, 7.75, 7.48, 7.97, 7.35, 296503.73, 226831062, 1.16, 8.00, 0.66, 847.70989
2016-01-06, 1, wei_ruo, 8.94, 7.91, 1.93, 7.76, 7.77, 7.95, 7.72, 194258.53, 152405915, 0.76, 2.96, 0.43, 991.00208
2016-01-07, 1, wei_ruo, 8.93, 7.14, -9.73, 7.91, 7.79, 7.79, 7.12, 77848.66, 57761487, 0.30, 8.47, 1.38, 783.95605
2016-01-08, 1, wei_ruo, 8.93, 7.32, 2.52, 7.14, 7.33, 7.55, 6.90, 271606.85, 197720544, 1.06, 9.10, 0.60, 1593.6501
2016-01-11, 1, wei_ruo, 8.90, 6.74, -7.92, 7.32, 7.11, 7.22, 6.69, 276978.16, 193720531, 1.08, 7.24, 0.61, 2896.8029
2016-01-12, 1, wei_ruo, 8.88, 6.76, 0.30, 6.74, 6.73, 6.90, 6.66, 242837.4, 164774304, 0.95, 3.56, 0.54, 1260.92696
2016-01-13, 1, wei_ruo, 8.86, 6.60, -2.37, 6.76, 6.84, 6.87, 6.57, 224072.8, 150768880, 0.88, 4.44, 0.50, 2251.91307
2016-01-14, 1, wei_ruo, 8.83, 6.71, 1.67, 6.60, 6.39, 6.77, 6.25, 340835.11, 221100258, 1.33, 7.88, 0.75, 2729.08092
2016-01-15, 1, wei_ruo, 8.81, 6.38, -4.92, 6.71, 6.65, 6.65, 6.31, 219386.1, 142268087, 0.86, 5.07, 0.49, 4839.31494
2016-01-18, 1, wei_ruo, 8.80, 6.39, 0.16, 6.38, 6.23, 6.54, 6.18, 163734.92, 104724372, 0.64, 5.64, 0.36, 996.74988
2016-01-19, 1, wei_ruo, 8.77, 6.60, 3.29, 6.39, 6.39, 6.62, 6.34, 259668.89, 168750786, 1.01, 4.38, 0.57, 2788.55586
2016-01-20, 1, wei_ruo, 8.76, 6.45, -2.27, 6.60, 6.56, 6.62, 6.41, 196365.11, 127896825, 0.77, 3.18, 0.43, 737.65683
2016-01-21, 1, wei_ruo, 8.74, 6.27, -2.79, 6.45, 6.30, 6.57, 6.26, 180195.42, 115304051, 0.70, 4.81, 0.40, 1241.03403
2016-01-22, 1, wei_ruo, 8.73, 6.35, 1.28, 6.27, 6.36, 6.40, 6.20, 141971.56, 89560088, 0.55, 3.19, 0.31, 1188.3738
2016-01-26, 1, wei_ruo, 8.69, 5.85, -8.59, 6.40, 6.31, 6.35, 5.81, 227682.06, 139176428, 0.89, 8.44, 0.50, 1478.94001
2016-01-27, 1, wei_ruo, 8.67, 5.75, -1.71, 5.85, 5.89, 5.95, 5.51, 205162.76, 117848981, 0.80, 7.52, 0.45, 3387.1119
2016-01-28, 1, wei_ruo, 8.65, 5.51, -4.17, 5.75, 5.70, 5.82, 5.50, 186615.46, 105573073, 0.73, 5.57, 0.41, 1545.37511
2016-01-29, 1, wei_ruo, 8.63, 5.71, 3.63, 5.51, 5.50, 5.78, 5.50, 169007.89, 96046681, 0.66, 5.08, 0.37, 917.10591
2016-02-01, 1, wei_ruo, 8.61, 5.78, 1.23, 5.71, 5.73, 5.79, 5.61, 144143.05, 82268302, 0.56, 3.15, 0.32, 793.03598
2016-02-02, 1, wei_ruo, 8.59, 5.90, 2.08, 5.78, 5.78, 5.93, 5.77, 178241.59, 104597268, 0.70, 2.77, 0.39, 999.88008
2016-02-03, 1, wei_ruo, 8.57, 5.88, -0.34, 5.90, 5.80, 5.94, 5.73, 142622.19, 82867833, 0.56, 3.56, 0.32, 1630.67508
2016-02-04, 1, wei_ruo, 8.56, 6.00, 2.04, 5.88, 5.90, 6.03, 5.88, 146573.96, 87504338, 0.57, 2.55, 0.32, 972.50104
2016-02-05, 1, wei_ruo, 8.55, 5.93, -1.17, 6.00, 6.01, 6.03, 5.91, 101206.11, 60426202, 0.40, 2.00, 0.22, 1284.42001
2016-02-15, 1, wei_ruo, 8.54, 5.95, 0.34, 5.93, 5.77, 5.98, 5.73, 101983.2, 59579186, 0.40, 4.22, 0.23, 2882.81679
2016-02-16, 1, wei_ruo, 8.52, 6.15, 3.36, 5.95, 5.95, 6.18, 5.95, 154300.72, 94242941, 0.60, 3.87, 0.34, 1004.95696
2016-02-17, 1, wei_ruo, 8.51, 6.18, 0.49, 6.15, 6.14, 6.22, 6.05, 183502.01, 112610971, 0.72, 2.76, 0.41, 2951.59984
2016-02-18, 1, wei_ruo, 8.49, 6.17, -0.16, 6.18, 6.20, 6.36, 6.15, 180754.64, 113000890, 0.71, 3.40, 0.40, 975.65699
2016-02-19, 1, wei_ruo, 8.48, 6.20, 0.49, 6.17, 6.17, 6.25, 6.12, 109824.17, 67882103, 0.43, 2.11, 0.31, 685.82392
2016-03-01, 1, wei_ruo, 8.67, 6.04, -5.18, 6.37, 6.00, 6.12, 5.73, 389761.98, 229566060, 1.52, 6.12, 2.38, 810.72307
2016-03-02, 1, wei_ruo, 8.64, 6.34, 4.97, 6.04, 6.03, 6.40, 5.95, 290537.97, 178896920, 1.13, 7.45, 1.31, 540.36689
2016-03-03, 1, wei_ruo, 8.61, 6.45, 1.74, 6.34, 6.28, 6.63, 6.25, 345461.4, 220810476, 1.35, 5.99, 1.39, 781.76188
2016-03-04, 1, wei_ruo, 8.59, 6.24, -3.26, 6.45, 6.39, 6.48, 6.05, 230726.75, 145407590, 0.90, 6.67, 0.82, 765.88893
2016-03-07, 1, wei_ruo, 8.57, 6.22, -0.32, 6.24, 6.29, 6.40, 6.19, 206793.33, 130383787, 0.81, 3.37, 0.71, 1032.62591
2016-03-08, 1, wei_ruo, 8.55, 6.24, 0.32, 6.22, 6.26, 6.29, 5.97, 212802.05, 130283496, 0.83, 5.14, 0.73, 982.67913
2016-03-10, 1, wei_ruo, 8.53, 6.03, -1.95, 6.15, 6.17, 6.19, 6.02, 114226.35, 69829393, 0.45, 2.76, 0.51, 952.89302
2016-03-14, 1, wei_ruo, 8.50, 6.24, 3.14, 6.05, 6.14, 6.38, 6.11, 228775.8, 143143270, 0.89, 4.46, 1.56, 1845.87193
2016-03-15, 1, wei_ruo, 8.49, 6.31, 1.12, 6.24, 6.22, 6.36, 6.13, 179933.06, 112511573, 0.70, 3.69, 1.19, 1056.19717
2016-03-16, 1, wei_ruo, 8.48, 6.19, -1.90, 6.31, 6.29, 6.32, 6.18, 90046.63, 56109298, 0.35, 2.22, 0.62, 2577.47006
2016-03-17, 1, wei_ruo, 8.46, 6.36, 2.75, 6.19, 6.22, 6.37, 6.18, 199598.01, 125673172, 0.78, 3.07, 1.43, 866.23812
2016-03-18, 1, wei_ruo, 8.44, 6.55, 2.99, 6.36, 6.36, 6.63, 6.36, 367647.98, 240740879, 1.44, 4.25, 2.34, 2558.82597
2016-03-21, 1, wei_ruo, 8.42, 6.67, 1.83, 6.55, 6.59, 6.69, 6.53, 285123.34, 188525380, 1.11, 2.44, 1.34, 1320.28008
2016-03-22, 2, qing_du, 8.40, 6.56, -1.65, 6.67, 6.63, 6.67, 6.53, 233102.51, 153949236, 0.91, 2.10, 1.04, 863.74903
2016-03-23, 2, qing_du, 8.36, 6.46, -1.52, 6.56, 6.52, 6.52, 6.36, 512932.08, 329736278, 2.00, 2.44, 2.18, 606.63605
2016-03-24, 2, qing_du, 8.34, 6.32, -2.17, 6.46, 6.40, 6.40, 6.31, 241426.75, 153273497, 0.94, 1.39, 0.76, 719.41614
2016-03-25, 2, qing_du, 8.32, 6.41, 1.42, 6.32, 6.34, 6.43, 6.32, 217873.27, 138894226, 0.85, 1.74, 0.66, 1187.88815
2016-03-28, 2, qing_du, 8.31, 6.33, -1.25, 6.41, 6.46, 6.49, 6.31, 210870.82, 135064435, 0.82, 2.81, 0.71, 2454.35286
2016-03-29, 2, qing_du, 8.29, 6.25, -1.26, 6.33, 6.30, 6.35, 6.21, 191685.38, 120112139, 0.75, 2.21, 0.68, 650.97308
2016-03-30, 2, qing_du, 8.28, 6.41, 2.56, 6.25, 6.29, 6.41, 6.28, 178290.45, 113212617, 0.70, 2.08, 0.65, 1441.76817
2016-03-31, 2, qing_du, 8.27, 6.39, -0.31, 6.41, 6.40, 6.44, 6.36, 187680.95, 120044547, 0.73, 1.25, 0.90, 984.53212
2016-04-01, 2, qing_du, 8.25, 6.32, -1.10, 6.39, 6.35, 6.37, 6.21, 190163.02, 119621005, 0.74, 2.50, 0.96, 1531.6751
2016-04-05, 3, zhong_du, 8.23, 6.48, 2.53, 6.32, 6.30, 6.50, 6.28, 249275.8, 160057686, 0.97, 3.48, 1.30, 583.66013
2016-04-06, 3, zhong_du, 8.22, 6.52, 0.62, 6.48, 6.45, 6.53, 6.42, 262681.88, 170789170, 1.03, 1.70, 1.32, 541.56804
2016-04-07, 3, zhong_du, 8.18, 6.69, 2.61, 6.52, 6.51, 6.88, 6.43, 556074.53, 369610177, 2.17, 6.90, 2.60, 3072.97397
2016-04-08, 3, zhong_du, 8.16, 6.50, -2.84, 6.69, 6.60, 6.67, 6.41, 361565.09, 235493092, 1.41, 3.89, 1.25, 696.81692
2016-04-11, 3, zhong_du, 8.14, 6.57, 1.08, 6.50, 6.53, 6.66, 6.50, 296894.82, 195912226, 1.16, 2.46, 0.92, 2724.54906
2016-04-12, 3, zhong_du, 8.13, 6.48, -1.37, 6.57, 6.58, 6.58, 6.40, 197692.97, 127908838, 0.77, 2.74, 0.57, 1085.98995
2016-04-13, 3, zhong_du, 8.11, 6.57, 1.39, 6.48, 6.51, 6.64, 6.49, 329070.83, 216977875, 1.29, 2.31, 0.98, 1489.98094
2016-04-14, 3, zhong_du, 8.09, 6.61, 0.61, 6.57, 6.60, 6.63, 6.55, 224636.57, 148031124, 0.88, 1.22, 0.65, 2677.49619
2016-04-15, 3, zhong_du, 8.08, 6.60, -0.15, 6.61, 6.63, 6.65, 6.56, 181648.82, 119771729, 0.71, 1.36, 0.64, 1043.55597
2016-04-18, 3, zhong_du, 8.07, 6.46, -2.12, 6.60, 6.56, 6.58, 6.43, 160349.85, 103766512, 0.63, 2.27, 0.65, 2680.90916
2016-04-19, 4, gao_du, 8.07, 6.49, 0.46, 6.46, 6.48, 6.53, 6.43, 111548.39, 72180135, 0.44, 1.55, 0.51, 629.51398
2016-04-20, 3, zhong_du, 8.05, 6.17, -4.93, 6.49, 6.51, 6.54, 6.08, 271304.84, 169767149, 1.06, 7.09, 1.35, 2628.68309
2016-04-21, 3, zhong_du, 8.03, 6.09, -1.30, 6.17, 6.20, 6.20, 6.08, 160855.22, 98996866, 0.63, 1.94, 0.85, 904.99091
2016-04-22, 2, qing_du, 8.03, 6.14, 0.82, 6.09, 6.06, 6.16, 6.03, 117603.41, 71739468, 0.46, 2.13, 0.66, 1188.02404
2016-04-25, 1, wei_ruo, 8.01, 6.33, 3.09, 6.14, 6.14, 6.35, 6.11, 210032.08, 131396670, 0.82, 3.91, 1.28, 2546.40293
2016-04-26, 1, wei_ruo, 8.00, 6.29, -0.63, 6.33, 6.30, 6.32, 6.16, 184592.24, 115056937, 0.72, 2.53, 1.06, 966.19606
2016-04-27, 2, qing_du, 7.99, 6.24, -0.79, 6.29, 6.24, 6.34, 6.21, 132817.99, 83121783, 0.52, 2.07, 0.70, 1661.93223
2016-04-28, 2, qing_du, 7.98, 6.15, -1.44, 6.24, 6.24, 6.26, 6.08, 150181.85, 92261360, 0.59, 2.88, 0.93, 1058.10809
2016-04-29, 2, qing_du, 7.97, 6.16, 0.16, 6.15, 6.12, 6.21, 6.11, 71519.49, 44114426, 0.28, 1.63, 0.45, 2693.51006
2016-05-03, 1, wei_ruo, 7.96, 6.39, 3.73, 6.16, 6.31, 6.41, 6.19, 284152.67, 179828401, 1.11, 3.57, 1.90, 642.86804
2016-05-04, 2, qing_du, 7.95, 6.34, -0.78, 6.39, 6.34, 6.39, 6.29, 149563.81, 94827674, 0.58, 1.56, 0.91, 512.12811
2016-05-05, 2, qing_du, 7.94, 6.38, 0.63, 6.34, 6.34, 6.42, 6.32, 122509.14, 77985734, 0.48, 1.58, 0.78, 631.75011
2016-05-06, 2, qing_du, 7.93, 6.16, -3.45, 6.38, 6.39, 6.40, 6.15, 198579.98, 124170103, 0.78, 3.92, 1.28, 632.61795
2016-05-09, 1, wei_ruo, 7.91, 6.05, -1.79, 6.16, 6.13, 6.14, 6.00, 154113.69, 93522321, 0.60, 2.27, 0.93, 2303.44391
2016-05-10, 1, wei_ruo, 7.91, 6.04, -0.17, 6.05, 6.03, 6.09, 5.99, 94489.91, 56996461, 0.37, 1.65, 0.52, 2754.64511
2016-05-11, 1, wei_ruo, 7.90, 6.03, -0.17, 6.04, 6.06, 6.10, 6.01, 101564.39, 61579419, 0.40, 1.49, 0.71, 913.37109
2016-05-12, 1, wei_ruo, 7.89, 6.02, -0.17, 6.03, 5.98, 6.04, 5.86, 102260.51, 60807644, 0.40, 2.99, 0.76, 2776.24297
2016-05-13, 1, wei_ruo, 7.89, 5.98, -0.66, 6.02, 6.01, 6.07, 5.93, 77288.94, 46415554, 0.30, 2.33, 0.59, 1230.95798
2016-05-16, 1, wei_ruo, 7.88, 6.06, 1.34, 5.98, 5.98, 6.06, 5.94, 75769.81, 45406559, 0.30, 2.01, 0.72, 14509.35411
2016-05-17, 1, wei_ruo, 7.88, 6.05, -0.17, 6.06, 6.05, 6.10, 6.00, 90077.67, 54508456, 0.35, 1.65, 1.00, 1756.0668
2016-05-18, 1, wei_ruo, 7.87, 5.91, -2.31, 6.05, 6.00, 6.04, 5.86, 104380.42, 61938893, 0.41, 2.98, 1.17, 1298.90013
2016-05-19, 1, wei_ruo, 7.86, 5.93, 0.34, 5.91, 5.92, 6.01, 5.91, 64191.61, 38327786, 0.25, 1.69, 0.71, 829.5691
2016-05-20, 1, wei_ruo, 7.85, 6.06, 2.19, 5.93, 5.86, 6.07, 5.85, 107459.2, 64601622, 0.42, 3.71, 1.31, 4668.14089
2016-05-23, 1, wei_ruo, 7.84, 6.20, 2.31, 6.06, 6.12, 6.24, 6.10, 177882.75, 110245414, 0.69, 2.31, 2.01, 1637.83097
2016-05-24, 1, wei_ruo, 7.84, 6.17, -0.48, 6.20, 6.15, 6.19, 6.08, 118586.2, 72846941, 0.46, 1.77, 1.09, 3623.33608
2016-05-25, 1, wei_ruo, 7.83, 6.07, -1.62, 6.17, 6.18, 6.22, 6.07, 85765.44, 52587037, 0.34, 2.43, 0.79, 1052.37293
2016-05-26, 1, wei_ruo, 7.82, 6.05, -0.33, 6.07, 6.08, 6.12, 5.94, 113827.05, 68384488, 0.44, 2.97, 1.05, 650.5239
2016-05-27, 1, wei_ruo, 7.82, 6.05, 0.00, 6.05, 6.04, 6.08, 5.98, 75752.38, 45730764, 0.30, 1.65, 0.70, 1315.69099
2016-05-30, 1, wei_ruo, 7.81, 6.02, -0.50, 6.05, 6.04, 6.07, 5.97, 63921.83, 38464679, 0.25, 1.65, 0.59, 591.77399
2016-05-31, 1, wei_ruo, 7.80, 6.23, 3.49, 6.02, 6.02, 6.24, 6.02, 222087.14, 137085731, 0.87, 3.65, 2.04, 1116.47892
2016-06-01, 1, wei_ruo, 7.79, 6.20, -0.48, 6.23, 6.25, 6.26, 6.16, 193902.05, 120289321, 0.76, 1.61, 1.78, 607.07188
2016-06-02, 1, wei_ruo, 7.79, 6.20, 0.00, 6.20, 6.21, 6.24, 6.16, 143253.49, 88721676, 0.56, 1.29, 1.32, 675.22788
2016-06-03, 1, wei_ruo, 7.76, 6.36, 2.58, 6.20, 6.20, 6.37, 6.18, 370474.83, 233047278, 1.45, 3.06, 3.41, 1136.84988
2016-06-06, 1, wei_ruo, 7.74, 6.33, -0.47, 6.36, 6.36, 6.41, 6.26, 196107.58, 123734817, 0.77, 2.36, 1.80, 2719.00988
2016-06-07, 2, qing_du, 7.74, 6.31, -0.32, 6.33, 6.33, 6.33, 6.26, 121793.24, 76620581, 0.48, 1.11, 1.12, 637.09092
2016-06-08, 2, qing_du, 7.73, 6.33, 0.32, 6.31, 6.31, 6.40, 6.24, 191137.29, 120658810, 0.75, 2.54, 1.76, 2649.91808
2016-06-13, 2, qing_du, 7.72, 6.15, -2.84, 6.33, 6.24, 6.31, 6.12, 200794.59, 124904127, 0.78, 3.00, 1.85, 2743.23392
2016-06-14, 2, qing_du, 7.71, 6.14, -0.16, 6.15, 6.15, 6.19, 6.10, 90829.97, 55704949, 0.35, 1.46, 0.83, 656.75902
2016-06-15, 2, qing_du, 7.70, 6.37, 3.75, 6.14, 6.11, 6.38, 6.08, 223334.52, 140627158, 0.87, 4.89, 2.05, 2671.07201
2016-06-16, 2, qing_du, 7.57, 6.20, -1.12, 6.27, 6.28, 6.37, 6.19, 183162.28, 114964809, 0.72, 2.87, 1.68, 1139.99605
2016-06-17, 3, zhong_du, 7.56, 6.28, 1.29, 6.20, 6.21, 6.35, 6.20, 180828.54, 113947448, 0.71, 2.42, 1.66, 3688.73882
2016-06-20, 3, zhong_du, 7.54, 6.48, 3.18, 6.28, 6.31, 6.52, 6.25, 401989.94, 258490031, 1.57, 4.30, 3.69, 2645.51687
2016-06-21, 3, zhong_du, 7.52, 6.48, 0.00, 6.48, 6.48, 6.67, 6.41, 396760.14, 260662822, 1.55, 4.01, 3.65, 1280.15399
2016-06-22, 3, zhong_du, 7.51, 6.57, 1.39, 6.48, 6.42, 6.65, 6.42, 267315.48, 175580482, 1.04, 3.55, 2.46, 1250.73385
2016-06-23, 4, gao_du, 7.51, 6.48, -1.37, 6.57, 6.57, 6.59, 6.41, 192452.18, 124758005, 0.75, 2.74, 1.77, 1279.99687
2016-06-24, 3, zhong_du, 7.50, 6.35, -2.01, 6.48, 6.47, 6.57, 6.28, 250168.94, 159845562, 0.98, 4.48, 2.30, 985.12411
2016-06-27, 3, zhong_du, 7.49, 6.46, 1.73, 6.35, 6.30, 6.48, 6.28, 201853.78, 129340527, 0.79, 3.15, 1.86, 805.56011
2016-06-28, 3, zhong_du, 7.48, 6.47, 0.15, 6.46, 6.41, 6.49, 6.37, 150605.3, 96855926, 0.59, 1.86, 1.38, 875.422
2016-06-30, 3, zhong_du, 7.47, 6.44, -0.77, 6.49, 6.49, 6.53, 6.44, 104272.7, 67492557, 0.41, 1.39, 0.96, 861.41896
2016-07-01, 4, gao_du, 7.47, 6.40, -0.62, 6.44, 6.45, 6.48, 6.39, 115495.01, 74152035, 0.45, 1.40, 1.06, 503.39293
2016-07-04, 4, gao_du, 7.45, 6.60, 3.13, 6.40, 6.40, 6.61, 6.37, 292745.16, 191197888, 1.14, 3.75, 2.69, 2756.95205
2016-07-05, 4, gao_du, 7.45, 6.60, 0.00, 6.60, 6.60, 6.63, 6.55, 197732.4, 130183693, 0.77, 1.21, 1.82, 2587.98313
2016-07-06, 5, qiang_lie, 7.44, 6.70, 1.52, 6.60, 6.58, 6.75, 6.54, 390607.18, 260048438, 1.53, 3.18, 3.59, 2731.02593
2016-07-07, 5, qiang_lie, 7.43, 6.67, -0.45, 6.70, 6.70, 6.74, 6.60, 195046.97, 130004297, 0.76, 2.09, 1.79, 758.81791
2016-07-08, 5, qiang_lie, 7.43, 6.62, -0.75, 6.67, 6.66, 6.68, 6.58, 129436.37, 85599909, 0.51, 1.50, 1.19, 785.67815
2016-07-11, 5, qiang_lie, 7.42, 6.63, 0.15, 6.62, 6.64, 6.74, 6.61, 174444.89, 116366016, 0.68, 1.96, 1.60, 16318.02797
2016-07-12, 5, qiang_lie, 7.42, 6.72, 1.36, 6.63, 6.63, 6.74, 6.58, 188335.37, 125756512, 0.74, 2.41, 1.73, 14594.73801
2016-07-13, 5, qiang_lie, 7.41, 6.73, 0.15, 6.72, 6.74, 6.79, 6.65, 216498.24, 145749924, 0.85, 2.08, 1.99, 31863.16299
2016-07-14, 5, qiang_lie, 7.40, 6.85, 1.78, 6.73, 6.73, 6.91, 6.67, 264108.91, 179403538, 1.03, 3.57, 2.43, 945.35208
2016-07-15, 5, qiang_lie, 7.40, 6.80, -0.73, 6.85, 6.85, 6.86, 6.70, 176957.3, 119949358, 0.69, 2.34, 1.63, 605.35598
2016-07-18, 5, qiang_lie, 7.39, 6.74, -0.88, 6.80, 6.79, 6.80, 6.71, 176750.91, 119316435, 0.69, 1.32, 1.66, 668.53118
2016-07-19, 5, qiang_lie, 7.39, 6.76, 0.30, 6.74, 6.72, 6.78, 6.69, 151366.76, 101770913, 0.59, 1.34, 1.39, 480.03006
2016-07-20, 5, qiang_lie, 7.39, 6.67, -1.33, 6.76, 6.76, 6.78, 6.66, 184229.86, 123533091, 0.72, 1.78, 1.70, 16044.9481
2016-07-21, 5, qiang_lie, 7.38, 6.69, 0.45, 6.66, 6.67, 6.74, 6.66, 111256.56, 74597396, 0.43, 1.20, 1.02, 2719.32292
2016-07-22, 5, qiang_lie, 7.38, 6.69, 0.00, 6.69, 6.69, 6.72, 6.65, 117097.84, 78174588, 0.46, 1.05, 1.08, 2721.95601
2016-07-25, 5, qiang_lie, 7.37, 6.83, 2.09, 6.69, 6.70, 6.84, 6.65, 202482.56, 137272831, 0.79, 2.84, 1.86, 17997.3681
2016-07-26, 5, qiang_lie, 7.37, 6.99, 2.34, 6.83, 6.83, 7.04, 6.80, 288503.67, 200865847, 1.13, 3.51, 2.65, 3390.14792
2016-07-27, 5, qiang_lie, 7.36, 6.73, -3.72, 6.99, 6.98, 6.99, 6.57, 317988.37, 216922010, 1.24, 6.01, 2.92, 19935.89306
2016-07-28, 5, qiang_lie, 7.36, 6.84, 1.63, 6.73, 6.71, 6.84, 6.65, 174475.03, 117573301, 0.68, 2.82, 1.60, 2714.64515
2016-07-29, 5, qiang_lie, 7.36, 6.78, -0.88, 6.84, 6.80, 6.86, 6.76, 123038.96, 83707585, 0.48, 1.46, 1.13, 14477.96011
2016-08-01, 5, qiang_lie, 7.35, 6.57, -3.10, 6.78, 6.76, 6.78, 6.51, 229253.56, 151168790, 0.90, 3.98, 2.11, 414.45708
2016-08-02, 5, qiang_lie, 7.35, 6.60, 0.46, 6.57, 6.58, 6.61, 6.50, 99224.95, 65084892, 0.39, 1.67, 0.91, 14230.43203
2016-08-03, 5, qiang_lie, 7.34, 6.61, 0.15, 6.60, 6.60, 6.63, 6.57, 65140.76, 43006197, 0.25, 0.91, 0.59, 2925.9851
2016-08-04, 4, gao_du, 7.34, 6.62, 0.15, 6.61, 6.61, 6.63, 6.55, 72493.51, 47805703, 0.28, 1.21, 0.71, 14398.49186
2016-08-05, 4, gao_du, 7.34, 6.66, 0.60, 6.62, 6.59, 6.72, 6.59, 132896.68, 88582794, 0.52, 1.96, 1.27, 389.55593
2016-08-08, 4, gao_du, 7.34, 6.71, 0.75, 6.66, 6.68, 6.72, 6.59, 104116.13, 69438086, 0.41, 1.95, 0.95, 741.65106
2016-08-09, 4, gao_du, 7.33, 6.77, 0.89, 6.71, 6.72, 6.82, 6.70, 141644.64, 95887121, 0.55, 1.79, 1.49, 18004.84896
2016-08-10, 4, gao_du, 7.33, 6.82, 0.74, 6.77, 6.77, 6.91, 6.75, 192096.41, 131363013, 0.75, 2.36, 1.86, 622.17999
2016-08-11, 4, gao_du, 7.33, 6.64, -2.50, 6.81, 6.78, 6.85, 6.63, 132991.33, 89470038, 0.52, 3.23, 1.03, 527.37308
2016-08-15, 4, gao_du, 7.32, 6.92, 2.22, 6.77, 6.80, 7.00, 6.76, 226883.54, 156332970, 0.89, 3.55, 1.58, 497.7138
2016-08-16, 5, qiang_lie, 7.32, 6.94, 0.29, 6.92, 6.90, 6.99, 6.87, 205619.74, 142477929, 0.80, 1.73, 1.22, 904.98304
2016-08-17, 5, qiang_lie, 7.31, 6.92, -0.29, 6.94, 6.96, 7.01, 6.87, 186142.88, 128967845, 0.73, 2.02, 1.03, 14184.60298
2016-08-18, 5, qiang_lie, 7.31, 6.91, -0.14, 6.92, 6.90, 6.95, 6.88, 117167.29, 80919602, 0.46, 1.01, 0.65, 14640.29598
2016-08-19, 5, qiang_lie, 7.31, 6.93, 0.29, 6.91, 6.91, 6.96, 6.87, 126692.3, 87645820, 0.49, 1.30, 0.72, 489.07518
2016-08-22, 5, qiang_lie, 7.31, 6.89, -0.58, 6.93, 6.94, 6.98, 6.87, 103629.66, 71794749, 0.40, 1.59, 0.60, 781.58402
2016-08-23, 5, qiang_lie, 7.31, 6.93, 0.58, 6.89, 6.87, 6.94, 6.84, 120160.08, 82871067, 0.47, 1.45, 0.81, 881.25491
2016-08-24, 5, qiang_lie, 7.30, 6.86, -1.01, 6.93, 6.95, 6.96, 6.82, 109327.47, 75131316, 0.43, 2.02, 0.84, 5055.64499
2016-08-25, 5, qiang_lie, 7.30, 6.87, 0.15, 6.86, 6.85, 6.91, 6.75, 142767.04, 97840712, 0.56, 2.33, 1.24, 16312.79612
2016-08-26, 5, qiang_lie, 7.30, 6.87, 0.00, 6.87, 6.86, 6.93, 6.81, 136652.75, 93886906, 0.53, 1.75, 1.13, 480.0961
2016-08-29, 5, qiang_lie, 7.30, 6.90, 0.44, 6.87, 6.88, 6.91, 6.82, 108487.81, 74637813, 0.42, 1.31, 0.89, 2633.76093
2016-08-30, 5, qiang_lie, 7.30, 6.85, -0.72, 6.90, 6.90, 6.92, 6.84, 85917.51, 59058804, 0.34, 1.16, 0.70, 485.21304
2016-08-31, 5, qiang_lie, 7.29, 6.85, 0.00, 6.85, 6.85, 6.89, 6.80, 87402.94, 59846530, 0.34, 1.31, 0.75, 2665.79819
2016-09-01, 4, gao_du, 7.29, 6.84, -0.15, 6.85, 6.85, 6.87, 6.83, 15375.01, 10537530, 0.06, 0.58, 0.75, 736.49192
2016-09-02, 4, gao_du, 7.29, 6.84, -0.15, 6.85, 6.85, 6.87, 6.83, 15375.01, 10537530, 0.06, 0.58, 0.75, 2941.48493
2016-09-05, 3, zhong_du, 7.29, 6.76, 0.30, 6.74, 6.76, 6.88, 6.73, 112434.75, 76555902, 0.44, 2.23, 1.00, 623.43407
2016-09-06, 3, zhong_du, 7.29, 6.84, -0.15, 6.85, 6.85, 6.87, 6.83, 15375.01, 10537530, 0.06, 0.58, 0.75, 1106.25696
2016-09-07, 3, zhong_du, 7.29, 6.84, 0.59, 6.80, 6.79, 6.92, 6.78, 171508.4, 117736058, 0.67, 2.06, 1.53, 519.76895
2016-09-08, 3, zhong_du, 7.29, 6.84, -0.15, 6.85, 6.85, 6.87, 6.83, 15375.01, 10537530, 0.06, 0.58, 0.75, 637.12096
2016-09-09, 3, zhong_du, 7.29, 6.84, -0.15, 6.85, 6.85, 6.87, 6.83, 15375.01, 10537530, 0.06, 0.58, 0.75, 18203.56512
2016-09-12, 3, zhong_du, 7.29, 6.84, -0.15, 6.85, 6.85, 6.87, 6.83, 15375.01, 10537530, 0.06, 0.58, 0.75, 2578.01008
2016-09-13, 3, zhong_du, 7.29, 6.77, 1.50, 6.67, 6.68, 6.77, 6.67, 150414.16, 101024825, 0.59, 1.50, 1.34, 751.36089
2016-09-14, 3, zhong_du, 7.29, 6.69, -1.18, 6.77, 6.70, 6.75, 6.69, 72987.46, 48965446, 0.29, 0.89, 0.65, 744.3819
2016-09-19, 3, zhong_du, 7.29, 6.71, 0.30, 6.69, 6.75, 6.75, 6.69, 74412.67, 49942596, 0.29, 0.90, 0.67, 687.30617
2016-09-20, 2, qing_du, 7.29, 6.72, -0.15, 6.73, 6.72, 6.73, 6.69, 75835.65, 50880307, 0.30, 0.59, 0.68, 2566.55693
2016-09-21, 2, qing_du, 7.29, 6.67, -0.74, 6.72, 6.71, 6.72, 6.65, 102726.52, 68629649, 0.40, 1.04, 0.92, 452.16298
2016-09-22, 2, qing_du, 7.29, 6.62, -0.75, 6.67, 6.70, 6.70, 6.60, 217781.66, 144650734, 0.85, 1.50, 1.94, 503.66807
2016-09-23, 2, qing_du, 7.29, 6.55, -1.06, 6.62, 6.62, 6.64, 6.53, 115790.34, 76111093, 0.45, 1.66, 1.03, 1158.79583
2016-09-26, 1, wei_ruo, 7.29, 6.45, -1.53, 6.55, 6.56, 6.59, 6.44, 105086.95, 68521095, 0.41, 2.29, 0.94, 2658.89907
2016-09-27, 1, wei_ruo, 7.29, 6.49, 0.62, 6.45, 6.44, 6.50, 6.42, 72792.1, 47040863, 0.28, 1.24, 0.65, 966.72988
2016-09-28, 1, wei_ruo, 7.29, 6.44, -0.77, 6.49, 6.53, 6.53, 6.42, 82790.95, 53523028, 0.32, 1.69, 0.74, 672.90807
2016-09-29, 1, wei_ruo, 7.29, 6.47, 0.47, 6.44, 6.45, 6.50, 6.44, 75361.74, 48816548, 0.29, 0.93, 0.67, 3997.62106
2016-09-30, 1, wei_ruo, 7.29, 6.54, 1.08, 6.47, 6.45, 6.59, 6.45, 83754.18, 54719256, 0.33, 2.16, 0.75, 699.07713
2016-10-10, 1, wei_ruo, 7.29, 6.69, 2.29, 6.54, 6.56, 6.73, 6.56, 225671.52, 150316896, 0.88, 2.60, 2.01, 568.27092
2016-10-11, 1, wei_ruo, 7.29, 6.76, 1.05, 6.69, 6.70, 6.78, 6.62, 171916.77, 115706085, 0.67, 2.39, 1.53, 16574.54205
2016-10-12, 2, qing_du, 7.29, 6.74, -0.30, 6.76, 6.73, 6.77, 6.71, 87992.46, 59283682, 0.34, 0.89, 0.78, 557.76596
2016-10-13, 2, qing_du, 7.29, 6.75, 0.15, 6.74, 6.78, 6.79, 6.73, 89571.4, 60459159, 0.35, 0.89, 0.80, 4441.05196
2016-10-14, 2, qing_du, 7.23, 6.78, 0.44, 6.75, 6.79, 6.79, 6.72, 88685.16, 59933326, 0.35, 1.04, 0.79, 3890.275
2016-10-17, 3, zhong_du, 7.23, 6.79, 0.15, 6.78, 6.80, 6.81, 6.74, 46779.4, 31683268, 0.18, 1.03, 0.83, 2277.53782
2016-10-18, 3, zhong_du, 7.22, 6.79, 0.15, 6.78, 6.80, 6.81, 6.74, 46779.4, 31683268, 0.18, 1.03, 0.83, 468.49418
2016-10-19, 3, zhong_du, 7.22, , , , , , , , , , , , 441.73813
2016-10-20, 3, zhong_du, 7.22, 6.79, -0.29, 6.81, 6.80, 6.82, 6.76, 75715.64, 51410873, 0.30, 0.88, 0.74, 18155.36118
2016-10-21, 3, zhong_du, 7.22, 6.76, -0.44, 6.79, 6.78, 6.82, 6.70, 93286.37, 63081182, 0.36, 1.77, 0.98, 10099.20001
2016-10-24, 3, zhong_du, 7.22, 6.84, 1.33, 6.75, 6.78, 6.88, 6.74, 137780.2, 94204003, 0.54, 2.07, 1.42, 674.04485
2016-10-25, 3, zhong_du, 7.22, 6.83, -0.15, 6.84, 6.84, 6.86, 6.82, 88219.49, 60350211, 0.34, 0.58, 0.90, 873.98791
2016-10-26, 3, zhong_du, 7.22, 6.82, -0.15, 6.83, 6.83, 6.87, 6.78, 108026.75, 73653174, 0.42, 1.32, 1.11, 564.58688
2016-10-27, 4, gao_du, 7.21, 6.84, 0.29, 6.82, 6.83, 6.85, 6.77, 75829.21, 51628158, 0.30, 1.17, 0.78, 649.45292
2016-10-28, 4, gao_du, 7.21, 6.76, -1.17, 6.84, 6.84, 6.85, 6.76, 65577.81, 44578823, 0.26, 1.32, 0.67, 598.315
2016-10-31, 4, gao_du, 7.21, 6.80, 0.59, 6.76, 6.75, 6.81, 6.71, 106735.66, 72400199, 0.42, 1.48, 1.09, 590.51991
2016-11-01, 3, zhong_du, 7.21, 6.81, 0.15, 6.80, 6.81, 6.82, 6.77, 91448.7, 62164488, 0.36, 0.74, 0.94, 554.60286
2016-11-02, 3, zhong_du, 7.21, 6.80, -0.15, 6.81, 6.81, 6.82, 6.76, 73625.87, 50032577, 0.29, 0.88, 0.75, 474.79296
2016-11-03, 4, gao_du, 7.20, 6.90, 1.62, 6.79, 6.78, 7.02, 6.76, 346501.68, 239983935, 1.35, 3.83, 3.55, 857.88393
2016-11-04, 4, gao_du, 7.20, 6.87, -0.43, 6.90, 6.91, 6.95, 6.85, 169387.89, 116771368, 0.66, 1.45, 1.73, 466.82882
2016-11-07, 4, gao_du, 7.20, 7.01, 2.04, 6.87, 6.84, 7.02, 6.83, 236268.48, 163701461, 0.92, 2.77, 2.42, 620.46385
2016-11-08, 4, gao_du, 7.20, 7.34, 4.71, 7.01, 7.01, 7.36, 6.95, 758572.29, 541662867, 2.96, 5.85, 7.77, 366.19496
2016-11-09, 5, qiang_lie, 7.20, 7.39, 0.68, 7.34, 7.26, 7.45, 7.20, 565756.46, 415410833, 2.21, 3.41, 5.79, 532.10902
2016-11-10, 5, qiang_lie, 7.21, 7.35, -0.54, 7.39, 7.37, 7.55, 7.35, 296383.93, 219874802, 1.16, 2.71, 3.05, 2355.08394
2016-11-11, 5, qiang_lie, 7.21, 7.37, 0.27, 7.35, 7.36, 7.47, 7.31, 238767.73, 175954179, 0.93, 2.18, 2.44, 793.60485
2016-11-14, 5, qiang_lie, 7.21, 7.30, -0.95, 7.37, 7.31, 7.36, 7.25, 210264.5, 153658703, 0.82, 1.49, 2.15, 476.85194
2016-11-15, 5, qiang_lie, 7.21, 7.33, 0.41, 7.30, 7.30, 7.44, 7.30, 224810.88, 165358588, 0.88, 1.92, 2.31, 574.92399
2016-11-16, 5, qiang_lie, 7.21, 7.31, 0.14, 7.30, 7.30, 7.44, 7.30, 131893.89, 97351965, 0.52, 1.92, 2.70, 694.08703
2016-11-17, 5, qiang_lie, 7.21, 7.30, -0.54, 7.34, 7.34, 7.36, 7.25, 101738.46, 74129703, 0.40, 1.50, 2.08, 684.62586
2016-11-18, 5, qiang_lie, 7.22, 7.30, -0.54, 7.34, 7.34, 7.36, 7.25, 101738.46, 74129703, 0.40, 1.50, 2.08, 601.56202
2016-11-21, 5, qiang_lie, 7.22, 7.48, -0.27, 7.50, 7.49, 7.54, 7.38, 172613.42, 128412132, 0.67, 2.13, 1.77, 354.06399
2016-11-22, 5, qiang_lie, 7.22, 7.55, 0.94, 7.48, 7.50, 7.73, 7.45, 449461.99, 341270122, 1.76, 3.74, 4.60, 2895.73216
2016-11-23, 5, qiang_lie, 7.23, 7.45, -1.32, 7.55, 7.51, 7.62, 7.42, 181895.18, 136375155, 0.71, 2.65, 1.86, 555.197
2016-11-24, 5, qiang_lie, 7.23, 7.50, 0.67, 7.45, 7.47, 7.53, 7.36, 177494.53, 131593369, 0.69, 2.28, 1.82, 547.98222
2016-11-25, 5, qiang_lie, 7.23, 7.43, -1.07, 7.51, 7.48, 7.50, 7.28, 136094.13, 100440992, 0.53, 2.93, 1.39, 591.95304
2016-11-28, 5, qiang_lie, 7.23, 7.37, -0.94, 7.44, 7.44, 7.48, 7.34, 165245.3, 122341931, 0.65, 1.88, 1.69, 496.98901
2016-11-29, 5, qiang_lie, 7.23, 7.39, 0.27, 7.37, 7.39, 7.47, 7.34, 163797.72, 121258239, 0.64, 1.76, 1.68, 400.98619
2016-11-30, 5, qiang_lie, 7.23, 7.41, 0.27, 7.39, 7.39, 7.44, 7.32, 155320.07, 114703378, 0.61, 1.62, 1.60, 485.38589
2016-12-01, 5, qiang_lie, 7.23, 7.58, 2.02, 7.43, 7.43, 7.61, 7.41, 206742.24, 156060027, 0.81, 2.69, 2.12, 369.59505
2016-12-05, 5, qiang_lie, 7.24, 7.68, 2.13, 7.52, 7.49, 7.98, 7.42, 433847.36, 336831135, 1.69, 7.45, 4.44, 2717.86714
2016-12-06, 5, qiang_lie, 7.26, 8.03, 4.56, 7.68, 7.69, 8.17, 7.69, 614832.5, 491450980, 2.40, 6.25, 6.30, 624.50099
2016-12-07, 5, qiang_lie, 7.27, 8.02, -0.12, 8.03, 8.05, 8.09, 7.89, 273618.26, 218329011, 1.07, 2.49, 2.81, 498.24405
2016-12-08, 5, qiang_lie, 7.28, 7.98, -0.50, 8.02, 8.03, 8.09, 7.86, 235393.5, 186779670, 0.92, 2.87, 2.41, 461.73882
2016-12-09, 5, qiang_lie, 7.28, 7.83, -1.88, 7.98, 7.98, 8.01, 7.70, 247459.58, 194986521, 0.97, 3.88, 2.53, 576.96104
2016-12-12, 5, qiang_lie, 7.28, 7.48, -4.47, 7.83, 7.80, 7.90, 7.41, 284072.66, 217026140, 1.11, 6.26, 2.91, 516.9251
2016-12-13, 5, qiang_lie, 7.29, 7.48, 0.00, 7.48, 7.42, 7.61, 7.36, 186356.26, 139366813, 0.73, 3.34, 1.91, 775.81787
2016-12-14, 4, gao_du, 7.29, 7.29, -2.54, 7.48, 7.45, 7.50, 7.23, 201265.08, 147862757, 0.79, 3.61, 2.06, 1022.70079
2017-05-12, 3, zhong_du, 7.33, 6.97, -9.95, 7.74, 6.97, 6.97, 6.97, 15496, 10800712, 0.06, 0.00, 0.16, 597.97096
2017-05-15, 2, qing_du, 7.32, 6.27, -10.04, 6.97, 6.27, 6.27, 6.27, 78861, 49445847, 0.29, 0.00, 0.81, 565.31
2017-05-17, 1, wei_ruo, 7.18, 5.77, -0.52, 5.80, 5.68, 5.84, 5.66, 686552.73, 396308014, 2.53, 3.10, 7.03, 554.92687
2017-05-18, 1, wei_ruo, 7.16, 5.80, 0.52, 5.77, 5.71, 5.83, 5.70, 343009.78, 198433617, 1.26, 2.25, 3.51, 658.90288
2017-05-19, 1, wei_ruo, 7.14, 5.61, -3.28, 5.80, 5.80, 5.82, 5.58, 476595.82, 270220004, 1.75, 4.14, 4.88, 603.81508
2017-05-22, 1, wei_ruo, 7.12, 5.57, -0.71, 5.61, 5.59, 5.61, 5.50, 313045.3, 173870266, 1.15, 1.96, 3.21, 600.32296
2017-05-23, 1, wei_ruo, 7.10, 5.42, -2.69, 5.57, 5.54, 5.60, 5.40, 300477.25, 165174013, 1.11, 3.59, 3.08, 858.72817
2017-05-24, 1, wei_ruo, 7.08, 5.44, 0.37, 5.42, 5.41, 5.45, 5.30, 226336.69, 121641232, 0.83, 2.77, 2.32, 619.08793
2017-05-25, 1, wei_ruo, 7.07, 5.52, 1.47, 5.44, 5.45, 5.52, 5.37, 199440.96, 108662146, 0.73, 2.76, 2.04, 612.12993
2017-05-26, 1, wei_ruo, 7.06, 5.57, 0.91, 5.52, 5.51, 5.57, 5.48, 161018.24, 88944126, 0.59, 1.63, 1.65, 1535.11786
2017-05-31, 1, wei_ruo, 7.05, 5.59, 0.36, 5.57, 5.62, 5.69, 5.57, 167681.72, 94098528, 0.62, 2.15, 1.72, 607.96309
2017-06-01, 1, wei_ruo, 7.04, 5.49, -1.79, 5.59, 5.59, 5.59, 5.40, 153323.56, 84550470, 0.56, 3.40, 1.57, 634.78184
2017-06-02, 1, wei_ruo, 6.91, 5.42, 0.56, 5.39, 5.37, 5.44, 5.30, 126368.33, 68062528, 0.47, 2.60, 1.29, 629.99797
2017-06-05, 1, wei_ruo, 6.90, 5.44, 0.37, 5.42, 5.43, 5.46, 5.38, 107930.3, 58618934, 0.40, 1.48, 1.11, 584.95212
2017-06-06, 1, wei_ruo, 6.89, 5.63, 3.49, 5.44, 5.42, 5.74, 5.40, 257850.45, 143770550, 0.95, 6.25, 2.64, 638.13901
2017-06-07, 1, wei_ruo, 6.88, 5.72, 1.60, 5.63, 5.59, 5.75, 5.57, 228399.5, 129985604, 0.84, 3.20, 2.34, 1107.63812
2017-06-08, 1, wei_ruo, 6.87, 5.69, -0.52, 5.72, 5.72, 5.75, 5.65, 129536.3, 73695862, 0.48, 1.75, 1.33, 628.63421
2017-06-09, 1, wei_ruo, 6.86, 5.69, 0.00, 5.69, 5.68, 5.71, 5.62, 106931.61, 60579975, 0.39, 1.58, 1.09, 797.28985
2017-06-12, 1, wei_ruo, 6.86, 5.60, -1.58, 5.69, 5.67, 5.67, 5.59, 94656.03, 53250593, 0.35, 1.41, 0.97, 567.71398
2017-06-13, 1, wei_ruo, 6.85, 5.67, 1.25, 5.60, 5.60, 5.68, 5.57, 110298.61, 62222004, 0.41, 1.96, 1.13, 661.03506
2017-06-14, 1, wei_ruo, 6.85, 5.67, 0.00, 5.67, 5.65, 5.71, 5.63, 102073.26, 57886646, 0.38, 1.41, 1.05, 578.73106
2017-06-15, 1, wei_ruo, 6.84, 5.74, 1.23, 5.67, 5.67, 5.78, 5.65, 157418.45, 90054016, 0.58, 2.29, 1.61, 639.82987
2017-06-16, 1, wei_ruo, 6.84, 5.69, -0.87, 5.74, 5.75, 5.77, 5.67, 113727.25, 64826460, 0.42, 1.74, 1.16, 2622.17593
2017-06-19, 1, wei_ruo, 6.83, 5.69, 0.00, 5.69, 5.66, 5.72, 5.64, 88634.01, 50341875, 0.33, 1.41, 0.91, 808.98404
2017-06-20, 1, wei_ruo, 6.83, 5.72, 0.53, 5.69, 5.69, 5.75, 5.63, 142480.4, 81365946, 0.52, 2.11, 1.46, 560.03499
2017-06-21, 1, wei_ruo, 6.82, 5.71, -0.17, 5.72, 5.71, 5.74, 5.67, 132600.28, 75601886, 0.49, 1.22, 1.36, 1401.54505
2017-06-22, 1, wei_ruo, 6.81, 5.68, -0.53, 5.71, 5.71, 5.76, 5.67, 191832.98, 109746545, 0.71, 1.58, 1.96, 678.339
2017-06-23, 1, wei_ruo, 6.81, 5.72, 0.70, 5.68, 5.66, 5.73, 5.63, 140118.86, 79538307, 0.52, 1.76, 1.43, 720.21508
2017-06-26, 1, wei_ruo, 6.80, 5.83, 1.92, 5.72, 5.71, 5.87, 5.70, 259845.96, 150531036, 0.96, 2.97, 2.66, 6704.27895
2017-06-27, 1, wei_ruo, 6.79, 5.88, 0.86, 5.83, 5.83, 5.89, 5.79, 153245.2, 89584988, 0.56, 1.72, 1.57, 683.676
2017-06-28, 1, wei_ruo, 6.78, 6.02, 2.38, 5.88, 5.87, 6.08, 5.81, 295979.8, 177201267, 1.09, 4.59, 3.03, 764.03809
2017-06-29, 1, wei_ruo, 6.78, 6.01, -0.17, 6.02, 6.04, 6.14, 5.98, 187117.1, 113211094, 0.69, 2.66, 1.92, 655.11608
2017-06-30, 1, wei_ruo, 6.77, 6.03, 0.33, 6.01, 5.99, 6.04, 5.96, 96545.19, 58003375, 0.36, 1.33, 0.99, 602.37312
2017-07-03, 1, wei_ruo, 6.77, 6.02, -0.17, 6.03, 6.02, 6.05, 5.94, 99514.48, 59666050, 0.37, 1.82, 1.02, 716.33887
2017-07-04, 1, wei_ruo, 6.77, 5.93, -1.50, 6.02, 6.02, 6.03, 5.89, 151153.83, 89840458, 0.56, 2.33, 1.55, 633.62789
2017-07-05, 1, wei_ruo, 6.76, 5.98, 0.84, 5.93, 5.92, 5.98, 5.91, 105661.44, 62892011, 0.39, 1.18, 1.08, 716.65287
2017-07-06, 2, qing_du, 6.76, 6.02, 0.67, 5.98, 6.00, 6.04, 5.98, 124603.82, 74898737, 0.46, 1.00, 1.28, 1666.57305
2017-07-07, 2, qing_du, 6.76, 5.98, -0.66, 6.02, 6.01, 6.01, 5.92, 105912.93, 63209085, 0.39, 1.50, 1.08, 2732.22804
2017-07-10, 3, zhong_du, 6.75, 5.94, -0.67, 5.98, 5.96, 5.97, 5.91, 113686.59, 67440179, 0.42, 1.00, 1.16, 645.56289
2017-07-11, 3, zhong_du, 6.75, 5.80, -2.36, 5.94, 5.94, 5.94, 5.78, 167766.93, 98147213, 0.62, 2.69, 1.72, 753.78609
2017-07-12, 3, zhong_du, 6.74, 5.78, -0.34, 5.80, 5.80, 5.83, 5.68, 125886.32, 72359634, 0.46, 2.59, 1.29, 2658.60701
2017-07-13, 2, qing_du, 6.74, 5.82, 0.69, 5.78, 5.77, 5.87, 5.74, 130914.18, 75948367, 0.48, 2.25, 1.34, 796.88811
2017-07-14, 2, qing_du, --, 5.75, -1.20, 5.82, 5.82, 5.84, 5.69, 127791.7, 73628003, 0.47, 2.58, 1.31, 641.51192
2017-07-17, 2, qing_du, --, 5.54, -3.65, 5.75, 5.74, 5.76, 5.48, 228880.56, 128165281, 0.84, 4.87, 2.34, 2733.67214
2017-07-18, 1, wei_ruo, 6.72, 5.59, 0.90, 5.54, 5.51, 5.60, 5.51, 98566, 54796398, 0.36, 1.62, 1.01, 631.14882
2017-07-19, 1, wei_ruo, --, 5.65, 1.07, 5.59, 5.56, 5.66, 5.51, 109402.01, 61150090, 0.40, 2.68, 1.12, 587.93211
2017-07-20, 1, wei_ruo, --, 5.70, 0.88, 5.65, 5.65, 5.72, 5.63, 109087.16, 62063978, 0.40, 1.59, 1.12, 489.65001
2017-07-21, 1, wei_ruo, --, 5.67, -0.53, 5.70, 5.68, 5.71, 5.63, 146348.97, 82960998, 0.54, 1.40, 1.50, 447.402
2017-07-24, 1, wei_ruo, 6.70, 5.70, 0.53, 5.67, 5.67, 5.71, 5.61, 145586.83, 82460410, 0.54, 1.76, 1.49, 707.69811
2017-07-25, 1, wei_ruo, --, 5.67, -0.53, 5.70, 5.71, 5.75, 5.64, 105778.86, 60113029, 0.39, 1.93, 1.08, 823.89593
2017-07-26, 1, wei_ruo, --, 5.62, -0.88, 5.67, 5.65, 5.67, 5.60, 102808.26, 57816997, 0.38, 1.23, 1.05, 786.94487
2017-07-27, 1, wei_ruo, 6.68, 5.82, 3.56, 5.62, 5.60, 5.85, 5.58, 274195.61, 158182059, 1.01, 4.80, 2.81, 844.84696
2017-07-28, 1, wei_ruo, 6.67, 5.87, 0.86, 5.82, 5.80, 5.97, 5.77, 206504.33, 121629398, 0.76, 3.44, 2.11, 726.372
2017-07-31, 2, qing_du, 6.66, 5.99, 2.04, 5.87, 5.86, 6.05, 5.80, 232413.38, 137984071, 0.86, 4.26, 2.38, 1177.19984
2017-08-01, 2, qing_du, 6.66, 5.95, -0.67, 5.99, 6.03, 6.03, 5.87, 161291.95, 95950122, 0.59, 2.67, 1.65, 1803.14398
2017-08-02, 3, zhong_du, 6.65, 5.92, -0.50, 5.95, 5.92, 6.03, 5.87, 184791.97, 109787268, 0.68, 2.69, 1.89, 60901.60513
2017-08-03, 3, zhong_du, 6.65, 5.89, -0.51, 5.92, 5.89, 5.95, 5.83, 162992.82, 95823034, 0.60, 2.03, 1.67, 744.1299
2017-08-04, 3, zhong_du, 6.65, 5.88, -0.17, 5.89, 5.90, 5.96, 5.87, 126405.43, 74652855, 0.47, 1.53, 1.29, 594.733
2017-08-07, 3, zhong_du, 6.64, 5.89, 0.17, 5.88, 5.88, 5.90, 5.80, 87902.51, 51483638, 0.32, 1.70, 0.90, 720.95013
2017-08-08, 3, zhong_du, 6.64, 5.86, -0.51, 5.89, 5.88, 5.91, 5.81, 124146.62, 72582478, 0.46, 1.70, 1.27, 570.91808
2017-08-09, 3, zhong_du, 6.64, 5.88, 0.34, 5.86, 5.84, 5.88, 5.82, 76073.5, 44517986, 0.28, 1.02, 0.78, 667.37103
2017-08-10, 3, zhong_du, 6.63, 5.77, -1.87, 5.88, 5.87, 5.88, 5.73, 155025.72, 89765410, 0.57, 2.55, 1.59, 2936.23805
2017-08-11, 3, zhong_du, 6.63, 5.65, -2.08, 5.77, 5.75, 5.77, 5.60, 161271.46, 91703689, 0.59, 2.95, 1.65, 659.96099
2017-08-14, 2, qing_du, 6.62, 5.67, 0.35, 5.65, 5.65, 5.70, 5.62, 127146.45, 72062038, 0.47, 1.42, 1.30, 1099.17879
2017-08-15, 2, qing_du, 6.62, 5.75, 1.41, 5.67, 5.67, 5.76, 5.65, 166594.99, 95236158, 0.61, 1.94, 1.71, 838.93704
2017-08-16, 2, qing_du, 6.61, 5.74, -0.17, 5.75, 5.73, 5.76, 5.71, 97679.75, 56015985, 0.36, 0.87, 1.00, 759.19795
2017-08-17, 2, qing_du, 6.61, 5.74, 0.00, 5.74, 5.74, 5.76, 5.69, 114290.19, 65312622, 0.42, 1.22, 1.17, 12462.33201
2017-08-18, 2, qing_du, 6.61, 5.70, -0.70, 5.74, 5.70, 5.73, 5.69, 84074.61, 47955470, 0.31, 0.70, 0.86, 648.33498
2017-08-21, 2, qing_du, 6.60, 5.74, 0.70, 5.70, 5.70, 5.74, 5.67, 81226.89, 46451794, 0.30, 1.23, 0.83, 951.67804
2017-08-22, 2, qing_du, 6.60, 5.68, -1.05, 5.74, 5.73, 5.74, 5.67, 108129.6, 61616020, 0.40, 1.22, 1.11, 695.15705
2017-08-23, 2, qing_du, 6.59, 5.62, -1.06, 5.68, 5.70, 5.70, 5.55, 138299.01, 77698719, 0.51, 2.64, 1.42, 797.5781
2017-08-24, 1, wei_ruo, 6.59, 5.59, -0.53, 5.62, 5.61, 5.64, 5.57, 76180.95, 42630132, 0.28, 1.25, 0.78, 551.01204
2017-08-25, 1, wei_ruo, 6.59, 5.65, 1.07, 5.59, 5.59, 5.66, 5.58, 78681.76, 44301418, 0.29, 1.43, 0.81, 746.50383
2017-08-28, 1, wei_ruo, 6.58, 5.70, 0.88, 5.65, 5.65, 5.72, 5.64, 167679.34, 95435623, 0.62, 1.42, 1.72, 841.61496
2017-08-29, 1, wei_ruo, 6.58, 5.67, -0.53, 5.70, 5.69, 5.69, 5.65, 134219.09, 76003979, 0.49, 0.70, 1.37, 667.29999
2017-08-30, 1, wei_ruo, 6.57, 5.68, 0.18, 5.67, 5.64, 5.70, 5.60, 130895.73, 73974218, 0.51, 1.76, 1.34, 900.30885
2017-08-31, 1, wei_ruo, 6.57, 5.65, -0.53, 5.68, 5.67, 5.68, 5.63, 85785.01, 48456048, 0.34, 0.88, 0.88, 764.89496
2017-09-01, 1, wei_ruo, 6.56, 5.63, -0.88, 5.68, 5.67, 5.68, 5.63, 43875, 24791258, 0.17, 0.88, 0.90, 677.82712
2017-09-04, 1, wei_ruo, 6.56, 5.63, -0.88, 5.68, 5.67, 5.68, 5.63, 43875, 24791258, 0.17, 0.88, 0.90, 683.99692
2017-09-05, 1, wei_ruo, 6.55, 5.63, -0.88, 5.68, 5.67, 5.68, 5.63, 43875, 24791258, 0.17, 0.88, 0.90, 672.67895
2017-09-06, 1, wei_ruo, 6.55, 5.65, -0.35, 5.67, 5.63, 5.67, 5.59, 196787.37, 110658022, 0.77, 1.41, 2.01, 682.50799
2017-09-07, 1, wei_ruo, 6.54, 5.63, -0.35, 5.65, 5.65, 5.65, 5.61, 148110.18, 83407485, 0.58, 0.71, 1.52, 796.36979
2017-09-08, 1, wei_ruo, 6.54, 5.63, -0.88, 5.68, 5.67, 5.68, 5.63, 43875, 24791258, 0.17, 0.88, 0.90, 2600.12984
2017-09-11, 1, wei_ruo, 6.52, 5.63, -0.88, 5.68, 5.67, 5.68, 5.63, 43875, 24791258, 0.17, 0.88, 0.90, 737.09893
2017-09-12, 1, wei_ruo, 6.51, 6.08, 4.11, 5.84, 5.82, 6.23, 5.82, 850821.02, 516271803, 3.32, 7.02, 8.71, 745.64409
2017-09-13, 2, qing_du, 6.50, 6.06, -0.33, 6.08, 6.03, 6.12, 5.99, 345691.78, 208550291, 1.35, 2.14, 3.54, 643.09216
2017-09-14, 3, zhong_du, 6.50, 6.01, -0.83, 6.06, 6.06, 6.11, 5.97, 184182.52, 110932854, 0.72, 2.31, 1.89, 630.38778
2017-09-15, 3, zhong_du, 6.49, 5.97, -0.67, 6.01, 6.01, 6.02, 5.90, 161599.21, 96067402, 0.63, 2.00, 1.65, 848.33694
2017-09-18, 3, zhong_du, 6.49, 6.07, 1.68, 5.97, 5.97, 6.07, 5.94, 174206.17, 105215591, 0.68, 2.18, 1.78, 582.5088
2017-09-19, 3, zhong_du, 6.49, 6.01, -0.99, 6.07, 6.07, 6.09, 5.96, 139584.17, 83996827, 0.55, 2.14, 1.43, 811.0981
2017-09-20, 3, zhong_du, 6.49, 6.01, 0.00, 6.01, 5.99, 6.06, 5.96, 174896.02, 105189293, 0.68, 1.66, 1.79, 752.50816
2017-09-21, 3, zhong_du, 6.48, 6.08, 1.16, 6.01, 6.04, 6.21, 6.00, 311388.07, 191115528, 1.22, 3.49, 3.19, 617.89608
2017-09-22, 3, zhong_du, 6.48, 6.14, 0.99, 6.08, 6.06, 6.15, 5.98, 255470.14, 155848605, 1.00, 2.80, 2.62, 603.47104
2017-09-25, 3, zhong_du, 6.47, 6.05, -1.47, 6.14, 6.10, 6.25, 6.00, 227317.91, 139334463, 0.89, 4.07, 2.33, 890.70106
2017-09-26, 3, zhong_du, 6.47, 6.11, 0.99, 6.05, 6.05, 6.13, 5.98, 183382.93, 111353562, 0.72, 2.48, 1.88, 675.05002
2017-09-27, 4, gao_du, 6.47, 6.17, 0.98, 6.11, 6.06, 6.20, 6.06, 147705.09, 90686522, 0.58, 2.29, 1.51, 711.00712
2017-09-28, 4, gao_du, 6.47, 6.17, 0.00, 6.17, 6.17, 6.19, 6.07, 176694.78, 108591084, 0.69, 1.94, 1.81, 2556.31518
2017-09-29, 4, gao_du, 6.46, 6.15, -0.32, 6.17, 6.17, 6.21, 6.12, 155886.29, 96077911, 0.61, 1.46, 1.60, 690.52505
2017-10-10, 5, qiang_lie, 6.46, 6.45, 3.53, 6.23, 6.22, 6.51, 6.20, 348309.79, 222220872, 1.36, 4.98, 3.57, 707.46422
2017-10-12, 5, qiang_lie, 6.46, 6.33, -1.56, 6.43, 6.40, 6.43, 6.28, 118914.17, 75469292, 0.46, 2.33, 1.22, 599.473
2017-10-13, 5, qiang_lie, 6.46, 6.50, 2.69, 6.33, 6.33, 6.53, 6.30, 165785.96, 106869442, 0.65, 3.63, 1.70, 622.98918
2017-10-16, 5, qiang_lie, 6.46, 6.41, -1.38, 6.50, 6.53, 6.55, 6.36, 133091.31, 85502361, 0.52, 2.92, 1.36, 736.93895
2017-10-17, 5, qiang_lie, 6.46, 6.38, -0.47, 6.41, 6.36, 6.45, 6.24, 133266.08, 84500025, 0.52, 3.28, 1.36, 441.94508
2017-10-18, 5, qiang_lie, 6.46, 6.23, -2.35, 6.38, 6.35, 6.39, 6.21, 118362.08, 74354553, 0.46, 2.82, 1.21, 2007.40886
2017-10-19, 5, qiang_lie, 6.46, 6.13, -1.61, 6.23, 6.23, 6.29, 6.09, 129874.31, 80279396, 0.51, 3.21, 1.33, 717.42201
2017-10-20, 4, gao_du, 6.46, 6.21, 1.31, 6.13, 6.17, 6.21, 6.07, 80836.5, 49740490, 0.32, 2.28, 0.83, 628.99804
2017-10-23, 4, gao_du, 6.46, 6.13, -1.29, 6.21, 6.22, 6.23, 6.10, 97453.72, 59792606, 0.38, 2.09, 1.00, 781.00204
2017-10-24, 3, zhong_du, 6.45, 6.08, -0.82, 6.13, 6.13, 6.16, 6.05, 90898.01, 55361644, 0.36, 1.79, 0.93, 744.92908
2017-10-25, 3, zhong_du, 6.45, 6.06, -0.33, 6.08, 6.09, 6.12, 6.03, 104098.6, 63099201, 0.41, 1.48, 1.07, 2708.96816
2017-10-26, 3, zhong_du, 6.45, 6.07, 0.17, 6.06, 6.06, 6.11, 6.02, 111616.27, 67657239, 0.44, 1.49, 1.14, 699.92208
2017-10-27, 3, zhong_du, 6.45, 5.96, -1.81, 6.07, 6.07, 6.08, 5.95, 140753.58, 84500483, 0.55, 2.14, 1.44, 683.09212
2017-10-30, 3, zhong_du, 6.45, 5.84, -2.01, 5.96, 5.96, 5.99, 5.82, 127628.32, 75020862, 0.50, 2.85, 1.31, 2706.34317
2017-10-31, 3, zhong_du, 6.44, 5.99, 2.57, 5.84, 5.86, 6.00, 5.86, 85922.7, 51008274, 0.34, 2.40, 0.88, 631.93917
2017-11-01, 3, zhong_du, 6.44, 6.10, 1.84, 5.99, 6.02, 6.12, 5.97, 142647.69, 86630414, 0.56, 2.50, 1.46, 659.20401
2017-11-02, 3, zhong_du, 6.44, 5.96, -2.30, 6.10, 6.09, 6.09, 5.96, 102540, 61615963, 0.40, 2.13, 1.05, 677.33598
2017-11-03, 3, zhong_du, 6.44, 6.04, 1.34, 5.96, 6.14, 6.22, 5.96, 232208.49, 141523829, 0.91, 4.36, 2.38, 745.20516
2017-11-08, 2, qing_du, 6.43, 5.98, -0.99, 6.04, 6.03, 6.05, 5.97, 77070.52, 46309136, 0.30, 1.32, 1.58, 702.24094
2017-11-10, 1, wei_ruo, 6.42, 5.77, -3.03, 5.95, 5.87, 5.87, 5.72, 272606.72, 157996485, 1.06, 2.52, 2.02, 1389.06097
2017-11-13, 1, wei_ruo, 6.42, 5.84, 1.21, 5.77, 5.77, 5.86, 5.66, 175885.42, 101287164, 0.69, 3.47, 1.23, 574.56994
2017-11-14, 1, wei_ruo, 6.41, 5.77, -1.20, 5.84, 5.80, 5.82, 5.71, 114354.05, 65948333, 0.45, 1.88, 0.73, 1264.81295
2017-11-15, 1, wei_ruo, 6.41, 5.70, -1.21, 5.77, 5.78, 5.79, 5.70, 75294.99, 43116044, 0.29, 1.56, 0.50, 767.33518
2017-11-16, 1, wei_ruo, 6.41, 5.69, -0.18, 5.70, 5.73, 5.77, 5.64, 112577.99, 64390967, 0.44, 2.28, 0.77, 678.51806
2017-11-17, 1, wei_ruo, 6.41, 5.56, -2.28, 5.69, 5.68, 5.70, 5.53, 131583.4, 73736741, 0.51, 2.99, 0.88, 598.48309
2017-11-20, 1, wei_ruo, 6.40, 5.57, 0.18, 5.56, 5.54, 5.60, 5.51, 88785.16, 49225808, 0.35, 1.62, 0.73, 770.11395
2017-11-21, 1, wei_ruo, 6.40, 5.61, 0.72, 5.57, 5.58, 5.66, 5.55, 153960.85, 86532009, 0.60, 1.97, 1.47, 610.64291
2017-11-22, 1, wei_ruo, 6.39, 5.62, 0.18, 5.61, 5.62, 5.71, 5.58, 87058.93, 49133709, 0.34, 2.32, 0.77, 775.94209
2017-11-23, 1, wei_ruo, 6.39, 5.57, -0.89, 5.62, 5.63, 5.69, 5.53, 80422.51, 45252207, 0.31, 2.85, 0.70, 2606.09198
2017-11-24, 1, wei_ruo, 6.39, 5.62, 0.90, 5.57, 5.57, 5.62, 5.52, 49221.7, 27477221, 0.19, 1.80, 0.45, 610.54897
2017-11-27, 1, wei_ruo, 6.39, 5.64, 0.36, 5.62, 5.57, 5.75, 5.57, 103608.69, 58708033, 0.40, 3.20, 1.13, 2685.40907
2017-11-28, 1, wei_ruo, 6.39, 5.70, 1.06, 5.64, 5.66, 5.74, 5.65, 54241.6, 30862459, 0.21, 1.60, 0.57, 122897.52603
2017-11-29, 1, wei_ruo, 6.38, 5.71, 0.18, 5.70, 5.68, 5.73, 5.65, 70416.37, 40110336, 0.28, 1.40, 0.94, 680.99618
2017-11-30, 1, wei_ruo, 6.38, 5.93, 3.85, 5.71, 5.70, 5.94, 5.70, 263915.45, 154984653, 1.03, 4.20, 3.69, 1032.51314
2017-12-01, 1, wei_ruo, 6.38, 5.88, -0.84, 5.93, 5.93, 5.96, 5.83, 100314.37, 59006494, 0.39, 2.19, 0.93, 644.48309
2017-12-04, 1, wei_ruo, 6.38, 5.89, 0.17, 5.88, 5.90, 5.96, 5.82, 76797.14, 45417889, 0.30, 2.38, 0.65, 793.62082
2017-12-05, 1, wei_ruo, 6.37, 5.98, 1.53, 5.89, 5.89, 6.15, 5.86, 245065.76, 147776825, 0.96, 4.92, 2.17, 748.71206
2017-12-06, 1, wei_ruo, 6.37, 6.12, 2.34, 5.98, 5.99, 6.13, 5.85, 216204.29, 131073620, 0.84, 4.68, 1.43, 585.10995
2017-12-07, 1, wei_ruo, 6.37, 6.01, -1.80, 6.12, 6.13, 6.13, 5.98, 120253.76, 72403406, 0.47, 2.45, 0.67, 2938.73
2017-12-08, 2, qing_du, 6.37, 5.98, -0.50, 6.01, 5.97, 6.07, 5.95, 100990.99, 60617353, 0.39, 2.00, 0.67, 676.126
2017-12-11, 2, qing_du, 6.36, 6.26, 4.68, 5.98, 5.95, 6.33, 5.93, 269959.38, 167260635, 1.05, 6.69, 1.78, 788.44595
2017-12-12, 3, zhong_du, 6.36, 6.20, -0.96, 6.26, 6.22, 6.30, 6.17, 106606.45, 66318259, 0.42, 2.08, 0.56, 663.99693
2017-12-13, 3, zhong_du, 6.36, 6.21, 0.16, 6.20, 6.18, 6.26, 6.15, 68507.63, 42485818, 0.27, 1.77, 0.42, 616.69898
2017-12-14, 3, zhong_du, 6.36, 6.24, 0.48, 6.21, 6.20, 6.29, 6.18, 62401.87, 38894531, 0.24, 1.77, 0.47, 1137.10785
2017-12-15, 3, zhong_du, 6.36, 6.11, -2.08, 6.24, 6.22, 6.23, 6.09, 108020.04, 66317072, 0.42, 2.24, 0.89, 600.29411
2017-12-18, 3, zhong_du, 6.36, 6.17, 0.98, 6.11, 6.07, 6.21, 6.06, 107250.6, 65943661, 0.42, 2.45, 0.87, 764.87517
2017-12-19, 3, zhong_du, 6.36, 6.32, 2.43, 6.17, 6.19, 6.37, 6.19, 150314.62, 94932695, 0.59, 2.92, 1.66, 1218.5998
2017-12-20, 3, zhong_du, 6.36, 6.30, -0.32, 6.32, 6.30, 6.31, 6.21, 83000.67, 51951261, 0.32, 1.58, 0.84, 608.37197
2017-12-21, 4, gao_du, 6.36, 6.36, 0.95, 6.30, 6.24, 6.41, 6.13, 160211.38, 101050310, 0.63, 4.44, 1.57, 1565.0239
2017-12-22, 4, gao_du, 6.36, 6.42, 0.94, 6.36, 6.31, 6.55, 6.27, 170229.26, 109543556, 0.66, 4.40, 1.40, 2605.61514
2017-12-25, 4, gao_du, 6.36, 6.36, -0.93, 6.42, 6.41, 6.55, 6.35, 156463.66, 100670316, 0.61, 3.12, 1.17, 1002.07686
2017-12-26, 4, gao_du, 6.36, 6.54, 2.83, 6.36, 6.36, 6.56, 6.36, 203589.52, 131760007, 0.80, 3.14, 1.41, 473.12593
2017-12-27, 4, gao_du, 6.36, 6.47, -1.07, 6.54, 6.52, 6.61, 6.45, 114917.36, 74723025, 0.45, 2.45, 0.74, 609.0529
2017-12-29, 5, qiang_lie, 6.36, 6.65, 1.22, 6.57, 6.61, 6.80, 6.58, 203082.51, 135893434, 0.79, 3.35, 1.40, 746.74797
2018-01-03, 5, qiang_lie, 6.37, 6.71, 0.90, 6.65, 6.62, 6.74, 6.60, 176565.14, 118046930, 0.69, 2.11, 1.14, 779.91199
2018-01-04, 5, qiang_lie, 6.37, 6.69, -0.30, 6.71, 6.66, 6.74, 6.62, 88438.98, 59013913, 0.35, 1.79, 0.59, 602.42105
2018-01-05, 5, qiang_lie, 6.37, 6.59, -1.49, 6.69, 6.67, 6.69, 6.56, 111912.74, 73947192, 0.44, 1.94, 0.78, 705.616
2018-01-08, 5, qiang_lie, 6.37, 6.61, 0.30, 6.59, 6.58, 6.64, 6.47, 176673.84, 115603812, 0.69, 2.58, 1.25, 872.66397
2018-01-09, 5, qiang_lie, 6.37, 6.46, -2.27, 6.61, 6.60, 6.61, 6.43, 200373.08, 129873095, 0.78, 2.72, 1.32, 564.13698
2018-01-10, 5, qiang_lie, 6.37, 6.55, 1.39, 6.46, 6.50, 6.56, 6.45, 178427.27, 115872961, 0.70, 1.70, 1.18, 1078.87506
2018-01-11, 5, qiang_lie, 6.37, 6.36, -2.90, 6.55, 6.49, 6.50, 6.36, 167409.97, 107400158, 0.65, 2.14, 1.11, 624.97091
2018-01-12, 5, qiang_lie, 6.38, 6.63, 4.25, 6.36, 6.36, 6.64, 6.36, 262952.35, 171184075, 1.03, 4.40, 1.57, 680.0859
2018-01-15, 5, qiang_lie, 6.38, 6.40, -3.47, 6.63, 6.57, 6.70, 6.36, 268382.74, 175442181, 1.05, 5.13, 1.36, 530.79891
2018-01-16, 5, qiang_lie, 6.38, 6.43, 0.47, 6.40, 6.40, 6.46, 6.36, 84221.53, 53996055, 0.33, 1.56, 0.39, 638.36694
2018-01-17, 5, qiang_lie, 6.38, 6.47, 0.62, 6.43, 6.38, 6.50, 6.15, 213021.88, 134304324, 0.83, 5.44, 1.11, 1339.37287
2018-01-18, 5, qiang_lie, 6.38, 6.45, -0.31, 6.47, 6.40, 6.52, 6.38, 100601.86, 64904051, 0.39, 2.16, 0.51, 2561.79905
2018-01-19, 5, qiang_lie, 6.38, 6.54, 1.40, 6.45, 6.47, 6.62, 6.43, 129251.24, 84576397, 0.50, 2.95, 0.70, 1332.78704
2018-01-22, 5, qiang_lie, 6.38, 6.71, 2.60, 6.54, 6.52, 6.73, 6.51, 162807.07, 108422473, 0.64, 3.36, 1.02, 568.13693
2018-01-23, 5, qiang_lie, 6.38, 6.66, -0.75, 6.71, 6.70, 6.76, 6.62, 154906.95, 103602725, 0.61, 2.09, 1.12, 626.91903
2018-01-24, 5, qiang_lie, 6.38, 6.67, 0.15, 6.66, 6.67, 6.69, 6.59, 81474.75, 54166573, 0.32, 1.50, 0.54, 583.17804
2018-01-25, 5, qiang_lie, 6.38, 6.67, 0.00, 6.67, 6.66, 6.89, 6.65, 141826.08, 95682070, 0.55, 3.60, 1.13, 589.79511
2018-01-26, 5, qiang_lie, 6.39, 6.53, -2.10, 6.67, 6.64, 6.66, 6.49, 125499.4, 82334922, 0.49, 2.55, 0.94, 622.31994
2018-01-29, 5, qiang_lie, 6.39, 6.36, -2.60, 6.53, 6.53, 6.56, 6.31, 235203.02, 150645656, 0.92, 3.83, 1.76, 776.14903
2018-01-30, 5, qiang_lie, 6.39, 6.48, 1.89, 6.36, 6.40, 6.54, 6.31, 168796.61, 108301284, 0.66, 3.62, 1.14, 1024.65892
2018-01-31, 4, gao_du, 6.39, 6.52, 0.62, 6.48, 6.42, 6.54, 6.31, 165401.48, 106264233, 0.65, 3.55, 1.10, 1064.13507
2018-02-01, 4, gao_du, 6.39, 6.32, -3.07, 6.52, 6.49, 6.53, 6.19, 232206.87, 146634868, 0.91, 5.21, 1.39, 665.76791
2018-02-02, 3, zhong_du, 6.39, 6.29, -0.47, 6.32, 6.31, 6.31, 6.16, 115278.9, 71906756, 0.45, 2.37, 0.62, 863.38902
2018-02-05, 3, zhong_du, 6.39, 6.35, 0.95, 6.29, 6.20, 6.37, 6.15, 76011.33, 47793003, 0.30, 3.50, 0.41, 867.17105
2018-02-06, 3, zhong_du, 6.38, 6.01, -5.35, 6.35, 6.21, 6.34, 5.97, 125405.03, 76929093, 0.49, 5.83, 0.83, 1172.36209
2018-02-07, 2, qing_du, 6.38, 6.01, 0.00, 6.01, 6.11, 6.18, 5.94, 84486.2, 51035303, 0.33, 3.99, 0.59, 878.20506
2018-02-08, 1, wei_ruo, 6.38, 6.10, 1.50, 6.01, 6.02, 6.14, 6.01, 56872.45, 34699324, 0.22, 2.16, 0.63, 828.547
2018-02-09, 1, wei_ruo, 6.38, 5.99, -1.80, 6.10, 5.99, 6.04, 5.74, 135036.87, 79465703, 0.53, 4.92, 1.84, 647.06111
2018-02-12, 1, wei_ruo, 6.38, 5.98, -0.17, 5.99, 6.04, 6.04, 5.90, 65951.34, 39307729, 0.26, 2.34, 0.70, 692.66915
2018-02-13, 1, wei_ruo, 6.38, 6.01, 0.50, 5.98, 5.98, 6.12, 5.98, 48006.7, 29062269, 0.19, 2.34, 0.51, 648.7
2018-02-14, 1, wei_ruo, 6.38, 5.92, -1.50, 6.01, 6.03, 6.03, 5.91, 47161.19, 28011683, 0.18, 2.00, 0.80, 774.27292
