2015-08-20, 2, qing_du, 13.43, 11.98, -6.19, 12.77, 12.40, 12.68, 11.91, 105732.01, 130104652, 3.09, 6.03, 0.61, 746.50693
2015-08-21, 2, qing_du, 13.38, 11.04, -7.85, 11.98, 11.60, 11.97, 11.00, 82816.28, 95043879, 2.42, 8.10, 0.51, 1065.2051
2015-08-25, 1, wei_ruo, 13.19, 8.95, -9.96, 9.94, 8.99, 9.60, 8.95, 92746.27, 84466520, 2.71, 6.54, 0.81, 1199.06306
2015-08-26, 1, wei_ruo, 13.03, 8.48, -5.25, 8.95, 9.25, 9.47, 8.44, 127467, 114538492, 3.73, 11.51, 1.31, 1007.42412
2015-10-29, 5, qiang_lie, 12.84, 15.88, 0.32, 15.83, 15.97, 16.47, 15.50, 165845.2, 264706178, 4.85, 6.13, 0.63, 1978.06811
2015-10-30, 5, qiang_lie, 13.07, 16.34, 2.90, 15.88, 16.01, 16.84, 16.01, 215043.45, 352944529, 6.29, 5.23, 0.88, 920.20297
2015-11-02, 5, qiang_lie, 13.19, 15.47, -5.32, 16.34, 15.80, 16.36, 15.38, 157944.77, 251140481, 4.62, 6.00, 0.68, 1079.28014
2015-11-03, 5, qiang_lie, 13.28, 14.58, -5.75, 15.47, 15.40, 15.65, 14.08, 193143.37, 284618117, 5.65, 10.15, 0.93, 914.64019
2015-11-04, 4, gao_du, 13.41, 15.98, 9.60, 14.58, 14.50, 16.00, 14.50, 200379.63, 305215754, 5.86, 10.29, 1.07, 920.63904
2015-11-05, 5, qiang_lie, 13.68, 16.51, 3.32, 15.98, 15.97, 16.88, 15.75, 308961.39, 503311584, 9.03, 7.07, 1.66, 1224.6201
2015-11-06, 5, qiang_lie, 13.98, 16.70, 1.15, 16.51, 16.59, 17.20, 16.03, 344200.37, 573483466, 10.06, 7.09, 1.60, 1341.465
2015-11-09, 5, qiang_lie, 14.26, 16.21, -2.93, 16.70, 16.88, 17.00, 16.01, 400990.42, 658645121, 11.72, 5.93, 1.66, 1809.13401
2015-11-10, 5, qiang_lie, 14.37, 15.74, -2.90, 16.21, 16.19, 16.20, 15.38, 240771.28, 377047165, 7.04, 5.06, 0.83, 459.2309
2015-11-11, 5, qiang_lie, 14.37, 15.57, -1.08, 15.74, 15.75, 15.78, 15.28, 168436.65, 260092481, 4.92, 3.18, 0.56, 276.70598
2015-11-12, 5, qiang_lie, 14.49, 15.65, 0.51, 15.57, 15.56, 15.93, 15.44, 168887.12, 265051817, 4.94, 3.15, 0.58, 863.95693
2015-11-13, 5, qiang_lie, 14.51, 14.87, -4.98, 15.65, 15.55, 15.60, 14.80, 151615.12, 227480660, 4.43, 5.11, 0.57, 1172.79792
2015-11-16, 5, qiang_lie, 14.53, 15.19, 2.15, 14.87, 14.48, 15.20, 14.23, 115076.19, 169028993, 3.36, 6.52, 0.51, 2880.85413
2015-11-17, 5, qiang_lie, 14.54, 14.77, -2.76, 15.19, 15.30, 15.32, 14.71, 113747.27, 171423206, 3.33, 4.02, 0.67, 1064.35204
2015-11-18, 5, qiang_lie, 14.55, 14.66, -0.74, 14.77, 15.05, 15.15, 14.52, 92485.65, 137862795, 2.00, 4.27, 0.64, 1319.97299
2015-11-19, 5, qiang_lie, 14.55, 14.81, 1.02, 14.66, 14.65, 14.84, 14.40, 95475.61, 139204962, 2.07, 3.00, 0.74, 16551.89991
2015-11-20, 5, qiang_lie, 14.56, 14.94, 0.88, 14.81, 14.82, 15.04, 14.69, 126434.56, 188085487, 2.74, 2.36, 1.11, 32115.61203
2015-11-23, 5, qiang_lie, 14.55, 14.10, -5.62, 14.94, 14.78, 14.78, 14.03, 220322.04, 316056908, 4.77, 5.02, 2.03, 32160.01487
2015-11-24, 5, qiang_lie, 14.51, 13.89, -1.49, 14.10, 14.00, 14.50, 13.75, 328320.21, 456924172, 7.11, 5.32, 2.53, 1128.91102
2015-11-25, 4, gao_du, 14.48, 14.04, 1.08, 13.89, 13.94, 14.09, 13.70, 238623.47, 332360174, 5.17, 2.81, 1.38, 948.08793
2015-11-26, 4, gao_du, 14.47, 14.11, 0.50, 14.04, 14.09, 14.43, 14.00, 254598.98, 361616765, 5.51, 3.06, 1.26, 1732.32508
2015-11-27, 4, gao_du, 14.39, 12.70, -9.99, 14.11, 14.00, 14.08, 12.70, 279437.46, 370139273, 6.05, 9.78, 1.20, 889.2529
2015-11-30, 3, zhong_du, 14.29, 12.25, -3.54, 12.70, 12.74, 12.80, 11.50, 214568.8, 261585941, 4.64, 10.24, 0.81, 923.2831
2015-12-01, 3, zhong_du, 14.21, 12.39, 1.14, 12.25, 12.25, 12.64, 12.05, 184325.36, 228607224, 3.99, 4.82, 0.70, 1119.07005
2015-12-02, 2, qing_du, 14.14, 12.20, -1.53, 12.39, 12.48, 12.51, 11.60, 157643.94, 190147691, 3.41, 7.34, 0.67, 2104.05493
2015-12-03, 2, qing_du, 14.14, 12.68, 3.93, 12.20, 12.30, 12.69, 12.17, 142967.15, 177750241, 3.09, 4.26, 0.66, 3850.5671
2015-12-04, 2, qing_du, 14.05, 12.73, 0.39, 12.68, 12.61, 12.95, 12.50, 171781.06, 218786561, 3.72, 3.55, 0.88, 575.30808
2015-12-07, 2, qing_du, 14.01, 12.74, 0.08, 12.73, 12.76, 12.78, 12.55, 116160.27, 147153099, 2.51, 1.81, 0.67, 627.06399
2015-12-08, 2, qing_du, 13.95, 13.45, 5.57, 12.74, 12.80, 13.90, 12.22, 330446.36, 436856039, 7.15, 13.19, 2.14, 754.89092
2015-12-09, 2, qing_du, 13.92, 13.05, -2.97, 13.45, 13.31, 13.31, 12.89, 208997.04, 272932650, 4.52, 3.12, 1.14, 532.7878
2015-12-10, 2, qing_du, 13.88, 12.52, -4.06, 13.05, 13.03, 13.03, 12.43, 143022.55, 182164566, 3.10, 4.60, 0.74, 1094.89083
2015-12-11, 1, wei_ruo, 13.84, 12.24, -2.24, 12.52, 12.43, 12.51, 12.07, 92213.48, 112864405, 2.00, 3.51, 0.48, 4617.5921
2015-12-14, 1, wei_ruo, 13.82, 12.53, 2.37, 12.24, 12.06, 12.57, 11.95, 88152.49, 108810712, 1.91, 5.07, 0.49, 1129.44794
2015-12-15, 1, wei_ruo, 13.79, 12.98, 3.59, 12.53, 12.49, 13.03, 12.45, 139906.48, 179846335, 3.03, 4.63, 0.81, 1335.428
2015-12-16, 1, wei_ruo, 13.77, 13.63, 5.01, 12.98, 12.92, 13.66, 12.92, 224166.94, 298430083, 4.85, 5.70, 1.67, 2072.79587
2015-12-17, 1, wei_ruo, 13.78, 14.18, 4.04, 13.63, 13.78, 14.25, 13.62, 288923.25, 402051583, 6.25, 4.62, 2.10, 1975.25406
2015-12-18, 2, qing_du, 13.93, 15.27, 7.69, 14.18, 14.67, 15.50, 14.55, 513141.81, 771461823, 11.11, 6.70, 3.08, 842.75508
2015-12-21, 2, qing_du, 14.26, 16.01, 4.85, 15.27, 16.00, 16.78, 15.52, 703010.24, 1139021434, 15.22, 8.25, 2.80, 960.23583
2015-12-22, 3, zhong_du, 14.35, 15.70, -1.94, 16.01, 15.85, 16.01, 15.39, 280526.24, 439087974, 6.07, 3.87, 0.75, 267.42697
2015-12-23, 3, zhong_du, 14.41, 15.56, -0.89, 15.70, 15.53, 16.00, 15.41, 202797.84, 319257282, 4.39, 3.76, 0.50, 802.69313
2015-12-24, 3, zhong_du, 14.47, 15.90, 2.19, 15.56, 15.35, 16.01, 14.72, 243273.64, 374966056, 5.27, 8.29, 0.61, 2791.1129
2015-12-25, 3, zhong_du, 14.52, 15.73, -1.07, 15.90, 15.61, 16.22, 15.55, 171367.49, 272458566, 3.71, 4.21, 0.44, 737.02407
2015-12-28, 4, gao_du, 14.64, 16.25, 3.31, 15.73, 15.90, 16.66, 15.69, 339030.53, 551996090, 7.34, 6.17, 1.06, 2943.58993
2015-12-29, 4, gao_du, 14.71, 15.99, -1.60, 16.25, 16.10, 16.55, 15.76, 212289.93, 342022293, 4.60, 4.86, 0.86, 922.67704
2015-12-30, 4, gao_du, 14.76, 15.95, -0.25, 15.99, 15.98, 15.99, 15.40, 207780.99, 326890032, 4.50, 3.69, 0.84, 3141.44301
2015-12-31, 4, gao_du, 14.86, 16.29, 2.13, 15.95, 16.01, 17.00, 16.00, 300902.3, 497952320, 6.51, 6.27, 1.22, 961.21693
2016-01-04, 4, gao_du, 14.88, 14.66, -10.01, 16.29, 16.35, 16.35, 14.66, 220189.31, 335501975, 4.77, 10.37, 1.38, 1792.39106
2016-01-05, 3, zhong_du, 14.79, 13.27, -9.48, 14.66, 14.24, 15.25, 13.19, 438985.83, 607987892, 9.50, 14.05, 1.77, 2850.2121
2016-01-06, 3, zhong_du, 14.72, 14.60, 10.02, 13.27, 13.55, 14.60, 12.93, 412545.2, 569587080, 8.93, 12.58, 1.67, 961.28297
2016-01-07, 2, qing_du, 14.69, 13.79, -5.55, 14.60, 14.70, 15.39, 13.62, 326736.1, 483106073, 7.07, 12.12, 10.57, 779.5279
2016-01-08, 2, qing_du, 14.69, 14.53, 5.37, 13.79, 14.83, 15.06, 13.31, 513951.41, 742163329, 11.13, 12.69, 2.08, 1895.49112
2016-01-11, 2, qing_du, 14.61, 13.08, -9.98, 14.53, 13.48, 13.88, 13.08, 338115.11, 446747677, 7.32, 5.51, 1.37, 1370.30196
2016-01-12, 1, wei_ruo, 14.46, 11.77, -10.02, 13.08, 12.40, 12.88, 11.77, 283782.63, 341542369, 6.14, 8.49, 1.15, 962.17203
2016-01-13, 1, wei_ruo, 14.28, 10.63, -9.69, 11.77, 11.95, 11.98, 10.60, 243932.33, 276932546, 5.28, 11.72, 0.99, 3090.55614
2016-01-14, 1, wei_ruo, 14.11, 10.97, 3.20, 10.63, 10.04, 11.20, 9.76, 215932.66, 225632297, 4.67, 13.55, 0.87, 1702.69084
2016-01-15, 1, wei_ruo, 13.97, 10.11, -7.84, 10.97, 10.77, 11.17, 9.98, 181899.05, 192077605, 3.94, 10.85, 0.74, 1487.31184
2016-01-18, 1, wei_ruo, 13.83, 10.28, 1.68, 10.11, 9.79, 10.58, 9.71, 169802.62, 172970777, 3.68, 8.61, 0.69, 3834.70607
2016-01-19, 1, wei_ruo, 13.68, 10.98, 6.81, 10.28, 10.25, 11.10, 10.08, 213269.8, 228542418, 4.62, 9.92, 0.86, 2787.51111
2016-01-20, 1, wei_ruo, 13.54, 11.01, 0.27, 10.98, 10.90, 11.37, 10.68, 241038.19, 267445779, 5.22, 6.28, 0.97, 876.15299
2016-01-21, 1, wei_ruo, 13.43, 10.20, -7.36, 11.01, 10.71, 11.11, 10.10, 175991.33, 187756192, 3.81, 9.17, 0.71, 830.45197
2016-01-22, 1, wei_ruo, 13.29, 10.83, 6.18, 10.20, 10.40, 10.85, 9.95, 213389.89, 221582927, 4.62, 8.82, 0.86, 1856.67205
2016-01-26, 1, wei_ruo, 13.04, 10.72, -9.99, 11.91, 11.62, 11.85, 10.72, 310507.79, 348958267, 6.72, 9.49, 1.26, 1238.71613
2016-01-27, 1, wei_ruo, 12.89, 11.42, 6.53, 10.72, 11.20, 11.53, 10.30, 351503.93, 388843038, 7.61, 11.47, 1.42, 3409.38401
2016-01-28, 1, wei_ruo, 12.79, 10.64, -6.83, 11.42, 11.01, 11.29, 10.42, 211865.35, 231685703, 4.59, 7.62, 0.86, 8689.73422
2016-01-29, 1, wei_ruo, 12.72, 11.15, 4.79, 10.64, 10.50, 11.35, 10.48, 192504.11, 212280385, 4.17, 8.18, 0.78, 7742.27905
2016-02-01, 1, wei_ruo, 12.65, 11.09, -0.54, 11.15, 11.14, 11.44, 10.70, 182950.93, 203503431, 3.96, 6.64, 0.74, 849.58506
2016-02-02, 1, wei_ruo, 12.60, 11.40, 2.80, 11.09, 11.00, 11.50, 11.00, 186799.87, 211714490, 4.04, 4.51, 0.76, 1098.83904
2016-02-03, 1, wei_ruo, 12.54, 11.68, 2.46, 11.40, 11.19, 11.73, 10.91, 212933.6, 239642354, 4.61, 7.19, 0.86, 1472.59402
2016-02-04, 1, wei_ruo, 12.50, 11.86, 1.54, 11.68, 11.50, 12.03, 11.46, 264322.36, 310575233, 5.72, 4.88, 1.07, 5950.36697
2016-02-05, 1, wei_ruo, 12.47, 11.63, -1.94, 11.86, 11.80, 11.80, 11.48, 165555.79, 192497374, 3.58, 2.70, 0.67, 971.77601
2016-02-15, 1, wei_ruo, 12.44, 11.53, -0.86, 11.63, 11.20, 11.59, 11.05, 112029.23, 126761220, 2.43, 4.64, 0.45, 912.22596
2016-02-16, 1, wei_ruo, 12.42, 11.98, 3.90, 11.53, 11.62, 12.04, 11.56, 200632.74, 237750322, 4.34, 4.16, 0.81, 1036.40008
2016-02-17, 1, wei_ruo, 12.41, 12.16, 1.50, 11.98, 11.91, 12.60, 11.83, 259689.56, 316719638, 5.62, 6.43, 1.05, 1467.33904
2016-02-18, 1, wei_ruo, 12.39, 11.84, -2.63, 12.16, 12.13, 12.22, 11.82, 188196.6, 225689950, 4.07, 3.29, 0.76, 11195.30296
2016-02-19, 1, wei_ruo, 12.37, 11.74, -0.84, 11.84, 11.82, 11.93, 11.63, 104302.61, 122689507, 2.26, 2.53, 0.53, 194.26513
2016-02-22, 1, wei_ruo, 12.37, 12.07, 1.94, 11.84, 12.09, 12.16, 11.85, 179376.36, 215526711, 3.88, 2.62, 0.99, 4264.68587
2016-02-23, 1, wei_ruo, 12.50, 13.28, 10.02, 12.07, 12.20, 13.28, 12.11, 423635.21, 537272611, 9.17, 9.69, 2.18, 1714.73289
2016-02-24, 1, wei_ruo, 12.61, 13.10, -1.36, 13.28, 13.13, 14.17, 13.01, 532367.24, 723568709, 11.52, 8.73, 2.23, 1038.33294
2016-02-25, 1, wei_ruo, 12.58, 11.79, -10.00, 13.10, 12.95, 13.04, 11.79, 357425.67, 440821724, 7.74, 9.54, 1.22, 604.20394
2016-02-26, 1, wei_ruo, 12.54, 12.29, 4.24, 11.79, 11.81, 12.82, 11.10, 302385.89, 359460480, 6.55, 14.59, 0.92, 772.19105
2016-02-29, 1, wei_ruo, 12.50, 11.72, -4.64, 12.29, 11.95, 12.30, 11.15, 242538.29, 284474367, 5.25, 9.36, 0.68, 1578.56894
2016-03-01, 1, wei_ruo, 12.47, 11.86, 1.19, 11.72, 11.72, 12.19, 11.51, 176630.56, 209643629, 3.82, 5.80, 0.48, 6932.2741
2016-03-02, 1, wei_ruo, 12.47, 12.59, 6.16, 11.86, 12.25, 12.63, 12.00, 304197.02, 376677087, 6.58, 5.31, 0.94, 1225.76284
2016-03-03, 1, wei_ruo, 12.50, 12.71, 0.95, 12.59, 12.59, 13.40, 12.45, 345048.11, 443940666, 7.47, 7.55, 1.25, 4288.89894
2016-03-04, 1, wei_ruo, 12.49, 12.31, -3.15, 12.71, 12.46, 12.90, 11.88, 252640.62, 313508729, 5.47, 8.03, 0.92, 4727.98896
2016-03-07, 1, wei_ruo, 12.50, 12.74, 3.49, 12.31, 12.62, 12.78, 12.40, 214479.38, 270189964, 4.64, 3.09, 0.81, 2978.08099
2016-03-08, 2, qing_du, 12.50, 12.65, -0.71, 12.74, 12.60, 12.80, 11.91, 205809.85, 256085911, 4.46, 6.99, 0.80, 2657.31502
2016-03-10, 2, qing_du, 12.48, 11.87, -4.66, 12.45, 12.55, 12.65, 11.82, 210302.68, 256600497, 4.55, 6.67, 0.83, 1457.91602
2016-03-14, 1, wei_ruo, 12.42, 11.80, 2.16, 11.55, 11.40, 12.07, 11.38, 200661.35, 236354712, 4.34, 5.97, 0.96, 4082.91888
2016-03-15, 1, wei_ruo, 12.39, 11.47, -2.80, 11.80, 11.77, 11.85, 11.37, 133584.51, 154813028, 2.89, 4.07, 0.65, 956.49099
2016-03-16, 1, wei_ruo, 12.37, 11.29, -1.57, 11.47, 11.67, 11.69, 11.26, 110468.75, 126725862, 2.39, 3.75, 0.57, 1862.90002
2016-03-17, 1, wei_ruo, 12.34, 11.58, 2.57, 11.29, 11.39, 11.65, 11.28, 150945.02, 173563277, 3.27, 3.28, 0.92, 1023.772
2016-03-18, 1, wei_ruo, 12.33, 12.28, 6.04, 11.58, 11.80, 12.40, 11.62, 258395.82, 309300403, 5.59, 6.74, 1.70, 5395.58911
2016-03-21, 1, wei_ruo, 12.35, 12.76, 3.91, 12.28, 12.35, 12.87, 12.18, 361141.44, 450446007, 7.82, 5.62, 2.11, 18081.26593
2016-03-22, 2, qing_du, 12.36, 12.55, -1.65, 12.76, 12.51, 12.77, 12.42, 214977.96, 270657695, 4.65, 2.74, 1.06, 2803.35498
2016-03-23, 2, qing_du, 12.37, 12.74, 1.51, 12.55, 12.55, 12.77, 12.41, 175161.09, 220175665, 3.79, 2.87, 0.80, 764.9231
2016-03-24, 2, qing_du, 12.44, 13.07, 2.59, 12.74, 12.62, 13.60, 12.50, 468149.74, 612951983, 10.13, 8.63, 2.02, 47844.58494
2016-03-25, 3, zhong_du, 12.50, 13.43, 2.75, 13.07, 13.01, 13.48, 12.86, 356715.31, 469912609, 7.72, 4.74, 1.21, 2936.36203
2016-03-28, 3, zhong_du, 12.54, 12.71, -5.36, 13.43, 13.20, 13.28, 12.51, 487882.77, 633549320, 10.56, 5.73, 1.55, 1179.44789
2016-03-29, 3, zhong_du, 12.54, 12.42, -2.28, 12.71, 12.61, 12.74, 12.32, 195745.33, 244969165, 4.24, 3.30, 0.57, 910.33697
2016-03-30, 3, zhong_du, 12.56, 13.11, 5.56, 12.42, 12.60, 13.18, 12.55, 255147.06, 326998961, 5.52, 5.07, 0.76, 1174.11304
2016-03-31, 2, qing_du, 12.59, 12.82, -2.21, 13.11, 13.12, 13.28, 12.78, 312468.23, 406146815, 6.76, 3.81, 0.89, 1196.02203
2016-04-01, 2, qing_du, 12.59, 12.64, -1.40, 12.82, 12.63, 12.73, 12.42, 158579.83, 199164077, 3.43, 2.42, 0.49, 3149.53303
2016-04-05, 2, qing_du, 12.60, 12.93, 2.29, 12.64, 12.65, 13.05, 12.48, 188974.63, 242078450, 4.09, 4.51, 0.67, 601.7139
2016-04-06, 3, zhong_du, 12.60, 12.84, -0.70, 12.93, 12.83, 12.93, 12.59, 190959.97, 244064973, 4.13, 2.63, 0.86, 2507.59888
2016-04-07, 3, zhong_du, 12.62, 12.76, -0.62, 12.84, 12.86, 13.15, 12.73, 253562.04, 329314190, 5.49, 3.27, 1.15, 4157.85408
2016-04-08, 2, qing_du, 12.61, 12.52, -1.88, 12.76, 12.58, 12.66, 12.23, 193677.6, 240777427, 4.19, 3.37, 0.88, 753.7539
2016-04-11, 2, qing_du, 12.62, 12.83, 2.48, 12.52, 12.84, 13.00, 12.63, 185842.52, 238128190, 4.02, 2.96, 0.94, 2642.95197
2016-04-12, 2, qing_du, 12.62, 12.62, -1.64, 12.83, 12.77, 12.78, 12.45, 130808.1, 164392000, 2.83, 2.57, 0.65, 649.71685
2016-04-13, 2, qing_du, 12.63, 12.73, 0.87, 12.62, 12.65, 13.01, 12.58, 216067.13, 277204200, 4.68, 3.41, 1.13, 1003.98493
2016-04-14, 3, zhong_du, 12.63, 12.78, 0.39, 12.73, 12.80, 12.84, 12.62, 122879.94, 156401441, 2.66, 1.73, 0.63, 2078.84717
2016-04-15, 3, zhong_du, 12.64, 12.93, 1.17, 12.78, 12.81, 13.04, 12.72, 178049.95, 229496586, 3.85, 2.50, 1.05, 3962.36587
2016-04-18, 3, zhong_du, 12.64, 12.58, -2.71, 12.93, 12.83, 12.86, 12.55, 117729.15, 149097064, 2.55, 2.40, 0.71, 551.02992
2016-04-19, 3, zhong_du, 12.65, 12.92, 2.70, 12.58, 12.68, 12.94, 12.56, 149916.97, 191410904, 3.25, 3.02, 0.98, 602.94914
2016-04-20, 3, zhong_du, 12.63, 12.07, -6.58, 12.92, 13.18, 13.28, 11.82, 289629.64, 363033289, 6.27, 11.30, 1.85, 1355.654
2016-04-21, 3, zhong_du, 12.61, 12.38, 2.57, 12.07, 11.91, 12.49, 11.89, 197488.83, 241307449, 4.27, 4.97, 1.15, 757.57217
2016-04-22, 3, zhong_du, 12.61, 12.47, 0.73, 12.38, 12.52, 12.61, 12.26, 152129.61, 189253881, 3.29, 2.83, 0.82, 1134.28211
2016-04-25, 2, qing_du, 12.60, 12.10, -2.97, 12.47, 12.32, 12.32, 12.00, 114387.03, 138478614, 2.48, 2.57, 0.63, 3093.62197
2016-04-26, 2, qing_du, 12.59, 12.19, 0.74, 12.10, 12.03, 12.22, 11.98, 83344.61, 100854445, 1.80, 1.98, 0.46, 858.72602
2016-04-27, 2, qing_du, 12.58, 12.03, -1.31, 12.19, 12.17, 12.20, 11.99, 91465.76, 110665866, 1.98, 1.72, 0.55, 2775.98691
2016-04-28, 2, qing_du, 12.56, 11.74, -2.41, 12.03, 12.03, 12.05, 11.50, 125116.05, 146855879, 2.71, 4.57, 0.98, 742.02299
2016-04-29, 1, wei_ruo, 12.55, 11.81, 0.60, 11.74, 11.66, 11.85, 11.62, 59532.95, 69904356, 1.29, 1.96, 0.53, 3880.44405
2016-05-03, 1, wei_ruo, 12.53, 12.10, 2.46, 11.81, 11.81, 12.10, 11.65, 96178.37, 115122511, 2.08, 3.81, 1.01, 2675.39096
2016-05-04, 1, wei_ruo, 12.52, 12.00, -0.83, 12.10, 12.01, 12.11, 11.95, 84281.31, 101377510, 1.82, 1.32, 0.92, 389.97602
2016-05-05, 1, wei_ruo, 12.52, 12.07, 0.58, 12.00, 11.95, 12.16, 11.95, 75055.47, 90575365, 1.62, 1.75, 0.82, 659.17993
2016-05-06, 1, wei_ruo, 12.49, 11.57, -4.14, 12.07, 12.12, 12.14, 11.55, 135795.33, 159755717, 2.94, 4.89, 1.54, 692.60597
2016-05-09, 1, wei_ruo, 12.46, 10.95, -5.36, 11.57, 11.43, 11.45, 10.80, 127557.91, 141304429, 2.76, 5.62, 1.41, 870.37086
2016-05-10, 1, wei_ruo, 12.43, 10.95, 0.00, 10.95, 11.02, 11.11, 10.73, 73560.57, 80197927, 1.59, 3.47, 0.71, 747.32304
2016-05-11, 1, wei_ruo, 12.41, 10.81, -1.28, 10.95, 11.04, 11.05, 10.78, 68011.5, 74238319, 1.47, 2.47, 0.69, 1046.86213
2016-05-12, 1, wei_ruo, 12.38, 10.74, -0.65, 10.81, 10.68, 10.79, 10.38, 69318.45, 73158423, 1.50, 3.79, 0.72, 997.88308
2016-05-13, 1, wei_ruo, 12.36, 10.61, -1.21, 10.74, 10.73, 10.83, 10.49, 59457.33, 63436960, 1.29, 3.17, 0.63, 1271.98315
2016-05-16, 1, wei_ruo, 12.34, 10.74, 1.23, 10.61, 10.58, 10.75, 10.48, 58675.55, 62476414, 1.27, 2.54, 0.74, 14563.78007
2016-05-17, 1, wei_ruo, 12.31, 10.57, -1.58, 10.74, 10.75, 10.77, 10.50, 73461.95, 78086963, 1.59, 2.51, 1.12, 2632.80702
2016-05-18, 1, wei_ruo, 12.27, 10.14, -4.07, 10.57, 10.40, 10.49, 10.02, 85510.45, 87358089, 1.85, 4.45, 1.30, 964.26082
2016-05-19, 1, wei_ruo, 12.25, 10.19, 0.49, 10.14, 10.14, 10.36, 10.09, 58062.9, 59393614, 1.26, 2.66, 0.84, 4724.66612
2016-05-20, 1, wei_ruo, 12.20, 10.73, 5.30, 10.19, 10.05, 11.13, 9.96, 130533.88, 137980767, 2.83, 11.48, 1.95, 780.90692
2016-05-23, 1, wei_ruo, 12.17, 10.72, -0.09, 10.73, 10.59, 10.80, 10.53, 75531.53, 80686548, 1.63, 2.52, 0.93, 3070.05596
2016-05-24, 1, wei_ruo, 12.16, 10.60, -1.12, 10.72, 10.81, 10.83, 10.53, 56666.5, 60375058, 1.23, 2.80, 0.67, 566.42199
2016-05-25, 1, wei_ruo, 12.13, 10.58, -0.19, 10.60, 10.71, 10.87, 10.57, 74694.37, 80032690, 1.08, 2.83, 0.88, 2740.08989
2016-05-26, 1, wei_ruo, 12.10, 10.57, -0.09, 10.58, 10.60, 10.71, 10.34, 80916.76, 84805869, 1.17, 3.50, 0.96, 889.64605
2016-05-27, 1, wei_ruo, 12.09, 10.55, -0.19, 10.57, 10.46, 10.64, 10.46, 56178.6, 59361318, 0.81, 1.70, 0.66, 622.29609
2016-05-30, 1, wei_ruo, 12.07, 10.41, -1.33, 10.55, 10.54, 10.62, 10.35, 51141.43, 53469599, 0.74, 2.56, 0.60, 562.52789
2016-05-31, 1, wei_ruo, 7.99, 7.21, 4.49, 6.90, 6.91, 7.22, 6.91, 71089.55, 50668262, 1.03, 4.49, 0.84, 4660.37393
2016-06-01, 1, wei_ruo, 7.97, 7.25, 0.55, 7.21, 7.14, 7.32, 7.10, 171280.28, 123894422, 2.47, 3.05, 2.02, 683.66385
2016-06-02, 1, wei_ruo, 7.97, 7.25, 0.00, 7.25, 7.21, 7.31, 7.18, 110809.06, 80174872, 1.60, 1.79, 1.31, 757.75909
2016-06-03, 1, wei_ruo, 7.94, 7.19, -0.83, 7.25, 7.28, 7.30, 7.16, 119683.56, 86346305, 1.73, 1.93, 1.41, 753.54695
2016-06-06, 1, wei_ruo, 7.92, 7.29, 1.39, 7.19, 7.22, 7.35, 7.17, 147226.62, 107259864, 2.12, 2.50, 1.74, 1115.93199
2016-06-07, 1, wei_ruo, 7.91, 7.22, -0.96, 7.29, 7.23, 7.26, 7.16, 91899.19, 66147626, 1.33, 1.37, 1.09, 4046.01002
2016-06-08, 1, wei_ruo, 7.90, 7.17, -0.69, 7.22, 7.24, 7.24, 7.11, 71744.06, 51456090, 1.04, 1.80, 0.85, 1578.31478
2016-06-13, 1, wei_ruo, 7.89, 6.67, -6.97, 7.17, 7.08, 7.08, 6.62, 119950.41, 83226911, 1.73, 6.42, 1.42, 713.46402
2016-06-14, 1, wei_ruo, 7.87, 6.68, 0.15, 6.67, 6.68, 6.78, 6.60, 68799.76, 46032468, 0.99, 2.70, 0.81, 744.69113
2016-06-15, 1, wei_ruo, 7.86, 6.86, 2.69, 6.68, 6.61, 6.91, 6.55, 101550.62, 68931073, 1.47, 5.39, 1.20, 4166.20302
2016-06-16, 1, wei_ruo, 7.85, 6.82, -0.58, 6.86, 6.81, 6.88, 6.79, 77809.52, 53152484, 1.12, 1.31, 0.92, 765.33914
2016-06-17, 1, wei_ruo, 7.84, 6.82, 0.00, 6.82, 6.82, 6.90, 6.79, 68181.33, 46712802, 0.98, 1.61, 0.81, 2714.08796
2016-06-20, 1, wei_ruo, 7.83, 6.78, -0.59, 6.82, 6.83, 6.84, 6.71, 57960.31, 39218390, 0.84, 1.91, 0.68, 2910.13718
2016-06-21, 1, wei_ruo, 7.82, 6.73, -0.74, 6.78, 6.83, 6.91, 6.72, 73338.64, 50052550, 1.06, 2.80, 0.87, 877.08116
2016-06-22, 1, wei_ruo, 7.81, 6.79, 0.89, 6.73, 6.70, 6.79, 6.65, 62892.2, 42398477, 0.91, 2.08, 0.74, 849.91789
2016-06-23, 1, wei_ruo, 7.79, 6.91, 1.77, 6.79, 6.79, 6.97, 6.71, 113174.93, 77355189, 1.63, 3.83, 1.34, 985.83698
2016-06-24, 1, wei_ruo, 7.77, 6.70, -3.04, 6.91, 6.85, 6.97, 6.51, 128759.31, 86787052, 1.86, 6.66, 1.52, 3072.577
2016-06-27, 1, wei_ruo, 7.74, 7.25, 8.21, 6.70, 6.65, 7.29, 6.60, 281319.08, 198589511, 4.06, 10.30, 3.32, 1008.16298
2016-06-28, 1, wei_ruo, 7.73, 7.35, 1.38, 7.25, 7.58, 7.80, 7.32, 378455.5, 282966567, 5.46, 6.62, 4.47, 720.99209
2016-06-30, 1, wei_ruo, 7.70, 7.13, -1.52, 7.24, 7.23, 7.26, 7.10, 134496.43, 96386463, 1.94, 2.21, 1.59, 2704.813
2016-07-01, 1, wei_ruo, 7.69, 7.15, 0.28, 7.13, 7.14, 7.19, 7.10, 83894.56, 59967500, 1.21, 1.26, 0.99, 574.34487
2016-07-04, 1, wei_ruo, 7.68, 7.25, 1.40, 7.15, 7.10, 7.28, 7.07, 132931.08, 95941666, 1.92, 2.94, 1.57, 703.24397
2016-07-05, 1, wei_ruo, 7.68, 7.30, 0.69, 7.25, 7.26, 7.33, 7.23, 146851.32, 107043626, 2.12, 1.38, 1.74, 2648.82994
2016-07-06, 1, wei_ruo, 7.67, 7.53, 3.15, 7.30, 7.30, 7.69, 7.23, 218494.77, 161971512, 3.15, 6.30, 2.58, 2895.87212
2016-07-07, 2, qing_du, 7.67, 7.50, -0.40, 7.53, 7.48, 7.68, 7.40, 181517.11, 136631747, 2.62, 3.72, 2.15, 725.4281
2016-07-08, 2, qing_du, 7.66, 7.53, 0.40, 7.50, 7.44, 7.74, 7.28, 219093.47, 164638383, 3.16, 6.13, 2.59, 541.33701
2016-07-11, 3, zhong_du, 7.66, 7.41, -1.59, 7.53, 7.47, 7.59, 7.40, 152628.86, 114457019, 2.20, 2.52, 1.80, 673.24901
2016-07-12, 3, zhong_du, 7.65, 7.45, 0.54, 7.41, 7.37, 7.49, 7.24, 146711.8, 108498625, 2.12, 3.37, 1.73, 18899.07217
2016-07-13, 3, zhong_du, 7.65, 7.45, 0.00, 7.45, 7.45, 7.55, 7.39, 135820.3, 101413750, 1.96, 2.15, 1.61, 17969.47193
2016-07-14, 3, zhong_du, 7.65, 7.46, 0.13, 7.45, 7.41, 7.50, 7.40, 92306.55, 68738576, 1.33, 1.34, 1.09, 1592.89408
2016-07-15, 3, zhong_du, 7.64, 7.45, -0.13, 7.46, 7.58, 7.62, 7.42, 103490.41, 77688675, 1.49, 2.68, 1.22, 629.21786
2016-07-18, 3, zhong_du, 7.64, 7.35, -1.34, 7.45, 7.41, 7.45, 7.31, 75770.72, 55847648, 1.09, 1.88, 0.91, 993.38293
2016-07-19, 3, zhong_du, 7.64, 7.51, 2.18, 7.35, 7.35, 7.53, 7.30, 146155.54, 108933544, 2.11, 3.13, 1.73, 475.28696
2016-07-20, 3, zhong_du, 7.64, 7.41, -1.33, 7.51, 7.49, 7.53, 7.40, 98715.48, 73617887, 1.42, 1.73, 1.17, 18003.92699
2016-07-21, 3, zhong_du, 7.62, 7.59, 2.43, 7.41, 7.39, 7.65, 7.38, 218565.06, 165022251, 3.15, 3.64, 2.58, 4624.0139
2016-07-22, 3, zhong_du, 7.62, 7.53, -0.79, 7.59, 7.56, 7.73, 7.51, 155201.31, 118030300, 2.24, 2.90, 1.83, 2631.31785
2016-07-25, 4, gao_du, 7.62, 7.59, 0.80, 7.53, 7.53, 7.70, 7.40, 147968.5, 111415820, 2.14, 3.98, 1.75, 18071.12598
2016-07-26, 4, gao_du, 7.62, 7.73, 1.84, 7.59, 7.54, 7.75, 7.52, 166859.88, 127371632, 2.41, 3.03, 1.97, 824.04208
2016-07-27, 4, gao_du, 7.61, 7.38, -4.53, 7.73, 7.68, 7.83, 7.26, 289208.25, 218178077, 4.17, 7.37, 3.42, 6448.55595
2016-07-28, 4, gao_du, 7.61, 7.28, -1.36, 7.38, 7.34, 7.41, 7.22, 144804.01, 105960846, 2.09, 2.57, 1.71, 925.77696
2016-07-29, 3, zhong_du, 7.60, 7.28, 0.00, 7.28, 7.30, 7.41, 7.25, 113327.94, 82841626, 1.64, 2.20, 1.34, 14436.39398
2016-08-01, 3, zhong_du, 7.59, 7.01, -3.71, 7.28, 7.26, 7.26, 6.89, 160747.6, 112466065, 2.32, 5.08, 1.90, 4541.34011
2016-08-02, 3, zhong_du, 7.58, 7.17, 2.28, 7.01, 7.00, 7.17, 6.98, 83778.23, 59382889, 1.21, 2.71, 0.99, 18177.08516
2016-08-03, 3, zhong_du, 7.58, 7.34, 2.37, 7.17, 7.15, 7.49, 7.11, 154287.03, 113307049, 2.23, 5.30, 1.78, 4804.50201
2016-08-04, 3, zhong_du, 7.57, 7.46, 1.63, 7.34, 7.30, 7.59, 7.20, 180102.65, 133623316, 2.60, 5.31, 1.79, 14356.45485
2016-08-05, 3, zhong_du, 7.57, 7.42, -0.54, 7.46, 7.42, 7.53, 7.35, 119965.5, 89130924, 1.73, 2.41, 0.96, 442.73591
2016-08-08, 4, gao_du, 7.57, 7.62, 2.70, 7.42, 7.36, 7.63, 7.35, 212819.7, 160485642, 3.07, 3.77, 1.73, 602.64182
2016-08-09, 4, gao_du, 7.58, 7.69, 0.92, 7.62, 7.60, 7.82, 7.55, 286124.32, 220599955, 4.13, 3.54, 1.91, 18046.18597
2016-08-10, 5, qiang_lie, 7.58, 7.54, -1.95, 7.69, 7.61, 7.73, 7.53, 166203.24, 126403049, 2.40, 2.60, 0.87, 3247.29609
2016-08-11, 5, qiang_lie, 7.58, 7.60, 0.80, 7.54, 7.75, 7.97, 7.59, 295570.98, 229756479, 4.27, 5.04, 1.53, 540.89499
2016-08-15, 5, qiang_lie, 7.59, 7.69, 0.92, 7.62, 7.58, 7.77, 7.56, 210396.15, 161328129, 3.04, 2.76, 0.92, 690.88006
2016-08-16, 5, qiang_lie, 7.59, 7.67, -0.39, 7.70, 7.68, 7.75, 7.65, 184845.78, 142245187, 2.67, 1.30, 0.80, 759.1691
2016-08-17, 5, qiang_lie, 7.59, 7.74, 0.91, 7.67, 7.66, 7.80, 7.60, 180474.63, 138916746, 2.60, 2.61, 0.86, 14508.42595
2016-08-18, 5, qiang_lie, 7.60, 7.77, 0.39, 7.74, 7.73, 7.81, 7.67, 228226.15, 176686844, 3.29, 1.81, 1.07, 18402.57597
2016-08-19, 5, qiang_lie, 7.60, 7.67, -1.29, 7.77, 7.75, 7.76, 7.60, 146843.59, 112770089, 2.12, 2.06, 0.73, 560.48203
2016-08-22, 5, qiang_lie, 7.60, 7.51, -2.09, 7.67, 7.69, 7.69, 7.50, 129615, 98113312, 1.87, 2.48, 0.68, 4918.80512
2016-08-23, 5, qiang_lie, 7.60, 7.48, -0.40, 7.51, 7.46, 7.55, 7.43, 82595.46, 61888753, 1.19, 1.60, 0.47, 2589.70594
2016-08-24, 4, gao_du, 7.60, 7.49, 0.13, 7.48, 7.49, 7.54, 7.43, 70187.61, 52484571, 1.01, 1.47, 0.46, 4581.83694
2016-08-25, 4, gao_du, 7.59, 7.40, -1.20, 7.49, 7.40, 7.45, 7.32, 108532.26, 79971855, 1.57, 1.74, 0.82, 799.43895
2016-08-26, 3, zhong_du, 7.59, 7.39, -0.14, 7.40, 7.42, 7.47, 7.38, 97467.34, 72480290, 1.41, 1.22, 0.90, 508.02302
2016-08-29, 3, zhong_du, 7.59, 7.56, 2.30, 7.39, 7.42, 7.58, 7.41, 141408.81, 106132324, 2.04, 2.30, 1.45, 847.91303
2016-08-30, 3, zhong_du, 7.60, 7.83, 3.57, 7.56, 7.56, 8.05, 7.51, 449823.31, 351041215, 6.49, 7.14, 4.49, 2580.17087
2016-08-31, 4, gao_du, 7.61, 7.82, -0.13, 7.83, 7.78, 7.88, 7.75, 64861.75, 50719346, 0.94, 1.66, 2.14, 971.18115
2016-09-01, 5, qiang_lie, 7.65, 7.82, -0.13, 7.83, 7.78, 7.88, 7.75, 64861.75, 50719346, 0.94, 1.66, 2.14, 636.00397
2016-09-02, 5, qiang_lie, 7.65, 7.68, -1.66, 7.81, 7.74, 7.80, 7.61, 299945.2, 229855811, 4.33, 2.43, 1.41, 7657.77802
2016-09-05, 4, gao_du, 7.65, 7.82, -0.13, 7.83, 7.78, 7.88, 7.75, 64861.75, 50719346, 0.94, 1.66, 2.14, 616.31799
2016-09-06, 4, gao_du, 7.65, 7.82, -0.13, 7.83, 7.78, 7.88, 7.75, 64861.75, 50719346, 0.94, 1.66, 2.14, 2214.59103
2016-09-07, 4, gao_du, 7.65, 7.69, -0.39, 7.72, 7.72, 7.76, 7.65, 178539.75, 137519480, 2.58, 1.42, 0.84, 2689.13412
2016-09-08, 3, zhong_du, 7.65, 7.82, -0.13, 7.83, 7.78, 7.88, 7.75, 64861.75, 50719346, 0.94, 1.66, 2.14, 2595.438
2016-09-09, 3, zhong_du, 7.65, 7.82, -0.13, 7.83, 7.78, 7.88, 7.75, 64861.75, 50719346, 0.94, 1.66, 2.14, 4732.66292
2016-09-12, 3, zhong_du, 7.65, 7.26, -3.59, 7.53, 7.40, 7.40, 7.23, 168264.6, 123039600, 2.43, 2.26, 0.79, 3071.41185
2016-09-13, 3, zhong_du, 7.65, 7.30, 0.55, 7.26, 7.28, 7.34, 7.25, 89253.82, 65023958, 1.29, 1.24, 0.42, 1703.68505
2016-09-14, 2, qing_du, 7.65, 7.23, -0.96, 7.30, 7.26, 7.28, 7.20, 69836.09, 50545059, 1.01, 1.10, 0.33, 1220.96205
2016-09-19, 2, qing_du, 7.65, 7.29, 0.83, 7.23, 7.26, 7.29, 7.22, 65192.22, 47361046, 0.94, 0.97, 0.31, 649.28198
2016-09-20, 2, qing_du, 7.65, 7.37, 1.10, 7.29, 7.29, 7.46, 7.23, 106869.63, 78542076, 1.54, 3.16, 0.50, 16409.14011
2016-09-21, 2, qing_du, 7.65, 7.30, -0.95, 7.37, 7.33, 7.40, 7.30, 82072, 60239131, 1.18, 1.36, 0.39, 597.09811
2016-09-22, 2, qing_du, 7.65, 7.29, -0.14, 7.30, 7.32, 7.37, 7.26, 84404.14, 61769422, 1.22, 1.51, 0.40, 574.44811
2016-09-23, 1, wei_ruo, 7.65, 7.25, -0.55, 7.29, 7.31, 7.31, 7.23, 72223.21, 52464706, 1.04, 1.10, 0.34, 638.85522
2016-09-26, 1, wei_ruo, 7.65, 7.00, -3.45, 7.25, 7.20, 7.22, 6.98, 117117.01, 83142375, 1.69, 3.31, 0.55, 5803.18499
2016-09-27, 1, wei_ruo, 7.65, 7.08, 1.14, 7.00, 6.92, 7.09, 6.92, 64805.43, 45428103, 0.94, 2.43, 0.30, 980.50213
2016-09-28, 1, wei_ruo, 7.65, 7.03, -0.71, 7.08, 7.08, 7.08, 7.01, 46462, 32703605, 0.67, 0.99, 0.22, 651.43514
2016-09-29, 1, wei_ruo, 7.65, 7.03, 0.00, 7.03, 7.03, 7.07, 7.02, 38316, 27002718, 0.55, 0.71, 0.18, 2496.47689
2016-09-30, 1, wei_ruo, 7.65, 7.05, 0.28, 7.03, 7.02, 7.08, 7.02, 38637.99, 27266254, 0.56, 0.85, 0.18, 740.14616
2016-10-10, 1, wei_ruo, 7.65, 7.21, 2.27, 7.05, 7.12, 7.22, 7.09, 82506.52, 59107351, 1.19, 1.84, 0.39, 626.57809
2016-10-11, 1, wei_ruo, 7.65, 7.28, 0.97, 7.21, 7.21, 7.30, 7.18, 97538.51, 70687235, 1.41, 1.66, 0.46, 801.52202
2016-10-12, 1, wei_ruo, 7.65, 7.33, 0.69, 7.28, 7.25, 7.36, 7.22, 97632, 71287435, 1.41, 1.92, 0.46, 2426.14508
2016-10-13, 1, wei_ruo, 7.65, 7.32, -0.14, 7.33, 7.31, 7.39, 7.25, 78273.45, 57283924, 1.13, 1.91, 0.37, 18247.12205
2016-10-14, 1, wei_ruo, 7.57, 7.29, -0.41, 7.32, 7.30, 7.34, 7.25, 67842.96, 49436970, 0.98, 1.23, 0.32, 2652.73786
2016-10-17, 1, wei_ruo, 7.57, 7.30, 0.14, 7.29, 7.29, 7.33, 7.27, 29495.18, 21529545, 0.43, 0.82, 0.28, 779.49119
2016-10-18, 1, wei_ruo, 7.57, 7.28, 1.25, 7.19, 7.15, 7.30, 7.15, 64347.48, 46542575, 0.93, 2.09, 0.30, 1980.08895
2016-10-19, 1, wei_ruo, 7.56, , , , , , , , , , , , 1698.35687
2016-10-20, 1, wei_ruo, 7.56, 7.29, -0.27, 7.31, 7.28, 7.31, 7.25, 53946.34, 39310187, 0.78, 0.82, 0.27, 4639.00995
2016-10-21, 1, wei_ruo, 7.56, 7.27, -0.27, 7.29, 7.29, 7.35, 7.22, 77158.96, 56190388, 1.11, 1.78, 0.43, 11175.11678
2016-10-24, 1, wei_ruo, 7.55, 7.42, 2.06, 7.27, 7.32, 7.47, 7.27, 159154.97, 117419145, 2.30, 2.75, 1.49, 710.16002
2016-10-25, 1, wei_ruo, 7.55, 7.38, -0.54, 7.42, 7.43, 7.43, 7.35, 95279.3, 70254663, 1.37, 1.08, 0.89, 1404.01196
2016-10-26, 1, wei_ruo, 7.55, 7.39, 0.14, 7.38, 7.38, 7.40, 7.33, 79433.91, 58516051, 1.15, 0.95, 0.74, 551.92614
2016-10-27, 1, wei_ruo, 7.55, 7.34, -0.68, 7.39, 7.38, 7.38, 7.31, 61732.05, 45275212, 0.89, 0.95, 0.58, 705.90806
2016-10-28, 1, wei_ruo, 7.54, 7.22, -1.63, 7.34, 7.34, 7.36, 7.21, 78300.55, 57051772, 1.13, 2.04, 0.73, 3297.76716
2016-10-31, 1, wei_ruo, 7.54, 7.19, -0.42, 7.22, 7.22, 7.22, 7.13, 62829.27, 45046530, 0.91, 1.25, 0.59, 662.89115
2016-11-01, 1, wei_ruo, 7.54, 7.32, 1.67, 7.20, 7.22, 7.36, 7.20, 102999.56, 74921369, 1.49, 2.22, 0.97, 571.56515
2016-11-02, 1, wei_ruo, 7.53, 7.21, -1.64, 7.33, 7.32, 7.32, 7.18, 78203.7, 56619695, 1.13, 1.91, 0.73, 468.29605
2016-11-03, 1, wei_ruo, 7.53, 7.26, 0.83, 7.20, 7.19, 7.31, 7.17, 66880.11, 48524469, 0.97, 1.94, 0.63, 686.10096
2016-11-04, 1, wei_ruo, 7.53, 7.27, 0.14, 7.26, 7.26, 7.28, 7.22, 56197.29, 40747093, 0.81, 0.83, 0.53, 468.79792
2016-11-07, 1, wei_ruo, 7.53, 7.30, 0.41, 7.27, 7.28, 7.31, 7.23, 58142.48, 42303839, 0.84, 1.10, 0.54, 669.53897
2016-11-08, 1, wei_ruo, 7.52, 7.33, 0.55, 7.29, 7.31, 7.36, 7.28, 73949.51, 54161706, 1.07, 1.10, 0.69, 1161.04007
2016-11-09, 1, wei_ruo, 7.52, 7.19, -1.78, 7.32, 7.32, 7.35, 7.13, 98856.81, 71623028, 1.43, 3.01, 0.92, 613.27696
2016-11-10, 2, qing_du, 7.52, 7.30, 1.53, 7.19, 7.26, 7.32, 7.25, 92503.35, 67496018, 1.33, 0.97, 0.86, 880.44214
2016-11-11, 2, qing_du, 7.51, 7.43, 1.64, 7.31, 7.30, 7.51, 7.29, 181806.79, 134328514, 2.62, 3.01, 1.70, 760.80489
2016-11-14, 2, qing_du, 7.51, 7.51, 1.08, 7.43, 7.42, 7.66, 7.39, 255856.7, 192224467, 3.69, 3.63, 2.39, 483.66904
2016-11-15, 3, zhong_du, 7.52, 7.58, 0.80, 7.52, 7.52, 7.70, 7.52, 210381.58, 159512932, 3.04, 2.39, 1.97, 592.57698
2016-11-16, 3, zhong_du, 7.53, 7.57, 0.66, 7.52, 7.52, 7.70, 7.52, 143598.8, 108946464, 2.07, 2.39, 2.68, 473.60897
2016-11-17, 3, zhong_du, 7.53, 7.57, 0.66, 7.52, 7.52, 7.70, 7.52, 143598.8, 108946464, 2.07, 2.39, 2.68, 564.16321
2016-11-18, 3, zhong_du, 7.53, 7.57, -0.13, 7.58, 7.56, 7.65, 7.53, 95906.75, 72765538, 1.38, 1.58, 1.79, 672.94312
2016-11-21, 3, zhong_du, 7.53, 7.55, 0.13, 7.54, 7.53, 7.60, 7.53, 86748.5, 65577200, 1.25, 0.93, 0.81, 401.38483
2016-11-22, 3, zhong_du, 7.53, 7.57, 0.26, 7.55, 7.56, 7.58, 7.51, 110406.24, 83318241, 1.59, 0.93, 1.03, 972.55397
2016-11-23, 2, qing_du, 7.53, 7.48, -1.19, 7.57, 7.55, 7.60, 7.46, 94049.25, 70890711, 1.36, 1.85, 0.88, 587.9488
2016-11-24, 2, qing_du, 7.53, 7.46, -0.27, 7.48, 7.49, 7.54, 7.43, 76401.13, 57178456, 1.10, 1.47, 0.72, 554.39711
2016-11-25, 2, qing_du, 7.53, 7.47, 0.27, 7.45, 7.48, 7.48, 7.35, 78669.95, 58321212, 1.14, 1.74, 0.74, 628.56197
2016-11-28, 2, qing_du, 7.53, 7.48, 0.13, 7.47, 7.46, 7.53, 7.44, 109641.79, 82120495, 1.58, 1.20, 1.02, 516.82401
2016-11-29, 2, qing_du, 7.53, 7.37, -1.60, 7.49, 7.48, 7.48, 7.36, 115155.12, 85475968, 1.66, 1.60, 1.08, 516.33191
2016-11-30, 1, wei_ruo, 7.53, 7.28, -1.22, 7.37, 7.37, 7.39, 7.25, 101184.74, 73979105, 1.46, 1.90, 0.95, 439.69798
2016-12-01, 1, wei_ruo, 7.52, 7.38, 1.37, 7.28, 7.27, 7.42, 7.25, 111499.65, 81742022, 1.61, 2.34, 1.04, 427.49786
2016-12-05, 1, wei_ruo, 7.52, 7.21, -0.14, 7.22, 7.19, 7.26, 7.14, 52898.1, 38133052, 0.76, 1.66, 0.49, 2620.7881
2016-12-06, 1, wei_ruo, 7.52, 7.22, 0.14, 7.21, 7.25, 7.26, 7.19, 37639.69, 27197279, 0.54, 0.97, 0.35, 772.403
2016-12-07, 1, wei_ruo, 7.51, 7.28, 0.83, 7.22, 7.20, 7.29, 7.20, 44965.54, 32581403, 0.65, 1.25, 0.42, 519.86313
2016-12-08, 1, wei_ruo, 7.51, 7.23, -0.69, 7.28, 7.28, 7.30, 7.22, 48695, 35368168, 0.70, 1.10, 0.46, 474.84803
2016-12-09, 1, wei_ruo, 7.51, 7.24, 0.14, 7.23, 7.20, 7.27, 7.20, 39210.89, 28356223, 0.57, 0.97, 0.37, 594.91491
2016-12-12, 1, wei_ruo, 7.50, 6.90, -4.70, 7.24, 7.24, 7.24, 6.89, 125469.32, 88247097, 1.81, 4.83, 1.17, 528.76902
2016-12-13, 1, wei_ruo, 7.49, 7.02, 1.74, 6.90, 6.88, 7.07, 6.79, 111628.36, 77132915, 1.61, 4.06, 1.04, 763.33809
2016-12-14, 1, wei_ruo, 7.49, 6.88, -1.99, 7.02, 6.97, 6.97, 6.84, 78493.71, 54195570, 1.13, 1.85, 0.73, 529.02102
2017-02-07, 2, qing_du, 7.40, 7.21, -0.83, 7.27, 7.28, 7.28, 7.17, 28102.25, 20289681, 0.41, 1.51, 0.57, 2635.37478
2017-02-08, 3, zhong_du, 7.40, 7.26, -0.14, 7.27, 7.28, 7.28, 7.17, 52621.02, 38065387, 0.76, 1.51, 0.49, 587.72397
2017-02-09, 3, zhong_du, 7.40, 7.31, 0.69, 7.26, 7.26, 7.32, 7.22, 67419.5, 49148179, 0.97, 1.38, 0.63, 595.42823
2017-02-10, 3, zhong_du, 7.40, 7.44, 1.78, 7.31, 7.30, 7.51, 7.30, 228273.95, 169681542, 3.29, 2.87, 2.13, 611.67002
2017-02-13, 4, gao_du, 7.41, 7.60, 2.15, 7.44, 7.46, 7.68, 7.41, 281345.78, 212940303, 4.06, 3.63, 2.63, 4665.34305
2017-02-14, 4, gao_du, 7.41, 7.59, -0.13, 7.60, 7.60, 7.62, 7.48, 177747.64, 134239680, 2.57, 1.84, 1.66, 602.82087
2017-02-15, 5, qiang_lie, 7.41, 7.44, -1.98, 7.59, 7.51, 7.63, 7.42, 191239.5, 144006233, 2.76, 2.77, 1.79, 2526.59583
2017-02-16, 5, qiang_lie, 7.44, 8.18, 9.95, 7.44, 7.41, 8.18, 7.40, 362782.62, 290206032, 5.24, 10.48, 3.39, 2746.8698
2017-02-17, 5, qiang_lie, 7.54, 8.06, -1.47, 8.18, 8.50, 8.58, 8.02, 920546.05, 764422866, 13.28, 6.85, 8.60, 525.86389
2017-02-20, 5, qiang_lie, 7.57, 8.06, -1.47, 8.18, 8.50, 8.58, 8.02, 920546.05, 764422866, 13.28, 6.85, 8.60, 733.91986
2017-02-21, 5, qiang_lie, 7.59, 7.99, -1.24, 8.09, 8.05, 8.06, 7.92, 281266.09, 224547047, 4.06, 1.73, 2.63, 2713.87792
2017-02-22, 4, gao_du, 7.60, 7.97, -0.25, 7.99, 7.97, 8.07, 7.87, 236701.81, 188944424, 3.42, 2.50, 2.21, 4636.37304
2017-02-23, 4, gao_du, 7.61, 7.87, -1.25, 7.97, 7.97, 7.98, 7.70, 267132.57, 209483076, 3.85, 3.51, 2.50, 2873.8091
2017-02-24, 4, gao_du, 7.62, 7.89, 0.25, 7.87, 7.83, 7.95, 7.73, 178189.68, 139723874, 2.57, 2.80, 1.67, 1317.23499
2017-02-27, 4, gao_du, 7.62, 7.68, -2.66, 7.89, 7.82, 7.89, 7.65, 186365.69, 144321751, 2.69, 3.04, 1.74, 1180.7878
2017-02-28, 3, zhong_du, 7.62, 7.83, -0.51, 7.87, 7.83, 7.87, 7.74, 40594.5, 31678641, 0.59, 1.65, 2.07, 1054.44098
2017-03-01, 3, zhong_du, 7.63, 7.75, 0.00, 7.75, 7.72, 7.82, 7.68, 150652.61, 116880316, 2.17, 1.81, 1.41, 645.37811
2017-03-02, 3, zhong_du, 7.63, 7.69, -0.77, 7.75, 7.73, 7.84, 7.66, 145131.45, 112408684, 2.09, 2.32, 1.36, 665.75599
2017-03-03, 3, zhong_du, 7.63, 7.59, -1.30, 7.69, 7.62, 7.65, 7.53, 122719.82, 93060162, 1.77, 1.56, 1.15, 710.72578
2017-03-06, 3, zhong_du, 7.63, 7.70, 1.45, 7.59, 7.56, 7.71, 7.56, 110414.12, 84483036, 1.59, 1.98, 1.03, 1801.68509
2017-03-07, 3, zhong_du, 7.63, 7.68, -1.03, 7.76, 7.73, 7.76, 7.60, 73596, 56587378, 1.06, 2.06, 1.38, 980.75509
2017-03-08, 3, zhong_du, 7.63, 7.65, -1.42, 7.76, 7.73, 7.78, 7.60, 132092.98, 101538281, 1.91, 2.32, 1.23, 2460.64901
2017-03-09, 3, zhong_du, 7.64, 7.76, 1.44, 7.65, 7.66, 7.83, 7.61, 211488.26, 163694738, 3.05, 2.88, 1.98, 4702.15297
2017-03-10, 3, zhong_du, 7.64, 7.69, -0.90, 7.76, 7.76, 7.78, 7.63, 129647.75, 99763621, 1.87, 1.93, 1.21, 668.0491
2017-03-13, 3, zhong_du, 7.64, 7.67, -0.26, 7.69, 7.67, 7.69, 7.48, 157738.82, 119709736, 2.28, 2.73, 1.47, 2681.08916
2017-03-14, 3, zhong_du, 7.64, 7.56, -1.43, 7.67, 7.64, 7.69, 7.54, 125097.42, 95126409, 1.81, 1.96, 1.17, 623.18206
2017-03-15, 3, zhong_du, 7.63, 7.50, -0.79, 7.56, 7.53, 7.56, 7.47, 97364.82, 73109695, 1.41, 1.19, 0.91, 624.295
2017-03-16, 2, qing_du, 7.63, 7.67, 2.27, 7.50, 7.53, 7.68, 7.53, 152451.7, 116241414, 2.20, 2.00, 1.42, 617.49196
2017-03-17, 2, qing_du, 7.63, 7.53, -1.83, 7.67, 7.64, 7.65, 7.51, 126515.41, 95927063, 1.83, 1.83, 1.18, 601.74298
2017-03-20, 2, qing_du, 7.63, 7.59, 0.80, 7.53, 7.58, 7.61, 7.51, 65636.75, 49626965, 0.95, 1.33, 0.61, 677.69885
2017-03-21, 2, qing_du, 7.63, 7.68, 1.19, 7.59, 7.61, 7.74, 7.55, 147939.03, 113316583, 2.13, 2.50, 1.38, 639.80699
2017-03-22, 2, qing_du, 7.63, 7.74, 0.78, 7.68, 7.62, 7.78, 7.56, 203367.47, 156638026, 2.93, 2.86, 1.90, 576.68614
2017-03-23, 2, qing_du, 7.64, 7.81, 0.90, 7.74, 7.75, 7.82, 7.66, 245163.94, 190306496, 3.54, 2.07, 2.29, 820.66894
2017-03-24, 2, qing_du, 7.66, 7.99, 2.30, 7.81, 7.78, 8.05, 7.75, 391589.93, 311717677, 5.65, 3.84, 3.66, 627.60115
2017-03-27, 3, zhong_du, 7.68, 7.96, -0.38, 7.99, 7.99, 8.17, 7.92, 379091.37, 305268702, 5.47, 3.13, 3.54, 724.70617
2017-03-28, 3, zhong_du, 7.68, 7.84, -1.51, 7.96, 7.93, 7.97, 7.78, 201982.53, 158261204, 2.91, 2.39, 1.89, 664.15215
2017-03-29, 3, zhong_du, 7.74, 8.22, 4.85, 7.84, 7.89, 8.49, 7.87, 739538.08, 609548608, 10.67, 7.91, 6.91, 585.71196
2017-03-30, 3, zhong_du, 7.79, 8.11, -1.34, 8.22, 8.23, 8.58, 8.01, 722464.74, 599012619, 10.43, 6.93, 6.75, 631.23298
2017-03-31, 3, zhong_du, 7.80, 7.77, -4.19, 8.11, 8.16, 8.34, 7.62, 462644.86, 363149814, 6.68, 8.88, 4.32, 659.58595
2017-04-05, 3, zhong_du, 7.80, 7.94, 2.19, 7.77, 7.85, 8.04, 7.77, 249307.21, 196356074, 3.60, 3.47, 2.33, 654.66189
2017-04-06, 3, zhong_du, 7.82, 8.13, 2.39, 7.94, 7.95, 8.30, 7.83, 391068.82, 316601278, 5.64, 5.92, 3.65, 614.56108
2017-04-07, 2, qing_du, 7.82, 7.91, -2.71, 8.13, 8.01, 8.08, 7.88, 259151.72, 206048116, 3.74, 2.46, 2.42, 805.43995
2017-04-10, 2, qing_du, 7.82, 7.86, -0.63, 7.91, 7.87, 7.98, 7.81, 205168.22, 161817590, 2.96, 2.15, 1.92, 625.64087
2017-04-11, 2, qing_du, 7.84, 8.16, 3.82, 7.86, 7.84, 8.22, 7.81, 395936.62, 318107222, 5.71, 5.22, 3.70, 639.25409
2017-04-12, 2, qing_du, 7.88, 8.33, 2.08, 8.16, 8.13, 8.68, 8.03, 601478.75, 505516135, 8.68, 7.97, 5.62, 841.28594
2017-04-13, 3, zhong_du, 7.97, 9.16, 9.96, 8.33, 8.24, 9.16, 8.24, 645763.25, 564034849, 9.32, 11.04, 6.03, 669.99793
2017-04-14, 3, zhong_du, 8.05, 8.63, -5.79, 9.16, 8.84, 9.06, 8.45, 750020.11, 655872995, 10.82, 6.66, 7.01, 644.03296
2017-04-17, 4, gao_du, 8.07, 8.37, -3.01, 8.63, 8.50, 8.55, 8.22, 347853.53, 290373171, 5.02, 3.82, 3.25, 643.47792
2017-04-18, 3, zhong_du, 8.09, 8.36, -0.12, 8.37, 8.37, 8.58, 8.29, 357492.79, 301351713, 5.16, 3.46, 3.34, 762.30502
2017-04-19, 3, zhong_du, 8.08, 8.00, -4.31, 8.36, 8.22, 8.26, 7.76, 364418.07, 290970787, 5.26, 5.98, 3.41, 693.87913
2017-04-20, 2, qing_du, 8.08, 8.06, 0.75, 8.00, 7.96, 8.24, 7.92, 276886.01, 223452269, 4.00, 4.00, 2.59, 698.32397
2017-04-21, 2, qing_du, 8.07, 7.64, -5.21, 8.06, 8.00, 8.06, 7.58, 280938.51, 219279797, 4.05, 5.96, 2.63, 545.77184
2017-04-24, 1, wei_ruo, 8.04, 7.12, -6.81, 7.64, 7.61, 7.67, 7.07, 262162.69, 190903032, 3.78, 7.85, 2.45, 693.13788
2017-04-25, 1, wei_ruo, 8.02, 7.17, 0.70, 7.12, 7.14, 7.34, 7.12, 158305.17, 114291116, 2.28, 3.09, 1.48, 637.45403
2017-04-26, 1, wei_ruo, 8.01, 7.25, 1.12, 7.17, 7.21, 7.32, 7.20, 136802.78, 99279153, 1.97, 1.67, 1.28, 843.41407
2017-04-27, 1, wei_ruo, 7.98, 7.42, 2.34, 7.25, 7.18, 7.49, 7.05, 228603.6, 166859479, 3.30, 6.07, 2.14, 868.52813
2017-04-28, 1, wei_ruo, 7.97, 7.52, 1.35, 7.42, 7.35, 7.65, 7.32, 164435.15, 123193323, 2.37, 4.45, 1.54, 690.70411
2017-05-02, 1, wei_ruo, 7.96, 7.52, 0.00, 7.52, 7.56, 7.72, 7.47, 153921.43, 116415425, 2.22, 3.32, 1.44, 805.08399
2017-05-03, 1, wei_ruo, 7.95, 7.68, 2.13, 7.52, 7.49, 7.71, 7.41, 220121.66, 167325848, 3.18, 3.99, 2.06, 877.12216
2017-05-04, 1, wei_ruo, 7.94, 7.54, -1.82, 7.68, 7.60, 7.64, 7.45, 188238.17, 142031025, 2.72, 2.47, 1.76, 676.24998
2017-05-05, 1, wei_ruo, 7.93, 7.39, -1.99, 7.54, 7.50, 7.63, 7.36, 141037.02, 106093680, 2.04, 3.58, 1.32, 652.51184
2017-05-11, 1, wei_ruo, 7.86, 7.10, 2.16, 6.95, 6.96, 7.16, 6.70, 162608.36, 112718172, 2.35, 6.62, 1.52, 642.57979
2017-05-12, 1, wei_ruo, 7.85, 7.15, 0.70, 7.10, 7.04, 7.27, 6.93, 168171.11, 119729955, 2.43, 4.79, 1.57, 654.56915
2017-05-15, 1, wei_ruo, 7.83, 7.03, -1.68, 7.15, 7.16, 7.22, 7.01, 106990.61, 75914086, 1.54, 2.94, 1.00, 606.53186
2017-05-17, 1, wei_ruo, 7.80, 7.13, 0.00, 7.13, 7.09, 7.24, 7.05, 136850.5, 97799149, 1.97, 2.66, 1.28, 640.66982
2017-05-18, 1, wei_ruo, 7.79, 7.05, -1.12, 7.13, 7.01, 7.18, 6.98, 98979.8, 70077863, 1.43, 2.81, 0.93, 606.54211
2017-05-19, 1, wei_ruo, 7.79, 7.05, 0.00, 7.05, 7.02, 7.16, 7.01, 66904.5, 47208215, 0.97, 2.13, 0.63, 614.59804
2017-05-22, 1, wei_ruo, 7.77, 6.86, -2.70, 7.05, 7.06, 7.09, 6.81, 104264, 72354589, 1.50, 3.97, 0.97, 605.13997
2017-05-23, 1, wei_ruo, 7.75, 6.61, -3.64, 6.86, 6.84, 6.88, 6.60, 123117.51, 82757556, 1.78, 4.08, 1.15, 914.40105
2017-05-24, 1, wei_ruo, 7.74, 6.68, 1.06, 6.61, 6.59, 6.71, 6.48, 86691.63, 57218481, 1.25, 3.48, 0.81, 676.05686
2017-05-25, 1, wei_ruo, 7.73, 6.73, 0.75, 6.68, 6.67, 6.76, 6.56, 77296.82, 51575198, 1.12, 2.99, 0.72, 635.43797
2017-05-26, 1, wei_ruo, 7.72, 6.67, -0.89, 6.73, 6.71, 6.76, 6.61, 62969.98, 42131367, 0.91, 2.23, 0.59, 922.62888
2017-05-31, 1, wei_ruo, 7.71, 6.68, 0.15, 6.67, 6.73, 6.78, 6.67, 63548.5, 42788880, 0.92, 1.65, 0.59, 628.44896
2017-06-01, 1, wei_ruo, 7.70, 6.51, -2.54, 6.68, 6.70, 6.70, 6.50, 56817, 37483138, 0.82, 2.99, 0.53, 679.6701
2017-06-02, 1, wei_ruo, 7.68, 6.54, 0.46, 6.51, 6.50, 6.55, 6.33, 88172.48, 56897226, 1.27, 3.38, 0.82, 680.66978
2017-06-05, 1, wei_ruo, 7.68, 6.61, 1.07, 6.54, 6.54, 6.64, 6.51, 57276, 37666832, 0.83, 1.99, 0.54, 634.63807
2017-06-06, 1, wei_ruo, 7.62, 6.60, 0.46, 6.57, 6.55, 6.62, 6.51, 34452.97, 22651091, 0.50, 1.67, 0.32, 875.06604
2017-06-07, 1, wei_ruo, 7.61, 6.73, 1.97, 6.60, 6.60, 6.76, 6.56, 76553.01, 51281473, 1.10, 3.03, 0.72, 898.77796
2017-06-08, 1, wei_ruo, 7.60, 6.75, 0.30, 6.73, 6.73, 6.87, 6.70, 88954.74, 60314824, 1.28, 2.53, 0.83, 655.5171
2017-06-09, 1, wei_ruo, 7.60, 6.71, -0.59, 6.75, 6.76, 6.79, 6.66, 59650.49, 40004883, 0.86, 1.93, 0.56, 904.26898
2017-06-12, 1, wei_ruo, 7.58, 6.74, 0.45, 6.71, 6.71, 6.91, 6.68, 97129.03, 65968956, 1.40, 3.43, 0.91, 568.37392
2017-06-13, 1, wei_ruo, 7.58, 6.80, 0.89, 6.74, 6.70, 6.81, 6.69, 63766.89, 43034061, 0.92, 1.78, 0.60, 618.08896
2017-06-14, 1, wei_ruo, 7.56, 6.84, 0.59, 6.80, 6.90, 7.04, 6.83, 123176.63, 85208407, 1.78, 3.09, 1.15, 601.09997
2017-06-15, 1, wei_ruo, 7.55, 6.89, 0.73, 6.84, 6.81, 6.95, 6.75, 110652.67, 75935990, 1.60, 2.92, 1.03, 685.01496
2017-06-16, 1, wei_ruo, 7.54, 6.95, 0.87, 6.89, 6.86, 7.07, 6.83, 108045, 74754610, 1.56, 3.48, 1.01, 552.80495
2017-06-19, 1, wei_ruo, 7.54, 6.91, -0.58, 6.95, 6.87, 6.96, 6.85, 81891.43, 56470245, 1.18, 1.58, 0.77, 844.97905
2017-06-20, 1, wei_ruo, 7.53, 6.88, -0.43, 6.91, 6.93, 6.93, 6.83, 78807.53, 54195875, 1.14, 1.45, 0.74, 651.25704
2017-06-21, 1, wei_ruo, 7.52, 6.82, -0.87, 6.88, 6.88, 6.90, 6.76, 66219, 45206304, 0.96, 2.03, 0.62, 799.48997
2017-06-22, 1, wei_ruo, 7.51, 6.66, -2.35, 6.82, 6.79, 6.85, 6.64, 73127.02, 49529720, 1.06, 3.08, 0.68, 781.36897
2017-06-23, 1, wei_ruo, 7.50, 6.63, -0.45, 6.66, 6.67, 6.69, 6.50, 72902.82, 48119292, 1.05, 2.85, 0.68, 784.09314
2017-06-26, 1, wei_ruo, 7.50, 6.72, 1.36, 6.63, 6.60, 6.73, 6.58, 73271.96, 48720744, 1.06, 2.26, 0.68, 708.11081
2017-06-27, 1, wei_ruo, 7.49, 6.74, 0.30, 6.72, 6.71, 6.83, 6.69, 70426.53, 47562566, 1.02, 2.08, 0.66, 588.88602
2017-06-28, 1, wei_ruo, 7.48, 6.66, -1.19, 6.74, 6.70, 6.73, 6.60, 43367.64, 28925244, 0.63, 1.93, 0.41, 779.83308
2017-06-29, 1, wei_ruo, 7.47, 6.79, 1.95, 6.66, 6.67, 6.95, 6.66, 110288.03, 75004028, 1.59, 4.35, 1.03, 686.83887
2017-06-30, 1, wei_ruo, 7.47, 6.74, -0.74, 6.79, 6.75, 6.76, 6.65, 53686.5, 36074035, 0.77, 1.62, 0.50, 548.41805
2017-07-03, 1, wei_ruo, 7.46, 6.81, 1.04, 6.74, 6.73, 6.82, 6.71, 57799.59, 39162490, 0.83, 1.63, 0.54, 2486.61304
2017-07-04, 1, wei_ruo, 7.46, 6.75, -0.88, 6.81, 6.80, 6.81, 6.72, 47706.5, 32226903, 0.69, 1.32, 0.45, 2649.74093
2017-07-05, 1, wei_ruo, 7.45, 6.79, 0.59, 6.75, 6.75, 6.80, 6.72, 46725.8, 31591597, 0.67, 1.19, 0.44, 724.84589
2017-07-06, 1, wei_ruo, 7.44, 6.84, 0.74, 6.79, 6.77, 6.93, 6.76, 107320.32, 73374494, 1.55, 2.50, 1.00, 780.04408
2017-07-07, 1, wei_ruo, 7.44, 6.83, -0.15, 6.84, 6.80, 6.84, 6.77, 66030.04, 44932323, 0.95, 1.02, 0.62, 607.60999
2017-07-10, 2, qing_du, 7.43, 6.84, 0.15, 6.83, 6.81, 6.87, 6.77, 72610.53, 49614932, 1.05, 1.46, 0.68, 905.1671
2017-07-11, 2, qing_du, 7.42, 6.86, 0.29, 6.84, 6.85, 6.93, 6.84, 137791.51, 94876112, 1.99, 1.32, 1.29, 774.56713
2017-07-12, 2, qing_du, 7.41, 6.82, -0.58, 6.86, 6.86, 6.91, 6.70, 125546.03, 85614376, 1.81, 3.06, 1.17, 2691.27297
2017-07-13, 3, zhong_du, 7.39, 6.99, 2.49, 6.82, 6.80, 7.07, 6.78, 220979.68, 153824978, 3.19, 4.25, 2.07, 851.91298
2017-07-14, 3, zhong_du, --, 6.89, -1.43, 6.99, 6.94, 6.95, 6.84, 118447.8, 81595558, 1.71, 1.57, 1.11, 1067.57689
2017-07-17, 3, zhong_du, --, 6.48, -5.95, 6.89, 6.86, 6.86, 6.44, 166903.52, 110042435, 2.41, 6.10, 1.56, 2731.39691
2017-07-18, 2, qing_du, 7.35, 6.52, 0.62, 6.48, 6.40, 6.53, 6.40, 81989.96, 53047660, 1.18, 2.01, 0.77, 639.32705
2017-07-19, 2, qing_du, --, 6.62, 1.53, 6.52, 6.50, 6.63, 6.48, 87258.64, 57257411, 1.26, 2.30, 0.82, 609.70807
2017-07-20, 1, wei_ruo, --, 6.61, -0.15, 6.62, 6.62, 6.69, 6.58, 72674.48, 48195316, 1.05, 1.66, 0.68, 587.291
2017-07-21, 1, wei_ruo, --, 6.63, 0.30, 6.61, 6.61, 6.68, 6.60, 68858.6, 45698104, 0.99, 1.21, 0.64, 462.50415
2017-07-24, 1, wei_ruo, 7.32, 6.77, 2.11, 6.63, 6.63, 6.80, 6.62, 94241.99, 63461477, 1.36, 2.71, 0.88, 621.12117
2017-07-25, 2, qing_du, --, 6.74, -0.44, 6.77, 6.72, 6.83, 6.65, 70930, 47735966, 1.02, 2.66, 0.66, 2798.41399
2017-07-26, 2, qing_du, --, 6.69, -0.74, 6.74, 6.74, 6.75, 6.64, 58544.66, 39089241, 0.84, 1.63, 0.55, 2638.90886
2017-07-27, 2, qing_du, 7.30, 6.73, 0.60, 6.69, 6.68, 6.76, 6.61, 88204.31, 59097075, 1.27, 2.24, 0.82, 950.18697
2017-07-28, 2, qing_du, 7.30, 6.67, -0.89, 6.73, 6.69, 6.72, 6.66, 52191.04, 34897064, 0.75, 0.89, 0.49, 730.06105
2017-07-31, 2, qing_du, 7.29, 6.69, 0.30, 6.67, 6.67, 6.71, 6.65, 66971.4, 44771483, 0.97, 0.90, 0.63, 902.21906
2017-08-01, 2, qing_du, 7.29, 6.74, 0.75, 6.69, 6.70, 6.75, 6.61, 72031.31, 48419139, 1.04, 2.09, 0.67, 763.75699
2017-08-02, 2, qing_du, 7.28, 6.70, -0.59, 6.74, 6.73, 6.85, 6.68, 126686.74, 85647272, 1.83, 2.52, 1.18, 16784.37495
2017-08-03, 2, qing_du, 7.26, 7.12, 6.27, 6.70, 6.70, 7.24, 6.70, 467308.34, 330245793, 6.74, 8.06, 4.37, 582.83281
2017-08-04, 3, zhong_du, 7.25, 7.00, -1.69, 7.12, 6.99, 7.10, 6.93, 229501.52, 161034347, 3.31, 2.39, 2.14, 930.91917
2017-08-07, 3, zhong_du, 7.25, 7.20, 2.86, 7.00, 7.00, 7.29, 6.97, 233183.03, 167056166, 3.37, 4.57, 2.18, 728.86896
2017-08-08, 4, gao_du, 7.25, 7.23, 0.42, 7.20, 7.15, 7.25, 7.10, 154000.22, 110394842, 2.22, 2.08, 1.44, 662.48989
2017-08-09, 4, gao_du, 7.24, 7.08, -2.07, 7.23, 7.16, 7.21, 7.00, 108301.89, 77031866, 1.56, 2.90, 1.01, 761.53493
2017-08-10, 4, gao_du, 7.24, 7.02, -0.85, 7.08, 7.09, 7.14, 6.93, 86005.54, 60364231, 1.24, 2.97, 0.80, 841.66908
2017-08-11, 4, gao_du, 7.23, 6.88, -1.99, 7.02, 6.94, 6.98, 6.76, 118287.92, 81522816, 1.71, 3.13, 1.11, 2828.69577
2017-08-14, 4, gao_du, 7.23, 7.03, 2.18, 6.88, 6.87, 7.06, 6.85, 62598.02, 43590229, 0.90, 3.05, 0.59, 793.262
2017-08-15, 3, zhong_du, 7.23, 7.04, 0.14, 7.03, 7.03, 7.12, 6.96, 74655, 52470830, 1.08, 2.28, 0.70, 753.80111
2017-08-16, 3, zhong_du, 7.23, 6.97, -0.99, 7.04, 7.04, 7.04, 6.94, 45041.51, 31429170, 0.65, 1.42, 0.42, 762.03299
2017-08-17, 4, gao_du, 7.23, 7.07, 1.43, 6.97, 6.97, 7.16, 6.97, 101093.5, 71409484, 1.46, 2.73, 0.94, 14537.47797
2017-08-18, 4, gao_du, 7.22, 7.04, -0.42, 7.07, 7.01, 7.14, 7.00, 70107.91, 49460662, 1.01, 1.98, 0.66, 856.32491
2017-08-21, 4, gao_du, 7.22, 7.01, -0.43, 7.04, 7.02, 7.10, 6.99, 103618.46, 72770223, 1.50, 1.56, 0.97, 875.28205
2017-08-22, 4, gao_du, 7.22, 6.96, -0.71, 7.01, 7.01, 7.05, 6.93, 67141.9, 46817163, 0.97, 1.71, 0.63, 713.15694
2017-08-23, 4, gao_du, 7.22, 6.90, -0.86, 6.96, 6.94, 6.95, 6.87, 54653, 37730654, 0.79, 1.15, 0.51, 1174.00002
2017-08-24, 3, zhong_du, 7.21, 6.81, -1.30, 6.90, 6.90, 6.90, 6.76, 53357.77, 36489730, 0.77, 2.03, 0.50, 723.23585
2017-08-25, 3, zhong_du, 7.21, 6.93, 1.76, 6.81, 6.85, 7.02, 6.83, 80624.76, 55764555, 1.16, 2.79, 0.75, 934.15308
2017-08-28, 3, zhong_du, 7.21, 6.99, 0.87, 6.93, 6.94, 7.05, 6.90, 75837, 52974284, 1.09, 2.16, 0.71, 1033.427
2017-08-29, 3, zhong_du, 7.21, 6.97, -0.29, 6.99, 7.00, 7.02, 6.93, 77140.23, 53858964, 1.11, 1.29, 0.72, 664.09183
2017-08-30, 3, zhong_du, 7.20, 7.00, 0.43, 6.97, 6.97, 7.10, 6.96, 108379.49, 76049333, 1.56, 2.01, 1.01, 722.91899
2017-08-31, 3, zhong_du, 7.20, 6.99, -0.14, 7.00, 7.00, 7.05, 6.98, 33695.51, 23621529, 0.49, 1.00, 0.63, 737.77008
2017-09-01, 3, zhong_du, 7.20, 6.99, -0.14, 7.00, 7.00, 7.05, 6.98, 33695.51, 23621529, 0.49, 1.00, 0.63, 718.05191
2017-09-04, 4, gao_du, 7.20, 6.99, 0.00, 6.99, 6.98, 7.01, 6.94, 82794.21, 57758333, 1.19, 1.00, 0.77, 14221.00902
2017-09-05, 4, gao_du, 7.19, 6.99, -0.14, 7.00, 7.00, 7.05, 6.98, 33695.51, 23621529, 0.49, 1.00, 0.63, 620.71896
2017-09-06, 4, gao_du, 7.19, 7.03, -0.14, 7.04, 7.01, 7.06, 6.97, 69822.5, 48893741, 1.01, 1.28, 0.65, 652.457
2017-09-07, 4, gao_du, 7.19, 6.99, -0.14, 7.00, 7.00, 7.05, 6.98, 33695.51, 23621529, 0.49, 1.00, 0.63, 989.76111
2017-09-08, 3, zhong_du, 7.19, 6.93, -0.14, 6.94, 6.95, 6.96, 6.88, 74868.45, 51777302, 1.08, 1.15, 0.70, 643.49318
2017-09-11, 3, zhong_du, 7.18, 6.94, 0.14, 6.93, 6.93, 6.95, 6.87, 51201.6, 35413423, 0.74, 1.15, 0.48, 661.26585
2017-09-12, 3, zhong_du, 7.18, 6.85, -1.30, 6.94, 6.94, 6.95, 6.80, 97807.86, 67322671, 1.41, 2.16, 0.91, 684.32307
2017-09-13, 3, zhong_du, 7.18, 6.87, 0.29, 6.85, 6.83, 6.88, 6.82, 40830.14, 27989257, 0.59, 0.88, 0.38, 694.86308
2017-09-14, 2, qing_du, 7.17, 6.88, 0.15, 6.87, 6.89, 6.95, 6.82, 75169.35, 51628123, 1.08, 1.89, 0.70, 596.93885
2017-09-15, 2, qing_du, 7.17, 6.84, -0.58, 6.88, 6.86, 6.87, 6.81, 54136.89, 37027883, 0.78, 0.87, 0.51, 1058.87294
2017-09-18, 2, qing_du, 7.17, 6.86, 0.29, 6.84, 6.84, 6.87, 6.80, 48600.94, 33237622, 0.70, 1.02, 0.45, 630.90992
2017-09-19, 2, qing_du, 7.17, 6.85, -0.15, 6.86, 6.89, 6.90, 6.83, 42257.5, 29003642, 0.61, 1.02, 0.39, 785.03299
2017-09-20, 2, qing_du, 7.17, 6.87, 0.29, 6.85, 6.84, 6.89, 6.83, 41371.92, 28387778, 0.60, 0.88, 0.39, 675.22693
2017-09-21, 2, qing_du, 7.16, 6.88, 0.15, 6.87, 6.86, 6.93, 6.83, 66305.26, 45614062, 0.96, 1.46, 0.62, 767.58385
2017-09-22, 1, wei_ruo, 7.16, 6.77, -1.60, 6.88, 6.85, 6.88, 6.76, 77361.76, 52570140, 1.12, 1.74, 0.72, 710.392
2017-09-25, 1, wei_ruo, 7.16, 6.68, -1.33, 6.77, 6.77, 6.79, 6.66, 42880.26, 28824574, 0.62, 1.92, 0.40, 916.68892
2017-09-26, 1, wei_ruo, 7.15, 6.69, 0.15, 6.68, 6.68, 6.72, 6.65, 36843.6, 24638626, 0.53, 1.05, 0.34, 754.16207
2017-09-27, 1, wei_ruo, 7.15, 6.70, 0.15, 6.69, 6.69, 6.72, 6.67, 30580.5, 20479797, 0.44, 0.75, 0.29, 646.50393
2017-09-28, 1, wei_ruo, 7.15, 6.70, 0.00, 6.70, 6.70, 6.73, 6.67, 35565.34, 23832513, 0.51, 0.90, 0.33, 2594.04278
2017-09-29, 1, wei_ruo, 7.15, 6.75, 0.75, 6.70, 6.71, 6.76, 6.71, 28981.15, 19492523, 0.42, 0.75, 0.27, 736.26113
2017-10-10, 1, wei_ruo, 7.14, 6.86, 1.03, 6.79, 6.81, 6.87, 6.78, 47328.21, 32366458, 0.68, 1.33, 0.44, 530.07102
2017-10-12, 1, wei_ruo, 7.14, 6.82, -0.73, 6.87, 6.85, 6.86, 6.79, 46127.55, 31484824, 0.67, 1.02, 0.43, 773.78488
2017-10-13, 1, wei_ruo, 7.14, 6.85, 0.44, 6.82, 6.83, 6.86, 6.79, 25183.5, 17195892, 0.36, 1.03, 0.24, 647.63784
2017-10-16, 1, wei_ruo, 7.14, 6.74, -1.61, 6.85, 6.86, 6.87, 6.73, 42589, 28873503, 0.61, 2.04, 0.40, 719.99097
2017-10-17, 1, wei_ruo, 7.13, 6.74, 0.00, 6.74, 6.75, 6.76, 6.69, 29960.69, 20147171, 0.43, 1.04, 0.28, 481.65917
2017-10-18, 1, wei_ruo, 7.13, 6.75, 0.15, 6.74, 6.74, 6.85, 6.72, 53155.75, 36082020, 0.77, 1.93, 0.50, 757.87807
2017-10-19, 1, wei_ruo, 7.13, 6.64, -1.63, 6.75, 6.74, 6.74, 6.61, 60790.83, 40478731, 0.88, 1.93, 0.57, 721.24791
2017-10-20, 1, wei_ruo, 7.12, 6.91, 4.07, 6.64, 6.70, 6.97, 6.69, 198587.84, 136453117, 2.87, 4.22, 1.86, 586.7691
2017-10-23, 1, wei_ruo, 7.11, 6.83, -1.16, 6.91, 6.86, 6.92, 6.79, 105121.81, 71947313, 1.52, 1.88, 0.98, 844.21802
2017-10-24, 1, wei_ruo, 7.11, 6.88, 0.73, 6.83, 6.81, 6.89, 6.75, 100169.41, 68352689, 1.45, 2.05, 0.94, 844.14411
2017-10-25, 1, wei_ruo, 7.11, 6.88, 0.00, 6.88, 6.84, 6.92, 6.82, 76176, 52298124, 1.10, 1.45, 0.71, 2672.52707
2017-10-26, 2, qing_du, 7.11, 6.86, -0.29, 6.88, 6.85, 6.93, 6.81, 76470.08, 52497484, 1.10, 1.74, 0.71, 819.12208
2017-10-27, 2, qing_du, 7.10, 6.88, 0.29, 6.86, 6.89, 7.01, 6.85, 121551.21, 84149505, 1.75, 2.33, 1.14, 672.1549
2017-10-30, 1, wei_ruo, 7.10, 6.64, -3.49, 6.88, 6.84, 6.86, 6.63, 116461.68, 78035076, 1.68, 3.34, 1.09, 60678.61295
2017-10-31, 1, wei_ruo, 7.09, 6.73, 1.36, 6.64, 6.64, 6.76, 6.64, 69701.27, 46749353, 1.01, 1.81, 0.65, 596.23003
2017-11-01, 1, wei_ruo, 7.09, 6.66, -1.04, 6.73, 6.70, 6.73, 6.65, 46648.18, 31189696, 0.67, 1.19, 0.44, 3206.02512
2017-11-02, 1, wei_ruo, 7.09, 6.64, -0.30, 6.66, 6.69, 6.73, 6.62, 45596, 30417349, 0.66, 1.65, 0.43, 692.20495
2017-11-03, 1, wei_ruo, 7.08, 6.49, -2.26, 6.64, 6.62, 6.63, 6.46, 75321.91, 49236912, 1.09, 2.56, 0.70, 731.22811
2017-11-06, 1, wei_ruo, 7.08, 6.55, 0.15, 6.54, 6.54, 6.60, 6.54, 6912, 4541733, 0.10, 0.92, 0.82, 804.53396
2017-11-07, 1, wei_ruo, 7.07, 6.58, 0.00, 6.58, 6.57, 6.58, 6.55, 1426, 936199, 0.02, 0.46, 0.36, 2701.75791
2017-11-08, 1, wei_ruo, 7.07, 6.55, 0.15, 6.54, 6.54, 6.60, 6.53, 22726.45, 14915062, 0.33, 1.07, 0.42, 122762.26401
2017-11-09, 1, wei_ruo, 7.07, 6.54, -0.76, 6.59, 6.57, 6.57, 6.53, 8685.5, 5682306, 0.13, 0.61, 1.39, 182052.18697
2017-11-10, 1, wei_ruo, 7.06, 6.55, 0.15, 6.54, 6.54, 6.60, 6.53, 22726.45, 14915062, 0.33, 1.07, 0.42, 1820.2579
2017-11-13, 1, wei_ruo, 7.06, 6.52, -0.31, 6.54, 6.56, 6.58, 6.50, 44258, 28900653, 0.64, 1.22, 1.09, 698.13085
2017-11-14, 1, wei_ruo, 7.06, 6.48, -0.61, 6.52, 6.53, 6.53, 6.42, 55075, 35642907, 0.79, 1.69, 1.28, 855.29685
2017-11-15, 1, wei_ruo, 7.05, 6.42, -0.93, 6.48, 6.47, 6.47, 6.40, 37380.91, 24012634, 0.54, 1.08, 0.82, 764.36901
2017-11-16, 1, wei_ruo, 7.05, 6.37, -0.78, 6.42, 6.40, 6.45, 6.36, 41068.5, 26295472, 0.59, 1.40, 0.92, 870.85199
2017-11-17, 1, wei_ruo, 7.04, 6.14, -3.61, 6.37, 6.39, 6.40, 6.10, 84127.81, 52425818, 1.21, 4.71, 1.84, 906.20494
2017-11-20, 1, wei_ruo, 7.03, 6.12, -0.33, 6.14, 6.10, 6.14, 5.96, 35708.88, 21628819, 0.52, 2.93, 0.68, 1591.1231
2017-11-21, 1, wei_ruo, 7.03, 6.09, -0.49, 6.12, 6.08, 6.15, 6.05, 36548.5, 22290015, 0.53, 1.63, 0.72, 660.46214
2017-11-22, 1, wei_ruo, 7.03, 6.06, -0.49, 6.09, 6.10, 6.13, 6.03, 31225.78, 18948406, 0.45, 1.64, 0.66, 815.76991
2017-11-23, 1, wei_ruo, 7.02, 5.97, -1.49, 6.06, 6.06, 6.07, 5.95, 37151.19, 22329934, 0.54, 1.98, 0.81, 3404.8171
2017-11-24, 1, wei_ruo, 7.02, 6.04, 1.17, 5.97, 5.95, 6.15, 5.93, 29847.74, 18028220, 0.43, 3.69, 0.66, 665.85493
2017-11-27, 1, wei_ruo, 7.01, 5.98, -0.99, 6.04, 6.03, 6.04, 5.95, 19795.18, 11855488, 0.29, 1.49, 0.58, 616.89305
2017-11-28, 1, wei_ruo, 7.01, 6.03, 0.84, 5.98, 5.99, 6.04, 5.97, 25011.21, 15029569, 0.36, 1.17, 0.81, 711.85303
2017-11-29, 1, wei_ruo, 7.00, 6.06, 0.50, 6.03, 6.04, 6.10, 6.01, 30367.53, 18375620, 0.44, 1.49, 1.06, 734.29179
2017-11-30, 1, wei_ruo, 7.00, 6.02, -0.66, 6.06, 6.04, 6.08, 6.01, 20637.51, 12471354, 0.30, 1.16, 0.73, 2770.41912
2017-12-01, 1, wei_ruo, 7.00, 6.07, 0.83, 6.02, 6.03, 6.08, 6.02, 18860.5, 11415466, 0.27, 1.00, 0.75, 608.69789
2017-12-04, 1, wei_ruo, 6.99, 6.07, 0.00, 6.07, 6.05, 6.14, 6.04, 34334, 20878012, 0.50, 1.65, 1.50, 1012.78877
2017-12-05, 1, wei_ruo, 6.99, 5.89, -2.97, 6.07, 6.06, 6.08, 5.84, 42565.56, 25344256, 0.61, 3.95, 1.65, 846.29679
2017-12-06, 1, wei_ruo, 6.98, 5.86, -0.51, 5.89, 5.90, 5.93, 5.69, 56571.56, 32776106, 0.82, 4.07, 1.93, 526.02601
2017-12-07, 1, wei_ruo, 6.97, 5.81, -0.85, 5.86, 5.82, 5.86, 5.78, 27858.02, 16213522, 0.40, 1.37, 0.81, 641.58416
2017-12-08, 1, wei_ruo, 6.97, 5.85, 0.69, 5.81, 5.81, 5.88, 5.81, 19403.98, 11349411, 0.28, 1.20, 0.54, 733.10018
2017-12-11, 1, wei_ruo, 6.97, 5.90, 0.85, 5.85, 5.88, 5.92, 5.84, 25515.28, 14982953, 0.37, 1.37, 0.71, 1170.19796
2017-12-12, 1, wei_ruo, 6.96, 5.82, -1.36, 5.90, 5.87, 5.90, 5.82, 20506, 12004644, 0.30, 1.36, 0.60, 692.17682
2017-12-13, 1, wei_ruo, 6.96, 5.84, 0.34, 5.82, 5.81, 5.86, 5.78, 24184.38, 14087333, 0.35, 1.37, 0.81, 2653.88298
2017-12-14, 1, wei_ruo, 6.95, 5.86, 0.34, 5.84, 5.85, 5.91, 5.81, 29939.02, 17523600, 0.43, 1.71, 1.27, 1106.8778
2017-12-15, 1, wei_ruo, 6.95, 5.84, -0.34, 5.86, 5.86, 5.86, 5.81, 21417.52, 12486419, 0.31, 0.85, 0.90, 618.10803
2017-12-18, 1, wei_ruo, 6.95, 5.89, 0.86, 5.84, 5.86, 5.92, 5.86, 33578.04, 19771338, 0.48, 1.03, 1.38, 532.09496
2017-12-19, 1, wei_ruo, 6.94, 5.86, -0.51, 5.89, 5.86, 5.91, 5.82, 43183.82, 25287944, 0.62, 1.53, 1.67, 765.01203
2017-12-20, 1, wei_ruo, 6.93, 5.81, -0.85, 5.86, 5.85, 5.89, 5.79, 28067.2, 16390458, 0.41, 1.71, 0.92, 4687.34097
2017-12-21, 1, wei_ruo, 6.93, 5.83, 0.34, 5.81, 5.84, 5.86, 5.79, 21924.18, 12761873, 0.32, 1.20, 0.70, 1896.53301
2017-12-22, 1, wei_ruo, 6.93, 5.82, -0.17, 5.83, 5.83, 5.84, 5.81, 18107.68, 10548693, 0.26, 0.51, 0.61, 1224.15805
2017-12-25, 1, wei_ruo, 6.92, 5.74, -1.37, 5.82, 5.80, 5.84, 5.72, 26262.83, 15168337, 0.38, 2.06, 0.91, 720.41321
2017-12-26, 1, wei_ruo, 6.92, 5.79, 0.87, 5.74, 5.74, 5.81, 5.74, 21339.35, 12331459, 0.31, 1.22, 0.78, 537.52494
2017-12-27, 1, wei_ruo, 6.92, 5.80, 0.17, 5.79, 5.79, 5.84, 5.78, 21712.85, 12611523, 0.31, 1.04, 0.94, 593.21308
2017-12-29, 1, wei_ruo, 6.91, 5.89, 0.34, 5.87, 5.87, 5.93, 5.82, 35154.27, 20695115, 0.51, 1.87, 1.54, 639.80699
2018-01-03, 1, wei_ruo, 6.90, 5.95, 1.02, 5.89, 5.89, 5.95, 5.89, 44791.35, 26563537, 0.65, 1.02, 1.82, 749.95112
2018-01-04, 1, wei_ruo, 6.89, 5.96, 0.17, 5.95, 5.95, 5.98, 5.92, 33472.34, 19911552, 0.48, 1.01, 1.14, 883.71706
2018-01-05, 1, wei_ruo, 6.88, 6.06, 1.68, 5.96, 5.98, 6.16, 5.95, 80569.17, 48890961, 1.16, 3.52, 2.55, 760.82087
2018-01-08, 1, wei_ruo, 6.88, 6.04, -0.33, 6.06, 6.00, 6.05, 5.97, 45114.88, 27112804, 0.65, 1.32, 1.07, 580.62696
2018-01-09, 1, wei_ruo, 6.87, 6.01, -0.50, 6.04, 6.03, 6.07, 5.99, 35098.35, 21136726, 0.51, 1.32, 0.73, 656.41689
2018-01-10, 1, wei_ruo, 6.86, 6.15, 2.33, 6.01, 6.00, 6.18, 5.90, 98949.73, 60035924, 1.43, 4.66, 2.07, 4588.54508
2018-01-11, 2, qing_du, 6.86, 6.07, -1.30, 6.15, 6.09, 6.14, 6.02, 66333.81, 40272949, 0.96, 1.95, 1.13, 641.29305
2018-01-12, 2, qing_du, 6.85, 6.02, -0.82, 6.07, 6.09, 6.12, 6.00, 35340.5, 21432361, 0.51, 1.98, 0.54, 1230.23605
2018-01-15, 2, qing_du, 6.85, 5.89, -2.16, 6.02, 6.00, 6.01, 5.84, 41841.03, 24833916, 0.60, 2.82, 0.74, 893.56995
2018-01-16, 2, qing_du, 6.84, 5.93, 0.68, 5.89, 5.90, 5.94, 5.86, 25067.02, 14803205, 0.36, 1.36, 0.45, 597.47505
2018-01-17, 1, wei_ruo, 6.84, 5.97, 0.67, 5.93, 5.91, 6.03, 5.83, 38113.7, 22637859, 0.55, 3.37, 0.71, 627.49887
2018-01-18, 1, wei_ruo, 6.83, 5.98, 0.17, 5.97, 5.93, 5.99, 5.93, 27825.02, 16596233, 0.40, 1.01, 0.67, 3557.39212
2018-01-19, 1, wei_ruo, 6.83, 5.93, -0.84, 5.98, 5.97, 6.04, 5.92, 35429.3, 21146967, 0.51, 2.01, 1.05, 710.12211
2018-01-22, 1, wei_ruo, 6.83, 5.98, 0.84, 5.93, 5.93, 6.00, 5.92, 29164.66, 17401578, 0.42, 1.35, 0.87, 777.3881
2018-01-23, 2, qing_du, 6.82, 6.04, 1.00, 5.98, 5.96, 6.07, 5.96, 46537.63, 28057112, 0.67, 1.84, 1.50, 699.26596
2018-01-24, 2, qing_du, 6.82, 6.07, 0.50, 6.04, 6.03, 6.07, 6.00, 37333.37, 22568219, 0.54, 1.16, 1.05, 664.37101
2018-01-25, 3, zhong_du, 6.81, 6.08, 0.16, 6.07, 6.05, 6.19, 6.04, 61335.27, 37484540, 0.89, 2.47, 1.74, 4656.70896
2018-01-26, 3, zhong_du, 6.81, 6.08, 0.00, 6.08, 6.05, 6.14, 6.04, 38216.86, 23281685, 0.55, 1.64, 0.91, 993.08395
2018-01-29, 3, zhong_du, 6.80, 5.98, -1.64, 6.08, 6.09, 6.09, 5.98, 42136, 25436903, 0.61, 1.81, 0.99, 820.25003
2018-01-30, 3, zhong_du, 6.79, 6.09, 1.84, 5.98, 6.14, 6.20, 6.08, 97239.25, 59611830, 1.40, 2.01, 2.16, 681.4599
2018-01-31, 3, zhong_du, 6.78, 6.20, 1.81, 6.09, 6.03, 6.24, 6.01, 99695.85, 61031493, 1.44, 3.78, 1.80, 701.31111
2018-02-01, 3, zhong_du, 6.77, 6.09, -1.77, 6.20, 6.17, 6.24, 6.04, 94620.06, 58154097, 1.37, 3.23, 1.40, 2681.92196
2018-02-02, 3, zhong_du, 6.77, 5.99, -1.64, 6.09, 6.03, 6.07, 5.79, 60881.99, 36213442, 0.88, 4.60, 0.82, 1072.13187
2018-02-05, 3, zhong_du, 6.76, 5.98, -0.17, 5.99, 5.85, 6.00, 5.82, 40176.25, 23903683, 0.58, 3.01, 0.51, 890.1329
2018-02-06, 2, qing_du, 6.75, 5.71, -4.52, 5.98, 5.88, 5.95, 5.67, 66135.92, 38528423, 0.95, 4.68, 0.84, 593.30487
2018-02-07, 2, qing_du, 6.75, 5.76, 0.88, 5.71, 5.79, 5.85, 5.68, 39784.26, 22982388, 0.57, 2.98, 0.55, 928.35283
2018-02-08, 1, wei_ruo, 6.74, 5.84, 1.39, 5.76, 5.78, 5.87, 5.76, 24083.43, 14061895, 0.35, 1.91, 0.53, 965.76214
2018-02-09, 1, wei_ruo, 6.74, 5.62, -3.77, 5.84, 5.75, 5.79, 5.55, 47224.53, 26778216, 0.68, 4.11, 1.41, 824.54705
2018-02-12, 1, wei_ruo, 6.73, 5.75, 2.31, 5.62, 5.66, 5.76, 5.65, 41247.17, 23523777, 0.60, 1.96, 1.13, 684.84521
2018-02-13, 1, wei_ruo, 6.73, 5.76, 0.17, 5.75, 5.76, 5.83, 5.75, 23111, 13377806, 0.33, 1.39, 0.53, 659.18207
2018-02-14, 1, wei_ruo, 6.72, 5.79, 0.52, 5.76, 5.78, 5.80, 5.73, 16908, 9756597, 0.24, 1.22, 0.50, 764.97102
