2015-06-19, 4, gao_du, 21.63, 22.08, 0.00, 22.08, 0.00, 0.00, 0.00, 0, 0, 0.00, 0.00, 0.00, 777.56
2015-06-19, 4, gao_du, 21.63, 22.08, 0.00, 22.08, 0.00, 0.00, 0.00, 0, 0, 0.00, 0.00, 0.00, 3068.34602
2015-06-19, 4, gao_du, 21.63, 22.08, 0.00, 22.08, 0.00, 0.00, 0.00, 0, 0, 0.00, 0.00, 0.00, 18559.98898
2015-06-19, 4, gao_du, 21.63, 22.08, 0.00, 22.08, 0.00, 0.00, 0.00, 0, 0, 0.00, 0.00, 0.00, 1245.31484
2015-06-19, 4, gao_du, 21.63, 22.08, 0.00, 22.08, 0.00, 0.00, 0.00, 0, 0, 0.00, 0.00, 0.00, 3024.32609
2015-06-19, 4, gao_du, 21.63, 22.08, 0.00, 22.08, 0.00, 0.00, 0.00, 0, 0, 0.00, 0.00, 0.00, 1130.63979
2015-06-19, 4, gao_du, 21.63, 22.08, 0.00, 22.08, 0.00, 0.00, 0.00, 0, 0, 0.00, 0.00, 0.00, 2876.39403
2015-06-19, 4, gao_du, 21.63, 22.08, 0.00, 22.08, 0.00, 0.00, 0.00, 0, 0, 0.00, 0.00, 0.00, 1078.07803
2015-06-19, 4, gao_du, 21.63, 22.08, 0.00, 22.08, 0.00, 0.00, 0.00, 0, 0, 0.00, 0.00, 0.00, 1128.80707
2015-06-19, 4, gao_du, 21.63, 22.08, 0.00, 22.08, 0.00, 0.00, 0.00, 0, 0, 0.00, 0.00, 0.00, 1165.2658
2015-06-19, 4, gao_du, 21.63, 22.08, 0.00, 22.08, 0.00, 0.00, 0.00, 0, 0, 0.00, 0.00, 0.00, 1048.69509
2015-06-19, 4, gao_du, 21.63, 22.08, 0.00, 22.08, 0.00, 0.00, 0.00, 0, 0, 0.00, 0.00, 0.00, 879.90403
2015-11-02, 3, zhong_du, 23.49, 19.87, -10.01, 22.08, 19.87, 19.87, 19.87, 29054, 57730298, 0.35, 0.00, 0.11, 1121.79685
2015-11-03, 2, qing_du, 22.76, 18.05, -9.16, 19.87, 17.88, 18.74, 17.88, 1128449.4, 2036936447, 13.78, 4.33, 5.64, 1201.56813
2015-11-04, 1, wei_ruo, 22.43, 18.59, 2.99, 18.05, 17.60, 18.77, 17.58, 609121.08, 1108891299, 7.44, 6.59, 1.64, 1354.96497
2015-11-05, 1, wei_ruo, 22.23, 18.34, -1.34, 18.59, 18.54, 18.68, 18.19, 410967.58, 757011381, 5.02, 2.64, 0.93, 1193.42804
2015-11-06, 1, wei_ruo, 22.08, 19.41, 5.83, 18.34, 18.33, 19.75, 18.27, 390185.46, 753542686, 4.76, 8.07, 0.81, 1732.16105
2015-11-09, 1, wei_ruo, 21.99, 20.41, 5.15, 19.41, 19.34, 20.75, 19.29, 401519.77, 807756201, 4.90, 7.52, 0.78, 1239.1789
2015-11-10, 1, wei_ruo, 21.92, 20.08, -1.62, 20.41, 20.20, 20.90, 19.87, 303838.28, 615394038, 3.71, 5.05, 0.52, 427.64997
2015-11-11, 1, wei_ruo, 21.91, 20.19, 0.60, 20.07, 20.06, 20.20, 19.80, 173211.43, 345495542, 2.12, 1.99, 0.41, 232.69105
2015-11-12, 1, wei_ruo, 21.83, 20.23, 0.20, 20.19, 20.39, 20.45, 19.87, 205516.02, 413456761, 2.51, 2.87, 0.61, 1462.42118
2015-11-13, 1, wei_ruo, 21.80, 20.02, -1.04, 20.23, 20.23, 20.44, 19.91, 177401.96, 357155069, 2.17, 2.62, 0.60, 1234.83396
2015-11-16, 1, wei_ruo, 21.76, 19.98, -0.20, 20.02, 19.66, 20.02, 19.50, 150104.15, 297108891, 1.83, 2.60, 0.59, 879.601
2015-11-17, 1, wei_ruo, 21.72, 19.85, -0.65, 19.98, 20.22, 20.35, 19.78, 168371.33, 337353421, 2.06, 2.85, 0.83, 1016.98399
2015-11-18, 1, wei_ruo, 21.69, 19.69, -0.81, 19.85, 19.85, 20.19, 19.68, 129124.94, 256763273, 1.58, 2.57, 0.74, 1671.32187
2015-11-19, 1, wei_ruo, 21.66, 19.84, 0.76, 19.69, 19.75, 19.94, 19.49, 135878.05, 267125138, 1.66, 2.29, 0.82, 16844.73896
2015-11-20, 1, wei_ruo, 21.61, 20.77, 4.69, 19.84, 19.91, 20.87, 19.72, 330597.03, 675896974, 4.04, 5.80, 2.17, 32398
2015-11-23, 1, wei_ruo, 21.59, 20.33, -2.12, 20.77, 20.70, 20.96, 20.30, 196937.62, 404196846, 2.40, 3.18, 1.08, 16651.41606
2015-11-24, 1, wei_ruo, 21.56, 20.17, -0.79, 20.33, 20.33, 20.41, 19.87, 149670.2, 300207415, 1.83, 2.66, 0.78, 1126.33395
2015-11-25, 1, wei_ruo, 21.54, 20.23, 0.30, 20.17, 20.13, 20.38, 20.02, 110493.6, 223204666, 1.35, 1.78, 0.59, 2214.50186
2015-11-26, 1, wei_ruo, 21.52, 20.08, -0.74, 20.23, 20.22, 20.66, 20.06, 145624.22, 294908615, 1.78, 2.97, 0.79, 1067.66391
2015-11-27, 1, wei_ruo, 21.45, 18.40, -8.37, 20.08, 20.01, 20.05, 18.18, 218817.46, 417684574, 2.67, 9.31, 1.17, 934.9308
2015-11-30, 1, wei_ruo, 21.38, 18.39, -0.05, 18.40, 18.47, 18.79, 17.51, 183008.98, 333157531, 2.23, 6.96, 1.11, 948.54188
2015-12-01, 1, wei_ruo, 21.33, 18.89, 2.72, 18.39, 18.20, 19.17, 18.20, 141950.42, 267379007, 1.73, 5.27, 0.88, 1322.95394
2015-12-02, 1, wei_ruo, 21.30, 18.74, -0.79, 18.89, 18.89, 19.09, 18.31, 101976.85, 190511994, 1.25, 4.13, 0.64, 869.61198
2015-12-03, 1, wei_ruo, 21.30, 18.81, 0.37, 18.74, 18.78, 18.98, 18.67, 108665.95, 204230967, 1.33, 1.65, 0.69, 776.71003
2015-12-04, 1, wei_ruo, 21.24, 18.54, -1.44, 18.81, 18.86, 19.19, 18.52, 137567.41, 259031952, 1.68, 3.56, 0.91, 628.99208
2015-12-07, 1, wei_ruo, 21.21, 18.48, -0.32, 18.54, 18.55, 18.66, 18.31, 73839.7, 136446480, 0.90, 1.89, 0.55, 657.54294
2015-12-08, 1, wei_ruo, 21.18, 18.06, -2.27, 18.48, 18.40, 18.41, 18.06, 94685.88, 172046403, 1.16, 1.89, 0.84, 784.86085
2015-12-09, 1, wei_ruo, 21.14, 17.87, -1.05, 18.06, 18.15, 18.23, 17.83, 84675.46, 152084211, 1.03, 2.21, 0.82, 655.04789
2015-12-10, 1, wei_ruo, 21.10, 18.16, 1.62, 17.87, 17.91, 18.30, 17.88, 103082.72, 186241606, 1.26, 2.35, 1.03, 852.2172
2015-12-11, 1, wei_ruo, 21.08, 18.17, 0.06, 18.16, 18.15, 18.25, 17.93, 71423.13, 129108095, 0.87, 1.76, 0.72, 933.15911
2015-12-14, 1, wei_ruo, 21.04, 18.72, 3.03, 18.17, 18.10, 18.80, 18.05, 133278.77, 248138698, 1.63, 4.13, 1.56, 902.62008
2015-12-15, 1, wei_ruo, 21.00, 18.53, -1.01, 18.72, 18.66, 19.09, 18.47, 125599.11, 235303697, 1.53, 3.31, 1.29, 1054.92806
2015-12-16, 1, wei_ruo, 20.97, 18.71, 0.97, 18.53, 18.85, 18.91, 18.61, 104135.22, 195423510, 1.27, 1.62, 1.01, 832.11994
2015-12-17, 1, wei_ruo, 20.93, 19.31, 3.21, 18.71, 18.99, 19.43, 18.88, 180121.21, 346403374, 2.20, 2.94, 1.68, 1208.16398
2015-12-18, 1, wei_ruo, 20.90, 18.96, -1.81, 19.31, 19.32, 19.45, 18.85, 135654.91, 259483059, 1.66, 3.11, 1.10, 801.49484
2015-12-21, 1, wei_ruo, 20.87, 19.24, 1.48, 18.96, 18.80, 19.40, 18.70, 162525.06, 310501116, 1.98, 3.69, 1.20, 1038.27882
2015-12-22, 1, wei_ruo, 20.83, 19.77, 2.75, 19.24, 19.99, 20.12, 19.62, 275767.33, 548253556, 3.37, 2.60, 1.95, 1237.75291
2015-12-23, 1, wei_ruo, 20.81, 19.66, -0.56, 19.77, 19.79, 20.28, 19.52, 160920.57, 321125039, 1.96, 3.84, 0.94, 846.46606
2015-12-24, 1, wei_ruo, 20.80, 19.83, 0.86, 19.66, 19.70, 19.87, 19.45, 103880.64, 204372174, 1.27, 2.14, 0.57, 782.73892
2015-12-25, 2, qing_du, 20.79, 19.87, 0.20, 19.83, 19.88, 20.07, 19.75, 91222.23, 181932515, 1.11, 1.61, 0.54, 819.38601
2015-12-28, 2, qing_du, 20.77, 19.46, -2.06, 19.87, 20.18, 20.18, 19.44, 158100.84, 314702794, 1.93, 3.72, 1.00, 1005.96189
2015-12-29, 2, qing_du, 20.75, 19.35, -0.57, 19.46, 19.48, 19.70, 19.14, 105530.95, 203814983, 1.29, 2.88, 0.67, 971.5519
2015-12-30, 2, qing_du, 20.73, 19.75, 2.07, 19.35, 19.44, 19.88, 19.24, 115979.92, 226346458, 1.42, 3.31, 0.73, 3245.70704
2015-12-31, 2, qing_du, 20.72, 19.50, -1.27, 19.75, 19.75, 19.95, 19.47, 87986.11, 173513616, 1.07, 2.43, 0.56, 960.99901
2016-01-04, 1, wei_ruo, 20.69, 17.73, -9.08, 19.50, 19.50, 19.60, 17.70, 106074.18, 196907127, 1.30, 9.74, 1.04, 2922.87302
2016-01-05, 1, wei_ruo, 20.63, 17.67, -0.34, 17.73, 17.10, 18.18, 17.10, 170679.52, 300736305, 2.08, 6.09, 1.08, 2752.04396
2016-01-06, 1, wei_ruo, 20.60, 17.98, 1.75, 17.67, 17.85, 18.13, 17.59, 93179.06, 166619428, 1.14, 3.06, 0.59, 1088.72795
2016-01-07, 1, wei_ruo, 20.57, 16.26, -9.57, 17.98, 17.55, 17.58, 16.19, 45714.4, 77475393, 0.56, 7.73, 2.31, 801.82099
2016-01-08, 1, wei_ruo, 20.57, 16.23, -0.18, 16.26, 16.44, 16.99, 15.28, 187835.63, 306926387, 2.29, 10.52, 1.19, 919.53301
2016-01-11, 1, wei_ruo, 20.38, 14.95, -7.89, 16.23, 15.95, 16.20, 14.71, 170026.73, 263914492, 2.08, 9.18, 1.08, 2880.47314
2016-01-12, 1, wei_ruo, 20.28, 14.91, -0.27, 14.95, 15.09, 15.30, 14.42, 139011.55, 206484104, 1.70, 5.89, 0.88, 879.48585
2016-01-13, 1, wei_ruo, 20.19, 14.59, -2.15, 14.91, 15.22, 15.22, 14.50, 137973.96, 206175792, 1.68, 4.83, 0.87, 906.62694
2016-01-14, 1, wei_ruo, 20.11, 15.03, 3.02, 14.59, 14.20, 15.08, 14.14, 129656.09, 189479017, 1.58, 6.44, 0.82, 816.90097
2016-01-15, 1, wei_ruo, 20.01, 14.00, -6.85, 15.03, 15.03, 15.04, 13.86, 138950.7, 200700438, 1.70, 7.85, 0.88, 957.59988
2016-01-18, 1, wei_ruo, 19.92, 14.09, 0.64, 14.00, 13.55, 14.38, 13.55, 116006.76, 163009789, 1.42, 5.93, 0.73, 3004.74715
2016-01-19, 1, wei_ruo, 19.82, 14.73, 4.54, 14.09, 14.14, 14.81, 14.00, 158703.2, 228641387, 1.94, 5.75, 1.00, 835.30498
2016-01-20, 1, wei_ruo, 19.73, 14.44, -1.97, 14.73, 14.52, 14.85, 14.35, 136025.56, 198221035, 1.66, 3.39, 0.86, 763.19885
2016-01-21, 1, wei_ruo, 19.63, 13.84, -4.16, 14.44, 14.21, 14.50, 13.81, 146536.02, 207093377, 1.79, 4.78, 0.93, 1592.58819
2016-01-22, 1, wei_ruo, 19.49, 13.85, 0.07, 13.84, 13.95, 14.10, 13.20, 193719.79, 264633485, 2.37, 6.50, 1.23, 813.54308
2016-01-25, 1, wei_ruo, 19.42, 14.12, 1.95, 13.85, 14.08, 14.20, 13.85, 104641.45, 146630477, 1.28, 2.53, 0.66, 815.88101
2016-01-26, 1, wei_ruo, 19.26, 13.07, -7.44, 14.12, 13.89, 14.57, 13.00, 221805.43, 310564896, 2.71, 11.12, 1.40, 748.30294
2016-01-27, 1, wei_ruo, 19.06, 13.46, 2.98, 13.07, 13.17, 13.60, 12.43, 269376.5, 348774502, 3.29, 8.95, 1.71, 975.29602
2016-01-28, 1, wei_ruo, 18.92, 12.74, -5.35, 13.46, 13.18, 13.40, 12.60, 184599.31, 240847781, 2.25, 5.94, 1.17, 3533.1521
2016-01-29, 1, wei_ruo, 18.77, 13.66, 7.22, 12.74, 13.00, 13.98, 12.83, 220022.44, 296619825, 2.69, 9.03, 1.39, 1106.54092
2016-02-01, 1, wei_ruo, 18.68, 14.22, 4.10, 13.66, 13.60, 14.27, 13.60, 165299.22, 230722496, 2.02, 4.90, 1.05, 876.03998
2016-02-02, 1, wei_ruo, 18.57, 14.52, 2.11, 14.22, 14.25, 14.75, 14.07, 209833.14, 301676061, 2.56, 4.78, 1.33, 1016.90006
2016-02-03, 1, wei_ruo, 18.45, 14.38, -0.96, 14.52, 14.12, 14.48, 13.80, 224323.89, 314978679, 2.74, 4.68, 1.42, 1646.52085
2016-02-04, 1, wei_ruo, 18.37, 14.71, 2.29, 14.38, 14.44, 14.90, 14.30, 181193.78, 263372305, 2.21, 4.17, 1.15, 4830.26886
2016-02-05, 1, wei_ruo, 18.28, 14.71, 0.00, 14.71, 14.89, 15.23, 14.70, 205621.56, 307566229, 2.51, 3.60, 1.30, 1285.53295
2016-02-15, 1, wei_ruo, 18.22, 14.38, -2.24, 14.71, 13.99, 14.57, 13.99, 127903.11, 183210997, 1.56, 3.94, 0.81, 2913.50198
2016-02-16, 1, wei_ruo, 18.15, 14.76, 2.64, 14.38, 14.48, 14.88, 14.30, 155816.61, 229544046, 1.90, 4.03, 0.99, 1104.90298
2016-02-17, 1, wei_ruo, 18.08, 14.99, 1.56, 14.76, 14.75, 15.15, 14.66, 183756.23, 274344209, 2.24, 3.32, 1.16, 1295.9919
2016-02-18, 1, wei_ruo, 18.01, 14.98, -0.07, 14.99, 15.19, 15.39, 14.90, 195027.34, 295389008, 2.38, 3.27, 1.23, 903.34797
2016-02-19, 1, wei_ruo, 17.97, 14.88, -0.67, 14.98, 15.00, 15.09, 14.81, 104235.61, 155730627, 1.27, 1.87, 0.83, 816.24103
2016-02-22, 1, wei_ruo, 17.97, 15.14, 2.23, 14.81, 15.02, 15.26, 14.92, 200554.78, 303066520, 2.45, 2.30, 1.22, 2833.00185
2016-02-23, 1, wei_ruo, 17.74, 15.65, 3.37, 15.14, 15.30, 15.67, 15.15, 252436.81, 387683593, 3.08, 3.43, 1.41, 4316.39695
2016-02-24, 1, wei_ruo, 17.68, 15.46, -1.21, 15.65, 15.50, 15.60, 15.12, 212114.76, 326014739, 2.59, 3.07, 1.07, 4078.336
2016-02-25, 1, wei_ruo, 17.58, 13.91, -10.03, 15.46, 15.47, 15.47, 13.91, 248920.14, 362134465, 3.04, 10.09, 1.22, 1393.43786
2016-02-26, 1, wei_ruo, 17.51, 14.05, 1.01, 13.91, 14.01, 14.21, 13.58, 166565.53, 233100874, 2.03, 4.53, 0.77, 824.60594
2016-02-29, 1, wei_ruo, 17.43, 13.34, -5.05, 14.05, 14.00, 14.00, 12.90, 154441.81, 204325121, 1.89, 7.83, 0.71, 2951.14899
2016-03-01, 1, wei_ruo, 17.38, 13.72, 2.85, 13.34, 13.44, 13.85, 13.15, 117495.48, 158823097, 1.43, 5.25, 0.57, 15132.81703
2016-03-02, 1, wei_ruo, 17.31, 14.39, 4.88, 13.72, 13.72, 14.45, 13.68, 166437.69, 234191074, 2.03, 5.61, 0.93, 2557.47509
2016-03-03, 1, wei_ruo, 17.25, 14.17, -1.53, 14.39, 14.38, 14.54, 14.09, 157980.4, 226812263, 1.93, 3.13, 0.93, 5612.20598
2016-03-04, 1, wei_ruo, 17.20, 13.93, -1.69, 14.17, 14.18, 14.33, 13.75, 132618.96, 186260839, 1.62, 4.09, 0.87, 981.03094
2016-03-07, 1, wei_ruo, 17.17, 14.25, 2.30, 13.93, 14.11, 14.38, 14.08, 91003.09, 129530479, 1.11, 2.15, 0.62, 1895.71214
2016-03-08, 1, wei_ruo, 17.12, 14.09, -1.12, 14.25, 14.28, 14.28, 13.61, 114373.5, 158836547, 1.40, 4.70, 0.86, 682.62291
2016-03-09, 1, wei_ruo, 17.09, 13.86, -1.63, 14.09, 13.80, 14.13, 13.72, 84757.17, 118203844, 1.03, 2.91, 0.64, 4516.77799
2016-03-10, 1, wei_ruo, 17.07, 13.60, -1.88, 13.86, 13.92, 13.98, 13.58, 56613.9, 78053151, 0.69, 2.89, 0.49, 2781.38018
2016-03-11, 1, wei_ruo, 17.04, 13.59, -0.07, 13.60, 13.46, 13.69, 13.41, 52720.04, 71628210, 0.64, 2.06, 0.55, 2402.87304
2016-03-14, 1, wei_ruo, 17.00, 14.09, 3.68, 13.59, 13.84, 14.26, 13.76, 116857.43, 164336453, 1.43, 3.68, 1.46, 597.07904
2016-03-15, 1, wei_ruo, 16.97, 14.09, 0.00, 14.09, 14.03, 14.16, 13.94, 81594.65, 114563861, 1.00, 1.56, 0.96, 684.52096
2016-03-16, 1, wei_ruo, 16.95, 13.88, -1.49, 14.09, 14.09, 14.17, 13.70, 56022.25, 78009441, 0.68, 3.34, 0.71, 739.41898
2016-03-17, 1, wei_ruo, 16.91, 14.28, 2.88, 13.88, 13.96, 14.40, 13.86, 130507.57, 185059301, 1.59, 3.89, 1.79, 780.01094
2016-03-18, 1, wei_ruo, 16.86, 14.70, 2.94, 14.28, 14.45, 14.81, 14.35, 167420.58, 245064939, 2.04, 3.22, 1.91, 460.02293
2016-03-21, 2, qing_du, 16.81, 14.91, 1.43, 14.70, 14.88, 15.00, 14.68, 204689.79, 303130127, 2.50, 2.18, 1.85, 4646.12103
2016-03-22, 2, qing_du, 16.76, 14.83, -0.54, 14.91, 14.80, 14.84, 14.58, 182577.58, 268880041, 2.23, 1.74, 1.43, 2668.37311
2016-03-23, 3, zhong_du, 16.72, 15.28, 3.03, 14.83, 14.72, 15.31, 14.68, 208637.2, 312983793, 2.55, 4.25, 1.41, 2605.86596
2016-03-24, 3, zhong_du, 16.67, 14.66, -4.06, 15.28, 15.02, 15.02, 14.63, 234593.52, 347146673, 2.86, 2.55, 1.31, 1209.23281
2016-03-25, 3, zhong_du, 16.64, 14.78, 0.82, 14.66, 14.75, 14.93, 14.62, 124535.48, 183702697, 1.52, 2.11, 0.62, 2719.77806
2016-03-28, 3, zhong_du, 16.61, 14.72, -0.41, 14.78, 14.92, 15.04, 14.67, 125191.56, 186263610, 1.53, 2.50, 0.66, 735.77714
2016-03-29, 3, zhong_du, 16.58, 14.43, -1.97, 14.72, 14.71, 14.87, 14.31, 123002.72, 179084209, 1.50, 3.80, 0.70, 722.89205
2016-03-30, 3, zhong_du, 16.55, 14.85, 2.91, 14.43, 14.58, 14.85, 14.49, 140475.78, 206306073, 1.72, 2.49, 0.86, 1106.20904
2016-03-31, 3, zhong_du, 16.48, 15.59, 4.98, 14.85, 15.15, 15.68, 15.15, 482704.67, 746237098, 5.89, 3.57, 3.23, 3018.17703
2016-04-01, 3, zhong_du, 16.45, 15.96, 2.37, 15.59, 15.47, 16.06, 15.41, 407222.54, 641097363, 4.97, 4.17, 2.04, 950.96207
2016-04-05, 4, gao_du, 16.44, 16.38, 2.63, 15.96, 16.45, 16.54, 16.08, 480699.2, 782796499, 5.87, 2.88, 1.88, 2581.06112
2016-04-06, 5, qiang_lie, 16.44, 16.50, 0.73, 16.38, 16.20, 16.54, 16.15, 312023.16, 509252833, 3.81, 2.38, 0.95, 731.83894
2016-04-07, 5, qiang_lie, 16.46, 16.79, 1.76, 16.50, 16.54, 17.16, 16.20, 454090.58, 756929889, 5.54, 5.82, 1.25, 2611.13405
2016-04-08, 5, qiang_lie, 16.46, 16.28, -3.04, 16.79, 17.00, 17.24, 16.06, 575697.22, 960907102, 7.03, 7.03, 1.35, 735.52513
2016-04-11, 5, qiang_lie, 16.46, 16.28, 0.00, 16.28, 16.32, 16.63, 16.21, 322273.19, 528403520, 3.94, 2.58, 0.72, 919.83104
2016-04-12, 5, qiang_lie, 16.45, 16.29, 0.06, 16.28, 16.33, 16.41, 15.98, 202718.84, 327796341, 2.48, 2.64, 0.47, 680.56989
2016-04-13, 4, gao_du, 16.45, 16.32, 0.18, 16.29, 16.35, 16.58, 16.29, 292694.47, 481743218, 3.57, 1.78, 0.78, 1771.31701
2016-04-14, 5, qiang_lie, 16.45, 16.47, 0.92, 16.32, 16.40, 16.69, 16.36, 194911.14, 321630391, 2.38, 2.02, 0.53, 330.90091
2016-04-15, 5, qiang_lie, 16.45, 16.38, -0.55, 16.47, 16.52, 16.59, 16.31, 139016.38, 228232443, 1.70, 1.70, 0.44, 643.56804
2016-04-18, 5, qiang_lie, 16.44, 16.01, -2.26, 16.38, 16.35, 16.36, 15.91, 166518.15, 267746235, 2.03, 2.75, 0.72, 1575.35291
2016-04-19, 5, qiang_lie, 16.44, 16.17, 1.00, 16.01, 16.17, 16.28, 16.08, 151143.67, 244737783, 1.85, 1.25, 0.76, 704.57911
2016-04-20, 5, qiang_lie, 16.42, 16.00, -1.05, 16.17, 16.28, 16.56, 15.30, 304319.56, 487493000, 3.72, 7.79, 1.61, 856.75406
2016-04-21, 4, gao_du, 16.41, 15.61, -2.44, 16.00, 15.90, 16.00, 15.40, 158753.6, 249762645, 1.94, 3.75, 0.83, 840.451
2016-04-22, 4, gao_du, 16.40, 16.23, 3.97, 15.61, 15.50, 16.30, 15.40, 166478.41, 263564105, 2.03, 5.77, 0.91, 1267.65299
2016-04-25, 4, gao_du, 15.88, 15.35, -2.42, 15.73, 15.54, 15.54, 15.10, 137196.66, 210033755, 1.68, 2.80, 0.72, 2516.2282
2016-04-26, 4, gao_du, 15.88, 15.52, 1.11, 15.35, 15.32, 15.55, 15.32, 126476.1, 195136894, 1.54, 1.50, 0.69, 2456.9838
2016-04-27, 4, gao_du, 15.87, 15.20, -2.06, 15.52, 15.54, 15.58, 15.16, 128321.72, 197706470, 1.57, 2.71, 0.72, 693.23587
2016-04-28, 4, gao_du, 15.86, 15.05, -0.99, 15.20, 15.26, 15.29, 14.80, 112366.87, 168794817, 1.37, 3.22, 0.78, 814.29887
2016-04-29, 4, gao_du, 15.85, 15.17, 0.80, 15.05, 15.09, 15.19, 14.95, 93211.25, 140677726, 1.14, 1.59, 0.69, 924.31688
2016-05-03, 4, gao_du, 15.84, 15.81, 4.22, 15.17, 15.23, 15.88, 15.12, 201274.13, 314458512, 2.46, 5.01, 1.68, 1300.96102
2016-05-04, 4, gao_du, 15.84, 15.84, 0.19, 15.81, 15.84, 16.00, 15.68, 173527.23, 274982724, 2.12, 2.02, 1.31, 733.41918
2016-05-05, 5, qiang_lie, 15.84, 15.74, -0.63, 15.84, 15.82, 15.87, 15.56, 120433.41, 189345568, 1.47, 1.96, 0.85, 594.50698
2016-05-06, 5, qiang_lie, 15.82, 14.92, -5.21, 15.74, 15.77, 15.90, 14.91, 209060.67, 319820824, 2.55, 6.29, 1.49, 2116.7872
2016-05-09, 4, gao_du, 15.80, 14.27, -4.36, 14.92, 14.86, 14.87, 14.18, 139453.24, 201303705, 1.70, 4.62, 0.87, 665.95602
2016-05-10, 3, zhong_du, 15.78, 14.45, 1.26, 14.27, 14.33, 14.55, 14.25, 97628.57, 140686015, 1.19, 2.10, 0.58, 1371.64688
2016-05-11, 2, qing_du, 15.77, 14.46, 0.07, 14.45, 14.63, 14.69, 14.39, 106828.38, 155202812, 1.30, 2.08, 0.72, 872.8838
2016-05-12, 2, qing_du, 15.74, 14.39, -0.48, 14.46, 14.29, 14.45, 13.93, 134411.85, 190301073, 1.64, 3.60, 1.00, 1639.57787
2016-05-13, 1, wei_ruo, 15.72, 14.08, -2.15, 14.39, 14.31, 14.45, 13.97, 124610.38, 177341154, 1.52, 3.34, 0.91, 1208.53615
2016-05-16, 1, wei_ruo, 15.70, 14.22, 0.99, 14.08, 14.00, 14.23, 13.93, 114439.58, 161216160, 1.40, 2.13, 0.95, 14472.18704
2016-05-17, 1, wei_ruo, 15.67, 14.19, -0.21, 14.22, 14.27, 14.36, 14.00, 135741.67, 192712109, 1.66, 2.53, 1.17, 1114.61186
2016-05-18, 1, wei_ruo, 15.64, 13.74, -3.17, 14.19, 14.10, 14.10, 13.61, 148639.79, 205275609, 1.81, 3.45, 1.21, 2924.40319
2016-05-19, 1, wei_ruo, 15.62, 13.78, 0.29, 13.74, 13.73, 14.02, 13.73, 82986.29, 115219272, 1.01, 2.11, 0.63, 2698.03405
2016-05-20, 1, wei_ruo, 15.60, 13.90, 0.87, 13.78, 13.65, 13.96, 13.59, 82836.16, 114550697, 1.01, 2.69, 0.68, 4596.31586
2016-05-23, 1, wei_ruo, 15.58, 14.02, 0.86, 13.90, 13.95, 14.19, 13.94, 97486.07, 137154167, 1.19, 1.80, 0.86, 4707.49903
2016-05-24, 1, wei_ruo, 15.56, 13.80, -1.57, 14.02, 14.04, 14.04, 13.68, 87962.75, 121528185, 1.07, 2.57, 0.80, 1849.72596
2016-05-25, 1, wei_ruo, 15.55, 13.80, 0.00, 13.80, 13.94, 14.06, 13.74, 79773.68, 111050562, 0.97, 2.32, 0.73, 3775.15697
2016-05-26, 1, wei_ruo, 15.52, 13.84, 0.29, 13.80, 13.80, 13.87, 13.45, 102787.41, 140033238, 1.26, 3.04, 0.94, 2207.82018
2016-05-27, 1, wei_ruo, 15.51, 13.74, -0.72, 13.84, 13.76, 13.88, 13.69, 68750.91, 94693730, 0.84, 1.37, 0.63, 2538.66696
2016-05-30, 1, wei_ruo, 15.50, 13.65, -0.66, 13.74, 13.60, 13.79, 13.51, 56761.77, 77542429, 0.69, 2.04, 0.52, 1200.56295
2016-05-31, 1, wei_ruo, 15.46, 14.42, 5.64, 13.65, 13.72, 14.46, 13.71, 208954.41, 296920135, 2.55, 5.49, 1.91, 2977.86593
2016-06-01, 1, wei_ruo, 15.44, 14.39, -0.21, 14.42, 14.37, 14.55, 14.29, 169596.39, 244603163, 2.07, 1.80, 1.55, 806.79703
2016-06-02, 1, wei_ruo, 15.44, 14.42, 0.21, 14.39, 14.38, 14.48, 14.32, 94437.56, 135874499, 1.15, 1.11, 0.86, 1266.60109
2016-06-03, 1, wei_ruo, 15.39, 14.68, 1.80, 14.42, 14.44, 14.85, 14.39, 166720.63, 244674700, 2.04, 3.19, 1.52, 3255.31602
2016-06-06, 1, wei_ruo, 15.38, 14.72, 0.27, 14.68, 14.72, 14.85, 14.64, 124958.8, 184312093, 1.53, 1.43, 1.14, 2821.68508
2016-06-07, 1, wei_ruo, 15.38, 14.72, 0.00, 14.72, 14.74, 14.76, 14.52, 99214.09, 145028843, 1.21, 1.63, 0.91, 1417.05394
2016-06-08, 1, wei_ruo, 15.37, 14.56, -1.09, 14.72, 14.67, 14.67, 14.39, 93800.82, 136386329, 1.15, 1.90, 0.86, 2171.12899
2016-06-13, 1, wei_ruo, 15.34, 13.75, -5.56, 14.56, 14.34, 14.41, 13.72, 145637.17, 206588591, 1.78, 4.74, 1.33, 1858.18911
2016-06-14, 1, wei_ruo, 15.32, 13.85, 0.73, 13.75, 13.73, 13.90, 13.70, 96435.29, 133013868, 1.18, 1.45, 0.88, 3120.54491
2016-06-15, 1, wei_ruo, 15.30, 14.63, 5.63, 13.85, 13.70, 14.84, 13.66, 197256.84, 284400274, 2.41, 8.52, 1.80, 723.18888
2016-06-16, 1, wei_ruo, 15.29, 14.82, 1.30, 14.63, 14.59, 15.10, 14.57, 231812.72, 344738653, 2.83, 3.62, 2.12, 3179.45004
2016-06-17, 1, wei_ruo, 15.28, 14.90, 0.54, 14.82, 14.99, 15.08, 14.73, 148824.22, 222046046, 1.82, 2.36, 1.36, 3573.74811
2016-06-20, 1, wei_ruo, 15.27, 15.01, 0.74, 14.90, 14.86, 15.10, 14.68, 114971.75, 171844643, 1.40, 2.82, 1.05, 1214.44798
2016-06-21, 2, qing_du, 15.27, 14.74, -1.80, 15.01, 15.13, 15.18, 14.71, 144434.09, 215708988, 1.76, 3.13, 1.32, 2628.438
2016-06-22, 2, qing_du, 15.26, 15.32, 3.93, 14.74, 14.74, 15.33, 14.66, 183683.03, 276740436, 2.24, 4.55, 1.68, 798.78092
2016-06-23, 2, qing_du, 15.26, 15.20, -0.78, 15.32, 15.30, 15.36, 15.02, 114529.38, 174121575, 1.40, 2.22, 1.05, 1326.08294
2016-06-24, 2, qing_du, 15.26, 15.18, -0.13, 15.20, 15.14, 15.50, 14.66, 194900.18, 294778125, 2.38, 5.53, 1.78, 2682.446
2016-06-27, 2, qing_du, 15.26, 15.34, 1.05, 15.18, 15.08, 15.42, 15.06, 134111.92, 204921949, 1.64, 2.37, 1.22, 1380.13005
2016-06-28, 3, zhong_du, 15.26, 15.40, 0.39, 15.34, 15.25, 15.44, 15.12, 125045.1, 191227110, 1.53, 2.09, 1.14, 699.26095
2016-06-30, 3, zhong_du, 15.27, 15.66, 1.69, 15.40, 15.46, 15.77, 15.34, 163869.22, 255150917, 2.00, 2.79, 1.50, 1271.64483
2016-07-01, 4, gao_du, 15.27, 15.46, -1.28, 15.66, 15.71, 15.75, 15.42, 96756.87, 150411801, 1.18, 2.11, 0.88, 1407.83501
2016-07-04, 4, gao_du, 15.28, 15.79, 2.13, 15.46, 15.38, 15.85, 15.36, 150510.79, 235717602, 1.84, 3.17, 1.37, 1193.31002
2016-07-05, 4, gao_du, 15.29, 15.75, -0.25, 15.79, 15.74, 15.82, 15.62, 104745.33, 164440256, 1.28, 1.27, 0.96, 2574.74303
2016-07-06, 5, qiang_lie, 15.30, 15.89, 0.89, 15.75, 16.10, 16.19, 15.78, 230372, 367158608, 2.81, 2.60, 2.10, 18706.90989
2016-07-07, 5, qiang_lie, 15.31, 15.87, -0.13, 15.89, 15.93, 15.95, 15.61, 132577.98, 210013439, 1.62, 2.14, 1.21, 632.70783
2016-07-08, 5, qiang_lie, 15.33, 16.19, 2.02, 15.87, 15.81, 16.47, 15.81, 204257.66, 330665584, 2.49, 4.16, 1.86, 15993.49284
2016-07-11, 5, qiang_lie, 15.35, 16.21, 0.12, 16.19, 16.34, 16.39, 16.15, 155947.56, 253238503, 1.90, 1.48, 1.42, 2632.43198
2016-07-12, 5, qiang_lie, 15.38, 16.41, 1.23, 16.21, 16.23, 16.58, 16.02, 211568.18, 345448054, 2.58, 3.45, 1.94, 23884.66287
2016-07-13, 5, qiang_lie, 15.40, 16.57, 0.49, 16.49, 16.55, 16.77, 16.45, 176433.39, 293003371, 2.15, 1.94, 1.61, 16199.85294
2016-07-14, 5, qiang_lie, 15.42, 16.63, 0.36, 16.57, 16.54, 16.71, 16.45, 130760.46, 216973034, 1.60, 1.57, 1.19, 805.19795
2016-07-15, 5, qiang_lie, 15.44, 16.63, 0.00, 16.63, 16.65, 16.77, 16.60, 102587.81, 171154878, 1.25, 1.02, 0.94, 636.024
2016-07-18, 5, qiang_lie, 15.47, 17.00, 2.22, 16.63, 16.57, 17.15, 16.53, 188142.91, 318007230, 2.30, 3.73, 1.75, 703.82714
2016-07-19, 5, qiang_lie, 15.51, 16.85, -0.88, 17.00, 17.00, 17.15, 16.67, 182143.65, 307349326, 2.22, 2.82, 1.66, 470.36099
2016-07-20, 5, qiang_lie, 15.51, 16.72, -0.77, 16.85, 16.90, 16.95, 16.70, 137265.29, 230692492, 1.68, 1.48, 1.26, 531.28505
2016-07-21, 5, qiang_lie, 15.56, 16.73, 0.06, 16.72, 16.70, 16.98, 16.70, 145130.92, 244105699, 1.77, 1.67, 1.32, 603.49703
2016-07-22, 5, qiang_lie, 15.58, 16.30, -2.57, 16.73, 16.73, 16.78, 16.24, 184871.37, 305442636, 2.26, 3.23, 1.69, 663.19513
2016-07-25, 5, qiang_lie, 15.62, 17.05, 4.60, 16.30, 16.46, 17.09, 16.43, 258321.93, 436255912, 3.15, 4.05, 2.36, 18336.01713
2016-07-26, 5, qiang_lie, 15.66, 17.34, 1.70, 17.05, 17.05, 17.49, 16.89, 204898.61, 352362184, 2.50, 3.52, 1.87, 776.47185
2016-07-27, 5, qiang_lie, 15.70, 16.80, -3.11, 17.34, 17.34, 17.55, 16.57, 265393.52, 452037588, 3.24, 5.65, 2.42, 5207.00002
2016-07-28, 5, qiang_lie, 15.77, 17.79, 5.89, 16.80, 16.83, 17.83, 16.82, 313670.3, 545269792, 3.83, 6.01, 2.86, 835.99997
2016-07-29, 5, qiang_lie, 15.82, 17.52, -1.52, 17.79, 17.70, 17.88, 17.30, 223749.75, 394151056, 2.73, 3.26, 2.04, 17464.47706
2016-08-01, 5, qiang_lie, 15.85, 16.88, -3.65, 17.52, 17.35, 17.49, 16.62, 211042.31, 359165465, 2.58, 4.97, 1.93, 7888.67307
2016-08-02, 5, qiang_lie, 15.87, 17.11, 1.36, 16.88, 16.94, 17.13, 16.70, 138961.62, 234888719, 1.70, 2.55, 1.27, 27935.89997
2016-08-03, 5, qiang_lie, 15.88, 17.15, 0.23, 17.11, 17.00, 17.24, 16.91, 103455.85, 176470994, 1.26, 1.93, 0.94, 3729.2099
2016-08-04, 5, qiang_lie, 15.91, 17.34, 1.11, 17.15, 17.24, 17.43, 16.95, 136078.35, 234016935, 1.66, 2.80, 1.35, 14395.9229
2016-08-05, 5, qiang_lie, 15.95, 17.07, -1.56, 17.34, 17.42, 17.80, 17.05, 265617.39, 462962979, 3.24, 4.33, 2.38, 1114.52508
2016-08-08, 5, qiang_lie, 15.99, 17.69, 3.63, 17.07, 17.03, 17.74, 16.88, 207622.16, 361797941, 2.54, 5.04, 1.40, 2454.13017
2016-08-09, 5, qiang_lie, 16.03, 17.73, 0.23, 17.69, 17.60, 17.84, 17.42, 179519.92, 316637498, 2.19, 2.37, 1.05, 18205.67608
2016-08-10, 5, qiang_lie, 16.10, 18.18, 2.54, 17.73, 17.73, 18.40, 17.60, 313941.11, 570554917, 3.83, 4.51, 1.76, 3233.495
2016-08-11, 5, qiang_lie, 16.15, 18.08, -0.55, 18.18, 18.09, 18.38, 17.83, 185871.46, 336369473, 2.27, 3.03, 0.84, 2485.57305
2016-08-15, 5, qiang_lie, 16.26, 18.25, 0.11, 18.23, 18.38, 18.69, 18.17, 306203.36, 561972423, 3.74, 2.85, 1.51, 688.08889
2016-08-16, 5, qiang_lie, 16.34, 18.07, -0.99, 18.25, 18.34, 18.57, 18.04, 306737.85, 559882026, 3.75, 2.90, 1.38, 883.64697
2016-08-17, 5, qiang_lie, 16.37, 18.17, 0.55, 18.07, 18.07, 18.31, 17.89, 152573.96, 276610230, 1.86, 2.32, 0.61, 14505.30005
2016-08-18, 5, qiang_lie, 16.40, 18.12, -0.28, 18.17, 18.21, 18.26, 18.01, 134648.95, 244364114, 1.64, 1.38, 0.62, 20789.4609
2016-08-19, 5, qiang_lie, 16.42, 18.16, 0.22, 18.12, 18.06, 18.21, 18.05, 98469.28, 178498208, 1.20, 0.88, 0.48, 2465.80386
2016-08-22, 5, qiang_lie, 16.44, 17.77, -2.15, 18.16, 18.11, 18.16, 17.73, 134012.96, 239624623, 1.64, 2.37, 0.67, 2951.9062
2016-08-23, 5, qiang_lie, 16.46, 17.95, 1.01, 17.77, 17.80, 18.12, 17.77, 103813.34, 186719402, 1.27, 1.97, 0.63, 2316.69593
2016-08-24, 5, qiang_lie, 16.48, 17.86, -0.50, 17.95, 17.97, 18.06, 17.75, 86528.23, 154533774, 1.06, 1.73, 0.69, 1866.16993
2016-08-25, 5, qiang_lie, 16.50, 17.49, -2.02, 17.85, 17.70, 17.70, 17.41, 140237.1, 245744906, 1.71, 1.62, 1.26, 547.52517
2016-08-26, 5, qiang_lie, 16.52, 17.59, 0.57, 17.49, 17.59, 17.84, 17.49, 145762.5, 257250644, 1.78, 2.00, 1.29, 1033.06603
2016-08-29, 5, qiang_lie, 16.54, 17.96, 2.10, 17.59, 17.58, 17.98, 17.42, 130485.95, 231586176, 1.59, 3.18, 1.07, 726.41015
2016-08-30, 5, qiang_lie, 16.55, 17.90, -0.33, 17.96, 18.06, 18.13, 17.79, 103247.64, 185710009, 1.26, 1.89, 0.85, 800.21
2016-08-31, 5, qiang_lie, 16.56, 17.69, -1.17, 17.90, 17.93, 17.95, 17.67, 20656.03, 36759569, 0.25, 1.56, 0.95, 961.58195
2016-09-01, 5, qiang_lie, 16.58, 17.36, -2.58, 17.82, 17.80, 17.86, 17.30, 131205.83, 230527775, 1.60, 3.14, 1.12, 798.22493
2016-09-02, 4, gao_du, 16.58, 17.69, -1.17, 17.90, 17.93, 17.95, 17.67, 20656.03, 36759569, 0.25, 1.56, 0.95, 5687.08396
2016-09-05, 4, gao_du, 16.58, 17.69, -1.17, 17.90, 17.93, 17.95, 17.67, 20656.03, 36759569, 0.25, 1.56, 0.95, 2334.20706
2016-09-06, 3, zhong_du, 16.58, 17.69, -1.17, 17.90, 17.93, 17.95, 17.67, 20656.03, 36759569, 0.25, 1.56, 0.95, 4820.71996
2016-09-07, 3, zhong_du, 16.58, 17.69, -1.17, 17.90, 17.93, 17.95, 17.67, 20656.03, 36759569, 0.25, 1.56, 0.95, 624.66288
2016-09-08, 3, zhong_du, 16.58, 17.69, -1.17, 17.90, 17.93, 17.95, 17.67, 20656.03, 36759569, 0.25, 1.56, 0.95, 633.12387
2016-09-09, 4, gao_du, 16.58, 17.69, -1.17, 17.90, 17.93, 17.95, 17.67, 20656.03, 36759569, 0.25, 1.56, 0.95, 2299.67499
2016-09-12, 4, gao_du, 16.58, 17.50, -2.40, 17.93, 17.67, 17.88, 17.39, 145210.64, 256413977, 1.77, 2.73, 1.24, 633.88395
2016-09-13, 3, zhong_du, 16.58, 17.41, -0.51, 17.50, 17.63, 17.67, 17.26, 96317.82, 167777369, 1.18, 2.34, 0.82, 2689.49103
2016-09-14, 3, zhong_du, 16.58, 17.69, -1.17, 17.90, 17.93, 17.95, 17.67, 20656.03, 36759569, 0.25, 1.56, 0.95, 2605.29208
2016-09-19, 3, zhong_du, 16.58, 17.54, 1.45, 17.29, 17.31, 17.57, 17.30, 79044.12, 138057088, 0.97, 1.56, 0.67, 688.38382
2016-09-20, 3, zhong_du, 16.58, 17.34, -1.14, 17.54, 17.51, 17.53, 17.20, 76770.31, 133139957, 0.94, 1.88, 0.66, 18275.46811
2016-09-21, 2, qing_du, 16.58, 17.35, 0.06, 17.34, 17.39, 17.44, 17.26, 50639.42, 87834850, 0.62, 1.04, 0.43, 552.00887
2016-09-22, 2, qing_du, 16.58, 17.51, 0.92, 17.35, 17.45, 17.68, 17.39, 133358.03, 234148975, 1.63, 1.67, 1.14, 555.02105
2016-09-23, 2, qing_du, 16.58, 17.82, 1.77, 17.51, 17.58, 17.87, 17.44, 166207.97, 294556295, 2.03, 2.46, 1.42, 632.8299
2016-09-26, 2, qing_du, 16.58, 17.17, -3.54, 17.80, 17.72, 17.82, 17.02, 123741.45, 215791567, 1.51, 4.49, 1.06, 2454.17595
2016-09-27, 2, qing_du, 16.58, , , , , , , , , , , , 71076.98584
2016-09-28, 1, wei_ruo, 16.58, 16.95, -1.05, 17.13, 17.15, 17.18, 16.94, 55628.45, 94857673, 0.68, 1.40, 0.47, 2614.77995
2016-09-29, 1, wei_ruo, 16.58, 17.18, 1.36, 16.95, 17.00, 17.27, 16.97, 69365.13, 118765603, 0.85, 1.77, 0.59, 13452.00801
2016-09-30, 1, wei_ruo, 16.58, 17.18, 0.00, 17.18, 17.10, 17.26, 17.06, 47864.1, 82279947, 0.58, 1.16, 0.41, 834.81288
2016-10-10, 1, wei_ruo, 16.58, 17.54, 2.10, 17.18, 17.28, 17.56, 17.26, 85584.86, 149204414, 1.05, 1.75, 0.73, 702.22807
2016-10-11, 1, wei_ruo, 16.58, 17.72, 1.03, 17.54, 17.56, 17.78, 17.51, 94282.97, 166475948, 1.15, 1.54, 0.80, 901.91102
2016-10-12, 2, qing_du, 16.58, 17.83, 0.62, 17.72, 17.64, 17.87, 17.63, 96369.04, 171181113, 1.18, 1.35, 0.82, 471.83013
2016-10-13, 2, qing_du, 16.58, 17.71, -0.67, 17.83, 17.74, 17.86, 17.60, 80892.19, 143227991, 0.99, 1.46, 0.69, 14866.30011
2016-10-14, 2, qing_du, 16.83, 17.60, -0.62, 17.71, 17.70, 17.79, 17.47, 136619.24, 240050141, 1.67, 1.81, 1.17, 2595.191
2016-10-17, 2, qing_du, 16.84, 17.16, -2.50, 17.60, 17.47, 17.59, 17.10, 180688.39, 312833089, 2.21, 2.78, 1.54, 979.82717
2016-10-18, 2, qing_du, 16.85, 17.49, 1.92, 17.16, 17.20, 17.55, 17.17, 109689.02, 190368262, 1.34, 2.21, 0.94, 464.257
2016-10-19, 2, qing_du, 16.85, , , , , , , , , , , , 3387.56108
2016-10-20, 2, qing_du, 16.86, 17.59, 0.40, 17.52, 17.51, 17.60, 17.44, 83383.72, 146160598, 1.02, 0.91, 0.83, 777.60291
2016-10-21, 2, qing_du, 16.87, 17.43, -0.91, 17.59, 17.63, 17.63, 17.30, 86630.2, 151344285, 1.06, 1.88, 0.95, 16774.72615
2016-10-24, 2, qing_du, 16.89, 17.72, 1.66, 17.43, 17.43, 17.91, 17.43, 174572.36, 309978023, 2.13, 2.75, 1.99, 885.69212
2016-10-25, 2, qing_du, 16.90, 17.76, 0.11, 17.74, 17.80, 17.88, 17.70, 102215.62, 181555182, 1.25, 1.01, 1.16, 2354.89011
2016-10-26, 3, zhong_du, 16.91, 17.64, -0.68, 17.76, 17.77, 17.94, 17.56, 109030.52, 193192724, 1.33, 2.14, 1.24, 2551.27788
2016-10-27, 3, zhong_du, 16.91, 17.57, -0.40, 17.64, 17.62, 17.73, 17.48, 82416.78, 145039591, 1.01, 1.42, 0.94, 678.90382
2016-10-28, 2, qing_du, 16.92, 17.49, -0.40, 17.56, 17.59, 17.65, 17.45, 95061.62, 166759751, 1.16, 1.14, 1.08, 4580.35183
2016-10-31, 2, qing_du, 16.93, 17.33, -0.91, 17.49, 17.40, 17.40, 17.10, 97064.2, 167533909, 1.19, 1.72, 1.11, 567.65389
2016-11-01, 2, qing_du, 16.93, 17.37, 0.23, 17.33, 17.34, 17.39, 17.21, 73984.56, 128174597, 0.90, 1.04, 0.84, 2532.92799
2016-11-02, 1, wei_ruo, 16.93, 17.17, -1.15, 17.37, 17.30, 17.38, 17.13, 85317.99, 147170665, 1.04, 1.44, 0.97, 490.97109
2016-11-03, 1, wei_ruo, 16.94, 17.14, -0.06, 17.15, 17.07, 17.30, 17.03, 108170.22, 185524465, 1.32, 1.57, 1.23, 539.042
2016-11-04, 1, wei_ruo, 16.94, 16.88, -1.52, 17.14, 17.12, 17.22, 16.83, 130775.08, 222224143, 1.60, 2.28, 1.48, 1120.73994
2016-11-07, 1, wei_ruo, 16.94, 16.90, 0.12, 16.88, 16.88, 17.07, 16.81, 62685.56, 106102632, 0.77, 1.54, 0.71, 651.80993
2016-11-08, 1, wei_ruo, 16.94, 17.02, 0.71, 16.90, 17.01, 17.07, 16.88, 75308.47, 127775029, 0.92, 1.12, 0.85, 439.26907
2016-11-09, 1, wei_ruo, 16.93, 16.58, -2.53, 17.01, 17.00, 17.00, 16.40, 130763.6, 218152214, 1.60, 3.53, 1.48, 558.04801
2016-11-10, 1, wei_ruo, 16.93, 16.75, 1.03, 16.58, 16.75, 16.86, 16.70, 95639.51, 160512898, 1.17, 0.97, 1.09, 747.37692
2016-11-11, 1, wei_ruo, 16.93, 16.75, 0.00, 16.75, 16.75, 16.92, 16.72, 122680.95, 206153149, 1.50, 1.19, 1.39, 2924.299
2016-11-14, 1, wei_ruo, 16.93, 16.75, 0.00, 16.75, 16.80, 16.89, 16.66, 116204.77, 195094082, 1.42, 1.37, 1.32, 454.57721
2016-11-15, 1, wei_ruo, 16.92, 16.84, 0.54, 16.75, 16.78, 16.85, 16.64, 83624.55, 139900308, 1.02, 1.25, 0.95, 561.42116
2016-11-16, 1, wei_ruo, 16.92, 16.92, 0.48, 16.84, 16.86, 16.95, 16.79, 56974.92, 96139881, 0.70, 0.95, 1.29, 433.62713
2016-11-17, 1, wei_ruo, 16.92, 16.70, -0.30, 16.75, 16.78, 16.82, 16.64, 41799.97, 69785410, 0.51, 1.07, 0.95, 1203.48096
2016-11-18, 1, wei_ruo, 16.92, 16.70, -0.30, 16.75, 16.78, 16.82, 16.64, 41799.97, 69785410, 0.51, 1.07, 0.95, 558.61306
2016-11-21, 1, wei_ruo, 16.92, 16.64, -0.60, 16.74, 16.74, 16.81, 16.62, 87392.08, 145930099, 1.07, 1.14, 0.99, 351.76301
2016-11-22, 1, wei_ruo, 16.92, 16.68, 0.24, 16.64, 16.66, 16.73, 16.59, 100745.07, 167646754, 1.23, 0.84, 1.14, 1176.19491
2016-11-23, 1, wei_ruo, 16.91, 16.59, -0.54, 16.68, 16.72, 16.74, 16.57, 92200.35, 153388895, 1.13, 1.02, 1.05, 497.00689
2016-11-24, 1, wei_ruo, 16.91, 16.46, -0.78, 16.59, 16.60, 16.67, 16.44, 94498.12, 156535283, 1.15, 1.39, 1.07, 444.75412
2016-11-25, 1, wei_ruo, 16.90, 16.49, 0.18, 16.46, 16.48, 16.55, 16.33, 119880.7, 196847498, 1.46, 1.34, 1.36, 588.96303
2016-11-28, 1, wei_ruo, 16.90, 16.81, 1.94, 16.49, 16.55, 16.86, 16.51, 151542.53, 254093664, 1.85, 2.12, 1.72, 506.29807
2016-11-29, 1, wei_ruo, 16.90, 16.73, -0.48, 16.81, 16.84, 16.95, 16.72, 131672.25, 221654897, 1.61, 1.37, 1.49, 442.2009
2016-11-30, 1, wei_ruo, 16.89, 16.46, -1.61, 16.73, 16.75, 16.81, 16.39, 124470.31, 206467463, 1.52, 2.51, 1.42, 367.35201
2016-12-01, 1, wei_ruo, 16.89, 16.62, 0.97, 16.46, 16.49, 16.68, 16.44, 66995.47, 111071205, 0.82, 1.46, 0.76, 403.65505
2016-12-02, 1, wei_ruo, 16.88, 16.20, -2.53, 16.62, 16.67, 16.67, 16.19, 104435.24, 170876733, 1.28, 2.89, 1.19, 2576.38597
2016-12-05, 1, wei_ruo, 16.88, 16.20, 0.00, 16.20, 16.13, 16.34, 16.11, 64124.64, 104138841, 0.78, 1.42, 0.73, 677.31094
2016-12-06, 1, wei_ruo, 16.87, 16.37, 1.05, 16.20, 16.20, 16.45, 16.20, 62878.75, 103057602, 0.77, 1.54, 0.71, 642.25507
2016-12-07, 1, wei_ruo, 16.87, 16.34, -0.18, 16.37, 16.43, 16.43, 16.21, 68719.34, 111957902, 0.84, 1.34, 0.78, 493.505
2016-12-08, 1, wei_ruo, 16.87, 16.33, -0.06, 16.34, 16.35, 16.48, 16.31, 60807.78, 99734358, 0.74, 1.04, 0.69, 556.42295
2016-12-09, 1, wei_ruo, 16.86, 16.23, -0.61, 16.33, 16.31, 16.40, 16.17, 66646.8, 108495538, 0.81, 1.41, 0.76, 616.05096
2016-12-12, 1, wei_ruo, 16.84, 15.50, -4.50, 16.23, 16.28, 16.29, 15.43, 136409.82, 215827616, 1.67, 5.30, 1.55, 658.30398
2016-12-13, 1, wei_ruo, 16.83, 15.45, -0.32, 15.50, 15.50, 15.60, 15.31, 77127.14, 119192299, 0.94, 1.87, 0.88, 816.93792
2016-12-14, 1, wei_ruo, 16.81, 15.79, 2.20, 15.45, 15.46, 16.10, 15.33, 160840.65, 253704901, 1.96, 4.98, 1.83, 620.03708
2016-12-15, 1, wei_ruo, 16.80, 15.69, -0.63, 15.79, 15.66, 15.88, 15.63, 76784.33, 120630642, 0.94, 1.58, 0.87, 620.45598
2016-12-16, 1, wei_ruo, 16.79, 15.81, 0.76, 15.69, 15.78, 16.00, 15.70, 56262.79, 89180958, 0.69, 1.91, 0.64, 774.80102
2016-12-19, 1, wei_ruo, 16.78, 15.63, -1.14, 15.81, 15.84, 15.85, 15.58, 46934.8, 73773095, 0.57, 1.71, 0.53, 744.67587
2016-12-20, 1, wei_ruo, 16.78, 15.65, 0.13, 15.63, 15.65, 15.77, 15.54, 46989.68, 73419622, 0.57, 1.47, 0.53, 582.9339
2016-12-21, 1, wei_ruo, 16.77, 15.81, 1.02, 15.65, 15.70, 15.87, 15.70, 48180, 76086307, 0.59, 1.09, 0.55, 490.5951
2016-12-22, 1, wei_ruo, 16.76, 16.21, 2.53, 15.81, 15.89, 16.27, 15.87, 141819.58, 229073762, 1.73, 2.53, 1.61, 1486.73892
2016-12-23, 1, wei_ruo, 16.75, 15.92, -1.79, 16.21, 16.20, 16.21, 15.90, 81200.33, 130277267, 0.99, 1.91, 0.92, 433.29501
2016-12-26, 1, wei_ruo, 16.75, 15.95, 0.19, 15.92, 15.86, 15.97, 15.70, 50558.42, 80005181, 0.62, 1.70, 0.57, 537.19687
2016-12-27, 1, wei_ruo, 16.74, 15.91, -0.25, 15.95, 16.00, 16.15, 15.80, 59811.35, 95721141, 0.73, 2.19, 0.68, 627.01607
2016-12-28, 1, wei_ruo, 16.73, 16.09, 1.13, 15.91, 15.96, 16.20, 15.81, 85481.61, 137043493, 1.04, 2.45, 0.97, 526.51095
2016-12-30, 1, wei_ruo, 16.71, 15.62, -1.64, 15.88, 15.90, 15.95, 15.55, 130494.4, 204338609, 1.59, 2.52, 1.48, 2519.60301
2017-01-03, 1, wei_ruo, 16.70, 15.62, -1.64, 15.88, 15.90, 15.95, 15.55, 130494.4, 204338609, 1.59, 2.52, 1.48, 2549.51906
2017-01-04, 1, wei_ruo, 16.69, 16.06, 1.65, 15.80, 15.78, 16.12, 15.77, 127776.15, 204145444, 1.56, 2.22, 1.45, 514.07886
2017-01-05, 1, wei_ruo, 16.68, 16.29, 1.43, 16.06, 16.42, 16.53, 16.28, 202302.75, 331432819, 2.47, 1.56, 2.30, 490.2761
2017-01-06, 1, wei_ruo, 16.68, 16.27, -0.12, 16.29, 16.27, 16.49, 16.15, 132776.98, 216634460, 1.62, 2.09, 1.51, 3793.50805
2017-01-09, 1, wei_ruo, 16.67, 16.54, 1.66, 16.27, 16.22, 16.56, 16.22, 125475.33, 206673249, 1.53, 2.09, 1.42, 587.46696
2017-01-10, 1, wei_ruo, 16.67, 16.52, -0.12, 16.54, 16.54, 16.72, 16.38, 124977.32, 207255700, 1.53, 2.06, 1.42, 552.24204
2017-01-11, 2, qing_du, 16.67, 16.70, 0.97, 16.54, 16.54, 16.72, 16.38, 76927.7, 127600549, 0.94, 2.06, 1.75, 651.92389
2017-01-13, 2, qing_du, 16.66, 16.38, 0.55, 16.29, 16.28, 16.46, 16.07, 85147.98, 138360814, 1.04, 2.39, 0.97, 539.84714
2017-01-16, 2, qing_du, 16.66, 16.59, 1.28, 16.38, 16.30, 16.71, 16.05, 238510.78, 391088921, 2.91, 4.03, 2.71, 496.89102
2017-01-17, 2, qing_du, 16.66, 16.70, 0.97, 16.54, 16.54, 16.72, 16.38, 76927.7, 127600549, 0.94, 2.06, 1.75, 738.693
2017-01-18, 3, zhong_du, 16.66, 16.76, 0.42, 16.69, 16.72, 16.85, 16.54, 129697.31, 216912219, 1.58, 1.86, 1.47, 2400.96807
2017-02-07, 5, qiang_lie, 16.66, 16.60, -0.95, 16.76, 16.76, 16.77, 16.60, 22199, 36957845, 0.27, 1.01, 0.58, 2846.07506
2017-02-08, 5, qiang_lie, 16.66, 16.74, -0.12, 16.76, 16.76, 16.77, 16.60, 59982.25, 100034417, 0.73, 1.01, 0.68, 848.39416
2017-02-09, 5, qiang_lie, 16.66, 16.75, 0.06, 16.74, 16.75, 16.80, 16.69, 63249.33, 105963364, 0.77, 0.66, 0.72, 499.84312
2017-02-10, 5, qiang_lie, 16.66, 16.92, 1.01, 16.75, 16.77, 17.04, 16.77, 151250.08, 256347781, 1.85, 1.61, 1.72, 15348.48309
2017-02-13, 5, qiang_lie, 16.67, 16.98, 0.35, 16.92, 16.91, 17.10, 16.87, 107809.52, 183056441, 1.32, 1.36, 1.22, 64694.81015
2017-02-14, 5, qiang_lie, 16.67, 16.93, -0.29, 16.98, 16.98, 17.00, 16.82, 60801.78, 102675302, 0.74, 1.06, 0.69, 771.57688
2017-02-15, 5, qiang_lie, 16.67, 16.71, -1.30, 16.93, 16.87, 16.94, 16.65, 75867.37, 127450948, 0.93, 1.71, 0.86, 4759.83286
2017-02-16, 5, qiang_lie, 16.67, 16.70, -0.06, 16.71, 16.65, 16.73, 16.62, 55929.9, 93236776, 0.68, 0.66, 0.63, 61726.81999
2017-02-17, 5, qiang_lie, 16.67, 16.64, -0.36, 16.70, 16.67, 16.71, 16.60, 78363.69, 130515593, 0.96, 0.66, 0.89, 519.31596
2017-02-20, 5, qiang_lie, 16.67, 16.64, -0.36, 16.70, 16.67, 16.71, 16.60, 78363.69, 130515593, 0.96, 0.66, 0.89, 636.72304
2017-02-21, 5, qiang_lie, 16.67, 16.84, 0.54, 16.75, 16.79, 16.97, 16.75, 69344.34, 116888971, 0.85, 1.31, 0.79, 850.29697
2017-02-22, 5, qiang_lie, 16.67, 16.71, -0.77, 16.84, 16.82, 16.84, 16.66, 70399.18, 117861753, 0.86, 1.07, 0.80, 2733.73199
2017-02-23, 5, qiang_lie, 16.67, 16.76, 0.30, 16.71, 16.73, 16.81, 16.68, 55228.75, 92430009, 0.67, 0.78, 0.63, 4837.70299
2017-02-24, 5, qiang_lie, 16.67, 16.69, -0.42, 16.76, 16.76, 16.77, 16.69, 10696, 17878075, 0.13, 0.48, 0.66, 946.7082
2017-02-27, 5, qiang_lie, 16.67, 16.62, -1.01, 16.79, 16.74, 16.74, 16.44, 112804.47, 187238286, 1.38, 1.79, 1.28, 1029.09994
2017-02-28, 5, qiang_lie, 16.67, 16.60, -0.12, 16.62, 16.57, 16.68, 16.45, 80600.82, 133811682, 0.98, 1.38, 0.91, 2539.85095
2017-03-01, 5, qiang_lie, 16.67, 16.54, -0.36, 16.60, 16.59, 16.68, 16.50, 77800.29, 128949676, 0.95, 1.08, 0.88, 2549.65305
2017-03-02, 4, gao_du, 16.67, 16.34, -1.21, 16.54, 16.61, 16.61, 16.32, 91665.08, 150795587, 1.12, 1.75, 1.04, 973.79589
2017-03-06, 3, zhong_du, 16.66, 16.45, 1.04, 16.28, 16.25, 16.50, 16.25, 79847.35, 131070149, 0.97, 1.54, 0.91, 64635.5021
2017-03-08, 3, zhong_du, 16.66, 16.34, -0.73, 16.46, 16.45, 16.51, 16.30, 60189.77, 98605308, 0.73, 1.28, 0.68, 715.17301
2017-03-09, 2, qing_du, 16.66, 16.21, -0.80, 16.34, 16.30, 16.34, 16.18, 75301.96, 122320508, 0.92, 0.98, 0.85, 623.92092
2017-03-10, 2, qing_du, 16.65, 16.20, -0.06, 16.21, 16.21, 16.28, 16.18, 46967.99, 76180598, 0.57, 0.62, 0.53, 604.61807
2017-03-13, 2, qing_du, 16.65, 16.29, 0.56, 16.20, 16.09, 16.31, 16.09, 60819.93, 98832904, 0.74, 1.36, 0.69, 685.53615
2017-03-14, 1, wei_ruo, 16.65, 16.30, 0.06, 16.29, 16.29, 16.40, 16.23, 55357.13, 90495755, 0.68, 1.04, 0.63, 704.51593
2017-03-15, 1, wei_ruo, 16.65, 16.26, -0.25, 16.30, 16.34, 16.38, 16.20, 47337.21, 76895305, 0.58, 1.10, 0.54, 2571.48814
2017-03-16, 1, wei_ruo, 16.64, 16.41, 0.92, 16.26, 16.26, 16.41, 16.26, 59440.57, 97176125, 0.73, 0.92, 0.67, 586.53593
2017-03-17, 1, wei_ruo, 16.64, 16.45, 0.24, 16.41, 16.43, 16.65, 16.37, 113834.35, 188241443, 1.39, 1.71, 1.29, 626.30486
2017-03-20, 2, qing_du, 16.64, 16.75, 1.82, 16.45, 16.45, 16.77, 16.45, 136205.36, 226280918, 1.66, 1.95, 1.55, 607.53393
2017-03-21, 2, qing_du, 16.64, 16.66, -0.54, 16.75, 16.73, 16.73, 16.53, 104667.3, 173898244, 0.92, 1.19, 1.19, 593.34588
2017-03-22, 3, zhong_du, 16.64, 16.52, -0.84, 16.66, 16.58, 16.64, 16.47, 102925.36, 170247400, 0.90, 1.02, 1.17, 606.48704
2017-03-23, 3, zhong_du, 16.64, 16.50, -0.12, 16.52, 16.60, 16.63, 16.48, 183687.33, 304028345, 1.61, 0.91, 2.08, 655.96509
2017-03-24, 3, zhong_du, 16.64, 16.88, 2.30, 16.50, 16.51, 16.91, 16.29, 220582.09, 365650126, 1.94, 3.76, 2.50, 690.35506
2017-03-27, 3, zhong_du, 16.65, 16.90, 0.12, 16.88, 16.90, 17.26, 16.84, 275519.13, 469542741, 2.42, 2.49, 3.13, 578.76492
2017-03-28, 3, zhong_du, 16.65, 16.87, -0.18, 16.90, 16.91, 17.18, 16.86, 136860.29, 232576625, 1.20, 1.89, 1.55, 653.97501
2017-03-29, 3, zhong_du, 16.66, 16.93, 0.36, 16.87, 16.95, 17.10, 16.78, 156641.04, 265414431, 1.38, 1.90, 1.78, 621.06395
2017-03-30, 3, zhong_du, 16.66, 16.78, -0.89, 16.93, 16.93, 17.06, 16.68, 159007.93, 267916758, 1.40, 2.24, 1.80, 626.87492
2017-03-31, 3, zhong_du, 16.66, 16.88, 0.60, 16.78, 16.86, 16.97, 16.71, 119471.17, 201480886, 1.05, 1.55, 1.36, 497.24793
2017-04-05, 3, zhong_du, 16.67, 17.24, 2.13, 16.88, 16.84, 17.25, 16.83, 200377.43, 344089354, 1.76, 2.49, 2.27, 599.08319
2017-04-06, 4, gao_du, 16.67, 17.10, -0.81, 17.24, 17.30, 17.30, 17.06, 131648.88, 225721923, 1.16, 1.39, 1.49, 2660.8088
2017-04-07, 4, gao_du, 16.68, 17.16, 0.35, 17.10, 17.10, 17.27, 17.00, 128168.44, 219276173, 1.13, 1.58, 1.45, 571.37299
2017-04-10, 5, qiang_lie, 16.69, 17.21, 0.29, 17.16, 17.12, 17.26, 17.09, 131104.64, 225381411, 1.15, 0.99, 1.49, 614.13193
2017-04-11, 5, qiang_lie, 16.69, 17.23, 0.12, 17.21, 17.15, 17.40, 16.92, 181791.17, 312372433, 1.60, 2.79, 2.06, 626.46198
2017-04-12, 5, qiang_lie, 16.70, 17.01, -1.28, 17.23, 17.13, 17.16, 16.88, 141590.68, 240855670, 1.24, 1.63, 1.61, 627.30002
2017-04-13, 4, gao_du, 16.70, 17.05, 0.24, 17.01, 16.93, 17.15, 16.85, 93176.67, 158911818, 0.82, 1.76, 1.06, 610.19611
2017-04-14, 4, gao_du, 16.70, 16.77, -1.64, 17.05, 16.97, 17.06, 16.69, 115275.01, 194286511, 1.01, 2.17, 1.31, 602.08702
2017-04-17, 3, zhong_du, 16.70, 16.89, 0.72, 16.77, 16.70, 16.91, 16.62, 116845.1, 195886948, 1.03, 1.73, 1.33, 634.22012
2017-04-18, 3, zhong_du, 16.70, 16.57, -1.89, 16.89, 16.87, 16.91, 16.56, 104581.78, 175179630, 0.92, 2.07, 1.19, 583.08196
2017-04-19, 2, qing_du, 16.66, 15.34, -7.42, 16.57, 16.14, 16.14, 14.92, 364841.13, 562400438, 3.21, 7.36, 4.14, 644.23585
2017-04-20, 1, wei_ruo, 16.65, 15.20, -0.91, 15.34, 15.39, 15.41, 15.10, 129147.4, 196966312, 1.14, 2.02, 1.47, 610.33893
2017-04-21, 1, wei_ruo, 16.63, 15.10, -0.66, 15.20, 15.21, 15.39, 14.98, 106622.45, 161582530, 0.94, 2.70, 1.21, 542.51099
2017-04-24, 1, wei_ruo, 16.61, 14.62, -3.18, 15.10, 15.08, 15.08, 14.61, 111220.55, 164590548, 0.98, 3.11, 1.26, 668.28799
2017-04-25, 1, wei_ruo, 16.60, 14.79, 1.16, 14.62, 14.73, 14.94, 14.68, 91212.26, 135383986, 0.80, 1.78, 1.04, 579.08201
2017-04-26, 1, wei_ruo, 16.59, 14.91, 0.81, 14.79, 14.92, 15.05, 14.79, 54077.59, 80749815, 0.48, 1.76, 0.61, 787.49084
2017-04-27, 1, wei_ruo, 16.58, 15.19, 1.88, 14.91, 14.92, 15.27, 14.80, 96645.9, 145563815, 0.85, 3.15, 1.10, 636.72519
2017-04-28, 1, wei_ruo, 16.57, 15.15, -0.26, 15.19, 15.20, 15.24, 15.02, 63980.57, 96778308, 0.56, 1.45, 0.73, 648.77009
2017-05-02, 1, wei_ruo, 16.56, 14.98, -1.12, 15.15, 15.07, 15.19, 14.95, 53183.44, 80119892, 0.47, 1.58, 0.60, 921.83995
2017-05-03, 1, wei_ruo, 16.55, 14.78, -1.34, 14.98, 14.95, 15.04, 14.70, 75744.91, 112493248, 0.67, 2.27, 0.86, 648.64993
2017-05-04, 1, wei_ruo, 16.54, 14.89, 0.74, 14.78, 14.81, 14.95, 14.70, 55741.26, 82868632, 0.49, 1.69, 0.63, 608.23202
2017-05-05, 1, wei_ruo, 16.53, 14.68, -1.41, 14.89, 14.86, 14.88, 14.66, 74073.29, 109294097, 0.65, 1.48, 0.84, 626.31798
2017-05-11, 1, wei_ruo, 16.47, 14.00, 0.14, 13.98, 13.98, 14.12, 13.63, 99866.11, 138654704, 0.88, 3.51, 1.13, 649.24812
2017-05-12, 1, wei_ruo, 16.46, 14.00, 0.00, 14.00, 13.92, 14.19, 13.92, 61130.29, 85813456, 0.54, 1.93, 0.69, 593.29486
2017-05-15, 1, wei_ruo, 16.45, 13.97, -0.21, 14.00, 14.15, 14.16, 13.95, 47760.87, 66962287, 0.42, 1.50, 0.54, 629.46296
2017-05-17, 1, wei_ruo, 16.42, 14.19, -0.14, 14.21, 14.17, 14.31, 14.11, 67800.46, 96270966, 0.60, 1.41, 0.77, 2552.40417
2017-05-18, 1, wei_ruo, 16.41, 14.21, 0.14, 14.19, 14.21, 14.44, 14.18, 75176.6, 107506185, 0.66, 1.83, 0.85, 642.30394
2017-05-19, 1, wei_ruo, 16.39, 14.04, -1.20, 14.21, 14.18, 14.21, 14.01, 63523.21, 89417134, 0.56, 1.41, 0.72, 630.41091
2017-05-22, 1, wei_ruo, 16.38, 13.86, -1.28, 14.04, 14.07, 14.07, 13.79, 74404.17, 103264172, 0.65, 1.99, 0.84, 553.12204
2017-05-23, 1, wei_ruo, 16.36, 13.49, -2.67, 13.86, 13.85, 13.87, 13.46, 73092.12, 99860861, 0.64, 2.96, 0.83, 819.08703
2017-05-24, 1, wei_ruo, 16.34, 13.49, 0.00, 13.49, 13.46, 13.55, 13.28, 68150.69, 91732374, 0.60, 2.00, 0.77, 543.09893
2017-05-25, 1, wei_ruo, 16.32, 13.76, 2.00, 13.49, 13.60, 13.85, 13.46, 107579.28, 146768394, 0.95, 2.89, 1.22, 699.66221
2017-05-26, 1, wei_ruo, 16.30, 13.78, 0.15, 13.76, 13.79, 13.84, 13.69, 59823.53, 82241248, 0.53, 1.09, 0.68, 692.10601
2017-05-31, 1, wei_ruo, 16.28, 13.65, -0.94, 13.78, 13.93, 13.99, 13.59, 112494.41, 154945439, 0.99, 2.90, 1.28, 596.85111
2017-06-01, 1, wei_ruo, 16.26, 13.58, -0.51, 13.65, 13.67, 13.78, 13.54, 57411.51, 78416094, 0.50, 1.76, 0.65, 632.73096
2017-06-02, 1, wei_ruo, 16.24, 13.67, 0.66, 13.58, 13.66, 13.71, 13.35, 114140.74, 154462035, 1.00, 2.65, 1.30, 4623.05784
2017-06-05, 1, wei_ruo, 15.51, 13.03, -0.31, 13.07, 13.10, 13.14, 12.98, 83069.56, 108631742, 0.73, 1.22, 0.94, 629.95505
2017-06-06, 1, wei_ruo, 15.50, 13.12, 0.69, 13.03, 13.03, 13.13, 12.95, 44016.13, 57535666, 0.39, 1.38, 0.50, 606.92191
2017-06-07, 1, wei_ruo, 15.48, 13.33, 1.60, 13.12, 13.15, 13.41, 13.12, 92502.56, 122995677, 0.81, 2.21, 1.05, 547.97697
2017-06-08, 1, wei_ruo, 15.46, 13.45, 0.90, 13.33, 13.39, 13.55, 13.33, 96690.65, 130189244, 0.85, 1.65, 1.10, 1191.5791
2017-06-09, 1, wei_ruo, 15.45, 13.55, 0.74, 13.45, 13.40, 13.61, 13.37, 94862.6, 128041542, 0.83, 1.78, 1.08, 940.31596
2017-06-12, 1, wei_ruo, 15.43, 13.30, -1.85, 13.55, 13.50, 13.55, 13.29, 84549.69, 113194194, 0.74, 1.92, 0.96, 60618.10184
2017-06-13, 1, wei_ruo, 15.42, 13.38, 0.60, 13.30, 13.25, 13.48, 13.22, 74400.45, 99674739, 0.65, 1.95, 0.84, 2554.99792
2017-06-14, 1, wei_ruo, 15.41, 13.37, -0.07, 13.38, 13.38, 13.46, 13.33, 43525.82, 58270629, 0.38, 0.97, 0.49, 1058.86602
2017-06-15, 1, wei_ruo, 15.40, 13.47, 0.75, 13.37, 13.41, 13.49, 13.37, 71935.35, 96693693, 0.63, 0.90, 0.82, 605.6571
2017-06-16, 1, wei_ruo, 15.39, 13.36, -0.82, 13.47, 13.48, 13.48, 13.30, 55682.82, 74548960, 0.49, 1.34, 0.63, 527.3211
2017-06-19, 1, wei_ruo, 15.38, 13.39, 0.22, 13.36, 13.34, 13.44, 13.30, 60381.89, 80814195, 0.53, 1.05, 0.69, 868.37387
2017-06-20, 1, wei_ruo, 15.36, 13.41, 0.15, 13.39, 13.39, 13.46, 13.33, 85699.91, 114852503, 0.75, 0.97, 0.97, 602.20385
2017-06-21, 1, wei_ruo, 15.35, 13.56, 1.12, 13.41, 13.45, 13.57, 13.37, 88708.41, 119648794, 0.78, 1.49, 1.01, 789.81018
2017-06-22, 1, wei_ruo, 15.33, 13.43, -0.96, 13.56, 13.53, 13.71, 13.42, 110926.53, 150894589, 0.98, 2.14, 1.26, 589.64992
2017-06-23, 1, wei_ruo, 15.32, 13.42, -0.07, 13.43, 13.36, 13.52, 13.23, 74663.06, 99839502, 0.66, 2.16, 0.85, 869.32707
2017-06-26, 1, wei_ruo, 15.30, 13.80, 2.83, 13.42, 13.42, 13.87, 13.38, 137223.55, 187357454, 1.21, 3.65, 1.56, 6667.3739
2017-06-27, 1, wei_ruo, 15.29, 13.76, -0.29, 13.80, 13.80, 13.91, 13.70, 85509.81, 118043087, 0.75, 1.52, 0.97, 573.49706
2017-06-28, 2, qing_du, 15.28, 13.73, -0.22, 13.76, 13.76, 13.80, 13.62, 60352.83, 82740213, 0.53, 1.31, 0.68, 785.75397
2017-06-29, 2, qing_du, 15.27, 13.75, 0.15, 13.73, 13.73, 13.81, 13.68, 50566.16, 69512744, 0.44, 0.95, 0.57, 592.30709
2017-06-30, 3, zhong_du, 15.26, 13.74, -0.07, 13.75, 13.70, 13.77, 13.64, 44254.49, 60681881, 0.39, 0.95, 0.50, 619.00687
2017-07-03, 3, zhong_du, 15.26, 13.75, 0.07, 13.74, 13.72, 13.83, 13.68, 65674.24, 90278040, 0.58, 1.09, 0.75, 684.89099
2017-07-04, 3, zhong_du, 15.25, 13.61, -1.02, 13.75, 13.72, 13.77, 13.58, 58820, 80304037, 0.52, 1.38, 0.67, 555.31383
2017-07-05, 3, zhong_du, 15.24, 13.71, 0.73, 13.61, 13.70, 13.74, 13.60, 84588.36, 115557285, 0.74, 1.03, 0.96, 794.26694
2017-07-06, 3, zhong_du, 15.22, 13.85, 1.02, 13.71, 13.70, 13.98, 13.70, 124919, 173101912, 1.10, 2.04, 1.42, 622.159
2017-07-07, 3, zhong_du, 15.20, 14.20, 2.53, 13.85, 13.79, 14.21, 13.77, 179935.47, 253902593, 1.58, 3.18, 2.04, 659.10482
2017-07-10, 4, gao_du, 15.19, 14.38, 1.27, 14.20, 14.31, 14.56, 14.22, 158229.58, 228631134, 1.39, 2.39, 1.80, 530.514
2017-07-11, 4, gao_du, 15.18, 14.13, -1.74, 14.38, 14.33, 14.41, 14.11, 99682.35, 142090573, 0.88, 2.09, 1.13, 584.14507
2017-07-12, 4, gao_du, 15.17, 14.21, 0.57, 14.13, 14.11, 14.24, 13.88, 104474.52, 146730323, 0.92, 2.55, 1.19, 617.45811
2017-07-13, 4, gao_du, 15.17, 14.11, -0.70, 14.21, 14.20, 14.23, 14.03, 71895.47, 101433278, 0.63, 1.41, 0.82, 718.64104
2017-07-14, 4, gao_du, --, 13.95, -1.13, 14.11, 14.05, 14.09, 13.91, 78096.7, 109273157, 0.69, 1.28, 0.89, 502.33507
2017-07-17, 3, zhong_du, --, 13.34, -4.37, 13.95, 13.96, 13.96, 13.27, 150158.49, 203727041, 1.32, 4.95, 1.70, 771.49677
2017-07-18, 3, zhong_du, 15.12, 13.39, 0.37, 13.34, 13.33, 13.45, 13.17, 73794.74, 98178492, 0.65, 2.10, 0.84, 2336.44319
2017-07-19, 2, qing_du, --, 13.57, 1.34, 13.39, 13.34, 13.59, 13.34, 78034.2, 105360840, 0.69, 1.87, 0.89, 587.27908
2017-07-20, 2, qing_du, --, 13.56, -0.07, 13.57, 13.61, 13.73, 13.51, 79343.67, 107904774, 0.70, 1.62, 0.90, 486.84978
2017-07-21, 2, qing_du, --, 13.62, 0.44, 13.56, 13.56, 13.82, 13.53, 69642.63, 95029637, 0.61, 2.14, 0.79, 513.1011
2017-07-24, 2, qing_du, 15.08, 13.67, 0.37, 13.62, 13.68, 13.69, 13.53, 84811.92, 115445466, 0.75, 1.17, 0.96, 513.82804
2017-07-25, 2, qing_du, --, 13.40, -1.98, 13.67, 13.55, 13.64, 13.37, 108939.15, 146811439, 0.96, 1.98, 1.24, 770.93601
2017-07-26, 2, qing_du, --, 13.25, -1.12, 13.40, 13.43, 13.48, 13.17, 100081.83, 132682352, 0.88, 2.31, 1.14, 731.0648
2017-07-27, 1, wei_ruo, 15.04, 13.41, 1.21, 13.25, 13.20, 13.46, 13.19, 73785.07, 98405947, 0.65, 2.04, 0.84, 1194.97705
2017-07-28, 1, wei_ruo, 15.03, 13.50, 0.67, 13.41, 13.41, 13.54, 13.37, 55549.16, 74715233, 0.49, 1.27, 0.63, 746.42897
2017-07-31, 1, wei_ruo, 15.02, 13.51, 0.07, 13.50, 13.53, 13.56, 13.36, 91063.29, 122584014, 0.80, 1.48, 1.03, 765.90014
2017-08-01, 1, wei_ruo, 15.01, 13.53, 0.15, 13.51, 13.51, 13.56, 13.42, 67419.47, 90984641, 0.59, 1.04, 0.77, 709.19514
2017-08-02, 1, wei_ruo, 15.00, 13.30, -1.70, 13.53, 13.54, 13.54, 13.28, 97416.11, 130395781, 0.86, 1.92, 1.11, 787.79507
2017-08-03, 1, wei_ruo, 14.99, 13.37, 0.53, 13.30, 13.32, 13.46, 13.24, 57384.18, 76642984, 0.50, 1.65, 0.65, 864.18509
2017-08-04, 1, wei_ruo, 14.98, 13.26, -0.82, 13.37, 13.39, 13.41, 13.23, 64179.64, 85278662, 0.56, 1.35, 0.73, 825.18482
2017-08-07, 1, wei_ruo, 14.97, 13.26, 0.00, 13.26, 13.27, 13.33, 13.20, 60561.12, 80334091, 0.53, 0.98, 0.69, 800.42911
2017-08-08, 1, wei_ruo, 14.96, 13.28, 0.15, 13.26, 13.26, 13.34, 13.23, 53749.27, 71383969, 0.47, 0.83, 0.61, 887.81595
2017-08-09, 1, wei_ruo, 14.95, 13.55, 2.03, 13.28, 13.28, 13.59, 13.24, 105546.26, 142291827, 0.93, 2.64, 1.20, 590.44814
2017-08-10, 1, wei_ruo, 14.94, 13.41, -1.03, 13.55, 13.54, 13.56, 13.31, 74883.6, 100620222, 0.66, 1.85, 0.85, 710.2859
2017-08-11, 1, wei_ruo, 14.82, 12.07, -9.99, 13.41, 12.56, 12.75, 12.07, 499229.6, 613864136, 4.39, 5.07, 5.67, 561.85198
2017-08-14, 1, wei_ruo, 14.76, 11.87, -1.66, 12.07, 12.08, 12.09, 11.80, 247294.31, 294325590, 2.17, 2.40, 2.81, 835.361
2017-08-15, 1, wei_ruo, 14.72, 11.92, 0.42, 11.87, 11.87, 12.05, 11.87, 174944.05, 208930266, 1.54, 1.52, 1.99, 1375.68283
2017-08-16, 1, wei_ruo, 14.68, 11.96, 0.34, 11.92, 11.97, 12.05, 11.90, 151605.29, 181202395, 1.33, 1.26, 1.72, 531.12316
2017-08-17, 1, wei_ruo, 14.65, 12.00, 0.33, 11.96, 11.98, 12.05, 11.95, 132839.92, 159340877, 1.17, 0.84, 1.51, 3723.14787
2017-08-18, 1, wei_ruo, 14.62, 11.93, -0.58, 12.00, 11.95, 11.97, 11.90, 123217.37, 147045754, 1.08, 0.58, 1.40, 786.87
2017-08-21, 1, wei_ruo, 14.59, 12.06, 1.09, 11.93, 11.99, 12.10, 11.96, 146333.79, 176086121, 1.29, 1.17, 1.66, 746.593
2017-08-22, 1, wei_ruo, 14.56, 11.99, -0.58, 12.06, 12.08, 12.09, 11.93, 108841.5, 130776366, 0.96, 1.33, 1.24, 676.46909
2017-08-23, 1, wei_ruo, 14.54, 11.93, -0.50, 11.99, 12.00, 12.03, 11.91, 84670.5, 101116867, 0.74, 1.00, 0.96, 911.40199
2017-08-24, 1, wei_ruo, 14.53, 11.88, -0.42, 11.93, 11.95, 11.96, 11.85, 70575.81, 83908361, 0.62, 0.92, 0.80, 1155.22718
2017-08-25, 1, wei_ruo, 14.50, 11.94, 0.51, 11.88, 11.87, 11.96, 11.82, 105161.12, 125121343, 0.92, 1.18, 1.19, 1861.52792
2017-08-28, 1, wei_ruo, 14.47, 12.01, 0.59, 11.94, 11.91, 12.04, 11.91, 127863.55, 153464253, 1.12, 1.09, 1.45, 726.88413
2017-08-29, 1, wei_ruo, 14.45, 12.00, -0.08, 12.01, 12.05, 12.08, 11.98, 88311.18, 106098660, 0.78, 0.83, 1.00, 596.58885
2017-08-30, 1, wei_ruo, 14.44, 11.98, -0.17, 12.00, 12.02, 12.02, 11.96, 75813.25, 90820703, 0.67, 0.50, 0.86, 768.64505
2017-08-31, 1, wei_ruo, 14.42, 11.94, -0.33, 11.98, 11.99, 12.00, 11.93, 37789.14, 45158008, 0.33, 0.58, 0.86, 771.47293
2017-09-01, 1, wei_ruo, 14.40, 11.94, -0.33, 11.98, 11.99, 12.00, 11.93, 37789.14, 45158008, 0.33, 0.58, 0.86, 779.809
2017-09-04, 1, wei_ruo, 14.38, 12.01, -0.25, 12.04, 12.04, 12.05, 11.96, 89490.25, 107272470, 0.79, 0.75, 1.02, 503.22008
2017-09-05, 1, wei_ruo, 14.37, 11.94, -0.33, 11.98, 11.99, 12.00, 11.93, 37789.14, 45158008, 0.33, 0.58, 0.86, 744.97795
2017-09-06, 1, wei_ruo, 14.34, 11.94, -0.33, 11.98, 11.99, 12.00, 11.93, 37789.14, 45158008, 0.33, 0.58, 0.86, 837.35299
2017-09-07, 1, wei_ruo, 14.33, 12.01, -0.25, 12.04, 12.07, 12.09, 12.00, 96174.91, 115769696, 0.85, 0.75, 1.09, 720.76702
2017-09-08, 1, wei_ruo, 14.31, 11.94, -0.33, 11.98, 11.99, 12.00, 11.93, 37789.14, 45158008, 0.33, 0.58, 0.86, 817.12198
2017-09-11, 1, wei_ruo, 14.26, 12.22, 2.26, 11.95, 11.99, 12.27, 11.96, 225341.96, 274101609, 1.98, 2.59, 2.56, 675.05288
2017-09-12, 1, wei_ruo, 14.24, 12.18, -0.33, 12.22, 12.23, 12.29, 12.15, 118366.6, 144511963, 1.04, 1.15, 1.34, 672.25814
2017-09-13, 1, wei_ruo, 14.23, 12.18, 0.00, 12.18, 12.21, 12.22, 12.14, 77305.1, 94085920, 0.68, 0.66, 0.88, 489.64405
2017-09-14, 1, wei_ruo, 14.21, 12.15, -0.25, 12.18, 12.16, 12.21, 12.14, 76450.55, 92989654, 0.67, 0.57, 0.87, 785.50696
2017-09-15, 1, wei_ruo, 14.20, 12.13, -0.16, 12.15, 12.18, 12.18, 12.07, 68568.83, 83104577, 0.60, 0.91, 0.78, 947.38293
2017-09-18, 1, wei_ruo, 14.19, 12.15, 0.16, 12.13, 12.15, 12.18, 12.12, 56684, 68860222, 0.50, 0.49, 0.64, 644.4869
2017-09-19, 1, wei_ruo, 14.18, 12.10, -0.41, 12.15, 12.16, 12.18, 12.07, 68067.81, 82469678, 0.60, 0.91, 0.77, 984.2701
2017-09-20, 1, wei_ruo, 14.17, 12.08, -0.17, 12.10, 12.10, 12.10, 12.02, 60198.17, 72593753, 0.53, 0.66, 0.68, 612.69999
2017-09-21, 1, wei_ruo, 14.15, 12.05, -0.25, 12.08, 12.10, 12.20, 12.04, 82427.01, 99978082, 0.72, 1.32, 0.94, 879.13513
2017-09-22, 1, wei_ruo, 14.13, 11.93, -1.00, 12.05, 12.02, 12.03, 11.91, 97952.48, 117049343, 0.86, 1.00, 1.11, 1157.71699
2017-09-25, 1, wei_ruo, 14.11, 11.65, -2.35, 11.93, 11.93, 11.94, 11.64, 138190.26, 162877856, 1.21, 2.51, 1.57, 537.9281
2017-09-26, 1, wei_ruo, 14.10, 11.70, 0.43, 11.65, 11.66, 11.74, 11.60, 47598.43, 55583742, 0.42, 1.20, 0.54, 628.96395
2017-09-27, 1, wei_ruo, 14.08, 11.68, -0.17, 11.70, 11.70, 11.72, 11.63, 50402.93, 58857621, 0.44, 0.77, 0.57, 963.65094
2017-09-28, 1, wei_ruo, 14.07, 11.83, 1.28, 11.68, 11.81, 11.99, 11.81, 97769.67, 116290758, 0.86, 1.54, 1.11, 648.50807
2017-09-29, 1, wei_ruo, 14.06, 11.81, -0.17, 11.83, 11.85, 11.93, 11.78, 50452.3, 59731651, 0.44, 1.27, 0.57, 658.20098
2017-10-10, 1, wei_ruo, 14.03, 11.98, 0.84, 11.88, 11.90, 11.99, 11.79, 80940.5, 96175936, 0.71, 1.68, 0.92, 618.15405
2017-10-12, 1, wei_ruo, 14.00, 11.88, -0.42, 11.93, 11.95, 11.98, 11.84, 54181.86, 64511754, 0.48, 1.17, 0.61, 679.04806
2017-10-13, 1, wei_ruo, 13.99, 11.92, 0.34, 11.88, 11.88, 11.94, 11.86, 39813.52, 47402912, 0.35, 0.67, 0.45, 707.40914
2017-10-16, 1, wei_ruo, 13.98, 11.72, -1.68, 11.92, 11.90, 11.94, 11.72, 84775.4, 100252824, 0.75, 1.85, 0.96, 597.21994
2017-10-17, 1, wei_ruo, 13.96, 11.68, -0.34, 11.72, 11.71, 11.79, 11.66, 71994.22, 84352275, 0.63, 1.11, 0.82, 597.83792
2017-10-18, 1, wei_ruo, 13.95, 11.62, -0.51, 11.68, 11.69, 11.74, 11.56, 71137.01, 82846199, 0.63, 1.54, 0.81, 1270.52498
2017-10-19, 1, wei_ruo, 13.93, 11.39, -1.98, 11.62, 11.60, 11.61, 11.36, 78865.89, 90270433, 0.69, 2.15, 0.90, 687.9921
2017-10-20, 1, wei_ruo, 13.92, 11.43, 0.35, 11.39, 11.40, 11.47, 11.36, 44323.1, 50551622, 0.39, 0.97, 0.50, 687.97112
2017-10-23, 1, wei_ruo, 13.88, 11.11, -2.80, 11.43, 11.19, 11.20, 11.02, 148189.56, 164169114, 1.30, 1.57, 1.68, 684.95798
2017-10-24, 1, wei_ruo, 13.86, 11.02, -0.81, 11.11, 11.10, 11.11, 10.95, 93402.26, 102874754, 0.82, 1.44, 1.06, 789.65712
2017-10-25, 1, wei_ruo, 13.85, 11.05, 0.27, 11.02, 11.02, 11.06, 10.98, 58558.34, 64557310, 0.51, 0.73, 0.66, 653.14412
2017-10-26, 1, wei_ruo, 13.83, 11.13, 0.72, 11.05, 11.04, 11.14, 10.99, 80749.17, 89390934, 0.71, 1.36, 0.92, 675.04191
2017-10-27, 1, wei_ruo, 13.81, 11.04, -0.81, 11.13, 11.12, 11.14, 11.02, 56152.84, 62212058, 0.49, 1.08, 0.64, 701.33305
2017-10-30, 1, wei_ruo, 13.78, 10.69, -3.17, 11.04, 11.00, 11.05, 10.64, 120136.19, 129517027, 1.06, 3.71, 1.36, 727.62704
2017-10-31, 1, wei_ruo, 13.76, 10.70, 0.09, 10.69, 10.74, 10.75, 10.66, 58653, 62724540, 0.43, 0.84, 0.67, 700.43397
2017-11-01, 1, wei_ruo, 13.74, 10.96, 2.43, 10.70, 10.72, 11.08, 10.66, 115556.01, 126703001, 0.85, 3.93, 1.31, 785.41994
2017-11-02, 1, wei_ruo, 13.72, 10.75, -1.92, 10.96, 10.97, 10.97, 10.70, 65828.33, 71243003, 0.49, 2.46, 0.75, 893.42022
2017-11-03, 1, wei_ruo, 13.70, 10.73, -0.19, 10.75, 10.73, 10.88, 10.66, 62378.3, 67097205, 0.46, 2.05, 0.71, 2818.71319
2017-11-06, 1, wei_ruo, 13.68, 10.98, 2.33, 10.73, 10.71, 11.01, 10.66, 85647.05, 93495868, 0.63, 3.26, 0.97, 611.53316
2017-11-07, 1, wei_ruo, 13.67, 10.91, -0.64, 10.98, 10.98, 10.98, 10.90, 34468.83, 37679752, 0.25, 0.73, 0.78, 60638.06009
2017-11-08, 1, wei_ruo, 13.66, 10.96, -0.18, 10.98, 10.97, 11.03, 10.90, 59474.61, 65202872, 0.44, 1.18, 0.67, 61345.84212
2017-11-09, 1, wei_ruo, 13.64, 11.14, 1.64, 10.96, 10.96, 11.17, 10.93, 94564.89, 104419574, 0.70, 2.19, 1.07, 2816.09511
2017-11-10, 1, wei_ruo, 13.62, 10.91, -0.64, 10.98, 10.98, 10.98, 10.90, 34468.83, 37679752, 0.25, 0.73, 0.78, 2830.89399
2017-11-13, 1, wei_ruo, 13.61, 11.06, -1.60, 11.24, 11.20, 11.20, 11.03, 79466.94, 88127014, 0.59, 1.51, 0.97, 659.82103
2017-11-14, 1, wei_ruo, 13.60, 10.88, -1.63, 11.06, 11.05, 11.09, 10.82, 60003.26, 65803182, 0.44, 2.44, 0.75, 796.75722
2017-11-15, 1, wei_ruo, 13.59, 10.86, -0.18, 10.88, 10.82, 10.96, 10.82, 37577.04, 40912228, 0.28, 1.29, 0.47, 776.8569
2017-11-16, 1, wei_ruo, 13.58, 10.73, -1.20, 10.86, 10.87, 10.91, 10.71, 42030, 45492054, 0.31, 1.84, 0.55, 60528.34392
2017-11-17, 1, wei_ruo, 13.55, 10.34, -3.63, 10.73, 10.73, 10.79, 10.30, 117006.54, 122431077, 0.86, 4.57, 1.78, 829.32019
2017-11-20, 1, wei_ruo, 13.54, 10.22, -1.16, 10.34, 10.37, 10.43, 10.11, 68448.1, 69691299, 0.50, 3.09, 1.02, 618.71505
2017-11-21, 1, wei_ruo, 13.52, 10.32, 0.98, 10.22, 10.30, 10.34, 10.17, 72393.72, 74157373, 0.53, 1.66, 1.11, 747.05982
2017-11-22, 1, wei_ruo, 13.50, 10.29, -0.29, 10.32, 10.30, 10.34, 10.21, 61933.58, 63614126, 0.46, 1.26, 0.92, 681.39386
2017-11-23, 1, wei_ruo, 13.49, 10.06, -2.24, 10.29, 10.30, 10.30, 10.01, 55717.03, 56647139, 0.41, 2.82, 0.77, 2683.82096
2017-11-24, 1, wei_ruo, 13.47, 9.96, -0.99, 10.06, 10.06, 10.06, 9.89, 62175.79, 61920517, 0.46, 1.69, 0.83, 785.86602
2017-11-27, 1, wei_ruo, 13.46, 10.01, 0.50, 9.96, 9.96, 10.19, 9.96, 68477.11, 68837658, 0.50, 2.31, 1.07, 650.53797
2017-11-28, 1, wei_ruo, 13.45, 10.08, 0.70, 10.01, 9.99, 10.08, 9.93, 33169.34, 33248820, 0.24, 1.50, 0.52, 1400.56109
2017-11-29, 1, wei_ruo, 13.44, 10.06, -0.20, 10.08, 10.09, 10.09, 9.96, 51345.8, 51380071, 0.38, 1.29, 0.91, 909.36613
2017-11-30, 1, wei_ruo, 13.43, 10.02, -0.40, 10.06, 10.04, 10.06, 9.98, 30631.83, 30695642, 0.23, 0.80, 0.57, 683.20489
2017-12-01, 1, wei_ruo, 13.42, 10.03, 0.10, 10.02, 10.03, 10.08, 9.99, 45338.69, 45445821, 0.33, 0.90, 0.92, 648.42319
2017-12-04, 1, wei_ruo, 13.40, 9.86, -1.69, 10.03, 10.02, 10.03, 9.84, 64145.7, 63545063, 0.47, 1.89, 1.40, 885.29706
2017-12-05, 1, wei_ruo, 13.37, 9.52, -3.45, 9.86, 9.83, 9.84, 9.50, 101865.03, 98283909, 0.75, 3.45, 2.27, 742.72704
2017-12-06, 1, wei_ruo, 13.35, 9.67, 1.58, 9.52, 9.53, 9.73, 9.45, 76216.38, 72716318, 0.56, 2.94, 1.30, 648.13185
2017-12-07, 1, wei_ruo, 13.34, 9.59, -0.83, 9.67, 9.67, 9.70, 9.57, 34601.42, 33274025, 0.25, 1.34, 0.54, 643.7459
2017-12-08, 1, wei_ruo, 13.33, 9.74, 1.56, 9.59, 9.59, 9.79, 9.59, 56034.65, 54348579, 0.41, 2.09, 0.87, 613.48295
2017-12-11, 1, wei_ruo, 13.31, 9.82, 0.82, 9.74, 9.72, 9.83, 9.68, 50297, 49045399, 0.37, 1.54, 0.76, 680.27616
2017-12-12, 1, wei_ruo, 13.30, 9.63, -1.93, 9.82, 9.83, 9.83, 9.63, 50879.51, 49340719, 0.37, 2.04, 0.80, 658.49209
2017-12-13, 1, wei_ruo, 13.29, 9.69, 0.62, 9.63, 9.65, 9.70, 9.60, 29004.26, 27981560, 0.21, 1.04, 0.54, 3200.82808
2017-12-14, 1, wei_ruo, 13.28, 9.71, 0.21, 9.69, 9.68, 9.72, 9.60, 34926.91, 33692598, 0.26, 1.24, 0.79, 697.65902
2017-12-15, 1, wei_ruo, 13.26, 9.87, 1.65, 9.71, 9.70, 9.93, 9.66, 76967.78, 75679269, 0.57, 2.78, 1.74, 630.12695
2017-12-18, 1, wei_ruo, 13.25, 9.77, -1.01, 9.87, 9.87, 9.94, 9.75, 43345.22, 42604079, 0.32, 1.93, 0.90, 839.85901
2017-12-19, 1, wei_ruo, 13.24, 9.81, 0.41, 9.77, 9.83, 9.86, 9.79, 31601.01, 31013676, 0.23, 0.72, 0.67, 876.56116
2017-12-20, 1, wei_ruo, 13.23, 9.66, -1.53, 9.81, 9.81, 9.86, 9.65, 35696.34, 34745216, 0.26, 2.14, 0.83, 1174.6521
2017-12-21, 1, wei_ruo, 13.23, 9.65, -0.10, 9.66, 9.71, 9.71, 9.57, 30118.69, 29037157, 0.22, 1.45, 0.68, 1720.55888
2017-12-22, 1, wei_ruo, 13.22, 9.67, 0.21, 9.65, 9.67, 9.69, 9.62, 25596.53, 24720085, 0.19, 0.73, 0.59, 587.92996
2017-12-25, 1, wei_ruo, 13.21, 9.56, -1.14, 9.67, 9.65, 9.73, 9.54, 35278.42, 33906611, 0.26, 1.96, 1.06, 618.59703
2017-12-26, 1, wei_ruo, 13.20, 9.63, 0.73, 9.56, 9.63, 9.64, 9.53, 23916.01, 22940148, 0.18, 1.15, 0.76, 437.29901
2017-12-27, 1, wei_ruo, 13.20, 9.67, 0.42, 9.63, 9.64, 9.71, 9.63, 33435, 32356083, 0.25, 0.83, 1.11, 644.51909
2017-12-29, 1, wei_ruo, 13.17, 10.06, 0.70, 9.99, 10.00, 10.07, 9.95, 63910.57, 64050142, 0.47, 1.20, 1.53, 619.05289
2018-01-03, 1, wei_ruo, 13.14, 10.04, -0.20, 10.06, 10.03, 10.12, 9.99, 74668.51, 75008961, 0.55, 1.29, 1.57, 814.61787
2018-01-04, 1, wei_ruo, 13.12, 10.01, -0.30, 10.04, 10.04, 10.05, 9.94, 61638.12, 61561176, 0.45, 1.10, 1.07, 647.14289
2018-01-05, 1, wei_ruo, 13.10, 10.04, 0.30, 10.01, 10.00, 10.16, 9.96, 73364.1, 73808478, 0.54, 2.00, 1.16, 744.55905
2018-01-08, 1, wei_ruo, 13.09, 10.01, -0.30, 10.04, 10.10, 10.12, 9.95, 62520.7, 62499978, 0.46, 1.69, 0.92, 710.30998
2018-01-09, 1, wei_ruo, 13.08, 9.95, -0.60, 10.01, 10.01, 10.04, 9.93, 46966.38, 46889273, 0.35, 1.10, 0.70, 636.72686
2018-01-10, 1, wei_ruo, 13.06, 9.85, -1.01, 9.95, 9.97, 9.97, 9.81, 64424.54, 63617072, 0.47, 1.61, 1.01, 597.8601
2018-01-11, 1, wei_ruo, 13.05, 9.80, -0.51, 9.85, 9.87, 9.87, 9.76, 73664.32, 72244259, 0.54, 1.12, 1.19, 665.7598
2018-01-12, 1, wei_ruo, 13.03, 9.82, 0.20, 9.80, 9.81, 9.86, 9.76, 58076.21, 56946210, 0.43, 1.02, 0.90, 652.81391
2018-01-15, 1, wei_ruo, 13.01, 9.58, -2.44, 9.82, 9.82, 9.83, 9.56, 77243.16, 74596846, 0.57, 2.75, 1.26, 616.71996
2018-01-16, 1, wei_ruo, 13.00, 9.57, -0.10, 9.58, 9.57, 9.65, 9.53, 46941.59, 44936302, 0.35, 1.25, 0.73, 663.20109
2018-01-17, 1, wei_ruo, 12.99, 9.65, 0.84, 9.57, 9.57, 9.66, 9.45, 56840.92, 54347317, 0.42, 2.19, 0.89, 564.10718
2018-01-18, 1, wei_ruo, 12.97, 9.79, 1.45, 9.65, 9.62, 9.80, 9.62, 58382.86, 56835654, 0.43, 1.87, 0.93, 629.0071
2018-01-19, 1, wei_ruo, 12.96, 9.78, -0.10, 9.79, 9.75, 9.80, 9.72, 46297.84, 45207347, 0.34, 0.82, 0.78, 619.17114
2018-01-22, 1, wei_ruo, 12.95, 9.79, 0.10, 9.78, 9.79, 9.84, 9.71, 51955.23, 50801245, 0.38, 1.33, 0.91, 637.07209
2018-01-23, 1, wei_ruo, 12.94, 9.81, 0.20, 9.79, 9.85, 9.88, 9.77, 49446.28, 48511623, 0.36, 1.12, 0.95, 624.7561
2018-01-24, 1, wei_ruo, 12.93, 9.83, 0.20, 9.81, 9.80, 9.85, 9.77, 48717.65, 47806490, 0.36, 0.82, 0.93, 614.03298
2018-01-25, 1, wei_ruo, 12.92, 9.82, -0.10, 9.83, 9.84, 9.88, 9.79, 52649.96, 51811363, 0.39, 0.92, 1.03, 714.49685
2018-01-26, 1, wei_ruo, 12.91, 9.79, -0.31, 9.82, 9.82, 9.83, 9.78, 42578, 41719116, 0.31, 0.51, 0.85, 682.77597
2018-01-29, 1, wei_ruo, 12.89, 9.68, -1.12, 9.79, 9.79, 9.86, 9.65, 58919.33, 57609113, 0.43, 2.15, 1.20, 885.75006
2018-01-30, 1, wei_ruo, 12.87, 9.95, 2.79, 9.68, 9.68, 9.98, 9.65, 108896.15, 107320184, 0.80, 3.41, 2.16, 609.68709
2018-01-31, 1, wei_ruo, 12.84, 9.62, -3.32, 9.95, 9.80, 9.87, 9.56, 106970.05, 103850710, 0.79, 3.12, 1.72, 833.42314
2018-02-01, 1, wei_ruo, 12.81, 9.03, -6.13, 9.62, 9.62, 9.63, 9.01, 117316.62, 109242085, 0.86, 6.44, 1.59, 755.0869
2018-02-02, 1, wei_ruo, 12.79, 8.99, -0.44, 9.03, 9.01, 9.06, 8.85, 82928.56, 74384266, 0.61, 2.33, 0.95, 1259.87315
2018-02-05, 1, wei_ruo, 12.77, 8.88, -1.22, 8.99, 8.94, 8.94, 8.77, 55006.72, 48748121, 0.41, 1.89, 0.58, 835.22415
2018-02-06, 1, wei_ruo, 12.74, 8.29, -6.64, 8.88, 8.80, 8.80, 8.28, 109978.92, 93695800, 0.81, 5.86, 1.17, 612.79798
2018-02-07, 1, wei_ruo, 12.71, 8.37, 0.97, 8.29, 8.45, 8.55, 8.28, 68125.76, 57541951, 0.50, 3.26, 0.72, 1439.88299
2018-02-08, 1, wei_ruo, 12.70, 8.53, 1.91, 8.37, 8.41, 8.57, 8.38, 41284.3, 35101655, 0.30, 2.27, 0.56, 745.12005
2018-02-09, 1, wei_ruo, 12.67, 8.22, -3.63, 8.53, 8.28, 8.48, 8.04, 91620.58, 75415269, 0.68, 5.16, 1.60, 986.67693
2018-02-12, 1, wei_ruo, 12.66, 8.31, 1.09, 8.22, 8.22, 8.39, 8.22, 29796.27, 24797730, 0.22, 2.07, 0.45, 824.32699
2018-02-13, 1, wei_ruo, 12.65, 8.36, 0.60, 8.31, 8.37, 8.40, 8.32, 28759.97, 24045321, 0.21, 0.96, 0.53, 664.16001
2018-02-14, 1, wei_ruo, 12.65, 8.37, 0.12, 8.36, 8.38, 8.40, 8.33, 20382, 17052053, 0.15, 0.84, 0.69, 753.88312
