2016-02-01, 1, wei_ruo, 13.25, 9.38, -1.16, 9.49, 9.48, 9.52, 9.18, 74320.94, 69595779, 0.54, 3.58, 0.45, 803.03597
2016-02-02, 1, wei_ruo, 13.23, 9.66, 2.99, 9.38, 9.36, 9.72, 9.31, 80161.73, 77020196, 0.58, 4.37, 0.49, 4589.75887
2016-02-03, 1, wei_ruo, 13.20, 9.65, -0.10, 9.66, 9.51, 9.69, 9.30, 78786.65, 74762442, 0.57, 4.04, 0.48, 1267.9019
2016-02-04, 1, wei_ruo, 13.18, 9.79, 1.45, 9.65, 9.65, 9.83, 9.60, 85620.77, 83427728, 0.62, 2.38, 0.52, 1031.67081
2016-02-05, 1, wei_ruo, 13.17, 9.71, -0.82, 9.79, 9.84, 9.84, 9.68, 55437.26, 54024648, 0.40, 1.63, 0.34, 892.04311
2016-02-15, 1, wei_ruo, 13.14, 10.08, 3.81, 9.71, 9.50, 10.17, 9.43, 131071.45, 129908006, 0.96, 7.62, 0.79, 2985.43811
2016-02-16, 1, wei_ruo, 13.11, 10.36, 2.78, 10.08, 10.18, 10.36, 10.07, 125717.55, 128848787, 0.92, 2.88, 0.76, 1019.83809
2016-02-17, 1, wei_ruo, 13.08, 10.29, -0.68, 10.36, 10.31, 10.36, 10.05, 124794.35, 127574444, 0.91, 2.99, 0.76, 1019.04511
2016-02-18, 1, wei_ruo, 13.06, 10.21, -0.78, 10.29, 10.33, 10.35, 10.19, 101560.62, 104204441, 0.74, 1.55, 0.61, 2832.32594
2016-02-19, 1, wei_ruo, 13.05, 10.20, -0.10, 10.21, 10.20, 10.27, 10.16, 51676.01, 52763756, 0.38, 1.08, 0.40, 4674.59798
2016-02-22, 1, wei_ruo, 13.05, 10.35, 1.27, 10.22, 10.30, 10.50, 10.25, 109214.51, 113055402, 0.80, 2.45, 0.98, 2932.50704
2016-02-23, 1, wei_ruo, 13.04, 10.24, -1.06, 10.35, 10.38, 10.52, 10.12, 87004.94, 89471589, 0.63, 3.86, 0.81, 67694.37695
2016-02-24, 1, wei_ruo, 13.02, 10.25, 0.10, 10.24, 10.18, 10.32, 10.02, 82976.9, 84372684, 0.60, 2.93, 0.84, 2790.05885
2016-02-25, 1, wei_ruo, 12.98, 9.33, -8.98, 10.25, 10.24, 10.24, 9.30, 159281.69, 156085283, 1.16, 9.17, 1.75, 757.31111
2016-02-26, 1, wei_ruo, 12.96, 9.43, 1.07, 9.33, 9.45, 9.53, 9.27, 90464.77, 85361025, 0.66, 2.79, 0.88, 3816.34212
2016-02-29, 1, wei_ruo, 12.93, 9.10, -3.50, 9.43, 9.40, 9.50, 9.00, 96088, 87631020, 0.70, 5.30, 0.91, 2923.13886
2016-03-01, 1, wei_ruo, 12.91, 9.29, 2.09, 9.10, 9.28, 9.35, 9.09, 73705.68, 67947989, 0.54, 2.86, 0.71, 797.13106
2016-03-02, 1, wei_ruo, 12.89, 9.72, 4.63, 9.29, 9.25, 9.80, 9.24, 105649, 100990128, 0.77, 6.03, 1.05, 608.5
2016-03-03, 1, wei_ruo, 12.87, 9.71, -0.10, 9.72, 9.81, 9.88, 9.69, 96702.55, 94470781, 0.70, 1.95, 0.92, 3014.98818
2016-03-04, 1, wei_ruo, 12.84, 9.51, -2.06, 9.71, 9.72, 9.76, 9.38, 95852.27, 91754745, 0.70, 3.91, 1.04, 2850.15488
2016-03-07, 1, wei_ruo, 12.83, 9.67, 1.68, 9.51, 9.57, 9.81, 9.57, 66235.35, 64228411, 0.48, 2.52, 0.71, 2571.93708
2016-03-08, 1, wei_ruo, 12.81, 9.68, 0.10, 9.67, 9.65, 9.70, 9.38, 71372.13, 67916347, 0.52, 3.31, 0.81, 4123.23594
2016-03-09, 1, wei_ruo, 12.80, 9.54, -1.45, 9.68, 9.55, 9.62, 9.41, 47345.98, 45141891, 0.35, 2.17, 0.54, 2664.03103
2016-03-10, 1, wei_ruo, 12.79, 9.45, -0.94, 9.54, 9.51, 9.60, 9.44, 37621.54, 35824624, 0.27, 1.68, 0.50, 554.05307
2016-03-11, 1, wei_ruo, 12.78, 9.43, -0.21, 9.45, 9.43, 9.49, 9.34, 38817.58, 36520851, 0.28, 1.59, 0.61, 857.28002
2016-03-14, 1, wei_ruo, 12.76, 9.69, 2.76, 9.43, 9.50, 9.78, 9.50, 97811.16, 94677605, 0.71, 2.97, 1.87, 606.13799
2016-03-15, 1, wei_ruo, 12.72, 9.99, 3.10, 9.69, 9.73, 10.00, 9.69, 160518.51, 158568994, 1.17, 3.20, 2.74, 605.47018
2016-03-16, 1, wei_ruo, 12.71, 9.80, -1.90, 9.99, 9.90, 10.05, 9.74, 86733.79, 85535969, 0.63, 3.10, 1.13, 761.82699
2016-03-17, 1, wei_ruo, 12.68, 10.00, 2.04, 9.80, 9.85, 10.05, 9.76, 113186.49, 112409800, 0.83, 2.96, 1.34, 792.68694
2016-03-18, 1, wei_ruo, 12.65, 10.26, 2.60, 10.00, 10.00, 10.34, 10.00, 162909.24, 166312128, 1.19, 3.40, 1.64, 2562.91914
2016-03-21, 1, wei_ruo, 12.62, 10.41, 1.46, 10.26, 10.38, 10.43, 10.23, 185307.98, 191570480, 1.35, 1.95, 1.49, 614.08997
2016-03-22, 2, qing_du, 12.60, 10.27, -1.34, 10.41, 10.33, 10.35, 10.21, 105809.67, 108843077, 0.77, 1.34, 0.75, 1189.89897
2016-03-23, 2, qing_du, 12.59, 10.28, 0.10, 10.27, 10.25, 10.37, 10.20, 107686.22, 110769773, 0.78, 1.66, 0.82, 1272.11285
2016-03-24, 3, zhong_du, 12.57, 10.05, -2.24, 10.28, 10.23, 10.27, 10.04, 99670.28, 101424487, 0.73, 2.24, 0.74, 634.8269
2016-03-25, 3, zhong_du, 12.55, 10.13, 0.80, 10.05, 10.03, 10.21, 10.03, 80199.7, 81237443, 0.58, 1.79, 0.61, 694.5169
2016-03-28, 3, zhong_du, 12.54, 10.23, 0.99, 10.13, 10.19, 10.39, 10.17, 109580.5, 112664446, 0.80, 2.17, 0.95, 979.04301
2016-03-29, 3, zhong_du, 12.52, 10.09, -1.37, 10.23, 10.23, 10.33, 10.01, 92365.85, 94010564, 0.67, 3.13, 0.92, 862.95199
2016-03-30, 3, zhong_du, 12.48, 10.77, 6.74, 10.09, 10.18, 10.78, 10.15, 289062.08, 304599041, 2.11, 6.24, 2.95, 1233.32906
2016-03-31, 3, zhong_du, 12.46, 10.68, -0.84, 10.77, 10.78, 10.82, 10.62, 156272.93, 167252124, 1.14, 1.86, 1.16, 2993.39986
2016-04-01, 4, gao_du, 12.44, 10.61, -0.66, 10.68, 10.67, 10.75, 10.42, 120667.55, 127415153, 0.88, 3.09, 0.83, 3017.31801
2016-04-05, 4, gao_du, 12.42, 10.72, 1.04, 10.61, 10.63, 10.89, 10.50, 193074.33, 207212491, 1.41, 3.68, 1.26, 2494.25101
2016-04-06, 4, gao_du, 12.40, 10.77, 0.47, 10.72, 10.64, 10.83, 10.59, 116278.52, 124509285, 0.85, 2.24, 0.68, 2485.58307
2016-04-07, 4, gao_du, 12.39, 10.49, -2.60, 10.77, 10.82, 10.85, 10.47, 122827.87, 130369675, 0.90, 3.53, 0.70, 2114.02202
2016-04-08, 4, gao_du, 12.37, 10.67, 1.72, 10.49, 10.40, 10.75, 10.39, 132113.74, 140220107, 0.96, 3.43, 0.93, 822.39413
2016-04-11, 4, gao_du, 12.35, 10.95, 2.62, 10.67, 10.75, 11.03, 10.75, 181782.47, 198990254, 1.33, 2.62, 1.33, 626.72901
2016-04-12, 4, gao_du, 12.32, 10.58, -3.38, 10.95, 10.91, 10.98, 10.45, 261925.52, 278140618, 1.91, 4.84, 1.76, 595.68596
2016-04-13, 5, qiang_lie, 12.29, 10.62, 0.38, 10.58, 10.60, 10.80, 10.55, 252889.68, 269167946, 1.84, 2.36, 1.55, 1128.45612
2016-04-14, 4, gao_du, 12.27, 10.61, -0.09, 10.62, 10.67, 10.72, 10.54, 139544.51, 147865713, 1.02, 1.69, 0.73, 1093.96696
2016-04-15, 4, gao_du, 12.26, 10.56, -0.47, 10.61, 10.60, 10.63, 10.50, 100010.48, 105441413, 0.73, 1.23, 0.52, 2642.17496
2016-04-18, 4, gao_du, 12.24, 10.30, -2.46, 10.56, 10.50, 10.55, 10.26, 110925.03, 114859511, 0.81, 2.75, 0.59, 4410.95304
2016-04-19, 4, gao_du, 12.23, 10.34, 0.39, 10.30, 10.36, 10.42, 10.28, 77454.73, 79989806, 0.56, 1.36, 0.45, 936.67316
2016-04-20, 4, gao_du, 12.20, 9.84, -4.84, 10.34, 10.38, 10.39, 9.67, 180403.24, 180416121, 1.32, 6.96, 1.32, 2654.06299
2016-04-21, 3, zhong_du, 12.19, 9.73, -1.12, 9.84, 9.80, 9.93, 9.72, 92106.22, 90571223, 0.67, 2.13, 0.76, 794.38686
2016-04-22, 2, qing_du, 12.17, 9.77, 0.41, 9.73, 9.70, 9.80, 9.65, 65910.68, 64081611, 0.48, 1.54, 0.59, 763.90409
2016-04-25, 2, qing_du, 12.16, 9.77, 0.00, 9.77, 9.70, 9.82, 9.67, 56780.8, 55259551, 0.41, 1.54, 0.54, 2526.2289
2016-04-26, 2, qing_du, 12.15, 10.04, 2.76, 9.77, 9.73, 10.05, 9.73, 84460.72, 83714755, 0.62, 3.28, 0.89, 1721.35901
2016-04-27, 2, qing_du, 12.14, 9.92, -1.20, 10.04, 10.07, 10.08, 9.90, 58813.53, 58757846, 0.43, 1.79, 0.61, 1357.68008
2016-04-28, 2, qing_du, 12.13, 10.05, 1.31, 9.92, 9.93, 10.06, 9.86, 64743.73, 64478087, 0.39, 2.02, 0.90, 1194.38004
2016-04-29, 2, qing_du, 12.13, 9.97, -0.80, 10.05, 9.94, 10.08, 9.91, 42154.68, 42086107, 0.25, 1.69, 0.64, 2685.81796
2016-05-03, 2, qing_du, 12.11, 10.16, 1.91, 9.97, 10.00, 10.20, 9.93, 75257.28, 76139968, 0.45, 2.71, 1.23, 985.16703
2016-05-04, 2, qing_du, 12.09, 9.96, -1.97, 10.16, 10.00, 10.07, 9.85, 181639.34, 180952079, 1.09, 2.17, 2.79, 570.7469
2016-05-05, 2, qing_du, 12.07, 9.88, -0.80, 9.96, 9.91, 9.93, 9.81, 91578.78, 90273727, 0.55, 1.20, 1.08, 687.222
2016-05-06, 2, qing_du, 12.05, 9.61, -2.73, 9.88, 9.90, 9.91, 9.60, 133689.25, 129846866, 0.80, 3.14, 1.47, 2589.16593
2016-05-09, 1, wei_ruo, 12.03, 9.34, -2.81, 9.61, 9.62, 9.62, 9.31, 80147.18, 75518278, 0.48, 3.23, 0.76, 2550.143
2016-05-10, 1, wei_ruo, 12.02, 9.34, 0.00, 9.34, 9.34, 9.42, 9.29, 41258.51, 38596565, 0.25, 1.39, 0.37, 2592.36884
2016-05-11, 1, wei_ruo, 12.01, 9.55, 2.25, 9.34, 9.39, 9.79, 9.36, 104505.29, 100031485, 0.62, 4.60, 0.99, 1293.60914
2016-05-12, 1, wei_ruo, 11.99, 9.45, -1.05, 9.55, 9.40, 9.48, 9.32, 59030.53, 55518981, 0.35, 1.68, 0.65, 3370.23592
2016-05-13, 1, wei_ruo, 11.99, 9.47, 0.21, 9.45, 9.47, 9.58, 9.42, 41466.35, 39335283, 0.25, 1.69, 0.50, 3080.72782
2016-05-16, 1, wei_ruo, 11.98, 9.50, 0.32, 9.47, 9.47, 9.51, 9.37, 45843.66, 43333399, 0.27, 1.48, 0.70, 14469.06805
2016-05-17, 1, wei_ruo, 11.97, 9.53, 0.32, 9.50, 9.48, 9.63, 9.41, 62408.85, 59387380, 0.37, 2.32, 1.07, 782.32098
2016-05-18, 1, wei_ruo, 11.95, 9.26, -2.83, 9.53, 9.47, 9.47, 9.19, 87097.52, 81004619, 0.52, 2.94, 1.39, 1132.303
2016-05-19, 1, wei_ruo, 11.94, 9.27, 0.11, 9.26, 9.27, 9.41, 9.20, 72104.23, 67109398, 0.43, 2.27, 1.22, 898.3109
2016-05-20, 1, wei_ruo, 11.93, 9.31, 0.43, 9.27, 9.24, 9.33, 9.20, 46043.96, 42672965, 0.28, 1.40, 0.75, 733.57701
2016-05-23, 1, wei_ruo, 11.92, 9.37, 0.64, 9.31, 9.31, 9.42, 9.31, 44049.5, 41249982, 0.26, 1.18, 0.70, 852.12207
2016-05-24, 1, wei_ruo, 11.91, 9.31, -0.64, 9.37, 9.39, 9.39, 9.29, 34859.51, 32487845, 0.21, 1.07, 0.56, 574.29004
2016-05-25, 1, wei_ruo, 11.91, 9.29, -0.21, 9.31, 9.38, 9.41, 9.26, 35116.51, 32785198, 0.21, 1.61, 0.56, 1634.34196
2016-05-26, 1, wei_ruo, 11.90, 9.31, 0.22, 9.29, 9.23, 9.32, 9.20, 44886.79, 41544381, 0.27, 1.29, 0.72, 687.6359
2016-05-27, 1, wei_ruo, 11.89, 9.33, 0.21, 9.31, 9.31, 9.40, 9.24, 45135.53, 42045242, 0.27, 1.72, 0.72, 1000.21696
2016-05-30, 1, wei_ruo, 11.88, 9.31, -0.21, 9.33, 9.28, 9.39, 9.26, 31507.88, 29401366, 0.19, 1.39, 0.51, 2450.84882
2016-05-31, 1, wei_ruo, 11.86, 9.59, 3.01, 9.31, 9.32, 9.60, 9.32, 124207.33, 118024919, 0.74, 3.01, 1.99, 2999.9249
2016-06-01, 1, wei_ruo, 11.85, 9.51, -0.83, 9.59, 9.59, 9.61, 9.48, 97489.17, 93067354, 0.58, 1.36, 1.56, 670.17698
2016-06-02, 1, wei_ruo, 11.85, 9.51, 0.00, 9.51, 9.50, 9.55, 9.47, 71619.59, 68124185, 0.43, 0.84, 1.15, 711.78007
2016-06-03, 1, wei_ruo, 11.83, 9.58, 0.74, 9.51, 9.50, 9.60, 9.41, 105175.21, 100091583, 0.63, 2.00, 1.69, 1285.66194
2016-06-06, 1, wei_ruo, 11.82, 9.55, -0.31, 9.58, 9.65, 9.66, 9.52, 65733.42, 63019148, 0.39, 1.46, 1.05, 834.75304
2016-06-07, 1, wei_ruo, 11.80, 9.74, 1.99, 9.55, 9.62, 9.76, 9.57, 106065.99, 102710800, 0.63, 1.99, 1.70, 922.00208
2016-06-08, 1, wei_ruo, 11.79, 9.72, -0.21, 9.74, 9.77, 9.79, 9.63, 77254.62, 75075787, 0.38, 1.64, 1.24, 2615.81993
2016-06-13, 1, wei_ruo, 11.78, 9.46, -2.67, 9.72, 9.71, 9.71, 9.45, 85175.13, 81373706, 0.41, 2.67, 1.37, 2068.38012
2016-06-14, 1, wei_ruo, 11.75, 9.75, 3.07, 9.46, 9.43, 9.80, 9.42, 146411.07, 141232853, 0.71, 4.02, 2.35, 602.58198
2016-06-15, 1, wei_ruo, 7.74, 6.55, 1.87, 6.43, 6.37, 6.57, 6.35, 114217.62, 74277771, 0.56, 3.42, 1.83, 1774.85108
2016-06-16, 1, wei_ruo, 7.73, 6.38, -2.60, 6.55, 6.52, 6.52, 6.36, 153246.74, 98138187, 0.74, 2.44, 2.46, 1115.05699
2016-06-17, 1, wei_ruo, 7.73, 6.40, 0.31, 6.38, 6.38, 6.49, 6.37, 99766.63, 64050736, 0.48, 1.88, 1.60, 692.67511
2016-06-20, 1, wei_ruo, 7.72, 6.42, 0.31, 6.40, 6.38, 6.43, 6.33, 74655.31, 47723027, 0.36, 1.56, 1.20, 3805.47595
2016-06-21, 1, wei_ruo, 7.72, 6.38, -0.62, 6.42, 6.45, 6.48, 6.36, 94347.18, 60478672, 0.46, 1.87, 1.51, 572.73912
2016-06-22, 1, wei_ruo, 7.71, 6.41, 0.47, 6.38, 6.33, 6.42, 6.32, 84292.04, 53794331, 0.41, 1.57, 1.35, 1226.70603
2016-06-23, 1, wei_ruo, 7.71, 6.39, -0.31, 6.41, 6.41, 6.43, 6.35, 63779.91, 40689874, 0.31, 1.25, 1.02, 680.14193
2016-06-24, 1, wei_ruo, 7.70, 6.28, -1.72, 6.39, 6.39, 6.40, 6.11, 115284.7, 72525782, 0.56, 4.54, 1.85, 2631.41012
2016-06-27, 1, wei_ruo, 7.69, 6.32, 0.64, 6.28, 6.24, 6.34, 6.22, 66190.08, 41697302, 0.32, 1.91, 1.06, 2646.42191
2016-06-28, 1, wei_ruo, 7.69, 6.43, 1.58, 6.33, 6.31, 6.46, 6.28, 117569.01, 75335682, 0.57, 2.84, 1.89, 1169.40904
2016-06-30, 2, qing_du, 7.67, 6.48, 0.31, 6.46, 6.48, 6.56, 6.44, 118612.37, 77145563, 0.58, 1.86, 1.90, 690.05799
2016-07-01, 3, zhong_du, 7.67, 6.46, -0.31, 6.48, 6.49, 6.54, 6.43, 97672.23, 63139326, 0.47, 1.70, 1.57, 483.47712
2016-07-04, 3, zhong_du, 7.66, 6.53, 1.08, 6.46, 6.42, 6.55, 6.42, 123777.98, 80684479, 0.60, 2.01, 1.99, 820.6811
2016-07-05, 3, zhong_du, 7.64, 6.75, 3.37, 6.53, 6.54, 6.96, 6.50, 365563.45, 247614464, 1.78, 7.04, 5.86, 2567.04497
2016-07-06, 3, zhong_du, 7.64, 6.75, 0.00, 6.75, 6.68, 6.80, 6.63, 147580.01, 99033224, 0.72, 2.52, 2.37, 18909.99198
2016-07-07, 3, zhong_du, 7.63, 6.80, 0.74, 6.75, 6.75, 6.93, 6.74, 268707.44, 183415673, 1.31, 2.81, 4.31, 695.24193
2016-07-08, 3, zhong_du, 7.62, 6.72, -1.18, 6.80, 6.81, 6.81, 6.70, 114259.05, 77019531, 0.56, 1.62, 1.83, 456.36797
2016-07-11, 3, zhong_du, 7.62, 6.70, -0.30, 6.72, 6.72, 6.81, 6.68, 149267.37, 100576578, 0.73, 1.93, 2.39, 16847.85008
2016-07-12, 3, zhong_du, 7.60, 6.91, 3.13, 6.70, 6.69, 6.94, 6.67, 305964.87, 209192729, 1.49, 4.03, 4.91, 19544.91401
2016-07-13, 4, gao_du, 7.59, 6.98, 1.01, 6.91, 6.90, 7.16, 6.90, 323685.12, 228077333, 1.57, 3.76, 5.19, 12264.60719
2016-07-14, 4, gao_du, 7.59, 7.01, 0.43, 6.98, 6.94, 7.08, 6.94, 146579.84, 102571947, 0.71, 2.01, 2.35, 798.11096
2016-07-15, 4, gao_du, 7.59, 6.96, -0.71, 7.01, 7.04, 7.04, 6.91, 148351.18, 103217806, 0.72, 1.85, 2.38, 790.07387
2016-07-18, 4, gao_du, 7.58, 6.81, -2.16, 6.96, 6.93, 6.93, 6.79, 158405.4, 108296132, 0.77, 2.01, 2.54, 646.68202
2016-07-19, 4, gao_du, 7.58, 6.79, -0.29, 6.81, 6.77, 6.81, 6.73, 94831.19, 64168379, 0.46, 1.17, 1.52, 596.89403
2016-07-20, 4, gao_du, 7.58, 6.78, -0.15, 6.79, 6.79, 6.85, 6.75, 83432.85, 56713859, 0.41, 1.47, 1.34, 569.35215
2016-07-21, 3, zhong_du, 7.57, 6.73, -0.74, 6.78, 6.81, 6.84, 6.72, 149993.6, 101810600, 0.73, 1.77, 2.41, 1353.35302
2016-07-22, 3, zhong_du, 7.56, 6.66, -1.04, 6.73, 6.73, 6.78, 6.64, 171948.83, 115129891, 0.84, 2.08, 2.76, 835.90388
2016-07-25, 3, zhong_du, 7.55, 6.69, 0.45, 6.66, 6.67, 6.69, 6.64, 119017.3, 79356596, 0.58, 0.75, 1.91, 4758.49009
2016-07-26, 3, zhong_du, 7.55, 6.78, 1.35, 6.69, 6.67, 6.79, 6.66, 179389.09, 120909856, 0.87, 1.94, 2.88, 940.47284
2016-07-27, 3, zhong_du, 7.53, 6.69, -1.33, 6.78, 6.79, 6.90, 6.54, 366862.06, 247612940, 1.78, 5.31, 5.88, 2680.933
2016-07-28, 3, zhong_du, 7.52, 6.62, -1.05, 6.69, 6.61, 6.67, 6.55, 192775.22, 127278339, 0.94, 1.79, 3.09, 2750.29898
2016-07-29, 3, zhong_du, 7.51, 6.80, 2.72, 6.62, 6.61, 6.83, 6.57, 340354.56, 229470233, 1.65, 3.93, 5.46, 14319.34094
2016-08-01, 3, zhong_du, 7.50, 6.85, 0.74, 6.80, 6.82, 6.92, 6.68, 374538.96, 255806306, 1.82, 3.53, 6.01, 6540.01403
2016-08-02, 4, gao_du, 7.49, 6.84, -0.15, 6.85, 6.83, 6.87, 6.74, 181920.06, 123582988, 0.88, 1.90, 2.92, 20363.43193
2016-08-03, 4, gao_du, 7.49, 6.74, -1.46, 6.84, 6.82, 6.82, 6.69, 158966.9, 107399216, 0.77, 1.90, 1.84, 2808.56514
2016-08-04, 4, gao_du, 7.48, 6.75, 0.15, 6.74, 6.75, 6.81, 6.72, 116153.99, 78501832, 0.56, 1.34, 1.15, 14003.31616
2016-08-05, 4, gao_du, 7.48, 6.69, -0.89, 6.75, 6.75, 6.77, 6.69, 116807.3, 78390274, 0.57, 1.19, 1.07, 5119.58289
2016-08-08, 4, gao_du, 7.47, 6.73, 0.60, 6.69, 6.68, 6.74, 6.62, 131922.46, 87935399, 0.64, 1.79, 1.07, 1896.61407
2016-08-09, 3, zhong_du, 7.47, 6.75, 0.30, 6.73, 6.73, 6.77, 6.69, 112306.52, 75597308, 0.55, 1.19, 0.80, 4368.3989
2016-08-10, 3, zhong_du, 7.47, 6.67, -1.19, 6.75, 6.75, 6.77, 6.67, 105669.73, 70886635, 0.51, 1.48, 0.83, 1446.61808
2016-08-11, 3, zhong_du, 7.46, 6.62, -0.90, 6.68, 6.68, 6.71, 6.61, 117939.55, 78353281, 0.57, 1.50, 1.01, 2483.05202
2016-08-15, 3, zhong_du, 7.45, 6.82, 1.79, 6.70, 6.70, 6.87, 6.68, 237735, 161266210, 1.16, 2.84, 2.21, 658.20909
2016-08-16, 3, zhong_du, 7.45, 6.82, 0.00, 6.82, 6.84, 6.86, 6.79, 166933.56, 113902494, 0.81, 1.03, 1.30, 670.30597
2016-08-17, 3, zhong_du, 7.44, 6.83, 0.15, 6.82, 6.81, 6.84, 6.76, 122430.71, 83303688, 0.59, 1.17, 0.88, 14495.15295
2016-08-18, 3, zhong_du, 7.44, 6.85, 0.29, 6.83, 6.83, 6.88, 6.81, 157175.65, 107541244, 0.76, 1.02, 1.10, 24142.39097
2016-08-19, 3, zhong_du, 7.43, 6.97, 1.75, 6.85, 6.85, 7.03, 6.81, 320309.52, 222731835, 1.56, 3.21, 2.12, 17808.06303
2016-08-22, 3, zhong_du, 7.42, 6.82, -2.15, 6.97, 6.98, 7.04, 6.81, 219069.31, 151778057, 1.06, 3.30, 1.09, 1563.92503
2016-08-23, 3, zhong_du, 7.42, 6.94, 1.76, 6.82, 6.83, 6.94, 6.80, 188530.64, 129819996, 0.92, 2.05, 0.96, 627.65598
2016-08-24, 3, zhong_du, 7.42, 6.86, -1.15, 6.94, 6.93, 6.94, 6.84, 129035.75, 88786322, 0.63, 1.44, 0.64, 3751.76907
2016-08-25, 3, zhong_du, 7.41, 6.76, -1.46, 6.86, 6.75, 6.79, 6.69, 181028.62, 121930383, 0.88, 1.46, 0.89, 538.65695
2016-08-26, 3, zhong_du, 7.41, 6.82, 0.89, 6.76, 6.78, 6.93, 6.74, 147874.16, 101121278, 0.72, 2.81, 0.71, 514.40001
2016-08-29, 3, zhong_du, 7.40, 6.93, 1.61, 6.82, 6.82, 6.94, 6.80, 187350.67, 129008325, 0.91, 2.05, 1.08, 695.72783
2016-08-30, 3, zhong_du, 7.40, 6.93, 0.00, 6.93, 6.91, 6.96, 6.87, 148323.08, 102652444, 0.72, 1.30, 0.89, 436.16915
2016-08-31, 3, zhong_du, 7.39, 6.92, -0.14, 6.93, 6.91, 6.96, 6.90, 23988.68, 16616872, 0.12, 0.87, 0.86, 5480.76582
2016-09-01, 3, zhong_du, 7.39, 6.96, 0.29, 6.94, 6.93, 7.05, 6.90, 272828.43, 190836470, 1.33, 2.16, 1.67, 774.15895
2016-09-02, 4, gao_du, 7.39, 6.91, -0.72, 6.96, 6.93, 6.99, 6.89, 162774.31, 112804622, 0.79, 1.44, 1.00, 5750.44203
2016-09-05, 4, gao_du, 7.39, 6.89, -0.29, 6.91, 6.91, 6.94, 6.87, 117434.07, 80994367, 0.57, 1.01, 0.72, 678.13897
2016-09-06, 4, gao_du, 7.39, 6.92, -0.14, 6.93, 6.91, 6.96, 6.90, 23988.68, 16616872, 0.12, 0.87, 0.86, 6488.44981
2016-09-07, 4, gao_du, 7.39, 6.92, -0.14, 6.93, 6.91, 6.96, 6.90, 23988.68, 16616872, 0.12, 0.87, 0.86, 2158.09512
2016-09-08, 4, gao_du, 7.39, 6.92, -0.29, 6.94, 6.94, 6.95, 6.89, 138843.65, 96019320, 0.67, 0.86, 0.85, 3816.53595
2016-09-09, 4, gao_du, 7.39, 6.96, 0.58, 6.92, 6.93, 7.05, 6.91, 282435.24, 197622887, 1.37, 2.02, 1.73, 2821.05517
2016-09-12, 4, gao_du, 7.39, 6.92, -0.14, 6.93, 6.91, 6.96, 6.90, 23988.68, 16616872, 0.12, 0.87, 0.86, 655.9689
2016-09-13, 4, gao_du, 7.39, 6.92, -0.14, 6.93, 6.91, 6.96, 6.90, 23988.68, 16616872, 0.12, 0.87, 0.86, 581.29311
2016-09-14, 3, zhong_du, 7.39, 6.80, 0.74, 6.75, 6.76, 6.89, 6.70, 168150.81, 114457717, 0.82, 2.81, 1.03, 783.99396
2016-09-19, 3, zhong_du, 7.39, 6.99, 2.79, 6.80, 6.81, 7.00, 6.80, 189846.94, 130999122, 0.92, 2.94, 1.16, 2732.44596
2016-09-20, 3, zhong_du, 7.39, 6.96, -0.43, 6.99, 6.97, 7.02, 6.92, 134142.78, 93347687, 0.65, 1.43, 0.82, 1230.49092
2016-09-21, 4, gao_du, 7.39, 7.00, 0.57, 6.96, 6.98, 7.03, 6.92, 190571.47, 133035982, 0.93, 1.58, 1.17, 1749.03107
2016-09-22, 5, qiang_lie, 7.39, 6.97, -0.43, 7.00, 7.03, 7.07, 6.95, 211354.66, 147845620, 1.03, 1.71, 1.30, 2560.87995
2016-09-23, 5, qiang_lie, 7.39, 6.89, -1.15, 6.97, 6.96, 6.97, 6.88, 145918.79, 100743631, 0.71, 1.29, 0.89, 664.042
2016-09-26, 4, gao_du, 7.39, 6.78, -1.60, 6.89, 6.85, 6.92, 6.77, 116138.69, 79577585, 0.56, 2.18, 0.71, 878.64518
2016-09-27, 3, zhong_du, 7.39, 6.83, 0.74, 6.78, 6.78, 6.84, 6.72, 107966.35, 73246111, 0.52, 1.77, 0.66, 751.34587
2016-09-28, 3, zhong_du, 7.39, 6.87, 0.59, 6.83, 6.86, 6.88, 6.79, 80691.73, 55155690, 0.39, 1.32, 0.49, 634.88197
2016-09-29, 3, zhong_du, 7.39, 6.89, 0.29, 6.87, 6.87, 6.95, 6.85, 106745.92, 73759746, 0.52, 1.46, 0.65, 21353.65295
2016-09-30, 3, zhong_du, 7.39, 6.92, 0.44, 6.89, 6.88, 6.95, 6.87, 107351.96, 74346991, 0.52, 1.16, 0.66, 2797.16706
2016-10-10, 4, gao_du, 7.39, 7.02, 1.45, 6.92, 6.93, 7.02, 6.90, 192953.4, 134476899, 0.94, 1.73, 1.18, 16308.11191
2016-10-11, 4, gao_du, 7.39, 6.98, -0.57, 7.02, 7.02, 7.02, 6.95, 165114.58, 115143841, 0.80, 1.00, 1.01, 883.20494
2016-10-12, 5, qiang_lie, 7.39, 6.99, 0.14, 6.98, 7.02, 7.05, 6.95, 183814.85, 128391123, 0.89, 1.43, 1.13, 470.47091
2016-10-13, 5, qiang_lie, 7.39, 7.32, 4.72, 6.99, 6.97, 7.35, 6.96, 606330.48, 436775217, 2.95, 5.58, 3.72, 10681.05102
2016-10-14, 5, qiang_lie, 7.31, 7.27, -0.68, 7.32, 7.23, 7.32, 7.18, 296000.92, 214333777, 1.44, 1.91, 1.82, 972.42403
2016-10-17, 5, qiang_lie, 7.31, 7.34, 0.96, 7.27, 7.36, 7.53, 7.32, 634689.02, 471790710, 3.08, 2.89, 3.89, 1128.30019
2016-10-18, 5, qiang_lie, 7.31, 7.39, 0.68, 7.34, 7.33, 7.49, 7.33, 272177.18, 201209934, 1.32, 2.18, 1.67, 1485.8079
2016-10-19, 5, qiang_lie, 7.31, , , , , , , , , , , , 2878.75295
2016-10-20, 5, qiang_lie, 7.32, 7.42, 1.50, 7.31, 7.33, 7.50, 7.33, 269353.01, 200263277, 1.31, 2.33, 1.32, 670.84599
2016-10-21, 5, qiang_lie, 7.32, 7.45, 0.40, 7.42, 7.42, 7.52, 7.37, 184031.41, 137090806, 0.89, 2.02, 0.85, 6409.67798
2016-10-24, 5, qiang_lie, 7.32, 7.54, 1.21, 7.45, 7.43, 7.67, 7.41, 263122.67, 199448000, 1.28, 3.49, 1.16, 850.22593
2016-10-25, 5, qiang_lie, 7.32, 7.62, 1.06, 7.54, 7.52, 7.66, 7.51, 209071.48, 159124177, 1.02, 1.99, 0.92, 5269.49382
2016-10-26, 5, qiang_lie, 7.32, 7.54, -1.05, 7.62, 7.64, 7.66, 7.52, 157687.08, 119461798, 0.77, 1.84, 0.69, 2486.55987
2016-10-27, 5, qiang_lie, 7.33, 7.56, 0.27, 7.54, 7.52, 7.58, 7.43, 164544.15, 123063023, 0.80, 1.99, 0.72, 695.64605
2016-10-28, 5, qiang_lie, 7.33, 7.45, -1.59, 7.57, 7.53, 7.62, 7.41, 159043.62, 119346736, 0.77, 2.77, 0.70, 6541.77189
2016-10-31, 5, qiang_lie, 7.33, 7.54, 1.21, 7.45, 7.41, 7.56, 7.38, 130409.33, 97476657, 0.63, 2.42, 0.58, 607.7559
2016-11-01, 5, qiang_lie, 7.33, 7.56, 0.13, 7.55, 7.55, 7.60, 7.46, 122307.37, 92221859, 0.59, 1.85, 0.54, 520.42294
2016-11-02, 5, qiang_lie, 7.33, 7.46, -1.32, 7.56, 7.53, 7.56, 7.44, 153798.04, 115032049, 0.75, 1.59, 0.67, 444.43011
2016-11-03, 5, qiang_lie, 7.33, 7.41, -0.54, 7.45, 7.40, 7.48, 7.39, 158740.62, 117975377, 0.77, 1.21, 0.70, 493.71219
2016-11-04, 5, qiang_lie, 7.33, 7.39, -0.27, 7.41, 7.42, 7.45, 7.38, 119904.72, 88785400, 0.58, 0.94, 0.53, 438.10701
2016-11-07, 5, qiang_lie, 7.33, 7.44, 0.68, 7.39, 7.37, 7.46, 7.32, 148795.56, 109877998, 0.72, 1.89, 0.65, 695.51206
2016-11-08, 5, qiang_lie, 7.33, 7.41, -0.54, 7.45, 7.44, 7.48, 7.39, 96933.71, 71919452, 0.47, 1.21, 0.42, 639.3528
2016-11-09, 5, qiang_lie, 7.33, 7.36, -0.67, 7.41, 7.39, 7.42, 7.29, 159335.62, 117039365, 0.77, 1.75, 0.70, 591.15887
2016-11-10, 5, qiang_lie, 7.33, 7.39, 0.41, 7.36, 7.40, 7.43, 7.35, 122920.1, 90717247, 0.60, 1.09, 0.54, 752.70486
2016-11-11, 5, qiang_lie, 7.33, 7.38, -0.27, 7.40, 7.39, 7.39, 7.31, 147383.13, 108189682, 0.72, 1.08, 0.65, 5223.00696
2016-11-14, 5, qiang_lie, 7.33, 7.39, 0.14, 7.38, 7.36, 7.41, 7.33, 139222.79, 102564052, 0.68, 1.08, 0.61, 372.83707
2016-11-15, 5, qiang_lie, 7.33, 7.43, 0.54, 7.39, 7.37, 7.43, 7.34, 148152.96, 109461447, 0.72, 1.22, 0.65, 614.52794
2016-11-16, 5, qiang_lie, 7.34, 7.39, 0.00, 7.39, 7.37, 7.43, 7.34, 74472.42, 54961439, 0.36, 1.22, 0.65, 431.94509
2016-11-17, 5, qiang_lie, 7.34, 7.38, -0.67, 7.43, 7.43, 7.45, 7.36, 51588.53, 38086598, 0.25, 1.21, 0.45, 553.20907
2016-11-18, 5, qiang_lie, 7.34, 7.38, -0.67, 7.43, 7.43, 7.45, 7.36, 51588.53, 38086598, 0.25, 1.21, 0.45, 592.98801
2016-11-21, 5, qiang_lie, 7.34, 7.27, -0.55, 7.31, 7.29, 7.32, 7.26, 99452.53, 72486742, 0.48, 0.82, 0.44, 375.04482
2016-11-22, 4, gao_du, 7.33, 7.28, 0.14, 7.27, 7.27, 7.32, 7.24, 110203.92, 80131325, 0.54, 1.10, 0.48, 4514.52303
2016-11-23, 4, gao_du, 7.33, 7.24, -0.55, 7.28, 7.28, 7.29, 7.23, 122466.75, 88855307, 0.60, 0.82, 0.54, 483.59919
2016-11-24, 4, gao_du, 7.33, 7.23, -0.14, 7.24, 7.23, 7.25, 7.20, 94164.24, 68027839, 0.46, 0.69, 0.41, 498.58904
2016-11-25, 3, zhong_du, 7.33, 7.27, 0.41, 7.24, 7.22, 7.29, 7.17, 93608.66, 67697271, 0.45, 1.66, 0.41, 603.8599
2016-11-28, 3, zhong_du, 7.33, 7.26, -0.14, 7.27, 7.28, 7.30, 7.22, 100662.46, 73183088, 0.49, 1.10, 0.44, 514.40406
2016-11-29, 3, zhong_du, 7.33, 7.23, -0.28, 7.25, 7.29, 7.29, 7.21, 116822.6, 84727180, 0.57, 1.10, 0.51, 350.58093
2016-11-30, 3, zhong_du, 7.33, 7.28, 0.69, 7.23, 7.22, 7.33, 7.21, 100533.49, 73205383, 0.49, 1.66, 0.44, 453.66812
2016-12-01, 3, zhong_du, 7.33, 7.35, 0.82, 7.29, 7.29, 7.38, 7.28, 171970.3, 126104589, 0.84, 1.37, 0.75, 1663.25092
2016-12-02, 3, zhong_du, 7.33, 7.28, -0.95, 7.35, 7.34, 7.36, 7.27, 81328.4, 59427605, 0.40, 1.22, 0.36, 552.06704
2016-12-05, 2, qing_du, 7.33, 7.37, 1.24, 7.28, 7.25, 7.38, 7.21, 145096.03, 106014475, 0.71, 2.34, 0.64, 735.87799
2016-12-06, 2, qing_du, 7.33, 7.50, 2.04, 7.35, 7.34, 7.59, 7.34, 294203.73, 220392544, 1.43, 3.40, 1.29, 652.93503
2016-12-07, 3, zhong_du, 7.34, 7.51, 0.13, 7.50, 7.51, 7.54, 7.46, 126216.41, 94535723, 0.61, 1.07, 0.56, 491.92309
2016-12-08, 3, zhong_du, 7.34, 7.69, 2.40, 7.51, 7.45, 7.75, 7.45, 338953.57, 258642531, 1.65, 3.99, 1.48, 450.25897
2016-12-09, 4, gao_du, 7.34, 7.61, -1.04, 7.69, 7.69, 7.90, 7.56, 252256.07, 192731453, 1.23, 4.42, 1.10, 582.04508
2016-12-12, 4, gao_du, 7.34, 7.23, -4.99, 7.61, 7.58, 7.61, 7.22, 311399.94, 229880074, 1.51, 5.12, 1.36, 511.60002
2016-12-13, 3, zhong_du, 7.34, 7.24, 0.14, 7.23, 7.20, 7.27, 7.10, 172563.44, 123884662, 0.84, 2.35, 0.76, 664.99114
2016-12-14, 2, qing_du, 7.34, 7.11, -1.80, 7.24, 7.25, 7.26, 7.10, 112399.88, 80412561, 0.55, 2.21, 0.49, 484.17592
2016-12-15, 1, wei_ruo, 7.34, 7.14, 0.42, 7.11, 7.05, 7.18, 7.04, 81649.18, 58051820, 0.40, 1.97, 0.36, 514.29701
2016-12-16, 1, wei_ruo, 7.34, 7.20, 0.84, 7.14, 7.14, 7.22, 7.12, 59206.24, 42490710, 0.29, 1.40, 0.26, 654.71005
2016-12-19, 1, wei_ruo, 7.34, 7.13, -0.97, 7.20, 7.21, 7.22, 7.12, 37138.19, 26524506, 0.18, 1.39, 0.16, 686.69391
2016-12-20, 1, wei_ruo, 7.34, 7.19, 0.84, 7.13, 7.13, 7.19, 7.09, 51924.99, 37174195, 0.25, 1.40, 0.23, 623.76189
2016-12-21, 1, wei_ruo, 7.34, 7.20, 0.14, 7.19, 7.17, 7.23, 7.15, 60681.45, 43685681, 0.29, 1.11, 0.27, 479.4178
2016-12-22, 1, wei_ruo, 7.34, 7.19, -0.14, 7.20, 7.20, 7.25, 7.13, 68704.11, 49451583, 0.33, 1.67, 0.30, 464.63299
2016-12-23, 1, wei_ruo, 7.34, 7.19, 0.00, 7.19, 7.19, 7.20, 7.13, 51620.2, 36949308, 0.25, 0.97, 0.23, 407.15504
2016-12-26, 1, wei_ruo, 7.34, 7.16, -0.42, 7.19, 7.17, 7.19, 7.11, 60791.68, 43400420, 0.30, 1.11, 0.27, 500.66185
2016-12-27, 1, wei_ruo, 7.34, 7.24, 1.12, 7.16, 7.16, 7.27, 7.15, 118019.75, 85328588, 0.57, 1.68, 0.52, 528.25999
2016-12-28, 1, wei_ruo, 7.34, 7.26, 0.28, 7.24, 7.24, 7.27, 7.17, 140249.65, 101233283, 0.68, 1.38, 0.61, 577.99196
2016-12-29, 1, wei_ruo, 7.34, 7.29, 0.41, 7.26, 7.25, 7.35, 7.24, 181940.78, 132740293, 0.88, 1.52, 0.80, 4542.53793
2016-12-30, 1, wei_ruo, 7.34, 7.31, 0.27, 7.29, 7.27, 7.33, 7.24, 140297.71, 102167791, 0.68, 1.23, 0.61, 569.31305
2017-01-03, 1, wei_ruo, 7.34, 7.31, 0.27, 7.29, 7.27, 7.33, 7.24, 140297.71, 102167791, 0.68, 1.23, 0.61, 4497.52593
2017-01-04, 1, wei_ruo, 7.34, 7.35, -0.14, 7.36, 7.36, 7.37, 7.30, 60992.11, 44730702, 0.30, 0.95, 0.27, 569.53907
2017-01-05, 1, wei_ruo, 7.34, 7.30, -0.68, 7.35, 7.34, 7.34, 7.29, 64809.17, 47351215, 0.31, 0.68, 0.28, 553.65205
2017-01-06, 1, wei_ruo, 7.34, 7.26, -0.55, 7.30, 7.32, 7.32, 7.24, 77876.02, 56596211, 0.38, 1.10, 0.34, 3812.18982
2017-01-09, 1, wei_ruo, 7.34, 7.23, -0.41, 7.26, 7.24, 7.28, 7.20, 67461.14, 48766950, 0.33, 1.10, 0.30, 612.08391
2017-01-10, 1, wei_ruo, 7.34, 7.25, 0.28, 7.23, 7.23, 7.28, 7.22, 17138.65, 12433029, 0.08, 0.83, 0.15, 436.4171
2017-01-11, 1, wei_ruo, 7.33, 7.25, 0.28, 7.23, 7.23, 7.28, 7.22, 17138.65, 12433029, 0.08, 0.83, 0.15, 597.47291
2017-01-12, 1, wei_ruo, 7.33, 7.25, 0.28, 7.23, 7.23, 7.28, 7.22, 17138.65, 12433029, 0.08, 0.83, 0.15, 2434.1929
2017-01-13, 1, wei_ruo, 7.33, 7.05, -0.28, 7.07, 7.07, 7.14, 7.04, 79215.76, 55975442, 0.38, 1.41, 0.35, 555.10783
2017-01-16, 1, wei_ruo, 7.33, 6.72, -4.68, 7.05, 7.05, 7.07, 6.50, 178565.13, 121764465, 0.87, 8.09, 0.78, 2549.24202
2017-01-17, 1, wei_ruo, 7.32, 6.99, 4.02, 6.72, 6.78, 7.02, 6.73, 159804.43, 110371694, 0.78, 4.32, 0.70, 4653.07593
2017-01-18, 1, wei_ruo, 7.32, 7.25, 0.28, 7.23, 7.23, 7.28, 7.22, 17138.65, 12433029, 0.08, 0.83, 0.15, 4670.68386
2017-02-07, 1, wei_ruo, 7.32, 7.05, -0.42, 7.08, 7.07, 7.08, 7.03, 12187.9, 8585898, 0.06, 0.71, 0.12, 730.08394
2017-02-08, 1, wei_ruo, 7.32, 7.09, 0.14, 7.08, 7.07, 7.10, 7.03, 29788.06, 21026991, 0.14, 0.99, 0.13, 587.13388
2017-02-09, 2, qing_du, 7.32, 7.06, -0.42, 7.09, 7.08, 7.10, 7.05, 38578.17, 27296962, 0.19, 0.71, 0.22, 515.58685
2017-02-10, 2, qing_du, 7.32, 7.03, -0.57, 7.07, 7.08, 7.09, 7.02, 70840.6, 49899678, 0.34, 0.99, 0.31, 2740.16786
2017-02-13, 2, qing_du, 7.32, 7.07, 0.57, 7.03, 7.03, 7.07, 7.00, 42561.28, 30004738, 0.21, 1.00, 0.19, 4615.86285
2017-02-14, 2, qing_du, 7.32, 7.03, -0.57, 7.07, 7.07, 7.08, 7.03, 34648.69, 24397834, 0.17, 0.71, 0.15, 692.626
2017-02-15, 2, qing_du, 7.32, 7.02, -0.14, 7.03, 7.03, 7.06, 7.01, 54751.15, 38500696, 0.27, 0.71, 0.24, 4820.55902
2017-02-16, 2, qing_du, 7.31, 7.04, 0.28, 7.02, 7.02, 7.08, 7.00, 60017.58, 42198335, 0.29, 1.14, 0.26, 795.19987
2017-02-17, 2, qing_du, 7.31, 6.95, -1.28, 7.04, 7.05, 7.05, 6.94, 73077.41, 51044307, 0.36, 1.56, 0.32, 550.18806
2017-02-20, 2, qing_du, 7.31, 6.95, -1.28, 7.04, 7.05, 7.05, 6.94, 73077.41, 51044307, 0.36, 1.56, 0.32, 1624.91894
2017-02-21, 2, qing_du, 7.31, 6.95, -1.28, 7.04, 7.05, 7.05, 6.94, 73077.41, 51044307, 0.36, 1.56, 0.32, 669.78097
2017-02-22, 2, qing_du, 7.31, 6.96, 0.00, 6.96, 6.95, 6.98, 6.93, 71697.2, 49820082, 0.35, 0.72, 0.31, 3155.65395
2017-02-23, 2, qing_du, 7.31, 7.02, 0.86, 6.96, 6.95, 7.03, 6.93, 142893.1, 99938171, 0.69, 1.44, 0.63, 4697.21508
2017-02-24, 2, qing_du, 7.31, 7.04, 0.28, 7.02, 7.02, 7.04, 6.99, 83483.48, 58592688, 0.41, 0.71, 0.37, 1592.26704
2017-02-27, 2, qing_du, 7.31, 6.95, -1.28, 7.04, 7.04, 7.06, 6.94, 99797.44, 69784731, 0.48, 1.70, 0.44, 3537.87804
2017-02-28, 2, qing_du, 7.30, 6.91, -0.58, 6.95, 6.91, 6.96, 6.87, 78040.52, 53963953, 0.38, 1.29, 0.34, 501.32394
2017-03-01, 2, qing_du, 7.30, 6.91, 0.00, 6.91, 6.90, 6.94, 6.89, 56323.45, 38920113, 0.27, 0.72, 0.25, 545.34793
2017-03-02, 2, qing_du, 7.30, 6.91, 0.00, 6.91, 6.93, 6.97, 6.89, 62545.42, 43242430, 0.30, 1.16, 0.27, 732.64623
2017-03-03, 2, qing_du, 7.30, 6.92, 0.14, 6.91, 6.90, 6.95, 6.87, 55701.24, 38506668, 0.27, 1.16, 0.24, 4712.01897
2017-03-06, 2, qing_du, 7.30, 6.97, 0.72, 6.92, 6.92, 6.98, 6.89, 55402.34, 38455081, 0.27, 1.30, 0.24, 4737.90193
2017-03-07, 2, qing_du, 7.30, 6.90, -0.86, 6.96, 6.96, 6.96, 6.89, 40334.88, 27878500, 0.20, 1.01, 0.42, 4506.35195
2017-03-08, 3, zhong_du, 7.30, 6.92, -0.57, 6.96, 6.96, 6.96, 6.89, 60243.89, 41639955, 0.29, 1.01, 0.26, 2635.25915
2017-03-09, 3, zhong_du, 7.30, 6.91, -0.14, 6.92, 6.91, 6.92, 6.86, 55327.6, 38064129, 0.27, 0.87, 0.24, 4750.92793
2017-03-10, 3, zhong_du, 7.30, 6.86, -0.72, 6.91, 6.88, 6.91, 6.86, 34524.23, 23753564, 0.17, 0.72, 0.15, 180852.12588
2017-03-13, 3, zhong_du, 7.29, 6.94, 1.17, 6.86, 6.85, 6.94, 6.79, 75868.4, 52203120, 0.37, 2.19, 0.33, 662.51683
2017-03-14, 3, zhong_du, 7.29, 6.96, 0.29, 6.94, 6.95, 6.99, 6.94, 108097.95, 75360574, 0.53, 0.72, 0.47, 702.06404
2017-03-15, 2, qing_du, 7.29, 6.93, -0.43, 6.96, 6.97, 6.99, 6.90, 61770.69, 42853924, 0.30, 1.29, 0.27, 2524.95408
2017-03-16, 2, qing_du, 7.29, 6.95, 0.29, 6.93, 6.88, 6.95, 6.88, 44520.36, 30863016, 0.22, 1.01, 0.19, 2593.05096
2017-03-17, 2, qing_du, 7.29, 6.90, -0.72, 6.95, 6.96, 6.96, 6.89, 61088.6, 42236232, 0.30, 1.01, 0.27, 565.77206
2017-03-20, 2, qing_du, 7.29, 6.89, -0.14, 6.90, 6.90, 6.91, 6.87, 67188.5, 46267517, 0.33, 0.58, 0.29, 604.83909
2017-03-21, 1, wei_ruo, 7.29, 6.86, -0.44, 6.89, 6.89, 6.90, 6.85, 54637.66, 37541390, 0.27, 0.73, 0.24, 604.6381
2017-03-22, 1, wei_ruo, 7.29, 6.82, -0.58, 6.86, 6.87, 6.87, 6.78, 74294.72, 50638222, 0.36, 1.31, 0.33, 553.41887
2017-03-23, 1, wei_ruo, 7.28, 6.80, -0.29, 6.82, 6.82, 6.85, 6.76, 46758.49, 31837746, 0.23, 1.32, 0.20, 616.26005
2017-03-24, 1, wei_ruo, 7.28, 6.82, 0.29, 6.80, 6.80, 6.82, 6.76, 59345.12, 40265123, 0.29, 0.88, 0.26, 615.834
2017-03-27, 1, wei_ruo, 7.28, 6.84, 0.29, 6.82, 6.80, 6.89, 6.77, 91115.84, 62342516, 0.44, 1.76, 0.40, 616.57
2017-03-28, 1, wei_ruo, 7.28, 6.83, -0.15, 6.84, 6.84, 6.84, 6.80, 39030.4, 26598327, 0.19, 0.58, 0.17, 662.79697
2017-03-29, 1, wei_ruo, 7.28, 6.75, -1.17, 6.83, 6.82, 6.83, 6.74, 66593.45, 45188077, 0.32, 1.32, 0.29, 602.27203
2017-03-30, 1, wei_ruo, 7.28, 6.61, -2.07, 6.75, 6.75, 6.76, 6.59, 109655.94, 72991434, 0.53, 2.52, 0.48, 651.57104
2017-03-31, 1, wei_ruo, 7.27, 6.66, 0.76, 6.61, 6.61, 6.68, 6.55, 97684.31, 64406490, 0.47, 1.97, 0.43, 585.51311
2017-04-05, 1, wei_ruo, 7.27, 6.74, 1.20, 6.66, 6.66, 6.76, 6.66, 94021.97, 63187096, 0.46, 1.50, 0.41, 640.22994
2017-04-06, 1, wei_ruo, 7.27, 6.72, -0.30, 6.74, 6.74, 6.77, 6.71, 51074.74, 34381137, 0.25, 0.89, 0.22, 2588.3739
2017-04-07, 1, wei_ruo, 7.27, 6.70, -0.30, 6.72, 6.72, 6.75, 6.66, 59667.32, 39887156, 0.29, 1.34, 0.26, 624.60613
2017-04-10, 1, wei_ruo, 7.26, 6.69, -0.15, 6.70, 6.60, 6.75, 6.60, 69388.22, 46548278, 0.34, 2.24, 0.30, 609.7331
2017-04-11, 1, wei_ruo, 7.26, 6.76, 1.05, 6.69, 6.70, 6.78, 6.64, 110448.12, 73743552, 0.54, 2.09, 0.48, 608.64806
2017-04-12, 1, wei_ruo, 7.26, 6.67, -1.33, 6.76, 6.75, 6.76, 6.67, 66176.54, 44276535, 0.32, 1.33, 0.29, 647.892
2017-04-13, 1, wei_ruo, 7.26, 6.70, 0.45, 6.67, 6.66, 6.71, 6.65, 46327.18, 30950090, 0.23, 0.90, 0.20, 681.29516
2017-04-14, 1, wei_ruo, 7.26, 6.61, -1.34, 6.70, 6.69, 6.71, 6.61, 60368.44, 40166407, 0.29, 1.49, 0.26, 658.108
2017-04-17, 1, wei_ruo, 7.25, 6.63, 0.30, 6.61, 6.60, 6.64, 6.56, 73987.17, 48897207, 0.36, 1.21, 0.32, 649.60718
2017-04-18, 1, wei_ruo, 7.25, 6.62, -0.15, 6.63, 6.58, 6.67, 6.58, 61759.42, 40979105, 0.30, 1.36, 0.27, 712.66603
2017-04-19, 1, wei_ruo, 7.25, 6.59, -0.45, 6.62, 6.60, 6.61, 6.54, 65109.85, 42783145, 0.32, 1.06, 0.29, 694.00501
2017-04-20, 1, wei_ruo, 7.25, 6.68, 1.37, 6.59, 6.58, 6.76, 6.56, 114387.81, 76526996, 0.56, 3.03, 0.50, 763.85093
2017-04-21, 1, wei_ruo, 7.25, 6.71, 0.45, 6.68, 6.69, 6.74, 6.66, 62015.21, 41618827, 0.30, 1.20, 0.27, 699.368
2017-04-24, 1, wei_ruo, 7.24, 6.69, -0.30, 6.71, 6.70, 6.75, 6.61, 78036.6, 52186598, 0.38, 2.09, 0.34, 628.0489
2017-04-25, 1, wei_ruo, 7.24, 6.71, 0.30, 6.69, 6.66, 6.76, 6.66, 57893.47, 38885749, 0.28, 1.49, 0.25, 640.25807
2017-04-26, 1, wei_ruo, 7.24, 6.73, 0.30, 6.71, 6.74, 6.74, 6.68, 87415.7, 58671284, 0.42, 0.89, 0.38, 840.45601
2017-04-27, 1, wei_ruo, 7.24, 6.77, 0.59, 6.73, 6.76, 6.80, 6.67, 86018.9, 57955310, 0.42, 1.93, 0.38, 719.94996
2017-04-28, 1, wei_ruo, 7.24, 6.70, -1.03, 6.77, 6.75, 6.79, 6.70, 55789.49, 37610510, 0.27, 1.33, 0.24, 682.52301
2017-05-02, 1, wei_ruo, 7.24, 6.73, 0.45, 6.70, 6.70, 6.73, 6.68, 49486.87, 33201763, 0.24, 0.75, 0.22, 811.131
2017-05-03, 1, wei_ruo, 7.23, 6.74, 0.15, 6.73, 6.70, 6.75, 6.69, 46475.19, 31222886, 0.23, 0.89, 0.20, 1129.65298
2017-05-04, 1, wei_ruo, 7.23, 6.65, -1.34, 6.74, 6.72, 6.74, 6.65, 70579.32, 47158987, 0.34, 1.34, 0.31, 671.19193
2017-05-05, 1, wei_ruo, 7.23, 6.62, -0.45, 6.65, 6.62, 6.68, 6.58, 76685.64, 50842513, 0.37, 1.50, 0.34, 632.46012
2017-05-11, 1, wei_ruo, 7.22, 6.72, -0.59, 6.76, 6.73, 6.76, 6.61, 144551.46, 96301887, 0.70, 2.22, 0.63, 2627.86698
2017-05-12, 1, wei_ruo, 7.21, 6.78, 0.89, 6.72, 6.72, 6.84, 6.70, 222944.25, 151091777, 1.08, 2.08, 0.98, 602.86498
2017-05-15, 1, wei_ruo, 7.21, 6.76, -0.29, 6.78, 6.80, 6.81, 6.74, 83382.51, 56409536, 0.41, 1.03, 0.37, 689.10718
2017-05-16, 2, qing_du, 7.20, 6.92, 2.37, 6.76, 6.77, 6.99, 6.72, 299302.37, 205260430, 1.45, 3.99, 1.31, 180786.798
2017-05-17, 2, qing_du, 7.20, 6.86, -0.87, 6.92, 6.88, 6.94, 6.85, 121289.5, 83512076, 0.59, 1.30, 0.53, 635.13207
2017-05-18, 3, zhong_du, 7.20, 6.88, 0.29, 6.86, 6.83, 6.99, 6.81, 158361.88, 109242124, 0.77, 2.62, 0.69, 604.16889
2017-05-19, 3, zhong_du, 7.20, 6.91, 0.44, 6.88, 6.86, 6.94, 6.81, 121225.63, 83216128, 0.59, 1.89, 0.53, 617.39302
2017-05-22, 3, zhong_du, 7.20, 6.79, -1.74, 6.91, 6.91, 6.94, 6.79, 133280.48, 91109341, 0.65, 2.17, 0.58, 781.65007
2017-05-23, 3, zhong_du, 7.19, 6.79, 0.00, 6.79, 6.79, 6.85, 6.72, 135653.86, 92143021, 0.66, 1.91, 0.59, 759.0189
2017-05-24, 3, zhong_du, 7.19, 6.82, 0.44, 6.79, 6.77, 6.82, 6.74, 109052.76, 73951557, 0.53, 1.18, 0.48, 644.28687
2017-05-25, 2, qing_du, 7.19, 6.84, 0.29, 6.82, 6.80, 6.86, 6.74, 126239.57, 85807044, 0.61, 1.76, 0.55, 646.981
2017-05-26, 2, qing_du, 7.19, 6.75, -1.32, 6.84, 6.84, 6.84, 6.75, 92502.95, 62760954, 0.45, 1.32, 0.41, 663.6579
2017-05-31, 2, qing_du, 7.18, 6.66, -1.33, 6.75, 6.79, 6.81, 6.66, 103896.55, 69900655, 0.50, 2.22, 0.46, 1174.41487
2017-06-01, 2, qing_du, 7.18, 6.61, -0.75, 6.66, 6.66, 6.70, 6.60, 77225.56, 51323266, 0.38, 1.50, 0.34, 733.16097
2017-06-02, 1, wei_ruo, 7.18, 6.81, 3.03, 6.61, 6.61, 7.01, 6.55, 184532.97, 124118213, 0.90, 6.96, 0.81, 4611.21798
2017-06-05, 1, wei_ruo, 7.18, 6.74, -1.03, 6.81, 6.82, 6.82, 6.72, 80260.39, 54161024, 0.39, 1.47, 0.35, 30673.07496
2017-06-06, 1, wei_ruo, 7.18, 6.70, -0.59, 6.74, 6.75, 6.75, 6.65, 58991.27, 39468094, 0.29, 1.48, 0.26, 60907.79781
2017-06-07, 1, wei_ruo, 7.17, 6.74, 0.60, 6.70, 6.70, 6.77, 6.67, 85933.49, 57734317, 0.42, 1.49, 0.38, 580.513
2017-06-08, 1, wei_ruo, 7.17, 6.73, -0.15, 6.74, 6.74, 6.77, 6.71, 56474.89, 37998048, 0.27, 0.89, 0.25, 627.24519
2017-06-09, 2, qing_du, 7.17, 6.83, 1.49, 6.73, 6.71, 6.84, 6.68, 129598.67, 87642664, 0.63, 2.38, 0.57, 822.31092
2017-06-12, 2, qing_du, 7.17, 6.81, -0.29, 6.83, 6.80, 6.88, 6.78, 108092.44, 73769573, 0.53, 1.46, 0.47, 670.96806
2017-06-13, 2, qing_du, 7.17, 6.85, 0.59, 6.81, 6.81, 6.86, 6.79, 88512.11, 60429059, 0.43, 1.03, 0.39, 623.46888
2017-06-14, 3, zhong_du, 7.17, 6.84, -0.15, 6.85, 6.85, 6.89, 6.81, 95996.33, 65672826, 0.47, 1.17, 0.42, 615.47303
2017-06-15, 3, zhong_du, 7.16, 6.86, 0.29, 6.84, 6.82, 6.87, 6.81, 71372.21, 48864426, 0.35, 0.88, 0.31, 564.76307
2017-06-16, 3, zhong_du, 7.04, 6.66, -1.19, 6.74, 6.76, 6.76, 6.66, 67708.05, 45324205, 0.33, 1.48, 0.30, 628.02887
2017-06-19, 3, zhong_du, 7.04, 6.71, 0.75, 6.66, 6.66, 6.73, 6.63, 71902.01, 48073471, 0.35, 1.50, 0.31, 748.54088
2017-06-20, 2, qing_du, 7.04, 6.80, 1.34, 6.71, 6.80, 6.85, 6.78, 133363.29, 90763026, 0.65, 1.04, 0.58, 559.29112
2017-06-21, 3, zhong_du, 7.03, 6.81, 0.15, 6.80, 6.79, 6.81, 6.76, 81797.62, 55516836, 0.40, 0.74, 0.36, 768.38207
2017-06-22, 3, zhong_du, 7.03, 6.78, -0.44, 6.81, 6.79, 6.85, 6.73, 93994, 63924876, 0.46, 1.76, 0.41, 1192.2431
2017-06-23, 4, gao_du, 7.03, 6.79, 0.15, 6.78, 6.75, 6.81, 6.71, 73369.09, 49637620, 0.36, 1.47, 0.32, 970.0799
2017-06-26, 4, gao_du, 7.03, 6.82, 0.44, 6.79, 6.79, 6.84, 6.76, 95071.7, 64741509, 0.46, 1.18, 0.42, 1132.23505
2017-06-27, 4, gao_du, 7.03, 6.82, 0.00, 6.82, 6.83, 6.85, 6.80, 64779.29, 44171074, 0.31, 0.73, 0.28, 539.00599
2017-06-28, 5, qiang_lie, 7.03, 6.77, -0.73, 6.82, 6.82, 6.83, 6.75, 54518.29, 36943607, 0.26, 1.17, 0.24, 746.57297
2017-06-29, 5, qiang_lie, 7.03, 6.82, 0.74, 6.77, 6.77, 6.83, 6.75, 67329.56, 45709933, 0.33, 1.18, 0.29, 3621.86503
2017-06-30, 5, qiang_lie, 7.03, 6.92, 1.47, 6.82, 6.82, 6.95, 6.79, 158333.05, 108810543, 0.77, 2.35, 0.69, 597.08691
2017-07-03, 5, qiang_lie, 7.03, 6.90, -0.29, 6.92, 6.95, 6.95, 6.85, 110914.83, 76511836, 0.54, 1.45, 0.49, 614.51316
2017-07-04, 5, qiang_lie, 7.03, 6.90, 0.00, 6.90, 6.88, 6.93, 6.85, 75150.25, 51689914, 0.37, 1.16, 0.33, 2520.53809
2017-07-05, 5, qiang_lie, 7.03, 6.89, -0.14, 6.90, 6.89, 6.91, 6.85, 67085.27, 46149847, 0.33, 0.87, 0.29, 643.63599
2017-07-06, 5, qiang_lie, 7.03, 6.87, -0.29, 6.89, 6.89, 6.92, 6.85, 66470.77, 45724602, 0.32, 1.02, 0.29, 672.3609
2017-07-07, 5, qiang_lie, 7.03, 6.85, -0.29, 6.87, 6.85, 6.87, 6.82, 57162.5, 39114204, 0.28, 0.73, 0.25, 572.07608
2017-07-10, 5, qiang_lie, 7.02, 6.82, -0.44, 6.85, 6.86, 6.86, 6.80, 73441.88, 50080558, 0.36, 0.88, 0.32, 651.65901
2017-07-11, 5, qiang_lie, 7.02, 6.79, -0.44, 6.82, 6.77, 6.81, 6.77, 79728.24, 54109690, 0.39, 0.59, 0.35, 646.46506
2017-07-12, 5, qiang_lie, 7.02, 6.81, 0.29, 6.79, 6.78, 6.83, 6.75, 85290.98, 57891648, 0.41, 1.18, 0.37, 60699.99194
2017-07-13, 4, gao_du, 7.02, 6.81, 0.00, 6.81, 6.83, 6.83, 6.77, 64670.64, 43915074, 0.31, 0.88, 0.28, 773.25511
2017-07-14, 4, gao_du, --, 6.78, -0.44, 6.81, 6.80, 6.82, 6.76, 33855.76, 22938867, 0.16, 0.88, 0.15, 604.86484
2017-07-17, 4, gao_du, --, 6.58, -2.95, 6.78, 6.77, 6.77, 6.42, 110176.72, 73197154, 0.54, 5.16, 0.48, 774.43099
2017-07-18, 3, zhong_du, 7.02, 6.64, 0.91, 6.58, 6.57, 6.65, 6.55, 48571.41, 32043666, 0.24, 1.52, 0.21, 4543.39385
2017-07-19, 3, zhong_du, --, 6.71, 1.05, 6.64, 6.64, 6.73, 6.61, 66045.37, 44143653, 0.32, 1.81, 0.29, 577.564
2017-07-20, 3, zhong_du, --, 6.70, -0.15, 6.71, 6.71, 6.73, 6.69, 37227.79, 24953135, 0.18, 0.60, 0.16, 520.81084
2017-07-21, 3, zhong_du, --, 6.68, -0.30, 6.70, 6.70, 6.71, 6.66, 35186.85, 23517870, 0.17, 0.75, 0.15, 486.56893
2017-07-24, 3, zhong_du, 7.02, 6.72, 0.60, 6.68, 6.68, 6.74, 6.66, 55914.61, 37522323, 0.27, 1.20, 0.24, 15708.36687
2017-07-25, 3, zhong_du, --, 6.68, -0.60, 6.72, 6.72, 6.72, 6.66, 37773.19, 25234846, 0.18, 0.89, 0.17, 843.20807
2017-07-26, 3, zhong_du, --, 6.63, -0.75, 6.68, 6.68, 6.70, 6.62, 42496.49, 28266911, 0.21, 1.20, 0.19, 4071.71082
2017-07-27, 3, zhong_du, 7.01, 6.71, 1.21, 6.63, 6.63, 6.74, 6.61, 49668.55, 33184152, 0.24, 1.96, 0.22, 970.54315
2017-07-28, 3, zhong_du, 7.01, 6.73, 0.30, 6.71, 6.72, 6.74, 6.68, 44064.9, 29596694, 0.21, 0.89, 0.19, 676.03993
2017-07-31, 3, zhong_du, 7.01, 6.71, -0.30, 6.73, 6.74, 6.74, 6.69, 45459.73, 30500401, 0.22, 0.74, 0.20, 899.21117
2017-08-01, 3, zhong_du, 7.01, 6.75, 0.60, 6.71, 6.72, 6.75, 6.69, 55803.8, 37559716, 0.27, 0.89, 0.24, 802.53315
2017-08-02, 3, zhong_du, 7.01, 6.75, 0.00, 6.75, 6.74, 6.77, 6.71, 58353.28, 39351240, 0.28, 0.89, 0.26, 4699.2712
2017-08-03, 3, zhong_du, 7.01, 6.72, -0.44, 6.75, 6.75, 6.76, 6.70, 46357.75, 31187926, 0.23, 0.89, 0.20, 695.95599
2017-08-04, 3, zhong_du, 7.01, 6.68, -0.60, 6.72, 6.71, 6.73, 6.68, 59112.14, 39573754, 0.29, 0.74, 0.26, 677.61397
2017-08-07, 3, zhong_du, 7.01, 6.79, 1.65, 6.68, 6.68, 6.79, 6.67, 94310.14, 63651175, 0.46, 1.80, 0.41, 679.40307
2017-08-08, 3, zhong_du, 7.01, 6.77, -0.29, 6.79, 6.79, 6.81, 6.76, 50297.65, 34089962, 0.24, 0.74, 0.22, 498.61789
2017-08-09, 4, gao_du, 7.01, 6.82, 0.74, 6.77, 6.77, 6.84, 6.75, 80699.67, 54906796, 0.39, 1.33, 0.35, 2724.66493
2017-08-10, 4, gao_du, 7.01, 6.77, -0.73, 6.82, 6.83, 6.84, 6.73, 62206.38, 42173284, 0.30, 1.61, 0.27, 2686.98001
2017-08-11, 4, gao_du, 7.00, 6.72, -0.74, 6.77, 6.72, 6.82, 6.71, 74065.29, 50150201, 0.36, 1.62, 0.32, 567.15202
2017-08-14, 4, gao_du, 7.00, 6.86, 2.08, 6.72, 6.71, 6.88, 6.71, 87881.14, 60026676, 0.43, 2.53, 0.38, 649.10603
2017-08-15, 4, gao_du, 7.00, 6.92, 0.87, 6.86, 6.85, 6.94, 6.85, 135873.68, 93791263, 0.66, 1.31, 0.60, 825.76704
2017-08-16, 5, qiang_lie, 7.00, 7.09, 2.46, 6.92, 6.93, 7.13, 6.89, 282962.05, 198861549, 1.38, 3.47, 1.24, 1397.33815
2017-08-17, 5, qiang_lie, 7.00, 7.08, -0.14, 7.09, 7.06, 7.13, 7.00, 160223.91, 113243416, 0.78, 1.83, 0.70, 3575.84214
2017-08-18, 5, qiang_lie, 7.00, 7.06, -0.28, 7.08, 7.08, 7.09, 6.99, 107194.69, 75392278, 0.52, 1.41, 0.47, 678.60508
2017-08-21, 5, qiang_lie, 7.00, 7.03, -0.42, 7.06, 7.06, 7.10, 7.01, 101368.23, 71440212, 0.49, 1.27, 0.44, 798.4488
2017-08-22, 5, qiang_lie, 7.00, 7.06, 0.43, 7.03, 7.04, 7.08, 6.99, 81170.65, 57134914, 0.39, 1.28, 0.36, 841.64691
2017-08-23, 5, qiang_lie, 7.00, 6.97, -1.27, 7.06, 7.03, 7.04, 6.95, 70943.28, 49533738, 0.34, 1.27, 0.31, 744.49492
2017-08-24, 5, qiang_lie, 7.00, 6.91, -0.86, 6.97, 6.94, 6.99, 6.88, 72201.54, 50097473, 0.35, 1.58, 0.32, 664.31022
2017-08-25, 5, qiang_lie, 7.00, 6.95, 0.58, 6.91, 6.89, 6.97, 6.89, 42814.22, 29725927, 0.21, 1.16, 0.19, 784.3318
2017-08-28, 5, qiang_lie, 7.00, 6.97, 0.29, 6.95, 6.96, 7.00, 6.94, 67833.84, 47239221, 0.33, 0.86, 0.30, 805.25208
2017-08-29, 4, gao_du, 7.00, 6.90, -1.00, 6.97, 6.94, 6.98, 6.89, 79473.1, 54999640, 0.39, 1.29, 0.35, 626.7612
2017-08-30, 4, gao_du, 7.00, 6.94, 0.58, 6.90, 6.92, 6.96, 6.88, 63240.81, 43744821, 0.31, 1.16, 0.28, 745.37992
2017-08-31, 4, gao_du, 7.00, 6.94, 0.00, 6.94, 6.92, 6.97, 6.91, 45327.15, 31418955, 0.22, 0.86, 0.20, 1079.9849
2017-09-01, 5, qiang_lie, 7.00, 7.02, 1.15, 6.94, 6.95, 7.05, 6.90, 138366.32, 96549104, 0.67, 2.16, 0.61, 737.00309
2017-09-04, 5, qiang_lie, 7.00, 7.00, -0.28, 7.02, 7.03, 7.04, 6.98, 72502.04, 50739765, 0.35, 0.85, 0.32, 725.57211
2017-09-05, 5, qiang_lie, 7.00, 7.04, 0.57, 7.00, 7.00, 7.11, 6.99, 85727.83, 60414894, 0.42, 1.71, 0.38, 559.98111
2017-09-06, 5, qiang_lie, 7.00, 7.05, 0.14, 7.04, 7.04, 7.08, 7.01, 66454.91, 46814881, 0.32, 0.99, 0.29, 833.13012
2017-09-07, 5, qiang_lie, 7.00, 6.91, -0.43, 6.94, 6.92, 6.97, 6.91, 28982.3, 20090954, 0.14, 0.86, 0.25, 848.85502
2017-09-08, 5, qiang_lie, 7.00, 6.99, -0.43, 7.02, 7.00, 7.05, 6.98, 67932.15, 47645836, 0.33, 1.00, 0.30, 613.11793
2017-09-11, 5, qiang_lie, 7.00, 6.91, -0.43, 6.94, 6.92, 6.97, 6.91, 28982.3, 20090954, 0.14, 0.86, 0.25, 995.31412
2017-09-12, 5, qiang_lie, 7.01, 7.18, 1.41, 7.08, 7.10, 7.19, 7.08, 166732.13, 119114247, 0.81, 1.55, 0.73, 725.46792
2017-09-13, 5, qiang_lie, 7.01, 7.18, 0.00, 7.18, 7.21, 7.32, 7.16, 198081.82, 143550413, 0.96, 2.23, 0.87, 122679.40593
2017-09-14, 5, qiang_lie, 7.01, 7.20, 0.28, 7.18, 7.20, 7.23, 7.12, 81248.54, 58231111, 0.39, 1.53, 0.36, 663.68604
2017-09-15, 5, qiang_lie, 7.01, 7.23, 0.42, 7.20, 7.22, 7.28, 7.19, 85087.96, 61615252, 0.41, 1.25, 0.37, 1468.503
2017-09-18, 5, qiang_lie, 7.01, 7.16, -0.97, 7.23, 7.23, 7.24, 7.14, 61549.9, 44094034, 0.30, 1.38, 0.27, 599.79415
2017-09-19, 5, qiang_lie, 7.01, 7.18, 0.28, 7.16, 7.16, 7.27, 7.13, 90501.9, 64969304, 0.44, 1.96, 0.40, 641.35289
2017-09-20, 5, qiang_lie, 7.01, 7.18, 0.00, 7.18, 7.16, 7.20, 7.11, 70695.94, 50529101, 0.34, 1.25, 0.31, 692.83009
2017-09-21, 5, qiang_lie, 7.01, 7.07, -1.53, 7.18, 7.16, 7.18, 7.07, 83743.36, 59565272, 0.41, 1.53, 0.37, 837.65912
2017-09-22, 5, qiang_lie, 7.01, 7.09, 0.28, 7.07, 7.06, 7.12, 7.05, 36123.62, 25587704, 0.18, 0.99, 0.16, 535.25996
2017-09-25, 5, qiang_lie, 7.01, 7.06, -0.42, 7.09, 7.11, 7.12, 7.00, 44211.5, 31304788, 0.21, 1.69, 0.19, 811.48314
2017-09-26, 5, qiang_lie, 7.01, 7.04, -0.28, 7.06, 7.06, 7.11, 6.99, 63098.47, 44381935, 0.31, 1.70, 0.28, 2606.68397
2017-09-27, 4, gao_du, 7.01, 7.08, 0.57, 7.04, 7.04, 7.10, 7.01, 46981.13, 33142395, 0.23, 1.28, 0.21, 748.71993
2017-09-28, 4, gao_du, 7.01, 7.01, -0.99, 7.08, 7.08, 7.10, 7.00, 62297.8, 43761525, 0.30, 1.41, 0.27, 517.42506
2017-09-29, 4, gao_du, 7.01, 7.07, 0.86, 7.01, 7.04, 7.08, 7.00, 79400.01, 55849151, 0.39, 1.14, 0.35, 752.16293
2017-10-10, 5, qiang_lie, 7.02, 7.45, 3.62, 7.19, 7.19, 7.49, 7.19, 380261.86, 281097775, 1.85, 4.17, 1.67, 577.20304
2017-10-12, 5, qiang_lie, 7.04, 7.57, 2.02, 7.42, 7.39, 7.76, 7.39, 286147.69, 217475157, 1.39, 4.99, 1.25, 842.00001
2017-10-13, 5, qiang_lie, 7.04, 7.52, -0.66, 7.57, 7.56, 7.62, 7.50, 124271.39, 93844946, 0.60, 1.59, 0.54, 637.30407
2017-10-16, 5, qiang_lie, 7.04, 7.42, -1.33, 7.52, 7.50, 7.56, 7.41, 132132.79, 98621962, 0.64, 1.99, 0.58, 732.342
2017-10-17, 5, qiang_lie, 7.05, 7.68, 3.50, 7.42, 7.37, 7.68, 7.37, 217858.67, 165385083, 1.06, 4.18, 0.95, 512.76302
2017-10-18, 5, qiang_lie, 7.06, 7.65, -0.39, 7.68, 7.75, 7.77, 7.58, 363939.72, 279639364, 1.77, 2.47, 1.59, 1051.85795
2017-10-19, 5, qiang_lie, 7.07, 7.81, 2.09, 7.65, 7.65, 7.86, 7.65, 398769.51, 310413567, 1.94, 2.75, 1.75, 722.53513
2017-10-20, 5, qiang_lie, 7.08, 7.79, -0.26, 7.81, 7.76, 7.83, 7.66, 202460.32, 156591826, 0.98, 2.18, 0.89, 679.49486
2017-10-23, 5, qiang_lie, 7.08, 7.77, -0.26, 7.79, 7.79, 7.84, 7.70, 148537.41, 115404167, 0.72, 1.80, 0.65, 803.4308
2017-10-24, 5, qiang_lie, 7.09, 7.56, -2.70, 7.77, 7.75, 7.75, 7.55, 204791.96, 155819627, 1.00, 2.57, 0.90, 831.83694
2017-10-25, 5, qiang_lie, 7.10, 7.84, 3.70, 7.56, 7.55, 7.86, 7.51, 239922.6, 183902674, 1.17, 4.63, 1.05, 562.53886
2017-10-26, 5, qiang_lie, 7.11, 7.80, -0.51, 7.84, 7.82, 7.98, 7.74, 334051.58, 263166463, 1.62, 3.06, 1.46, 689.14604
2017-10-27, 5, qiang_lie, 7.12, 7.89, 1.15, 7.80, 7.78, 7.96, 7.76, 205947.58, 162522529, 1.00, 2.56, 0.90, 692.58499
2017-10-30, 5, qiang_lie, 7.12, 7.87, -0.25, 7.89, 7.94, 8.00, 7.78, 222976.4, 175610531, 1.08, 2.79, 0.98, 1158.2551
2017-10-31, 5, qiang_lie, 7.13, 7.76, -1.40, 7.87, 7.84, 7.84, 7.65, 206297.52, 159256695, 1.00, 2.41, 0.90, 1093.48321
2017-11-01, 5, qiang_lie, 7.14, 7.63, -1.68, 7.76, 7.74, 7.82, 7.57, 242528.01, 186859702, 1.18, 3.22, 1.06, 819.33784
2017-11-02, 5, qiang_lie, 7.14, 7.71, 1.05, 7.63, 7.64, 7.73, 7.59, 157088.59, 120571848, 0.76, 1.83, 0.69, 809.1712
2017-11-03, 5, qiang_lie, 7.15, 7.51, -2.59, 7.71, 7.69, 7.74, 7.45, 184520.67, 139700720, 0.90, 3.76, 0.81, 705.35684
2017-11-07, 4, gao_du, 7.15, 7.68, -0.13, 7.69, 7.65, 7.73, 7.53, 192371.44, 146499671, 0.93, 2.60, 0.84, 4076.62296
2017-11-08, 4, gao_du, 7.16, 7.60, -1.04, 7.68, 7.66, 7.74, 7.58, 157936.67, 120898191, 0.77, 2.08, 0.69, 751.83487
2017-11-09, 4, gao_du, 7.16, 7.55, -0.66, 7.60, 7.57, 7.60, 7.49, 146261.72, 110060905, 0.71, 1.45, 0.64, 651.14713
2017-11-10, 4, gao_du, 7.16, 7.60, 0.66, 7.55, 7.51, 7.65, 7.49, 156527.48, 118676938, 0.76, 2.12, 0.87, 798.61689
2017-11-13, 4, gao_du, 7.17, 7.54, -0.79, 7.60, 7.61, 7.70, 7.50, 163947.79, 124142134, 0.80, 2.63, 0.94, 986.30095
2017-11-14, 4, gao_du, 7.17, 7.70, 2.12, 7.54, 7.55, 7.77, 7.50, 247816.82, 189730617, 1.20, 3.58, 1.52, 821.8801
2017-11-15, 4, gao_du, 7.18, 7.61, -1.17, 7.70, 7.69, 7.75, 7.56, 148719.28, 113657896, 0.72, 2.47, 0.85, 596.60912
2017-11-16, 4, gao_du, 7.18, 7.45, -2.10, 7.61, 7.60, 7.64, 7.42, 176282.86, 132716035, 0.86, 2.89, 1.02, 9946.21491
2017-11-17, 3, zhong_du, 7.18, 7.26, -2.55, 7.45, 7.44, 7.48, 7.17, 257087.49, 187857678, 1.25, 4.16, 1.44, 3589.62893
2017-11-20, 3, zhong_du, 7.18, 7.30, 0.55, 7.26, 7.20, 7.33, 7.15, 104366.69, 75520142, 0.51, 2.48, 0.53, 623.523
2017-11-21, 2, qing_du, 7.18, 7.27, -0.41, 7.30, 7.27, 7.32, 7.16, 123029.3, 89155027, 0.60, 2.19, 0.66, 699.58496
2017-11-22, 2, qing_du, 7.18, 7.23, -0.55, 7.27, 7.23, 7.30, 7.15, 162322.3, 117095115, 0.79, 2.06, 1.00, 825.96397
2017-11-23, 2, qing_du, 7.18, 7.04, -2.63, 7.23, 7.23, 7.23, 7.01, 122325.38, 87039676, 0.59, 3.04, 0.74, 618.03412
2017-11-24, 1, wei_ruo, 7.18, 7.10, 0.85, 7.04, 7.04, 7.11, 6.99, 78381.38, 55247822, 0.38, 1.70, 0.51, 671.4561
2017-11-27, 1, wei_ruo, 7.18, 7.01, -1.27, 7.10, 7.10, 7.10, 7.00, 60487, 42569830, 0.29, 1.41, 0.51, 755.49006
2017-11-28, 1, wei_ruo, 7.18, 7.11, 1.43, 7.01, 6.99, 7.12, 6.98, 56697.89, 40152682, 0.28, 2.00, 0.52, 618.25299
2017-11-29, 1, wei_ruo, 7.18, 7.10, -0.14, 7.11, 7.09, 7.11, 7.01, 60588.36, 42740620, 0.29, 1.41, 0.63, 612.8459
2017-11-30, 1, wei_ruo, 7.18, 7.08, -0.28, 7.10, 7.08, 7.14, 7.02, 61279.3, 43464834, 0.30, 1.69, 0.81, 4582.7601
2017-12-01, 1, wei_ruo, 7.18, 7.16, 1.13, 7.08, 7.08, 7.19, 7.04, 85533.46, 61070151, 0.42, 2.12, 1.35, 2732.301
2017-12-04, 1, wei_ruo, 7.18, 7.10, -0.84, 7.16, 7.15, 7.16, 7.06, 66298.25, 47107917, 0.32, 1.40, 1.02, 907.17912
2017-12-05, 1, wei_ruo, 7.18, 7.01, -1.27, 7.10, 7.08, 7.09, 6.89, 157254.94, 109702556, 0.76, 2.82, 2.38, 810.45723
2017-12-06, 1, wei_ruo, 7.18, 7.01, 0.00, 7.01, 6.98, 7.01, 6.92, 63658.27, 44366858, 0.31, 1.28, 0.74, 855.03006
2017-12-07, 1, wei_ruo, 7.18, 7.07, 0.86, 7.01, 7.00, 7.12, 6.93, 73411.87, 51616281, 0.36, 2.71, 0.85, 653.48315
2017-12-08, 1, wei_ruo, 7.18, 7.07, 0.00, 7.07, 7.07, 7.11, 7.03, 52118.32, 36911793, 0.25, 1.13, 0.58, 714.87713
2017-12-11, 1, wei_ruo, 7.18, 7.10, 0.42, 7.07, 7.07, 7.14, 7.07, 83671.13, 59497453, 0.41, 0.99, 1.01, 739.70604
2017-12-12, 1, wei_ruo, 7.18, 7.00, -1.41, 7.10, 7.13, 7.13, 7.00, 61426.96, 43322123, 0.30, 1.83, 0.71, 690.25493
2017-12-13, 1, wei_ruo, 7.18, 7.11, 1.57, 7.00, 7.04, 7.12, 7.01, 64030.57, 45398241, 0.31, 1.57, 0.96, 692.46888
2017-12-14, 1, wei_ruo, 7.18, 7.13, 0.28, 7.11, 7.08, 7.15, 7.08, 60595.92, 43167803, 0.29, 0.98, 0.91, 2695.81294
2017-12-15, 1, wei_ruo, 7.18, 7.15, 0.28, 7.13, 7.12, 7.17, 7.06, 61289.93, 43696936, 0.30, 1.54, 0.95, 1452.66485
2017-12-18, 1, wei_ruo, 7.18, 7.15, 0.00, 7.15, 7.13, 7.23, 7.10, 73016.07, 52385455, 0.35, 1.82, 1.10, 598.91701
2017-12-19, 1, wei_ruo, 7.18, 7.18, 0.42, 7.15, 7.13, 7.20, 7.13, 63930.02, 45851772, 0.31, 0.98, 1.00, 788.54918
2017-12-20, 1, wei_ruo, 7.18, 7.16, -0.28, 7.18, 7.19, 7.32, 7.15, 187328.7, 135399160, 0.91, 2.37, 2.90, 740.96704
2017-12-21, 1, wei_ruo, 7.18, 7.08, -1.12, 7.16, 7.17, 7.19, 6.99, 171745.47, 121048463, 0.83, 2.79, 1.92, 1298.78998
2017-12-22, 1, wei_ruo, 7.17, 7.05, -0.42, 7.08, 7.05, 7.11, 7.03, 56730.15, 40093478, 0.28, 1.13, 0.51, 655.49111
2017-12-25, 1, wei_ruo, 7.17, 7.05, 0.00, 7.05, 7.05, 7.09, 7.01, 62600.79, 43996628, 0.30, 1.13, 0.57, 4737.20884
2017-12-26, 1, wei_ruo, 7.17, 7.06, 0.14, 7.05, 7.02, 7.08, 7.00, 49230.15, 34663421, 0.24, 1.13, 0.45, 417.86313
2017-12-27, 1, wei_ruo, 7.17, 6.95, -1.56, 7.06, 7.06, 7.06, 6.91, 106398.79, 74263714, 0.52, 2.12, 1.01, 511.56402
2017-12-29, 1, wei_ruo, 7.17, 7.18, 1.56, 7.07, 7.04, 7.22, 7.03, 124467.29, 88733469, 0.60, 2.69, 1.70, 1035.76303
2018-01-03, 1, wei_ruo, 7.17, 7.17, -0.14, 7.18, 7.16, 7.20, 7.14, 76955.25, 55150571, 0.37, 0.84, 0.90, 653.66912
2018-01-04, 1, wei_ruo, 7.17, 7.15, -0.28, 7.17, 7.18, 7.19, 7.13, 50356.27, 36004948, 0.24, 0.84, 0.55, 668.90693
2018-01-05, 1, wei_ruo, 7.17, 7.14, -0.14, 7.15, 7.13, 7.18, 7.11, 57664.3, 41156516, 0.28, 0.98, 0.72, 608.93011
2018-01-08, 1, wei_ruo, 7.17, 7.18, 0.56, 7.14, 7.15, 7.19, 7.12, 81362.16, 58237559, 0.40, 0.98, 1.10, 573.982
2018-01-09, 1, wei_ruo, 7.17, 7.22, 0.56, 7.18, 7.20, 7.27, 7.16, 104437.79, 75403926, 0.51, 1.53, 1.34, 1150.47312
2018-01-10, 1, wei_ruo, 7.17, 7.27, 0.69, 7.22, 7.38, 7.44, 7.22, 161227.42, 117822856, 0.78, 3.05, 2.17, 4651.55005
2018-01-11, 2, qing_du, 7.17, 7.25, -0.28, 7.27, 7.30, 7.32, 7.20, 93421, 67601033, 0.45, 1.65, 1.03, 672.84799
2018-01-12, 2, qing_du, 7.17, 7.16, -1.24, 7.25, 7.26, 7.30, 7.13, 105787.49, 75991919, 0.51, 2.34, 1.06, 705.71899
2018-01-15, 1, wei_ruo, 7.17, 7.05, -1.54, 7.16, 7.17, 7.23, 7.02, 111052.91, 79052327, 0.54, 2.93, 1.02, 736.36484
2018-01-16, 1, wei_ruo, 7.17, 7.12, 0.99, 7.05, 7.03, 7.19, 7.00, 152098.95, 108134504, 0.74, 2.70, 1.32, 615.5591
2018-01-17, 1, wei_ruo, 7.17, 7.10, -0.28, 7.12, 7.12, 7.17, 7.05, 92422.15, 65604421, 0.45, 1.69, 0.74, 714.03003
2018-01-18, 1, wei_ruo, 7.17, 7.15, 0.70, 7.10, 7.10, 7.19, 7.08, 76230.46, 54475633, 0.37, 1.55, 0.69, 459.45692
2018-01-19, 1, wei_ruo, 7.17, 7.09, -0.84, 7.15, 7.15, 7.17, 7.06, 70876.3, 50291065, 0.34, 1.54, 0.66, 2639.69588
2018-01-22, 1, wei_ruo, 7.17, 7.11, 0.28, 7.09, 7.09, 7.14, 7.01, 92110.81, 65156740, 0.45, 1.83, 0.92, 592.29898
2018-01-23, 1, wei_ruo, 7.17, 7.14, 0.42, 7.11, 7.13, 7.16, 7.06, 65818.68, 46724983, 0.32, 1.41, 0.68, 2686.66005
2018-01-24, 1, wei_ruo, 7.17, 7.24, 1.40, 7.14, 7.15, 7.39, 7.05, 115173.94, 82337366, 0.56, 4.76, 1.45, 2902.82798
2018-01-25, 1, wei_ruo, 7.17, 7.15, -1.24, 7.24, 7.21, 7.29, 7.14, 141208.17, 101681288, 0.69, 2.07, 1.68, 2713.85598
2018-01-26, 1, wei_ruo, 7.17, 7.17, 0.28, 7.15, 7.15, 7.21, 7.11, 59091.09, 42331217, 0.29, 1.40, 0.61, 585.12902
2018-01-29, 1, wei_ruo, 7.17, 7.07, -1.39, 7.17, 7.15, 7.23, 7.06, 95103.6, 68085357, 0.46, 2.37, 1.00, 819.12589
2018-01-30, 1, wei_ruo, 7.17, 7.09, 0.28, 7.07, 7.07, 7.12, 7.02, 78988.59, 55840405, 0.38, 1.41, 0.83, 446.63692
2018-01-31, 1, wei_ruo, 7.17, 7.01, -1.13, 7.09, 7.09, 7.11, 6.99, 125760.74, 88403558, 0.61, 1.69, 1.28, 621.76609
2018-02-01, 1, wei_ruo, 7.17, 6.79, -3.14, 7.01, 7.01, 7.08, 6.73, 137084.23, 94551125, 0.67, 4.99, 1.37, 741.83989
2018-02-02, 1, wei_ruo, 7.17, 6.79, 0.00, 6.79, 6.70, 6.84, 6.65, 68536.87, 46468071, 0.33, 2.80, 0.69, 778.687
2018-02-05, 1, wei_ruo, 7.17, 6.81, 0.29, 6.79, 6.77, 6.88, 6.68, 65197.75, 44319426, 0.32, 2.95, 0.64, 778.265
2018-02-06, 1, wei_ruo, 7.16, 6.60, -3.08, 6.81, 6.65, 6.75, 6.53, 139981.25, 92953764, 0.68, 3.23, 1.47, 620.83292
2018-02-07, 1, wei_ruo, 7.16, 6.56, -0.61, 6.60, 6.63, 6.73, 6.45, 101188.83, 66580209, 0.49, 4.24, 0.94, 770.60199
2018-02-08, 1, wei_ruo, 7.16, 6.56, 0.00, 6.56, 6.57, 6.67, 6.51, 90947.3, 59902209, 0.44, 2.44, 0.89, 738.39784
2018-02-09, 1, wei_ruo, 7.15, 6.53, -0.46, 6.56, 6.48, 6.54, 6.15, 153539.6, 97699116, 0.75, 5.95, 1.62, 878.02601
2018-02-12, 1, wei_ruo, 7.15, 6.59, 0.92, 6.53, 6.47, 6.64, 6.42, 107794.43, 70487819, 0.52, 3.37, 0.84, 847.63288
2018-02-13, 1, wei_ruo, 7.15, 6.51, -1.21, 6.59, 6.64, 6.64, 6.48, 80565.79, 52716342, 0.39, 2.43, 0.64, 658.09488
2018-02-14, 1, wei_ruo, 7.14, 6.53, 0.31, 6.51, 6.51, 6.57, 6.40, 59350.79, 38472502, 0.29, 2.61, 0.65, 709.22804
