2015-08-20, 5, qiang_lie, 11.88, 14.52, -8.79, 15.92, 15.50, 15.69, 14.46, 619057.27, 934668452, 2.07, 7.73, 0.61, 794.10696
2015-08-21, 5, qiang_lie, 11.92, 13.46, -7.30, 14.52, 14.35, 14.75, 13.30, 603167.94, 847896346, 2.02, 9.99, 0.59, 3084.77712
2015-08-25, 3, zhong_du, 11.94, 11.74, -3.22, 12.13, 11.26, 13.28, 11.26, 1050375.49, 1277353374, 3.52, 16.65, 1.20, 1107.81097
2015-08-26, 3, zhong_du, 11.96, 12.40, 5.62, 11.74, 12.22, 12.91, 11.88, 1150536.59, 1439675753, 3.85, 8.77, 1.34, 1029.05083
2015-10-29, 3, zhong_du, 12.76, 13.76, 0.73, 13.66, 13.73, 13.90, 13.66, 229477.46, 316063712, 0.77, 1.76, 0.54, 10132.797
2015-10-30, 3, zhong_du, 12.79, 14.20, 3.20, 13.76, 13.78, 14.58, 13.70, 625263.04, 891549933, 2.09, 6.40, 1.61, 884.29093
2015-11-02, 3, zhong_du, 12.82, 14.37, 1.20, 14.20, 13.99, 14.74, 13.96, 587506.39, 846476215, 1.97, 5.49, 1.39, 1451.30897
2015-11-03, 3, zhong_du, 12.84, 14.26, -0.77, 14.37, 14.55, 14.68, 14.13, 387254.17, 556791409, 1.30, 3.83, 0.90, 1187.36887
2015-11-04, 3, zhong_du, 12.91, 15.22, 6.73, 14.26, 14.38, 15.24, 14.35, 937854.74, 1399906967, 3.14, 6.24, 2.17, 854.53987
2015-11-05, 3, zhong_du, 12.98, 15.25, 0.20, 15.22, 15.22, 15.65, 14.93, 907913.24, 1386919605, 3.04, 4.73, 1.64, 1959.33199
2015-11-06, 4, gao_du, 13.03, 15.44, 1.25, 15.25, 15.40, 15.51, 15.18, 574561.78, 881615802, 1.92, 2.16, 0.83, 2030.52688
2015-11-09, 4, gao_du, 13.13, 15.83, 2.53, 15.44, 15.84, 16.45, 15.75, 1043241.84, 1671067837, 3.49, 4.53, 1.54, 2545.38488
2015-11-10, 5, qiang_lie, 13.19, 15.55, -1.77, 15.83, 15.61, 16.15, 15.52, 722205.83, 1139848023, 2.42, 3.98, 0.94, 396.38805
2015-11-11, 4, gao_du, 13.19, 15.51, -0.26, 15.55, 15.65, 15.68, 15.22, 614207.01, 947313510, 2.06, 2.96, 0.73, 268.06903
2015-11-12, 4, gao_du, 13.33, 16.59, 6.96, 15.51, 15.62, 16.95, 15.36, 891973.43, 1439971331, 2.99, 10.25, 1.15, 984.71117
2015-11-13, 4, gao_du, 13.42, 16.68, 0.54, 16.59, 16.40, 16.94, 16.12, 798152.61, 1323107235, 2.67, 4.94, 1.04, 1076.39194
2015-11-16, 5, qiang_lie, 13.48, 16.97, 1.74, 16.68, 16.42, 17.16, 16.41, 576949.71, 973799408, 1.93, 4.50, 0.71, 962.02803
2015-11-17, 5, qiang_lie, 13.55, 16.64, -1.94, 16.97, 17.05, 17.28, 16.54, 570602.84, 963764610, 1.91, 4.36, 0.79, 1177.63996
2015-11-18, 5, qiang_lie, 13.60, 16.53, -0.66, 16.64, 16.70, 17.04, 16.41, 470498.3, 787871861, 1.57, 3.79, 0.68, 1737.52904
2015-11-19, 5, qiang_lie, 13.67, 17.23, 4.23, 16.53, 16.54, 17.43, 16.44, 671721.24, 1138400888, 2.25, 5.99, 1.02, 32055.53579
2015-11-20, 5, qiang_lie, 13.79, 17.99, 4.41, 17.23, 17.30, 18.09, 17.11, 819819.53, 1447938131, 2.74, 5.69, 1.33, 17164.51502
2015-11-23, 5, qiang_lie, 13.88, 18.02, 0.17, 17.99, 18.06, 18.58, 17.72, 679412.07, 1234292584, 2.27, 4.78, 1.09, 1471.39001
2015-11-24, 5, qiang_lie, 13.94, 17.81, -1.17, 18.02, 17.85, 18.02, 17.46, 409133.86, 724581072, 1.37, 3.11, 0.64, 1122.3731
2015-11-25, 5, qiang_lie, 13.99, 18.04, 1.29, 17.81, 17.80, 18.36, 17.79, 413325.64, 747298937, 1.38, 3.20, 0.68, 1051.16987
2015-11-26, 5, qiang_lie, 14.05, 17.56, -2.66, 18.04, 18.17, 18.27, 17.50, 441928.38, 792575910, 1.48, 4.27, 0.74, 1389.21213
2015-11-27, 5, qiang_lie, 14.11, 16.38, -6.72, 17.56, 17.45, 17.79, 15.96, 637417.62, 1077832629, 2.13, 10.42, 1.15, 893.62288
2015-11-30, 5, qiang_lie, 14.14, 16.29, -0.55, 16.38, 16.47, 16.68, 15.38, 537235.23, 867111298, 1.80, 7.94, 1.04, 4770.73002
2015-12-01, 4, gao_du, 14.18, 16.38, 0.55, 16.29, 16.30, 16.70, 15.85, 485554.39, 790623432, 1.63, 5.22, 1.00, 1135.08487
2015-12-02, 4, gao_du, 14.21, 16.12, -1.59, 16.38, 16.33, 16.38, 15.66, 450345.3, 723029767, 1.51, 4.40, 0.90, 898.29302
2015-12-03, 4, gao_du, 14.21, 16.95, 5.15, 16.12, 16.17, 17.05, 16.15, 446570.34, 745140921, 1.49, 5.58, 0.87, 3820.90211
2015-12-04, 4, gao_du, 14.34, 18.02, 6.31, 16.95, 16.96, 18.54, 16.86, 829870, 1472529288, 2.78, 9.91, 1.62, 691.84804
2015-12-07, 5, qiang_lie, 14.42, 18.03, 0.06, 18.02, 18.00, 18.53, 17.88, 624683.86, 1135618754, 2.09, 3.61, 1.14, 523.07105
2015-12-08, 5, qiang_lie, 14.49, 18.06, 0.17, 18.03, 17.91, 18.42, 17.82, 509346.45, 922949297, 1.70, 3.33, 0.90, 752.86007
2015-12-09, 5, qiang_lie, 14.61, 19.41, 7.48, 18.06, 17.98, 19.77, 17.93, 805416.5, 1538938281, 2.70, 10.19, 1.41, 1031.69703
2015-12-10, 5, qiang_lie, 14.72, 19.59, 0.93, 19.41, 19.50, 20.26, 19.11, 685983.03, 1349475909, 2.30, 5.92, 1.07, 849.365
2015-12-11, 5, qiang_lie, 14.78, 19.41, -0.92, 19.59, 19.59, 20.00, 19.30, 375382.72, 738123452, 1.26, 3.57, 0.54, 1046.10395
2015-12-14, 5, qiang_lie, 14.86, 20.06, 3.35, 19.41, 19.01, 20.10, 18.92, 438402.66, 858021007, 1.47, 6.08, 0.73, 989.27498
2015-12-15, 5, qiang_lie, 14.97, 21.13, 5.33, 20.06, 20.16, 21.29, 20.16, 542794.7, 1131995527, 1.82, 5.63, 0.96, 1013.44204
2015-12-16, 5, qiang_lie, 15.06, 20.79, -1.61, 21.13, 21.10, 21.50, 20.70, 443774.49, 929446807, 1.49, 3.79, 0.78, 893.05186
2015-12-17, 5, qiang_lie, 15.14, 21.29, 2.41, 20.79, 20.98, 21.48, 20.70, 410248.99, 868857902, 1.37, 3.75, 0.83, 2817.65103
2015-12-18, 5, qiang_lie, 15.30, 22.39, 5.17, 21.29, 22.00, 22.96, 21.82, 645885.95, 1445505230, 2.16, 5.35, 1.46, 848.62399
2015-12-21, 5, qiang_lie, 15.43, 22.54, 0.67, 22.39, 22.33, 23.48, 22.29, 537562.15, 1228192828, 1.80, 5.31, 1.08, 1533.85401
2015-12-22, 5, qiang_lie, 15.55, 23.67, 5.01, 22.54, 22.88, 23.78, 22.12, 449862.75, 1023690436, 1.51, 7.36, 0.87, 2750.77105
2015-12-23, 5, qiang_lie, 15.86, 26.01, 9.89, 23.67, 23.91, 26.04, 23.66, 951159.19, 2391356411, 3.18, 10.05, 1.91, 2024.37305
2015-12-24, 5, qiang_lie, 16.07, 25.71, -1.15, 26.01, 25.72, 26.21, 24.88, 671305.47, 1717778753, 2.25, 5.11, 1.12, 3051.15604
2015-12-25, 5, qiang_lie, 16.24, 25.49, -0.86, 25.71, 25.76, 26.63, 25.38, 509397.51, 1319024299, 1.71, 4.86, 0.78, 784.14607
2015-12-28, 5, qiang_lie, 16.50, 22.94, -10.00, 25.49, 25.49, 25.60, 22.94, 1000883.32, 2377223140, 3.35, 10.44, 1.60, 2902.84109
2015-12-29, 5, qiang_lie, 16.69, 23.16, 0.96, 22.94, 22.25, 23.50, 21.60, 938458.72, 2117190419, 3.14, 8.28, 1.31, 980.62301
2016-01-07, 5, qiang_lie, 16.76, 20.84, -10.02, 23.16, 20.84, 21.45, 20.84, 460585, 960292878, 1.54, 2.63, 5.14, 817.82794
2016-01-08, 5, qiang_lie, 16.76, 18.76, -9.98, 20.84, 19.10, 19.77, 18.76, 1294641.74, 2470407446, 4.33, 4.85, 1.81, 1353.95908
2016-01-11, 4, gao_du, 16.87, 16.88, -10.02, 18.76, 18.12, 18.39, 16.88, 779406.82, 1353351339, 2.61, 8.05, 1.09, 3693.94588
2016-01-12, 3, zhong_du, 16.86, 16.16, -4.27, 16.88, 16.44, 16.97, 15.84, 798654.77, 1311839492, 2.67, 6.69, 1.11, 961.905
2016-01-13, 2, qing_du, 16.84, 15.50, -4.08, 16.16, 16.47, 16.73, 15.40, 587537.17, 945938509, 1.97, 8.23, 0.82, 895.49708
2016-01-14, 1, wei_ruo, 16.82, 16.55, 6.77, 15.50, 15.00, 16.94, 15.00, 753609.14, 1211617286, 2.52, 12.52, 1.05, 1144.51885
2016-01-15, 1, wei_ruo, 16.82, 16.31, -1.45, 16.55, 16.31, 17.09, 16.11, 690144.54, 1142277310, 2.31, 5.92, 0.96, 2405.02501
2016-01-18, 1, wei_ruo, 16.81, 16.47, 0.98, 16.31, 15.81, 16.77, 15.72, 441657.62, 722914556, 1.48, 6.44, 0.62, 1062.73484
2016-01-19, 1, wei_ruo, 16.81, 16.97, 3.04, 16.47, 16.54, 17.25, 16.44, 506827.42, 856517010, 1.70, 4.92, 0.71, 792.54198
2016-01-20, 1, wei_ruo, 16.81, 16.51, -2.71, 16.97, 16.90, 17.38, 16.40, 471224.07, 795632570, 1.58, 5.77, 0.66, 794.14415
2016-01-21, 1, wei_ruo, 16.79, 15.32, -7.21, 16.51, 16.31, 16.67, 15.25, 510003.53, 821184964, 1.71, 8.60, 0.71, 801.543
2016-01-22, 1, wei_ruo, 16.76, 15.16, -1.04, 15.32, 15.50, 15.73, 14.66, 568815.9, 865040069, 1.90, 6.98, 0.79, 2757.41196
2016-01-26, 1, wei_ruo, 16.70, 13.82, -10.03, 15.36, 15.17, 15.24, 13.82, 578836.94, 829658818, 1.94, 9.24, 0.81, 1466.32004
2016-01-27, 1, wei_ruo, 16.61, 13.27, -3.98, 13.82, 13.71, 13.82, 12.88, 802814.22, 1066720381, 2.69, 6.80, 1.12, 2733.56199
2016-01-28, 1, wei_ruo, 16.53, 12.49, -5.88, 13.27, 13.05, 13.46, 12.38, 575815.42, 747519611, 1.93, 8.14, 0.80, 860.15821
2016-01-29, 1, wei_ruo, 16.48, 13.30, 6.49, 12.49, 12.50, 13.59, 12.50, 482525.18, 632490822, 1.62, 8.73, 0.67, 1411.53908
2016-02-01, 1, wei_ruo, 16.44, 13.03, -2.03, 13.30, 13.18, 13.35, 12.75, 362781.17, 473796908, 1.21, 4.51, 0.51, 1767.04097
2016-02-02, 1, wei_ruo, 16.39, 13.69, 5.07, 13.03, 12.98, 13.98, 12.98, 435410.37, 590059318, 1.46, 7.67, 0.61, 908.43797
2016-02-03, 1, wei_ruo, 16.35, 13.82, 0.95, 13.69, 13.50, 14.02, 13.45, 461845.27, 635647325, 1.55, 4.16, 0.64, 1252.15197
2016-02-04, 1, wei_ruo, 16.33, 14.16, 2.46, 13.82, 13.88, 14.25, 13.88, 297563.81, 419301504, 1.00, 2.68, 0.42, 2963.29498
2016-02-05, 1, wei_ruo, 16.31, 14.16, 0.00, 14.16, 14.20, 14.65, 14.11, 331177.24, 475756914, 1.11, 3.81, 0.46, 1440.49096
2016-02-15, 1, wei_ruo, 16.29, 13.96, -1.41, 14.16, 13.71, 14.07, 13.58, 256539.46, 355112383, 0.86, 3.46, 0.36, 1859.66516
2016-02-16, 1, wei_ruo, 16.27, 14.57, 4.37, 13.96, 14.09, 14.65, 13.98, 327828.88, 469759731, 1.10, 4.80, 0.46, 1098.85001
2016-02-17, 1, wei_ruo, 16.25, 14.77, 1.37, 14.57, 14.53, 14.85, 14.38, 359812.75, 526656302, 1.20, 3.23, 0.50, 1205.90496
2016-02-18, 1, wei_ruo, 16.23, 14.80, 0.20, 14.77, 14.90, 15.23, 14.74, 375693.38, 561521386, 1.26, 3.32, 0.52, 948.87185
2016-02-19, 1, wei_ruo, 16.22, 14.78, -0.14, 14.80, 14.85, 15.02, 14.60, 196206.94, 290381979, 0.66, 2.84, 0.35, 1278.6479
2016-02-22, 1, wei_ruo, 16.22, 15.56, 4.43, 14.90, 15.10, 15.66, 14.91, 509395.68, 775721421, 1.71, 5.03, 1.60, 1361.07588
2016-02-23, 1, wei_ruo, 16.33, 15.28, -1.80, 15.56, 15.50, 15.50, 14.95, 364597.09, 555202976, 1.22, 3.53, 0.99, 826.83086
2016-02-24, 1, wei_ruo, 16.31, 15.19, -0.59, 15.28, 15.18, 15.35, 14.76, 313345.12, 472219909, 1.05, 3.86, 0.83, 1361.28998
2016-02-25, 1, wei_ruo, 16.28, 13.67, -10.01, 15.19, 15.14, 15.14, 13.67, 431700.67, 618630691, 1.45, 9.68, 1.17, 1373.36302
2016-02-26, 1, wei_ruo, 16.25, 13.43, -1.76, 13.67, 13.69, 13.84, 13.06, 371077.37, 499897113, 1.24, 5.71, 0.98, 2651.95394
2016-02-29, 1, wei_ruo, 16.19, 12.83, -4.47, 13.43, 13.34, 13.34, 12.40, 522622.63, 666869545, 1.75, 7.00, 1.31, 4948.40717
2016-03-01, 1, wei_ruo, 16.15, 13.22, 3.04, 12.83, 12.90, 13.39, 12.70, 357059.88, 467231321, 1.20, 5.38, 0.89, 717.21005
2016-03-02, 1, wei_ruo, 16.10, 14.54, 9.98, 13.22, 13.20, 14.54, 13.11, 700879.01, 978189289, 2.35, 10.82, 1.76, 4915.84611
2016-03-03, 1, wei_ruo, 16.07, 14.48, -0.41, 14.54, 14.60, 14.98, 14.30, 605160.43, 886853590, 2.03, 4.68, 1.27, 1565.04011
2016-03-04, 1, wei_ruo, 16.04, 14.95, 3.25, 14.48, 14.38, 15.27, 14.18, 749183.72, 1105914810, 2.51, 7.53, 1.47, 846.09509
2016-03-07, 1, wei_ruo, 16.03, 14.84, -0.74, 14.95, 15.14, 15.22, 14.65, 355865.16, 530332044, 1.19, 3.81, 0.61, 2581.76589
2016-03-08, 1, wei_ruo, 16.00, 14.59, -1.68, 14.84, 14.83, 14.83, 13.80, 413667.26, 589712816, 1.38, 6.94, 0.75, 619.85111
2016-03-10, 1, wei_ruo, 15.98, 13.83, -3.08, 14.27, 14.20, 14.38, 13.81, 183118.05, 257540329, 0.61, 3.99, 0.38, 2252.60496
2016-03-14, 1, wei_ruo, 15.95, 14.18, 3.13, 13.75, 14.00, 14.37, 13.88, 250375.96, 356010808, 0.84, 3.56, 0.90, 1151.36003
2016-03-15, 1, wei_ruo, 15.94, 14.21, 0.21, 14.18, 14.22, 14.37, 14.06, 192271.7, 273083136, 0.64, 2.19, 0.75, 687.03222
2016-03-16, 1, wei_ruo, 15.92, 14.49, 1.97, 14.21, 14.29, 14.67, 14.18, 370262.48, 536011459, 1.24, 3.45, 1.74, 1096.73595
2016-03-17, 1, wei_ruo, 15.90, 14.72, 1.59, 14.49, 14.52, 14.84, 14.36, 310465.65, 454556457, 1.04, 3.31, 1.33, 830.04999
2016-03-18, 1, wei_ruo, 15.89, 14.96, 1.63, 14.72, 14.80, 15.12, 14.72, 501857.7, 749258610, 1.68, 2.72, 1.93, 1088.25898
2016-03-21, 2, qing_du, 15.88, 15.57, 4.08, 14.96, 15.26, 15.79, 15.21, 557538.26, 864360929, 1.87, 3.88, 1.72, 2623.12388
2016-03-22, 2, qing_du, 15.88, 15.36, -1.35, 15.57, 15.45, 15.62, 15.33, 310920.24, 480382765, 1.04, 1.86, 0.80, 3170.25518
2016-03-23, 3, zhong_du, 15.87, 15.19, -1.11, 15.36, 15.30, 15.44, 14.94, 309898.7, 469449896, 1.04, 3.26, 0.76, 3400.56205
2016-03-24, 3, zhong_du, 15.86, 15.00, -1.25, 15.19, 15.01, 15.37, 14.85, 278330.37, 419577167, 0.93, 3.42, 0.70, 2764.72783
2016-03-25, 3, zhong_du, 15.86, 15.07, 0.47, 15.00, 14.90, 15.13, 14.88, 173836.95, 261088296, 0.58, 1.67, 0.44, 1096.92097
2016-03-28, 3, zhong_du, 15.85, 15.13, 0.40, 15.07, 15.10, 15.47, 15.04, 252065.87, 385010455, 0.84, 2.85, 0.77, 2661.00407
2016-03-29, 3, zhong_du, 15.85, 14.84, -1.92, 15.13, 15.13, 15.20, 14.79, 183537.55, 274352585, 0.61, 2.71, 0.69, 895.42294
2016-03-30, 3, zhong_du, 15.84, 15.51, 4.51, 14.84, 15.00, 15.64, 14.92, 326928.11, 501063595, 1.09, 4.85, 1.36, 1212.96787
2016-03-31, 3, zhong_du, 15.84, 15.32, -1.23, 15.51, 15.51, 15.63, 15.27, 268741.97, 414078297, 0.90, 2.32, 1.11, 1447.31283
2016-04-01, 4, gao_du, 15.84, 16.06, 4.83, 15.32, 15.31, 16.09, 15.00, 306086.98, 473733052, 1.02, 7.11, 1.27, 3394.18697
2016-04-05, 4, gao_du, 15.85, 16.74, 4.23, 16.06, 16.15, 17.05, 16.01, 600174.98, 999282317, 2.01, 6.48, 2.24, 5970.51382
2016-04-06, 5, qiang_lie, 15.86, 16.50, -1.43, 16.74, 16.51, 16.77, 16.36, 306253.91, 506676791, 1.03, 2.45, 0.91, 112.1459
2016-04-07, 5, qiang_lie, 15.86, 15.72, -4.73, 16.50, 16.45, 16.47, 15.71, 456502.59, 729692802, 1.53, 4.61, 1.26, 3857.50914
2016-04-08, 4, gao_du, 15.86, 15.88, 1.02, 15.72, 15.62, 16.03, 15.55, 266483.64, 421689304, 0.89, 3.05, 0.69, 671.314
2016-04-11, 4, gao_du, 15.86, 15.99, 0.69, 15.88, 16.01, 16.38, 15.90, 275630.14, 444549174, 0.92, 3.02, 0.71, 1038.74803
2016-04-12, 4, gao_du, 15.86, 15.88, -0.69, 15.99, 16.01, 16.10, 15.71, 210090.81, 334378007, 0.70, 2.44, 0.55, 3046.08798
2016-04-13, 4, gao_du, 15.86, 15.89, 0.06, 15.88, 15.95, 16.27, 15.88, 330188.81, 531460662, 1.11, 2.46, 1.09, 2947.19005
2016-04-14, 4, gao_du, 15.87, 16.15, 1.64, 15.89, 15.93, 16.17, 15.93, 200035.81, 320813096, 0.67, 1.51, 0.65, 729.1739
2016-04-15, 4, gao_du, 15.87, 16.08, -0.43, 16.15, 16.19, 16.20, 15.98, 184768.95, 297018566, 0.62, 1.36, 0.72, 4641.38889
2016-04-18, 4, gao_du, 15.86, 15.37, -4.42, 16.08, 15.95, 15.96, 15.35, 296793.2, 463840098, 0.99, 3.79, 1.24, 1018.17012
2016-04-19, 4, gao_du, 15.86, 15.57, 1.30, 15.37, 15.51, 15.90, 15.26, 275584.63, 429566764, 0.92, 4.16, 1.13, 614.63904
2016-04-20, 4, gao_du, 15.85, 14.77, -5.14, 15.57, 15.55, 15.76, 14.20, 451671.45, 673287339, 1.51, 10.02, 1.75, 2215.05499
2016-04-21, 3, zhong_du, 15.84, 14.52, -1.69, 14.77, 14.66, 14.92, 14.46, 183382.35, 270150145, 0.61, 3.11, 0.65, 2974.87307
2016-04-22, 3, zhong_du, 15.83, 14.81, 2.00, 14.52, 14.41, 14.84, 14.39, 147679.76, 216505291, 0.49, 3.10, 0.53, 1204.77605
2016-04-25, 2, qing_du, 15.83, 14.61, -1.35, 14.81, 14.69, 14.74, 14.38, 142021.23, 207398451, 0.48, 2.43, 0.52, 2649.55187
2016-04-26, 2, qing_du, 15.82, 14.77, 1.10, 14.61, 14.66, 14.81, 14.58, 101661.81, 149332335, 0.34, 1.57, 0.42, 998.98291
2016-04-27, 2, qing_du, 15.82, 14.76, -0.07, 14.77, 14.78, 14.97, 14.71, 162550.37, 241087399, 0.54, 1.76, 0.79, 1224.56002
2016-04-28, 2, qing_du, 15.81, 14.67, -0.61, 14.76, 14.79, 14.87, 14.43, 158258.96, 231531623, 0.53, 2.98, 1.07, 745.16702
2016-04-29, 2, qing_du, 15.81, 14.64, -0.20, 14.67, 14.64, 14.83, 14.54, 113442.06, 166579727, 0.38, 1.98, 0.80, 707.29995
2016-05-03, 2, qing_du, 15.80, 15.09, 3.07, 14.64, 14.78, 15.39, 14.75, 325592.64, 492237326, 1.09, 4.37, 2.40, 2663.58018
2016-05-04, 2, qing_du, 15.80, 15.10, 0.07, 15.09, 15.08, 15.25, 15.02, 158335.86, 239525020, 0.53, 1.52, 0.92, 547.90902
2016-05-05, 2, qing_du, 15.79, 15.04, -0.40, 15.10, 15.11, 15.13, 14.95, 128527.09, 193194209, 0.43, 1.19, 0.70, 1055.85694
2016-05-06, 2, qing_du, 15.78, 14.39, -4.32, 15.04, 15.11, 15.15, 14.38, 260795.26, 383056410, 0.87, 5.12, 1.47, 630.43618
2016-05-09, 1, wei_ruo, 15.75, 13.23, -8.06, 14.39, 14.20, 14.20, 13.19, 378258.89, 513965293, 1.27, 7.02, 1.92, 1479.0659
2016-05-10, 1, wei_ruo, 15.74, 13.52, 2.19, 13.23, 13.25, 13.59, 13.25, 191792.62, 257388393, 0.64, 2.57, 0.77, 3985.95214
2016-05-11, 1, wei_ruo, 15.73, 13.49, -0.22, 13.52, 13.59, 13.66, 13.35, 150143.08, 202492035, 0.50, 2.29, 0.67, 1409.49702
2016-05-12, 1, wei_ruo, 15.72, 13.59, 0.74, 13.49, 13.20, 13.62, 13.06, 135489.7, 181026118, 0.45, 4.15, 0.61, 2777.09794
2016-05-13, 1, wei_ruo, 15.71, 13.49, -0.74, 13.59, 13.51, 13.61, 13.36, 125129.53, 168891087, 0.42, 1.84, 0.56, 2904.00481
2016-05-16, 1, wei_ruo, 15.70, 13.53, 0.30, 13.49, 13.35, 13.54, 13.24, 145774.88, 195242007, 0.49, 2.22, 0.74, 14606.28319
2016-05-17, 1, wei_ruo, 15.69, 13.44, -0.67, 13.53, 13.56, 13.61, 13.28, 119099.74, 159714293, 0.40, 2.44, 0.80, 2632.48301
2016-05-18, 1, wei_ruo, 15.66, 14.03, 4.39, 13.44, 13.35, 14.78, 13.35, 483063.09, 689258927, 1.62, 10.64, 3.57, 3043.576
2016-05-19, 1, wei_ruo, 15.65, 14.07, 0.29, 14.03, 13.89, 14.58, 13.80, 246382.92, 348211439, 0.82, 5.56, 1.22, 799.3741
2016-05-20, 1, wei_ruo, 15.64, 14.49, 2.99, 14.07, 13.90, 14.65, 13.90, 250961.13, 361498347, 0.84, 5.33, 1.12, 876.85013
2016-05-23, 1, wei_ruo, 15.63, 14.62, 0.90, 14.49, 14.51, 14.73, 14.31, 217532.86, 316102924, 0.73, 2.90, 0.87, 2815.76395
2016-05-24, 1, wei_ruo, 15.62, 14.13, -3.35, 14.62, 14.53, 14.58, 14.09, 203806.1, 290208723, 0.68, 3.35, 0.77, 569.02814
2016-05-25, 1, wei_ruo, 15.62, 14.05, -0.57, 14.13, 14.25, 14.28, 13.93, 116470.05, 164375525, 0.39, 2.48, 0.44, 839.30016
2016-05-26, 1, wei_ruo, 15.61, 14.03, -0.14, 14.05, 14.06, 14.15, 13.67, 151043.68, 209529497, 0.51, 3.42, 0.57, 704.97108
2016-05-27, 1, wei_ruo, 15.60, 14.01, -0.14, 14.03, 14.03, 14.09, 13.91, 84100.88, 117753258, 0.28, 1.28, 0.32, 2508.23498
2016-05-30, 1, wei_ruo, 15.60, 13.98, -0.21, 14.01, 13.80, 14.05, 13.69, 108793.83, 151286620, 0.36, 2.57, 0.41, 2459.59306
2016-05-31, 1, wei_ruo, 15.59, 14.62, 4.58, 13.98, 13.98, 14.75, 13.97, 270614.35, 391348552, 0.91, 5.58, 1.03, 1190.85097
2016-06-01, 1, wei_ruo, 15.58, 14.60, -0.14, 14.62, 14.61, 14.81, 14.53, 198922.33, 291160025, 0.67, 1.92, 0.76, 3101.24111
2016-06-02, 1, wei_ruo, 15.58, 14.78, 1.23, 14.60, 14.54, 14.83, 14.53, 171657.49, 252662450, 0.57, 2.05, 0.65, 648.0968
2016-06-03, 1, wei_ruo, 15.58, 14.72, -0.41, 14.78, 14.75, 14.81, 14.56, 138264.1, 203214428, 0.46, 1.69, 0.52, 854.81
2016-06-06, 1, wei_ruo, 15.58, 14.62, -0.68, 14.72, 14.71, 14.81, 14.52, 112809.42, 165042614, 0.38, 1.97, 0.43, 2855.3431
2016-06-07, 1, wei_ruo, 15.57, 14.54, -0.55, 14.62, 14.60, 14.63, 14.41, 97908.62, 141839822, 0.33, 1.50, 0.37, 4460.603
2016-06-08, 2, qing_du, 15.57, 15.41, 5.98, 14.54, 14.52, 15.77, 14.26, 391455.32, 585864369, 1.31, 10.39, 1.49, 699.56303
2016-06-13, 2, qing_du, 15.56, 14.40, -6.55, 15.41, 15.19, 15.20, 14.24, 328152.78, 488715652, 1.10, 6.23, 1.25, 627.54989
2016-06-14, 2, qing_du, 15.55, 14.45, 0.35, 14.40, 14.30, 14.52, 14.15, 130710.86, 187174186, 0.44, 2.57, 0.50, 638.78202
2016-06-15, 2, qing_du, 15.55, 15.02, 3.94, 14.45, 14.21, 15.30, 14.18, 324545.26, 483914720, 1.09, 7.75, 1.23, 2580.59192
2016-06-16, 2, qing_du, 15.54, 15.00, -0.13, 15.02, 15.02, 15.25, 14.85, 150061.93, 225617204, 0.50, 2.66, 0.57, 658.32496
2016-06-17, 2, qing_du, 15.53, 14.36, -4.27, 15.00, 15.00, 15.22, 14.28, 488223.43, 716943760, 1.63, 6.27, 1.85, 1306.28109
2016-10-24, 2, qing_du, 15.53, 15.80, 10.03, 14.36, 15.80, 15.80, 15.80, 83442.29, 131838818, 0.28, 0.00, 0.32, 1475.78478
2016-10-25, 3, zhong_du, 15.57, 17.38, 10.00, 15.80, 17.17, 17.38, 16.81, 708937.95, 1223817437, 2.37, 3.61, 2.69, 775.49791
2016-10-26, 3, zhong_du, 15.66, 18.07, 3.97, 17.38, 17.58, 18.43, 17.40, 1195990.72, 2140526163, 4.00, 5.93, 4.54, 532.07302
2016-10-27, 4, gao_du, 15.73, 18.23, 0.89, 18.07, 17.82, 18.88, 17.75, 713305.76, 1304051013, 2.39, 6.25, 2.71, 774.87803
2016-10-28, 4, gao_du, 15.77, 18.39, 0.93, 18.22, 18.25, 18.79, 18.12, 440649.94, 812748533, 1.47, 3.68, 1.67, 744.76504
2016-10-31, 4, gao_du, 15.79, 18.12, -1.47, 18.39, 18.41, 18.54, 18.03, 334627.84, 609582337, 1.12, 2.77, 1.28, 633.68511
2016-11-01, 4, gao_du, 15.82, 18.15, 0.00, 18.15, 18.17, 18.22, 17.95, 335726.78, 607165184, 1.12, 1.49, 1.27, 643.32199
2016-11-02, 4, gao_du, 15.94, 19.59, 7.93, 18.15, 18.16, 19.97, 18.15, 1059832.44, 2038612676, 3.55, 10.03, 4.02, 482.55992
2016-11-03, 5, qiang_lie, 16.03, 19.49, -0.46, 19.58, 19.42, 20.25, 19.28, 678337.38, 1340978433, 2.27, 4.95, 2.58, 688.24792
2016-11-04, 5, qiang_lie, 16.07, 19.86, 1.90, 19.49, 19.58, 19.90, 19.35, 309891.37, 611329159, 1.04, 2.82, 1.18, 493.12401
2016-11-07, 5, qiang_lie, 16.11, 19.58, -1.90, 19.96, 19.94, 20.37, 19.39, 354375.5, 697611960, 1.19, 4.91, 1.35, 642.27891
2016-11-08, 5, qiang_lie, 16.14, 19.80, 1.18, 19.57, 19.75, 19.85, 19.42, 259541.79, 510724287, 0.87, 2.20, 0.99, 407.43184
2016-11-09, 5, qiang_lie, 16.17, 19.41, -1.97, 19.80, 19.78, 19.90, 19.31, 277692.02, 544146154, 0.93, 2.98, 1.05, 605.39889
2016-11-10, 5, qiang_lie, 16.22, 20.10, 3.55, 19.41, 19.69, 20.29, 19.50, 380141.53, 756944559, 1.27, 4.07, 1.45, 792.09614
2016-11-11, 5, qiang_lie, 16.30, 19.74, -1.74, 20.09, 20.06, 21.41, 19.68, 575560.71, 1180118455, 1.93, 8.61, 2.19, 2782.60708
2016-11-14, 5, qiang_lie, 16.33, 19.66, -0.41, 19.74, 19.57, 19.95, 19.45, 232907.63, 458115531, 0.78, 2.53, 0.88, 457.50999
2016-11-15, 5, qiang_lie, 16.35, 19.48, -0.87, 19.65, 19.80, 19.86, 19.35, 122565.99, 239344667, 0.41, 2.60, 0.93, 566.61892
2016-11-16, 5, qiang_lie, 16.37, 19.48, -0.87, 19.65, 19.80, 19.86, 19.35, 122565.99, 239344667, 0.41, 2.60, 0.93, 460.75201
2016-11-17, 5, qiang_lie, 16.39, 19.85, 0.40, 19.77, 19.85, 20.05, 19.67, 99610.42, 197944903, 0.33, 1.92, 0.76, 583.251
2016-11-18, 5, qiang_lie, 16.42, 19.48, -0.87, 19.65, 19.80, 19.86, 19.35, 122565.99, 239344667, 0.41, 2.60, 0.93, 905.03693
2016-11-21, 5, qiang_lie, 16.47, 20.38, 1.85, 20.01, 19.92, 20.69, 19.88, 347316.22, 704656054, 1.16, 4.05, 1.32, 402.34208
2016-11-22, 5, qiang_lie, 16.49, 20.47, 0.44, 20.38, 20.42, 20.60, 20.30, 157730.4, 322574367, 0.53, 1.47, 0.60, 2725.93594
2016-11-23, 5, qiang_lie, 16.54, 21.00, 2.59, 20.47, 20.51, 21.14, 20.39, 348466.14, 726656774, 1.17, 3.66, 1.32, 567.79909
2016-11-24, 5, qiang_lie, 16.56, 20.85, -0.71, 21.00, 21.00, 21.04, 20.74, 181340.88, 378450330, 0.61, 1.43, 0.69, 464.86187
2016-11-25, 5, qiang_lie, 16.60, 20.68, -0.77, 20.84, 20.80, 20.95, 20.35, 228702.39, 470773171, 0.77, 2.88, 0.87, 602.76008
2016-11-28, 5, qiang_lie, 16.63, 20.83, 0.63, 20.70, 20.75, 21.09, 20.60, 240590.06, 502474761, 0.81, 2.37, 0.91, 488.37304
2016-11-29, 5, qiang_lie, 16.71, 18.80, -9.70, 20.82, 20.70, 20.90, 18.74, 863213.17, 1676853777, 2.89, 10.37, 3.28, 393.35608
2016-11-30, 5, qiang_lie, 16.74, 18.72, -0.21, 18.76, 18.81, 18.99, 18.20, 479918.32, 895700894, 1.61, 4.21, 1.83, 447.28613
2016-12-01, 5, qiang_lie, 16.76, 18.70, -0.11, 18.72, 18.73, 18.89, 18.50, 211235.86, 394854798, 0.71, 2.08, 0.80, 439.188
2016-12-05, 5, qiang_lie, 16.85, 20.34, 1.75, 19.99, 20.05, 20.78, 19.75, 392028.26, 795428789, 1.31, 5.15, 1.49, 753.23319
2017-03-31, 5, qiang_lie, 16.85, 18.31, -9.98, 20.34, 18.31, 18.31, 18.31, 21293, 38987483, 0.09, 0.00, 0.08, 580.16205
2017-04-05, 5, qiang_lie, 16.85, 16.48, -9.99, 18.31, 16.48, 16.48, 16.48, 35817, 59026416, 0.15, 0.00, 0.14, 674.20912
2017-04-06, 4, gao_du, 16.64, 14.87, -9.77, 16.48, 14.84, 15.36, 14.83, 2876214.03, 4293523546, 11.88, 3.22, 10.92, 579.73003
2017-04-07, 3, zhong_du, 16.51, 14.61, -1.75, 14.87, 14.62, 14.88, 14.34, 1471117.27, 2152507337, 6.08, 3.63, 5.58, 604.61807
2017-04-10, 2, qing_du, 16.37, 13.91, -4.79, 14.61, 14.61, 14.68, 13.77, 1402355.76, 1997559083, 5.79, 6.23, 5.32, 673.22588
2017-04-11, 1, wei_ruo, 16.28, 14.00, 0.65, 13.91, 13.78, 14.09, 13.59, 879680.42, 1217688485, 3.63, 3.59, 3.34, 600.93808
2017-04-12, 1, wei_ruo, 16.21, 13.71, -2.07, 14.00, 13.90, 14.14, 13.65, 700329.4, 970457735, 2.89, 3.50, 2.66, 949.91708
2017-04-13, 1, wei_ruo, 16.18, 13.77, 0.44, 13.71, 13.68, 13.95, 13.65, 373471.43, 515018610, 1.54, 2.19, 1.42, 620.1539
2017-04-14, 1, wei_ruo, 16.11, 13.29, -3.49, 13.77, 13.76, 13.76, 13.25, 578012.14, 778383300, 2.39, 3.70, 2.19, 791.502
2017-04-17, 1, wei_ruo, 16.05, 12.79, -3.76, 13.29, 13.05, 13.17, 12.71, 473866.62, 611237428, 1.96, 3.46, 1.80, 653.31411
2017-04-18, 1, wei_ruo, 16.01, 12.69, -0.78, 12.79, 12.79, 12.91, 12.65, 297050.12, 379503505, 1.23, 2.03, 1.13, 680.61399
2017-04-19, 1, wei_ruo, 15.95, 12.52, -1.34, 12.69, 12.65, 12.66, 12.27, 367499.42, 456970819, 1.52, 3.07, 1.40, 665.5879
2017-04-20, 1, wei_ruo, 15.91, 12.56, 0.32, 12.52, 12.50, 12.77, 12.36, 298334.21, 375309437, 1.23, 3.27, 1.13, 704.76699
2017-04-21, 1, wei_ruo, 15.86, 12.83, 2.15, 12.56, 12.60, 12.85, 12.56, 362103.57, 460852839, 1.50, 2.31, 1.37, 665.9739
2017-04-24, 1, wei_ruo, 15.82, 12.44, -3.04, 12.83, 12.80, 12.80, 12.36, 302998.39, 378151334, 1.25, 3.43, 1.15, 630.43094
2017-04-25, 1, wei_ruo, 15.78, 12.24, -1.61, 12.44, 12.41, 12.50, 12.21, 262815.01, 325160128, 1.09, 2.33, 1.00, 884.27091
2017-04-26, 1, wei_ruo, 15.71, 11.89, -2.86, 12.24, 12.25, 12.34, 11.82, 447125.79, 537545331, 1.85, 4.25, 1.70, 824.55993
2017-04-27, 1, wei_ruo, 15.64, 11.66, -1.93, 11.89, 11.84, 11.85, 11.21, 436975.52, 503244350, 1.81, 5.38, 1.66, 704.72598
2017-04-28, 1, wei_ruo, 15.59, 11.87, 1.80, 11.66, 11.60, 12.13, 11.54, 327950.85, 390014700, 1.35, 5.06, 1.25, 603.92284
2017-05-02, 1, wei_ruo, 15.56, 11.81, -0.51, 11.87, 11.88, 12.03, 11.71, 207405.57, 246001943, 0.86, 2.70, 0.79, 682.55901
2017-05-03, 1, wei_ruo, 15.53, 11.89, 0.68, 11.81, 11.75, 11.95, 11.72, 205245.96, 242744027, 0.85, 1.95, 0.78, 693.89796
2017-05-04, 1, wei_ruo, 15.50, 11.77, -1.01, 11.89, 11.89, 11.90, 11.75, 169134.75, 199712788, 0.70, 1.26, 0.64, 2229.07901
2017-05-05, 1, wei_ruo, 15.47, 11.56, -1.78, 11.77, 11.77, 11.86, 11.53, 180985.33, 212357663, 0.75, 2.80, 0.69, 635.35595
2017-05-11, 1, wei_ruo, 15.25, 10.39, -2.17, 10.62, 10.63, 10.67, 10.04, 371096.83, 383536023, 1.53, 5.93, 1.41, 665.90309
2017-05-12, 1, wei_ruo, 15.20, 10.45, 0.58, 10.39, 10.35, 10.64, 10.27, 248864.21, 259845541, 1.03, 3.56, 0.94, 631.06108
2017-05-15, 1, wei_ruo, 15.15, 10.26, -1.82, 10.45, 10.50, 10.52, 10.21, 208513.61, 215648849, 0.86, 2.97, 0.79, 599.30801
2017-05-17, 1, wei_ruo, 15.05, 10.58, -0.38, 10.62, 10.54, 10.74, 10.54, 244926.9, 260181701, 1.01, 1.88, 0.93, 664.23106
2017-05-18, 1, wei_ruo, 15.02, 10.40, -1.70, 10.58, 10.46, 10.58, 10.39, 172348.67, 180544897, 0.71, 1.80, 0.65, 730.42417
2017-05-19, 1, wei_ruo, 14.99, 10.42, 0.19, 10.40, 10.38, 10.45, 10.31, 130646.9, 135646217, 0.54, 1.35, 0.50, 653.54705
2017-05-22, 1, wei_ruo, 14.95, 10.24, -1.73, 10.42, 10.42, 10.52, 10.06, 222744.72, 229148962, 0.92, 4.41, 0.85, 534.78885
2017-05-23, 1, wei_ruo, 14.90, 9.89, -3.42, 10.24, 10.17, 10.23, 9.85, 247417.78, 248348072, 1.02, 3.71, 0.94, 850.37589
2017-05-24, 1, wei_ruo, 14.86, 9.94, 0.51, 9.89, 9.86, 9.98, 9.63, 187531.55, 184381716, 0.77, 3.54, 0.71, 654.35791
2017-05-25, 1, wei_ruo, 14.80, 10.02, 0.80, 9.94, 9.94, 10.10, 9.74, 288123.32, 286511114, 1.19, 3.62, 1.09, 3426.57089
2017-05-26, 1, wei_ruo, 14.76, 9.97, -0.50, 10.02, 10.00, 10.10, 9.96, 205018.16, 205164428, 0.85, 1.40, 0.78, 757.89905
2017-05-31, 1, wei_ruo, 14.69, 10.23, 2.61, 9.97, 10.10, 10.45, 10.10, 374025.37, 384435118, 1.55, 3.51, 1.42, 655.28798
2017-06-01, 1, wei_ruo, 14.64, 9.98, -2.44, 10.23, 10.17, 10.22, 9.95, 247302.04, 249247600, 1.02, 2.64, 0.94, 595.999
2017-06-02, 1, wei_ruo, 14.61, 10.11, 1.30, 9.98, 9.93, 10.16, 9.89, 188294.48, 188870806, 0.78, 2.71, 0.71, 730.12996
2017-06-05, 1, wei_ruo, 14.58, 10.16, 0.49, 10.11, 10.17, 10.27, 10.12, 166514.93, 169672455, 0.69, 1.48, 0.63, 712.40187
2017-06-06, 1, wei_ruo, 14.54, 10.29, 1.28, 10.16, 10.16, 10.31, 10.13, 188775.3, 193247162, 0.78, 1.77, 0.72, 664.61492
2017-06-07, 1, wei_ruo, 14.49, 10.54, 2.43, 10.29, 10.28, 10.56, 10.28, 292131.1, 305028598, 1.21, 2.72, 1.11, 678.47013
2017-06-08, 1, wei_ruo, 14.45, 10.58, 0.38, 10.54, 10.50, 10.62, 10.48, 268196.58, 283110800, 1.11, 1.33, 1.02, 644.44709
2017-06-09, 1, wei_ruo, 14.38, 10.97, 3.69, 10.58, 10.55, 11.13, 10.52, 504686.51, 547833835, 2.08, 5.77, 1.92, 850.99697
2017-06-12, 1, wei_ruo, 14.33, 10.67, -2.73, 10.97, 10.90, 10.91, 10.65, 296661.76, 319572017, 1.23, 2.37, 1.13, 678.91097
2017-06-13, 1, wei_ruo, 14.31, 10.79, 1.12, 10.67, 10.66, 10.85, 10.66, 167961.74, 180981397, 0.69, 1.78, 0.64, 563.69901
2017-06-14, 1, wei_ruo, 14.28, 10.71, -0.74, 10.79, 10.80, 10.83, 10.67, 150895.56, 161757488, 0.62, 1.48, 0.57, 507.25198
2017-06-15, 1, wei_ruo, 14.25, 10.85, 1.31, 10.71, 10.70, 10.94, 10.68, 218321.67, 236182630, 0.90, 2.43, 0.83, 716.82405
2017-06-16, 1, wei_ruo, 14.22, 10.83, -0.18, 10.85, 10.97, 11.08, 10.81, 209483.24, 228997593, 0.87, 2.49, 0.80, 572.48092
2017-06-19, 1, wei_ruo, 14.20, 10.82, -0.09, 10.83, 10.76, 10.88, 10.76, 158726.7, 171599937, 0.66, 1.11, 0.60, 727.90098
2017-06-20, 1, wei_ruo, 14.18, 10.78, -0.37, 10.82, 10.83, 10.97, 10.77, 161018.68, 174795232, 0.67, 1.85, 0.61, 583.55403
2017-06-21, 1, wei_ruo, 14.15, 10.76, -0.19, 10.78, 10.80, 10.86, 10.65, 186256.16, 199559467, 0.77, 1.95, 0.71, 737.69379
2017-06-22, 1, wei_ruo, 14.12, 10.63, -1.21, 10.76, 10.75, 10.92, 10.61, 255690.23, 276113255, 1.06, 2.88, 0.97, 1442.84105
2017-06-23, 1, wei_ruo, 14.09, 10.56, -0.66, 10.63, 10.61, 10.72, 10.43, 198160.03, 209368155, 0.82, 2.73, 0.75, 773.18192
2017-06-26, 1, wei_ruo, 14.06, 10.82, 2.46, 10.56, 10.54, 10.85, 10.54, 228047.81, 244788348, 0.94, 2.94, 0.87, 550.67706
2017-06-27, 1, wei_ruo, 14.04, 10.75, -0.65, 10.82, 10.78, 10.85, 10.71, 130737.31, 140761913, 0.54, 1.29, 0.50, 566.02097
2017-06-28, 1, wei_ruo, 14.02, 10.57, -1.67, 10.75, 10.74, 10.74, 10.56, 151374.29, 160779758, 0.63, 1.67, 0.57, 759.37414
2017-06-29, 1, wei_ruo, 14.00, 10.55, -0.19, 10.57, 10.58, 10.64, 10.53, 131532.75, 139173309, 0.54, 1.04, 0.50, 6692.02805
2017-06-30, 1, wei_ruo, 13.98, 10.51, -0.38, 10.55, 10.51, 10.54, 10.44, 105962.66, 111218077, 0.44, 0.95, 0.40, 962.0862
2017-07-03, 2, qing_du, 13.97, 10.55, 0.38, 10.51, 10.52, 10.58, 10.49, 97833.36, 103083531, 0.40, 0.86, 0.37, 722.56017
2017-07-04, 2, qing_du, 13.95, 10.47, -0.76, 10.55, 10.55, 10.58, 10.43, 125894.89, 132028749, 0.52, 1.42, 0.48, 543.12897
2017-07-05, 2, qing_du, 13.92, 10.57, 0.96, 10.47, 10.50, 10.58, 10.37, 190987.48, 200034302, 0.79, 2.01, 0.73, 2716.76993
2017-07-06, 2, qing_du, 13.91, 10.47, -0.95, 10.57, 10.56, 10.58, 10.43, 127244.89, 133603118, 0.53, 1.42, 0.48, 643.17894
2017-07-07, 2, qing_du, 13.89, 10.52, 0.48, 10.47, 10.48, 10.53, 10.42, 124395.26, 130328583, 0.51, 1.05, 0.47, 620.60189
2017-07-10, 2, qing_du, 13.86, 10.59, 0.67, 10.52, 10.52, 10.65, 10.48, 202296.61, 213502886, 0.84, 1.62, 0.77, 663.54895
2017-07-11, 2, qing_du, 13.84, 10.38, -1.98, 10.59, 10.56, 10.59, 10.37, 173036.5, 181465962, 0.71, 2.08, 0.66, 645.54405
2017-07-12, 2, qing_du, 13.81, 10.30, -0.77, 10.38, 10.36, 10.43, 10.21, 150493.93, 155164012, 0.62, 2.12, 0.57, 713.82594
2017-07-13, 2, qing_du, 13.80, 10.33, 0.29, 10.30, 10.28, 10.37, 10.26, 89457.23, 92300802, 0.37, 1.07, 0.34, 3766.64686
2017-07-14, 2, qing_du, --, 10.24, -0.87, 10.33, 10.32, 10.35, 10.19, 92129.37, 94526474, 0.38, 1.55, 0.35, 641.45112
2017-07-17, 1, wei_ruo, --, 9.76, -4.69, 10.24, 10.22, 10.24, 9.75, 233557.2, 231437716, 0.96, 4.79, 0.89, 2792.64808
2017-07-18, 1, wei_ruo, 13.73, 9.85, 0.92, 9.76, 9.72, 9.86, 9.68, 112182.38, 109583158, 0.46, 1.84, 0.43, 1158.42009
2017-07-19, 1, wei_ruo, --, 10.10, 2.54, 9.85, 9.81, 10.14, 9.80, 175562.02, 174755286, 0.73, 3.45, 0.67, 653.10407
2017-07-20, 1, wei_ruo, --, 10.22, 1.19, 10.10, 10.07, 10.32, 10.04, 175337.77, 178959411, 0.72, 2.77, 0.67, 549.23105
2017-07-21, 1, wei_ruo, --, 10.47, 2.45, 10.22, 10.26, 10.53, 10.15, 289846.45, 300668588, 1.20, 3.72, 1.10, 528.19204
2017-07-24, 2, qing_du, 13.56, 11.05, 5.54, 10.47, 10.48, 11.09, 10.46, 728555.71, 788996433, 3.01, 6.02, 2.77, 547.02687
2017-07-25, 3, zhong_du, --, 10.86, -1.72, 11.05, 11.09, 11.09, 10.75, 375918.53, 407905229, 1.55, 3.08, 1.43, 2757.12705
2017-07-26, 3, zhong_du, --, 10.76, -0.92, 10.86, 10.76, 10.87, 10.63, 256067.14, 274810496, 1.06, 2.21, 0.97, 771.17801
2017-07-27, 4, gao_du, 13.46, 10.83, 0.65, 10.76, 10.72, 10.94, 10.68, 263579.16, 285020885, 1.09, 2.42, 1.00, 803.63703
2017-07-28, 4, gao_du, 13.44, 10.74, -0.83, 10.83, 10.78, 10.93, 10.73, 189416.02, 204991550, 0.78, 1.85, 0.72, 681.17499
2017-07-31, 4, gao_du, 13.41, 10.72, -0.19, 10.74, 10.71, 10.74, 10.59, 194664.85, 207748187, 0.80, 1.40, 0.74, 1416.27598
2017-08-01, 4, gao_du, 13.39, 10.85, 1.21, 10.72, 10.73, 10.91, 10.71, 257747.64, 278801022, 1.06, 1.87, 0.98, 734.23409
2017-08-02, 4, gao_du, 13.36, 10.64, -1.94, 10.85, 10.88, 10.88, 10.63, 211263.06, 226392275, 0.87, 2.30, 0.80, 16151.08705
2017-08-03, 4, gao_du, 13.35, 10.57, -0.66, 10.64, 10.65, 10.68, 10.53, 148891.2, 157522129, 0.62, 1.41, 0.57, 775.34795
2017-08-04, 3, zhong_du, 13.33, 10.58, 0.09, 10.57, 10.57, 10.61, 10.51, 124148.06, 130951485, 0.51, 0.95, 0.47, 957.24607
2017-08-07, 3, zhong_du, 13.32, 10.55, -0.28, 10.58, 10.55, 10.57, 10.46, 123320.66, 129644935, 0.51, 1.04, 0.47, 801.59307
2017-08-08, 3, zhong_du, 13.30, 10.48, -0.66, 10.55, 10.55, 10.59, 10.45, 115280.3, 120980916, 0.48, 1.33, 0.44, 648.96202
2017-08-09, 3, zhong_du, 13.29, 10.46, -0.19, 10.48, 10.49, 10.58, 10.43, 127317.99, 133565084, 0.53, 1.43, 0.48, 690.40322
2017-08-10, 3, zhong_du, 13.26, 10.22, -2.29, 10.46, 10.47, 10.47, 10.16, 206337.73, 212311043, 0.85, 2.96, 0.78, 1045.35699
2017-08-11, 3, zhong_du, 13.24, 10.00, -2.15, 10.22, 10.14, 10.15, 9.98, 154899.85, 155961390, 0.64, 1.66, 0.59, 532.74798
2017-08-14, 2, qing_du, 13.23, 10.18, 1.80, 10.00, 10.00, 10.19, 9.99, 95967.84, 97130432, 0.40, 2.00, 0.36, 1160.07805
2017-08-15, 2, qing_du, 13.22, 10.19, 0.10, 10.18, 10.19, 10.28, 10.15, 80134.72, 81858423, 0.33, 1.28, 0.30, 915.46297
2017-08-16, 2, qing_du, 13.21, 10.15, -0.39, 10.19, 10.18, 10.19, 10.06, 101877.43, 103131097, 0.42, 1.28, 0.39, 739.72082
2017-08-17, 2, qing_du, 13.20, 10.23, 0.79, 10.15, 10.15, 10.25, 10.13, 100103.38, 102049654, 0.41, 1.18, 0.38, 12572.54696
2017-08-18, 2, qing_du, 13.17, 10.45, 2.15, 10.23, 10.18, 10.53, 10.13, 231518.97, 239882658, 0.96, 3.91, 0.88, 747.0181
2017-08-21, 2, qing_du, 13.15, 10.40, -0.48, 10.45, 10.43, 10.48, 10.37, 123274.11, 128235958, 0.51, 1.05, 0.47, 858.35099
2017-08-22, 2, qing_du, 13.14, 10.34, -0.58, 10.40, 10.49, 10.50, 10.33, 133093.62, 138354738, 0.55, 1.63, 0.51, 655.26104
2017-08-23, 2, qing_du, 13.13, 10.36, 0.19, 10.34, 10.34, 10.41, 10.30, 87026.67, 90106933, 0.36, 1.06, 0.33, 857.39684
2017-08-24, 2, qing_du, 13.12, 10.19, -1.64, 10.36, 10.37, 10.37, 10.17, 109970.68, 112936837, 0.45, 1.93, 0.42, 964.55407
2017-08-25, 2, qing_du, 13.11, 10.28, 0.88, 10.19, 10.18, 10.32, 10.18, 85515.88, 87737202, 0.35, 1.37, 0.32, 990.7372
2017-08-28, 2, qing_du, 13.09, 10.44, 1.56, 10.28, 10.26, 10.47, 10.26, 155574.21, 161843580, 0.64, 2.04, 0.59, 1342.60798
2017-08-29, 2, qing_du, 13.08, 10.37, -0.67, 10.44, 10.46, 10.46, 10.36, 106510.72, 110853229, 0.44, 0.96, 0.40, 530.26414
2017-08-30, 2, qing_du, 13.05, 10.52, 1.45, 10.37, 10.38, 10.63, 10.37, 239170.51, 252089250, 0.99, 2.51, 0.91, 637.02679
2017-08-31, 2, qing_du, 13.03, 10.37, -1.43, 10.52, 10.41, 10.42, 10.28, 221674.48, 228932942, 0.92, 1.33, 0.84, 778.31197
2017-09-01, 2, qing_du, 13.01, 10.29, -0.77, 10.37, 10.36, 10.36, 10.27, 136716.78, 140971826, 0.56, 0.87, 0.52, 701.41101
2017-09-04, 2, qing_du, 12.99, 10.26, -0.29, 10.29, 10.28, 10.28, 10.19, 162165.51, 165818661, 0.67, 0.87, 0.62, 502.599
2017-09-05, 2, qing_du, 12.98, 10.24, -0.19, 10.26, 10.26, 10.31, 10.19, 116593.73, 119406694, 0.48, 1.17, 0.44, 674.36218
2017-09-06, 2, qing_du, 12.97, 10.24, 0.00, 10.24, 10.21, 10.28, 10.19, 106895.26, 109355220, 0.44, 0.88, 0.41, 799.03793
2017-09-07, 1, wei_ruo, 12.95, 10.26, 0.20, 10.24, 10.24, 10.38, 10.21, 173874.2, 179176016, 0.72, 1.66, 0.66, 759.62281
2017-09-08, 1, wei_ruo, 12.93, 10.29, -2.19, 10.52, 10.41, 10.42, 10.28, 157985.55, 163122297, 0.65, 1.33, 1.20, 595.87002
2017-09-11, 1, wei_ruo, 12.92, 10.29, -2.19, 10.52, 10.41, 10.42, 10.28, 157985.55, 163122297, 0.65, 1.33, 1.20, 719.36893
2017-09-12, 1, wei_ruo, 12.89, 10.18, -1.07, 10.29, 10.30, 10.31, 10.12, 235289.83, 239629843, 0.97, 1.85, 0.89, 1111.13286
2017-09-13, 1, wei_ruo, 12.88, 10.18, 0.00, 10.18, 10.16, 10.19, 10.12, 79715.2, 80948514, 0.33, 0.69, 0.30, 804.82697
2017-09-14, 1, wei_ruo, 12.87, 10.14, -0.39, 10.18, 10.18, 10.23, 10.11, 148849.5, 151269958, 0.61, 1.18, 0.57, 966.37702
2017-09-15, 1, wei_ruo, 12.83, 10.29, 1.48, 10.14, 10.16, 10.42, 10.12, 335126.32, 345158899, 1.38, 2.96, 1.27, 928.40695
2017-09-18, 1, wei_ruo, 12.81, 10.23, -0.58, 10.29, 10.26, 10.32, 10.21, 153291.76, 157149614, 0.63, 1.07, 0.58, 1050.24815
2017-09-19, 1, wei_ruo, 12.77, 10.35, 1.17, 10.23, 10.24, 10.52, 10.22, 417110.9, 434427806, 1.72, 2.93, 1.58, 881.02818
2017-09-20, 1, wei_ruo, 12.75, 10.34, -0.10, 10.35, 10.36, 10.38, 10.25, 215409.04, 222049121, 0.89, 1.26, 0.82, 726.82714
2017-09-21, 1, wei_ruo, 12.73, 10.18, -1.55, 10.34, 10.35, 10.36, 10.16, 181051.08, 185627394, 0.75, 1.93, 0.69, 1567.03305
2017-09-22, 1, wei_ruo, 12.72, 10.13, -0.49, 10.18, 10.16, 10.18, 10.10, 128903.13, 130531988, 0.53, 0.79, 0.49, 1193.53294
2017-09-25, 1, wei_ruo, 12.70, 10.03, -0.99, 10.13, 10.13, 10.14, 10.02, 117966.37, 118762511, 0.49, 1.18, 0.45, 519.94419
2017-09-26, 1, wei_ruo, 12.69, 10.04, 0.10, 10.03, 10.01, 10.06, 9.98, 94939.4, 95123465, 0.39, 0.80, 0.36, 644.52291
2017-09-27, 1, wei_ruo, 12.68, 10.03, -0.10, 10.04, 10.04, 10.08, 9.98, 109542.25, 109753959, 0.45, 1.00, 0.42, 740.83209
2017-09-28, 1, wei_ruo, 12.66, 9.89, -1.40, 10.03, 10.02, 10.02, 9.88, 148398.01, 147579581, 0.61, 1.40, 0.56, 621.79685
2017-09-29, 1, wei_ruo, 12.65, 9.82, -0.71, 9.89, 9.93, 9.94, 9.81, 165917.31, 163505681, 0.69, 1.31, 0.63, 923.62499
2017-10-10, 1, wei_ruo, 12.62, 10.02, 1.42, 9.88, 9.90, 10.04, 9.87, 138575.39, 138131412, 0.57, 1.72, 0.53, 912.65106
2017-10-12, 1, wei_ruo, 12.59, 9.92, -0.50, 9.97, 9.97, 9.98, 9.88, 91052.13, 90406724, 0.38, 1.00, 0.35, 766.75606
2017-10-13, 1, wei_ruo, 12.57, 10.04, 1.21, 9.92, 9.92, 10.09, 9.89, 191746.09, 192079576, 0.79, 2.02, 0.73, 663.41615
2017-10-16, 1, wei_ruo, 12.56, 9.96, -0.80, 10.04, 10.05, 10.08, 9.93, 163801.91, 163712615, 0.68, 1.49, 0.62, 1298.91706
2017-10-17, 1, wei_ruo, 12.55, 9.96, 0.00, 9.96, 9.91, 9.97, 9.91, 79659.73, 79087718, 0.33, 0.60, 0.30, 758.07691
2017-10-18, 1, wei_ruo, 12.53, 9.82, -1.41, 9.96, 9.93, 9.96, 9.81, 116335.56, 114975266, 0.48, 1.51, 0.44, 664.86692
2017-10-19, 1, wei_ruo, 12.52, 9.74, -0.81, 9.82, 9.82, 9.84, 9.64, 157053.04, 152428992, 0.65, 2.04, 0.60, 738.22284
2017-10-20, 1, wei_ruo, 12.50, 9.88, 1.44, 9.74, 9.71, 9.93, 9.70, 127015.33, 124928050, 0.52, 2.36, 0.48, 733.85406
2017-10-23, 1, wei_ruo, 12.49, 9.83, -0.51, 9.88, 9.88, 9.89, 9.80, 90270.1, 88728090, 0.37, 0.91, 0.34, 858.44207
2017-10-24, 1, wei_ruo, 12.48, 9.95, 1.22, 9.83, 9.83, 9.97, 9.82, 152172.8, 150811984, 0.63, 1.53, 0.58, 793.64109
2017-10-25, 1, wei_ruo, 12.47, 9.93, -0.20, 9.95, 9.95, 9.95, 9.91, 63172.13, 62739643, 0.26, 0.40, 0.24, 684.48997
2017-10-26, 1, wei_ruo, 12.46, 9.85, -0.81, 9.93, 9.92, 9.92, 9.82, 102189.23, 100757306, 0.42, 1.01, 0.39, 671.68379
2017-10-27, 1, wei_ruo, 12.45, 9.77, -0.81, 9.85, 9.87, 9.88, 9.77, 77514.74, 76070903, 0.32, 1.12, 0.29, 1591.78281
2017-10-30, 1, wei_ruo, 12.43, 9.68, -0.92, 9.77, 9.75, 9.77, 9.48, 179416.82, 171777931, 0.74, 2.97, 0.68, 910.18605
2017-10-31, 1, wei_ruo, 12.42, 9.58, -1.03, 9.68, 9.59, 9.60, 9.52, 87108.88, 83277804, 0.36, 0.83, 0.33, 661.85117
2017-11-01, 1, wei_ruo, 12.41, 9.51, -0.73, 9.58, 9.54, 9.61, 9.50, 76994.22, 73538853, 0.32, 1.15, 0.29, 773.81706
2017-11-02, 1, wei_ruo, 12.39, 9.51, 0.00, 9.51, 9.52, 9.54, 9.33, 169336.85, 159729023, 0.70, 2.21, 0.64, 681.48494
2017-11-03, 1, wei_ruo, 12.38, 9.53, 0.21, 9.51, 9.47, 9.56, 9.35, 118863.16, 112273978, 0.49, 2.21, 0.45, 759.39894
2017-11-06, 1, wei_ruo, 12.37, 9.44, -0.21, 9.46, 9.44, 9.46, 9.42, 3281.88, 3097235, 0.01, 0.42, 0.27, 642.33494
2017-11-08, 1, wei_ruo, 12.35, 9.43, -0.21, 9.45, 9.45, 9.45, 9.43, 376, 355092, 0.00, 0.21, 0.11, 240885.00309
2017-11-09, 1, wei_ruo, 12.34, 9.43, -0.32, 9.46, 9.44, 9.46, 9.37, 42532.72, 40013495, 0.18, 0.95, 0.32, 705.2598
2017-11-10, 1, wei_ruo, 12.33, 9.34, -0.95, 9.43, 9.45, 9.45, 9.34, 103051.19, 96507064, 0.43, 1.17, 1.36, 744.00902
2017-11-13, 1, wei_ruo, 12.31, 9.20, -1.50, 9.34, 9.33, 9.33, 9.17, 152697.6, 140883726, 0.63, 1.71, 2.10, 720.41106
2017-11-14, 1, wei_ruo, 12.30, 9.09, -1.20, 9.20, 9.20, 9.21, 9.06, 121970.85, 111002109, 0.50, 1.63, 1.34, 953.69005
2017-11-15, 1, wei_ruo, 12.28, 9.09, 0.00, 9.09, 9.09, 9.12, 9.02, 90188.39, 81811067, 0.37, 1.10, 0.90, 667.68885
2017-11-16, 1, wei_ruo, 12.27, 9.04, -0.55, 9.09, 9.08, 9.10, 9.03, 67918.92, 61498553, 0.28, 0.77, 0.65, 650.08783
2017-11-17, 1, wei_ruo, 12.23, 9.21, 1.88, 9.04, 9.04, 9.23, 8.81, 318056.04, 286273296, 1.31, 4.65, 2.97, 786.05795
2017-11-20, 1, wei_ruo, 12.22, 9.13, -0.87, 9.21, 9.12, 9.16, 9.02, 89368.43, 81265904, 0.37, 1.52, 0.60, 633.45194
2017-11-21, 1, wei_ruo, 12.21, 9.15, 0.22, 9.13, 9.13, 9.19, 9.07, 87566.84, 79878505, 0.36, 1.31, 0.64, 739.0449
2017-11-22, 1, wei_ruo, 12.20, 9.05, -1.09, 9.15, 9.14, 9.14, 9.02, 84225.07, 76403063, 0.35, 1.31, 0.64, 777.67706
2017-11-23, 1, wei_ruo, 12.18, 8.96, -0.99, 9.05, 9.03, 9.05, 8.88, 106958.09, 95972329, 0.44, 1.88, 0.83, 4792.97495
2017-11-24, 1, wei_ruo, 12.17, 8.98, 0.22, 8.96, 8.93, 8.99, 8.86, 72004.36, 64305416, 0.30, 1.45, 0.52, 659.04379
2017-11-27, 1, wei_ruo, 12.17, 8.99, 0.11, 8.98, 8.98, 9.00, 8.88, 60165.59, 53917150, 0.25, 1.34, 0.68, 180652.97008
2017-11-28, 1, wei_ruo, 12.16, 8.95, -0.44, 8.99, 9.00, 9.00, 8.89, 45948.74, 41088539, 0.19, 1.22, 0.56, 754.74095
2017-11-29, 1, wei_ruo, 12.15, 9.03, 0.89, 8.95, 8.96, 9.06, 8.88, 94725.21, 84923135, 0.39, 2.01, 1.28, 1064.25691
2017-11-30, 1, wei_ruo, 12.14, 8.94, -1.00, 9.03, 8.99, 9.02, 8.88, 80905.72, 72284851, 0.33, 1.55, 1.07, 579.46801
2017-12-01, 1, wei_ruo, 12.13, 8.92, -0.22, 8.94, 8.91, 8.96, 8.89, 73881.78, 65969972, 0.31, 0.78, 1.04, 736.04989
2017-12-04, 1, wei_ruo, 12.12, 8.92, 0.00, 8.92, 8.90, 8.96, 8.84, 92492.19, 82358691, 0.38, 1.35, 1.30, 704.86403
2017-12-05, 1, wei_ruo, 12.08, 9.11, 2.13, 8.92, 8.91, 9.15, 8.90, 297397.17, 269407595, 1.23, 2.80, 3.83, 627.69103
2017-12-06, 1, wei_ruo, 12.07, 9.15, 0.44, 9.11, 9.12, 9.16, 9.03, 93489.54, 85103384, 0.39, 1.43, 0.73, 1205.15895
2017-12-07, 1, wei_ruo, 12.06, 9.12, -0.33, 9.15, 9.13, 9.20, 9.03, 91525.87, 83529647, 0.38, 1.86, 0.72, 710.82091
2017-12-08, 1, wei_ruo, 12.05, 9.07, -0.55, 9.12, 9.09, 9.12, 9.04, 63585.97, 57730655, 0.26, 0.88, 0.49, 671.67211
2017-12-11, 1, wei_ruo, 12.04, 9.06, -0.11, 9.07, 9.07, 9.11, 9.01, 52993.31, 47918313, 0.22, 1.10, 0.41, 817.9009
2017-12-12, 1, wei_ruo, 12.03, 8.93, -1.43, 9.06, 9.04, 9.06, 8.91, 59999.33, 53828812, 0.25, 1.66, 0.50, 709.93209
2017-12-13, 1, wei_ruo, 12.03, 8.96, 0.34, 8.93, 8.95, 8.96, 8.90, 49489, 44190049, 0.20, 0.67, 0.68, 697.88885
2017-12-14, 1, wei_ruo, 12.02, 8.93, -0.33, 8.96, 8.95, 8.95, 8.88, 41632.72, 37087238, 0.17, 0.78, 0.66, 787.84895
2017-12-15, 1, wei_ruo, 12.01, 8.93, 0.00, 8.93, 8.91, 8.95, 8.86, 66101.44, 58868159, 0.27, 1.01, 1.23, 614.29405
2017-12-18, 1, wei_ruo, 12.01, 8.95, 0.22, 8.93, 8.93, 8.95, 8.87, 45324.47, 40371591, 0.19, 0.90, 0.84, 596.04692
2017-12-19, 1, wei_ruo, 12.00, 8.94, -0.11, 8.95, 8.94, 8.98, 8.90, 31442.67, 28104893, 0.13, 0.89, 0.60, 781.85797
2017-12-20, 1, wei_ruo, 11.99, 8.94, 0.00, 8.94, 8.94, 8.96, 8.83, 76748.96, 68301949, 0.32, 1.45, 1.64, 970.17908
2017-12-21, 1, wei_ruo, 11.99, 8.92, -0.22, 8.94, 8.94, 8.94, 8.85, 50621.93, 45073457, 0.21, 1.01, 0.97, 650.8379
2017-12-22, 1, wei_ruo, 11.98, 8.92, 0.00, 8.92, 8.93, 8.94, 8.86, 47713.78, 42440058, 0.20, 0.90, 0.88, 2659.51896
2017-12-25, 1, wei_ruo, 11.97, 8.85, -0.78, 8.92, 8.91, 8.92, 8.83, 60993.1, 54045768, 0.25, 1.01, 1.21, 2838.83309
2017-12-26, 1, wei_ruo, 11.97, 8.83, -0.23, 8.85, 8.85, 8.88, 8.80, 63075.56, 55744353, 0.26, 0.90, 1.18, 455.19114
2017-12-27, 1, wei_ruo, 11.95, 8.81, -0.23, 8.83, 8.82, 8.85, 8.76, 104772.55, 92279495, 0.43, 1.02, 1.75, 708.26793
2017-12-29, 1, wei_ruo, 11.94, 8.91, 1.25, 8.80, 8.79, 8.96, 8.79, 88245.39, 78615489, 0.36, 1.93, 1.28, 630.934
2018-01-03, 1, wei_ruo, 11.92, 8.93, 0.22, 8.91, 8.90, 8.98, 8.87, 75115.06, 67093128, 0.31, 1.23, 1.01, 862.81395
2018-01-04, 1, wei_ruo, 11.90, 9.05, 1.34, 8.93, 8.94, 9.05, 8.92, 117156.19, 105271782, 0.48, 1.46, 1.52, 742.59782
2018-01-05, 1, wei_ruo, 11.86, 9.31, 2.87, 9.05, 9.05, 9.57, 8.98, 376933.74, 349826851, 1.56, 6.52, 4.75, 665.1051
2018-01-08, 1, wei_ruo, 11.83, 9.33, 0.21, 9.31, 9.30, 9.46, 9.21, 252170.91, 235770124, 1.04, 2.69, 1.76, 718.58311
2018-01-09, 1, wei_ruo, 11.82, 9.34, 0.11, 9.33, 9.31, 9.45, 9.24, 165031.19, 154249252, 0.68, 2.25, 0.91, 651.13711
2018-01-10, 2, qing_du, 11.80, 9.17, -1.82, 9.34, 9.31, 9.38, 9.10, 161731.38, 149253216, 0.67, 3.00, 0.82, 835.11496
2018-01-11, 2, qing_du, 11.79, 9.14, -0.33, 9.17, 9.13, 9.17, 9.08, 102058.38, 93057109, 0.42, 0.98, 0.48, 581.47192
2018-01-12, 1, wei_ruo, 11.77, 9.25, 1.20, 9.14, 9.15, 9.35, 9.14, 173500.28, 160844225, 0.72, 2.30, 0.82, 917.39893
2018-01-15, 1, wei_ruo, 11.75, 8.92, -3.57, 9.25, 9.25, 9.25, 8.91, 141062.57, 128127718, 0.58, 3.68, 0.83, 713.2771
2018-01-16, 1, wei_ruo, 11.73, 9.31, 4.37, 8.92, 8.90, 9.34, 8.90, 195578.56, 179043852, 0.81, 4.93, 1.32, 572.95799
2018-01-17, 1, wei_ruo, 11.72, 9.26, -0.54, 9.31, 9.34, 9.40, 9.21, 146649.74, 136195870, 0.61, 2.04, 0.95, 741.93716
2018-01-18, 1, wei_ruo, 11.71, 9.17, -0.97, 9.26, 9.22, 9.28, 9.13, 86413.89, 79465915, 0.36, 1.62, 0.57, 657.14502
2018-01-19, 1, wei_ruo, 11.70, 9.12, -0.55, 9.17, 9.18, 9.24, 9.12, 85541.92, 78489501, 0.35, 1.31, 0.58, 867.69104
2018-01-22, 1, wei_ruo, 11.69, 9.15, 0.33, 9.12, 9.09, 9.15, 9.07, 59929.66, 54627358, 0.25, 0.88, 0.46, 720.28708
2018-01-23, 1, wei_ruo, 11.68, 9.23, 0.87, 9.15, 9.16, 9.25, 9.13, 102722.75, 94561649, 0.42, 1.31, 0.89, 750.80991
2018-01-24, 1, wei_ruo, 11.67, 9.11, -1.30, 9.23, 9.23, 9.31, 9.06, 160957.7, 148198645, 0.66, 2.71, 1.67, 1395.65492
2018-01-25, 1, wei_ruo, 11.66, 9.13, 0.22, 9.11, 9.15, 9.18, 9.09, 111301.11, 101781838, 0.46, 0.99, 1.12, 654.02102
2018-01-26, 1, wei_ruo, 11.64, 9.11, -0.22, 9.13, 9.10, 9.17, 9.08, 104932.12, 95806174, 0.43, 0.99, 1.01, 672.3609
2018-01-29, 1, wei_ruo, 11.63, 8.93, -1.98, 9.11, 9.13, 9.13, 8.88, 160338.16, 144344839, 0.66, 2.74, 1.49, 669.30294
2018-01-30, 1, wei_ruo, 11.62, 8.97, 0.45, 8.93, 9.02, 9.08, 8.96, 78435.35, 70686574, 0.32, 1.34, 0.61, 606.70185
2018-01-31, 1, wei_ruo, 11.61, 8.87, -1.11, 8.97, 8.94, 9.02, 8.82, 97381.67, 86624172, 0.40, 2.23, 0.79, 760.252
2018-02-01, 1, wei_ruo, 11.58, 8.97, 1.13, 8.87, 8.86, 8.98, 8.64, 238509.51, 210504383, 0.99, 3.83, 2.16, 689.83197
2018-02-02, 1, wei_ruo, 11.57, 8.78, -2.12, 8.97, 8.89, 8.89, 8.72, 89651.54, 78880935, 0.37, 1.90, 0.66, 765.45596
2018-02-05, 1, wei_ruo, 11.57, 8.81, 0.34, 8.78, 8.70, 8.85, 8.66, 44602.16, 39160970, 0.18, 2.16, 0.34, 1081.33793
2018-02-06, 1, wei_ruo, 11.54, 8.80, -0.11, 8.81, 8.72, 8.85, 8.65, 179069.69, 156854568, 0.74, 2.27, 1.63, 665.91501
2018-02-07, 1, wei_ruo, 11.53, 8.81, 0.11, 8.80, 8.91, 8.93, 8.66, 87833.07, 77345407, 0.36, 3.07, 0.68, 917.53292
2018-02-08, 1, wei_ruo, 11.53, 8.80, -0.11, 8.81, 8.78, 8.85, 8.71, 77962.07, 68347372, 0.32, 1.59, 0.80, 770.77794
2018-02-09, 1, wei_ruo, 11.50, 8.45, -3.98, 8.80, 8.66, 8.73, 8.12, 204738.84, 171788469, 0.85, 6.93, 2.50, 853.12009
2018-02-12, 1, wei_ruo, 11.49, 8.39, -0.71, 8.45, 8.45, 8.45, 8.32, 47747.78, 40125093, 0.20, 1.54, 0.31, 728.73211
2018-02-13, 1, wei_ruo, 11.49, 8.42, 0.36, 8.39, 8.41, 8.49, 8.40, 63021.79, 53252862, 0.26, 1.07, 0.57, 654.55914
2018-02-14, 1, wei_ruo, 11.48, 8.42, 0.00, 8.42, 8.44, 8.45, 8.38, 33580.14, 28275751, 0.14, 0.83, 0.59, 60720.28089
