2015-04-14, 5, qiang_lie, 5.27, 7.19, 0.00, 7.19, 0.00, 0.00, 0.00, 0, 0, 0.00, 0.00, 0.00, 860.89301
2015-04-14, 5, qiang_lie, 5.27, 7.19, 0.00, 7.19, 0.00, 0.00, 0.00, 0, 0, 0.00, 0.00, 0.00, 1026.61204
2015-04-14, 5, qiang_lie, 5.27, 7.19, 0.00, 7.19, 0.00, 0.00, 0.00, 0, 0, 0.00, 0.00, 0.00, 1169.51108
2015-04-14, 5, qiang_lie, 5.27, 7.19, 0.00, 7.19, 0.00, 0.00, 0.00, 0, 0, 0.00, 0.00, 0.00, 1290.26294
2015-10-29, 1, wei_ruo, 4.96, 5.29, 2.92, 5.14, 5.15, 5.47, 5.15, 636826.39, 338393785, 5.83, 6.23, 0.85, 1061.51414
2015-10-30, 1, wei_ruo, 4.97, 5.09, -3.78, 5.29, 5.20, 5.21, 5.01, 467064.11, 238158539, 4.27, 3.78, 0.58, 1051.22685
2015-11-02, 1, wei_ruo, 4.97, 4.81, -5.50, 5.09, 4.94, 5.04, 4.76, 351057.42, 172471962, 3.21, 5.50, 0.42, 1339.16378
2015-11-03, 1, wei_ruo, 4.96, 4.86, 1.04, 4.81, 4.87, 4.96, 4.80, 264337.89, 129015398, 2.42, 3.33, 0.33, 918.91193
2015-11-04, 1, wei_ruo, 4.97, 5.09, 4.73, 4.86, 4.86, 5.10, 4.85, 436099.13, 218919488, 3.99, 5.14, 0.82, 1282.87697
2015-11-05, 1, wei_ruo, 4.97, 5.10, 0.20, 5.09, 5.10, 5.23, 5.04, 459003.55, 234911593, 4.20, 3.73, 1.06, 1148.76509
2015-11-06, 1, wei_ruo, 4.98, 5.15, 0.98, 5.10, 5.11, 5.17, 5.07, 480416.3, 246045552, 4.40, 1.96, 1.21, 1182.71589
2015-11-09, 1, wei_ruo, 4.98, 5.14, -0.19, 5.15, 5.09, 5.20, 5.02, 423218.45, 216297189, 3.87, 3.50, 1.06, 16781.87585
2015-11-10, 1, wei_ruo, 4.99, 5.18, 0.78, 5.14, 5.11, 5.25, 5.08, 484867.62, 250557693, 4.44, 3.31, 1.18, 398.77701
2015-11-11, 1, wei_ruo, 4.99, 5.24, 1.16, 5.18, 5.17, 5.33, 5.17, 421224.29, 220883850, 3.86, 3.09, 0.92, 266.14714
2015-11-12, 1, wei_ruo, 5.01, 5.13, -2.10, 5.24, 5.20, 5.23, 5.08, 341217.56, 175381791, 3.12, 2.86, 0.75, 1021.01302
2015-11-13, 1, wei_ruo, 5.03, 5.38, 4.87, 5.13, 5.14, 5.57, 5.08, 828683.97, 443973439, 7.58, 9.55, 1.93, 1109.88593
2015-11-16, 1, wei_ruo, 5.05, 5.51, 2.42, 5.38, 5.26, 5.52, 5.19, 522358.13, 281735335, 4.78, 6.13, 1.05, 2873.43693
2015-11-17, 1, wei_ruo, 5.07, 5.37, -2.54, 5.51, 5.56, 5.57, 5.36, 519770.09, 284292101, 4.76, 3.81, 1.00, 1091.33196
2015-11-18, 1, wei_ruo, 5.09, 5.44, 1.30, 5.37, 5.39, 5.70, 5.36, 513080.44, 283303303, 4.70, 6.33, 0.97, 1264.96387
2015-11-19, 2, qing_du, 5.10, 5.46, 0.37, 5.44, 5.44, 5.48, 5.30, 329852.14, 177831807, 3.02, 3.31, 0.61, 16754.84586
2015-11-20, 3, zhong_du, 5.11, 5.40, -1.10, 5.46, 5.41, 5.46, 5.34, 329058.65, 177307151, 3.01, 2.20, 0.61, 32431.03218
2015-11-23, 3, zhong_du, 5.12, 5.36, -0.74, 5.40, 5.45, 5.50, 5.31, 357560.32, 193771334, 3.27, 3.52, 0.81, 16664.083
2015-11-24, 3, zhong_du, 5.12, 5.29, -1.31, 5.36, 5.36, 5.37, 5.18, 279416.41, 146677246, 2.56, 3.54, 0.68, 1190.01198
2015-11-25, 3, zhong_du, 5.13, 5.33, 0.76, 5.29, 5.27, 5.34, 5.19, 249797.71, 132009509, 2.29, 2.84, 0.69, 1194.05317
2015-11-26, 3, zhong_du, 5.13, 5.27, -1.13, 5.33, 5.32, 5.39, 5.25, 260036.41, 138100314, 2.38, 2.63, 0.84, 900.90322
2015-11-27, 3, zhong_du, 5.12, 4.86, -7.78, 5.27, 5.23, 5.28, 4.75, 367377.46, 185687165, 3.36, 10.06, 1.24, 966.35604
2015-11-30, 2, qing_du, 5.11, 4.70, -3.29, 4.86, 4.80, 4.88, 4.40, 318117.94, 148944960, 2.91, 9.88, 1.05, 923.769
2015-12-01, 2, qing_du, 5.10, 4.74, 0.85, 4.70, 4.68, 4.78, 4.63, 215683.97, 101662313, 1.97, 3.19, 0.73, 1176.99194
2015-12-02, 1, wei_ruo, 5.10, 4.89, 3.16, 4.74, 4.71, 4.95, 4.69, 239563.51, 115810788, 2.19, 5.49, 0.85, 874.43519
2015-12-03, 1, wei_ruo, 5.10, 4.98, 1.84, 4.89, 4.89, 5.00, 4.80, 158495.48, 77596374, 1.45, 4.09, 0.57, 854.64287
2015-12-04, 1, wei_ruo, 5.12, 4.87, -2.21, 4.98, 5.00, 5.03, 4.80, 199488.77, 98086450, 1.83, 4.62, 0.77, 2558.23588
2015-12-07, 1, wei_ruo, 5.11, 4.91, 0.82, 4.87, 4.87, 4.95, 4.85, 135805.4, 66528162, 1.24, 2.05, 0.60, 598.03581
2015-12-08, 1, wei_ruo, 5.11, 4.80, -2.24, 4.91, 4.89, 4.89, 4.70, 149594.35, 71740513, 1.37, 3.87, 0.79, 1599.82896
2015-12-09, 1, wei_ruo, 5.10, 4.91, 2.29, 4.80, 4.77, 4.92, 4.70, 192095.22, 93090058, 1.76, 4.58, 1.09, 587.10313
2015-12-10, 1, wei_ruo, 5.10, 4.76, -3.05, 4.91, 4.90, 4.93, 4.71, 159296.03, 76720997, 1.46, 4.48, 0.95, 817.95406
2015-12-11, 1, wei_ruo, 5.09, 4.66, -2.10, 4.76, 4.78, 4.78, 4.55, 134870.85, 62607166, 1.23, 4.83, 0.81, 1009.98211
2015-12-14, 1, wei_ruo, 5.09, 4.78, 2.58, 4.66, 4.60, 4.82, 4.56, 114710.37, 53855778, 1.05, 5.58, 0.74, 1908.04291
2015-12-15, 1, wei_ruo, 5.09, 4.77, -0.21, 4.78, 4.78, 4.83, 4.74, 72935.38, 34890137, 0.67, 1.88, 0.49, 3404.75082
2015-12-16, 1, wei_ruo, 5.08, 4.79, 0.42, 4.77, 4.79, 4.89, 4.77, 131723.8, 63451705, 1.21, 2.52, 0.98, 898.26298
2015-12-17, 1, wei_ruo, 5.08, 4.90, 2.30, 4.79, 4.81, 4.91, 4.80, 179316.37, 87291386, 1.64, 2.30, 1.46, 865.32688
2015-12-18, 1, wei_ruo, 5.08, 4.86, -0.82, 4.90, 4.90, 4.95, 4.85, 149749.52, 73118854, 1.37, 2.04, 1.18, 813.94315
2015-12-21, 1, wei_ruo, 5.08, 4.94, 1.65, 4.86, 4.88, 4.97, 4.87, 178544.63, 88093449, 1.63, 2.06, 1.38, 2989.08186
2015-12-22, 1, wei_ruo, 5.07, 4.99, 1.01, 4.94, 4.93, 5.00, 4.91, 171081.74, 84719294, 1.57, 1.82, 1.20, 915.62796
2015-12-23, 1, wei_ruo, 5.07, 4.95, -0.80, 4.99, 5.00, 5.16, 4.93, 295430.43, 149148559, 2.70, 4.61, 1.82, 2819.26799
2015-12-24, 2, qing_du, 5.07, 5.09, 2.83, 4.95, 4.95, 5.15, 4.95, 312376.56, 158744908, 2.86, 4.04, 1.60, 690.70005
2015-12-25, 2, qing_du, 5.07, 5.10, 0.20, 5.09, 5.09, 5.13, 5.02, 196645.56, 99642297, 1.80, 2.16, 0.89, 810.06289
2015-12-28, 2, qing_du, 5.07, 4.92, -3.53, 5.10, 5.12, 5.16, 4.91, 231781.94, 117106094, 2.12, 4.90, 1.00, 937.13188
2015-12-29, 2, qing_du, 5.07, 4.97, 1.02, 4.92, 4.86, 4.99, 4.82, 209180.55, 102599834, 1.91, 3.46, 0.87, 993.42799
2015-12-30, 2, qing_du, 5.07, 5.09, 2.41, 4.97, 4.96, 5.15, 4.95, 252467.26, 128226660, 2.31, 4.02, 1.05, 2839.8571
2015-12-31, 2, qing_du, 5.07, 5.02, -1.38, 5.09, 5.11, 5.13, 4.95, 179327.96, 90540328, 1.64, 3.54, 0.74, 876.70398
2016-01-04, 2, qing_du, 5.06, 4.57, -8.96, 5.02, 5.00, 5.07, 4.54, 194028.98, 94987047, 1.78, 10.56, 1.24, 2074.25284
2016-01-05, 1, wei_ruo, 5.05, 4.69, 2.63, 4.57, 4.36, 4.76, 4.28, 281782.47, 129072962, 2.58, 10.50, 1.17, 924.33405
2016-01-06, 1, wei_ruo, 5.04, 4.78, 1.92, 4.69, 4.66, 4.79, 4.65, 200156.11, 94373577, 1.83, 2.99, 0.83, 1018.83602
2016-01-07, 1, wei_ruo, 5.04, 4.31, -9.83, 4.78, 4.72, 4.72, 4.30, 69131, 30907214, 0.63, 8.79, 2.29, 761.5521
2016-01-08, 1, wei_ruo, 5.04, 4.41, 2.32, 4.31, 4.40, 4.52, 4.20, 221792.64, 97620251, 2.03, 7.42, 0.92, 4890.01203
2016-01-11, 1, wei_ruo, 5.02, 4.06, -7.94, 4.41, 4.32, 4.43, 4.01, 199287.76, 84498190, 1.82, 9.52, 0.83, 1344.56396
2016-01-12, 1, wei_ruo, 5.01, 4.08, 0.49, 4.06, 4.14, 4.18, 4.01, 160743.56, 65580618, 1.47, 4.19, 0.67, 2936.55992
2016-01-13, 1, wei_ruo, 4.99, 3.92, -3.92, 4.08, 4.10, 4.12, 3.90, 186887.34, 75808703, 1.71, 5.39, 0.77, 1241.33706
2016-01-14, 1, wei_ruo, 4.96, 3.96, 1.02, 3.92, 3.83, 4.00, 3.59, 303435.92, 114285615, 2.78, 10.46, 1.26, 2767.79699
2016-01-15, 1, wei_ruo, 4.94, 3.71, -6.31, 3.96, 3.87, 3.92, 3.63, 186257.15, 70804886, 1.70, 7.32, 0.77, 1322.052
2016-01-18, 1, wei_ruo, 4.92, 3.75, 1.08, 3.71, 3.66, 3.79, 3.63, 123387.75, 45985367, 1.13, 4.31, 0.51, 1044.77811
2016-01-19, 1, wei_ruo, 4.91, 3.90, 4.00, 3.75, 3.75, 3.96, 3.72, 144228.68, 55273533, 1.32, 6.40, 0.60, 844.95401
2016-01-20, 1, wei_ruo, 4.90, 3.84, -1.54, 3.90, 3.89, 3.93, 3.77, 138436.32, 53253111, 1.27, 4.10, 0.57, 846.72093
2016-01-21, 1, wei_ruo, 4.89, 3.71, -3.39, 3.84, 3.76, 3.87, 3.70, 107921.82, 40892385, 0.99, 4.43, 0.45, 4676.19419
2016-01-22, 1, wei_ruo, 4.88, 3.77, 1.62, 3.71, 3.75, 3.79, 3.67, 88205.71, 32983869, 0.81, 3.23, 0.37, 1416.87989
2016-01-26, 1, wei_ruo, 4.85, 3.45, -9.69, 3.82, 3.78, 3.80, 3.44, 165957.55, 60138644, 1.52, 9.42, 0.69, 4642.56096
2016-01-27, 1, wei_ruo, 4.83, 3.38, -2.03, 3.45, 3.46, 3.50, 3.20, 165895.29, 55828197, 1.52, 8.70, 0.69, 1140.71012
2016-01-28, 1, wei_ruo, 4.81, 3.17, -6.21, 3.38, 3.36, 3.40, 3.15, 121322.44, 40196862, 1.11, 7.40, 0.50, 4684.64899
2016-01-29, 1, wei_ruo, 4.79, 3.29, 3.79, 3.17, 3.17, 3.35, 3.17, 138635.29, 45232011, 1.27, 5.68, 0.57, 1093.61911
2016-02-01, 1, wei_ruo, 4.78, 3.25, -1.22, 3.29, 3.30, 3.33, 3.20, 85399.99, 27953207, 0.78, 3.95, 0.35, 2715.88206
2016-02-02, 1, wei_ruo, 4.76, 3.38, 4.00, 3.25, 3.27, 3.38, 3.27, 113193.15, 37791835, 1.04, 3.38, 0.47, 1623.0669
2016-02-03, 1, wei_ruo, 4.75, 3.39, 0.30, 3.38, 3.31, 3.42, 3.30, 93677.67, 31333731, 0.86, 3.55, 0.39, 1229.34413
2016-02-04, 1, wei_ruo, 4.74, 3.48, 2.65, 3.39, 3.41, 3.52, 3.41, 104826.94, 36295084, 0.96, 3.24, 0.43, 974.60294
2016-02-05, 1, wei_ruo, 4.73, 3.41, -2.01, 3.48, 3.48, 3.50, 3.40, 90885.91, 31416626, 0.83, 2.87, 0.38, 2843.93001
2016-02-15, 1, wei_ruo, 4.72, 3.41, 0.00, 3.41, 3.30, 3.43, 3.25, 90954.57, 30431454, 0.83, 5.28, 0.38, 2921.38195
2016-02-16, 1, wei_ruo, 4.70, 3.59, 5.28, 3.41, 3.41, 3.65, 3.41, 149478.58, 53005799, 1.37, 7.04, 0.62, 1378.2959
2016-02-17, 1, wei_ruo, 4.69, 3.64, 1.39, 3.59, 3.57, 3.67, 3.56, 110819.63, 40059032, 1.01, 3.06, 0.46, 1427.92892
2016-02-18, 1, wei_ruo, 4.68, 3.62, -0.55, 3.64, 3.67, 3.72, 3.60, 109802.04, 39977964, 1.00, 3.30, 0.45, 3067.4789
2016-02-19, 1, wei_ruo, 4.67, 3.65, 0.83, 3.62, 3.61, 3.68, 3.59, 71446.01, 26017112, 0.65, 2.49, 0.37, 1126.1909
2016-02-22, 1, wei_ruo, 4.67, 3.74, 2.75, 3.64, 3.68, 3.76, 3.66, 179073.11, 66463833, 1.64, 2.75, 1.62, 1342.11898
2016-02-23, 1, wei_ruo, 4.63, 3.71, -0.80, 3.74, 3.72, 3.75, 3.65, 131925.6, 48782742, 1.21, 2.67, 1.03, 834.29289
2016-02-24, 1, wei_ruo, 4.60, 3.99, 7.55, 3.71, 3.72, 4.08, 3.70, 511933, 204226163, 4.69, 10.24, 4.10, 1699.84889
2016-02-25, 1, wei_ruo, 4.57, 3.60, -9.77, 3.99, 3.90, 3.94, 3.59, 403289.98, 152581594, 3.69, 8.77, 1.97, 756.08397
2016-02-26, 1, wei_ruo, 4.55, 3.63, 0.83, 3.60, 3.60, 3.72, 3.46, 195938.2, 70708070, 1.79, 7.22, 0.74, 1025.05708
2016-02-29, 1, wei_ruo, 4.53, 3.46, -4.68, 3.63, 3.63, 3.63, 3.32, 198751.23, 68107138, 1.82, 8.54, 0.70, 1387.86197
2016-03-01, 1, wei_ruo, 4.51, 3.56, 2.89, 3.46, 3.48, 3.59, 3.39, 142795.89, 49929843, 1.31, 5.78, 0.50, 686.08093
2016-03-02, 1, wei_ruo, 4.50, 3.78, 6.18, 3.56, 3.57, 3.82, 3.56, 224055.73, 83212897, 2.05, 7.30, 0.77, 619.14897
2016-03-03, 1, wei_ruo, 4.49, 3.80, 0.53, 3.78, 3.73, 3.91, 3.73, 209948.3, 80335026, 1.92, 4.76, 0.90, 2667.65594
2016-03-04, 1, wei_ruo, 4.47, 3.84, 1.05, 3.80, 3.81, 4.06, 3.71, 312201.08, 121532681, 2.86, 9.21, 1.61, 899.9691
2016-03-07, 1, wei_ruo, 4.46, 3.92, 2.08, 3.84, 3.82, 3.93, 3.80, 136081.16, 52743914, 1.25, 3.39, 0.63, 2602.56815
2016-03-08, 1, wei_ruo, 4.45, 3.89, -0.77, 3.92, 3.91, 3.91, 3.74, 157241.47, 60050000, 1.44, 4.34, 0.77, 617.15007
2016-03-10, 2, qing_du, 4.44, 3.72, -1.85, 3.79, 3.77, 3.84, 3.71, 113956.05, 43145543, 1.04, 3.43, 0.63, 520.69092
2016-03-14, 2, qing_du, 4.43, 3.84, 2.67, 3.74, 3.74, 3.89, 3.74, 137369.61, 52559142, 1.26, 4.01, 1.18, 4502.62594
2016-03-15, 2, qing_du, 4.42, 3.79, -1.30, 3.84, 3.85, 3.86, 3.78, 87476.8, 33329665, 0.80, 2.08, 0.75, 1060.82511
2016-03-16, 2, qing_du, 4.42, 3.72, -1.85, 3.79, 3.81, 3.84, 3.71, 86638.96, 32676825, 0.79, 3.43, 0.84, 837.70394
2016-03-17, 2, qing_du, 4.41, 3.84, 3.23, 3.72, 3.72, 3.85, 3.72, 133953.04, 51138698, 1.23, 3.49, 1.33, 1023.05889
2016-03-18, 3, zhong_du, 4.40, 3.94, 2.60, 3.84, 3.85, 3.94, 3.82, 193570.83, 75673571, 1.77, 3.13, 1.84, 4535.62593
2016-03-21, 3, zhong_du, 4.39, 4.03, 2.28, 3.94, 3.95, 4.05, 3.95, 180163.14, 72119256, 1.65, 2.54, 1.41, 521.57307
2016-03-22, 3, zhong_du, 4.39, 4.04, 0.25, 4.03, 4.02, 4.11, 3.91, 229159.54, 92293285, 2.10, 4.96, 1.68, 2716.16101
2016-03-23, 4, gao_du, 4.38, 4.22, 4.46, 4.04, 4.05, 4.43, 3.99, 464542.01, 196880314, 4.25, 10.89, 2.82, 2905.123
2016-03-24, 4, gao_du, 4.37, 4.14, -1.90, 4.22, 4.16, 4.34, 4.10, 309694.51, 130114292, 2.83, 5.69, 1.29, 835.23512
2016-03-25, 4, gao_du, 4.37, 4.12, -0.48, 4.14, 4.08, 4.23, 4.08, 182589.42, 75569736, 1.67, 3.62, 0.66, 3049.10088
2016-03-28, 4, gao_du, 4.37, 4.15, 0.73, 4.12, 4.15, 4.26, 4.10, 154853.82, 64908719, 1.42, 3.88, 0.57, 2122.81799
2016-03-29, 3, zhong_du, 4.36, 4.07, -1.93, 4.15, 4.15, 4.15, 4.01, 138658.17, 56516865, 1.27, 3.37, 0.52, 731.848
2016-03-30, 4, gao_du, 4.36, 4.20, 3.19, 4.07, 4.09, 4.20, 4.07, 150010.24, 62098930, 1.37, 3.19, 0.60, 1421.26298
2016-03-31, 4, gao_du, 4.36, 4.18, -0.48, 4.20, 4.20, 4.28, 4.14, 154813.59, 65003432, 1.42, 3.33, 0.83, 989.67719
2016-04-01, 4, gao_du, 4.36, 4.43, 5.98, 4.18, 4.17, 4.48, 4.15, 353401.68, 152006647, 3.23, 7.89, 2.26, 3445.18018
2016-04-05, 5, qiang_lie, 4.37, 4.76, 7.45, 4.43, 4.45, 4.80, 4.33, 486350.74, 220848029, 4.45, 10.61, 2.56, 3515.36608
2016-04-06, 5, qiang_lie, 4.39, 4.69, -1.47, 4.76, 4.61, 4.96, 4.61, 518783.07, 247265623, 4.75, 7.35, 2.02, 873.55709
2016-04-07, 5, qiang_lie, 4.40, 4.67, -0.43, 4.69, 4.61, 4.79, 4.54, 341299.15, 158873965, 3.12, 5.33, 1.03, 2998.33608
2016-04-08, 5, qiang_lie, 4.40, 4.69, 0.43, 4.67, 4.61, 4.70, 4.56, 199591.37, 92524362, 1.83, 3.00, 0.54, 635.13994
2016-04-11, 5, qiang_lie, 4.42, 4.87, 3.84, 4.69, 4.75, 4.99, 4.71, 344976.39, 168678278, 3.16, 5.97, 0.91, 2806.22315
2016-04-12, 5, qiang_lie, 4.43, 4.99, 2.46, 4.87, 4.90, 5.00, 4.84, 333576.75, 164262896, 3.05, 3.29, 0.88, 1499.02701
2016-04-13, 5, qiang_lie, 4.45, 4.92, -1.40, 4.99, 4.96, 5.07, 4.90, 360030.23, 179288291, 3.29, 3.41, 1.04, 813.86709
2016-04-14, 5, qiang_lie, 4.46, 4.93, 0.20, 4.92, 4.94, 4.99, 4.75, 323690.69, 158598796, 2.96, 4.88, 1.02, 2623.03782
2016-04-15, 5, qiang_lie, 4.47, 4.92, -0.20, 4.93, 4.88, 4.94, 4.85, 149867.36, 73416760, 1.37, 1.83, 0.48, 1313.5848
2016-04-18, 5, qiang_lie, 4.47, 4.95, 0.61, 4.92, 4.90, 4.99, 4.81, 159211.36, 77733350, 1.46, 3.66, 0.53, 437.93201
2016-04-19, 5, qiang_lie, 4.48, 4.88, -1.41, 4.95, 4.95, 4.97, 4.86, 109388.34, 53593563, 1.00, 2.22, 0.41, 2097.90087
2016-04-20, 5, qiang_lie, 4.48, 4.49, -7.99, 4.88, 4.91, 4.91, 4.40, 285584.31, 131393462, 2.61, 10.45, 1.30, 2573.81797
2016-04-21, 5, qiang_lie, 4.48, 4.50, 0.22, 4.49, 4.46, 4.65, 4.42, 133963.23, 60953417, 1.23, 5.12, 0.65, 803.46298
2016-04-22, 5, qiang_lie, 4.48, 4.53, 0.67, 4.50, 4.48, 4.57, 4.43, 68842.52, 31091274, 0.63, 3.11, 0.41, 1603.49607
2016-04-25, 5, qiang_lie, 4.48, 4.50, -0.66, 4.53, 4.53, 4.55, 4.43, 70990.56, 31794756, 0.65, 2.65, 0.47, 586.92598
2016-04-26, 4, gao_du, 4.48, 4.55, 1.11, 4.50, 4.49, 4.55, 4.45, 64623.35, 29102419, 0.59, 2.22, 0.48, 6224.66111
2016-04-27, 5, qiang_lie, 4.48, 4.58, 0.66, 4.55, 4.55, 4.64, 4.55, 108836.78, 50124573, 1.00, 1.98, 0.87, 1153.17607
2016-04-28, 5, qiang_lie, 4.49, 5.04, 10.04, 4.58, 4.55, 5.04, 4.45, 279429.8, 134102830, 2.56, 12.88, 3.12, 1202.72994
2016-04-29, 5, qiang_lie, 4.52, 5.09, 0.99, 5.04, 5.05, 5.28, 4.88, 485055.7, 246722733, 4.44, 7.94, 4.09, 2709.23781
2016-05-03, 5, qiang_lie, 4.54, 5.12, 0.59, 5.09, 5.00, 5.15, 4.92, 319254.08, 161889878, 2.92, 4.52, 1.58, 3922.35303
2016-05-04, 5, qiang_lie, 4.54, 5.03, -1.76, 5.12, 5.11, 5.11, 5.02, 187959.34, 95157589, 1.72, 1.76, 0.75, 477.036
2016-05-05, 5, qiang_lie, 4.55, 5.04, 0.20, 5.03, 5.05, 5.07, 5.00, 108392.76, 54488756, 0.99, 1.39, 0.39, 1031.83699
2016-05-06, 5, qiang_lie, 4.56, 4.75, -5.75, 5.04, 5.04, 5.12, 4.75, 239694.58, 117690388, 2.19, 7.34, 0.87, 4487.84494
2016-05-09, 5, qiang_lie, 4.55, 4.32, -9.05, 4.75, 4.68, 4.71, 4.28, 232608.28, 103583369, 2.13, 9.05, 0.87, 4558.05683
2016-05-10, 5, qiang_lie, 4.55, 4.33, 0.23, 4.32, 4.29, 4.41, 4.29, 130387.34, 56934689, 1.19, 2.78, 0.60, 1112.19096
2016-05-11, 3, zhong_du, 4.55, 4.40, 1.62, 4.33, 4.40, 4.49, 4.28, 150025.95, 66144826, 1.37, 4.85, 0.83, 915.25102
2016-05-12, 3, zhong_du, 4.55, 4.46, 1.36, 4.40, 4.35, 4.55, 4.25, 145407.03, 64484748, 1.33, 6.82, 0.84, 1205.50013
2016-05-13, 3, zhong_du, 4.55, 4.46, 0.00, 4.46, 4.45, 4.57, 4.43, 102107.68, 45857652, 0.93, 3.14, 0.57, 1281.14104
2016-05-16, 3, zhong_du, 4.55, 4.51, 1.12, 4.46, 4.40, 4.53, 4.37, 79246.83, 35344890, 0.73, 3.59, 0.52, 14669.23904
2016-05-17, 3, zhong_du, 4.55, 4.69, 3.99, 4.51, 4.52, 4.80, 4.48, 272167.19, 127372139, 2.49, 7.10, 2.24, 715.86895
2016-05-18, 3, zhong_du, 4.55, 4.47, -4.69, 4.69, 4.60, 4.67, 4.40, 146417.52, 66225069, 1.34, 5.76, 0.98, 3195.77789
2016-05-19, 3, zhong_du, 4.55, 4.57, 2.24, 4.47, 4.47, 4.65, 4.47, 134063.34, 61403886, 1.23, 4.03, 0.90, 1077.106
2016-05-20, 3, zhong_du, 4.55, 4.58, 0.22, 4.57, 4.52, 4.61, 4.45, 96645.57, 43897957, 0.88, 3.50, 0.66, 3639.02497
2016-05-23, 3, zhong_du, 4.55, 4.62, 0.87, 4.58, 4.56, 4.64, 4.52, 115596.22, 53053201, 1.06, 2.62, 0.79, 1294.31891
2016-05-24, 3, zhong_du, 4.55, 4.68, 1.30, 4.62, 4.60, 4.74, 4.60, 182777.48, 85466080, 1.67, 3.03, 1.19, 1666.5411
2016-05-25, 3, zhong_du, 4.55, 4.65, -0.64, 4.68, 4.68, 4.72, 4.63, 104149.12, 48661084, 0.95, 1.92, 0.68, 1313.28297
2016-05-26, 2, qing_du, 4.55, 4.62, -0.65, 4.65, 4.63, 4.68, 4.45, 155469.4, 70729356, 1.42, 4.95, 1.02, 565.61303
2016-05-27, 2, qing_du, 4.55, 4.58, -0.87, 4.62, 4.62, 4.64, 4.53, 71355.39, 32817653, 0.65, 2.38, 0.47, 591.90297
2016-05-30, 2, qing_du, 4.55, 4.49, -1.97, 4.58, 4.55, 4.58, 4.48, 73681.68, 33309582, 0.67, 2.18, 0.48, 645.40291
2016-05-31, 2, qing_du, 4.55, 4.68, 4.23, 4.49, 4.49, 4.68, 4.49, 146204.19, 67509492, 1.34, 4.23, 0.96, 1336.39097
2016-06-01, 2, qing_du, 4.56, 4.75, 1.50, 4.68, 4.67, 4.81, 4.62, 165887.7, 78678781, 1.52, 4.06, 1.08, 1029.01793
2016-06-02, 2, qing_du, 4.56, 4.78, 0.63, 4.75, 4.75, 4.83, 4.72, 135525.43, 64902167, 1.24, 2.32, 0.89, 635.68401
2016-06-03, 2, qing_du, 4.56, 4.77, -0.21, 4.78, 4.81, 4.81, 4.72, 110337.25, 52484132, 1.01, 1.88, 0.72, 3098.65212
2016-06-06, 2, qing_du, 4.56, 4.70, -1.47, 4.77, 4.75, 4.80, 4.68, 127981.03, 60248450, 1.17, 2.52, 0.84, 881.21986
2016-06-07, 2, qing_du, 4.57, 4.90, 4.26, 4.70, 4.70, 4.92, 4.70, 251470.36, 121837994, 2.30, 4.68, 1.64, 522.91393
2016-06-08, 3, zhong_du, 4.57, 4.87, -0.61, 4.90, 4.87, 4.93, 4.80, 148656.54, 72484772, 1.36, 2.65, 0.97, 633.27408
2016-06-13, 2, qing_du, 4.57, 4.52, -7.19, 4.87, 4.85, 4.85, 4.51, 202336.9, 95257042, 1.85, 6.98, 1.32, 514.82391
2016-06-14, 2, qing_du, 4.57, 4.63, 2.43, 4.52, 4.49, 4.69, 4.49, 152827.97, 70382359, 1.40, 4.42, 1.00, 1005.67889
2016-06-15, 2, qing_du, 4.58, 4.82, 4.10, 4.63, 4.53, 4.85, 4.53, 210193.66, 99812806, 1.92, 6.91, 1.37, 907.48596
2016-06-16, 2, qing_du, 4.58, 4.86, 0.83, 4.82, 4.82, 4.97, 4.78, 243922.3, 119328568, 2.23, 3.94, 1.59, 823.44007
2016-06-17, 2, qing_du, 4.59, 4.89, 0.62, 4.86, 4.86, 4.96, 4.78, 153702.91, 75054864, 1.41, 3.70, 1.00, 3050.33302
2016-06-20, 3, zhong_du, 4.59, 4.89, 0.00, 4.89, 4.85, 4.95, 4.80, 109903.71, 53633741, 1.01, 3.07, 0.72, 1818.38107
2016-06-21, 3, zhong_du, 4.60, 4.93, 0.82, 4.89, 4.90, 5.08, 4.89, 187990.88, 93320117, 1.72, 3.89, 1.23, 594.02704
2016-06-22, 3, zhong_du, 4.60, 4.93, 0.00, 4.93, 4.90, 5.00, 4.86, 112967.76, 55514440, 1.03, 2.84, 0.74, 1051.71704
2016-06-23, 3, zhong_du, 4.60, 4.85, -1.62, 4.93, 4.92, 4.93, 4.78, 103721.19, 50315009, 0.95, 3.04, 0.68, 2666.36014
2016-06-24, 3, zhong_du, 4.60, 4.73, -2.47, 4.85, 4.85, 4.88, 4.55, 127345.8, 60310128, 1.17, 6.80, 0.83, 615.93604
2016-06-27, 3, zhong_du, 4.61, 4.76, 0.63, 4.73, 4.68, 4.79, 4.67, 91175, 43388240, 0.83, 2.54, 0.60, 2657.16815
2016-06-28, 3, zhong_du, 4.61, 4.86, 2.10, 4.76, 4.75, 4.88, 4.71, 140083.32, 67800747, 1.28, 3.57, 0.92, 2727.88
2016-06-30, 3, zhong_du, 4.62, 4.91, 0.00, 4.91, 4.91, 4.95, 4.86, 101327.01, 49773775, 0.93, 1.83, 0.66, 2983.37984
2016-07-01, 3, zhong_du, 4.62, 4.86, -1.02, 4.91, 4.91, 4.95, 4.84, 58498.44, 28553623, 0.54, 2.24, 0.38, 512.34722
2016-07-04, 4, gao_du, 4.62, 4.94, 1.65, 4.86, 4.86, 4.94, 4.81, 130512.15, 63986658, 1.19, 2.67, 0.85, 2683.71916
2016-07-05, 4, gao_du, 4.62, 4.93, -0.20, 4.94, 4.96, 4.98, 4.90, 89752.44, 44192109, 0.82, 1.62, 0.59, 4578.13287
2016-07-06, 4, gao_du, 4.62, 4.90, -0.61, 4.93, 4.93, 4.93, 4.86, 79765.51, 39055439, 0.73, 1.42, 0.52, 4676.42903
2016-07-07, 4, gao_du, 4.63, 5.00, 2.04, 4.90, 4.88, 5.04, 4.88, 199634.27, 99290430, 1.83, 3.27, 1.30, 684.26895
2016-07-08, 4, gao_du, 4.63, 4.91, -1.80, 5.00, 4.97, 5.07, 4.90, 101804.1, 50629565, 0.93, 3.40, 0.67, 508.52489
2016-07-11, 4, gao_du, 4.64, 4.88, -0.61, 4.91, 4.93, 4.95, 4.86, 98561.76, 48295906, 0.90, 1.83, 0.64, 2785.38299
2016-07-12, 4, gao_du, 4.64, 4.90, 0.41, 4.88, 4.85, 4.92, 4.82, 77457.38, 37832301, 0.71, 2.05, 0.51, 15069.78393
2016-07-13, 4, gao_du, 4.64, 4.82, -1.83, 4.91, 4.91, 4.93, 4.80, 185747.66, 90180486, 1.70, 2.65, 1.21, 1511.85012
2016-07-14, 4, gao_du, 4.64, 4.84, 0.41, 4.82, 4.76, 4.85, 4.76, 73398.17, 35408169, 0.67, 1.87, 0.48, 886.68513
2016-07-15, 3, zhong_du, 4.64, 4.79, -1.03, 4.84, 4.84, 4.85, 4.74, 80471.75, 38550099, 0.74, 2.27, 0.53, 950.83284
2016-07-18, 3, zhong_du, 4.65, 4.83, 0.84, 4.79, 4.76, 4.89, 4.76, 102409.23, 49654097, 0.94, 2.71, 0.68, 604.73704
2016-07-19, 3, zhong_du, 4.65, 4.88, 0.62, 4.85, 4.85, 4.89, 4.83, 62796.57, 30561653, 0.57, 1.24, 0.41, 619.12513
2016-07-20, 3, zhong_du, 4.65, 4.88, 0.00, 4.88, 4.87, 4.90, 4.85, 49883.11, 24314965, 0.46, 1.02, 0.33, 2572.59607
2016-07-21, 3, zhong_du, 4.65, 4.80, -1.64, 4.88, 4.85, 4.89, 4.79, 66871.62, 32406091, 0.61, 2.05, 0.44, 6759.28187
2016-07-22, 3, zhong_du, 4.65, 4.71, -1.88, 4.80, 4.81, 4.83, 4.68, 77935.78, 37020235, 0.71, 3.13, 0.51, 4088.39417
2016-07-25, 3, zhong_du, 4.65, 4.74, 0.64, 4.71, 4.71, 4.77, 4.67, 35386, 16779657, 0.32, 2.12, 0.23, 18236.32693
2016-07-26, 3, zhong_du, 4.65, 4.76, 0.42, 4.74, 4.74, 4.77, 4.71, 47671.01, 22648905, 0.44, 1.27, 0.31, 757.05814
2016-07-27, 3, zhong_du, 4.65, 4.71, -1.05, 4.76, 4.90, 4.95, 4.65, 160483.78, 77341687, 1.47, 6.30, 1.05, 6428.39003
2016-07-28, 2, qing_du, 4.65, 4.70, -0.21, 4.71, 4.61, 4.77, 4.61, 79659.38, 37305349, 0.73, 3.40, 0.52, 16567.67988
2016-07-29, 2, qing_du, 4.65, 4.63, -1.49, 4.70, 4.67, 4.75, 4.60, 75815.62, 35303523, 0.69, 3.19, 0.50, 14389.59503
2016-08-01, 2, qing_du, 4.65, 4.51, -2.59, 4.63, 4.61, 4.62, 4.47, 63953.41, 28887466, 0.59, 3.24, 0.42, 3112.74219
2016-08-02, 1, wei_ruo, 4.65, 4.54, 0.67, 4.51, 4.52, 4.55, 4.50, 25605.01, 11594187, 0.23, 1.11, 0.17, 14567.26694
2016-08-03, 1, wei_ruo, 4.65, 4.57, 0.66, 4.54, 4.54, 4.58, 4.53, 26898.88, 12252628, 0.25, 1.10, 0.26, 4971.74692
2016-08-04, 1, wei_ruo, 4.65, 4.58, 0.22, 4.57, 4.55, 4.59, 4.54, 31380.56, 14327210, 0.29, 1.09, 0.39, 14507.89499
2016-08-05, 1, wei_ruo, 4.65, 4.54, -0.87, 4.58, 4.59, 4.59, 4.50, 29256.18, 13298899, 0.27, 1.97, 0.49, 2549.24107
2016-08-08, 1, wei_ruo, 4.65, 4.56, 0.44, 4.54, 4.51, 4.59, 4.51, 45373.59, 20665344, 0.42, 1.76, 0.99, 2107.33008
2016-08-09, 1, wei_ruo, 4.65, 4.70, 3.07, 4.56, 4.58, 4.71, 4.56, 88282.47, 41220627, 0.81, 3.29, 2.78, 4555.76897
2016-08-10, 1, wei_ruo, 4.65, 4.65, -1.06, 4.70, 4.72, 4.72, 4.65, 36306, 16957812, 0.33, 1.49, 0.82, 7806.41317
2016-08-11, 1, wei_ruo, 4.65, 4.61, -0.86, 4.65, 4.65, 4.67, 4.60, 39974.32, 18509459, 0.37, 1.51, 0.87, 717.90719
2016-08-15, 1, wei_ruo, 4.65, 4.69, 1.08, 4.64, 4.64, 4.69, 4.62, 94635.9, 44138730, 0.87, 1.51, 1.88, 741.64486
2016-08-16, 1, wei_ruo, 4.65, 4.70, 0.21, 4.69, 4.70, 4.72, 4.67, 65899.35, 30937529, 0.60, 1.07, 1.09, 682.81507
2016-08-17, 1, wei_ruo, 4.65, 4.68, -0.43, 4.70, 4.69, 4.71, 4.66, 52266.38, 24448413, 0.48, 1.06, 0.94, 14425.25101
2016-08-18, 1, wei_ruo, 4.65, 4.70, 0.43, 4.68, 4.70, 4.71, 4.67, 67775.13, 31777642, 0.62, 0.85, 1.15, 15666.35799
2016-08-19, 1, wei_ruo, 4.65, 4.72, 0.43, 4.70, 4.70, 4.73, 4.68, 71481.01, 33601077, 0.65, 1.06, 1.11, 535.8181
2016-08-22, 1, wei_ruo, 4.65, 4.67, -1.06, 4.72, 4.72, 4.73, 4.67, 46691.32, 21910248, 0.43, 1.27, 0.66, 694.031
2016-08-23, 1, wei_ruo, 4.65, 4.69, 0.43, 4.67, 4.66, 4.70, 4.65, 40235.88, 18844493, 0.37, 1.07, 0.66, 590.81984
2016-08-24, 1, wei_ruo, 4.65, 4.71, 0.43, 4.69, 4.70, 4.76, 4.68, 74982.38, 35382934, 0.69, 1.71, 1.34, 2739.09307
2016-08-25, 1, wei_ruo, 4.65, 4.73, 0.42, 4.71, 4.70, 4.74, 4.66, 67274.25, 31693128, 0.62, 1.70, 1.11, 775.44594
2016-08-26, 2, qing_du, 4.66, 5.20, 9.94, 4.73, 4.84, 5.20, 4.81, 273133.11, 140204466, 2.50, 8.25, 4.53, 475.914
2016-08-29, 2, qing_du, 4.71, 5.24, 0.77, 5.20, 5.30, 5.58, 5.22, 739168.91, 397002550, 6.76, 6.92, 7.36, 746.99092
2016-08-30, 3, zhong_du, 4.72, 5.10, -2.67, 5.24, 5.17, 5.21, 5.06, 291889.7, 149312619, 2.67, 2.86, 1.22, 2822.13497
2016-08-31, 3, zhong_du, 4.72, 5.08, -0.39, 5.10, 5.12, 5.12, 4.99, 188929.55, 95537898, 1.73, 2.55, 0.65, 2609.231
2016-09-01, 2, qing_du, 4.73, 4.99, -1.77, 5.08, 5.07, 5.13, 4.98, 176061.82, 88851467, 1.61, 2.95, 0.56, 619.524
2016-09-02, 2, qing_du, 4.73, 5.03, -1.37, 5.10, 5.12, 5.12, 5.01, 57336.19, 28921341, 0.52, 2.16, 1.13, 5981.06003
2016-09-05, 2, qing_du, 4.73, 5.18, 5.28, 4.92, 4.95, 5.19, 4.89, 316636.3, 161601694, 2.90, 6.10, 1.01, 753.16906
2016-09-06, 2, qing_du, 4.73, 5.03, -1.37, 5.10, 5.12, 5.12, 5.01, 57336.19, 28921341, 0.52, 2.16, 1.13, 5105.44991
2016-09-07, 2, qing_du, 4.73, 5.17, -0.77, 5.21, 5.22, 5.23, 5.14, 113229.96, 58663892, 1.04, 1.73, 0.36, 893.852
2016-09-08, 2, qing_du, 4.73, 5.03, -1.37, 5.10, 5.12, 5.12, 5.01, 57336.19, 28921341, 0.52, 2.16, 1.13, 4595.00217
2016-09-09, 3, zhong_du, 4.73, 5.03, -1.37, 5.10, 5.12, 5.12, 5.01, 57336.19, 28921341, 0.52, 2.16, 1.13, 4621.75298
2016-09-12, 3, zhong_du, 4.73, 5.13, -4.47, 5.37, 5.20, 5.29, 5.05, 180923.73, 93309137, 1.66, 4.47, 0.58, 678.14398
2016-09-13, 3, zhong_du, 4.73, 5.45, 6.24, 5.13, 5.16, 5.54, 5.09, 293191.31, 156897984, 2.68, 8.77, 0.94, 4500.89121
2016-09-14, 3, zhong_du, 4.73, 5.03, -1.37, 5.10, 5.12, 5.12, 5.01, 57336.19, 28921341, 0.52, 2.16, 1.13, 621.03391
2016-09-19, 4, gao_du, 4.73, 5.71, 1.60, 5.62, 5.63, 5.88, 5.53, 294950.94, 170237715, 2.70, 6.23, 0.95, 1015.98716
2016-09-20, 4, gao_du, 4.73, 5.69, -0.35, 5.71, 5.80, 5.85, 5.61, 184125.84, 105255112, 1.69, 4.20, 0.59, 560.21905
2016-09-21, 4, gao_du, 4.73, 6.00, 5.45, 5.69, 5.66, 6.13, 5.65, 344858.82, 204752033, 3.16, 8.44, 1.11, 592.1731
2016-09-22, 5, qiang_lie, 4.73, 6.00, 0.00, 6.00, 5.96, 6.14, 5.88, 275434.82, 165066905, 2.52, 4.33, 0.88, 494.73691
2016-09-23, 5, qiang_lie, 4.73, 5.90, -1.67, 6.00, 5.95, 6.05, 5.87, 185842.42, 110643104, 1.70, 3.00, 0.60, 2009.00006
2016-09-26, 5, qiang_lie, 4.73, 5.57, -5.59, 5.90, 5.88, 5.92, 5.53, 276630, 156821693, 2.53, 6.61, 0.89, 1047.33419
2016-09-27, 4, gao_du, 4.73, 5.65, 1.44, 5.57, 5.56, 5.68, 5.56, 123331.81, 69311837, 1.13, 2.15, 0.40, 973.34981
2016-09-28, 4, gao_du, 4.73, 5.73, 1.42, 5.65, 5.70, 5.78, 5.57, 149665.1, 84973323, 1.37, 3.72, 0.48, 2629.14801
2016-09-29, 4, gao_du, 4.73, 5.70, -0.52, 5.73, 5.68, 5.82, 5.66, 123710.2, 70886027, 1.13, 2.79, 0.40, 5511.29484
2016-09-30, 4, gao_du, 4.73, 5.92, 3.86, 5.70, 5.70, 6.05, 5.66, 250691.82, 147841177, 2.29, 6.84, 0.80, 16335.58106
2016-10-10, 5, qiang_lie, 4.73, 6.08, 2.70, 5.92, 5.91, 6.18, 5.91, 206083.96, 125514331, 1.89, 4.56, 0.66, 2612.06198
2016-10-11, 5, qiang_lie, 4.73, 6.32, 3.95, 6.08, 6.03, 6.36, 6.03, 267252.37, 167577114, 2.45, 5.43, 0.86, 872.84899
2016-10-12, 5, qiang_lie, 4.73, 6.29, -0.47, 6.32, 6.32, 6.45, 6.20, 259898.14, 164480193, 2.38, 3.96, 0.83, 2484.48515
2016-10-13, 5, qiang_lie, 4.73, 6.27, -0.32, 6.29, 6.27, 6.37, 6.16, 153686.88, 96228067, 1.41, 3.34, 0.49, 5678.33114
2016-10-14, 5, qiang_lie, 5.13, 6.21, -0.96, 6.27, 6.23, 6.32, 6.15, 186039.67, 115776744, 1.70, 2.71, 0.60, 4595.92581
2016-10-17, 5, qiang_lie, 5.15, 6.45, 3.86, 6.21, 6.27, 6.47, 6.20, 115191.4, 73751964, 1.05, 4.35, 0.74, 5262.83717
2016-10-18, 5, qiang_lie, 5.18, 6.45, 3.86, 6.21, 6.27, 6.47, 6.20, 115191.4, 73751964, 1.05, 4.35, 0.74, 520.66612
2016-10-19, 5, qiang_lie, 5.22, , , , , , , , , , , , 1960.325
2016-10-20, 5, qiang_lie, 5.26, 6.58, -2.08, 6.72, 6.68, 6.94, 6.50, 315569.17, 212147793, 2.89, 6.55, 0.90, 4592.11302
2016-10-21, 5, qiang_lie, 5.28, 6.59, 0.15, 6.58, 6.65, 6.65, 6.45, 175969.68, 115088684, 1.61, 3.04, 0.66, 6648.25702
2016-10-24, 5, qiang_lie, 5.30, 6.59, 0.00, 6.59, 6.60, 6.65, 6.46, 139250.82, 91369933, 1.27, 2.88, 0.57, 709.64718
2016-10-25, 5, qiang_lie, 5.31, 6.66, 1.06, 6.59, 6.60, 6.69, 6.54, 90606.07, 59937692, 0.83, 2.28, 0.37, 2788.75804
2016-10-26, 5, qiang_lie, 5.34, 6.94, 4.20, 6.66, 6.66, 6.95, 6.62, 215489.91, 147988211, 1.97, 4.95, 0.89, 506.94585
2016-10-27, 5, qiang_lie, 5.36, 6.82, -1.73, 6.94, 6.94, 7.03, 6.75, 161191.91, 110633142, 1.48, 4.03, 0.66, 2720.63398
2016-10-28, 5, qiang_lie, 5.39, 6.55, -3.96, 6.82, 6.73, 6.84, 6.53, 207633.3, 137992179, 1.90, 4.55, 0.86, 522.26281
2016-10-31, 5, qiang_lie, 5.40, 6.55, 0.00, 6.55, 6.54, 6.68, 6.52, 132539.82, 87230481, 1.21, 2.44, 0.55, 600.47102
2016-11-01, 5, qiang_lie, 5.41, 6.59, 0.61, 6.55, 6.56, 6.64, 6.52, 76711.35, 50486241, 0.70, 1.83, 0.32, 526.93892
2016-11-02, 5, qiang_lie, 5.43, 6.65, 0.76, 6.60, 6.55, 6.65, 6.36, 199997.9, 130161696, 1.83, 4.39, 0.82, 2385.46109
2016-11-03, 5, qiang_lie, 5.46, 6.94, 4.36, 6.65, 6.64, 6.98, 6.58, 251658.54, 171256576, 2.30, 6.02, 1.04, 520.43009
2016-11-04, 5, qiang_lie, 5.49, 6.90, -0.58, 6.94, 6.94, 7.06, 6.78, 155855.11, 107678366, 1.43, 4.03, 0.64, 1120.23687
2016-11-07, 5, qiang_lie, 5.53, 7.27, 5.36, 6.90, 6.84, 7.30, 6.79, 307887.33, 220592248, 2.82, 7.39, 1.27, 1694.81611
2016-11-08, 5, qiang_lie, 5.56, 7.17, -1.38, 7.27, 7.38, 7.38, 7.13, 176010.66, 126894739, 1.61, 3.44, 0.73, 676.01514
2016-11-09, 5, qiang_lie, 5.59, 7.07, -1.39, 7.17, 7.17, 7.23, 6.88, 228894.46, 162175983, 2.09, 4.88, 0.94, 2759.67717
2016-11-10, 5, qiang_lie, 5.61, 7.13, 0.85, 7.07, 7.16, 7.23, 7.09, 121475.26, 86795008, 1.11, 1.98, 0.50, 2743.716
2016-11-11, 5, qiang_lie, 5.63, 7.04, -1.40, 7.14, 7.22, 7.22, 7.02, 166733.58, 118084271, 1.53, 2.80, 0.69, 1195.23787
2016-11-14, 5, qiang_lie, 5.65, 6.99, -0.71, 7.04, 7.01, 7.10, 6.95, 124249.42, 87051407, 1.14, 2.13, 0.51, 471.66896
2016-11-15, 5, qiang_lie, 5.67, 7.17, 2.58, 6.99, 7.00, 7.26, 6.99, 103724.93, 74477266, 0.95, 3.86, 0.86, 589.91289
2016-11-16, 5, qiang_lie, 5.69, 7.17, 2.58, 6.99, 7.00, 7.26, 6.99, 103724.93, 74477266, 0.95, 3.86, 0.86, 654.0792
2016-11-17, 5, qiang_lie, 5.70, 7.17, 2.58, 6.99, 7.00, 7.26, 6.99, 103724.93, 74477266, 0.95, 3.86, 0.86, 1078.56894
2016-11-18, 5, qiang_lie, 5.72, 7.17, 2.58, 6.99, 7.00, 7.26, 6.99, 103724.93, 74477266, 0.95, 3.86, 0.86, 916.1799
2016-11-21, 5, qiang_lie, 5.73, 7.09, 1.43, 6.99, 6.99, 7.22, 6.93, 141768.46, 100944671, 1.30, 4.15, 0.58, 600.04592
2016-11-22, 5, qiang_lie, 5.75, 7.18, 1.27, 7.09, 7.16, 7.22, 7.02, 135836.33, 96853990, 1.24, 2.82, 0.56, 953.59516
2016-11-23, 5, qiang_lie, 5.76, 7.13, -0.70, 7.18, 7.20, 7.21, 7.12, 77630.93, 55569149, 0.71, 1.25, 0.32, 523.01908
2016-11-24, 5, qiang_lie, 5.77, 7.11, -0.28, 7.13, 7.10, 7.17, 7.03, 70368.99, 50013042, 0.64, 1.96, 0.29, 511.20996
2016-11-25, 5, qiang_lie, 5.79, 6.85, -3.66, 7.11, 7.13, 7.13, 6.77, 223122.55, 153906856, 2.04, 5.06, 0.92, 862.257
2016-11-28, 5, qiang_lie, 5.81, 6.68, -2.48, 6.85, 6.85, 6.90, 6.57, 183932.6, 123052197, 1.68, 4.82, 0.76, 1819.50378
2016-11-29, 5, qiang_lie, 5.81, 6.66, -0.30, 6.68, 6.66, 6.78, 6.58, 74891.74, 50226899, 0.69, 2.99, 0.31, 384.2082
2016-11-30, 4, gao_du, 5.82, 6.64, -0.30, 6.66, 6.60, 6.71, 6.51, 56468.9, 37570651, 0.52, 3.00, 0.23, 494.52996
2016-12-01, 4, gao_du, 5.83, 6.78, 2.11, 6.64, 6.64, 6.83, 6.60, 92340.37, 62316693, 0.85, 3.46, 0.38, 649.08695
2016-12-05, 4, gao_du, 5.85, 6.89, 1.17, 6.81, 6.88, 7.08, 6.71, 133613.41, 92829106, 1.22, 5.43, 0.55, 1007.38406
2016-12-06, 4, gao_du, 5.86, 7.12, 3.19, 6.90, 6.99, 7.15, 6.91, 150068.12, 106316692, 1.37, 3.48, 0.62, 619.59505
2016-12-07, 5, qiang_lie, 5.91, 7.58, 6.46, 7.12, 7.12, 7.68, 7.06, 293606, 214425218, 2.69, 8.71, 1.22, 927.68908
2016-12-08, 5, qiang_lie, 5.94, 7.56, -0.26, 7.58, 7.53, 7.80, 7.50, 216560.32, 165526493, 1.98, 3.96, 0.89, 487.03599
2016-12-09, 5, qiang_lie, 5.96, 7.60, 0.53, 7.56, 7.54, 7.75, 7.54, 103180.43, 78712836, 0.94, 2.78, 0.43, 1556.34308
2016-12-12, 5, qiang_lie, 6.00, 7.45, -1.97, 7.60, 7.57, 7.96, 7.35, 298056.56, 231019348, 2.73, 8.03, 1.23, 463.19795
2016-12-13, 5, qiang_lie, 6.03, 7.49, 0.54, 7.45, 7.44, 7.70, 7.33, 178257.92, 133818770, 1.63, 4.97, 0.74, 764.49203
2016-12-14, 5, qiang_lie, 6.13, 8.24, 10.01, 7.49, 7.54, 8.24, 7.54, 556933.81, 447547121, 5.10, 9.35, 2.30, 439.01682
2017-01-10, 4, gao_du, 6.93, 8.04, -2.31, 8.23, 8.16, 8.29, 8.02, 114388.52, 93485146, 1.05, 3.28, 0.47, 626.23191
2017-01-11, 4, gao_du, 6.94, 7.85, -2.36, 8.04, 8.03, 8.20, 7.80, 152363.48, 121110086, 1.39, 4.98, 0.63, 578.4781
2017-01-13, 3, zhong_du, 6.96, 8.23, 0.00, 8.23, 8.16, 8.29, 8.13, 58586.46, 48132848, 0.54, 1.94, 0.48, 552.97089
2017-01-16, 3, zhong_du, 6.97, 6.98, -7.92, 7.58, 7.56, 7.61, 6.82, 366943.93, 256290754, 3.36, 10.42, 1.51, 475.87204
2017-01-17, 2, qing_du, 6.97, 8.23, 0.00, 8.23, 8.16, 8.29, 8.13, 58586.46, 48132848, 0.54, 1.94, 0.48, 612.99086
2017-01-18, 2, qing_du, 6.97, 8.23, 0.00, 8.23, 8.16, 8.29, 8.13, 58586.46, 48132848, 0.54, 1.94, 0.48, 2705.25789
2017-02-07, 2, qing_du, 7.02, 7.74, 0.00, 7.74, 7.68, 7.79, 7.66, 28286.01, 21835647, 0.26, 1.68, 0.26, 2705.35493
2017-02-08, 2, qing_du, 7.02, 7.79, 0.65, 7.74, 7.68, 7.79, 7.66, 59532.28, 46084839, 0.54, 1.68, 0.25, 908.66089
2017-02-09, 2, qing_du, 7.02, 7.72, -0.90, 7.79, 7.77, 7.84, 7.69, 74638.76, 57961026, 0.68, 1.93, 0.31, 532.26209
2017-02-10, 2, qing_du, 7.03, 7.42, -3.89, 7.72, 7.72, 7.72, 7.40, 163796.09, 122974710, 1.50, 4.15, 0.68, 599.509
2017-02-13, 2, qing_du, 7.04, 7.74, 4.31, 7.42, 7.45, 7.82, 7.28, 166350.43, 123660062, 1.52, 7.28, 0.69, 4797.69182
2017-02-14, 1, wei_ruo, 7.05, 7.60, -1.81, 7.74, 7.66, 7.73, 7.54, 92231.57, 70215164, 0.84, 2.45, 0.38, 647.77803
2017-02-15, 1, wei_ruo, 7.05, 7.51, -1.18, 7.60, 7.56, 7.65, 7.49, 56646.15, 42703432, 0.52, 2.11, 0.23, 4787.12296
2017-02-16, 1, wei_ruo, 7.05, 7.51, 0.00, 7.51, 7.48, 7.60, 7.45, 57762.6, 43408367, 0.53, 2.00, 0.24, 3088.36913
2017-02-17, 1, wei_ruo, 7.05, 7.37, -1.86, 7.51, 7.52, 7.54, 7.36, 62066.54, 46147355, 0.57, 2.40, 0.26, 550.78602
2017-02-20, 1, wei_ruo, 7.05, 7.34, -0.41, 7.37, 7.31, 7.39, 7.28, 59895.12, 43926373, 0.55, 1.49, 0.25, 2715.70206
2017-02-21, 1, wei_ruo, 7.06, 7.37, -1.86, 7.51, 7.52, 7.54, 7.36, 62066.54, 46147355, 0.57, 2.40, 0.26, 2859.11608
2017-02-22, 1, wei_ruo, 7.06, 7.37, -1.34, 7.47, 7.47, 7.54, 7.30, 79291.5, 58318702, 0.73, 3.21, 0.33, 4639.06002
2017-02-23, 1, wei_ruo, 7.06, 7.36, -0.14, 7.37, 7.33, 7.37, 7.29, 55922.81, 40987893, 0.51, 1.09, 0.23, 2876.51801
2017-02-24, 1, wei_ruo, 7.07, 7.54, 2.45, 7.36, 7.42, 7.55, 7.38, 37814.26, 28230909, 0.35, 2.31, 0.85, 2590.51895
2017-02-27, 1, wei_ruo, 7.07, 7.54, 2.45, 7.36, 7.42, 7.55, 7.38, 37814.26, 28230909, 0.35, 2.31, 0.85, 1254.14205
2017-02-28, 1, wei_ruo, 7.07, 7.54, 2.45, 7.36, 7.42, 7.55, 7.38, 37814.26, 28230909, 0.35, 2.31, 0.85, 673.58088
2017-03-01, 1, wei_ruo, 7.07, 7.35, -1.08, 7.43, 7.43, 7.43, 7.24, 98401.92, 72045206, 0.90, 2.56, 0.41, 701.79105
2017-03-02, 1, wei_ruo, 7.07, 7.33, -0.27, 7.35, 7.32, 7.40, 7.30, 44811.83, 32928941, 0.41, 1.36, 0.18, 681.62107
2017-03-03, 1, wei_ruo, 7.08, 7.29, -0.55, 7.33, 7.33, 7.39, 7.29, 42322.64, 30977170, 0.39, 1.36, 0.17, 912.57906
2017-03-06, 1, wei_ruo, 7.08, 7.33, 0.55, 7.29, 7.29, 7.37, 7.27, 52398.83, 38423866, 0.48, 1.37, 0.22, 122979.71797
2017-03-07, 1, wei_ruo, 7.08, 7.63, 1.19, 7.54, 7.50, 7.67, 7.46, 74906.66, 56858716, 0.69, 2.79, 0.62, 1218.81104
2017-03-08, 1, wei_ruo, 7.09, 7.62, 1.06, 7.54, 7.50, 7.67, 7.46, 124363, 94415703, 1.14, 2.79, 0.51, 2636.67393
2017-03-09, 2, qing_du, 7.09, 7.60, -0.26, 7.62, 7.63, 7.72, 7.50, 90781.85, 69176337, 0.83, 2.89, 0.37, 694.04387
2017-03-10, 2, qing_du, 7.10, 7.63, 0.39, 7.60, 7.64, 7.73, 7.57, 97493.62, 74657734, 0.89, 2.11, 0.40, 2663.22899
2017-03-13, 3, zhong_du, 7.10, 7.58, -0.66, 7.63, 7.65, 7.66, 7.52, 58734.18, 44588245, 0.54, 1.83, 0.24, 629.24409
2017-03-14, 3, zhong_du, 7.11, 7.69, 1.45, 7.58, 7.60, 7.72, 7.56, 114794.84, 88012137, 1.05, 2.11, 0.47, 598.68097
2017-03-15, 3, zhong_du, 7.11, 7.56, -1.69, 7.69, 7.65, 7.71, 7.55, 74220.03, 56628729, 0.68, 2.08, 0.31, 1461.28106
2017-03-16, 3, zhong_du, 7.11, 7.60, 0.53, 7.56, 7.61, 7.67, 7.56, 63924.69, 48586174, 0.59, 1.46, 0.26, 612.96701
2017-03-17, 3, zhong_du, 7.13, 8.08, 6.32, 7.60, 7.57, 8.36, 7.56, 270753.97, 218994627, 2.48, 10.53, 1.12, 595.17789
2017-08-23, 2, qing_du, 7.15, 7.32, -9.41, 8.08, 7.27, 7.77, 7.27, 700609.45, 512654993, 6.41, 6.19, 2.89, 1055.47309
2017-08-24, 2, qing_du, 7.15, 7.04, -3.83, 7.32, 7.11, 7.31, 6.92, 261344.51, 185634868, 2.39, 5.33, 1.08, 1903.91612
2017-08-25, 1, wei_ruo, 7.14, 6.61, -6.11, 7.04, 6.94, 7.06, 6.48, 339565.88, 227477374, 3.11, 8.24, 1.40, 1458.73499
2017-08-28, 1, wei_ruo, 7.13, 6.65, 0.61, 6.61, 6.55, 6.70, 6.40, 219318.01, 144366422, 2.01, 4.54, 0.90, 1205.38807
2017-08-29, 1, wei_ruo, 7.12, 6.50, -2.26, 6.65, 6.57, 6.62, 6.49, 143472.75, 94060119, 1.31, 1.95, 0.59, 676.90516
2017-08-30, 1, wei_ruo, 7.12, 6.59, 1.38, 6.50, 6.50, 6.68, 6.49, 87659.19, 57927886, 0.80, 2.92, 0.36, 730.93319
2017-08-31, 1, wei_ruo, 7.11, 6.56, -0.46, 6.59, 6.60, 6.62, 6.51, 81570.34, 53564046, 0.75, 1.67, 0.34, 817.99603
2017-09-01, 1, wei_ruo, 7.11, 6.60, 0.15, 6.59, 6.60, 6.62, 6.51, 40534.77, 26662977, 0.37, 1.67, 0.33, 780.69401
2017-09-04, 1, wei_ruo, 7.09, 6.60, 0.15, 6.59, 6.60, 6.62, 6.51, 40534.77, 26662977, 0.37, 1.67, 0.33, 614.94303
2017-09-05, 1, wei_ruo, 7.08, 6.60, 0.15, 6.59, 6.60, 6.62, 6.51, 40534.77, 26662977, 0.37, 1.67, 0.33, 723.76394
2017-09-06, 1, wei_ruo, 7.08, 6.24, -0.79, 6.29, 6.26, 6.28, 6.17, 66084.66, 41124494, 0.60, 1.75, 0.27, 833.42791
2017-09-07, 1, wei_ruo, 7.07, 6.60, 0.15, 6.59, 6.60, 6.62, 6.51, 40534.77, 26662977, 0.37, 1.67, 0.33, 736.696
2017-09-08, 1, wei_ruo, 7.06, 6.60, 0.15, 6.59, 6.60, 6.62, 6.51, 40534.77, 26662977, 0.37, 1.67, 0.33, 625.84782
2017-09-11, 1, wei_ruo, 7.05, 6.60, 0.15, 6.59, 6.60, 6.62, 6.51, 40534.77, 26662977, 0.37, 1.67, 0.33, 632.75218
2017-09-12, 1, wei_ruo, 7.04, 6.33, 3.09, 6.14, 6.16, 6.39, 6.13, 168572.68, 105884993, 1.54, 4.23, 0.70, 943.48907
2017-09-13, 1, wei_ruo, 7.03, 6.30, -0.47, 6.33, 6.28, 6.37, 6.22, 86234.24, 54115625, 0.79, 2.37, 0.36, 825.61398
2017-09-14, 1, wei_ruo, 7.03, 6.29, -0.16, 6.30, 6.30, 6.38, 6.26, 64106.01, 40431786, 0.59, 1.90, 0.26, 678.756
2017-09-15, 1, wei_ruo, 7.02, 6.19, -1.59, 6.29, 6.36, 6.36, 6.17, 59120.2, 36697545, 0.54, 3.02, 0.24, 920.84289
2017-09-18, 1, wei_ruo, 7.01, 6.57, 6.14, 6.19, 6.15, 6.70, 6.12, 217970.24, 142078393, 1.99, 9.37, 0.90, 743.34216
2017-09-19, 1, wei_ruo, 7.01, 6.53, -0.61, 6.57, 6.57, 6.74, 6.42, 163334.85, 107452150, 1.49, 4.87, 0.67, 838.29188
2017-09-20, 1, wei_ruo, 7.00, 6.56, 0.46, 6.53, 6.52, 6.68, 6.46, 116682.55, 76588273, 1.07, 3.37, 0.48, 2702.45504
2017-09-21, 1, wei_ruo, 7.00, 6.54, -0.30, 6.56, 6.50, 6.74, 6.48, 109630.7, 72611083, 1.00, 3.96, 0.45, 718.8611
2017-09-22, 1, wei_ruo, 6.99, 6.58, 0.61, 6.54, 6.52, 6.68, 6.50, 71830.54, 47414658, 0.66, 2.75, 0.30, 674.26705
2017-09-25, 1, wei_ruo, 6.99, 6.31, -4.10, 6.58, 6.59, 6.60, 6.30, 64476.97, 41500018, 0.59, 4.56, 0.27, 660.94899
2017-09-26, 1, wei_ruo, 6.99, 6.29, -0.32, 6.31, 6.20, 6.36, 6.20, 45271.89, 28414081, 0.41, 2.54, 0.19, 610.75306
2017-09-27, 1, wei_ruo, 6.98, 6.43, 2.23, 6.29, 6.29, 6.55, 6.27, 61644.08, 39594434, 0.56, 4.45, 0.25, 773.489
2017-09-28, 1, wei_ruo, 6.98, 6.41, -0.31, 6.43, 6.40, 6.58, 6.36, 64257.59, 41604033, 0.59, 3.42, 0.27, 3679.85797
2017-09-29, 1, wei_ruo, 6.98, 6.55, 2.18, 6.41, 6.44, 6.60, 6.35, 92554.51, 60227763, 0.85, 3.90, 0.38, 756.69503
2017-10-10, 1, wei_ruo, 6.97, 6.87, -1.58, 6.98, 6.96, 7.17, 6.80, 184267.32, 128114001, 1.69, 5.30, 0.76, 546.47303
2017-10-12, 1, wei_ruo, 6.97, 6.79, 0.59, 6.75, 6.71, 6.82, 6.66, 103296.76, 69609796, 0.95, 2.37, 0.43, 806.35118
2017-10-13, 1, wei_ruo, 6.97, 6.84, 0.74, 6.79, 6.80, 6.86, 6.67, 79236.09, 53738132, 0.73, 2.80, 0.33, 627.66504
2017-10-16, 1, wei_ruo, 6.97, 6.82, -0.29, 6.84, 6.80, 6.99, 6.78, 98432.43, 67765699, 0.90, 3.07, 0.41, 1373.74592
2017-10-17, 1, wei_ruo, 6.97, 6.85, 0.44, 6.82, 6.81, 6.94, 6.76, 54181.8, 37230247, 0.50, 2.64, 0.22, 481.39119
2017-10-18, 1, wei_ruo, 6.97, 6.98, 1.90, 6.85, 6.84, 7.05, 6.80, 90671.43, 62894330, 0.83, 3.65, 0.37, 653.78618
2017-10-19, 1, wei_ruo, 6.97, 6.89, -1.29, 6.98, 6.98, 7.05, 6.85, 94121.32, 65433333, 0.86, 2.87, 0.39, 652.107
2017-10-20, 2, qing_du, 6.97, 6.88, -0.15, 6.89, 6.89, 6.96, 6.82, 52706.49, 36217802, 0.48, 2.03, 0.22, 683.02703
2017-10-23, 2, qing_du, 6.96, 6.73, -2.18, 6.88, 6.83, 6.86, 6.65, 83821.02, 56420161, 0.77, 3.05, 0.35, 916.91804
2017-10-24, 2, qing_du, 6.96, 6.69, -0.59, 6.73, 6.76, 6.84, 6.67, 35067, 23590618, 0.32, 2.53, 0.14, 746.23394
2017-10-25, 2, qing_du, 6.96, 6.68, -0.15, 6.69, 6.66, 6.72, 6.63, 32969.01, 22019000, 0.30, 1.35, 0.14, 2620.50319
2017-10-26, 2, qing_du, 6.96, 6.60, -1.20, 6.68, 6.68, 6.77, 6.52, 71878.23, 47462528, 0.66, 3.74, 0.30, 700.02604
2017-10-27, 2, qing_du, 6.96, 6.43, -2.58, 6.60, 6.58, 6.64, 6.40, 66788.88, 43496274, 0.61, 3.64, 0.28, 686.9719
2017-10-30, 1, wei_ruo, 6.95, 6.40, -0.47, 6.43, 6.44, 6.59, 6.37, 100664.45, 65136965, 0.92, 3.42, 0.42, 3322.72816
2017-10-31, 1, wei_ruo, 6.95, 6.30, -1.56, 6.40, 6.40, 6.49, 6.21, 81151.22, 51130552, 0.74, 4.38, 0.33, 682.99103
2017-11-01, 1, wei_ruo, 6.94, 6.19, -1.75, 6.30, 6.28, 6.31, 6.11, 93970.14, 58204484, 0.86, 3.17, 0.39, 2861.39488
2017-11-02, 1, wei_ruo, 6.94, 6.02, -2.75, 6.19, 6.19, 6.21, 6.00, 77771.97, 47312807, 0.71, 3.39, 0.32, 680.3968
2017-11-03, 1, wei_ruo, 6.90, 5.52, -8.31, 6.02, 6.01, 6.02, 5.42, 299342.92, 168624106, 2.74, 9.97, 1.23, 919.13509
2017-11-07, 1, wei_ruo, 6.87, 5.85, 3.72, 5.64, 5.60, 5.96, 5.55, 106863.93, 62014441, 0.98, 7.27, 0.88, 714.10799
2017-11-08, 1, wei_ruo, 6.86, 6.03, 0.00, 6.03, 6.03, 6.03, 6.03, 291, 175473, 0.00, 0.00, 0.29, 900.48695
2017-11-10, 1, wei_ruo, 6.85, 6.04, 0.17, 6.03, 6.15, 6.15, 5.99, 57441.93, 34773402, 0.53, 2.65, 0.38, 852.64397
2017-11-13, 1, wei_ruo, 6.84, 5.82, -3.64, 6.04, 6.05, 6.12, 5.72, 139592, 82946987, 1.28, 6.62, 1.35, 967.72599
2017-11-14, 1, wei_ruo, 6.83, 5.68, -2.41, 5.82, 5.89, 5.96, 5.62, 91478.11, 52497611, 0.84, 5.84, 0.86, 823.32587
2017-11-15, 1, wei_ruo, 6.83, 5.77, 1.58, 5.68, 5.68, 5.82, 5.68, 56152.82, 32363408, 0.51, 2.46, 0.61, 663.41305
2017-11-16, 1, wei_ruo, 6.82, 5.76, -0.17, 5.77, 5.71, 5.83, 5.71, 48422.28, 27941851, 0.44, 2.08, 0.60, 768.77499
2017-11-17, 1, wei_ruo, 6.81, 5.43, -5.73, 5.76, 5.71, 5.80, 5.40, 62421.84, 34977826, 0.57, 6.94, 0.79, 772.53199
2017-11-20, 1, wei_ruo, 6.80, 5.45, 0.37, 5.43, 5.62, 5.62, 5.33, 101175.41, 55165999, 0.93, 5.34, 1.27, 797.35303
2017-11-21, 1, wei_ruo, 6.79, 5.43, -0.37, 5.45, 5.44, 5.52, 5.35, 74850.17, 40444229, 0.69, 3.12, 1.04, 662.30798
2017-11-22, 1, wei_ruo, 6.78, 5.36, -1.29, 5.43, 5.42, 5.50, 5.25, 89497.69, 47987389, 0.82, 4.60, 1.30, 643.29195
2017-11-23, 1, wei_ruo, 6.76, 5.17, -3.54, 5.36, 5.37, 5.37, 5.11, 139365.27, 72807800, 1.28, 4.85, 1.85, 2677.18315
2017-11-24, 1, wei_ruo, 6.74, 5.00, -3.29, 5.17, 5.16, 5.17, 4.86, 138332.79, 68956290, 1.27, 6.00, 1.48, 691.69188
2017-11-27, 1, wei_ruo, 6.73, 4.89, -2.20, 5.00, 4.96, 4.97, 4.83, 73231.99, 35833124, 0.67, 2.80, 0.67, 2652.47512
2017-11-28, 1, wei_ruo, 6.72, 4.91, 0.41, 4.89, 4.88, 4.95, 4.85, 48655.61, 23936655, 0.45, 2.04, 0.47, 736.871
2017-11-29, 1, wei_ruo, 6.71, 5.08, 3.46, 4.91, 4.96, 5.10, 4.93, 69693.05, 35087663, 0.64, 3.46, 0.71, 1285.66408
2017-11-30, 1, wei_ruo, 6.70, 5.03, -0.98, 5.08, 5.12, 5.13, 5.02, 36071.37, 18256537, 0.33, 2.17, 0.38, 2866.77909
2017-12-01, 1, wei_ruo, 6.70, 5.06, 0.60, 5.03, 5.02, 5.09, 5.02, 37655.42, 19007441, 0.34, 1.39, 0.51, 791.52417
2017-12-04, 1, wei_ruo, 6.69, 5.00, -1.19, 5.06, 5.04, 5.08, 4.98, 35280.14, 17687184, 0.32, 1.98, 0.66, 1495.8508
2017-12-05, 1, wei_ruo, 6.68, 4.88, -2.40, 5.00, 5.07, 5.07, 4.80, 51463.11, 25387967, 0.47, 5.40, 1.13, 756.94013
2017-12-06, 1, wei_ruo, 6.67, 4.74, -2.87, 4.88, 4.78, 4.95, 4.65, 53339.11, 25452086, 0.49, 6.15, 1.16, 588.34314
2017-12-07, 1, wei_ruo, 6.66, 4.73, -0.21, 4.74, 4.74, 4.82, 4.68, 52299.55, 24864837, 0.48, 2.95, 1.22, 701.87688
2017-12-08, 1, wei_ruo, 6.66, 4.76, 0.63, 4.73, 4.73, 4.77, 4.71, 31622.51, 15018885, 0.29, 1.27, 0.69, 674.50905
2017-12-11, 1, wei_ruo, 6.63, 5.24, 10.08, 4.76, 4.76, 5.24, 4.76, 156229.17, 80663838, 1.43, 10.08, 3.50, 2829.5939
2017-12-12, 1, wei_ruo, 6.61, 5.22, -0.38, 5.24, 5.42, 5.44, 5.18, 181487.79, 96141133, 1.66, 4.96, 2.63, 761.8022
2017-12-13, 1, wei_ruo, 6.60, 5.21, -0.19, 5.22, 5.27, 5.28, 5.15, 76240.09, 39531310, 0.70, 2.49, 0.80, 2805.48096
2017-12-14, 1, wei_ruo, 6.59, 5.21, 0.00, 5.21, 5.19, 5.25, 5.15, 67292.08, 35033661, 0.62, 1.92, 0.68, 1703.32003
2017-12-15, 1, wei_ruo, 6.59, 5.08, -2.50, 5.21, 5.19, 5.23, 5.07, 60372.73, 30899335, 0.55, 3.07, 0.59, 732.44596
2017-12-18, 1, wei_ruo, 6.58, 5.09, 0.20, 5.08, 5.08, 5.21, 5.06, 41409.37, 21244592, 0.38, 2.95, 0.38, 682.71112
2017-12-19, 1, wei_ruo, 6.58, 5.09, 0.00, 5.09, 5.11, 5.15, 5.03, 35895.01, 18238413, 0.33, 2.36, 0.42, 818.64095
2017-12-20, 1, wei_ruo, 6.57, 5.01, -1.57, 5.09, 5.11, 5.13, 4.97, 42733.91, 21467395, 0.39, 3.14, 0.76, 821.85102
2017-12-21, 1, wei_ruo, 6.56, 5.00, -0.20, 5.01, 4.99, 5.01, 4.80, 53844.45, 26634072, 0.49, 4.19, 1.09, 1098.02485
2017-12-22, 1, wei_ruo, 6.56, 5.01, 0.20, 5.00, 5.00, 5.05, 4.91, 30993.99, 15426743, 0.28, 2.80, 0.66, 2940.14502
2017-12-25, 1, wei_ruo, 6.55, 5.01, 0.00, 5.01, 5.06, 5.06, 4.96, 26264.1, 13173041, 0.24, 2.00, 0.64, 789.77013
2017-12-26, 1, wei_ruo, 6.54, 5.19, 3.59, 5.01, 5.05, 5.20, 4.94, 69357.98, 35352135, 0.63, 5.19, 1.83, 482.87296
2017-12-27, 1, wei_ruo, 6.53, 5.71, 10.02, 5.19, 5.19, 5.71, 5.13, 144879.09, 79010596, 1.33, 11.18, 3.25, 686.023
2017-12-29, 1, wei_ruo, 6.51, 5.79, 0.52, 5.76, 5.73, 6.07, 5.61, 104824.87, 61199911, 0.96, 7.99, 0.76, 634.33599
2018-01-03, 2, qing_du, 6.49, 5.82, 0.52, 5.79, 5.60, 6.00, 5.57, 114661.96, 66510639, 1.05, 7.43, 0.75, 703.0549
2018-01-04, 2, qing_du, 6.49, 5.88, 1.03, 5.82, 5.80, 5.90, 5.68, 78497.52, 45740261, 0.72, 3.78, 0.48, 697.613
2018-01-05, 2, qing_du, 6.48, 6.14, 4.42, 5.88, 5.85, 6.16, 5.80, 107495.46, 64506350, 0.98, 6.12, 0.72, 683.0132
2018-01-08, 3, zhong_du, 6.48, 6.63, 7.98, 6.14, 6.14, 6.75, 6.08, 217172.7, 143888050, 1.99, 10.91, 1.94, 636.49011
2018-01-09, 3, zhong_du, 6.49, 6.61, -0.30, 6.63, 6.54, 6.87, 6.43, 174052.34, 115614236, 1.59, 6.64, 1.40, 669.173
2018-01-10, 3, zhong_du, 6.49, 6.59, -0.30, 6.61, 6.58, 6.73, 6.50, 106874.68, 70663943, 0.98, 3.48, 0.77, 703.95398
2018-01-11, 4, gao_du, 6.49, 6.66, 1.06, 6.59, 6.57, 6.74, 6.51, 69098.25, 45977806, 0.63, 3.49, 0.51, 1034.62601
2018-01-12, 4, gao_du, 6.49, 6.69, 0.45, 6.66, 6.58, 6.83, 6.58, 91836.53, 61715848, 0.84, 3.75, 0.68, 1170.02487
2018-01-15, 4, gao_du, 6.49, 6.44, -3.74, 6.69, 6.66, 6.72, 6.39, 108022.25, 70453916, 0.99, 4.93, 0.82, 313.27605
2018-01-16, 4, gao_du, 6.49, 6.78, 5.28, 6.44, 6.47, 6.79, 6.45, 97849.23, 65478241, 0.90, 5.28, 0.89, 627.12502
2018-01-17, 4, gao_du, 6.49, 6.68, -1.47, 6.78, 6.75, 6.83, 6.60, 80396.3, 53843883, 0.74, 3.39, 0.85, 650.93708
2018-01-18, 4, gao_du, 6.49, 6.51, -2.54, 6.68, 6.67, 6.70, 6.42, 77957.57, 50768244, 0.71, 4.19, 0.87, 487.61606
2018-01-19, 4, gao_du, 6.49, 6.49, -0.31, 6.51, 6.43, 6.72, 6.40, 56467.63, 37102844, 0.52, 4.92, 0.62, 1170.90917
2018-01-22, 4, gao_du, 6.49, 6.49, 0.00, 6.49, 6.57, 6.59, 6.41, 45268.92, 29418430, 0.41, 2.77, 0.54, 768.05019
2018-01-23, 4, gao_du, 6.49, 6.55, 0.92, 6.49, 6.50, 6.64, 6.50, 41366.22, 27176040, 0.38, 2.16, 0.58, 1115.98611
2018-01-24, 5, qiang_lie, 6.49, 6.54, -0.15, 6.55, 6.67, 6.67, 6.48, 28314.1, 18484149, 0.26, 2.90, 0.47, 603.91402
2018-01-25, 5, qiang_lie, 6.49, 6.47, -1.07, 6.54, 6.54, 6.57, 6.47, 29098.13, 18961007, 0.27, 1.53, 0.58, 760.29396
2018-01-26, 5, qiang_lie, 6.49, 6.23, -3.71, 6.47, 6.47, 6.52, 6.18, 69617.49, 43856564, 0.64, 5.26, 1.74, 697.191
2018-01-29, 5, qiang_lie, 6.49, 6.22, -0.16, 6.23, 6.29, 6.30, 6.08, 37979.12, 23507776, 0.35, 3.53, 0.89, 720.81184
2018-01-30, 4, gao_du, 6.49, 6.07, -2.41, 6.22, 6.21, 6.26, 6.07, 31587.02, 19393856, 0.29, 3.05, 0.77, 551.90086
2018-01-31, 4, gao_du, 6.49, 6.08, 0.16, 6.07, 6.13, 6.38, 6.06, 53942.86, 33499496, 0.49, 5.27, 1.37, 799.6099
2018-02-01, 4, gao_du, 6.49, 5.91, -2.80, 6.08, 6.13, 6.15, 5.75, 71233.02, 42037438, 0.65, 6.58, 1.60, 658.25009
2018-02-02, 3, zhong_du, 6.48, 5.68, -3.89, 5.91, 5.90, 5.90, 5.61, 68631.66, 39444190, 0.63, 4.91, 1.30, 710.0842
2018-02-05, 3, zhong_du, 6.48, 5.47, -3.70, 5.68, 5.55, 5.60, 5.40, 50703.02, 27881271, 0.46, 3.52, 0.96, 880.79715
2018-02-06, 3, zhong_du, 6.47, 5.11, -6.58, 5.47, 5.33, 5.54, 5.10, 55386.63, 29445509, 0.51, 8.04, 1.00, 2565.43493
2018-02-07, 2, qing_du, 6.46, 5.13, 0.39, 5.11, 5.22, 5.31, 4.83, 44575.89, 22737093, 0.41, 9.39, 0.74, 874.02892
2018-02-08, 2, qing_du, 6.46, 5.26, 2.53, 5.13, 5.15, 5.35, 5.15, 36197.12, 19097362, 0.33, 3.90, 0.75, 919.26599
2018-02-09, 1, wei_ruo, 6.45, 5.12, -2.66, 5.26, 5.14, 5.35, 4.98, 75019.36, 38485433, 0.69, 7.03, 1.90, 740.92889
2018-02-12, 1, wei_ruo, 6.45, 5.48, 7.03, 5.12, 5.19, 5.63, 5.05, 60670, 32656538, 0.56, 11.33, 1.02, 872.19501
2018-02-13, 2, qing_du, 6.44, 5.49, 0.18, 5.48, 5.52, 5.56, 5.40, 40250.14, 22095957, 0.37, 2.92, 0.61, 679.06094
2018-02-14, 2, qing_du, 6.44, 5.57, 1.46, 5.49, 5.55, 5.65, 5.40, 26292.01, 14574754, 0.24, 4.55, 0.54, 2713.22489
