2015-08-20, 2, qing_du, 19.41, 17.35, -3.40, 17.96, 17.70, 18.37, 17.26, 43426.62, 77051517, 2.31, 6.18, 0.59, 802.91986
2015-08-21, 2, qing_du, 19.34, 15.99, -7.84, 17.35, 16.70, 17.24, 15.90, 40272.02, 66263660, 2.15, 7.72, 0.66, 1118.19005
2015-08-25, 1, wei_ruo, 19.10, 12.95, -10.01, 14.39, 13.09, 14.00, 12.95, 41524.72, 54668347, 2.21, 7.30, 0.85, 1122.07294
2015-08-26, 1, wei_ruo, 18.90, 12.13, -6.33, 12.95, 13.05, 13.59, 11.82, 57749.83, 73861532, 3.08, 13.67, 1.27, 966.02702
2015-10-29, 5, qiang_lie, 17.16, 17.67, -0.06, 17.68, 17.71, 18.08, 17.53, 33589.03, 59704009, 1.79, 3.11, 0.68, 1006.40988
2015-10-30, 5, qiang_lie, 17.17, 17.69, 0.11, 17.67, 17.60, 17.95, 17.37, 24009.79, 42522116, 1.28, 3.28, 0.49, 1140.03301
2015-11-02, 4, gao_du, 17.17, 17.28, -2.32, 17.69, 17.25, 17.88, 16.89, 23202.76, 40445584, 1.24, 5.60, 0.61, 3271.71898
2015-11-03, 4, gao_du, 17.17, 17.37, 0.52, 17.28, 17.48, 17.60, 17.16, 25411.59, 44105748, 1.35, 2.55, 0.77, 1889.89401
2015-11-04, 4, gao_du, 17.19, 18.33, 5.53, 17.37, 17.39, 18.35, 17.39, 36555.67, 65765000, 1.95, 5.53, 1.28, 1025.04683
2015-11-05, 5, qiang_lie, 17.21, 18.04, -1.58, 18.33, 18.26, 18.40, 17.90, 49545.6, 89849874, 2.64, 2.73, 1.74, 1165.92383
2015-11-06, 5, qiang_lie, 17.26, 18.80, 4.21, 18.04, 18.10, 19.00, 18.00, 59620.05, 110595265, 3.18, 5.54, 1.88, 1669.95692
2015-11-09, 5, qiang_lie, 17.31, 19.04, 1.28, 18.80, 18.68, 19.14, 18.31, 57660.54, 108521895, 3.07, 4.41, 1.48, 1273.74101
2015-11-10, 5, qiang_lie, 17.35, 19.27, 1.21, 19.04, 18.80, 19.62, 18.70, 45402.77, 87327444, 2.42, 4.83, 0.99, 403.51105
2015-11-11, 5, qiang_lie, 17.35, 19.29, 0.10, 19.27, 19.46, 19.46, 18.88, 30298.61, 58074224, 1.61, 3.01, 0.61, 268.90588
2015-11-12, 5, qiang_lie, 17.41, 19.34, 0.26, 19.29, 19.29, 19.70, 19.06, 31335.34, 60571073, 1.67, 3.32, 0.65, 965.18397
2015-11-13, 5, qiang_lie, 17.44, 18.83, -2.64, 19.34, 19.25, 19.25, 18.69, 27811.85, 52566913, 1.48, 2.90, 0.62, 1564.30602
2015-11-16, 5, qiang_lie, 17.47, 19.52, 3.66, 18.83, 18.19, 19.56, 18.19, 33994.27, 65084568, 1.81, 7.28, 0.88, 2902.26793
2015-11-17, 5, qiang_lie, 17.55, 20.20, 3.48, 19.52, 19.46, 20.43, 19.46, 61097.2, 121290597, 3.26, 4.97, 1.81, 1100.22092
2015-11-18, 5, qiang_lie, 17.69, 20.68, 2.38, 20.20, 20.32, 21.79, 20.01, 77810.76, 162537189, 4.15, 8.81, 2.11, 1199.75495
2015-11-19, 5, qiang_lie, 17.82, 22.04, 6.58, 20.68, 20.41, 22.20, 20.41, 65976.02, 141164084, 3.52, 8.66, 1.42, 32103.72496
2015-11-20, 5, qiang_lie, 18.02, 23.00, 4.36, 22.04, 22.05, 23.54, 21.60, 75164.36, 170266055, 4.01, 8.80, 1.41, 16681.06413
2015-11-23, 5, qiang_lie, 18.20, 22.30, -3.04, 23.00, 22.85, 23.95, 22.03, 70005.95, 161934611, 3.73, 8.35, 1.11, 32087.21399
2015-11-24, 5, qiang_lie, 18.28, 22.91, 2.74, 22.30, 22.58, 23.06, 22.03, 36424.64, 82072801, 1.94, 4.62, 0.52, 1124.93396
2015-11-25, 5, qiang_lie, 18.37, 22.42, -2.14, 22.91, 22.65, 22.93, 22.17, 37411.21, 84161347, 1.99, 3.32, 0.57, 929.13318
2015-11-26, 5, qiang_lie, 18.44, 22.07, -1.56, 22.42, 22.50, 22.91, 21.91, 33890.43, 75881336, 1.81, 4.46, 0.59, 848.59514
2015-11-27, 5, qiang_lie, 18.53, 19.86, -10.01, 22.07, 21.74, 21.99, 19.86, 79236.32, 164594191, 4.22, 9.65, 1.57, 866.00208
2015-11-30, 5, qiang_lie, 18.56, 20.08, 1.11, 19.86, 19.86, 20.35, 18.98, 50786.99, 100057564, 2.71, 6.90, 0.99, 2917.18698
2015-12-01, 5, qiang_lie, 18.59, 20.07, -0.05, 20.08, 20.07, 20.76, 19.78, 31488.55, 63782886, 1.68, 4.88, 0.66, 1219.05899
2015-12-02, 4, gao_du, 18.60, 19.74, -1.64, 20.07, 20.18, 20.28, 18.10, 25827.91, 50347241, 1.38, 10.86, 0.55, 915.00688
2015-12-03, 4, gao_du, 18.60, 20.13, 1.98, 19.74, 19.73, 20.28, 19.72, 23527.92, 47046104, 1.25, 2.84, 0.53, 812.61206
2015-12-04, 4, gao_du, 18.66, 20.19, 0.30, 20.13, 19.95, 20.85, 19.93, 44275.87, 90306999, 2.36, 4.57, 1.05, 581.57086
2015-12-07, 4, gao_du, 18.74, 21.80, 7.97, 20.19, 20.00, 21.86, 20.00, 53005.2, 112339412, 2.83, 9.21, 1.51, 592.381
2015-12-08, 4, gao_du, 18.79, 20.98, -3.76, 21.80, 21.39, 21.80, 20.72, 41001.81, 86616371, 2.19, 4.95, 1.15, 679.30102
2015-12-09, 5, qiang_lie, 18.81, 20.58, -1.91, 20.98, 20.58, 21.10, 20.23, 21502.33, 44408217, 1.15, 4.15, 0.57, 624.19391
2015-12-10, 5, qiang_lie, 18.83, 20.58, 0.00, 20.58, 20.55, 21.00, 20.33, 24382, 50416377, 1.30, 3.26, 0.67, 811.46288
2015-12-11, 4, gao_du, 18.85, 20.06, -2.53, 20.58, 20.12, 20.60, 19.93, 28139.26, 56748843, 1.50, 3.26, 0.76, 2941.06102
2015-12-14, 4, gao_du, 18.87, 20.17, 0.55, 20.06, 19.80, 20.19, 19.12, 33279.96, 65392207, 1.77, 5.33, 0.99, 2807.0991
2015-12-15, 3, zhong_du, 18.89, 20.27, 0.50, 20.17, 20.07, 20.43, 19.75, 21072.52, 42572136, 1.12, 3.37, 0.71, 998.57092
2015-12-16, 3, zhong_du, 18.92, 20.69, 2.07, 20.27, 20.43, 21.00, 20.26, 32849.14, 67863915, 1.75, 3.65, 1.28, 853.53804
2015-12-17, 3, zhong_du, 18.98, 21.63, 4.54, 20.69, 20.88, 21.70, 20.60, 47523.54, 100334990, 2.53, 5.32, 1.70, 903.60308
2015-12-18, 4, gao_du, 19.06, 21.57, -0.28, 21.63, 21.50, 21.99, 20.90, 64780.14, 139403179, 3.45, 5.04, 1.99, 800.33112
2015-12-21, 4, gao_du, 19.22, 23.73, 10.01, 21.57, 21.40, 23.73, 21.40, 77003.86, 172044277, 4.10, 10.80, 1.93, 1002.25902
2015-12-22, 5, qiang_lie, 19.37, 23.18, -2.32, 23.73, 23.50, 23.59, 22.80, 67657.71, 156691227, 3.61, 3.33, 1.39, 2803.19309
2015-12-23, 5, qiang_lie, 19.46, 22.91, -1.16, 23.18, 23.10, 23.50, 22.61, 49466.56, 114359178, 2.64, 3.84, 0.85, 1088.28497
2015-12-24, 5, qiang_lie, 19.51, 22.84, -0.31, 22.91, 22.62, 23.00, 22.00, 28287.46, 63836422, 1.51, 4.36, 0.46, 1120.99791
2015-12-25, 5, qiang_lie, 19.58, 23.33, 2.15, 22.84, 22.78, 23.48, 22.57, 38574.57, 89515493, 2.06, 3.98, 0.67, 754.91405
2015-12-28, 5, qiang_lie, 19.66, 21.75, -6.77, 23.33, 23.29, 23.43, 21.70, 54910.65, 124055576, 2.93, 7.42, 1.05, 2129.54497
2015-12-29, 5, qiang_lie, 19.70, 22.40, 2.99, 21.75, 21.77, 22.45, 21.65, 30590.89, 67261453, 1.63, 3.68, 0.64, 987.33306
2015-12-30, 5, qiang_lie, 19.77, 23.06, 2.95, 22.40, 22.50, 23.40, 22.17, 37754.08, 86213614, 2.01, 5.49, 0.79, 3001.86086
2015-12-31, 5, qiang_lie, 19.80, 22.54, -2.25, 23.06, 22.93, 23.25, 22.28, 20197.25, 46017147, 1.08, 4.21, 0.42, 950.78516
2016-01-04, 5, qiang_lie, 19.82, 20.29, -9.98, 22.54, 22.55, 22.65, 20.29, 29841.24, 63131247, 1.59, 10.47, 0.97, 1201.94697
2016-01-05, 4, gao_du, 19.81, 19.65, -3.15, 20.29, 19.60, 20.69, 18.50, 51047.35, 101002198, 2.72, 10.79, 1.07, 889.69803
2016-01-06, 3, zhong_du, 19.82, 20.18, 2.70, 19.65, 19.65, 20.44, 19.41, 29372.31, 58749193, 1.57, 5.24, 0.61, 1007.29084
2016-01-07, 2, qing_du, 19.81, 18.16, -10.01, 20.18, 19.91, 19.91, 18.16, 9481, 17667483, 0.51, 8.67, 1.59, 762.42495
2016-01-08, 1, wei_ruo, 19.81, 17.93, -1.27, 18.16, 18.70, 18.97, 16.71, 29762.27, 54155222, 1.59, 12.44, 0.62, 946.877
2016-01-11, 1, wei_ruo, 19.72, 16.30, -9.09, 17.93, 17.46, 17.86, 16.14, 39378.1, 65721372, 2.10, 9.59, 0.82, 1223.63997
2016-01-12, 1, wei_ruo, 19.67, 16.13, -1.04, 16.30, 16.36, 16.67, 15.11, 23480.22, 37962378, 1.25, 9.57, 0.49, 2848.46902
2016-01-13, 1, wei_ruo, 19.63, 14.88, -7.75, 16.13, 16.34, 16.40, 14.85, 19950.76, 31466687, 1.06, 9.61, 0.42, 2902.27413
2016-01-14, 1, wei_ruo, 19.53, 15.23, 2.35, 14.88, 14.26, 15.48, 13.90, 36106.32, 52649523, 1.92, 10.62, 0.76, 1028.29504
2016-01-15, 1, wei_ruo, 19.45, 15.32, 0.59, 15.23, 15.05, 16.07, 15.00, 39126.47, 60656531, 2.09, 7.03, 0.82, 1219.93613
2016-01-18, 1, wei_ruo, 19.38, 16.03, 4.63, 15.32, 15.00, 16.35, 14.85, 36147.16, 57131888, 1.93, 9.79, 0.76, 2911.43608
2016-01-19, 1, wei_ruo, 19.34, 16.77, 4.62, 16.03, 16.03, 16.92, 15.85, 26223.14, 43340565, 1.40, 6.67, 0.55, 861.6569
2016-01-20, 1, wei_ruo, 19.29, 16.94, 1.01, 16.77, 16.60, 17.35, 16.60, 41613.87, 70888551, 2.22, 4.47, 0.87, 816.31589
2016-01-21, 1, wei_ruo, 19.25, 15.91, -6.08, 16.94, 16.50, 17.17, 15.82, 22617.7, 37649148, 1.21, 7.97, 0.47, 2710.37102
2016-01-22, 1, wei_ruo, 19.21, 17.20, 8.11, 15.91, 16.15, 17.24, 15.91, 33548.98, 55545627, 1.79, 8.36, 0.70, 819.53192
2016-01-26, 1, wei_ruo, 19.15, 16.12, -6.93, 17.32, 17.13, 17.23, 16.03, 26483.6, 44299943, 1.41, 6.93, 0.55, 2705.81412
2016-01-27, 1, wei_ruo, 19.09, 16.48, 2.23, 16.12, 16.11, 16.69, 15.11, 31832.28, 51382078, 1.70, 9.80, 0.67, 1014.63294
2016-01-28, 1, wei_ruo, 19.06, 15.80, -4.13, 16.48, 16.13, 16.62, 15.61, 18077.16, 29287063, 0.96, 6.13, 0.38, 2749.69292
2016-01-29, 1, wei_ruo, 19.02, 17.02, 7.72, 15.80, 15.57, 17.29, 15.57, 33012.97, 54840079, 1.76, 10.89, 0.69, 2920.13311
2016-02-01, 1, wei_ruo, 18.99, 17.05, 0.18, 17.02, 16.90, 17.39, 16.65, 25213.7, 43014772, 1.34, 4.35, 0.53, 2795.54796
2016-02-02, 1, wei_ruo, 18.98, 17.97, 5.40, 17.05, 17.06, 18.08, 16.91, 20861.06, 36752968, 1.11, 6.86, 0.44, 1243.41297
2016-02-03, 1, wei_ruo, 18.97, 18.17, 1.11, 17.97, 17.86, 18.29, 17.42, 18640.67, 33326156, 0.99, 4.84, 0.39, 1208.4341
2016-02-04, 1, wei_ruo, 18.96, 18.33, 0.88, 18.17, 18.17, 18.75, 18.04, 20730.88, 38076926, 1.10, 3.91, 0.43, 973.55008
2016-02-05, 1, wei_ruo, 18.95, 17.71, -3.38, 18.33, 18.30, 18.49, 17.55, 18662.98, 33447739, 0.99, 5.13, 0.39, 1105.83997
2016-02-15, 1, wei_ruo, 18.94, 18.16, 2.54, 17.71, 17.30, 18.49, 16.61, 22677.82, 40486235, 1.21, 10.62, 0.47, 945.23191
2016-02-16, 1, wei_ruo, 18.93, 18.51, 1.93, 18.16, 18.16, 18.65, 18.04, 27156.66, 49975236, 1.45, 3.36, 0.57, 2769.25087
2016-02-17, 1, wei_ruo, 18.93, 18.73, 1.19, 18.51, 18.35, 19.00, 18.22, 21042.11, 39307679, 1.12, 4.21, 0.44, 1060.40215
2016-02-18, 1, wei_ruo, 18.92, 18.20, -2.83, 18.73, 18.79, 19.06, 18.03, 33494.06, 62279521, 1.79, 5.50, 0.70, 895.93196
2016-02-19, 1, wei_ruo, 18.91, 18.14, -0.33, 18.20, 18.25, 18.36, 17.73, 17961.64, 32439815, 0.96, 3.46, 0.47, 2643.78619
2016-02-22, 1, wei_ruo, 18.91, 18.52, 2.95, 17.99, 18.25, 18.54, 18.01, 23718.35, 43598733, 1.26, 2.95, 0.94, 882.53999
2016-02-23, 1, wei_ruo, 18.75, 18.84, 1.73, 18.52, 18.52, 18.96, 17.90, 35978.52, 66556821, 1.92, 5.72, 1.41, 737.44488
2016-02-24, 1, wei_ruo, 18.76, 19.27, 2.28, 18.84, 18.78, 19.50, 18.50, 52226.59, 99346503, 2.78, 5.31, 1.91, 1456.87294
2016-02-25, 1, wei_ruo, 18.75, 18.19, -5.60, 19.27, 19.33, 19.78, 17.50, 60013.55, 112193737, 3.20, 11.83, 1.79, 743.67595
2016-02-26, 1, wei_ruo, 18.74, 18.86, 3.68, 18.19, 18.16, 19.10, 18.02, 54189.4, 101284663, 2.89, 5.94, 1.40, 726.52316
2016-02-29, 2, qing_du, 18.72, 18.19, -3.55, 18.86, 18.80, 18.80, 16.97, 61308.31, 107854676, 3.27, 9.70, 1.36, 923.71511
2016-03-01, 2, qing_du, 18.69, 17.94, -1.37, 18.19, 18.10, 18.50, 16.95, 57517.26, 102604133, 3.07, 8.52, 1.09, 1092.80515
2016-03-02, 2, qing_du, 18.67, 18.61, 3.73, 17.94, 17.80, 18.75, 17.34, 86316.55, 156054180, 4.60, 7.86, 1.51, 577.2469
2016-03-03, 3, zhong_du, 18.70, 19.47, 4.62, 18.61, 18.60, 19.66, 18.30, 106672.92, 202322973, 5.69, 7.31, 1.67, 63703.9032
2016-03-04, 3, zhong_du, 18.70, 18.56, -4.67, 19.47, 19.12, 19.67, 18.40, 57770.64, 109365643, 3.08, 6.52, 0.79, 2935.24599
2016-03-07, 3, zhong_du, 18.71, 18.95, 2.10, 18.56, 18.80, 19.20, 18.61, 38539.99, 72806892, 2.05, 3.18, 0.52, 3119.5941
2016-03-08, 4, gao_du, 18.71, 18.96, 0.05, 18.95, 19.03, 19.22, 17.89, 49530.52, 92129034, 2.64, 7.02, 0.71, 2505.11813
2016-03-10, 4, gao_du, 18.70, 18.39, -1.39, 18.65, 18.59, 19.18, 18.03, 32891.54, 60858283, 1.75, 6.17, 0.58, 1981.62913
2016-03-14, 3, zhong_du, 18.68, 18.46, 3.48, 17.84, 17.97, 18.70, 17.97, 52953.65, 97198380, 2.82, 4.09, 1.37, 939.96286
2016-03-15, 3, zhong_du, 18.67, 18.02, -2.38, 18.46, 18.20, 18.44, 17.92, 17727.51, 32155917, 0.94, 2.82, 0.43, 703.13406
2016-03-16, 3, zhong_du, 18.66, 18.07, 0.28, 18.02, 18.23, 18.89, 18.02, 45120.96, 83483183, 2.40, 4.83, 1.29, 2745.37992
2016-03-17, 3, zhong_du, 18.66, 18.45, 2.10, 18.07, 18.10, 18.59, 17.89, 37931.1, 69441452, 2.02, 3.87, 1.01, 799.34096
2016-03-18, 3, zhong_du, 18.67, 19.45, 5.42, 18.45, 18.51, 19.49, 18.40, 69582.78, 131944168, 3.71, 5.91, 1.80, 2451.87712
2016-03-21, 4, gao_du, 18.70, 19.62, 0.87, 19.45, 19.50, 19.68, 19.28, 55360.18, 107759603, 2.95, 2.06, 1.24, 1044.00611
2016-03-22, 5, qiang_lie, 18.71, 19.28, -1.73, 19.62, 19.55, 19.55, 19.20, 36912.14, 71426799, 1.97, 1.78, 0.82, 801.91302
2016-03-23, 5, qiang_lie, 18.73, 19.26, -0.10, 19.28, 19.21, 19.88, 19.16, 45256.8, 87792328, 2.41, 3.73, 0.92, 650.65598
2016-03-24, 5, qiang_lie, 18.73, 18.98, -1.45, 19.26, 18.95, 19.26, 18.73, 45814.69, 87040381, 2.44, 2.75, 0.93, 2781.95906
2016-03-25, 5, qiang_lie, 18.74, 19.40, 2.21, 18.98, 19.08, 19.45, 19.00, 34072.71, 65654877, 1.82, 2.37, 0.67, 4309.6571
2016-03-28, 5, qiang_lie, 18.76, 19.45, 0.26, 19.40, 19.47, 19.97, 19.35, 38062.29, 74718954, 2.03, 3.20, 0.88, 1410.17103
2016-03-29, 5, qiang_lie, 18.77, 19.61, 0.82, 19.45, 19.45, 19.64, 19.11, 35161.32, 68280211, 1.87, 2.72, 0.88, 686.92207
2016-03-30, 5, qiang_lie, 18.82, 20.49, 4.49, 19.61, 19.78, 20.68, 19.60, 59623.72, 121051110, 3.18, 5.51, 1.50, 1376.441
2016-03-31, 5, qiang_lie, 18.85, 20.36, -0.63, 20.49, 20.49, 20.71, 20.22, 33555.69, 68616398, 1.79, 2.39, 0.79, 3028.09787
2016-04-01, 5, qiang_lie, 18.88, 20.27, -0.44, 20.36, 20.10, 20.42, 19.66, 40034.68, 80364634, 2.13, 3.73, 1.00, 4261.43503
2016-04-05, 5, qiang_lie, 18.94, 21.13, 4.24, 20.27, 20.68, 21.27, 20.36, 55227.83, 115549621, 2.94, 4.49, 1.34, 529.86884
2016-04-06, 5, qiang_lie, 19.02, 21.56, 2.04, 21.13, 20.85, 21.96, 20.85, 63231.98, 136758473, 3.37, 5.25, 1.41, 801.82195
2016-04-07, 5, qiang_lie, 19.07, 20.90, -3.06, 21.56, 21.61, 21.95, 20.89, 39196.34, 83194133, 2.09, 4.92, 0.78, 1464.37907
2016-04-08, 5, qiang_lie, 19.12, 21.35, 2.15, 20.90, 20.50, 21.64, 20.37, 43883.87, 92322236, 2.34, 6.08, 0.95, 719.93518
2016-04-11, 5, qiang_lie, 19.16, 21.51, 0.75, 21.35, 21.51, 21.60, 21.07, 35350.17, 75571560, 1.88, 2.48, 0.73, 677.32
2016-04-12, 5, qiang_lie, 19.19, 20.85, -3.07, 21.51, 21.45, 21.54, 20.69, 32088.65, 67258274, 1.71, 3.95, 0.68, 1015.9409
2016-04-13, 5, qiang_lie, 19.22, 21.28, 2.06, 20.85, 20.98, 21.40, 20.86, 31170.58, 66046099, 1.66, 2.59, 0.73, 899.55592
2016-04-14, 5, qiang_lie, 19.29, 21.94, 3.10, 21.28, 21.24, 22.10, 21.24, 49273.22, 106853265, 2.63, 4.04, 1.36, 1835.46901
2016-04-15, 5, qiang_lie, 19.36, 22.43, 2.23, 21.94, 21.88, 22.80, 21.85, 39301.12, 87770284, 2.09, 4.33, 1.02, 2536.79514
2016-04-18, 5, qiang_lie, 19.41, 22.22, -0.94, 22.43, 22.09, 22.30, 21.57, 37405.57, 81897765, 1.99, 3.25, 1.00, 4379.53901
2016-04-19, 5, qiang_lie, 19.43, 21.95, -1.22, 22.22, 22.22, 22.35, 21.78, 18906.8, 41592783, 1.01, 2.57, 0.50, 607.59306
2016-04-20, 5, qiang_lie, 19.47, 19.96, -9.07, 21.95, 21.95, 21.99, 19.86, 48937.49, 101016928, 2.61, 9.70, 1.39, 2810.30703
2016-04-21, 5, qiang_lie, 19.47, 19.27, -3.46, 19.96, 19.92, 20.28, 19.19, 39135.32, 77403114, 2.09, 5.46, 1.01, 1045.39299
2016-04-22, 4, gao_du, 19.47, 19.61, 1.76, 19.27, 19.47, 19.72, 19.21, 31366.68, 60981185, 1.67, 2.65, 0.85, 1685.51302
2016-04-25, 3, zhong_du, 19.47, 19.78, 0.87, 19.61, 19.55, 19.90, 19.10, 22009.61, 43056685, 1.17, 4.08, 0.63, 2468.24813
2016-04-26, 3, zhong_du, 19.48, 20.18, 2.02, 19.78, 19.58, 20.23, 19.51, 21165.53, 42242620, 1.13, 3.64, 0.66, 2475.72899
2016-04-27, 3, zhong_du, 19.50, 20.68, 2.48, 20.18, 20.15, 20.94, 20.15, 36164.75, 74585080, 1.93, 3.91, 1.11, 756.20508
2016-04-28, 4, gao_du, 19.51, 20.49, -0.92, 20.68, 20.45, 20.66, 19.96, 26071.49, 53005622, 1.39, 3.38, 0.87, 2769.00005
2016-04-29, 4, gao_du, 19.53, 20.50, 0.05, 20.49, 20.45, 20.88, 20.21, 35917.34, 73644838, 1.91, 3.27, 1.31, 1154.87909
2016-05-03, 4, gao_du, 19.55, 20.96, 2.24, 20.50, 20.50, 20.98, 20.36, 28658.62, 59266395, 1.53, 3.02, 1.01, 638.71002
2016-05-04, 4, gao_du, 19.57, 21.03, 0.33, 20.96, 20.80, 21.24, 20.72, 29047.75, 61149866, 1.55, 2.48, 0.98, 511.97386
2016-05-05, 4, gao_du, 19.59, 21.05, 0.10, 21.03, 21.08, 21.16, 20.80, 21915.46, 46010541, 1.17, 1.71, 0.70, 2558.02393
2016-05-06, 4, gao_du, 19.60, 19.92, -5.37, 21.05, 21.00, 21.35, 19.70, 41856.08, 85981267, 2.23, 7.84, 1.48, 2611.2721
2016-05-09, 3, zhong_du, 19.58, 17.93, -9.99, 19.92, 18.95, 19.80, 17.93, 48740.97, 90511671, 2.60, 9.39, 1.55, 520.787
2016-05-10, 3, zhong_du, 19.55, 17.80, -0.73, 17.93, 17.95, 18.10, 17.45, 27584.8, 49029485, 1.47, 3.63, 0.81, 1601.25899
2016-05-11, 2, qing_du, 19.53, 17.43, -2.08, 17.80, 17.85, 18.00, 17.30, 18861.12, 33322444, 1.01, 3.93, 0.56, 1242.27285
2016-05-12, 1, wei_ruo, 19.51, 16.94, -2.81, 17.43, 17.20, 17.37, 16.60, 16398, 27812176, 0.87, 4.42, 0.52, 1160.17699
2016-05-13, 1, wei_ruo, 19.49, 17.25, 1.83, 16.94, 17.01, 17.35, 17.01, 13771.05, 23704216, 0.73, 2.01, 0.45, 1274.57404
2016-05-16, 1, wei_ruo, 19.47, 18.45, 6.96, 17.25, 17.39, 18.49, 17.15, 27930.56, 50429610, 1.49, 7.77, 1.11, 14594.10596
2016-05-17, 1, wei_ruo, 19.46, 18.03, -2.28, 18.45, 18.35, 18.60, 17.89, 16465.07, 30002495, 0.88, 3.85, 0.79, 790.63296
2016-05-18, 1, wei_ruo, 19.44, 17.15, -4.88, 18.03, 17.45, 17.88, 16.91, 17428.57, 30069898, 0.93, 5.38, 0.93, 763.98396
2016-05-19, 1, wei_ruo, 19.42, 17.04, -0.64, 17.15, 17.21, 17.79, 17.01, 17279.92, 30055037, 0.92, 4.55, 0.94, 3037.34398
2016-05-20, 1, wei_ruo, 19.40, 17.43, 2.29, 17.04, 17.01, 17.45, 16.32, 14384.25, 24495039, 0.77, 6.63, 0.77, 4272.45116
2016-05-23, 1, wei_ruo, 19.38, 17.54, 0.63, 17.43, 17.50, 17.66, 17.33, 15092.77, 26342107, 0.80, 1.89, 0.81, 1995.34988
2016-05-24, 1, wei_ruo, 19.37, 17.15, -2.22, 17.54, 17.53, 17.58, 17.04, 13291.94, 22978189, 0.71, 3.08, 0.82, 2581.424
2016-05-25, 1, wei_ruo, 19.35, 17.45, 1.75, 17.15, 17.30, 17.63, 17.11, 17900.13, 31142834, 0.95, 3.03, 1.11, 3141.93201
2016-05-26, 1, wei_ruo, 19.34, 17.63, 1.03, 17.45, 17.43, 17.68, 17.05, 14710.22, 25521073, 0.78, 3.61, 0.91, 1353.98197
2016-05-27, 1, wei_ruo, 19.32, 17.67, 0.23, 17.63, 17.65, 17.77, 17.48, 12892.04, 22743172, 0.69, 1.64, 0.80, 2539.55889
2016-05-30, 1, wei_ruo, 19.31, 17.42, -1.41, 17.67, 17.50, 17.70, 17.20, 12804.33, 22366454, 0.68, 2.83, 0.79, 556.91314
2016-05-31, 1, wei_ruo, 19.29, 18.15, 4.19, 17.42, 17.32, 18.18, 17.32, 23444.66, 42107230, 1.25, 4.94, 1.45, 2849.22004
2016-06-01, 1, wei_ruo, 19.28, 18.39, 1.32, 18.15, 18.18, 18.60, 18.03, 29844.75, 55049700, 1.59, 3.14, 1.85, 652.46391
2016-06-02, 1, wei_ruo, 19.28, 18.46, 0.38, 18.39, 18.38, 18.57, 18.20, 18019.95, 33117189, 0.96, 2.01, 1.12, 606.05407
2016-06-03, 1, wei_ruo, 19.23, 18.57, 0.60, 18.46, 18.58, 18.78, 18.35, 26836.38, 49913145, 1.43, 2.33, 1.66, 1052.01483
2016-06-06, 1, wei_ruo, 19.22, 18.70, 0.70, 18.57, 18.65, 18.76, 18.43, 19006.93, 35361968, 1.01, 1.78, 1.18, 739.8808
2016-06-07, 1, wei_ruo, 19.22, 18.50, -1.07, 18.70, 18.85, 18.85, 18.38, 14622.97, 27072123, 0.78, 2.51, 0.91, 2539.88409
2016-06-08, 1, wei_ruo, 19.21, 18.69, 1.03, 18.50, 18.50, 18.79, 18.21, 12452.21, 23128066, 0.66, 3.14, 0.77, 1718.47606
2016-06-13, 1, wei_ruo, 19.20, 17.33, -7.28, 18.69, 18.48, 18.48, 17.29, 18934.98, 34111267, 1.01, 6.37, 1.17, 541.34107
2016-06-14, 1, wei_ruo, 19.18, 17.63, 1.73, 17.33, 17.38, 17.67, 17.38, 20083.75, 35186387, 1.07, 1.67, 1.25, 766.82687
2016-06-15, 1, wei_ruo, 19.17, 18.21, 3.29, 17.63, 17.57, 18.40, 17.40, 18227.78, 32864393, 0.97, 5.67, 1.13, 595.06416
2016-06-16, 1, wei_ruo, 19.16, 18.24, 0.16, 18.21, 18.25, 18.45, 18.20, 18057.18, 33076983, 0.96, 1.37, 1.12, 689.14199
2016-06-17, 1, wei_ruo, 19.14, 18.03, -1.15, 18.24, 18.15, 18.41, 17.55, 29686.79, 53197140, 1.58, 4.71, 1.84, 693.78686
2016-06-20, 1, wei_ruo, 19.13, 18.03, -1.15, 18.24, 18.15, 18.41, 17.55, 29686.79, 53197140, 1.58, 4.71, 1.84, 2581.74896
2016-06-21, 1, wei_ruo, 19.11, 17.50, -0.06, 17.51, 17.61, 17.90, 17.43, 17937.35, 31567164, 0.96, 2.68, 1.11, 587.34298
2016-06-22, 1, wei_ruo, 19.10, 17.84, 1.94, 17.50, 17.51, 17.90, 17.40, 19135.64, 33980358, 1.02, 2.86, 1.19, 787.30917
2016-06-23, 1, wei_ruo, 19.09, 17.82, -0.11, 17.84, 17.83, 17.97, 17.70, 14497.76, 25808385, 0.77, 1.51, 0.90, 2668.00714
2016-06-24, 1, wei_ruo, 19.07, 17.47, -1.96, 17.82, 17.86, 17.98, 17.03, 15997.51, 27911275, 0.85, 5.33, 0.99, 3024.77884
2016-06-27, 1, wei_ruo, 19.06, 17.72, 1.43, 17.47, 17.38, 17.72, 17.17, 17760.39, 31152494, 0.95, 3.15, 1.10, 2622.35308
2016-06-28, 1, wei_ruo, 19.04, 17.90, 1.02, 17.72, 17.55, 17.92, 17.50, 22086.69, 39010845, 1.18, 2.37, 1.37, 670.44902
2016-06-30, 1, wei_ruo, 19.02, 17.89, -0.28, 17.94, 17.95, 17.97, 17.71, 12061.02, 21563811, 0.64, 1.45, 0.75, 940.83405
2016-07-01, 1, wei_ruo, 19.01, 18.07, 1.01, 17.89, 17.80, 18.23, 17.80, 15973.12, 28817466, 0.85, 2.40, 0.99, 484.08413
2016-07-04, 2, qing_du, 19.00, 18.40, 1.83, 18.07, 17.96, 18.54, 17.79, 32894.98, 60197461, 1.75, 4.15, 2.04, 646.42882
2016-07-05, 3, zhong_du, 18.99, 18.46, 0.33, 18.40, 18.30, 18.68, 18.19, 23578.69, 43398365, 1.26, 2.66, 1.46, 4849.70784
2016-07-06, 3, zhong_du, 18.99, 18.50, 0.22, 18.46, 18.43, 18.57, 18.31, 19711.47, 36350663, 1.05, 1.41, 1.22, 18873.51489
2016-07-07, 3, zhong_du, 18.98, 18.92, 2.27, 18.50, 18.45, 19.25, 18.36, 36367.23, 68549436, 1.94, 4.81, 2.25, 642.44008
2016-07-08, 3, zhong_du, 18.98, 18.67, -1.32, 18.92, 18.88, 18.88, 18.50, 14641.71, 27360444, 0.78, 2.01, 0.91, 538.589
2016-07-11, 3, zhong_du, 18.98, 18.56, -0.59, 18.67, 18.66, 18.98, 18.55, 17892.71, 33578357, 0.95, 2.30, 1.11, 1074.50509
2016-07-12, 3, zhong_du, 18.98, 18.69, 0.70, 18.56, 18.48, 18.88, 18.31, 16561.5, 30779165, 0.88, 3.07, 1.03, 14570.70613
2016-07-13, 3, zhong_du, 18.97, 18.70, 0.05, 18.69, 18.59, 18.97, 18.59, 15607.07, 29347931, 0.83, 2.03, 0.97, 18804.79479
2016-07-14, 3, zhong_du, 18.98, 19.40, 3.74, 18.70, 18.70, 19.43, 18.62, 28148.13, 53619581, 1.50, 4.33, 1.75, 4145.17188
2016-07-15, 4, gao_du, 18.98, 19.07, -1.70, 19.40, 19.23, 19.34, 18.93, 17654.71, 33669793, 0.94, 2.11, 1.09, 764.1139
2016-07-18, 4, gao_du, 18.98, 18.71, -1.89, 19.07, 19.07, 19.07, 18.50, 14413.99, 26980370, 0.77, 2.99, 0.89, 683.20799
2016-07-19, 4, gao_du, 18.98, 19.06, 1.87, 18.71, 19.40, 19.40, 18.51, 20978.24, 39834333, 1.12, 4.76, 1.30, 2513.64493
2016-07-20, 4, gao_du, 18.98, 19.04, -0.10, 19.06, 19.01, 19.09, 18.81, 13817.93, 26193601, 0.74, 1.47, 0.86, 543.41292
2016-07-21, 4, gao_du, 18.94, 19.46, 2.42, 19.00, 19.01, 19.50, 18.76, 33628.19, 64750959, 1.79, 3.89, 2.08, 6918.30087
2016-07-22, 5, qiang_lie, 18.95, 19.71, 1.28, 19.46, 19.38, 19.76, 19.20, 33394.58, 65121120, 1.78, 2.88, 2.07, 2725.22521
2016-07-25, 5, qiang_lie, 18.96, 19.42, -1.47, 19.71, 19.65, 19.69, 18.81, 35904.65, 69170958, 1.91, 4.46, 2.23, 4565.74011
2016-07-26, 5, qiang_lie, 18.98, 19.96, 2.78, 19.42, 19.20, 20.13, 19.10, 43388.23, 85368598, 2.31, 5.30, 2.69, 758.42786
2016-07-27, 5, qiang_lie, 19.00, 19.73, -1.15, 19.96, 20.02, 20.06, 18.89, 56576.33, 110817407, 3.02, 5.86, 3.51, 6415.63797
2016-07-28, 5, qiang_lie, 19.00, 19.47, -1.32, 19.73, 19.51, 19.64, 19.08, 39385.92, 76216384, 2.10, 2.84, 2.44, 882.51591
2016-07-29, 5, qiang_lie, 19.00, 19.09, -1.95, 19.47, 19.37, 19.45, 18.60, 26435.04, 50432680, 1.41, 4.37, 1.64, 14540.17401
2016-08-01, 5, qiang_lie, 19.00, 18.64, -2.36, 19.09, 19.12, 19.12, 18.32, 34495.82, 63948394, 1.84, 4.19, 2.14, 1719.7721
2016-08-02, 4, gao_du, 19.00, 18.88, 1.29, 18.64, 18.51, 19.03, 18.51, 20962.99, 39255141, 1.12, 2.79, 1.30, 14300.95601
2016-08-03, 4, gao_du, 19.00, 19.04, 0.85, 18.88, 18.80, 19.15, 18.72, 28366.59, 53876459, 1.51, 2.28, 1.67, 4512.65717
2016-08-04, 4, gao_du, 19.00, 19.05, 0.05, 19.04, 19.04, 19.20, 18.70, 32842.04, 62445738, 1.75, 2.63, 1.71, 14415.39001
2016-08-05, 4, gao_du, 18.99, 18.77, -1.47, 19.05, 19.22, 19.22, 18.76, 34440.46, 65516053, 1.84, 2.41, 1.54, 1352.10109
2016-08-08, 4, gao_du, 18.99, 18.68, -0.48, 18.77, 18.54, 18.72, 18.30, 19792.3, 36601367, 1.05, 2.24, 0.75, 3478.48701
2016-08-09, 4, gao_du, 18.99, 19.12, 2.36, 18.68, 18.85, 19.23, 18.58, 22708.59, 42686086, 1.21, 3.48, 0.83, 2579.10585
2016-08-10, 4, gao_du, 18.99, 19.11, -0.05, 19.12, 19.00, 19.23, 18.95, 29136.4, 55629693, 1.55, 1.46, 1.05, 4392.08698
2016-08-11, 4, gao_du, 18.99, 18.83, -1.47, 19.11, 19.00, 19.04, 18.64, 18877.72, 35470690, 1.01, 2.09, 0.68, 535.23111
2016-08-15, 5, qiang_lie, 19.01, 19.60, 2.35, 19.15, 19.15, 19.85, 19.01, 81371.41, 158506727, 4.34, 4.39, 3.38, 603.10507
2016-08-16, 5, qiang_lie, 19.02, 19.53, -0.76, 19.68, 19.52, 19.65, 19.45, 37260.69, 72830807, 1.99, 1.02, 1.00, 1161.80611
2016-08-17, 5, qiang_lie, 19.04, 19.62, 0.46, 19.53, 19.50, 19.95, 19.28, 53552.07, 105190873, 2.85, 3.43, 1.33, 14344.41805
2016-08-18, 5, qiang_lie, 19.05, 19.48, -0.71, 19.62, 19.65, 19.67, 19.38, 24851.53, 48511093, 1.32, 1.48, 0.55, 14322.23701
2016-08-19, 5, qiang_lie, 19.06, 19.59, 0.56, 19.48, 19.48, 19.71, 19.31, 28008.51, 54708632, 1.49, 2.05, 0.61, 929.96311
2016-08-22, 5, qiang_lie, 19.06, 18.91, -3.47, 19.59, 19.55, 19.55, 18.90, 31746.19, 60826717, 1.69, 3.32, 0.69, 4518.42713
2016-08-23, 4, gao_du, 19.05, 18.77, -0.74, 18.91, 18.89, 19.00, 18.51, 27144.5, 50970396, 1.45, 2.59, 0.77, 586.14016
2016-08-24, 3, zhong_du, 19.05, 18.97, 1.07, 18.77, 18.79, 19.10, 18.76, 16328.33, 30863362, 0.87, 1.81, 0.49, 3107.48196
2016-08-25, 3, zhong_du, 19.05, 18.84, -0.69, 18.97, 18.83, 18.96, 18.53, 17422.02, 32719770, 0.93, 2.27, 0.68, 698.02308
2016-08-26, 2, qing_du, 19.05, 18.91, 0.37, 18.84, 18.94, 19.16, 18.83, 14005.02, 26599656, 0.75, 1.75, 0.58, 455.35278
2016-08-29, 2, qing_du, 19.05, 18.99, 0.42, 18.91, 18.85, 19.10, 18.84, 13144.86, 24949955, 0.70, 1.37, 0.62, 957.36384
2016-08-30, 2, qing_du, 19.05, 19.06, 0.37, 18.99, 18.99, 19.12, 18.95, 11493.64, 21903302, 0.61, 0.90, 0.65, 493.48998
2016-08-31, 3, zhong_du, 19.05, 19.15, 0.47, 19.06, 19.02, 19.25, 18.96, 11414.42, 21844391, 0.61, 1.52, 0.79, 731.78983
2016-09-01, 3, zhong_du, 19.05, 19.22, 0.37, 19.15, 19.30, 19.64, 19.20, 33155.3, 64255524, 1.77, 2.30, 2.46, 709.68509
2016-09-02, 3, zhong_du, 19.05, 19.05, -0.88, 19.22, 19.24, 19.33, 18.90, 16095.01, 30713864, 0.86, 2.24, 1.19, 3184.01194
2016-09-05, 3, zhong_du, 19.05, 19.21, 0.79, 19.06, 19.02, 19.24, 18.96, 2716.17, 5187237, 0.14, 1.47, 1.07, 1195.72306
2016-09-06, 3, zhong_du, 19.05, 19.39, 0.83, 19.23, 19.11, 19.45, 19.01, 20045.17, 38629139, 1.07, 2.29, 1.49, 4668.51497
2016-09-07, 3, zhong_du, 19.05, 19.21, 0.79, 19.06, 19.02, 19.24, 18.96, 2716.17, 5187237, 0.14, 1.47, 1.07, 546.90385
2016-09-08, 3, zhong_du, 19.05, 19.21, 0.79, 19.06, 19.02, 19.24, 18.96, 2716.17, 5187237, 0.14, 1.47, 1.07, 1000.04697
2016-09-09, 3, zhong_du, 19.05, 19.21, 0.79, 19.06, 19.02, 19.24, 18.96, 2716.17, 5187237, 0.14, 1.47, 1.07, 2683.28094
2016-09-12, 3, zhong_du, 19.05, 19.21, 0.79, 19.06, 19.02, 19.24, 18.96, 2716.17, 5187237, 0.14, 1.47, 1.07, 680.2001
2016-09-13, 3, zhong_du, 19.05, 19.21, 0.79, 19.06, 19.02, 19.24, 18.96, 2716.17, 5187237, 0.14, 1.47, 1.07, 955.24812
2016-09-14, 3, zhong_du, 19.05, 19.34, 2.00, 18.96, 18.92, 19.67, 18.84, 35001.69, 67567840, 1.87, 4.38, 2.59, 959.64003
2016-09-19, 2, qing_du, 19.05, 19.39, 0.26, 19.34, 19.26, 19.44, 19.26, 14638.69, 28341444, 0.78, 0.93, 1.08, 765.47098
2016-09-20, 3, zhong_du, 19.05, 19.66, 1.39, 19.39, 19.39, 19.70, 19.22, 23063.55, 44902119, 1.23, 2.48, 1.71, 514.09912
2016-09-21, 3, zhong_du, 19.05, 19.70, 0.20, 19.66, 19.66, 19.80, 19.50, 17580.95, 34527132, 0.94, 1.53, 1.30, 1042.43302
2016-09-22, 4, gao_du, 19.05, 19.58, -0.61, 19.70, 19.68, 19.87, 19.46, 25969.91, 50946949, 1.38, 2.08, 1.92, 561.10501
2016-09-23, 5, qiang_lie, 19.05, 20.29, 3.63, 19.58, 19.59, 20.40, 19.46, 69913.33, 139627889, 3.73, 4.80, 5.18, 1890.14006
2016-09-26, 4, gao_du, 19.05, 19.47, -4.04, 20.29, 20.10, 20.15, 19.40, 48589.01, 96338895, 2.59, 3.70, 3.60, 2977.24509
2016-09-27, 4, gao_du, 19.05, 19.59, 0.62, 19.47, 19.34, 19.64, 19.22, 33560.41, 65300761, 1.79, 2.16, 2.49, 607.60283
2016-09-28, 3, zhong_du, 19.05, 19.42, -0.87, 19.59, 19.54, 19.68, 19.33, 19572.38, 38153609, 1.04, 1.79, 1.45, 654.96302
2016-09-29, 3, zhong_du, 19.05, 19.62, 1.03, 19.42, 19.23, 19.64, 19.23, 18539.51, 36232520, 0.99, 2.11, 1.37, 3857.34296
2016-09-30, 3, zhong_du, 19.05, 19.82, 1.02, 19.62, 19.62, 20.20, 19.52, 37608.18, 74921310, 2.00, 3.47, 2.79, 706.83002
2016-10-10, 3, zhong_du, 19.05, 20.15, 1.66, 19.82, 19.90, 20.29, 19.73, 40612.35, 81276761, 2.16, 2.83, 3.01, 2617.13409
2016-10-11, 4, gao_du, 19.05, 20.32, 0.84, 20.15, 20.15, 20.46, 19.96, 50478.85, 102114801, 2.69, 2.48, 3.74, 786.39197
2016-10-12, 5, qiang_lie, 19.05, 20.75, 2.12, 20.32, 20.20, 21.09, 20.12, 58536.43, 120400969, 3.12, 4.77, 4.34, 849.47085
2016-10-13, 5, qiang_lie, 19.05, 20.67, -0.39, 20.75, 20.64, 20.82, 20.42, 36411.67, 75007278, 1.94, 1.93, 2.70, 3909.00397
2016-10-14, 5, qiang_lie, 19.31, 20.37, -1.45, 20.67, 20.55, 20.67, 20.11, 27147.86, 55288100, 1.45, 2.71, 2.01, 2784.7631
2016-10-17, 4, gao_du, 19.33, 20.40, 0.15, 20.37, 20.32, 20.42, 20.18, 13635.06, 27666072, 0.73, 1.18, 2.05, 2646.99697
2016-10-18, 4, gao_du, 19.34, 20.20, 1.66, 19.87, 19.87, 20.28, 19.70, 27859.62, 55716412, 1.48, 2.92, 2.06, 493.958
2016-10-19, 3, zhong_du, 19.35, , , , , , , , , , , , 3324.09406
2016-10-20, 3, zhong_du, 19.36, 20.00, -0.35, 20.07, 19.96, 20.25, 19.90, 35088.93, 70464662, 1.87, 1.74, 1.88, 571.05899
2016-10-21, 3, zhong_du, 19.37, 19.74, -1.30, 20.00, 20.00, 20.17, 19.48, 41945.39, 82915253, 2.24, 3.45, 1.84, 7150.66195
2016-10-24, 3, zhong_du, 19.38, 19.96, 1.06, 19.75, 19.76, 19.98, 19.66, 27538.09, 54713628, 1.47, 1.62, 0.94, 637.07185
2016-10-25, 3, zhong_du, 19.39, 20.14, 0.90, 19.96, 20.09, 20.15, 19.86, 24621.34, 49306379, 1.31, 1.45, 0.84, 2349.70188
2016-10-26, 3, zhong_du, 19.41, 20.36, 1.09, 20.14, 20.30, 20.47, 20.12, 38272.6, 77844840, 2.04, 1.74, 1.31, 541.60404
2016-10-27, 3, zhong_du, 19.42, 20.16, -0.98, 20.36, 20.40, 20.42, 20.00, 24395.6, 49232889, 1.30, 2.06, 0.83, 668.74194
2016-10-28, 4, gao_du, 19.43, 20.19, 0.10, 20.17, 20.02, 20.21, 19.87, 23991.47, 48063144, 1.28, 1.69, 0.82, 6139.35804
2016-10-31, 3, zhong_du, 19.43, 19.91, -1.39, 20.19, 20.07, 20.18, 19.68, 18980.62, 37736063, 1.01, 2.48, 0.65, 572.18313
2016-11-01, 3, zhong_du, 19.44, 20.12, 1.05, 19.91, 19.80, 20.14, 19.80, 24991.53, 50026137, 1.33, 1.71, 0.86, 519.40608
2016-11-02, 3, zhong_du, 19.45, 19.99, -0.84, 20.16, 20.06, 20.15, 19.91, 16423.7, 32891245, 0.88, 1.19, 0.56, 469.60306
2016-11-03, 3, zhong_du, 19.46, 20.17, 0.85, 20.00, 19.90, 20.19, 19.78, 30113.82, 60250729, 1.61, 2.05, 1.03, 564.79812
2016-11-04, 3, zhong_du, 19.47, 20.22, 0.25, 20.17, 20.15, 20.39, 20.08, 30643.6, 61983854, 1.63, 1.54, 1.05, 459.96714
2016-11-07, 3, zhong_du, 19.48, 20.00, -1.04, 20.21, 20.21, 20.30, 19.98, 19705.68, 39708491, 1.05, 1.58, 0.67, 615.47804
2016-11-08, 3, zhong_du, 19.49, 20.36, 1.80, 20.00, 20.01, 20.43, 20.01, 37436.34, 75850806, 2.00, 2.10, 1.28, 395.96891
2016-11-09, 3, zhong_du, 19.50, 20.06, -1.57, 20.38, 20.41, 20.55, 19.75, 35069.01, 70819921, 1.87, 3.93, 1.20, 1418.58292
2016-11-10, 4, gao_du, 19.55, 20.63, 2.84, 20.06, 20.55, 21.21, 20.39, 74651.65, 154655940, 3.98, 4.09, 2.55, 769.50884
2016-11-11, 4, gao_du, 19.66, 21.35, 3.49, 20.63, 20.50, 21.75, 20.39, 121904.17, 258431632, 6.50, 6.59, 4.16, 2876.20592
2016-11-14, 4, gao_du, 19.70, 21.08, -1.26, 21.35, 21.14, 21.20, 20.86, 58622.81, 123213497, 3.12, 1.59, 2.00, 599.581
2016-11-15, 5, qiang_lie, 19.72, 21.05, -0.14, 21.08, 20.95, 21.17, 20.91, 30876.63, 64867130, 1.65, 1.23, 1.06, 516.06107
2016-11-16, 5, qiang_lie, 19.74, 21.06, 0.05, 21.05, 21.10, 21.19, 20.80, 16637.95, 34940232, 0.89, 1.85, 1.13, 401.12495
2016-11-17, 4, gao_du, 19.76, 20.97, -0.52, 21.08, 20.95, 21.17, 20.93, 18502.12, 38905484, 0.99, 1.14, 1.26, 529.57392
2016-11-18, 4, gao_du, 19.85, 21.06, 0.05, 21.05, 21.10, 21.19, 20.80, 16637.95, 34940232, 0.89, 1.85, 1.13, 619.29893
2016-11-21, 4, gao_du, 19.90, 21.55, -1.69, 21.92, 21.91, 21.91, 21.39, 52820.35, 114080978, 2.82, 2.37, 1.80, 378.31092
2016-11-22, 5, qiang_lie, 19.97, 22.19, 2.97, 21.55, 21.50, 22.21, 21.41, 58966.3, 129376731, 3.14, 3.71, 2.01, 919.58117
2016-11-23, 5, qiang_lie, 20.07, 21.98, -0.95, 22.19, 22.37, 22.88, 21.83, 83130.26, 185783614, 4.43, 4.73, 2.83, 560.29987
2016-11-24, 5, qiang_lie, 20.10, 21.46, -2.37, 21.98, 21.90, 22.00, 21.03, 44208.05, 95750593, 2.36, 4.41, 1.51, 809.88812
2016-11-25, 5, qiang_lie, 20.12, 21.30, -0.75, 21.46, 21.57, 21.65, 20.82, 37294.57, 78775226, 1.99, 3.87, 1.27, 567.88397
2016-11-28, 4, gao_du, 20.14, 21.40, 0.52, 21.29, 21.18, 21.40, 20.98, 25498.35, 53929013, 1.36, 1.97, 0.87, 509.74011
2016-11-29, 3, zhong_du, 20.15, 20.56, -3.84, 21.38, 21.28, 21.41, 20.30, 35683.42, 74690894, 1.90, 5.19, 1.22, 386.88779
2016-11-30, 3, zhong_du, 20.15, 20.61, 0.24, 20.56, 20.50, 20.74, 20.01, 26735.08, 54672218, 1.42, 3.55, 0.91, 427.95205
2016-12-01, 2, qing_du, 20.16, 20.83, 0.87, 20.65, 20.75, 20.91, 20.53, 27004.51, 55985966, 1.44, 1.84, 0.92, 2431.36811
2016-12-05, 2, qing_du, 20.17, 20.28, 0.30, 20.22, 20.02, 20.53, 19.90, 19039.33, 38703197, 1.01, 3.12, 0.65, 737.96296
2016-12-06, 2, qing_du, 20.17, 20.58, 1.48, 20.28, 20.24, 20.69, 20.24, 16486.27, 33976162, 0.88, 2.22, 0.56, 706.07805
2016-12-07, 2, qing_du, 20.18, 20.77, 0.92, 20.58, 20.60, 20.84, 20.48, 18419.72, 38177426, 0.98, 1.75, 0.63, 2552.63495
2016-12-08, 2, qing_du, 20.19, 21.24, 2.26, 20.77, 20.81, 21.45, 20.67, 35698.69, 75150699, 1.90, 3.76, 1.22, 506.64282
2016-12-09, 2, qing_du, 20.21, 21.11, -0.61, 21.24, 21.30, 21.35, 21.00, 21228.43, 44939149, 1.13, 1.65, 0.72, 895.09082
2016-12-12, 2, qing_du, 20.21, 20.07, -4.93, 21.11, 21.05, 21.06, 20.01, 30036.29, 61415448, 1.60, 4.97, 1.02, 476.19009
2016-12-13, 2, qing_du, 20.21, 20.39, 1.59, 20.07, 19.99, 20.68, 19.99, 17347.61, 35177821, 0.92, 3.44, 0.59, 856.83298
2016-12-14, 1, wei_ruo, 20.22, 20.72, 1.62, 20.39, 20.40, 20.86, 20.20, 26534.42, 54467197, 1.41, 3.24, 0.90, 459.5139
2017-02-07, 1, wei_ruo, 20.44, 19.85, -0.40, 19.93, 19.75, 19.98, 19.61, 8530.73, 16855506, 0.45, 1.86, 0.63, 2565.66691
2017-02-08, 1, wei_ruo, 20.43, 19.92, -0.05, 19.93, 19.75, 19.98, 19.61, 16284.61, 32262117, 0.87, 1.86, 0.56, 541.98289
2017-02-09, 1, wei_ruo, 20.43, 19.90, -0.10, 19.92, 19.91, 19.98, 19.76, 14137.92, 28090066, 0.75, 1.10, 0.48, 586.61819
2017-02-10, 1, wei_ruo, 20.42, 19.63, -1.36, 19.90, 19.87, 19.92, 19.55, 20739.37, 40900155, 1.11, 1.86, 0.71, 554.62313
2017-02-13, 1, wei_ruo, 20.41, 19.57, -0.31, 19.63, 19.45, 19.78, 19.40, 18219.65, 35702623, 0.97, 1.94, 0.62, 4518.06498
2017-02-14, 1, wei_ruo, 20.41, 20.02, 2.30, 19.57, 19.60, 20.11, 19.57, 25656.13, 50987665, 1.37, 2.76, 0.87, 715.09385
2017-02-15, 1, wei_ruo, 20.40, 19.68, -1.70, 20.02, 20.09, 20.09, 19.61, 17421, 34587972, 0.93, 2.40, 0.59, 2503.40319
2017-02-16, 1, wei_ruo, 20.40, 19.86, 0.91, 19.68, 19.80, 20.00, 19.68, 14469.56, 28742807, 0.77, 1.63, 0.49, 722.37611
2017-02-17, 1, wei_ruo, 20.39, 19.55, -1.56, 19.86, 19.75, 19.92, 19.54, 18454.17, 36364382, 0.98, 1.91, 0.63, 563.0939
2017-02-20, 1, wei_ruo, 20.38, 19.55, -1.56, 19.86, 19.75, 19.92, 19.54, 18454.17, 36364382, 0.98, 1.91, 0.63, 1048.18821
2017-02-21, 1, wei_ruo, 20.37, 19.54, 0.36, 19.47, 19.52, 19.57, 19.37, 17032.16, 33184853, 0.91, 1.03, 0.58, 2673.98787
2017-02-22, 1, wei_ruo, 20.36, 19.46, -0.41, 19.54, 19.59, 19.65, 19.31, 17971.45, 35036766, 0.96, 1.74, 0.61, 4585.1469
2017-02-23, 1, wei_ruo, 20.35, 19.39, -0.36, 19.46, 19.48, 19.52, 19.22, 18246.5, 35312141, 0.97, 1.54, 0.62, 2889.14394
2017-02-24, 1, wei_ruo, 20.34, 19.43, 0.21, 19.39, 19.32, 19.54, 19.31, 15552.09, 30151816, 0.83, 1.19, 0.53, 1513.83185
2017-02-27, 1, wei_ruo, 20.34, 19.37, -0.10, 19.39, 19.32, 19.54, 19.32, 2783, 5403832, 0.15, 1.13, 0.54, 697.81804
2017-02-28, 1, wei_ruo, 20.33, 19.55, -0.46, 19.64, 19.64, 19.68, 19.42, 11370.4, 22212686, 0.61, 1.32, 0.39, 607.86009
2017-03-01, 1, wei_ruo, 20.32, 19.80, 1.28, 19.55, 19.55, 19.88, 19.42, 22752.73, 44801602, 1.21, 2.35, 0.78, 619.46607
2017-03-02, 1, wei_ruo, 20.32, 19.64, -0.81, 19.80, 19.85, 19.86, 19.57, 18256.91, 35985797, 0.97, 1.46, 0.62, 997.14017
2017-03-03, 1, wei_ruo, 20.31, 19.44, -1.02, 19.64, 19.60, 19.67, 19.23, 15379.84, 29845251, 0.82, 2.24, 0.52, 696.3861
2017-03-06, 1, wei_ruo, 20.31, 20.04, 3.09, 19.44, 19.43, 20.88, 19.30, 51451.11, 103250931, 2.74, 8.13, 1.75, 703.28784
2017-03-07, 1, wei_ruo, 20.30, 19.76, 0.15, 19.73, 19.72, 19.94, 19.66, 8185.55, 16193108, 0.44, 1.42, 0.56, 2639.87708
2017-03-08, 1, wei_ruo, 20.29, 19.77, 0.20, 19.73, 19.72, 19.94, 19.66, 17036.57, 33685965, 0.91, 1.42, 0.58, 674.62492
2017-03-09, 1, wei_ruo, 20.29, 19.74, -0.15, 19.77, 19.76, 19.88, 19.68, 15466.02, 30618791, 0.82, 1.01, 0.53, 4678.31016
2017-03-10, 1, wei_ruo, 20.28, 19.76, 0.10, 19.74, 19.74, 19.98, 19.66, 16833.82, 33381239, 0.90, 1.62, 0.57, 639.148
2017-03-13, 1, wei_ruo, 20.28, 19.68, -0.40, 19.76, 19.76, 19.85, 19.40, 13729.11, 26905964, 0.73, 2.28, 0.47, 626.2908
2017-03-14, 1, wei_ruo, 20.28, 19.68, 0.00, 19.68, 19.79, 19.79, 19.54, 10964.58, 21527646, 0.58, 1.27, 0.37, 557.71804
2017-03-15, 1, wei_ruo, 20.27, 19.54, -0.71, 19.68, 19.69, 19.72, 19.40, 15549.02, 30353986, 0.83, 1.63, 0.53, 583.61006
2017-03-16, 1, wei_ruo, 20.26, 19.70, 0.82, 19.54, 19.63, 19.75, 19.46, 17813.2, 35035439, 0.95, 1.48, 0.61, 4549.71194
2017-03-17, 1, wei_ruo, 20.26, 19.67, -0.15, 19.70, 19.72, 19.84, 19.60, 13053.16, 25774344, 0.70, 1.22, 0.45, 626.3721
2017-03-20, 1, wei_ruo, 20.26, 19.92, 1.27, 19.67, 19.67, 20.00, 19.63, 22490.49, 44745826, 1.20, 1.88, 0.77, 601.51815
2017-03-21, 1, wei_ruo, 20.25, 19.85, -0.35, 19.92, 19.92, 20.06, 19.72, 14037.22, 27922156, 0.75, 1.71, 0.48, 609.375
2017-03-22, 1, wei_ruo, 20.25, 19.48, -1.86, 19.85, 19.80, 19.80, 19.38, 16834.06, 32844138, 0.90, 2.12, 0.57, 597.65601
2017-03-23, 1, wei_ruo, 20.24, 19.25, -1.18, 19.48, 19.48, 19.58, 18.79, 19547.47, 37544727, 1.04, 4.06, 0.67, 638.75818
2017-03-24, 1, wei_ruo, 20.23, 19.41, 0.83, 19.25, 19.29, 19.52, 19.29, 12551.18, 24358620, 0.67, 1.19, 0.43, 986.29904
2017-03-27, 1, wei_ruo, 20.22, 19.11, -1.55, 19.41, 19.41, 19.55, 19.07, 14328.98, 27574762, 0.76, 2.47, 0.49, 626.31297
2017-03-28, 1, wei_ruo, 20.21, 19.19, 0.42, 19.11, 19.12, 19.45, 19.07, 14749.34, 28376836, 0.79, 1.99, 0.50, 643.45503
2017-03-29, 1, wei_ruo, 20.21, 18.78, -2.14, 19.19, 19.30, 19.34, 18.75, 13646.46, 25925471, 0.73, 3.07, 0.47, 601.33815
2017-03-30, 1, wei_ruo, 20.16, 17.69, -5.80, 18.78, 18.90, 18.90, 17.55, 37925.75, 68051234, 2.02, 7.19, 1.29, 622.49398
2017-03-31, 1, wei_ruo, 20.14, 17.69, 0.00, 17.69, 17.53, 17.95, 17.53, 16778.51, 29714599, 0.89, 2.37, 0.57, 577.58904
2017-04-05, 1, wei_ruo, 20.11, 18.37, 3.84, 17.69, 18.18, 18.48, 17.85, 26685.79, 48665404, 1.42, 3.56, 0.91, 610.75616
2017-04-06, 1, wei_ruo, 20.09, 18.41, 0.22, 18.37, 18.38, 18.67, 18.21, 24425.24, 45197239, 1.30, 2.50, 0.83, 626.69301
2017-04-07, 1, wei_ruo, 20.08, 18.49, 0.43, 18.41, 18.41, 18.60, 18.35, 13001.04, 24081149, 0.69, 1.36, 0.45, 580.35398
2017-04-10, 1, wei_ruo, 20.05, 18.27, -1.19, 18.49, 18.48, 18.48, 17.91, 26848.64, 48596820, 1.43, 3.08, 0.92, 602.06103
2017-04-11, 1, wei_ruo, 20.03, 18.89, 3.39, 18.27, 18.37, 19.00, 18.09, 31859.98, 58698001, 1.70, 4.98, 1.09, 585.36911
2017-04-12, 1, wei_ruo, 20.01, 18.59, -1.59, 18.89, 18.82, 18.82, 18.31, 19962.2, 37157661, 1.06, 2.70, 0.68, 836.10392
2017-04-13, 1, wei_ruo, 20.00, 18.57, -0.11, 18.59, 18.58, 18.78, 18.40, 15244.96, 28388888, 0.81, 2.04, 0.52, 631.86502
2017-04-14, 1, wei_ruo, 19.98, 17.95, -3.34, 18.57, 18.47, 18.54, 17.81, 20777.37, 37399984, 1.11, 3.93, 0.71, 587.15415
2017-04-17, 1, wei_ruo, 19.96, 18.18, 1.28, 17.95, 17.77, 18.29, 17.32, 22207.88, 39583139, 1.18, 5.40, 0.76, 649.18399
2017-04-18, 1, wei_ruo, 19.93, 17.61, -3.14, 18.18, 18.08, 18.17, 17.60, 25467.49, 45592891, 1.36, 3.14, 0.87, 662.35709
2017-04-19, 1, wei_ruo, 19.87, 16.32, -7.33, 17.61, 17.50, 17.50, 15.91, 33123.65, 54529311, 1.77, 9.03, 1.13, 640.77306
2017-04-20, 1, wei_ruo, 19.76, 16.03, -1.78, 16.32, 16.32, 16.43, 15.03, 49145.28, 76934144, 2.62, 8.58, 1.68, 612.30111
2017-04-21, 1, wei_ruo, 19.72, 15.44, -3.68, 16.03, 15.70, 15.94, 15.35, 19580.83, 30537712, 1.04, 3.68, 0.67, 608.43396
2017-04-24, 1, wei_ruo, 19.67, 15.09, -2.27, 15.44, 15.41, 15.54, 14.50, 20689.37, 31192876, 1.10, 6.74, 0.71, 606.54688
2017-04-25, 1, wei_ruo, 19.63, 14.95, -0.93, 15.09, 14.99, 15.15, 14.92, 13616.09, 20488198, 0.73, 1.52, 0.46, 660.07805
2017-04-26, 1, wei_ruo, 19.61, 14.99, 0.27, 14.95, 14.97, 15.10, 14.95, 9840.58, 14787103, 0.52, 1.00, 0.34, 790.00092
2017-04-27, 1, wei_ruo, 19.57, 15.22, 1.53, 14.99, 14.99, 15.30, 14.68, 15769.18, 23667207, 0.84, 4.14, 0.54, 663.70988
2017-04-28, 1, wei_ruo, 19.54, 15.42, 1.31, 15.22, 15.19, 15.45, 15.06, 12151.6, 18555167, 0.65, 2.56, 0.41, 638.7279
2017-05-02, 1, wei_ruo, 19.51, 15.44, 0.13, 15.42, 15.54, 15.60, 15.30, 15299.46, 23622193, 0.82, 1.95, 0.52, 647.0139
2017-05-03, 1, wei_ruo, 19.48, 15.19, -1.62, 15.44, 15.49, 15.56, 15.10, 12859.71, 19641628, 0.69, 2.98, 0.44, 671.01002
2017-05-04, 1, wei_ruo, 19.45, 15.26, 0.46, 15.19, 15.18, 15.52, 15.08, 13661.47, 20953796, 0.73, 2.90, 0.47, 525.33007
2017-05-05, 1, wei_ruo, 19.41, 15.33, 0.46, 15.26, 15.31, 15.47, 15.05, 17305.03, 26443939, 0.92, 2.75, 0.59, 656.20899
2017-05-11, 1, wei_ruo, 19.13, 15.16, -3.01, 15.63, 15.50, 15.50, 14.90, 25721.99, 38919278, 1.37, 3.84, 0.88, 670.52507
2017-05-12, 1, wei_ruo, 19.10, 15.29, 0.86, 15.16, 15.08, 15.39, 15.08, 15401.81, 23509071, 0.82, 2.04, 0.53, 791.51702
2017-05-15, 1, wei_ruo, 19.07, 15.36, 0.46, 15.29, 15.20, 15.42, 15.20, 12097.35, 18545059, 0.64, 1.44, 0.41, 592.11707
2017-05-17, 1, wei_ruo, 19.01, 15.64, 0.00, 15.64, 15.55, 15.72, 15.52, 15596.97, 24350290, 0.83, 1.28, 0.53, 3904.29497
2017-05-18, 1, wei_ruo, 18.98, 15.19, -2.88, 15.64, 15.60, 15.60, 15.18, 17351.7, 26622290, 0.92, 2.69, 0.59, 621.243
2017-05-19, 1, wei_ruo, 18.96, 15.35, 1.05, 15.19, 15.11, 15.38, 15.11, 11062.09, 16863334, 0.59, 1.78, 0.38, 582.0241
2017-05-22, 1, wei_ruo, 18.92, 14.80, -3.58, 15.35, 15.40, 15.40, 14.70, 17916.11, 26983643, 0.95, 4.56, 0.61, 632.02405
2017-05-23, 1, wei_ruo, 18.87, 13.89, -6.15, 14.80, 14.70, 15.02, 13.88, 18488.48, 26830847, 0.99, 7.70, 0.63, 808.87198
2017-05-24, 1, wei_ruo, 18.82, 13.69, -1.44, 13.89, 13.87, 13.87, 13.30, 17831.36, 24198690, 0.95, 4.10, 0.61, 616.94193
2017-05-25, 1, wei_ruo, 18.77, 13.70, 0.07, 13.69, 13.67, 13.81, 13.11, 16835.96, 22768052, 0.90, 5.11, 0.57, 591.33792
2017-05-26, 1, wei_ruo, 18.74, 13.87, 1.24, 13.70, 13.72, 13.91, 13.67, 14269.01, 19730195, 0.76, 1.75, 0.49, 657.90701
2017-05-31, 1, wei_ruo, 18.68, 14.25, 2.74, 13.87, 14.20, 14.49, 14.00, 25125.36, 35929725, 1.34, 3.53, 0.86, 622.40505
2017-06-01, 1, wei_ruo, 18.59, 14.42, 1.19, 14.25, 14.20, 14.52, 14.05, 38113.32, 55035859, 2.03, 3.30, 1.30, 619.18092
2017-06-02, 1, wei_ruo, 18.55, 14.36, -0.42, 14.42, 14.06, 14.46, 14.05, 16979.34, 24182035, 0.90, 2.84, 0.58, 598.36411
2017-06-05, 1, wei_ruo, 18.53, 14.41, 0.35, 14.36, 14.25, 14.65, 14.25, 8205.2, 11842300, 0.44, 2.79, 0.28, 657.66907
2017-06-06, 1, wei_ruo, 18.52, 14.46, 0.35, 14.41, 14.36, 14.54, 14.30, 6516.67, 9387221, 0.35, 1.67, 0.22, 2591.08114
2017-06-07, 1, wei_ruo, 18.48, 14.76, 2.07, 14.46, 14.46, 14.78, 14.32, 17628.15, 25668520, 0.94, 3.18, 0.60, 652.69017
2017-06-08, 1, wei_ruo, 18.46, 14.64, -0.81, 14.76, 14.70, 14.75, 14.56, 11851.13, 17344476, 0.63, 1.29, 0.40, 687.03699
2017-06-09, 1, wei_ruo, 18.43, 14.80, 1.09, 14.64, 14.65, 14.89, 14.51, 14533.58, 21438162, 0.77, 2.60, 0.50, 802.51193
2017-06-12, 1, wei_ruo, 18.38, 15.24, 2.97, 14.80, 14.82, 15.35, 14.53, 25569.06, 38326097, 1.36, 5.54, 0.87, 575.29712
2017-06-13, 1, wei_ruo, 18.36, 15.23, -0.07, 15.24, 15.18, 15.38, 15.06, 14523.42, 22110405, 0.77, 2.10, 0.50, 613.98602
2017-06-14, 1, wei_ruo, 18.33, 14.99, -1.58, 15.23, 15.23, 15.34, 14.90, 15777.58, 23743624, 0.84, 2.89, 0.54, 673.87414
2017-06-15, 2, qing_du, 18.31, 15.06, 0.47, 14.99, 14.89, 15.14, 14.89, 10008, 15078449, 0.53, 1.67, 0.34, 586.71618
2017-06-16, 2, qing_du, 18.30, 15.02, -0.27, 15.06, 15.04, 15.26, 15.02, 8598.91, 13003777, 0.46, 1.59, 0.29, 819.69786
2017-06-19, 2, qing_du, 18.29, 15.17, 1.00, 15.02, 15.09, 15.26, 15.00, 6955.16, 10545445, 0.37, 1.73, 0.24, 771.32106
2017-06-20, 2, qing_du, 18.27, 15.13, -0.26, 15.17, 15.10, 15.24, 15.10, 7611, 11546914, 0.41, 0.92, 0.26, 597.90611
2017-06-21, 2, qing_du, 18.26, 15.26, 0.86, 15.13, 15.13, 15.28, 15.11, 7262.32, 11032527, 0.39, 1.12, 0.25, 801.35107
2017-06-22, 2, qing_du, 18.21, 15.31, 0.33, 15.26, 15.24, 15.71, 15.16, 32354.64, 50006025, 1.72, 3.60, 1.10, 560.62293
2017-06-23, 3, zhong_du, 18.13, 16.27, 6.27, 15.31, 15.21, 16.80, 15.21, 76056.79, 122410863, 4.05, 10.39, 2.59, 736.9628
2017-06-26, 3, zhong_du, 18.07, 15.96, -1.91, 16.27, 16.08, 16.11, 15.70, 43696.11, 69338546, 2.33, 2.52, 1.49, 3633.24094
2017-06-27, 3, zhong_du, 18.04, 15.80, -1.00, 15.96, 15.81, 15.96, 15.74, 25571.19, 40505200, 1.36, 1.38, 0.87, 587.63599
2017-06-28, 3, zhong_du, 18.01, 15.84, 0.25, 15.80, 15.66, 15.99, 15.53, 26439.49, 41707460, 1.41, 2.91, 0.90, 1264.30702
2017-06-29, 3, zhong_du, 17.99, 15.62, -1.39, 15.84, 15.87, 15.90, 15.60, 15340.65, 24127300, 0.82, 1.89, 0.52, 4030.92694
2017-06-30, 3, zhong_du, 17.97, 15.83, 1.34, 15.62, 15.60, 15.98, 15.60, 24114.85, 38141867, 1.29, 2.43, 0.82, 632.80606
2017-07-03, 3, zhong_du, 17.93, 16.01, 1.14, 15.83, 15.85, 16.22, 15.85, 34342.78, 55190690, 1.83, 2.34, 1.17, 701.42603
2017-07-04, 3, zhong_du, 17.91, 15.80, -1.31, 16.01, 15.89, 16.05, 15.70, 18185, 28832923, 0.97, 2.19, 0.62, 527.54593
2017-07-05, 3, zhong_du, 17.89, 15.80, 0.00, 15.80, 15.70, 15.82, 15.55, 18271.25, 28683171, 0.97, 1.71, 0.62, 677.87981
2017-07-06, 3, zhong_du, 17.87, 15.66, -0.89, 15.80, 15.80, 15.89, 15.52, 19539.01, 30565488, 1.04, 2.34, 0.67, 656.88705
2017-07-07, 3, zhong_du, 17.84, 15.81, 0.96, 15.66, 15.66, 15.82, 15.50, 21251.46, 33285199, 1.13, 2.04, 0.72, 672.71614
2017-07-10, 3, zhong_du, 17.80, 15.78, -0.19, 15.81, 15.85, 16.03, 15.73, 34167.21, 54204203, 1.82, 1.90, 1.17, 599.47085
2017-07-11, 3, zhong_du, 17.77, 15.43, -2.22, 15.78, 15.70, 15.70, 15.40, 24644.18, 38265893, 1.31, 1.90, 0.84, 769.33694
2017-07-12, 3, zhong_du, 17.76, 15.35, -0.52, 15.43, 15.34, 15.53, 15.20, 14384.43, 22051010, 0.77, 2.14, 0.49, 2666.8179
2017-07-13, 3, zhong_du, 17.74, 15.46, 0.72, 15.35, 15.32, 15.56, 15.20, 14536.01, 22367449, 0.77, 2.35, 0.50, 724.76292
2017-07-14, 3, zhong_du, --, 15.47, 0.06, 15.46, 15.48, 15.54, 15.25, 12475.23, 19229708, 0.66, 1.88, 0.43, 639.22882
2017-07-17, 3, zhong_du, --, 13.93, -9.95, 15.47, 15.53, 15.54, 13.92, 32756.35, 47217733, 1.75, 10.47, 1.12, 2698.92883
2017-07-18, 2, qing_du, 17.64, 14.40, 3.37, 13.93, 13.95, 14.46, 13.95, 15522.16, 22024137, 0.83, 3.66, 0.53, 652.29988
2017-07-19, 2, qing_du, --, 14.80, 2.78, 14.40, 14.35, 14.94, 14.20, 15925.15, 23487633, 0.85, 5.14, 0.54, 592.24606
2017-07-20, 1, wei_ruo, --, 14.84, 0.27, 14.80, 14.71, 14.90, 14.65, 18402.07, 27181835, 0.98, 1.69, 0.63, 596.42792
2017-07-21, 1, wei_ruo, --, 14.86, 0.13, 14.84, 14.82, 14.98, 14.78, 13199.39, 19634708, 0.70, 1.35, 0.45, 467.60798
2017-07-24, 2, qing_du, 17.52, 15.23, 2.49, 14.86, 14.92, 15.46, 14.90, 32887.25, 50241839, 1.75, 3.77, 1.12, 575.64783
2017-07-25, 2, qing_du, --, 15.06, -1.12, 15.23, 15.15, 15.40, 15.05, 19103.67, 28941823, 1.02, 2.30, 0.65, 792.31977
2017-07-26, 2, qing_du, --, 15.49, 2.86, 15.06, 15.05, 15.52, 15.05, 36329.68, 55867741, 1.94, 3.12, 1.24, 856.68993
2017-07-27, 3, zhong_du, 17.43, 15.72, 1.48, 15.49, 15.48, 15.81, 15.19, 32532, 50461341, 1.73, 4.00, 1.11, 1834.65195
2017-07-28, 3, zhong_du, 17.39, 16.07, 2.23, 15.72, 15.65, 16.10, 15.49, 47044.94, 74618273, 2.51, 3.88, 1.60, 880.07498
2017-07-31, 3, zhong_du, 17.30, 15.98, -0.56, 16.07, 16.15, 16.68, 15.62, 122688.93, 198446942, 6.54, 6.60, 4.18, 687.07705
2017-08-01, 4, gao_du, 17.25, 15.98, 0.00, 15.98, 15.85, 16.00, 15.56, 71051.28, 112345735, 3.79, 2.75, 2.42, 713.03391
2017-08-02, 4, gao_du, 17.21, 15.68, -1.88, 15.98, 15.80, 15.98, 15.57, 41839.11, 65883403, 2.23, 2.57, 1.43, 1589.40721
2017-08-03, 4, gao_du, 17.17, 15.96, 1.79, 15.68, 15.84, 16.27, 15.60, 61181, 97697094, 3.26, 4.27, 2.09, 679.25811
2017-08-04, 4, gao_du, 17.13, 15.82, -0.88, 15.96, 16.40, 16.45, 15.80, 69365.12, 111645032, 3.70, 4.07, 2.37, 764.16302
2017-08-07, 4, gao_du, 17.10, 15.61, -1.33, 15.82, 15.83, 15.91, 15.39, 42313.95, 65734882, 2.26, 3.29, 1.44, 683.53081
2017-08-08, 3, zhong_du, 17.06, 15.79, 1.15, 15.61, 15.61, 16.07, 15.61, 49335.98, 78313878, 2.63, 2.95, 1.68, 595.2611
2017-08-09, 3, zhong_du, 17.04, 15.63, -1.01, 15.79, 15.84, 15.86, 15.50, 31059.14, 48488554, 1.66, 2.28, 1.06, 725.56019
2017-08-10, 3, zhong_du, 17.01, 15.32, -1.98, 15.63, 15.60, 15.82, 15.23, 31733.63, 49159053, 1.69, 3.77, 1.08, 60626.27482
2017-08-11, 3, zhong_du, 16.97, 15.52, 1.31, 15.32, 15.20, 15.72, 15.00, 52092.73, 80697958, 2.78, 4.70, 1.78, 1158.27012
2017-08-14, 3, zhong_du, 16.94, 15.87, 2.26, 15.52, 15.52, 16.06, 15.50, 38486.66, 60971954, 2.05, 3.61, 1.31, 840.04903
2017-08-15, 3, zhong_du, 16.92, 15.94, 0.44, 15.87, 15.99, 16.04, 15.77, 37853.66, 60193333, 2.02, 1.70, 1.29, 2759.99808
2017-08-16, 3, zhong_du, 16.91, 16.03, 0.56, 15.94, 15.94, 16.05, 15.78, 34454.27, 54750268, 1.84, 1.69, 1.17, 757.14993
2017-08-17, 4, gao_du, 16.89, 16.18, 0.94, 16.03, 16.05, 16.29, 16.05, 41256.61, 66654425, 2.20, 1.50, 1.41, 14491.53113
2017-08-18, 4, gao_du, 16.87, 15.93, -1.55, 16.18, 16.03, 16.03, 15.78, 32532.89, 51678501, 1.73, 1.55, 1.11, 770.27488
2017-08-21, 4, gao_du, 16.86, 15.95, 0.13, 15.93, 15.92, 15.99, 15.81, 23165.45, 36839792, 1.23, 1.13, 0.79, 822.65306
2017-08-22, 4, gao_du, 16.85, 15.72, -1.44, 15.95, 16.00, 16.00, 15.67, 21701.65, 34387589, 1.16, 2.07, 0.74, 780.936
2017-08-23, 4, gao_du, 16.83, 16.10, 2.42, 15.72, 15.80, 16.15, 15.54, 45386.29, 71987866, 2.42, 3.88, 1.55, 869.86303
2017-08-24, 4, gao_du, 16.81, 16.11, 0.06, 16.10, 16.18, 16.20, 15.93, 29409.22, 47213341, 1.57, 1.68, 1.00, 633.02207
2017-08-25, 4, gao_du, 16.80, 16.23, 0.74, 16.11, 16.00, 16.25, 16.00, 34699.63, 56062736, 1.85, 1.55, 1.18, 801.46003
2017-08-28, 4, gao_du, 16.79, 16.27, 0.25, 16.23, 16.22, 16.32, 16.10, 28054.63, 45511000, 1.50, 1.36, 0.96, 823.75693
2017-08-29, 5, qiang_lie, 16.79, 16.34, 0.43, 16.27, 16.32, 16.36, 16.15, 29699.23, 48211851, 1.58, 1.29, 1.01, 588.027
2017-08-30, 5, qiang_lie, 16.78, 16.40, 0.37, 16.34, 16.30, 16.65, 16.26, 30567.43, 50227870, 1.63, 2.39, 1.04, 732.17392
2017-08-31, 5, qiang_lie, 16.77, 16.27, -0.79, 16.40, 16.27, 16.43, 16.05, 23001.27, 37179375, 1.23, 2.32, 0.78, 709.12099
2017-09-01, 5, qiang_lie, 16.76, 16.11, -1.77, 16.40, 16.27, 16.43, 16.05, 15539.35, 25081846, 0.83, 2.32, 1.06, 2700.77395
2017-09-04, 5, qiang_lie, 16.75, 16.14, 0.19, 16.11, 16.38, 16.38, 16.09, 39843.02, 64507941, 2.12, 1.80, 1.36, 700.69504
2017-09-05, 5, qiang_lie, 16.74, 16.11, -1.77, 16.40, 16.27, 16.43, 16.05, 15539.35, 25081846, 0.83, 2.32, 1.06, 687.81805
2017-09-06, 5, qiang_lie, 16.73, 15.91, -0.62, 16.01, 16.01, 16.05, 15.75, 20993.22, 33305521, 1.12, 1.87, 0.72, 888.42607
2017-09-07, 4, gao_du, 16.73, 15.90, -0.06, 15.91, 15.91, 16.03, 15.87, 17343.3, 27688194, 0.92, 1.01, 0.59, 699.12887
2017-09-08, 4, gao_du, 16.72, 16.11, -1.77, 16.40, 16.27, 16.43, 16.05, 15539.35, 25081846, 0.83, 2.32, 1.06, 753.14593
2017-09-11, 4, gao_du, 16.71, 16.11, -1.77, 16.40, 16.27, 16.43, 16.05, 15539.35, 25081846, 0.83, 2.32, 1.06, 629.94313
2017-09-12, 4, gao_du, 16.70, 16.01, 0.31, 15.96, 15.96, 16.06, 15.90, 23925.45, 38243119, 1.28, 1.00, 0.82, 691.68711
2017-09-13, 4, gao_du, 16.69, 16.13, 0.75, 16.01, 16.02, 16.14, 15.86, 33418.6, 53609348, 1.78, 1.75, 1.14, 806.10299
2017-09-14, 4, gao_du, 16.68, 15.96, -1.05, 16.13, 16.17, 16.22, 15.81, 25016.65, 40033535, 1.33, 2.54, 0.85, 1623.25788
2017-09-15, 4, gao_du, 16.68, 15.78, -1.13, 15.96, 15.87, 15.99, 15.76, 13778, 21807351, 0.73, 1.44, 0.47, 953.98402
2017-09-18, 4, gao_du, 16.67, 16.06, 1.77, 15.78, 15.78, 16.12, 15.73, 19465.34, 30954411, 1.04, 2.47, 0.66, 639.94884
2017-09-19, 3, zhong_du, 16.66, 15.86, -1.25, 16.06, 16.00, 16.10, 15.79, 12635, 20103120, 0.67, 1.93, 0.43, 816.0522
2017-09-20, 4, gao_du, 16.65, 16.17, 1.95, 15.86, 15.86, 16.18, 15.74, 28914.43, 46436699, 1.54, 2.77, 0.99, 601.156
2017-09-21, 4, gao_du, 16.65, 15.92, -1.55, 16.17, 16.16, 16.25, 15.83, 21302.87, 34251274, 1.14, 2.60, 0.73, 747.71595
2017-09-22, 3, zhong_du, 16.64, 15.56, -2.26, 15.92, 15.96, 16.00, 15.50, 17797.96, 27877693, 0.95, 3.14, 0.61, 1434.35693
2017-09-25, 3, zhong_du, 16.63, 15.27, -1.86, 15.56, 15.62, 15.78, 15.26, 11344.22, 17578868, 0.60, 3.34, 0.39, 940.67311
2017-09-26, 2, qing_du, 16.62, 15.36, 0.59, 15.27, 15.14, 15.58, 15.14, 11371.22, 17492793, 0.61, 2.88, 0.39, 1097.98717
2017-09-27, 2, qing_du, 16.62, 15.59, 1.50, 15.36, 15.36, 15.69, 15.36, 11964.69, 18585321, 0.64, 2.15, 0.41, 855.56293
2017-09-28, 2, qing_du, 16.61, 15.37, -1.41, 15.59, 15.59, 15.66, 15.36, 9115.04, 14167985, 0.49, 1.92, 0.31, 687.65593
2017-09-29, 2, qing_du, 16.60, 15.73, 2.34, 15.37, 15.49, 15.80, 15.30, 13750.16, 21483841, 0.73, 3.25, 0.47, 676.79214
2017-10-10, 2, qing_du, 16.59, 15.88, -0.06, 15.89, 15.89, 15.97, 15.79, 21168.14, 33621330, 1.13, 1.13, 0.72, 611.92489
2017-10-12, 3, zhong_du, 16.58, 15.86, -0.31, 15.91, 15.88, 15.94, 15.71, 11186.14, 17695218, 0.60, 1.45, 0.38, 703.3999
2017-10-13, 3, zhong_du, 16.57, 15.81, -0.32, 15.86, 15.82, 15.85, 15.65, 13429.2, 21140247, 0.72, 1.26, 0.46, 792.04798
2017-10-16, 2, qing_du, 16.56, 15.43, -2.40, 15.81, 15.80, 15.87, 15.41, 20043, 31446572, 1.07, 2.91, 0.68, 745.02587
2017-10-17, 2, qing_du, 16.55, 15.38, -0.32, 15.43, 15.43, 15.61, 15.36, 9555.15, 14790302, 0.51, 1.62, 0.33, 486.69195
2017-10-18, 1, wei_ruo, 16.54, 14.99, -2.54, 15.38, 15.53, 15.53, 14.84, 16876, 25576929, 0.90, 4.49, 0.58, 659.37304
2017-10-19, 1, wei_ruo, 16.53, 14.97, -0.13, 14.99, 15.00, 15.11, 14.78, 9956, 14879699, 0.53, 2.20, 0.34, 718.00399
2017-10-20, 1, wei_ruo, 16.52, 15.19, 1.47, 14.97, 14.97, 15.33, 14.90, 12969.25, 19726651, 0.69, 2.87, 0.44, 2222.5821
2017-10-23, 1, wei_ruo, 16.52, 15.18, -0.07, 15.19, 15.28, 15.28, 15.09, 9376.41, 14232981, 0.50, 1.25, 0.32, 747.81704
2017-10-24, 1, wei_ruo, 16.51, 14.95, -1.52, 15.18, 15.24, 15.24, 14.88, 12450.28, 18693823, 0.66, 2.37, 0.42, 819.57412
2017-10-25, 1, wei_ruo, 16.50, 15.06, 0.74, 14.95, 15.01, 15.11, 14.90, 11031.72, 16562148, 0.59, 1.40, 0.38, 1080.64008
2017-10-26, 1, wei_ruo, 16.49, 15.18, 0.80, 15.06, 15.06, 15.23, 14.99, 13963.4, 21108601, 0.74, 1.59, 0.48, 694.76604
2017-10-27, 1, wei_ruo, 16.48, 15.15, -0.20, 15.18, 15.26, 15.27, 15.07, 15057.34, 22812229, 0.80, 1.32, 0.51, 670.10689
2017-10-30, 1, wei_ruo, 16.44, 14.40, -4.95, 15.15, 15.20, 15.20, 14.30, 36432.92, 52805740, 1.94, 5.94, 1.24, 794.31987
2017-10-31, 1, wei_ruo, 16.43, 14.46, 0.42, 14.40, 14.44, 14.49, 14.20, 14811.33, 21276592, 0.79, 2.01, 0.51, 621.52386
2017-11-01, 1, wei_ruo, 16.41, 14.36, -0.69, 14.46, 14.44, 14.46, 14.27, 17953.16, 25748902, 0.96, 1.31, 0.61, 662.86588
2017-11-02, 1, wei_ruo, 16.39, 14.19, -1.18, 14.36, 14.37, 14.39, 14.12, 15322.83, 21767488, 0.82, 1.88, 0.52, 1841.54201
2017-11-03, 1, wei_ruo, 16.36, 13.87, -2.26, 14.19, 14.22, 14.23, 13.69, 19081.17, 26609096, 1.02, 3.81, 0.65, 768.76497
2017-11-06, 1, wei_ruo, 16.34, 13.86, -0.65, 13.95, 13.95, 13.97, 13.85, 3153, 4388108, 0.17, 0.86, 0.86, 638.942
2017-11-07, 1, wei_ruo, 16.32, 13.81, -1.00, 13.95, 13.95, 13.97, 13.72, 9291.16, 12895387, 0.50, 1.79, 0.63, 2780.00712
2017-11-10, 1, wei_ruo, 16.24, 14.18, 0.07, 14.17, 14.17, 14.27, 14.10, 14327.03, 20285931, 0.76, 1.20, 0.65, 1208.92191
2017-11-13, 1, wei_ruo, 16.22, 14.37, 1.34, 14.18, 14.27, 14.48, 14.21, 20111.91, 28839733, 1.07, 1.90, 0.95, 2638.36789
2017-11-14, 1, wei_ruo, 16.20, 14.06, -2.16, 14.37, 14.38, 14.47, 14.02, 22374.42, 31785153, 1.19, 3.13, 1.00, 821.43784
2017-11-15, 1, wei_ruo, 16.18, 14.09, 0.21, 14.06, 14.05, 14.11, 13.90, 9643.17, 13507561, 0.51, 1.49, 0.40, 864.30717
2017-11-16, 1, wei_ruo, 16.17, 13.68, -2.91, 14.09, 14.07, 14.08, 13.60, 12658.01, 17596275, 0.67, 3.41, 0.74, 653.71704
2017-11-17, 1, wei_ruo, 16.13, 12.99, -5.04, 13.68, 13.70, 13.75, 12.95, 25379.95, 33727150, 1.35, 5.85, 1.60, 734.4439
2017-11-20, 1, wei_ruo, 16.11, 12.99, 0.00, 12.99, 12.88, 13.19, 12.34, 12991.71, 16687060, 0.69, 6.54, 0.72, 869.43412
2017-11-21, 1, wei_ruo, 16.09, 13.00, 0.08, 12.99, 12.96, 13.06, 12.85, 9868.11, 12788076, 0.53, 1.62, 0.59, 762.06398
2017-11-22, 1, wei_ruo, 16.06, 13.13, 1.00, 13.00, 13.03, 13.35, 13.01, 18926.01, 24970876, 1.01, 2.62, 1.34, 671.15808
2017-11-23, 1, wei_ruo, 16.00, 13.51, 2.89, 13.13, 13.15, 14.20, 13.15, 44886.07, 61500879, 2.39, 8.00, 2.81, 1069.19789
2017-11-24, 1, wei_ruo, 15.97, 13.54, 0.22, 13.51, 13.33, 13.76, 13.26, 20521.88, 27889633, 1.09, 3.70, 0.92, 634.06396
2017-11-27, 1, wei_ruo, 15.96, 13.27, -1.99, 13.54, 13.59, 13.59, 13.20, 13325.1, 17817033, 0.71, 2.88, 0.62, 586.58409
2017-11-28, 1, wei_ruo, 15.94, 13.54, 2.03, 13.27, 13.31, 13.58, 13.10, 14017.87, 18606695, 0.75, 3.62, 0.65, 2767.84897
2017-11-29, 1, wei_ruo, 15.91, 13.80, 1.92, 13.54, 13.48, 13.85, 13.26, 19682.79, 26720156, 1.05, 4.36, 0.88, 769.90604
2017-11-30, 1, wei_ruo, 15.88, 13.70, -0.72, 13.80, 13.78, 13.98, 13.58, 28153.83, 38946793, 1.50, 2.90, 1.25, 618.48378
2017-12-01, 1, wei_ruo, 15.86, 13.63, -0.51, 13.70, 13.58, 13.80, 13.58, 14554.24, 19880563, 0.78, 1.61, 0.76, 725.47102
2017-12-04, 1, wei_ruo, 15.85, 13.23, -2.93, 13.63, 13.60, 13.67, 13.22, 12234, 16400302, 0.65, 3.30, 0.68, 958.78196
2017-12-05, 1, wei_ruo, 15.83, 13.07, -1.21, 13.23, 13.23, 13.36, 12.46, 13696.62, 17896748, 0.73, 6.80, 0.77, 782.07707
2017-12-06, 1, wei_ruo, 15.81, 13.12, 0.38, 13.07, 13.00, 13.26, 12.80, 11645.76, 15244224, 0.62, 3.52, 0.66, 527.53592
2017-12-07, 1, wei_ruo, 15.80, 13.20, 0.61, 13.12, 13.12, 13.21, 13.10, 7067.99, 9298534, 0.38, 0.84, 0.44, 719.01512
2017-12-08, 1, wei_ruo, 15.79, 13.25, 0.38, 13.20, 13.13, 13.30, 13.10, 7966.27, 10533741, 0.42, 1.52, 0.67, 668.91503
2017-12-11, 1, wei_ruo, 15.78, 13.37, 0.91, 13.25, 13.28, 13.39, 13.22, 6272.08, 8351203, 0.33, 1.28, 0.60, 834.86104
2017-12-12, 1, wei_ruo, 15.76, 13.39, 0.15, 13.37, 13.31, 13.64, 13.24, 12360.01, 16639616, 0.66, 2.99, 1.32, 717.30804
2017-12-13, 1, wei_ruo, 15.76, 13.43, 0.30, 13.39, 13.44, 13.45, 13.24, 6185, 8257727, 0.33, 1.57, 0.68, 634.29117
2017-12-14, 1, wei_ruo, 15.75, 13.26, -1.27, 13.43, 13.33, 13.47, 13.24, 7499.57, 9975685, 0.40, 1.71, 0.94, 865.44085
2017-12-15, 1, wei_ruo, 15.73, 13.01, -1.89, 13.26, 13.21, 13.22, 12.88, 10697, 13963073, 0.57, 2.56, 1.33, 1052.25897
2017-12-18, 1, wei_ruo, 15.72, 12.97, -0.31, 13.01, 13.15, 13.15, 12.89, 6274.97, 8132909, 0.33, 2.00, 0.73, 530.88093
2017-12-19, 1, wei_ruo, 15.71, 13.03, 0.46, 12.97, 12.97, 13.11, 12.97, 5215.61, 6805736, 0.28, 1.08, 0.61, 740.973
2017-12-20, 1, wei_ruo, 15.70, 13.01, -0.15, 13.03, 13.05, 13.13, 13.00, 7118.61, 9306010, 0.38, 1.00, 0.99, 1044.9841
2017-12-21, 1, wei_ruo, 15.69, 12.97, -0.31, 13.01, 12.98, 13.08, 12.86, 7933.65, 10277133, 0.42, 1.69, 1.08, 860.75091
2017-12-22, 1, wei_ruo, 15.68, 13.09, 0.93, 12.97, 13.00, 13.16, 12.98, 7452.26, 9750523, 0.40, 1.39, 1.00, 120829.4971
2017-12-25, 1, wei_ruo, 15.66, 13.20, 0.84, 13.09, 13.10, 13.39, 13.10, 16490.65, 21833194, 0.88, 2.22, 2.43, 2791.99791
2017-12-26, 1, wei_ruo, 15.65, 13.24, 0.30, 13.20, 13.13, 13.24, 13.00, 11563.25, 15158053, 0.62, 1.82, 1.31, 637.16602
2017-12-27, 1, wei_ruo, 15.63, 13.09, -1.13, 13.24, 13.26, 13.26, 13.08, 7779.47, 10229296, 0.41, 1.36, 0.77, 566.93101
2017-12-29, 1, wei_ruo, 15.60, 13.30, 0.30, 13.26, 13.26, 13.31, 13.16, 12099.65, 16024378, 0.64, 1.13, 1.01, 649.52183
2018-01-03, 1, wei_ruo, 15.56, 13.39, 0.68, 13.30, 13.32, 13.45, 13.31, 25678.29, 34385574, 1.37, 1.05, 2.31, 664.76107
2018-01-04, 1, wei_ruo, 15.54, 13.47, 0.60, 13.39, 13.44, 13.51, 13.37, 19450, 26136976, 1.04, 1.05, 1.40, 2641.80183
2018-01-05, 2, qing_du, 15.52, 13.38, -0.67, 13.47, 13.50, 13.64, 13.34, 14065.47, 18870458, 0.75, 2.23, 0.86, 988.446
2018-01-08, 2, qing_du, 15.49, 13.51, 0.97, 13.38, 13.44, 13.55, 13.26, 25131.16, 33799306, 1.34, 2.17, 1.56, 586.49707
2018-01-09, 2, qing_du, 15.48, 13.45, -0.44, 13.51, 13.51, 13.58, 13.40, 11730.99, 15782321, 0.63, 1.33, 0.61, 651.87907
2018-01-10, 2, qing_du, 15.46, 13.17, -2.08, 13.45, 13.44, 13.44, 13.03, 14944, 19763541, 0.80, 3.05, 0.78, 661.01098
2018-01-11, 2, qing_du, 15.45, 13.19, 0.15, 13.17, 13.12, 13.24, 13.04, 9679.83, 12731202, 0.52, 1.52, 0.57, 640.16008
2018-01-12, 1, wei_ruo, 15.44, 13.11, -0.61, 13.19, 13.19, 13.22, 13.08, 6688.01, 8786195, 0.36, 1.06, 0.44, 615.08393
2018-01-15, 1, wei_ruo, 15.42, 12.75, -2.75, 13.11, 13.08, 13.17, 12.60, 16437.85, 21102345, 0.88, 4.35, 1.21, 710.98304
2018-01-16, 1, wei_ruo, 15.41, 12.81, 0.47, 12.75, 12.75, 12.89, 12.61, 7720.19, 9882032, 0.41, 2.20, 0.65, 588.65786
2018-01-17, 1, wei_ruo, 15.39, 12.87, 0.47, 12.81, 12.75, 12.89, 12.65, 11325.63, 14487213, 0.60, 1.87, 1.02, 757.27105
2018-01-18, 1, wei_ruo, 15.38, 12.85, -0.16, 12.87, 12.87, 12.99, 12.72, 6944.96, 8922928, 0.37, 2.10, 0.67, 589.41102
2018-01-19, 1, wei_ruo, 15.37, 12.78, -0.54, 12.85, 12.86, 12.88, 12.73, 7477.65, 9563299, 0.40, 1.17, 0.76, 965.78097
2018-01-22, 1, wei_ruo, 15.36, 12.76, -0.16, 12.78, 12.78, 12.80, 12.56, 11329.17, 14359386, 0.60, 1.88, 1.14, 689.62383
2018-01-23, 1, wei_ruo, 15.34, 12.86, 0.78, 12.76, 12.78, 12.88, 12.69, 10839.95, 13858561, 0.58, 1.49, 1.21, 1815.94205
2018-01-24, 1, wei_ruo, 15.33, 12.82, -0.31, 12.86, 12.92, 12.93, 12.73, 10445.37, 13379995, 0.56, 1.56, 1.09, 932.39188
2018-01-25, 1, wei_ruo, 15.31, 12.84, 0.16, 12.82, 12.82, 12.95, 12.79, 13482.56, 17357952, 0.72, 1.25, 1.43, 670.98594
2018-01-26, 1, wei_ruo, 15.30, 12.80, -0.31, 12.84, 12.82, 12.93, 12.79, 10416.12, 13373426, 0.56, 1.09, 0.97, 606.63891
2018-01-29, 1, wei_ruo, 15.24, 13.29, 3.83, 12.80, 12.81, 13.77, 12.63, 56276.01, 74400418, 3.00, 8.91, 4.98, 804.36015
2018-01-30, 1, wei_ruo, 15.21, 13.11, -1.35, 13.29, 13.12, 13.28, 12.96, 26594.43, 34727258, 1.42, 2.41, 1.31, 427.71101
2018-01-31, 1, wei_ruo, 15.17, 12.69, -3.20, 13.11, 13.00, 13.04, 12.06, 26636.12, 33456077, 1.42, 7.48, 1.14, 2759.26089
2018-02-01, 1, wei_ruo, 15.12, 11.42, -10.01, 12.69, 12.57, 12.57, 11.42, 27828.89, 33064222, 1.48, 9.06, 1.04, 624.01199
2018-02-02, 1, wei_ruo, 15.07, 11.02, -3.50, 11.42, 10.80, 11.30, 10.80, 21287.53, 23568022, 1.13, 4.38, 0.72, 651.59297
2018-02-05, 1, wei_ruo, 15.04, 11.00, -0.18, 11.02, 11.05, 11.07, 10.68, 16516.77, 18016276, 0.88, 3.54, 0.52, 845.53504
2018-02-06, 1, wei_ruo, 14.98, 10.77, -2.09, 11.00, 10.73, 11.18, 10.68, 24448.97, 26713213, 1.30, 4.55, 1.03, 710.55102
2018-02-07, 1, wei_ruo, 14.93, 11.17, 3.71, 10.77, 10.92, 11.34, 10.50, 23279.83, 25702407, 1.24, 7.80, 1.00, 881.81496
2018-02-08, 1, wei_ruo, 14.89, 11.59, 3.76, 11.17, 11.06, 11.65, 11.02, 21952, 25243255, 1.17, 5.64, 0.99, 772.76301
2018-02-09, 1, wei_ruo, 14.87, 11.30, -2.50, 11.59, 11.16, 11.35, 11.09, 12800.53, 14370607, 0.68, 2.24, 0.57, 725.09789
2018-02-12, 1, wei_ruo, 14.85, 11.48, 1.59, 11.30, 11.36, 11.66, 11.30, 8929, 10227641, 0.48, 3.19, 0.54, 948.59791
2018-02-13, 1, wei_ruo, 14.84, 11.42, -0.52, 11.48, 11.41, 11.65, 11.40, 5541.69, 6371152, 0.30, 2.18, 0.53, 652.39811
2018-02-14, 1, wei_ruo, 14.83, 11.45, 0.26, 11.42, 11.52, 11.52, 11.28, 3945, 4501831, 0.21, 2.10, 0.57, 727.47397
