2016-02-01, 1, wei_ruo, 19.00, 18.63, 3.73, 17.96, 17.72, 19.42, 17.51, 653206.35, 1210620588, 10.59, 10.63, 2.82, 1965.72995
2016-02-02, 1, wei_ruo, 19.05, 19.67, 5.58, 18.63, 18.59, 20.49, 18.28, 635046.42, 1239638368, 10.30, 11.86, 2.74, 1194.12613
2016-02-03, 1, wei_ruo, 19.05, 19.26, -2.08, 19.67, 19.19, 19.48, 18.50, 543347.57, 1035362272, 8.81, 4.98, 2.35, 1648.00406
2016-02-04, 1, wei_ruo, 19.09, 19.53, 1.40, 19.26, 19.12, 19.92, 19.05, 525735.07, 1023102648, 8.53, 4.52, 2.27, 3136.60407
2016-02-05, 1, wei_ruo, 19.06, 18.25, -6.55, 19.53, 19.53, 19.63, 17.98, 362066.17, 681341096, 5.87, 8.45, 1.56, 1047.06883
2016-02-15, 1, wei_ruo, 19.01, 18.33, 0.44, 18.25, 17.40, 18.70, 17.15, 320432.28, 580955145, 5.20, 8.49, 1.38, 1353.43313
2016-02-16, 1, wei_ruo, 19.01, 19.13, 4.36, 18.33, 18.50, 19.38, 18.33, 411533.03, 781776759, 6.67, 5.73, 1.78, 2997.27607
2016-02-17, 1, wei_ruo, 19.15, 20.73, 8.36, 19.13, 19.02, 21.04, 18.50, 845521.09, 1683038102, 13.71, 13.28, 3.65, 1490.87715
2016-02-18, 1, wei_ruo, 19.26, 20.02, -3.42, 20.73, 20.37, 20.54, 19.65, 686596.94, 1382938245, 11.13, 4.29, 2.96, 10264.12392
2016-02-19, 2, qing_du, 19.30, 20.03, 0.05, 20.02, 19.73, 20.60, 19.66, 314829.17, 636074215, 5.11, 4.70, 1.72, 2878.02601
2016-02-22, 2, qing_du, 19.30, 20.57, 2.90, 19.99, 20.02, 20.97, 19.82, 533336.12, 1084183510, 8.65, 5.75, 0.99, 979.91204
2016-02-23, 2, qing_du, 19.38, 19.95, -3.01, 20.57, 20.45, 20.48, 19.52, 403549.56, 807405627, 6.54, 4.67, 0.70, 7630.90014
2016-02-24, 2, qing_du, 19.39, 19.62, -1.65, 19.95, 19.70, 20.07, 19.00, 325323.78, 634898230, 5.28, 5.36, 0.56, 999.59683
2016-02-25, 2, qing_du, 19.33, 18.36, -6.42, 19.62, 19.62, 20.36, 17.72, 655125.54, 1273566298, 10.62, 13.46, 1.38, 845.59107
2016-02-26, 2, qing_du, 19.22, 17.71, -3.54, 18.36, 18.51, 18.68, 17.05, 442717.51, 793028047, 7.18, 8.88, 0.95, 944.66996
2016-02-29, 2, qing_du, 19.11, 15.94, -9.99, 17.71, 17.20, 17.45, 15.94, 250244.32, 404999619, 4.06, 8.53, 0.53, 2249.15409
2016-03-01, 1, wei_ruo, 18.89, 16.19, 1.57, 15.94, 15.94, 16.84, 14.62, 424381.87, 672648783, 6.88, 13.93, 1.02, 3835.4249
2016-03-02, 1, wei_ruo, 18.73, 17.08, 5.50, 16.19, 16.49, 17.46, 16.45, 496295.45, 839279862, 8.05, 6.24, 1.18, 2666.95309
2016-03-03, 1, wei_ruo, 18.61, 17.05, -0.18, 17.08, 16.80, 17.79, 16.71, 483108.39, 834289428, 7.83, 6.32, 1.06, 2996.18793
2016-03-04, 1, wei_ruo, 18.42, 15.59, -8.56, 17.05, 16.81, 17.03, 15.36, 464758.97, 749454491, 7.54, 9.79, 1.11, 3661.63087
2016-03-07, 1, wei_ruo, 18.32, 15.86, 1.73, 15.59, 15.82, 16.50, 15.74, 250001.55, 401380666, 4.05, 4.87, 0.59, 2844.50293
2016-03-08, 1, wei_ruo, 18.17, 16.08, 1.39, 15.86, 15.61, 16.34, 14.50, 353624.13, 542652992, 5.73, 11.60, 0.83, 1306.88715
2016-03-09, 1, wei_ruo, 18.06, 15.65, -2.67, 16.08, 15.80, 16.45, 15.30, 279104.18, 444302818, 4.53, 7.15, 0.68, 4648.60988
2016-03-10, 1, wei_ruo, 17.95, 14.99, -4.22, 15.65, 15.60, 15.89, 14.79, 238824.36, 366117578, 3.87, 7.03, 0.65, 3480.76797
2016-03-11, 1, wei_ruo, 17.86, 14.84, -1.00, 14.99, 14.54, 15.12, 14.54, 175555.56, 259731768, 2.85, 3.87, 0.55, 2944.36979
2016-03-14, 1, wei_ruo, 17.75, 15.59, 5.05, 14.84, 15.21, 16.12, 15.04, 304066.94, 475165921, 4.93, 7.28, 1.17, 3914.19005
2016-03-15, 1, wei_ruo, 17.66, 15.44, -0.96, 15.59, 15.66, 15.90, 15.32, 240265.38, 374992713, 3.90, 3.72, 0.89, 2779.63495
2016-03-16, 1, wei_ruo, 17.56, 15.53, 0.58, 15.44, 15.75, 16.30, 15.44, 336905.3, 533008550, 5.46, 5.57, 1.36, 1026.54314
2016-03-17, 1, wei_ruo, 17.44, 16.26, 4.70, 15.53, 15.56, 16.43, 15.46, 488519.34, 782577579, 7.92, 6.25, 1.89, 1997.16496
2016-03-18, 1, wei_ruo, 17.38, 16.88, 3.81, 16.26, 16.30, 17.39, 16.11, 606429.99, 1015792552, 9.83, 7.87, 1.96, 1319.42391
2016-03-21, 1, wei_ruo, 17.37, 17.41, 3.14, 16.88, 17.51, 17.58, 16.82, 551571.52, 947819339, 8.94, 4.50, 1.40, 2928.40505
2016-03-22, 1, wei_ruo, 17.54, 19.08, 9.59, 17.41, 17.05, 19.15, 16.90, 1033318.76, 1916696898, 16.76, 12.92, 2.32, 1082.45397
2016-03-23, 2, qing_du, 17.65, 18.66, -2.20, 19.08, 18.46, 18.78, 18.15, 688162.52, 1275374294, 11.16, 3.30, 1.14, 1013.54504
2016-03-24, 2, qing_du, 17.65, 17.52, -6.11, 18.66, 18.05, 18.08, 17.48, 689440.57, 1226169142, 11.18, 3.22, 1.02, 3023.15211
2016-03-25, 2, qing_du, 17.64, 17.36, -0.91, 17.52, 17.60, 17.82, 17.00, 349656.2, 610111658, 5.67, 4.68, 0.49, 1517.82393
2016-03-28, 2, qing_du, 17.63, 17.34, -0.12, 17.36, 17.60, 17.97, 17.15, 363816.66, 642078403, 5.90, 4.72, 0.55, 2388.95917
2016-03-29, 2, qing_du, 17.60, 16.82, -3.00, 17.34, 17.37, 17.45, 16.54, 273872.88, 461395180, 4.44, 5.25, 0.44, 2524.405
2016-03-30, 1, wei_ruo, 17.58, 17.49, 3.98, 16.82, 17.10, 17.50, 16.91, 317851.34, 547358570, 5.15, 3.51, 0.67, 1462.76283
2016-03-31, 1, wei_ruo, 17.60, 17.58, 0.51, 17.49, 17.67, 18.39, 17.55, 504799.82, 908839346, 8.19, 4.80, 1.27, 1248.67892
2016-04-01, 2, qing_du, 17.58, 17.13, -2.56, 17.58, 17.30, 17.35, 16.76, 300175.1, 510742471, 4.87, 3.36, 0.83, 2863.35897
2016-04-05, 2, qing_du, 17.58, 17.70, 3.33, 17.13, 17.12, 17.94, 17.00, 318348.56, 556977366, 5.16, 5.49, 0.90, 2585.37483
2016-04-06, 2, qing_du, 17.60, 18.05, 1.98, 17.70, 17.55, 18.19, 17.48, 396413.66, 706131012, 6.43, 4.01, 1.16, 1172.24503
2016-04-07, 2, qing_du, 17.59, 17.27, -4.32, 18.05, 18.05, 18.08, 17.22, 338096.66, 595173888, 5.48, 4.76, 0.92, 2842.48209
2016-04-08, 2, qing_du, 17.58, 17.25, -0.12, 17.27, 17.00, 17.50, 16.83, 264678.17, 453367765, 4.29, 3.88, 0.71, 957.04889
2016-04-11, 2, qing_du, 17.58, 17.74, 2.84, 17.25, 17.40, 17.98, 17.24, 321377.04, 567367591, 5.21, 4.29, 0.99, 3132.88188
2016-04-12, 2, qing_du, 17.57, 17.27, -2.65, 17.74, 17.60, 17.66, 17.01, 249879.15, 431363016, 4.05, 3.66, 0.76, 1271.76595
2016-04-13, 2, qing_du, 17.57, 17.55, 1.62, 17.27, 17.40, 17.93, 17.30, 379807.86, 671492206, 6.16, 3.65, 1.21, 2881.75201
2016-04-14, 2, qing_du, 17.73, 18.70, 6.55, 17.55, 17.80, 19.31, 17.80, 978605.83, 1842196127, 15.87, 8.60, 3.15, 2915.205
2016-04-15, 2, qing_du, 17.79, 18.40, -1.60, 18.70, 18.50, 18.52, 18.01, 565522.82, 1032578361, 9.17, 2.73, 1.29, 3622.34712
2016-04-18, 3, zhong_du, 17.80, 17.90, -2.72, 18.40, 18.35, 18.35, 17.79, 322537.51, 580243381, 5.23, 3.04, 0.65, 4919.35682
2016-04-19, 3, zhong_du, 17.82, 18.18, 1.56, 17.90, 18.05, 18.55, 17.93, 355585.65, 647061393, 5.77, 3.46, 0.71, 767.93194
2016-04-20, 3, zhong_du, 17.75, 16.42, -9.68, 18.18, 18.17, 18.18, 16.36, 538450.26, 918307963, 8.73, 10.01, 1.03, 2969.37084
2016-04-21, 3, zhong_du, 17.68, 15.98, -2.68, 16.42, 16.13, 16.62, 15.87, 265639.16, 431947790, 4.31, 4.57, 0.48, 1090.765
2016-04-22, 2, qing_du, 17.63, 16.11, 0.81, 15.98, 15.80, 16.20, 15.73, 195637.45, 312695391, 3.17, 2.94, 0.48, 2420.40491
2016-04-25, 1, wei_ruo, 17.58, 15.82, -1.80, 16.11, 16.00, 16.09, 15.53, 158745.64, 250747052, 2.57, 3.48, 0.47, 3773.96488
2016-04-26, 1, wei_ruo, 17.54, 16.26, 2.78, 15.82, 15.85, 16.30, 15.81, 177882.45, 285377841, 2.88, 3.10, 0.59, 876.28484
2016-04-27, 1, wei_ruo, 17.50, 15.99, -1.66, 16.26, 16.26, 16.30, 15.95, 170711.97, 275508956, 2.77, 2.15, 0.64, 3004.90403
2016-04-28, 1, wei_ruo, 17.46, 16.05, 0.38, 15.99, 16.00, 16.17, 15.60, 151247.97, 240737931, 2.45, 3.56, 0.78, 1298.311
2016-04-29, 1, wei_ruo, 17.42, 15.97, -0.50, 16.05, 15.90, 16.29, 15.74, 163903.15, 261931251, 2.66, 3.43, 0.96, 5580.48487
2016-05-03, 1, wei_ruo, 17.37, 16.39, 2.63, 15.97, 15.93, 16.45, 15.73, 256258.61, 415013945, 4.16, 4.51, 1.56, 1177.22917
2016-05-04, 1, wei_ruo, 17.34, 16.29, -0.61, 16.39, 16.30, 16.50, 16.20, 208054.48, 339913552, 3.23, 1.83, 1.13, 1056.86903
2016-05-05, 1, wei_ruo, 17.31, 16.51, 1.35, 16.29, 16.39, 16.86, 16.31, 233021.56, 386194601, 3.62, 3.38, 1.23, 4715.59811
2016-05-06, 1, wei_ruo, 17.23, 15.29, -7.39, 16.51, 16.41, 16.51, 15.27, 296206.04, 471612060, 4.60, 7.51, 1.46, 2921.34404
2016-05-09, 1, wei_ruo, 17.14, 14.30, -6.47, 15.29, 15.10, 15.12, 14.20, 209404.6, 305285494, 3.25, 6.02, 0.90, 3055.4359
2016-05-10, 1, wei_ruo, 17.09, 14.40, 0.70, 14.30, 14.35, 14.60, 14.26, 125263.16, 180814817, 1.95, 2.38, 0.52, 4151.77107
2016-05-11, 1, wei_ruo, 17.02, 13.92, -3.33, 14.40, 14.55, 14.64, 13.84, 158288.44, 223958237, 2.46, 5.56, 0.74, 3529.90484
2016-05-12, 1, wei_ruo, 16.94, 13.88, -0.29, 13.92, 13.70, 13.90, 13.30, 140880.64, 191600114, 2.19, 4.31, 0.69, 900.67005
2016-05-13, 1, wei_ruo, 16.88, 13.72, -1.15, 13.88, 13.86, 14.10, 13.59, 120422.44, 166673668, 1.87, 3.67, 0.65, 1459.8012
2016-05-16, 1, wei_ruo, 16.80, 14.42, 5.10, 13.72, 13.72, 14.75, 13.70, 199946.47, 287157037, 3.11, 7.65, 1.33, 14726.94397
2016-05-17, 1, wei_ruo, 16.74, 14.18, -1.66, 14.42, 14.40, 14.45, 14.04, 160717.49, 228394841, 2.50, 2.84, 1.08, 831.58207
2016-05-18, 1, wei_ruo, 16.66, 13.58, -4.23, 14.18, 13.92, 13.92, 13.20, 163449.56, 222543009, 2.54, 5.08, 1.05, 3060.99796
2016-05-19, 1, wei_ruo, 16.59, 13.82, 1.77, 13.58, 13.55, 14.15, 13.55, 165993.52, 231034329, 2.58, 4.42, 1.06, 6703.52602
2016-05-20, 1, wei_ruo, 16.53, 13.94, 0.87, 13.82, 13.70, 13.96, 13.53, 125419.75, 172909454, 1.95, 3.11, 0.77, 6674.53504
2016-05-23, 1, wei_ruo, 16.46, 14.22, 2.01, 13.94, 13.97, 14.23, 13.86, 185155.44, 260561442, 2.88, 2.65, 1.14, 1525.35892
2016-05-24, 1, wei_ruo, 16.41, 13.97, -1.76, 14.22, 14.11, 14.12, 13.80, 142718.15, 198975907, 2.22, 2.25, 0.89, 610.80289
2016-05-25, 1, wei_ruo, 16.36, 13.78, -1.36, 13.97, 14.10, 14.20, 13.71, 126972.59, 177540481, 1.97, 3.51, 0.79, 1166.80503
2016-05-26, 1, wei_ruo, 16.30, 13.99, 1.52, 13.78, 13.78, 14.04, 13.50, 147241.38, 202783395, 2.29, 3.92, 0.92, 1848.7432
2016-05-27, 1, wei_ruo, 16.25, 13.93, -0.43, 13.99, 14.00, 14.15, 13.86, 129883.4, 181896024, 2.02, 2.07, 0.81, 2779.46615
2016-05-30, 1, wei_ruo, 16.21, 13.70, -1.65, 13.93, 13.80, 13.89, 13.60, 106770.05, 146654107, 1.66, 2.08, 0.67, 676.7199
2016-05-31, 1, wei_ruo, 16.13, 14.40, 5.11, 13.70, 13.65, 14.46, 13.65, 267545.02, 379805258, 4.16, 5.91, 1.67, 823.53306
2016-06-01, 1, wei_ruo, 16.06, 14.37, -0.21, 14.40, 14.38, 14.73, 14.33, 253473.73, 367066200, 3.94, 2.78, 1.58, 832.88693
2016-06-02, 1, wei_ruo, 16.06, 14.93, 3.90, 14.37, 14.37, 15.08, 14.30, 307410.08, 451470857, 4.77, 5.43, 1.92, 879.41504
2016-06-03, 1, wei_ruo, 15.93, 14.72, -1.41, 14.93, 14.86, 14.90, 14.56, 236193.37, 348044594, 3.67, 2.28, 1.47, 2230.24988
2016-06-06, 1, wei_ruo, 15.89, 14.87, 1.02, 14.72, 14.90, 15.20, 14.72, 229296.7, 343066588, 3.56, 3.26, 1.43, 874.99499
2016-06-07, 1, wei_ruo, 15.86, 14.64, -1.55, 14.87, 14.87, 14.97, 14.52, 173354.85, 253859699, 2.69, 3.03, 1.08, 2684.44109
2016-06-08, 1, wei_ruo, 15.83, 14.62, -0.14, 14.64, 14.74, 14.74, 14.46, 141691.62, 206755073, 2.20, 1.91, 0.88, 844.13004
2016-06-13, 1, wei_ruo, 15.77, 13.36, -8.62, 14.62, 14.30, 14.40, 13.21, 190803.51, 267735225, 2.96, 8.14, 1.19, 718.18995
2016-06-14, 1, wei_ruo, 15.72, 13.49, 0.97, 13.36, 13.37, 13.55, 13.32, 120509.8, 161876195, 1.87, 1.72, 0.75, 2857.86796
2016-06-15, 1, wei_ruo, 15.67, 14.00, 3.78, 13.49, 13.34, 14.06, 13.25, 163241.44, 225800837, 2.54, 6.00, 1.02, 705.14894
2016-06-16, 1, wei_ruo, 15.62, 13.95, -0.36, 14.00, 14.15, 14.45, 13.85, 195671.32, 277448373, 3.04, 4.29, 1.22, 700.74201
2016-06-17, 1, wei_ruo, 15.59, 14.00, 0.36, 13.95, 13.98, 14.22, 13.83, 127561.8, 179120086, 1.98, 2.80, 0.80, 1002.68793
2016-06-20, 1, wei_ruo, 15.56, 14.00, 0.36, 13.95, 13.98, 14.22, 13.83, 127561.8, 179120086, 1.98, 2.80, 0.80, 679.80504
2016-06-21, 1, wei_ruo, 15.51, 13.61, -2.02, 13.89, 14.00, 14.07, 13.50, 166585.8, 229527548, 2.59, 4.10, 1.04, 1082.72886
2016-06-22, 1, wei_ruo, 15.48, 13.87, 1.91, 13.61, 13.60, 13.88, 13.40, 136009.79, 185581011, 2.11, 3.53, 0.85, 807.12795
2016-06-23, 1, wei_ruo, 15.44, 13.79, -0.58, 13.87, 13.79, 13.86, 13.55, 127410.7, 174872775, 1.98, 2.24, 0.80, 1202.07906
2016-06-24, 1, wei_ruo, 15.38, 13.57, -1.60, 13.79, 13.89, 14.00, 13.03, 201466.37, 275196033, 3.13, 7.03, 1.26, 2086.71999
2016-06-27, 1, wei_ruo, 15.33, 14.02, 3.32, 13.57, 13.41, 14.03, 13.35, 202219.71, 278298796, 3.14, 5.01, 1.26, 1162.076
2016-06-28, 1, wei_ruo, 15.28, 14.43, 2.92, 14.02, 13.92, 14.55, 13.80, 296308.49, 423717145, 4.60, 5.35, 1.85, 2582.73983
2016-06-30, 1, wei_ruo, 15.21, 14.52, -0.34, 14.57, 14.69, 14.95, 14.36, 295252.96, 431732351, 4.59, 4.05, 1.84, 2257.8671
2016-07-01, 1, wei_ruo, 15.19, 14.30, -1.52, 14.52, 14.50, 14.76, 14.28, 186090.66, 269491174, 2.89, 3.31, 1.16, 724.73311
2016-07-04, 2, qing_du, 15.17, 14.59, 2.03, 14.30, 14.10, 14.67, 14.07, 180095.51, 260775465, 2.80, 4.20, 1.12, 761.30104
2016-07-05, 2, qing_du, 15.15, 14.60, 0.07, 14.59, 14.58, 14.75, 14.39, 181875.18, 264947609, 2.83, 2.47, 1.14, 3458.19712
2016-07-06, 2, qing_du, 15.14, 14.61, 0.07, 14.60, 14.55, 14.76, 14.49, 165152.44, 241571795, 2.57, 1.85, 1.03, 18837.47005
2016-07-07, 2, qing_du, 15.12, 14.48, -0.89, 14.61, 14.57, 14.58, 14.26, 171852.86, 247902922, 2.67, 2.19, 1.07, 788.35607
2016-07-08, 2, qing_du, 15.12, 15.17, 4.77, 14.48, 14.40, 15.92, 14.33, 670977.9, 1023869700, 10.42, 10.98, 4.19, 760.58006
2016-07-11, 2, qing_du, 15.14, 15.08, -0.59, 15.17, 15.50, 15.80, 15.04, 507477.24, 784124677, 7.88, 5.01, 3.17, 4051.09406
2016-07-12, 3, zhong_du, 15.13, 15.22, 0.93, 15.08, 15.20, 15.35, 14.66, 349359, 522536586, 5.43, 4.58, 2.18, 14740.062
2016-07-13, 3, zhong_du, 15.17, 15.78, 3.68, 15.22, 15.10, 15.97, 15.01, 519741.6, 808632758, 8.07, 6.31, 3.25, 3904.32
2016-07-14, 3, zhong_du, 15.35, 16.75, 6.15, 15.78, 15.86, 17.30, 15.72, 801574.49, 1310103046, 12.45, 10.01, 5.01, 5596.56501
2016-07-15, 3, zhong_du, 15.37, 15.95, -4.61, 16.72, 16.30, 16.45, 15.92, 432697.54, 697609745, 6.72, 3.17, 2.70, 1066.50496
2016-07-18, 3, zhong_du, 15.40, 15.99, 0.25, 15.95, 15.93, 16.33, 15.81, 284850.33, 458727699, 4.42, 3.26, 1.82, 19839.80298
2016-07-19, 3, zhong_du, 15.42, 16.02, 0.19, 15.99, 15.98, 16.04, 15.47, 277130.77, 435489160, 4.30, 3.56, 1.73, 4613.64198
2016-07-20, 3, zhong_du, 15.42, 15.85, -1.06, 16.02, 16.07, 16.37, 15.84, 253734.81, 407628466, 3.94, 3.31, 1.58, 703.86004
2016-07-21, 3, zhong_du, 15.46, 15.76, -0.57, 15.85, 15.85, 15.99, 15.71, 186999.59, 296069824, 2.90, 1.77, 1.17, 2912.86087
2016-07-22, 3, zhong_du, 15.46, 15.43, -2.09, 15.76, 15.77, 15.87, 15.35, 196986.66, 306387152, 3.06, 3.30, 1.23, 832.67689
2016-07-25, 3, zhong_du, 15.46, 15.47, 0.26, 15.43, 15.40, 15.61, 15.29, 150268.95, 232008926, 2.33, 2.07, 0.94, 4938.25889
2016-07-26, 3, zhong_du, 15.46, 15.63, 1.03, 15.47, 15.53, 15.66, 15.44, 145035.04, 225546465, 2.25, 1.42, 0.91, 1021.07501
2016-07-27, 3, zhong_du, 15.43, 14.38, -8.00, 15.63, 15.64, 15.66, 14.20, 305756.27, 453744242, 4.75, 9.34, 1.91, 4831.16603
2016-07-28, 2, qing_du, 15.39, 14.04, -2.36, 14.38, 14.33, 14.48, 13.72, 202412.76, 285022203, 3.14, 5.29, 1.26, 910.28309
2016-07-29, 2, qing_du, 15.36, 13.87, -1.21, 14.04, 14.05, 14.10, 13.80, 119612.06, 166094145, 1.86, 2.14, 0.75, 14528.25093
2016-08-01, 1, wei_ruo, 15.33, 13.81, -0.43, 13.87, 13.90, 13.95, 13.56, 116122.45, 159182587, 1.80, 2.81, 0.73, 14721.15612
2016-08-02, 1, wei_ruo, 15.31, 13.94, 0.94, 13.81, 13.72, 13.97, 13.72, 83557.34, 115892881, 1.30, 1.81, 0.52, 14720.19005
2016-08-03, 1, wei_ruo, 15.29, 13.86, -0.57, 13.94, 13.80, 13.93, 13.73, 93574.03, 129502997, 1.45, 1.43, 0.65, 14550.9119
2016-08-04, 1, wei_ruo, 15.26, 13.99, 0.94, 13.86, 13.86, 14.08, 13.72, 120520.64, 167744018, 1.87, 2.60, 0.92, 14496.72699
2016-08-05, 1, wei_ruo, 15.24, 13.75, -1.72, 13.99, 13.97, 14.02, 13.74, 101783, 141065206, 1.58, 2.00, 0.84, 1381.02889
2016-08-08, 1, wei_ruo, 15.22, 14.06, 2.25, 13.75, 13.78, 14.08, 13.60, 118037.92, 163619824, 1.83, 3.49, 1.01, 6917.12904
2016-08-09, 1, wei_ruo, 15.19, 14.33, 1.92, 14.06, 14.15, 14.36, 13.96, 162901.72, 230227723, 2.53, 2.84, 1.57, 4743.7439
2016-08-10, 1, wei_ruo, 15.17, 14.21, -0.84, 14.33, 14.30, 14.40, 14.10, 141589.68, 201540527, 2.20, 2.09, 1.19, 3035.06207
2016-08-11, 1, wei_ruo, 15.15, 13.85, -2.53, 14.21, 14.33, 14.38, 13.82, 132600.01, 186898743, 2.06, 3.94, 1.03, 2795.37511
2016-08-15, 1, wei_ruo, 15.10, 14.41, 3.00, 13.99, 14.05, 14.50, 13.88, 209888.92, 299875063, 3.26, 4.43, 1.65, 772.31598
2016-08-16, 1, wei_ruo, 15.09, 14.36, -0.35, 14.41, 14.35, 14.58, 14.32, 140111, 202285770, 2.18, 1.80, 0.96, 989.40706
2016-08-17, 1, wei_ruo, 15.07, 14.62, 1.81, 14.36, 14.36, 14.67, 14.28, 185268.31, 268798258, 2.88, 2.72, 1.31, 14751.96314
2016-08-18, 1, wei_ruo, 15.06, 14.51, -0.75, 14.62, 14.61, 14.69, 14.39, 150726.17, 218678726, 2.34, 2.05, 1.01, 14669.73495
2016-08-19, 1, wei_ruo, 15.05, 14.36, -1.03, 14.51, 14.45, 14.52, 14.24, 112251.44, 161282951, 1.74, 1.93, 0.73, 793.40696
2016-08-22, 1, wei_ruo, 15.03, 14.03, -2.37, 14.37, 14.42, 14.42, 14.00, 119442.95, 169251940, 1.86, 2.92, 0.75, 1407.41491
2016-08-23, 1, wei_ruo, 15.02, 14.06, 0.21, 14.03, 13.95, 14.16, 13.86, 91103.26, 127874608, 1.42, 2.14, 0.64, 2964.50114
2016-08-24, 1, wei_ruo, 15.00, 14.18, 0.85, 14.06, 14.08, 14.33, 14.07, 100707.73, 143315846, 1.56, 1.85, 0.76, 4911.63898
2016-08-25, 1, wei_ruo, 14.99, 13.97, -1.48, 14.18, 14.06, 14.07, 13.79, 104820.82, 145660835, 1.63, 1.97, 0.91, 909.1289
2016-08-26, 1, wei_ruo, 14.98, 13.99, 0.14, 13.97, 14.05, 14.15, 13.98, 73081.85, 102779719, 1.14, 1.22, 0.69, 1185.184
2016-08-29, 1, wei_ruo, 14.97, 14.00, 0.07, 13.99, 13.99, 14.06, 13.91, 59580.93, 83326697, 0.93, 1.07, 0.61, 1253.6881
2016-08-30, 1, wei_ruo, 14.96, 14.02, 0.14, 14.00, 14.00, 14.10, 13.94, 62845.68, 88064043, 0.98, 1.14, 0.73, 745.10908
2016-08-31, 1, wei_ruo, 14.95, 13.92, -0.71, 14.02, 14.02, 14.07, 13.90, 17183, 24009950, 0.27, 1.21, 1.22, 6194.28587
2016-09-01, 1, wei_ruo, 14.94, 13.92, -0.71, 14.02, 14.02, 14.07, 13.90, 17183, 24009950, 0.27, 1.21, 1.22, 812.53099
2016-09-02, 1, wei_ruo, 14.94, 13.92, -0.71, 14.02, 14.02, 14.07, 13.90, 17183, 24009950, 0.27, 1.21, 1.22, 7645.54715
2016-09-05, 1, wei_ruo, 14.94, 13.92, -0.71, 14.02, 14.02, 14.07, 13.90, 17183, 24009950, 0.27, 1.21, 1.22, 4033.26201
2016-09-06, 1, wei_ruo, 14.94, 14.06, 1.37, 13.87, 13.87, 14.10, 13.62, 93862.54, 130309342, 1.46, 3.46, 1.29, 5727.84519
2016-09-07, 1, wei_ruo, 14.94, 13.94, -0.85, 14.06, 14.19, 14.25, 13.92, 94937, 133519905, 1.47, 2.35, 1.31, 984.6859
2016-09-08, 1, wei_ruo, 14.94, 13.92, -0.71, 14.02, 14.02, 14.07, 13.90, 17183, 24009950, 0.27, 1.21, 1.22, 4773.91291
2016-09-09, 1, wei_ruo, 14.94, 13.92, -0.71, 14.02, 14.02, 14.07, 13.90, 17183, 24009950, 0.27, 1.21, 1.22, 4936.50603
2016-09-12, 1, wei_ruo, 14.94, 14.04, -4.03, 14.63, 14.30, 14.34, 14.02, 204162.78, 289402330, 3.17, 2.19, 2.81, 1082.47209
2016-09-13, 1, wei_ruo, 14.94, 13.89, -1.07, 14.04, 14.20, 14.25, 13.79, 163957.9, 228564808, 2.55, 3.28, 2.25, 4838.03511
2016-09-14, 1, wei_ruo, 14.94, 13.92, -0.71, 14.02, 14.02, 14.07, 13.90, 17183, 24009950, 0.27, 1.21, 1.22, 977.10896
2016-09-19, 1, wei_ruo, 14.94, 13.87, 1.02, 13.73, 13.73, 13.93, 13.73, 65941.83, 91204857, 1.02, 1.46, 0.91, 2953.372
2016-09-20, 1, wei_ruo, 14.94, 13.76, -0.72, 13.86, 13.85, 13.85, 13.71, 58528.56, 80613553, 0.91, 1.01, 0.80, 4781.42595
2016-09-21, 1, wei_ruo, 14.94, 13.75, -0.07, 13.76, 13.76, 13.84, 13.70, 62553.46, 86187066, 0.97, 1.02, 0.86, 685.0369
2016-09-22, 1, wei_ruo, 14.94, 13.79, 0.29, 13.75, 13.85, 13.91, 13.76, 66023.97, 91268678, 1.03, 1.09, 0.91, 815.763
2016-09-23, 1, wei_ruo, 14.94, 13.72, -0.51, 13.79, 13.80, 13.84, 13.70, 59851.97, 82257870, 0.93, 1.02, 0.82, 5294.93093
2016-09-26, 1, wei_ruo, 14.94, 13.20, -3.79, 13.72, 13.70, 13.74, 13.08, 122730.57, 165028726, 1.91, 4.81, 1.69, 932.74903
2016-09-27, 1, wei_ruo, 14.94, 13.38, 1.36, 13.20, 13.18, 13.40, 13.16, 67174.35, 89103037, 1.04, 1.82, 0.92, 785.923
2016-09-28, 1, wei_ruo, 14.94, 13.25, -0.97, 13.38, 13.39, 13.40, 13.20, 45472.68, 60340512, 0.71, 1.49, 0.63, 753.17502
2016-09-29, 1, wei_ruo, 14.94, 13.48, 1.74, 13.25, 13.28, 13.54, 13.21, 90261.82, 121148641, 1.40, 2.49, 1.24, 3882.78103
2016-09-30, 1, wei_ruo, 14.94, 13.42, -0.45, 13.48, 13.38, 13.44, 13.33, 40504.9, 54226395, 0.63, 0.82, 0.56, 989.65502
2016-10-10, 1, wei_ruo, 14.94, 13.69, 2.01, 13.42, 13.50, 13.73, 13.48, 74247.04, 101196940, 1.15, 1.86, 1.02, 822.71481
2016-10-11, 1, wei_ruo, 14.94, 13.66, -0.22, 13.69, 13.70, 13.74, 13.55, 71235.47, 97104984, 1.11, 1.39, 0.98, 3092.03792
2016-10-12, 1, wei_ruo, 14.94, 13.70, 0.29, 13.66, 13.64, 13.74, 13.55, 70754.15, 96679614, 1.10, 1.39, 0.97, 680.66502
2016-10-13, 1, wei_ruo, 14.94, 13.79, 0.66, 13.70, 13.88, 13.95, 13.72, 111107.46, 153665651, 1.73, 1.68, 1.53, 5124.85409
2016-10-14, 1, wei_ruo, 14.61, 13.68, -0.80, 13.79, 13.88, 13.88, 13.62, 74557.16, 102378257, 1.16, 1.89, 1.03, 2766.891
2016-10-17, 1, wei_ruo, 14.60, 13.53, -1.10, 13.68, 13.68, 13.76, 13.40, 69794.02, 94886945, 1.08, 2.63, 0.96, 3045.67003
2016-10-18, 1, wei_ruo, 14.59, 13.66, -0.15, 13.68, 13.68, 13.76, 13.61, 27362.01, 37384461, 0.43, 1.10, 0.75, 4675.49706
2016-10-19, 1, wei_ruo, 14.57, , , , , , , , , , , , 2565.72223
2016-10-20, 1, wei_ruo, 14.56, 13.82, -1.00, 13.96, 13.99, 14.02, 13.77, 95254.85, 131876844, 1.48, 1.79, 0.97, 2786.06296
2016-10-21, 1, wei_ruo, 14.54, 14.09, 1.95, 13.82, 13.82, 14.18, 13.63, 175220.34, 244373657, 2.72, 3.98, 1.69, 5505.38611
2016-10-24, 1, wei_ruo, 14.53, 14.09, 0.00, 14.09, 14.07, 14.18, 13.89, 138504.62, 194720190, 2.15, 2.06, 1.08, 1135.02002
2016-10-25, 1, wei_ruo, 14.52, 14.10, 0.07, 14.09, 14.10, 14.17, 14.02, 97310.01, 137132787, 1.51, 1.06, 0.76, 4370.34917
2016-10-26, 1, wei_ruo, 14.51, 14.01, -0.64, 14.10, 14.13, 14.13, 13.90, 129733.73, 181337444, 2.02, 1.63, 1.01, 2751.57094
2016-10-27, 1, wei_ruo, 14.51, 13.95, -0.43, 14.01, 13.94, 14.01, 13.85, 69179.51, 96276133, 1.07, 1.14, 0.54, 1327.61097
2016-10-28, 1, wei_ruo, 14.50, 13.93, -0.07, 13.94, 13.88, 14.04, 13.77, 102596.67, 142321402, 1.59, 1.94, 0.80, 938.71093
2016-10-31, 1, wei_ruo, 14.49, 14.02, 0.65, 13.93, 13.93, 14.05, 13.83, 95125.89, 132932866, 1.48, 1.58, 0.74, 2844.25712
2016-11-01, 1, wei_ruo, 14.48, 14.14, 0.86, 14.02, 14.02, 14.14, 13.92, 85466.4, 119917612, 1.33, 1.57, 0.67, 2342.54408
2016-11-02, 1, wei_ruo, 14.48, 13.88, -1.77, 14.13, 14.05, 14.09, 13.85, 78677.86, 109804464, 1.22, 1.70, 0.61, 874.76301
2016-11-03, 1, wei_ruo, 14.47, 14.03, 1.15, 13.87, 13.81, 14.14, 13.78, 113570.86, 159064149, 1.76, 2.60, 0.88, 804.72183
2016-11-04, 1, wei_ruo, 14.46, 14.08, 0.36, 14.03, 13.95, 14.45, 13.95, 206286.97, 293494414, 3.20, 3.56, 1.60, 716.79688
2016-11-07, 1, wei_ruo, 14.45, 13.87, -1.49, 14.08, 14.08, 14.14, 13.84, 107254.77, 149305203, 1.67, 2.13, 0.83, 991.41097
2016-11-08, 1, wei_ruo, 14.44, 13.92, 0.36, 13.87, 13.91, 14.02, 13.84, 73372.28, 102141019, 1.14, 1.30, 0.57, 674.93987
2016-11-09, 1, wei_ruo, 14.42, 13.54, -2.66, 13.91, 13.91, 13.91, 13.40, 153308.43, 209074252, 2.38, 3.67, 1.19, 1038.07306
2016-11-10, 1, wei_ruo, 14.42, 13.72, 1.33, 13.54, 13.66, 13.83, 13.60, 76314.7, 104518856, 1.19, 1.70, 0.60, 2554.30198
2016-11-11, 1, wei_ruo, 14.41, 13.72, 0.00, 13.72, 13.72, 13.80, 13.60, 87691.36, 120100503, 1.36, 1.46, 0.68, 985.81505
2016-11-14, 1, wei_ruo, 14.39, 14.00, 2.04, 13.72, 13.64, 14.00, 13.64, 140472.22, 194822795, 2.18, 2.62, 1.09, 681.60081
2016-11-15, 2, qing_du, 14.39, 13.87, -0.72, 13.97, 13.99, 14.05, 13.82, 45103.78, 62672795, 0.70, 1.65, 0.70, 1545.60304
2016-11-16, 2, qing_du, 14.38, 13.87, -0.72, 13.97, 13.99, 14.05, 13.82, 45103.78, 62672795, 0.70, 1.65, 0.70, 656.72612
2016-11-17, 3, zhong_du, 14.38, 14.31, 0.21, 14.28, 14.46, 14.56, 14.18, 129168.72, 185662379, 2.01, 2.66, 2.01, 758.816
2016-11-18, 3, zhong_du, 14.37, 14.31, 0.21, 14.28, 14.46, 14.56, 14.18, 129168.72, 185662379, 2.01, 2.66, 2.01, 857.03206
2016-11-21, 2, qing_du, 14.37, 13.85, -0.29, 13.89, 13.78, 13.95, 13.78, 60759.24, 84154238, 0.94, 1.22, 0.47, 566.61415
2016-11-22, 2, qing_du, 14.36, 14.11, 1.88, 13.85, 13.86, 14.13, 13.80, 136809.7, 191254413, 2.13, 2.38, 1.06, 4068.52698
2016-11-23, 2, qing_du, 14.35, 13.97, -0.99, 14.11, 14.04, 14.26, 13.92, 145292.66, 204778806, 2.26, 2.41, 1.13, 705.26099
2016-11-24, 2, qing_du, 14.34, 13.77, -1.43, 13.97, 13.94, 14.00, 13.73, 102573.05, 142051186, 1.59, 1.93, 0.80, 781.636
2016-11-25, 2, qing_du, 14.33, 13.92, 1.09, 13.77, 13.72, 13.97, 13.52, 104883.49, 144564520, 1.63, 3.27, 0.81, 949.48006
2016-11-28, 2, qing_du, 14.33, 13.89, -0.22, 13.92, 13.91, 13.99, 13.83, 63824.68, 88699886, 0.99, 1.15, 0.50, 5840.86084
2016-11-29, 2, qing_du, 14.32, 13.98, 0.65, 13.89, 13.89, 14.28, 13.76, 180544.78, 253202182, 2.80, 3.74, 1.40, 533.50782
2016-11-30, 2, qing_du, 14.31, 14.03, 0.36, 13.98, 13.91, 14.20, 13.83, 147092.66, 206116027, 2.28, 2.65, 1.15, 781.02803
2016-12-01, 2, qing_du, 14.31, 14.23, 1.35, 14.04, 14.03, 14.25, 13.96, 192630.38, 272135867, 2.99, 2.07, 1.50, 905.32613
2016-12-02, 2, qing_du, 14.30, 13.77, -3.23, 14.23, 14.20, 14.35, 13.74, 167466.87, 234755890, 2.60, 4.29, 1.30, 846.11201
2016-12-05, 2, qing_du, 14.29, 13.68, -0.65, 13.77, 13.59, 13.82, 13.45, 82530.18, 112889200, 1.28, 2.69, 0.64, 1023.15497
2016-12-06, 2, qing_du, 14.29, 13.74, 0.44, 13.68, 13.74, 13.83, 13.63, 53624.71, 73631651, 0.83, 1.46, 0.42, 1114.74705
2016-12-07, 1, wei_ruo, 14.28, 13.84, 0.73, 13.74, 13.90, 13.90, 13.71, 53883.77, 74423327, 0.84, 1.38, 0.42, 889.63294
2016-12-08, 1, wei_ruo, 14.28, 13.66, -1.37, 13.85, 13.84, 13.90, 13.60, 74599.74, 102310090, 1.16, 2.17, 0.58, 1127.02203
2016-12-09, 1, wei_ruo, 14.27, 13.46, -1.46, 13.66, 13.66, 13.71, 13.41, 91036.31, 123293234, 1.41, 2.20, 0.71, 956.22396
2016-12-12, 1, wei_ruo, 14.24, 12.84, -4.61, 13.46, 13.44, 13.46, 12.81, 146929.61, 193254811, 2.28, 4.83, 1.14, 581.11691
2016-12-13, 1, wei_ruo, 14.22, 12.85, 0.08, 12.84, 12.82, 12.96, 12.60, 62396.19, 80098615, 0.97, 2.80, 0.48, 803.55501
2016-12-14, 1, wei_ruo, 14.21, 12.83, -0.16, 12.85, 12.85, 13.04, 12.82, 55803.91, 72110112, 0.87, 1.71, 0.43, 950.86384
2016-12-15, 1, wei_ruo, 14.20, 12.97, 1.09, 12.83, 12.76, 13.04, 12.75, 59993.92, 77562446, 0.93, 2.26, 0.47, 1429.47197
2016-12-16, 1, wei_ruo, 14.19, 12.98, 0.08, 12.97, 12.93, 13.01, 12.81, 52136.29, 67470654, 0.81, 1.54, 0.41, 828.80807
2016-12-19, 1, wei_ruo, 14.18, 12.86, -0.92, 12.98, 12.96, 12.97, 12.81, 36103.9, 46429774, 0.56, 1.23, 0.28, 1056.47802
2016-12-20, 1, wei_ruo, 14.17, 12.96, 0.78, 12.86, 12.86, 12.98, 12.76, 47642.99, 61495635, 0.74, 1.71, 0.37, 2229.635
2016-12-21, 1, wei_ruo, 14.17, 13.04, 0.62, 12.96, 12.91, 13.09, 12.91, 44737.89, 58312389, 0.69, 1.39, 0.35, 848.20294
2016-12-22, 1, wei_ruo, 14.16, 13.09, 0.38, 13.04, 13.00, 13.15, 12.91, 48199.47, 62850228, 0.75, 1.84, 0.37, 5763.60607
2016-12-23, 1, wei_ruo, 14.15, 12.83, -1.99, 13.09, 13.05, 13.15, 12.81, 45080, 58484131, 0.70, 2.60, 0.35, 1236.50694
2016-12-26, 1, wei_ruo, 14.14, 12.89, 0.47, 12.83, 12.75, 12.91, 12.50, 60260.02, 76637383, 0.94, 3.20, 0.47, 5896.9481
2016-12-27, 1, wei_ruo, 14.13, 12.87, -0.16, 12.89, 12.85, 12.90, 12.79, 33569.09, 43140472, 0.52, 0.85, 0.26, 725.07405
2016-12-28, 1, wei_ruo, 14.12, 12.88, 0.08, 12.87, 12.80, 12.93, 12.78, 37396.7, 47969955, 0.58, 1.17, 0.29, 869.6239
2016-12-29, 1, wei_ruo, 14.12, 12.83, -0.39, 12.88, 12.92, 12.94, 12.82, 30427.98, 39211338, 0.47, 0.93, 0.24, 4759.87005
2016-12-30, 1, wei_ruo, 14.11, 12.85, 0.16, 12.83, 12.85, 12.93, 12.80, 28534.37, 36730395, 0.44, 1.01, 0.22, 1246.18101
2017-01-03, 1, wei_ruo, 14.10, 12.85, 0.16, 12.83, 12.85, 12.93, 12.80, 28534.37, 36730395, 0.44, 1.01, 0.22, 2831.05493
2017-01-04, 1, wei_ruo, 14.09, 13.11, 0.46, 13.05, 13.00, 13.13, 12.95, 50423.02, 65921085, 0.78, 1.38, 0.39, 2809.618
2017-01-05, 1, wei_ruo, 14.09, 13.01, -0.76, 13.11, 13.11, 13.15, 12.98, 44124.37, 57651756, 0.69, 1.30, 0.34, 897.24588
2017-01-06, 1, wei_ruo, 14.08, 12.99, -0.15, 13.01, 13.01, 13.03, 12.86, 33604.39, 43451221, 0.52, 1.31, 0.26, 4176.929
2017-01-09, 1, wei_ruo, 14.07, 12.98, -0.08, 12.99, 12.99, 13.00, 12.88, 40026.44, 51795830, 0.62, 0.92, 0.31, 760.21218
2017-01-10, 1, wei_ruo, 14.07, 13.02, 0.31, 12.98, 12.92, 13.06, 12.91, 20671.87, 26889826, 0.32, 1.16, 0.32, 1801.98383
2017-01-11, 1, wei_ruo, 14.06, 12.94, 0.00, 12.94, 12.89, 13.02, 12.81, 42285.86, 54643898, 0.66, 1.62, 0.33, 967.38791
2017-01-12, 1, wei_ruo, 14.05, 12.76, -1.39, 12.94, 12.84, 12.93, 12.75, 37100, 47574960, 0.58, 1.39, 0.29, 794.37184
2017-01-13, 1, wei_ruo, 14.04, 13.02, 0.31, 12.98, 12.92, 13.06, 12.91, 20671.87, 26889826, 0.32, 1.16, 0.32, 904.99091
2017-01-16, 1, wei_ruo, 14.01, 11.77, -8.33, 12.84, 12.80, 12.80, 11.56, 106252.69, 128725000, 1.65, 9.66, 0.83, 2825.14596
2017-01-17, 1, wei_ruo, 13.99, 13.02, 0.31, 12.98, 12.92, 13.06, 12.91, 20671.87, 26889826, 0.32, 1.16, 0.32, 2869.75288
2017-01-18, 1, wei_ruo, 13.98, 13.02, 0.31, 12.98, 12.92, 13.06, 12.91, 20671.87, 26889826, 0.32, 1.16, 0.32, 5891.80207
2017-01-19, 1, wei_ruo, 13.97, 13.02, 0.31, 12.98, 12.92, 13.06, 12.91, 20671.87, 26889826, 0.32, 1.16, 0.32, 1317.46006
2017-01-20, 1, wei_ruo, 13.96, 12.14, 1.34, 11.98, 11.92, 12.24, 11.90, 36109.11, 43872066, 0.56, 2.84, 0.28, 977.22507
2017-01-23, 1, wei_ruo, 13.95, 12.16, 0.16, 12.14, 12.14, 12.23, 12.07, 23356.4, 28349001, 0.36, 1.32, 0.18, 2886.32703
2017-01-24, 1, wei_ruo, 13.94, 13.02, 0.31, 12.98, 12.92, 13.06, 12.91, 20671.87, 26889826, 0.32, 1.16, 0.32, 2730.98397
2017-01-25, 1, wei_ruo, 13.94, 12.19, 0.91, 12.08, 12.08, 12.37, 12.08, 30798.06, 37704189, 0.48, 2.40, 0.24, 3350.12913
2017-01-26, 1, wei_ruo, 13.93, 12.17, -0.16, 12.19, 12.15, 12.28, 12.15, 19591.2, 23922907, 0.30, 1.07, 0.15, 691.42389
2017-02-03, 1, wei_ruo, 13.92, 11.88, -2.38, 12.17, 11.50, 12.29, 11.50, 42160.82, 50002699, 0.65, 6.49, 0.33, 4932.477
2017-02-06, 1, wei_ruo, 13.90, 11.94, 0.51, 11.88, 11.85, 11.94, 11.69, 56780.12, 67069948, 0.88, 2.10, 0.44, 5021.98601
2017-02-07, 1, wei_ruo, 13.89, 11.85, -0.75, 11.94, 11.94, 11.94, 11.81, 38481.84, 45653201, 0.60, 1.09, 0.30, 882.45511
2017-02-08, 1, wei_ruo, 13.87, 12.10, 2.11, 11.85, 11.80, 12.18, 11.80, 50678.17, 60802509, 0.79, 3.21, 0.39, 4578.90892
2017-02-09, 1, wei_ruo, 13.86, 12.11, 0.08, 12.10, 12.00, 12.16, 11.95, 36726.85, 44365632, 0.57, 1.74, 0.37, 569.37194
2017-02-10, 1, wei_ruo, 13.85, 12.08, -0.49, 12.14, 12.17, 12.20, 12.06, 43477.55, 52712086, 0.68, 1.15, 0.34, 948.74883
2017-02-13, 1, wei_ruo, 13.84, 12.10, 0.17, 12.08, 12.10, 12.16, 12.01, 35761.31, 43242810, 0.56, 1.24, 0.28, 4609.8721
2017-02-14, 1, wei_ruo, 13.83, 12.16, 0.50, 12.10, 12.08, 12.17, 12.05, 33612.8, 40695277, 0.52, 0.99, 0.26, 4758.10695
2017-02-15, 1, wei_ruo, 13.79, 12.97, 6.66, 12.16, 12.15, 13.38, 12.13, 271516.78, 353734496, 4.22, 10.28, 2.11, 4632.52497
2017-02-16, 1, wei_ruo, 13.77, 12.78, -1.46, 12.97, 12.71, 12.90, 12.58, 128307.95, 163033034, 1.99, 2.47, 1.00, 793.84708
2017-02-17, 1, wei_ruo, 13.74, 12.38, -3.13, 12.78, 12.70, 12.75, 12.21, 106451.66, 132532888, 1.65, 4.23, 0.83, 555.25994
2017-02-20, 2, qing_du, 13.73, 12.38, -3.13, 12.78, 12.70, 12.75, 12.21, 106451.66, 132532888, 1.65, 4.23, 0.83, 678.6499
2017-02-21, 1, wei_ruo, 13.71, 12.45, -0.40, 12.50, 12.50, 12.61, 12.38, 100634.01, 125369758, 1.56, 1.84, 0.78, 2720.16907
2017-02-22, 1, wei_ruo, 13.70, 12.44, -0.08, 12.45, 12.45, 12.48, 12.32, 64506.04, 79962382, 1.00, 1.29, 0.50, 3686.8751
2017-02-23, 1, wei_ruo, 13.69, 12.36, -0.64, 12.44, 12.40, 12.43, 12.29, 51263.33, 63278227, 0.80, 1.13, 0.40, 4872.89596
2017-02-24, 1, wei_ruo, 13.66, 12.60, 1.94, 12.36, 12.45, 12.89, 12.43, 169732.23, 215112124, 2.64, 3.72, 1.32, 760.93888
2017-02-27, 1, wei_ruo, 13.65, 12.35, -1.98, 12.60, 12.50, 12.50, 12.33, 73975.26, 91594032, 1.15, 1.35, 0.57, 4555.89604
2017-02-28, 1, wei_ruo, 13.64, 12.33, -0.16, 12.35, 12.36, 12.40, 12.28, 46890.38, 57776417, 0.73, 0.97, 0.36, 677.03009
2017-03-01, 1, wei_ruo, 13.62, 12.49, 1.30, 12.33, 12.30, 12.55, 12.29, 82513.48, 102564980, 1.28, 2.11, 0.64, 622.58315
2017-03-02, 1, wei_ruo, 13.61, 12.26, -1.84, 12.49, 12.46, 12.49, 12.21, 68643, 84625817, 1.07, 2.24, 0.53, 989.82787
2017-03-03, 1, wei_ruo, 13.60, 12.19, -0.57, 12.26, 12.22, 12.26, 12.16, 46425.91, 56618764, 0.72, 0.82, 0.36, 4632.11703
2017-03-06, 1, wei_ruo, 13.59, 12.33, 1.15, 12.19, 12.22, 12.36, 12.18, 46561.52, 57233558, 0.72, 1.48, 0.36, 874.38512
2017-03-07, 1, wei_ruo, 13.58, 12.22, -0.49, 12.28, 12.30, 12.31, 12.21, 17263.4, 21141981, 0.27, 0.81, 0.43, 4516.69312
2017-03-08, 1, wei_ruo, 13.57, 12.18, -0.81, 12.28, 12.30, 12.31, 12.14, 51699.13, 63103812, 0.80, 1.38, 0.40, 2934.81803
2017-03-09, 1, wei_ruo, 13.56, 12.14, -0.33, 12.18, 12.18, 12.18, 11.97, 60215.25, 72530110, 0.94, 1.72, 0.47, 2730.35216
2017-03-10, 1, wei_ruo, 13.54, 12.23, 0.74, 12.14, 12.18, 12.26, 12.08, 64750.75, 79005631, 1.01, 1.48, 0.50, 719.55395
2017-03-13, 1, wei_ruo, 13.53, 12.18, -0.41, 12.23, 12.21, 12.22, 12.00, 49852.55, 60390872, 0.77, 1.80, 0.39, 646.10386
2017-03-14, 1, wei_ruo, 13.52, 12.20, 0.16, 12.18, 12.16, 12.38, 12.11, 61700.03, 75579444, 0.96, 2.22, 0.48, 4848.02914
2017-03-15, 1, wei_ruo, 13.51, 12.07, -1.07, 12.20, 12.21, 12.26, 12.04, 47124.45, 57088116, 0.73, 1.80, 0.37, 635.15306
2017-03-16, 1, wei_ruo, 13.50, 12.13, 0.50, 12.07, 12.07, 12.18, 12.04, 58827.73, 71326021, 0.91, 1.16, 0.46, 649.76001
2017-03-17, 1, wei_ruo, 13.48, 11.98, -1.24, 12.13, 12.15, 12.15, 11.93, 76502.83, 92385873, 1.19, 1.81, 0.59, 2638.0291
2017-03-20, 1, wei_ruo, 13.47, 11.95, -0.25, 11.98, 11.95, 12.01, 11.85, 52157.68, 62245348, 0.81, 1.34, 0.41, 602.86212
2017-03-21, 1, wei_ruo, 13.44, 11.75, -1.67, 11.95, 11.95, 11.95, 11.70, 101275.33, 119509125, 1.57, 2.09, 0.79, 781.78811
2017-03-22, 1, wei_ruo, 13.38, 11.38, -3.15, 11.75, 11.68, 11.72, 11.23, 179269.26, 204892836, 2.78, 4.17, 1.39, 616.39595
2017-03-23, 1, wei_ruo, 13.33, 11.20, -1.58, 11.38, 11.37, 11.41, 11.04, 165508.1, 185120646, 2.57, 3.25, 1.29, 641.05797
2017-03-24, 1, wei_ruo, 13.27, 11.01, -1.70, 11.20, 11.20, 11.22, 10.86, 169924.42, 186826258, 2.64, 3.21, 1.32, 663.56492
2017-03-27, 1, wei_ruo, 13.22, 10.93, -0.73, 11.01, 10.97, 11.05, 10.87, 127181.88, 139062923, 1.98, 1.63, 0.99, 612.09393
2017-03-28, 1, wei_ruo, 13.16, 11.06, 1.19, 10.93, 11.01, 11.15, 10.96, 171468.38, 189317057, 2.66, 1.74, 1.33, 795.614
2017-03-29, 1, wei_ruo, 13.12, 10.80, -2.35, 11.06, 11.03, 11.05, 10.76, 136625.67, 148744890, 2.12, 2.62, 1.06, 655.11918
2017-03-30, 1, wei_ruo, 13.05, 10.35, -4.17, 10.80, 10.79, 10.79, 10.33, 149649.15, 156898292, 2.32, 4.26, 1.16, 527.93694
2017-03-31, 1, wei_ruo, 13.00, 10.27, -0.77, 10.35, 10.42, 10.49, 10.21, 136773.98, 140989828, 2.12, 2.71, 1.06, 622.88809
2017-04-05, 1, wei_ruo, 12.94, 10.55, 2.73, 10.27, 10.27, 10.57, 10.26, 149387.97, 155655388, 2.32, 3.02, 1.16, 636.55806
2017-04-06, 1, wei_ruo, 12.89, 10.47, -0.76, 10.55, 10.56, 10.61, 10.43, 128453.92, 135180523, 2.00, 1.71, 1.00, 2596.19093
2017-04-07, 1, wei_ruo, 12.86, 10.46, -0.10, 10.47, 10.50, 10.55, 10.43, 81086.66, 85021004, 1.26, 1.15, 0.63, 656.95095
2017-04-10, 1, wei_ruo, 12.79, 10.03, -4.11, 10.46, 10.46, 10.53, 10.00, 158220.52, 161602715, 2.46, 5.07, 1.23, 624.87316
2017-04-11, 1, wei_ruo, 12.71, 10.26, 2.29, 10.03, 10.03, 10.29, 9.76, 202975.32, 202427810, 3.15, 5.28, 1.58, 627.30694
2017-04-12, 1, wei_ruo, 12.67, 10.12, -1.36, 10.26, 10.16, 10.22, 10.05, 101060.68, 102466834, 1.57, 1.66, 0.79, 711.586
2017-04-13, 1, wei_ruo, 12.64, 10.12, 0.00, 10.12, 10.08, 10.20, 10.04, 64026.9, 64944065, 0.99, 1.58, 0.50, 644.89913
2017-04-14, 1, wei_ruo, 12.61, 9.95, -1.68, 10.12, 10.14, 10.14, 9.93, 70468.76, 70424917, 1.09, 2.08, 0.55, 646.71493
2017-04-17, 1, wei_ruo, 12.54, 9.59, -3.62, 9.95, 9.94, 9.97, 9.50, 154228.32, 149514853, 2.40, 4.72, 1.20, 671.19098
2017-04-18, 1, wei_ruo, 12.47, 9.20, -4.07, 9.59, 9.64, 9.64, 9.15, 151753.35, 142263291, 2.36, 5.11, 1.18, 744.23599
2017-04-19, 1, wei_ruo, 12.41, 9.37, 1.85, 9.20, 9.20, 9.43, 9.10, 123700.17, 114483560, 1.92, 3.59, 0.96, 694.81087
2017-04-20, 1, wei_ruo, 12.37, 9.38, 0.11, 9.37, 9.39, 9.42, 9.17, 87130.31, 80992357, 1.35, 2.67, 0.68, 120928.59316
2017-04-21, 1, wei_ruo, 12.34, 9.30, -0.85, 9.38, 9.36, 9.38, 9.25, 61954.4, 57740307, 0.96, 1.39, 0.48, 681.27513
2017-04-24, 1, wei_ruo, 12.29, 8.97, -3.55, 9.30, 9.32, 9.32, 8.96, 86261.25, 78082358, 1.34, 3.87, 0.67, 672.89305
2017-04-25, 1, wei_ruo, 12.26, 9.00, 0.33, 8.97, 9.05, 9.10, 8.97, 56294.97, 50928351, 0.87, 1.45, 0.44, 699.11218
2017-04-26, 1, wei_ruo, 12.16, 9.56, 6.22, 9.00, 9.01, 9.80, 9.01, 227954.02, 215896897, 3.54, 8.78, 1.77, 843.68515
2017-04-27, 1, wei_ruo, 12.10, 9.60, 0.42, 9.56, 9.45, 9.74, 9.33, 169291.86, 161657560, 2.63, 4.29, 1.32, 749.18008
2017-04-28, 1, wei_ruo, 12.06, 9.61, 0.10, 9.60, 9.59, 9.70, 9.49, 89710.66, 86062145, 1.39, 2.19, 0.70, 634.47094
2017-05-02, 1, wei_ruo, 12.03, 9.58, -0.31, 9.61, 9.61, 9.77, 9.52, 85167.83, 82125111, 1.32, 2.60, 0.66, 719.16103
2017-05-03, 1, wei_ruo, 11.98, 9.36, -2.30, 9.58, 9.52, 9.59, 9.29, 110639, 103899713, 1.72, 3.13, 0.86, 892.07792
2017-05-04, 1, wei_ruo, 11.95, 9.17, -2.03, 9.36, 9.36, 9.44, 9.16, 86135.72, 80253446, 1.34, 2.99, 0.67, 660.29596
2017-05-05, 1, wei_ruo, 11.92, 9.17, 0.00, 9.17, 9.14, 9.27, 9.12, 73372.84, 67519974, 1.14, 1.64, 0.57, 614.06302
2017-05-11, 1, wei_ruo, 11.53, 9.72, 0.31, 9.69, 9.67, 9.78, 9.39, 249287.57, 239912690, 3.69, 4.02, 1.94, 637.02083
2017-05-12, 1, wei_ruo, 11.44, 9.36, -3.70, 9.72, 9.69, 9.71, 9.26, 260428.72, 245721312, 3.86, 4.63, 2.02, 603.81794
2017-05-15, 1, wei_ruo, 11.40, 9.51, 1.60, 9.36, 9.30, 9.54, 9.22, 158430.85, 148462735, 2.35, 3.42, 1.23, 659.38616
2017-05-16, 1, wei_ruo, 11.34, 9.84, 3.47, 9.51, 9.42, 9.86, 9.30, 227105.25, 217893829, 3.37, 5.89, 1.76, 181264.42599
2017-05-17, 1, wei_ruo, 11.28, 9.86, 0.20, 9.84, 9.77, 10.10, 9.70, 276888.3, 273679723, 4.10, 4.07, 2.15, 636.87897
2017-05-18, 1, wei_ruo, 11.25, 9.82, -0.41, 9.86, 9.78, 9.93, 9.68, 155896.08, 152520542, 2.31, 2.54, 1.21, 582.1321
2017-05-19, 1, wei_ruo, 11.19, 9.90, 0.81, 9.82, 9.85, 10.32, 9.84, 298047.81, 299245987, 4.42, 4.89, 2.32, 627.76303
2017-05-22, 1, wei_ruo, 11.16, 9.63, -2.73, 9.90, 9.85, 9.87, 9.55, 156387.42, 151661168, 2.32, 3.23, 1.21, 695.54496
2017-05-23, 1, wei_ruo, 11.10, 9.10, -5.50, 9.63, 9.61, 9.67, 9.02, 194859.11, 181259860, 2.89, 6.75, 1.51, 869.54284
2017-05-24, 1, wei_ruo, 11.06, 9.26, 1.76, 9.10, 9.03, 9.28, 8.95, 134379.1, 122973524, 1.99, 3.63, 1.04, 662.88805
2017-05-25, 1, wei_ruo, 11.03, 9.31, 0.54, 9.26, 9.30, 9.39, 9.03, 132678.95, 122258464, 1.97, 3.89, 1.03, 699.41211
2017-05-26, 1, wei_ruo, 11.00, 9.20, -1.18, 9.31, 9.33, 9.40, 9.12, 90391.82, 83721330, 1.34, 3.01, 0.70, 2756.4199
2017-05-31, 1, wei_ruo, 10.97, 9.11, -0.98, 9.20, 9.33, 9.39, 9.10, 108116, 100179915, 1.60, 3.15, 0.84, 626.84703
2017-06-01, 1, wei_ruo, 10.91, 8.32, -8.67, 9.11, 9.03, 9.13, 8.25, 189451.39, 166160366, 2.81, 9.66, 1.47, 2581.01797
2017-06-08, 1, wei_ruo, 10.90, 9.15, 9.98, 8.32, 9.15, 9.15, 9.15, 17300.7, 15830141, 0.26, 0.00, 0.13, 4612.62608
2017-06-09, 1, wei_ruo, 10.90, 10.07, 10.05, 9.15, 10.07, 10.07, 10.07, 38588.3, 38858418, 0.57, 0.00, 0.30, 794.1668
2017-06-12, 1, wei_ruo, 10.86, 10.65, 5.76, 10.07, 10.55, 11.07, 10.23, 942028.81, 996886187, 13.96, 8.34, 7.32, 572.28303
2017-06-13, 2, qing_du, 10.83, 10.47, -1.69, 10.65, 10.65, 10.85, 10.23, 617367.04, 644506502, 9.15, 5.82, 4.80, 669.415
2017-06-14, 3, zhong_du, 10.78, 10.18, -2.77, 10.47, 10.24, 10.31, 9.95, 527279.75, 534175459, 7.81, 3.44, 4.10, 572.00217
2017-06-15, 3, zhong_du, 10.76, 10.80, 6.09, 10.18, 9.99, 11.20, 9.99, 908084.36, 974816176, 13.46, 11.89, 7.05, 617.03992
2017-06-16, 3, zhong_du, 10.92, 11.88, 10.00, 10.80, 11.88, 11.88, 11.14, 1218772.83, 1422614055, 18.06, 6.85, 9.47, 2518.94093
2017-06-19, 3, zhong_du, 11.19, 12.77, 7.49, 11.88, 12.00, 13.07, 11.60, 1189801.66, 1474383853, 17.63, 12.37, 9.24, 1953.55201
2017-06-20, 4, gao_du, 11.35, 12.54, -1.80, 12.77, 12.31, 12.79, 12.15, 820600.42, 1020638582, 12.16, 5.01, 6.38, 611.92679
2017-06-21, 4, gao_du, 11.45, 11.86, -5.42, 12.54, 12.45, 12.50, 11.52, 1025743.74, 1225896538, 15.20, 7.81, 7.97, 1224.32995
2017-06-22, 4, gao_du, 11.46, 11.55, -2.61, 11.86, 11.75, 11.83, 11.37, 735436, 853101189, 10.90, 3.88, 5.71, 592.345
2017-06-23, 3, zhong_du, 11.44, 11.23, -2.77, 11.55, 11.35, 11.50, 10.91, 602795.02, 674232667, 8.93, 5.11, 4.68, 808.887
2017-06-26, 3, zhong_du, 11.43, 11.32, 0.80, 11.23, 11.20, 11.38, 11.05, 443125.41, 497222723, 6.57, 2.94, 3.44, 528.37086
2017-06-27, 3, zhong_du, 11.42, 11.39, 0.62, 11.32, 11.27, 11.57, 11.13, 557538.58, 634131321, 8.26, 3.89, 4.33, 625.25892
2017-06-28, 3, zhong_du, 11.41, 11.23, -1.40, 11.39, 11.32, 11.40, 10.94, 381229.21, 423897683, 5.65, 4.04, 2.96, 737.27679
2017-06-29, 3, zhong_du, 11.40, 11.09, -1.25, 11.23, 11.22, 11.33, 11.05, 294786.68, 328790711, 4.37, 2.49, 2.29, 3591.30216
2017-06-30, 3, zhong_du, 11.38, 10.92, -1.53, 11.09, 10.94, 11.02, 10.84, 236833.79, 258764118, 3.51, 1.62, 1.84, 680.37605
2017-07-03, 3, zhong_du, 11.37, 11.40, 4.40, 10.92, 10.94, 11.42, 10.89, 470339.8, 528859484, 6.97, 4.85, 3.65, 724.78199
2017-07-04, 3, zhong_du, 11.36, 11.10, -2.63, 11.40, 11.30, 11.43, 11.08, 282359.43, 316850335, 4.18, 3.07, 2.19, 502.02203
2017-07-05, 3, zhong_du, 11.33, 10.82, -2.52, 11.10, 10.94, 10.94, 10.53, 414059.98, 443181302, 6.14, 3.69, 3.22, 2853.20592
2017-07-06, 3, zhong_du, 11.30, 10.62, -1.85, 10.82, 10.81, 10.81, 10.53, 282954, 301394531, 4.19, 2.59, 2.20, 4631.86598
2017-07-07, 3, zhong_du, 11.28, 10.70, 0.75, 10.62, 10.64, 10.72, 10.58, 213816.22, 227794355, 3.17, 1.32, 1.66, 580.65605
2017-07-10, 3, zhong_du, 11.24, 10.34, -3.36, 10.70, 10.62, 10.66, 10.22, 257969.38, 267546252, 3.82, 4.11, 2.00, 60627.20203
2017-07-11, 2, qing_du, 11.22, 10.27, -0.68, 10.34, 10.37, 10.50, 10.21, 155657.3, 161382876, 2.31, 2.80, 1.21, 595.6049
2017-07-12, 2, qing_du, 11.19, 10.45, 1.75, 10.27, 10.30, 10.47, 10.11, 223112.1, 230207351, 3.31, 3.51, 1.73, 688.69805
2017-07-13, 2, qing_du, 11.18, 10.36, -0.86, 10.45, 10.49, 10.50, 10.26, 153408.56, 158760729, 2.27, 2.30, 1.19, 785.57992
2017-07-14, 2, qing_du, --, 10.70, 3.28, 10.36, 10.35, 10.89, 10.31, 441820.86, 472581693, 6.55, 5.60, 3.43, 597.06187
2017-07-17, 2, qing_du, --, 9.63, -10.00, 10.70, 10.56, 10.59, 9.63, 382212.38, 375800674, 5.66, 8.97, 2.97, 791.99195
2017-07-18, 2, qing_du, --, 9.48, -1.56, 9.63, 9.36, 9.63, 9.17, 227317.37, 213911648, 3.37, 4.78, 1.77, 1162.99582
2017-07-19, 2, qing_du, --, 9.49, 0.11, 9.48, 9.44, 9.50, 9.22, 224500.13, 209524886, 3.33, 2.95, 1.74, 655.10082
2017-07-20, 1, wei_ruo, --, 9.48, -0.11, 9.49, 9.44, 9.76, 9.36, 222744.78, 212930108, 3.30, 4.21, 1.73, 478.18112
2017-07-21, 1, wei_ruo, --, 9.30, -1.90, 9.48, 9.39, 9.48, 9.24, 151754.08, 142258298, 2.25, 2.53, 1.18, 529.68693
2017-07-24, 1, wei_ruo, 10.84, 9.48, 1.94, 9.30, 9.19, 9.48, 9.17, 166162.19, 154794859, 2.46, 3.33, 1.29, 15719.74707
2017-07-25, 1, wei_ruo, --, 9.59, 1.16, 9.48, 9.42, 9.78, 9.40, 212308.21, 204358833, 3.15, 4.01, 1.65, 847.21994
2017-07-26, 1, wei_ruo, --, 9.49, -1.04, 9.59, 9.52, 9.73, 9.41, 136571.26, 130262982, 2.02, 3.34, 1.06, 1435.12702
2017-07-27, 1, wei_ruo, 10.73, 10.01, 5.48, 9.49, 9.58, 10.16, 9.37, 380252.37, 375992243, 5.64, 8.32, 2.95, 1965.33203
2017-07-28, 1, wei_ruo, 10.70, 9.88, -1.30, 10.01, 9.90, 9.98, 9.73, 218592.1, 215331698, 3.24, 2.50, 1.70, 730.99089
2017-07-31, 1, wei_ruo, 10.68, 9.86, -0.20, 9.88, 9.82, 9.88, 9.67, 166444.3, 162804717, 2.47, 2.13, 1.29, 892.5612
2017-08-01, 1, wei_ruo, 10.65, 10.03, 1.72, 9.86, 9.87, 10.33, 9.87, 273374.89, 275990155, 4.05, 4.67, 2.12, 712.54802
2017-08-02, 1, wei_ruo, 10.63, 10.27, 2.39, 10.03, 10.03, 10.45, 9.98, 356916.62, 367329784, 5.29, 4.69, 2.77, 15830.14297
2017-08-03, 1, wei_ruo, 10.62, 10.21, -0.58, 10.27, 10.17, 10.30, 10.05, 202558.39, 205666575, 3.00, 2.43, 1.57, 744.75694
2017-08-04, 1, wei_ruo, 10.59, 9.76, -4.41, 10.21, 10.12, 10.18, 9.72, 219280.93, 218246992, 3.25, 4.51, 1.70, 1097.0211
2017-08-07, 1, wei_ruo, 10.58, 9.82, 0.61, 9.76, 9.79, 9.94, 9.73, 104509.51, 102586794, 1.55, 2.15, 0.81, 721.93789
2017-08-08, 1, wei_ruo, 10.56, 9.78, -0.41, 9.82, 9.86, 9.86, 9.57, 134096.13, 129946898, 1.99, 2.95, 1.04, 577.47912
2017-08-09, 1, wei_ruo, 10.55, 9.75, -0.31, 9.78, 9.77, 9.81, 9.62, 88703.91, 86322903, 1.31, 1.94, 0.69, 676.86105
2017-08-10, 1, wei_ruo, 10.54, 9.58, -1.74, 9.75, 9.72, 9.77, 9.52, 104610.52, 100807751, 1.55, 2.56, 0.81, 686.11312
2017-08-11, 1, wei_ruo, 10.52, 9.55, -0.31, 9.58, 9.52, 9.77, 9.42, 118804.33, 114139096, 1.76, 3.65, 0.92, 2565.75608
2017-08-14, 1, wei_ruo, 10.51, 9.77, 2.30, 9.55, 9.50, 9.80, 9.50, 106820.6, 103743450, 1.58, 3.14, 0.83, 739.00914
2017-08-15, 1, wei_ruo, 10.49, 10.11, 3.48, 9.77, 9.78, 10.19, 9.73, 226776.44, 226622689, 3.36, 4.71, 1.76, 782.16696
2017-08-16, 1, wei_ruo, 10.44, 10.19, 1.19, 10.07, 10.02, 10.28, 9.90, 252659.69, 255911963, 3.74, 3.77, 1.96, 1831.3899
2017-08-17, 1, wei_ruo, 10.43, 10.13, -0.59, 10.19, 10.15, 10.24, 9.98, 177476.44, 179087298, 2.63, 2.55, 1.38, 4610.19897
2017-08-18, 1, wei_ruo, 10.42, 9.97, -1.58, 10.13, 10.01, 10.10, 9.95, 130597.13, 130732694, 1.94, 1.48, 1.01, 2660.41589
2017-08-21, 1, wei_ruo, 10.42, 10.07, 1.00, 9.97, 9.94, 10.12, 9.93, 107495.45, 107953673, 1.59, 1.91, 0.84, 871.99283
2017-08-22, 1, wei_ruo, 10.41, 9.98, -0.89, 10.07, 10.03, 10.07, 9.93, 100459.15, 100151322, 1.49, 1.39, 0.78, 588.27615
2017-08-23, 1, wei_ruo, 10.40, 10.08, 1.00, 9.98, 10.00, 10.24, 9.94, 194335.76, 196678534, 2.88, 3.01, 1.51, 883.11887
2017-08-24, 1, wei_ruo, 10.38, 9.66, -4.17, 10.08, 10.00, 10.05, 9.58, 205840.07, 200252799, 3.05, 4.66, 1.60, 783.88
2017-08-25, 1, wei_ruo, 10.37, 9.71, 0.52, 9.66, 9.61, 9.74, 9.55, 84868.62, 82166880, 1.26, 1.97, 0.66, 1345.49904
2017-08-28, 1, wei_ruo, 10.36, 9.79, 0.82, 9.71, 9.80, 9.88, 9.71, 121131.81, 118853042, 1.80, 1.75, 0.94, 716.61115
2017-08-29, 1, wei_ruo, 10.35, 9.74, -0.51, 9.79, 9.78, 9.95, 9.71, 109707.8, 107869087, 1.63, 2.45, 0.85, 1416.00013
2017-08-30, 1, wei_ruo, 10.34, 9.79, 0.51, 9.74, 9.70, 9.85, 9.70, 90707.01, 88603048, 1.34, 1.54, 0.70, 751.3051
2017-08-31, 1, wei_ruo, 10.33, 9.88, 0.92, 9.79, 9.80, 9.95, 9.71, 83019.07, 81646010, 1.23, 2.45, 1.29, 2714.82706
2017-09-01, 1, wei_ruo, 10.33, 9.88, 0.92, 9.79, 9.80, 9.95, 9.71, 83019.07, 81646010, 1.23, 2.45, 1.29, 769.59896
2017-09-04, 1, wei_ruo, 10.32, 10.03, 1.01, 9.93, 9.82, 10.10, 9.76, 179506.27, 178729146, 2.66, 3.42, 1.39, 2664.22009
2017-09-05, 2, qing_du, 10.31, 10.06, 0.30, 10.03, 10.05, 10.15, 9.93, 156219.3, 156784051, 2.32, 2.19, 1.21, 564.92186
2017-09-06, 2, qing_du, 10.30, 9.98, -0.80, 10.06, 10.01, 10.04, 9.88, 125067.41, 124602438, 1.85, 1.59, 0.97, 642.4861
2017-09-07, 2, qing_du, 10.29, 9.96, -0.20, 9.98, 10.04, 10.26, 9.95, 237595.97, 240393742, 3.52, 3.11, 1.85, 852.70905
2017-09-08, 3, zhong_du, 10.29, 9.88, 0.92, 9.79, 9.80, 9.95, 9.71, 83019.07, 81646010, 1.23, 2.45, 1.29, 2647.77088
2017-09-11, 3, zhong_du, 10.29, 9.88, 0.92, 9.79, 9.80, 9.95, 9.71, 83019.07, 81646010, 1.23, 2.45, 1.29, 3182.59716
2017-09-12, 3, zhong_du, 10.29, 10.49, 2.04, 10.28, 10.26, 10.70, 10.03, 303235.56, 312678483, 4.49, 6.52, 2.36, 651.63612
2017-09-13, 3, zhong_du, 10.30, 10.33, -1.53, 10.49, 10.34, 10.44, 10.24, 174234.77, 179907610, 2.58, 1.91, 1.35, 640.64598
2017-09-14, 3, zhong_du, 10.29, 10.15, -1.74, 10.33, 10.36, 10.44, 10.13, 170175.03, 174230287, 2.52, 3.00, 1.32, 714.48302
2017-09-15, 3, zhong_du, 10.29, 10.16, 0.10, 10.15, 10.16, 10.25, 10.05, 111634.85, 113286094, 1.65, 1.97, 0.87, 20860.36301
2017-09-18, 3, zhong_du, 10.29, 10.17, 0.10, 10.16, 10.07, 10.23, 10.06, 87511.77, 88793187, 1.30, 1.67, 0.68, 652.64201
2017-09-19, 3, zhong_du, 10.29, 10.05, -1.18, 10.17, 10.17, 10.21, 10.02, 105314.02, 106227062, 1.56, 1.87, 0.82, 803.65014
2017-09-20, 3, zhong_du, 10.28, 10.21, 1.59, 10.05, 10.06, 10.30, 9.99, 179044.73, 182584789, 2.65, 3.08, 1.39, 675.83799
2017-09-21, 2, qing_du, 10.28, 9.99, -2.15, 10.21, 10.18, 10.18, 9.98, 140646.91, 141560257, 2.08, 1.96, 1.09, 822.06392
2017-09-22, 2, qing_du, 10.27, 9.74, -2.50, 9.99, 9.98, 10.04, 9.72, 128757.25, 126276824, 1.91, 3.20, 1.00, 612.88095
2017-09-25, 2, qing_du, 10.26, 9.56, -1.85, 9.74, 9.77, 9.85, 9.51, 85327.09, 82700302, 1.26, 3.49, 0.66, 643.20493
2017-09-26, 1, wei_ruo, 10.26, 9.62, 0.63, 9.56, 9.56, 9.65, 9.55, 52874.05, 50698791, 0.78, 1.05, 0.41, 2829.73003
2017-09-27, 1, wei_ruo, 10.25, 9.65, 0.31, 9.62, 9.68, 9.68, 9.59, 48516.22, 46735062, 0.72, 0.94, 0.38, 701.94316
2017-09-28, 1, wei_ruo, 10.25, 9.59, -0.62, 9.65, 9.62, 9.73, 9.56, 66559.83, 64045748, 0.99, 1.76, 0.52, 823.69018
2017-09-29, 1, wei_ruo, 10.24, 9.63, 0.42, 9.59, 9.61, 9.72, 9.59, 58601.75, 56583056, 0.87, 1.36, 0.46, 790.81297
2017-10-10, 1, wei_ruo, 10.23, 10.03, 2.66, 9.77, 9.79, 10.09, 9.71, 152284.58, 151395744, 2.26, 3.89, 1.18, 599.95699
2017-10-12, 1, wei_ruo, 10.22, 9.96, -0.40, 10.00, 9.96, 10.06, 9.86, 78587.79, 78254700, 1.16, 2.00, 0.61, 786.515
2017-10-13, 1, wei_ruo, 10.22, 9.93, -0.30, 9.96, 9.97, 9.97, 9.84, 69000.1, 68323057, 1.02, 1.31, 0.54, 710.54602
2017-10-16, 1, wei_ruo, 10.21, 9.62, -3.12, 9.93, 9.91, 9.92, 9.56, 130736.94, 126618417, 1.94, 3.63, 1.02, 1052.68192
2017-10-17, 1, wei_ruo, 10.20, 9.63, 0.10, 9.62, 9.63, 9.66, 9.58, 44113.54, 42465724, 0.65, 0.83, 0.34, 494.36212
2017-10-18, 1, wei_ruo, 10.19, 9.78, 1.56, 9.63, 9.63, 10.28, 9.60, 206469.77, 205896961, 3.06, 7.06, 1.60, 723.75894
2017-10-19, 1, wei_ruo, 10.19, 9.59, -1.94, 9.78, 9.63, 9.70, 9.52, 107540.15, 103122764, 1.59, 1.84, 0.84, 924.79992
2017-10-20, 1, wei_ruo, 10.18, 9.63, 0.42, 9.59, 9.60, 9.65, 9.36, 73135.64, 69787456, 1.08, 3.02, 0.57, 614.604
2017-10-23, 1, wei_ruo, 10.17, 9.64, 0.10, 9.63, 9.61, 9.71, 9.57, 48665.11, 46899483, 0.72, 1.45, 0.38, 1562.16788
2017-10-24, 1, wei_ruo, 10.17, 9.56, -0.83, 9.64, 9.70, 9.71, 9.50, 61927.87, 59292070, 0.92, 2.18, 0.48, 746.90795
2017-10-25, 1, wei_ruo, 10.17, 9.59, 0.31, 9.56, 9.51, 9.62, 9.51, 48053.4, 46011548, 0.71, 1.15, 0.37, 722.91589
2017-10-26, 1, wei_ruo, 10.15, 9.76, 1.77, 9.59, 9.70, 10.15, 9.66, 240080.4, 237903643, 3.56, 5.11, 1.87, 706.19893
2017-10-27, 1, wei_ruo, 10.15, 9.61, -1.54, 9.76, 9.66, 9.70, 9.53, 110936.62, 106558931, 1.64, 1.74, 0.86, 712.26096
2017-10-30, 1, wei_ruo, 10.12, 8.95, -6.87, 9.61, 9.46, 9.48, 8.71, 175796.56, 159791876, 2.11, 8.01, 1.37, 758.69107
2017-10-31, 1, wei_ruo, 10.11, 9.03, 0.89, 8.95, 8.88, 9.06, 8.85, 55549.8, 49824776, 0.67, 2.35, 0.43, 804.19588
2017-11-01, 1, wei_ruo, 10.10, 8.97, -0.66, 9.03, 9.09, 9.09, 8.96, 50436.39, 45472201, 0.61, 1.44, 0.39, 720.52002
2017-11-02, 1, wei_ruo, 10.09, 8.78, -2.12, 8.97, 8.89, 8.96, 8.71, 65969.13, 58153881, 0.79, 2.79, 0.51, 803.00117
2017-11-03, 1, wei_ruo, 10.08, 8.72, -0.68, 8.78, 8.78, 8.84, 8.63, 48120, 42114780, 0.58, 2.39, 0.37, 707.79896
2017-11-06, 1, wei_ruo, 10.07, 8.83, 1.26, 8.72, 8.70, 8.87, 8.68, 38176.02, 33556150, 0.46, 2.18, 0.30, 817.43479
2017-11-07, 1, wei_ruo, 10.06, 8.93, 1.13, 8.83, 8.88, 9.01, 8.76, 59982.45, 53264775, 0.72, 2.83, 0.47, 2390.50198
2017-11-09, 1, wei_ruo, 10.05, 8.86, 0.34, 8.83, 8.88, 8.89, 8.76, 24748.44, 21855148, 0.30, 1.47, 0.38, 789.85405
2017-11-10, 1, wei_ruo, 10.04, 8.88, -0.78, 8.95, 8.92, 8.95, 8.84, 54686.77, 48571657, 0.66, 1.23, 1.05, 810.41002
2017-11-13, 1, wei_ruo, 10.03, 8.77, -1.24, 8.88, 8.85, 8.93, 8.75, 52639.1, 46470412, 0.63, 2.03, 0.99, 748.37089
2017-11-14, 1, wei_ruo, 10.02, 8.71, -0.68, 8.77, 8.83, 8.85, 8.66, 57130.9, 49878025, 0.69, 2.17, 1.02, 2329.005
2017-11-15, 1, wei_ruo, 10.01, 9.02, 3.56, 8.71, 8.67, 9.05, 8.63, 115593.88, 102500315, 1.39, 4.82, 2.08, 1059.27205
2017-11-16, 1, wei_ruo, 10.00, 8.85, -1.88, 9.02, 9.00, 9.00, 8.84, 60570.04, 53919796, 0.73, 1.77, 0.91, 1439.49485
2017-11-17, 1, wei_ruo, 9.98, 8.42, -4.86, 8.85, 8.85, 8.85, 8.30, 92496.47, 79188038, 1.11, 6.21, 1.36, 613.33418
2017-11-20, 1, wei_ruo, 9.97, 8.37, -0.59, 8.42, 8.30, 8.41, 8.11, 55398.31, 45670856, 0.67, 3.56, 0.73, 696.28692
2017-11-21, 1, wei_ruo, 9.96, 8.29, -0.96, 8.37, 8.33, 8.44, 8.27, 42259.44, 35166042, 0.51, 2.03, 0.55, 800.47584
2017-11-22, 1, wei_ruo, 9.95, 8.32, 0.36, 8.29, 8.26, 8.33, 8.24, 43120, 35723979, 0.52, 1.09, 0.59, 709.56492
2017-11-23, 1, wei_ruo, 9.94, 8.22, -1.20, 8.32, 8.32, 8.45, 8.21, 71279.01, 59348275, 0.86, 2.88, 1.21, 718.81008
2017-11-24, 1, wei_ruo, 9.93, 8.07, -1.82, 8.22, 8.10, 8.21, 8.01, 56373.56, 45689045, 0.68, 2.43, 0.93, 649.20402
2017-11-27, 1, wei_ruo, 9.92, 8.04, -0.37, 8.07, 8.10, 8.16, 8.02, 36465.15, 29462432, 0.44, 1.73, 0.68, 717.04388
2017-11-28, 1, wei_ruo, 9.91, 8.14, 1.24, 8.04, 8.10, 8.18, 8.02, 36847.68, 29813987, 0.44, 1.99, 0.74, 607.46789
2017-11-29, 1, wei_ruo, 9.90, 8.06, -0.98, 8.14, 8.14, 8.18, 7.97, 63190.82, 50811546, 0.76, 2.58, 1.29, 977.9911
2017-11-30, 1, wei_ruo, 9.89, 8.00, -0.74, 8.06, 8.10, 8.11, 7.99, 47154.87, 37882843, 0.57, 1.49, 0.89, 244849.44797
2017-12-01, 1, wei_ruo, 9.87, 8.17, 2.13, 8.00, 8.04, 8.40, 8.00, 77909, 63908188, 0.94, 5.00, 1.62, 961.41291
2017-12-04, 1, wei_ruo, 9.86, 7.98, -2.33, 8.17, 8.02, 8.10, 7.97, 58579.15, 47040157, 0.70, 1.59, 1.12, 2132.81918
2017-12-05, 1, wei_ruo, 9.84, 7.66, -4.01, 7.98, 8.00, 8.03, 7.60, 72035.2, 56254100, 0.87, 5.39, 1.27, 687.01386
2017-12-06, 1, wei_ruo, 9.83, 7.72, 0.78, 7.66, 7.61, 7.74, 7.58, 46408.58, 35549059, 0.56, 2.09, 0.73, 583.992
2017-12-07, 1, wei_ruo, 9.82, 7.70, -0.26, 7.72, 7.70, 7.79, 7.67, 44613.86, 34430040, 0.54, 1.55, 0.74, 650.74301
2017-12-08, 1, wei_ruo, 9.80, 7.74, 0.52, 7.70, 7.71, 7.78, 7.67, 50583.85, 39149375, 0.61, 1.43, 0.84, 615.59606
2017-12-11, 1, wei_ruo, 9.79, 7.82, 1.03, 7.74, 7.75, 7.87, 7.71, 61120.97, 47750901, 0.73, 2.07, 1.12, 720.59298
2017-12-12, 1, wei_ruo, 9.77, 7.74, -1.02, 7.82, 7.83, 7.95, 7.72, 72086.1, 56407051, 0.87, 2.94, 1.31, 2924.03102
2017-12-13, 1, wei_ruo, 9.76, 7.73, -0.13, 7.74, 7.73, 7.77, 7.65, 52517.85, 40438002, 0.63, 1.55, 0.96, 673.65193
2017-12-14, 1, wei_ruo, 9.75, 7.68, -0.65, 7.73, 7.71, 7.72, 7.63, 39460.53, 30239326, 0.47, 1.16, 0.70, 818.7449
2017-12-15, 1, wei_ruo, 9.73, 7.79, 1.43, 7.68, 7.69, 7.81, 7.65, 67991.63, 52678939, 0.82, 2.08, 1.23, 702.00706
2017-12-18, 1, wei_ruo, 9.70, 7.87, 1.03, 7.79, 7.99, 8.16, 7.85, 134763.76, 107648832, 1.62, 3.98, 2.30, 433.75015
2017-12-19, 1, wei_ruo, 9.69, 7.89, 0.25, 7.87, 7.81, 7.98, 7.81, 69123.28, 54598746, 0.83, 2.16, 0.94, 770.35093
2017-12-20, 1, wei_ruo, 9.68, 7.73, -2.03, 7.89, 7.87, 7.90, 7.70, 57589.57, 44901544, 0.69, 2.53, 0.79, 2709.77902
2017-12-21, 1, wei_ruo, 9.66, 7.64, -1.16, 7.73, 7.73, 7.73, 7.51, 65049.28, 49498389, 0.78, 2.85, 0.88, 2105.04913
2017-12-22, 1, wei_ruo, 9.65, 7.53, -1.44, 7.64, 7.60, 7.66, 7.52, 48289.67, 36619013, 0.58, 1.83, 0.61, 589.07008
2017-12-25, 1, wei_ruo, 9.61, 7.19, -4.52, 7.53, 7.52, 7.57, 7.03, 125528.92, 90974516, 1.51, 7.17, 1.67, 756.09112
2017-12-26, 1, wei_ruo, 9.59, 7.21, 0.28, 7.19, 7.16, 7.23, 7.07, 60839.73, 43581423, 0.73, 2.23, 0.83, 447.54219
2017-12-27, 1, wei_ruo, 9.57, 7.31, 1.39, 7.21, 7.22, 7.35, 7.12, 74567.95, 53887567, 0.90, 3.19, 1.04, 605.85999
2017-12-29, 1, wei_ruo, 9.53, 7.35, 0.96, 7.28, 7.29, 7.39, 7.21, 66661.11, 48711511, 0.80, 2.47, 0.83, 1059.42607
2018-01-03, 1, wei_ruo, 9.50, 7.44, 1.22, 7.35, 7.32, 7.44, 7.30, 72951.91, 53899655, 0.88, 1.90, 1.07, 651.0601
2018-01-04, 1, wei_ruo, 9.48, 7.43, -0.13, 7.44, 7.43, 7.49, 7.35, 65170.78, 48311266, 0.78, 1.88, 0.92, 791.08906
2018-01-05, 1, wei_ruo, 9.47, 7.46, 0.40, 7.43, 7.43, 7.50, 7.39, 59106.78, 43979530, 0.71, 1.48, 0.86, 630.14698
2018-01-08, 1, wei_ruo, 9.45, 7.39, -0.94, 7.46, 7.47, 7.47, 7.30, 55147.92, 40655402, 0.66, 2.28, 0.82, 631.69003
2018-01-09, 1, wei_ruo, 9.39, 8.13, 10.01, 7.39, 7.52, 8.13, 7.50, 345888.85, 272607995, 4.15, 8.53, 5.42, 680.233
2018-01-10, 1, wei_ruo, 9.36, 8.94, 9.96, 8.13, 8.94, 8.94, 8.70, 545845.82, 486790750, 6.56, 2.95, 4.56, 120781.62694
2018-01-15, 1, wei_ruo, 9.28, 8.19, -8.39, 8.94, 8.48, 8.76, 8.13, 653288.77, 550532599, 7.85, 7.05, 3.05, 638.07893
2018-01-16, 2, qing_du, 9.22, 9.01, 10.01, 8.19, 8.19, 9.01, 7.85, 676249.24, 560601009, 8.12, 14.16, 2.04, 636.36899
2018-01-18, 2, qing_du, 9.17, 8.23, -8.66, 9.01, 8.12, 8.56, 8.11, 478918.53, 397712294, 5.75, 4.99, 1.05, 460.15406
2018-01-19, 2, qing_du, 9.14, 8.06, -2.07, 8.23, 8.35, 8.44, 8.01, 289162.36, 236620338, 3.47, 5.22, 0.54, 1123.45791
2018-01-22, 2, qing_du, 9.10, 7.95, -1.36, 8.06, 7.80, 8.18, 7.66, 221369.54, 174711710, 2.66, 6.45, 0.42, 569.75198
2018-01-23, 1, wei_ruo, 9.08, 7.91, -0.50, 7.95, 7.89, 8.07, 7.84, 155159.5, 123229032, 1.86, 2.89, 0.33, 1060.05287
2018-01-24, 1, wei_ruo, 9.05, 8.31, 5.06, 7.91, 7.89, 8.37, 7.82, 327208.66, 266854596, 3.93, 6.95, 0.90, 2596.57502
2018-01-25, 1, wei_ruo, 9.02, 8.12, -2.29, 8.31, 8.21, 8.55, 8.11, 256919.27, 212977541, 3.09, 5.29, 0.87, 694.875
2018-01-26, 1, wei_ruo, 9.01, 8.09, -0.37, 8.12, 8.05, 8.27, 8.05, 148210.52, 120644012, 1.78, 2.71, 0.59, 663.10406
2018-01-29, 1, wei_ruo, 8.98, 8.22, 1.61, 8.09, 8.04, 8.27, 7.95, 223839.65, 182006399, 2.69, 3.96, 1.01, 739.89296
2018-01-30, 2, qing_du, 8.96, 7.93, -3.53, 8.22, 8.15, 8.25, 7.89, 158625.58, 127888790, 1.90, 4.38, 0.71, 1089.90693
2018-01-31, 1, wei_ruo, 8.91, 7.14, -9.96, 7.93, 7.20, 7.45, 7.14, 269600.36, 194651407, 3.24, 3.91, 1.21, 656.63505
2018-02-01, 1, wei_ruo, 8.85, 6.44, -9.80, 7.14, 7.07, 7.07, 6.43, 223896.64, 149860989, 2.69, 8.96, 1.06, 753.62802
2018-02-02, 1, wei_ruo, 8.81, 6.44, 0.00, 6.44, 6.46, 6.60, 6.24, 114693.51, 74153882, 1.38, 5.59, 0.56, 722.61596
2018-02-05, 1, wei_ruo, 8.79, 6.45, 0.16, 6.44, 6.46, 6.65, 6.32, 83490.01, 54233403, 1.00, 5.12, 0.42, 864.53795
2018-02-06, 1, wei_ruo, 8.74, 5.81, -9.92, 6.45, 6.21, 6.38, 5.81, 147673.26, 89463385, 1.77, 8.84, 0.87, 536.42106
2018-02-07, 1, wei_ruo, 8.70, 6.00, 3.27, 5.81, 5.98, 6.13, 5.79, 118593.52, 70869764, 1.42, 5.85, 0.71, 1072.09301
2018-02-08, 1, wei_ruo, 8.67, 6.09, 1.50, 6.00, 5.99, 6.14, 5.92, 91239.54, 55453297, 1.10, 3.67, 0.78, 793.50591
2018-02-09, 1, wei_ruo, 8.65, 5.99, -1.64, 6.09, 5.92, 6.09, 5.87, 85865.42, 51284700, 1.03, 3.61, 0.84, 772.77398
2018-02-12, 1, wei_ruo, 8.62, 6.19, 3.34, 5.99, 6.06, 6.22, 6.04, 79134.98, 48782367, 0.95, 3.01, 0.90, 708.42695
2018-02-13, 1, wei_ruo, 8.60, 6.13, -0.97, 6.19, 6.15, 6.25, 6.12, 88735.64, 54850355, 1.07, 2.10, 1.08, 617.42091
2018-02-14, 1, wei_ruo, 8.58, 6.17, 0.65, 6.13, 6.20, 6.23, 6.11, 44173.6, 27269581, 0.53, 1.96, 0.52, 760.13494
