2015-08-20, 3, zhong_du, 9.44, 9.87, 7.52, 9.18, 9.15, 10.10, 8.92, 2619809.96, 2595047773, 5.76, 12.85, 2.69, 839.59389
2015-08-21, 3, zhong_du, 9.43, 8.88, -10.03, 9.87, 9.36, 9.58, 8.88, 1597919.32, 1459981620, 3.51, 7.09, 1.26, 973.21892
2015-08-25, 3, zhong_du, 9.36, 7.19, -10.01, 7.99, 7.28, 7.55, 7.19, 946686.68, 687772234, 2.08, 4.51, 0.70, 1074.02611
2015-08-26, 2, qing_du, 9.31, 6.84, -4.87, 7.19, 7.30, 7.63, 6.64, 871498.3, 624440906, 1.91, 13.77, 0.64, 902.56906
2015-10-29, 2, qing_du, 8.83, 7.79, 0.26, 7.77, 7.82, 7.84, 7.74, 205050.51, 159862613, 0.45, 1.29, 0.65, 1308.75182
2015-10-30, 2, qing_du, 8.83, 7.77, -0.26, 7.79, 7.80, 7.84, 7.71, 192933.22, 149983383, 0.42, 1.67, 0.65, 1227.51594
2015-11-02, 2, qing_du, 8.82, 7.59, -2.32, 7.77, 7.71, 7.76, 7.58, 201730.52, 155067596, 0.44, 2.32, 0.79, 1148.61488
2015-11-03, 2, qing_du, 8.82, 7.54, -0.66, 7.59, 7.63, 7.67, 7.49, 170523.91, 129214930, 0.37, 2.37, 0.76, 1231.19712
2015-11-04, 2, qing_du, 8.81, 7.85, 4.11, 7.54, 7.58, 7.87, 7.56, 446348.07, 346676295, 0.98, 4.11, 2.18, 221.57598
2015-11-05, 2, qing_du, 8.79, 8.06, 2.68, 7.85, 7.87, 8.25, 7.84, 739517.62, 593999740, 1.62, 5.22, 3.04, 1198.89212
2015-11-06, 3, zhong_du, 8.78, 8.29, 2.85, 8.06, 8.07, 8.36, 8.02, 763450.47, 622856020, 1.68, 4.22, 2.18, 1123.75808
2015-11-09, 3, zhong_du, 8.78, 8.32, 0.36, 8.29, 8.26, 8.42, 8.21, 676674.4, 563845256, 1.49, 2.53, 1.46, 1116.98198
2015-11-10, 4, gao_du, 8.77, 8.25, -0.84, 8.32, 8.25, 8.32, 8.17, 408274.84, 336841778, 0.90, 1.80, 0.73, 336.07793
2015-11-11, 4, gao_du, 8.77, 8.27, 0.24, 8.25, 8.22, 8.29, 8.17, 320155.78, 263810009, 0.70, 1.45, 0.53, 295.05205
2015-11-12, 4, gao_du, 8.76, 8.15, -1.45, 8.27, 8.28, 8.28, 8.06, 379375.67, 309078231, 0.83, 2.66, 0.65, 232.70297
2015-11-13, 4, gao_du, 8.76, 8.13, -0.25, 8.15, 8.08, 8.28, 8.06, 369241.42, 302388400, 0.81, 2.70, 0.72, 1030.88903
2015-11-16, 4, gao_du, 8.75, 8.08, -0.62, 8.13, 8.01, 8.09, 7.93, 301917.74, 242690704, 0.66, 1.97, 0.70, 2829.97918
2015-11-17, 4, gao_du, 8.75, 8.10, 0.25, 8.08, 8.13, 8.25, 8.08, 390938.3, 319950404, 0.86, 2.10, 1.10, 1043.50591
2015-11-18, 4, gao_du, 8.74, 8.02, -0.99, 8.10, 8.10, 8.15, 8.00, 231806.2, 186843817, 0.51, 1.85, 0.66, 450.13499
2015-11-19, 4, gao_du, 8.74, 8.07, 0.62, 8.02, 8.07, 8.09, 7.97, 259161.3, 207902880, 0.57, 1.50, 0.77, 32457.17311
2015-11-20, 4, gao_du, 8.74, 8.05, -0.25, 8.07, 8.08, 8.09, 8.02, 252514.78, 203544334, 0.55, 0.87, 0.81, 273.85521
2015-11-23, 4, gao_du, 8.73, 8.03, -0.25, 8.05, 8.05, 8.08, 8.01, 286573.22, 230500143, 0.63, 0.87, 1.00, 1090.81793
2015-11-24, 4, gao_du, 8.73, 7.97, -0.75, 8.03, 8.03, 8.05, 7.89, 220223.74, 174783718, 0.48, 1.99, 0.77, 1020.39409
2015-11-25, 4, gao_du, 8.72, 7.99, 0.25, 7.97, 7.95, 8.00, 7.91, 240319.57, 191308687, 0.53, 1.13, 0.96, 906.66604
2015-11-26, 4, gao_du, 8.72, 8.00, 0.13, 7.99, 7.99, 8.05, 7.98, 258600.06, 207252321, 0.57, 0.88, 1.03, 802.93989
2015-11-27, 3, zhong_du, 8.71, 7.53, -5.88, 8.00, 7.99, 8.00, 7.48, 393847.19, 304198450, 0.87, 6.50, 1.57, 289.79397
2015-11-30, 3, zhong_du, 8.70, 7.59, 0.80, 7.53, 7.60, 7.68, 7.33, 261675.21, 197203874, 0.57, 4.65, 0.93, 278.25785
2015-12-01, 2, qing_du, 8.70, 7.65, 0.79, 7.59, 7.60, 7.73, 7.54, 206835.05, 157532821, 0.45, 2.50, 0.75, 1078.77803
2015-12-02, 2, qing_du, 8.69, 7.86, 2.75, 7.65, 7.63, 7.87, 7.55, 270715.53, 209766308, 0.59, 4.18, 0.99, 862.85186
2015-12-03, 2, qing_du, 8.69, 7.84, -0.25, 7.86, 7.86, 7.86, 7.75, 202281.6, 158272053, 0.44, 1.40, 0.73, 805.897
2015-12-04, 2, qing_du, 8.69, 7.65, -2.42, 7.84, 7.79, 7.82, 7.62, 227601.97, 175514010, 0.50, 2.55, 0.85, 243.8798
2015-12-07, 2, qing_du, 8.68, 7.67, 0.26, 7.65, 7.68, 7.70, 7.61, 131657.61, 100764695, 0.29, 1.18, 0.56, 511.49893
2015-12-08, 2, qing_du, 8.68, 7.45, -2.87, 7.67, 7.62, 7.64, 7.43, 184416.22, 138865869, 0.41, 2.74, 0.89, 716.00294
2015-12-09, 1, wei_ruo, 8.67, 7.41, -0.54, 7.45, 7.42, 7.48, 7.40, 143851.04, 106967180, 0.32, 1.07, 0.71, 2546.63205
2015-12-10, 1, wei_ruo, 8.67, 7.38, -0.40, 7.41, 7.41, 7.49, 7.36, 180279.31, 133813272, 0.40, 1.75, 1.01, 764.01997
2015-12-11, 1, wei_ruo, 8.66, 7.32, -0.81, 7.38, 7.39, 7.42, 7.29, 158271.34, 116154469, 0.35, 1.76, 0.91, 422.17612
2015-12-14, 1, wei_ruo, 8.66, 7.49, 2.32, 7.32, 7.29, 7.56, 7.25, 248202.2, 183632402, 0.55, 4.23, 1.55, 1318.56298
2015-12-15, 1, wei_ruo, 8.65, 7.39, -1.34, 7.49, 7.49, 7.52, 7.35, 217948.2, 161815517, 0.48, 2.27, 1.19, 919.52419
2015-12-16, 1, wei_ruo, 8.65, 7.38, -0.14, 7.39, 7.41, 7.43, 7.36, 149348.04, 110482317, 0.33, 0.95, 0.79, 314.47291
2015-12-17, 1, wei_ruo, 8.64, 7.53, 2.03, 7.38, 7.43, 7.54, 7.42, 276198.88, 206971929, 0.61, 1.63, 1.45, 843.44697
2015-12-18, 1, wei_ruo, 8.64, 7.52, -0.13, 7.53, 7.51, 7.59, 7.49, 217035.9, 163412281, 0.48, 1.33, 1.03, 743.41583
2015-12-21, 1, wei_ruo, 8.63, 7.64, 1.60, 7.52, 7.54, 7.68, 7.52, 296976.24, 226018030, 0.65, 2.13, 1.34, 2231.08196
2015-12-22, 1, wei_ruo, 8.62, 7.82, 2.36, 7.64, 7.84, 7.97, 7.78, 552551.26, 434678975, 1.21, 2.49, 2.39, 675.25005
2015-12-23, 1, wei_ruo, 8.61, 7.72, -1.28, 7.82, 7.75, 7.83, 7.70, 312882.42, 242600969, 0.69, 1.66, 1.05, 786.11493
2015-12-24, 1, wei_ruo, 8.61, 7.65, -0.91, 7.72, 7.69, 7.72, 7.57, 215212.83, 164253914, 0.47, 1.94, 0.65, 1156.36015
2015-12-25, 1, wei_ruo, 8.61, 7.70, 0.65, 7.65, 7.65, 7.75, 7.65, 149897.33, 115410131, 0.33, 1.31, 0.47, 812.97588
2015-12-28, 1, wei_ruo, 8.60, 7.54, -2.08, 7.70, 7.73, 7.76, 7.53, 194790.64, 149139904, 0.43, 2.99, 0.64, 1371.8009
2015-12-29, 1, wei_ruo, 8.60, 7.57, 0.40, 7.54, 7.52, 7.58, 7.49, 115969.92, 87389612, 0.25, 1.19, 0.41, 883.58998
2015-12-30, 1, wei_ruo, 8.60, 7.57, 0.00, 7.57, 7.54, 7.59, 7.52, 109185.63, 82437837, 0.24, 0.92, 0.38, 2864.88891
2015-12-31, 1, wei_ruo, 8.59, 7.55, -0.26, 7.57, 7.56, 7.65, 7.54, 138722.56, 105223019, 0.30, 1.45, 0.49, 897.43304
2016-01-04, 1, wei_ruo, 8.59, 7.04, -6.75, 7.55, 7.55, 7.55, 7.03, 176620.86, 129457527, 0.39, 6.89, 0.96, 877.08783
2016-01-05, 1, wei_ruo, 8.58, 7.11, 0.99, 7.04, 7.00, 7.24, 6.94, 254149.19, 180045973, 0.56, 4.26, 0.89, 1470.66784
2016-01-06, 1, wei_ruo, 8.57, 7.31, 2.81, 7.11, 7.12, 7.33, 7.12, 181671.13, 131189834, 0.40, 2.95, 0.64, 958.22692
2016-01-07, 1, wei_ruo, 8.57, 6.82, -6.70, 7.31, 7.22, 7.24, 6.75, 74072, 52201119, 0.16, 6.70, 2.08, 674.58701
2016-01-08, 1, wei_ruo, 8.57, 7.25, 6.30, 6.82, 7.06, 7.35, 6.85, 361324.97, 255599990, 0.79, 7.33, 1.27, 2067.74592
2016-01-11, 1, wei_ruo, 8.63, 6.81, -6.07, 7.25, 7.10, 7.16, 6.80, 190778.64, 133677704, 0.42, 4.97, 0.67, 3063.98821
2016-01-12, 1, wei_ruo, 8.62, 6.88, 1.03, 6.81, 6.85, 6.98, 6.80, 133554.36, 92097341, 0.29, 2.64, 0.47, 1335.73294
2016-01-13, 1, wei_ruo, 8.62, 6.71, -2.47, 6.88, 6.93, 6.99, 6.70, 120022.92, 82370944, 0.26, 4.22, 0.42, 1144.49
2016-01-14, 1, wei_ruo, 8.61, 6.76, 0.75, 6.71, 6.60, 6.78, 6.51, 164893.57, 109627113, 0.36, 4.02, 0.58, 705.77502
2016-01-15, 1, wei_ruo, 8.60, 6.38, -5.62, 6.76, 6.77, 6.77, 6.34, 194237.35, 127118811, 0.43, 6.36, 0.68, 1414.68096
2016-01-18, 1, wei_ruo, 8.60, 6.30, -1.25, 6.38, 6.20, 6.44, 6.08, 114676.57, 72372783, 0.25, 5.64, 0.40, 5674.72601
2016-01-19, 1, wei_ruo, 8.59, 6.48, 2.86, 6.30, 6.30, 6.52, 6.30, 156109.09, 100280293, 0.34, 3.49, 0.55, 755.20706
2016-01-20, 1, wei_ruo, 8.58, 6.40, -1.23, 6.48, 6.44, 6.55, 6.28, 251371.52, 161443351, 0.55, 4.17, 0.88, 2719.68508
2016-01-21, 1, wei_ruo, 8.57, 6.17, -3.59, 6.40, 6.32, 6.41, 6.16, 149319.84, 93950896, 0.33, 3.91, 0.52, 716.39013
2016-01-22, 1, wei_ruo, 8.56, 6.18, 0.16, 6.17, 6.23, 6.27, 6.09, 114817.96, 71180796, 0.25, 2.92, 0.40, 749.10092
2016-01-26, 1, wei_ruo, 8.55, 5.80, -6.90, 6.23, 6.20, 6.20, 5.78, 167429.44, 100570749, 0.37, 6.74, 0.59, 4624.34793
2016-01-27, 1, wei_ruo, 8.54, 5.70, -1.72, 5.80, 5.82, 5.92, 5.55, 197806.71, 112660943, 0.43, 6.38, 0.69, 698.4818
2016-01-28, 1, wei_ruo, 8.53, 5.49, -3.68, 5.70, 5.65, 5.70, 5.45, 186430.72, 104181609, 0.41, 4.39, 0.65, 1672.25003
2016-01-29, 1, wei_ruo, 8.51, 5.63, 2.55, 5.49, 5.49, 5.70, 5.49, 170950.74, 95707886, 0.38, 3.83, 0.60, 1074.3618
2016-02-01, 1, wei_ruo, 8.51, 5.54, -1.60, 5.63, 5.63, 5.63, 5.47, 106016.36, 58865363, 0.23, 2.84, 0.37, 3053.62988
2016-02-02, 1, wei_ruo, 8.50, 5.67, 2.35, 5.54, 5.54, 5.70, 5.53, 127482.98, 72038017, 0.28, 3.07, 0.45, 1036.60297
2016-02-03, 1, wei_ruo, 8.49, 5.68, 0.18, 5.67, 5.61, 5.74, 5.61, 98639.18, 55764233, 0.22, 2.29, 0.35, 1565.73701
2016-02-04, 1, wei_ruo, 8.49, 5.74, 1.06, 5.68, 5.71, 5.75, 5.68, 125849.12, 71974951, 0.28, 1.23, 0.44, 960.38795
2016-02-05, 1, wei_ruo, 8.48, 5.68, -1.05, 5.74, 5.75, 5.76, 5.67, 107992.49, 61705879, 0.24, 1.57, 0.38, 1205.99985
2016-02-15, 1, wei_ruo, 8.47, 5.65, -0.53, 5.68, 5.50, 5.68, 5.50, 76902.64, 43026124, 0.17, 3.17, 0.27, 1000.30088
2016-02-16, 1, wei_ruo, 8.47, 5.84, 3.36, 5.65, 5.67, 5.86, 5.67, 140864.95, 81586356, 0.31, 3.36, 0.49, 2926.70584
2016-02-17, 1, wei_ruo, 8.46, 5.88, 0.68, 5.84, 5.86, 5.88, 5.79, 127619.23, 74596432, 0.28, 1.54, 0.45, 2692.82413
2016-02-18, 1, wei_ruo, 8.45, 5.90, 0.34, 5.88, 5.91, 6.08, 5.87, 200319.67, 119073504, 0.44, 3.57, 0.70, 2918.05196
2016-02-19, 1, wei_ruo, 8.44, 5.88, -0.34, 5.90, 5.87, 5.92, 5.84, 68891.18, 40537197, 0.15, 1.36, 0.31, 2355.55601
2016-02-22, 1, wei_ruo, 8.44, 6.02, 2.21, 5.89, 5.95, 6.04, 5.91, 133941.66, 80225179, 0.29, 2.21, 1.05, 942.12914
2016-02-23, 1, wei_ruo, 8.44, 5.97, -0.83, 6.02, 6.02, 6.06, 5.92, 116854.58, 69896813, 0.26, 2.33, 0.84, 722.74399
2016-02-24, 1, wei_ruo, 8.43, 6.11, 2.35, 5.97, 5.94, 6.12, 5.92, 216382.72, 130743554, 0.48, 3.35, 1.62, 818.26806
2016-02-25, 1, wei_ruo, 8.42, 5.70, -6.71, 6.11, 6.09, 6.13, 5.60, 233674.81, 137804119, 0.51, 8.67, 1.54, 2727.9079
2016-02-26, 1, wei_ruo, 8.41, 5.79, 1.58, 5.70, 5.75, 5.85, 5.70, 151793.83, 87867010, 0.33, 2.63, 0.96, 2611.02295
2016-02-29, 1, wei_ruo, 8.40, 5.59, -3.45, 5.79, 5.72, 5.84, 5.52, 142902.13, 80068162, 0.31, 5.53, 0.84, 1174.74604
2016-03-01, 1, wei_ruo, 8.40, 5.67, 1.43, 5.59, 5.65, 5.70, 5.58, 102365.36, 57726169, 0.22, 2.15, 0.59, 792.89412
2016-03-02, 1, wei_ruo, 8.38, 5.93, 4.59, 5.67, 5.70, 5.93, 5.70, 194489.73, 113305166, 0.43, 4.06, 1.15, 1498.72804
2016-03-03, 1, wei_ruo, 8.37, 5.93, 0.00, 5.93, 5.90, 5.98, 5.87, 204865.12, 121536510, 0.45, 1.85, 1.24, 2647.67504
2016-03-04, 1, wei_ruo, 8.36, 5.95, 0.34, 5.93, 5.90, 6.01, 5.78, 236542.21, 139909505, 0.52, 3.88, 1.49, 2665.11607
2016-03-07, 1, wei_ruo, 8.35, 6.03, 1.34, 5.95, 5.97, 6.08, 5.95, 203754.43, 122725020, 0.45, 2.18, 1.16, 1724.54286
2016-03-08, 1, wei_ruo, 8.34, 5.99, -0.66, 6.03, 6.02, 6.02, 5.83, 170004.02, 100540429, 0.37, 3.15, 0.90, 969.68102
2016-03-10, 1, wei_ruo, 8.33, 5.81, -1.53, 5.90, 5.88, 5.91, 5.80, 93398.33, 54698470, 0.21, 1.86, 0.50, 614.01892
2016-03-14, 1, wei_ruo, 8.32, 5.88, 2.08, 5.76, 5.78, 5.94, 5.78, 166966.3, 98221221, 0.37, 2.78, 1.28, 3424.42894
2016-03-15, 1, wei_ruo, 8.31, 5.98, 1.70, 5.88, 5.88, 6.00, 5.79, 204364.04, 120730829, 0.45, 3.57, 1.66, 693.30788
2016-03-16, 1, wei_ruo, 8.30, 5.94, -0.67, 5.98, 5.94, 5.99, 5.89, 117969.93, 69964283, 0.26, 1.67, 0.91, 1882.38406
2016-03-17, 1, wei_ruo, 8.29, 5.99, 0.84, 5.94, 5.94, 6.00, 5.90, 165503.52, 98714516, 0.36, 1.68, 1.27, 752.89202
2016-03-18, 1, wei_ruo, 8.28, 6.11, 2.00, 5.99, 6.00, 6.11, 5.98, 290976.34, 176423049, 0.64, 2.17, 2.01, 685.14299
2016-03-21, 2, qing_du, 8.27, 6.19, 1.31, 6.11, 6.15, 6.25, 6.11, 249878.62, 154281646, 0.55, 2.29, 1.32, 705.34015
2016-03-22, 2, qing_du, 8.26, 6.16, -0.48, 6.19, 6.16, 6.19, 6.11, 176636.15, 108628608, 0.39, 1.29, 0.86, 755.93615
2016-03-23, 3, zhong_du, 8.25, 6.14, -0.32, 6.16, 6.12, 6.18, 6.10, 141923.76, 87065994, 0.31, 1.30, 0.71, 2859.92193
2016-03-24, 3, zhong_du, 8.24, 6.00, -2.28, 6.14, 6.11, 6.11, 6.00, 192294.61, 116286329, 0.42, 1.79, 0.94, 1657.77493
2016-03-25, 3, zhong_du, 8.24, 6.06, 1.00, 6.00, 6.01, 6.07, 5.99, 95265.05, 57463605, 0.21, 1.33, 0.45, 783.5691
2016-03-28, 3, zhong_du, 8.23, 6.02, -0.66, 6.06, 6.07, 6.12, 6.02, 124514.16, 75667051, 0.27, 1.65, 0.73, 4498.31915
2016-03-29, 3, zhong_du, 8.23, 5.98, -0.66, 6.02, 6.05, 6.05, 5.93, 115137.88, 68882696, 0.25, 1.99, 0.79, 1072.14212
2016-03-30, 3, zhong_du, 8.22, 6.10, 2.01, 5.98, 6.01, 6.10, 5.99, 180923.82, 109410754, 0.40, 1.84, 1.35, 1610.45814
2016-03-31, 3, zhong_du, 8.21, 6.07, -0.49, 6.10, 6.09, 6.12, 6.06, 169802.25, 103372980, 0.37, 0.98, 1.20, 882.66802
2016-04-01, 3, zhong_du, 8.20, 6.06, -0.16, 6.07, 6.08, 6.09, 5.98, 140605.72, 84840597, 0.31, 1.81, 1.03, 1130.80192
2016-04-05, 3, zhong_du, 8.19, 6.18, 1.98, 6.06, 6.05, 6.19, 6.03, 289868.96, 177913754, 0.64, 2.64, 1.98, 668.14899
2016-04-06, 4, gao_du, 8.18, 6.17, -0.16, 6.18, 6.16, 6.20, 6.13, 155862.56, 96125849, 0.34, 1.13, 0.87, 927.08588
2016-04-07, 4, gao_du, 8.17, 6.13, -0.65, 6.17, 6.18, 6.20, 6.13, 166120, 102371658, 0.36, 1.13, 0.89, 1929.41093
2016-04-08, 4, gao_du, 8.17, 6.11, -0.33, 6.13, 6.12, 6.15, 6.05, 208040.88, 126581451, 0.46, 1.63, 1.13, 629.31609
2016-04-11, 4, gao_du, 8.15, 6.23, 1.96, 6.11, 6.12, 6.23, 6.10, 250997.44, 155105380, 0.55, 2.13, 1.31, 780.25603
2016-04-12, 5, qiang_lie, 8.15, 6.18, -0.80, 6.23, 6.21, 6.21, 6.14, 131506.68, 81074159, 0.29, 1.12, 0.61, 982.58209
2016-04-13, 5, qiang_lie, 8.14, 6.29, 1.78, 6.18, 6.20, 6.33, 6.18, 275019.33, 172519192, 0.60, 2.43, 1.51, 726.51315
2016-04-14, 5, qiang_lie, 8.13, 6.29, 0.00, 6.29, 6.30, 6.32, 6.24, 135912.98, 85250544, 0.30, 1.27, 0.66, 3213.82022
2016-04-15, 5, qiang_lie, 8.12, 6.23, -0.95, 6.29, 6.28, 6.30, 6.20, 173902.69, 108552765, 0.38, 1.59, 0.87, 4709.94091
2016-04-18, 5, qiang_lie, 8.12, 6.23, 0.00, 6.23, 6.21, 6.27, 6.14, 143537.85, 88880027, 0.32, 2.09, 0.74, 599.18284
2016-04-19, 5, qiang_lie, 8.11, 6.20, -0.48, 6.23, 6.23, 6.26, 6.13, 140806.61, 87050050, 0.31, 2.09, 0.82, 586.32302
2016-04-20, 5, qiang_lie, 8.10, 6.06, -2.26, 6.20, 6.20, 6.21, 5.96, 210869.43, 127869420, 0.46, 4.03, 1.21, 2918.29515
2016-04-21, 5, qiang_lie, 8.10, 6.00, -0.99, 6.06, 6.02, 6.08, 5.99, 123622.87, 74493558, 0.27, 1.49, 0.77, 2612.0708
2016-04-22, 4, gao_du, 8.09, 6.03, 0.50, 6.00, 6.02, 6.04, 5.98, 77807.37, 46736523, 0.17, 1.00, 0.49, 2694.82994
2016-04-25, 3, zhong_du, 8.09, 5.99, -0.66, 6.03, 6.00, 6.03, 5.93, 105842.59, 63113753, 0.23, 1.66, 0.76, 3026.90101
2016-04-26, 3, zhong_du, 8.09, 6.01, 0.33, 5.99, 5.98, 6.04, 5.94, 83454.44, 49920788, 0.18, 1.67, 0.63, 571.32721
2016-04-27, 3, zhong_du, 8.08, 5.98, -0.50, 6.01, 6.01, 6.04, 5.97, 115474.93, 69267568, 0.25, 1.16, 0.96, 1130.45192
2016-04-28, 3, zhong_du, 8.08, 5.99, 0.17, 5.98, 6.00, 6.00, 5.93, 71091.31, 42436293, 0.16, 1.17, 0.70, 754.20094
2016-04-29, 3, zhong_du, 8.07, 5.90, -1.50, 5.99, 5.94, 5.95, 5.89, 105956.79, 62707231, 0.23, 1.00, 1.17, 810.71901
2016-05-03, 3, zhong_du, 8.06, 5.99, 1.53, 5.90, 5.91, 5.99, 5.89, 164114.99, 97657489, 0.36, 1.69, 1.70, 3204.32305
2016-05-04, 3, zhong_du, 8.06, 5.97, -0.33, 5.99, 5.96, 5.98, 5.93, 113887.34, 67807988, 0.25, 0.83, 1.05, 490.88502
2016-05-05, 2, qing_du, 8.05, 5.95, -0.34, 5.97, 5.95, 5.97, 5.90, 91383.18, 54274442, 0.20, 1.17, 0.80, 1162.637
2016-05-06, 2, qing_du, 8.05, 5.78, -2.86, 5.95, 5.96, 5.96, 5.77, 165869.89, 97100408, 0.36, 3.19, 1.52, 2540.62605
2016-05-09, 1, wei_ruo, 8.04, 5.61, -2.94, 5.78, 5.76, 5.77, 5.61, 118836.7, 67319039, 0.26, 2.77, 0.93, 2473.45304
2016-05-10, 1, wei_ruo, 8.04, 5.62, 0.18, 5.61, 5.60, 5.66, 5.60, 61769.47, 34785509, 0.14, 1.07, 0.47, 1049.89314
2016-05-11, 1, wei_ruo, 8.03, 5.64, 0.36, 5.62, 5.65, 5.68, 5.60, 53409.87, 30112992, 0.12, 1.42, 0.48, 944.58389
2016-05-12, 1, wei_ruo, 8.03, 5.70, 1.06, 5.64, 5.61, 5.76, 5.55, 126109.79, 71373859, 0.28, 3.72, 1.28, 2806.96607
2016-05-13, 1, wei_ruo, 8.02, 5.64, -1.05, 5.70, 5.67, 5.71, 5.60, 88188.04, 49955007, 0.19, 1.93, 0.84, 1240.33117
2016-05-16, 1, wei_ruo, 8.02, 5.66, 0.35, 5.64, 5.61, 5.66, 5.60, 44506.83, 25114449, 0.10, 1.06, 0.50, 14562.65116
2016-05-17, 1, wei_ruo, 8.02, 5.67, 0.18, 5.66, 5.66, 5.71, 5.65, 53984.08, 30653464, 0.12, 1.06, 0.72, 2681.60892
2016-05-18, 1, wei_ruo, 8.01, 5.63, -0.71, 5.67, 5.65, 5.68, 5.59, 79639.53, 44806134, 0.17, 1.59, 1.09, 977.4282
2016-05-19, 1, wei_ruo, 8.01, 5.62, -0.18, 5.63, 5.62, 5.67, 5.60, 40760.03, 22971062, 0.09, 1.24, 0.52, 731.24194
2016-05-20, 1, wei_ruo, 8.01, 5.63, 0.18, 5.62, 5.62, 5.64, 5.58, 50357.51, 28253498, 0.11, 1.07, 0.82, 4585.95896
2016-05-23, 1, wei_ruo, 8.01, 5.66, 0.53, 5.63, 5.64, 5.66, 5.63, 54257.58, 30644707, 0.12, 0.53, 1.01, 1670.96496
2016-05-24, 1, wei_ruo, 8.00, 5.72, 1.06, 5.66, 5.66, 5.75, 5.63, 133349.96, 75951456, 0.29, 2.12, 2.39, 530.11107
2016-05-25, 1, wei_ruo, 8.00, 5.67, -0.87, 5.72, 5.70, 5.73, 5.65, 81456.53, 46351395, 0.18, 1.40, 1.46, 681.55909
2016-05-26, 1, wei_ruo, 7.99, 5.63, -0.71, 5.67, 5.67, 5.69, 5.58, 68613.15, 38492001, 0.15, 1.94, 1.23, 801.56612
2016-05-27, 1, wei_ruo, 7.99, 5.64, 0.18, 5.63, 5.63, 5.66, 5.60, 52857.06, 29778964, 0.12, 1.07, 0.95, 469.35582
2016-05-30, 1, wei_ruo, 7.99, 5.62, -0.35, 5.64, 5.64, 5.66, 5.61, 52714.47, 29683536, 0.12, 0.89, 0.94, 2542.58204
2016-05-31, 1, wei_ruo, 7.98, 5.78, 2.85, 5.62, 5.64, 5.78, 5.62, 172210.6, 98723305, 0.38, 2.85, 3.09, 2595.69788
2016-06-01, 1, wei_ruo, 7.97, 5.78, 0.00, 5.78, 5.75, 5.88, 5.75, 142195.14, 82350743, 0.31, 2.25, 2.55, 2567.64507
2016-06-02, 1, wei_ruo, 7.97, 5.83, 0.87, 5.78, 5.79, 5.89, 5.77, 139530.51, 81478497, 0.31, 2.08, 2.50, 799.49689
2016-06-03, 1, wei_ruo, 7.96, 5.83, 0.00, 5.83, 5.85, 5.87, 5.78, 79777.29, 46382651, 0.18, 1.54, 1.43, 688.45105
2016-06-06, 1, wei_ruo, 7.95, 5.80, -0.51, 5.83, 5.84, 5.85, 5.78, 130849.98, 75865681, 0.29, 1.20, 2.34, 737.30683
2016-06-07, 1, wei_ruo, 7.95, 5.79, -0.17, 5.80, 5.79, 5.81, 5.77, 38314.13, 22163224, 0.08, 0.69, 0.69, 3512.34293
2016-06-08, 1, wei_ruo, 7.95, 5.80, 0.17, 5.79, 5.77, 5.81, 5.76, 70762.51, 40882427, 0.16, 0.86, 1.27, 661.13687
2016-06-13, 1, wei_ruo, 7.94, 5.62, -3.10, 5.80, 5.77, 5.77, 5.62, 97688.02, 55741953, 0.21, 2.59, 1.75, 597.32103
2016-06-14, 1, wei_ruo, 7.94, 5.64, 0.36, 5.62, 5.64, 5.65, 5.60, 70759.93, 39807095, 0.16, 0.89, 1.27, 4048.51508
2016-06-15, 1, wei_ruo, 7.94, 5.71, 1.24, 5.64, 5.60, 5.74, 5.58, 91134.15, 51808000, 0.20, 2.84, 1.63, 640.57517
2016-06-16, 1, wei_ruo, 7.93, 5.69, -0.35, 5.71, 5.71, 5.79, 5.66, 84339.18, 48177676, 0.19, 2.28, 1.51, 620.76092
2016-06-17, 1, wei_ruo, 7.93, 5.72, 0.53, 5.69, 5.69, 5.76, 5.68, 72142.31, 41344313, 0.16, 1.41, 1.29, 384.17792
2016-06-20, 1, wei_ruo, 7.93, 5.71, -0.17, 5.72, 5.72, 5.74, 5.68, 43284.93, 24713324, 0.10, 1.05, 0.78, 365.39006
2016-06-21, 1, wei_ruo, 7.92, 5.70, -0.18, 5.71, 5.74, 5.77, 5.67, 61599.2, 35269014, 0.14, 1.75, 1.10, 375.15903
2016-06-22, 1, wei_ruo, 7.92, 5.72, 0.35, 5.70, 5.67, 5.73, 5.67, 43522.46, 24843246, 0.10, 1.05, 0.78, 1137.46119
2016-06-23, 1, wei_ruo, 7.92, 5.72, 0.00, 5.72, 5.72, 5.75, 5.70, 51408.88, 29428657, 0.11, 0.87, 0.92, 968.74404
2016-06-24, 1, wei_ruo, 7.92, 5.64, -1.40, 5.72, 5.73, 5.76, 5.60, 89357.45, 50717518, 0.20, 2.80, 1.60, 959.85723
2016-06-27, 1, wei_ruo, 7.91, 5.69, 0.89, 5.64, 5.64, 5.70, 5.62, 53345.84, 30285413, 0.12, 1.42, 0.96, 412.78315
2016-06-28, 1, wei_ruo, 7.91, 5.71, 0.35, 5.69, 5.68, 5.72, 5.66, 74456.09, 42340939, 0.16, 1.05, 1.33, 384.42302
2016-06-30, 1, wei_ruo, 7.90, 5.74, 0.00, 5.74, 5.76, 5.77, 5.73, 89644.6, 51543701, 0.20, 0.70, 1.61, 727.34094
2016-07-01, 1, wei_ruo, 7.90, 5.74, 0.00, 5.74, 5.76, 5.77, 5.73, 45665.45, 26258236, 0.10, 0.70, 0.82, 505.12505
2016-07-04, 1, wei_ruo, 7.89, 5.82, 1.39, 5.74, 5.73, 5.83, 5.72, 106945.2, 62002120, 0.23, 1.92, 1.92, 401.96085
2016-07-05, 2, qing_du, 7.89, 5.89, 1.20, 5.82, 5.84, 5.92, 5.82, 179241.84, 105455190, 0.39, 1.72, 3.21, 278.85199
2016-07-06, 3, zhong_du, 7.88, 5.87, -0.34, 5.89, 5.89, 5.91, 5.84, 98305.83, 57725355, 0.22, 1.19, 1.76, 4507.06887
2016-07-07, 3, zhong_du, 7.88, 5.87, 0.00, 5.87, 5.87, 5.90, 5.83, 98172.05, 57544159, 0.22, 1.19, 1.76, 793.293
2016-07-08, 3, zhong_du, 7.87, 5.85, -0.34, 5.87, 5.85, 5.88, 5.84, 89114.65, 52200792, 0.20, 0.68, 1.60, 555.43613
2016-07-11, 3, zhong_du, 7.87, 5.88, 0.51, 5.85, 5.87, 5.92, 5.86, 104099.02, 61283514, 0.23, 1.03, 1.87, 364.20393
2016-07-12, 4, gao_du, 7.86, 6.00, 2.04, 5.88, 5.90, 6.01, 5.87, 215213.19, 127984574, 0.47, 2.38, 3.86, 407.76396
2016-07-13, 4, gao_du, 7.85, 6.05, 0.83, 6.00, 6.00, 6.08, 6.00, 208732.73, 126271243, 0.46, 1.33, 3.74, 783.13994
2016-07-14, 4, gao_du, 7.85, 6.05, 0.00, 6.05, 6.05, 6.09, 6.03, 138454.11, 83763792, 0.30, 0.99, 2.48, 827.10695
2016-07-15, 4, gao_du, 7.58, 5.84, -0.17, 5.85, 5.86, 5.87, 5.80, 104181.29, 60799617, 0.23, 1.20, 1.87, 1812.75201
2016-07-18, 4, gao_du, 7.58, 5.85, 0.17, 5.84, 5.81, 5.88, 5.81, 97066.18, 56839350, 0.21, 1.20, 1.74, 927.15502
2016-07-19, 4, gao_du, 7.57, 5.85, 0.00, 5.85, 5.84, 5.92, 5.83, 99635.13, 58480329, 0.22, 1.54, 1.79, 687.11114
2016-07-20, 4, gao_du, 7.57, 5.86, 0.17, 5.85, 5.85, 5.89, 5.84, 53952.21, 31630851, 0.12, 0.85, 0.97, 2514.92214
2016-07-21, 5, qiang_lie, 7.57, 5.86, 0.00, 5.86, 5.86, 5.88, 5.84, 78968.14, 46287088, 0.17, 0.68, 1.42, 2651.20912
2016-07-22, 5, qiang_lie, 7.57, 5.77, -1.54, 5.86, 5.85, 5.86, 5.76, 98484.35, 57196746, 0.22, 1.71, 1.76, 338.4409
2016-07-25, 5, qiang_lie, 7.56, 5.78, 0.17, 5.77, 5.77, 5.81, 5.75, 67689.3, 39115118, 0.15, 1.04, 1.21, 243.74199
2016-07-26, 4, gao_du, 7.56, 5.84, 1.04, 5.78, 5.76, 5.85, 5.76, 74276.24, 43240172, 0.16, 1.56, 1.33, 584.20396
2016-07-27, 5, qiang_lie, 7.54, 5.99, 2.57, 5.84, 5.84, 6.05, 5.75, 536194.22, 317462474, 1.18, 5.14, 9.61, 19892.51399
2016-07-28, 5, qiang_lie, 7.53, 6.02, 0.50, 5.99, 5.96, 6.05, 5.89, 340898.1, 204102890, 0.75, 2.67, 6.11, 2754.37903
2016-07-29, 5, qiang_lie, 7.52, 5.95, -1.16, 6.02, 6.03, 6.07, 5.95, 248414.89, 149106543, 0.55, 1.99, 4.45, 317.8792
2016-08-01, 5, qiang_lie, 7.51, 5.89, -1.01, 5.95, 5.96, 5.96, 5.78, 199650.91, 116669430, 0.44, 3.03, 3.58, 545.53914
2016-08-02, 5, qiang_lie, 7.51, 6.04, 2.55, 5.89, 5.84, 6.06, 5.84, 214065.54, 127552528, 0.47, 3.74, 3.84, 14484.84087
2016-08-03, 5, qiang_lie, 7.49, 6.10, 0.99, 6.04, 6.00, 6.18, 5.99, 420132.21, 256190135, 0.92, 3.15, 4.78, 302.43802
2016-08-04, 5, qiang_lie, 7.49, 6.09, -0.16, 6.10, 6.09, 6.12, 6.02, 161382.26, 97790224, 0.35, 1.64, 1.04, 398.16904
2016-08-05, 5, qiang_lie, 7.48, 6.03, -0.99, 6.09, 6.08, 6.17, 6.02, 212305.73, 129155982, 0.47, 2.46, 1.18, 213.22703
2016-08-08, 5, qiang_lie, 7.48, 6.03, 0.00, 6.03, 6.02, 6.06, 5.91, 143849.01, 86427706, 0.32, 2.49, 0.68, 357.91588
2016-08-09, 5, qiang_lie, 7.47, 6.03, 0.00, 6.03, 6.04, 6.06, 5.99, 187163.91, 112773896, 0.41, 1.16, 0.81, 305.59802
2016-08-10, 5, qiang_lie, 7.46, 6.03, 0.00, 6.03, 6.03, 6.09, 6.00, 199676.72, 120919502, 0.44, 1.49, 0.89, 622.8559
2016-08-11, 5, qiang_lie, 7.46, 5.94, -1.49, 6.03, 6.02, 6.04, 5.94, 151921.59, 90898231, 0.33, 1.66, 0.84, 201.03693
2016-08-15, 5, qiang_lie, 7.45, 6.15, 1.82, 6.04, 6.06, 6.18, 6.04, 337616.82, 206432673, 0.74, 2.32, 2.06, 351.27091
2016-08-16, 5, qiang_lie, 7.44, 6.14, 0.00, 6.14, 6.14, 6.24, 6.12, 327498.56, 202018844, 0.72, 1.95, 1.61, 361.73105
2016-08-17, 5, qiang_lie, 7.43, 6.18, 0.65, 6.14, 6.14, 6.23, 6.11, 290155.83, 179222582, 0.64, 1.95, 1.25, 322.85905
2016-08-18, 5, qiang_lie, 7.42, 6.15, -0.49, 6.18, 6.17, 6.19, 6.13, 178599.68, 109867253, 0.39, 0.97, 0.72, 14439.51416
2016-08-19, 5, qiang_lie, 7.42, 6.12, -0.49, 6.15, 6.16, 6.17, 6.06, 189229.69, 115469822, 0.42, 1.79, 0.74, 308.2912
2016-08-22, 5, qiang_lie, 7.41, 6.07, -0.82, 6.12, 6.11, 6.13, 6.04, 154121.57, 93590847, 0.34, 1.47, 0.58, 298.19202
2016-08-23, 5, qiang_lie, 7.41, 6.08, 0.16, 6.07, 6.07, 6.12, 6.05, 111393.41, 67735060, 0.24, 1.15, 0.49, 291.116
2016-08-24, 5, qiang_lie, 7.40, 6.15, 1.15, 6.08, 6.11, 6.18, 6.08, 220457.95, 135440836, 0.48, 1.64, 1.19, 298.177
2016-08-25, 5, qiang_lie, 7.40, 6.14, -0.16, 6.15, 6.14, 6.15, 6.07, 153193.34, 93600062, 0.34, 1.30, 0.90, 1006.33287
2016-08-26, 5, qiang_lie, 7.40, 6.09, -0.81, 6.14, 6.11, 6.15, 6.08, 102337.56, 62491575, 0.22, 1.14, 0.62, 356.28104
2016-08-29, 5, qiang_lie, 7.39, 6.04, -0.82, 6.09, 6.08, 6.10, 6.02, 135951.68, 82311424, 0.30, 1.31, 0.92, 395.93387
2016-08-30, 5, qiang_lie, 7.39, 6.05, 0.17, 6.04, 6.05, 6.07, 6.03, 71818.14, 43427274, 0.16, 0.66, 0.50, 419.26813
2016-08-31, 5, qiang_lie, 7.39, 6.05, 0.00, 6.05, 6.05, 6.06, 6.02, 74062.62, 44746720, 0.16, 0.66, 0.54, 578.62616
2016-09-01, 5, qiang_lie, 7.38, 5.96, -1.49, 6.05, 6.05, 6.06, 5.93, 131489.07, 79124332, 0.29, 2.15, 1.22, 273.82994
2016-09-02, 4, gao_du, 7.38, 5.98, 0.34, 5.96, 5.95, 6.02, 5.94, 108915.79, 65146671, 0.24, 1.34, 1.01, 2598.24705
2016-09-05, 4, gao_du, 7.38, 6.03, -0.33, 6.05, 6.05, 6.06, 6.03, 13988, 8443640, 0.03, 0.50, 0.58, 302.05703
2016-09-06, 4, gao_du, 7.38, 6.03, -0.33, 6.05, 6.05, 6.06, 6.03, 13988, 8443640, 0.03, 0.50, 0.58, 2402.529
2016-09-07, 4, gao_du, 7.38, 6.05, 0.17, 6.04, 6.03, 6.09, 6.02, 151188.74, 91785403, 0.33, 1.16, 1.41, 316.39314
2016-09-08, 4, gao_du, 7.38, 6.05, 0.00, 6.05, 6.05, 6.08, 6.00, 107490.45, 65016338, 0.24, 1.32, 1.00, 548.61403
2016-09-09, 4, gao_du, 7.38, 6.03, -0.33, 6.05, 6.05, 6.09, 6.02, 143128.95, 86729812, 0.31, 1.16, 1.33, 334.48505
2016-09-12, 4, gao_du, 7.38, 5.87, -2.65, 6.03, 5.97, 5.98, 5.85, 211122.49, 124680183, 0.46, 2.16, 1.96, 2540.07602
2016-09-13, 3, zhong_du, 7.38, 6.03, -0.33, 6.05, 6.05, 6.06, 6.03, 13988, 8443640, 0.03, 0.50, 0.58, 398.628
2016-09-14, 3, zhong_du, 7.38, 6.03, -0.33, 6.05, 6.05, 6.06, 6.03, 13988, 8443640, 0.03, 0.50, 0.58, 297.54281
2016-09-19, 2, qing_du, 7.38, 5.93, 1.02, 5.87, 5.87, 5.96, 5.87, 91502.41, 54240653, 0.20, 1.53, 0.85, 620.29314
2016-09-20, 2, qing_du, 7.38, 5.92, -0.17, 5.93, 5.92, 5.94, 5.89, 61148.42, 36138996, 0.13, 0.84, 0.57, 457.07011
2016-09-21, 2, qing_du, 7.38, 5.95, 0.51, 5.92, 5.90, 5.97, 5.90, 62871.45, 37367440, 0.14, 1.18, 0.58, 1070.56284
2016-09-22, 2, qing_du, 7.38, 5.94, -0.17, 5.95, 5.96, 5.99, 5.93, 64548.72, 38464483, 0.14, 1.01, 0.60, 253.15595
2016-09-23, 2, qing_du, 7.38, 5.92, -0.34, 5.94, 5.95, 5.96, 5.91, 54365.13, 32242476, 0.12, 0.84, 0.51, 308.35295
2016-09-26, 1, wei_ruo, 7.38, 5.80, -2.03, 5.92, 5.93, 5.94, 5.76, 100670.8, 58988153, 0.22, 3.04, 0.94, 511.38306
2016-09-27, 1, wei_ruo, 7.38, 5.82, 0.34, 5.80, 5.79, 5.83, 5.77, 61390.11, 35589534, 0.13, 1.03, 0.57, 317.04903
2016-09-28, 1, wei_ruo, 7.38, 5.80, -0.34, 5.82, 5.83, 5.83, 5.79, 55665.64, 32333383, 0.12, 0.69, 0.52, 326.62797
2016-09-29, 1, wei_ruo, 7.38, 5.77, -0.52, 5.80, 5.81, 5.83, 5.74, 140838.03, 81464139, 0.31, 1.55, 1.31, 403.67603
2016-09-30, 1, wei_ruo, 7.38, 5.79, 0.35, 5.77, 5.78, 5.81, 5.77, 68683.82, 39767193, 0.15, 0.69, 0.64, 344.50603
2016-10-10, 1, wei_ruo, 7.38, 5.87, 1.38, 5.79, 5.81, 5.88, 5.80, 84332.84, 49330730, 0.19, 1.38, 0.78, 316.54501
2016-10-11, 1, wei_ruo, 7.38, 5.90, 0.51, 5.87, 5.85, 5.91, 5.85, 85745.81, 50521827, 0.19, 1.02, 0.80, 878.81088
2016-10-12, 1, wei_ruo, 7.38, 5.90, 0.00, 5.90, 5.90, 5.93, 5.87, 61781.63, 36418144, 0.14, 1.02, 0.57, 348.26303
2016-10-13, 1, wei_ruo, 7.38, 5.91, 0.17, 5.90, 5.89, 5.92, 5.88, 55406.64, 32704944, 0.12, 0.68, 0.52, 184.88908
2016-10-14, 1, wei_ruo, 7.31, 5.88, -0.51, 5.91, 5.90, 5.91, 5.85, 66443.99, 39051216, 0.15, 1.02, 0.62, 234.98201
2016-10-17, 1, wei_ruo, 7.31, 5.86, -0.34, 5.88, 5.87, 5.90, 5.85, 58768.15, 34560960, 0.13, 0.85, 0.55, 425.96698
2016-10-18, 1, wei_ruo, 7.31, 5.90, 0.34, 5.88, 5.87, 5.90, 5.87, 25553.42, 15049932, 0.06, 0.51, 0.48, 360.23498
2016-10-19, 1, wei_ruo, 7.31, , , , , , , , , , , , 344.44308
2016-10-20, 1, wei_ruo, 7.30, 5.90, 0.00, 5.90, 5.90, 5.92, 5.88, 49702.4, 29325605, 0.11, 0.68, 0.51, 326.52783
2016-10-21, 1, wei_ruo, 7.30, 5.92, 0.34, 5.90, 5.90, 5.94, 5.88, 96604.89, 57090643, 0.21, 1.02, 1.21, 2651.68405
2016-10-24, 1, wei_ruo, 7.30, 5.97, 0.84, 5.92, 5.92, 6.00, 5.91, 139737.46, 83383505, 0.31, 1.52, 1.66, 596.63987
2016-10-25, 1, wei_ruo, 7.29, 5.96, -0.17, 5.97, 5.98, 5.99, 5.93, 105908.34, 63163136, 0.23, 1.01, 1.25, 24460.88004
2016-10-26, 2, qing_du, 7.29, 5.92, -0.67, 5.96, 5.96, 5.97, 5.91, 78432.11, 46554209, 0.17, 1.01, 0.93, 501.3299
2016-10-27, 2, qing_du, 7.29, 5.92, 0.00, 5.92, 5.94, 5.94, 5.90, 71339.62, 42194810, 0.16, 0.68, 0.84, 393.86082
2016-10-28, 2, qing_du, 7.29, 5.89, -0.34, 5.91, 5.91, 5.94, 5.89, 93940.21, 55560906, 0.21, 0.85, 1.11, 642.53378
2016-10-31, 1, wei_ruo, 7.28, 5.88, -0.17, 5.89, 5.90, 5.92, 5.86, 155566.24, 91597781, 0.34, 1.02, 1.84, 563.74192
2016-11-01, 1, wei_ruo, 7.28, 5.92, 0.68, 5.88, 5.89, 5.93, 5.87, 152083.89, 89863335, 0.33, 1.02, 1.79, 505.94997
2016-11-02, 1, wei_ruo, 7.27, 5.88, -0.68, 5.92, 5.92, 5.93, 5.87, 104864.4, 61882052, 0.23, 1.01, 1.24, 648.58198
2016-11-03, 1, wei_ruo, 7.27, 5.95, 1.19, 5.88, 5.87, 6.00, 5.87, 238748.25, 142089319, 0.52, 2.21, 2.82, 581.59804
2016-11-04, 1, wei_ruo, 7.26, 5.92, -0.50, 5.95, 5.95, 5.97, 5.91, 93804, 55655606, 0.21, 1.01, 1.11, 1952.20494
2016-11-07, 1, wei_ruo, 7.26, 5.95, 0.68, 5.91, 5.92, 5.95, 5.91, 73586.08, 43652572, 0.16, 0.68, 0.87, 586.14087
2016-11-08, 2, qing_du, 7.26, 6.03, 1.34, 5.95, 5.97, 6.04, 5.95, 249175.96, 149555218, 0.55, 1.51, 2.94, 399.26982
2016-11-09, 2, qing_du, 7.25, 5.95, -1.33, 6.03, 6.02, 6.02, 5.92, 130768.06, 78015301, 0.29, 1.66, 1.54, 512.16316
2016-11-10, 3, zhong_du, 7.25, 6.00, 0.84, 5.95, 5.99, 6.03, 5.97, 118908.03, 71360832, 0.26, 1.01, 1.41, 713.53698
2016-11-11, 3, zhong_du, 7.24, 6.05, 0.83, 6.00, 6.00, 6.06, 5.99, 192931.58, 116425343, 0.42, 1.17, 2.28, 2763.52501
2016-11-14, 4, gao_du, 7.24, 6.07, 0.33, 6.05, 6.04, 6.10, 6.04, 186388.81, 113186233, 0.41, 0.99, 2.20, 432.71399
2016-11-15, 4, gao_du, 7.24, 6.07, -0.16, 6.08, 6.06, 6.09, 6.05, 54042.19, 32807213, 0.12, 0.66, 1.28, 518.76116
2016-11-16, 4, gao_du, 7.23, 6.13, 1.16, 6.06, 6.06, 6.15, 6.05, 127000.48, 77518777, 0.28, 1.65, 3.00, 421.9861
2016-11-17, 4, gao_du, 7.23, 6.07, -0.16, 6.08, 6.06, 6.09, 6.05, 54042.19, 32807213, 0.12, 0.66, 1.28, 671.89288
2016-11-18, 4, gao_du, 7.22, 6.13, 1.16, 6.06, 6.06, 6.15, 6.05, 127000.48, 77518777, 0.28, 1.65, 3.00, 573.03286
2016-11-21, 5, qiang_lie, 7.22, 6.13, 0.99, 6.07, 6.05, 6.16, 6.05, 219253.52, 134240064, 0.48, 1.81, 2.59, 380.48697
2016-11-22, 5, qiang_lie, 7.21, 6.13, 0.00, 6.13, 6.12, 6.15, 6.10, 216367.02, 132579448, 0.48, 0.82, 2.55, 17941.40792
2016-11-23, 5, qiang_lie, 7.21, 6.10, -0.49, 6.13, 6.14, 6.14, 6.07, 151346.51, 92516635, 0.33, 1.14, 1.79, 452.06499
2016-11-24, 5, qiang_lie, 7.21, 6.10, 0.00, 6.10, 6.10, 6.13, 6.07, 201550.01, 122823843, 0.44, 0.98, 2.39, 581.47192
2016-11-25, 5, qiang_lie, 7.20, 6.13, 0.49, 6.10, 6.11, 6.14, 6.04, 185783.66, 113216234, 0.41, 1.64, 2.19, 863.74807
2016-11-28, 5, qiang_lie, 7.19, 6.17, 0.65, 6.13, 6.14, 6.21, 6.12, 296148.53, 182583096, 0.65, 1.47, 3.50, 491.69397
2016-11-29, 5, qiang_lie, 7.19, 6.17, 0.00, 6.17, 6.16, 6.24, 6.13, 351292.83, 217528526, 0.77, 1.78, 4.15, 357.05709
2016-11-30, 5, qiang_lie, 7.18, 6.12, -0.81, 6.17, 6.19, 6.19, 6.11, 197869.45, 121447254, 0.43, 1.30, 2.34, 457.7601
2016-12-01, 5, qiang_lie, 7.18, 6.16, 0.65, 6.12, 6.14, 6.17, 6.10, 209959.35, 128920617, 0.46, 1.14, 2.48, 391.119
2016-12-05, 5, qiang_lie, 7.16, 6.09, -1.30, 6.17, 6.14, 6.22, 6.07, 263425.08, 161569416, 0.58, 2.43, 3.11, 980.44014
2016-12-06, 4, gao_du, 7.16, 6.04, -0.82, 6.09, 6.08, 6.12, 6.04, 141678.17, 86008490, 0.31, 1.31, 1.67, 1961.24983
2016-12-07, 4, gao_du, 7.15, 6.07, 0.50, 6.04, 6.05, 6.09, 6.00, 193763.98, 116950190, 0.43, 1.49, 2.29, 464.77485
2016-12-08, 3, zhong_du, 7.15, 6.00, -1.15, 6.07, 6.07, 6.08, 5.99, 163668.99, 98750226, 0.36, 1.48, 1.93, 762.12001
2016-12-09, 3, zhong_du, 7.15, 6.02, 0.33, 6.00, 6.00, 6.05, 6.00, 200413.79, 120689203, 0.44, 0.83, 2.37, 642.91811
2016-12-12, 2, qing_du, 7.14, 5.88, -2.33, 6.02, 6.02, 6.05, 5.85, 272631.14, 162072897, 0.60, 3.32, 3.22, 442.64317
2016-12-13, 2, qing_du, 7.13, 5.89, 0.17, 5.88, 5.86, 5.92, 5.83, 137086.09, 80436405, 0.30, 1.53, 1.62, 3470.11781
2016-12-14, 1, wei_ruo, 7.13, 5.89, 0.00, 5.89, 5.89, 5.94, 5.85, 114971.92, 67760551, 0.25, 1.53, 1.36, 452.54922
2017-01-10, 1, wei_ruo, 7.08, 6.05, 0.00, 6.05, 6.04, 6.08, 6.03, 149912.31, 90771490, 0.33, 0.83, 1.77, 464.80894
2017-01-11, 1, wei_ruo, 7.07, 6.00, -0.83, 6.05, 6.05, 6.07, 5.99, 127403.22, 76795096, 0.28, 1.32, 1.50, 123078.27091
2017-01-13, 1, wei_ruo, 7.07, 6.05, 0.83, 6.00, 6.00, 6.06, 5.96, 142602.98, 85545335, 0.31, 1.67, 1.68, 511.87301
2017-01-16, 1, wei_ruo, 7.06, 6.14, 1.49, 6.05, 6.05, 6.18, 5.94, 654850.92, 398866515, 1.44, 3.97, 7.73, 617.60998
2017-01-17, 2, qing_du, 7.05, 6.07, 0.33, 6.05, 6.04, 6.08, 6.03, 98191.68, 59462709, 0.22, 0.83, 2.32, 529.68001
2017-01-18, 2, qing_du, 7.05, 6.07, 0.33, 6.05, 6.04, 6.08, 6.03, 98191.68, 59462709, 0.22, 0.83, 2.32, 2637.71105
2017-02-07, 3, zhong_du, 7.03, 6.06, -0.16, 6.07, 6.06, 6.08, 6.05, 27958.04, 16959499, 0.06, 0.49, 0.73, 873.69895
2017-02-08, 3, zhong_du, 7.03, 6.09, 0.33, 6.07, 6.06, 6.09, 6.05, 104056.39, 63154657, 0.23, 0.66, 1.23, 4520.85304
2017-02-09, 3, zhong_du, 7.03, 6.09, 0.00, 6.09, 6.09, 6.13, 6.08, 98375.87, 60096634, 0.22, 0.82, 1.49, 596.2801
2017-02-10, 3, zhong_du, 7.02, 6.15, 0.65, 6.11, 6.12, 6.17, 6.10, 273642, 167924277, 0.60, 1.15, 3.23, 527.94504
2017-02-13, 4, gao_du, 7.01, 6.25, 1.63, 6.15, 6.15, 6.26, 6.15, 405157.09, 252093714, 0.89, 1.79, 4.78, 4574.76783
2017-02-14, 5, qiang_lie, 7.01, 6.27, 0.32, 6.25, 6.25, 6.29, 6.19, 285270.25, 178026294, 0.63, 1.60, 3.37, 595.15905
2017-02-15, 5, qiang_lie, 7.00, 6.29, 0.32, 6.27, 6.27, 6.40, 6.26, 560303.17, 354849298, 1.23, 2.23, 6.61, 4606.21095
2017-02-16, 5, qiang_lie, 7.00, 6.29, 0.00, 6.29, 6.28, 6.31, 6.21, 237400.28, 148631171, 0.52, 1.59, 2.80, 725.559
2017-02-17, 5, qiang_lie, 6.99, 6.24, -0.79, 6.29, 6.32, 6.34, 6.19, 235130.44, 146983870, 0.52, 2.38, 2.78, 513.92007
2017-02-20, 4, gao_du, 6.99, 6.24, -0.79, 6.29, 6.32, 6.34, 6.19, 235130.44, 146983870, 0.52, 2.38, 2.78, 587.62407
2017-02-21, 4, gao_du, 6.99, 6.24, -0.79, 6.29, 6.32, 6.34, 6.19, 235130.44, 146983870, 0.52, 2.38, 2.78, 986.48095
2017-02-22, 5, qiang_lie, 6.98, 6.38, 1.27, 6.30, 6.30, 6.39, 6.28, 305292.22, 193691700, 0.67, 1.75, 3.60, 4762.06517
2017-02-23, 5, qiang_lie, 6.98, 6.36, -0.31, 6.38, 6.37, 6.37, 6.30, 202266.05, 128054216, 0.44, 1.10, 2.39, 1029.93798
2017-02-24, 5, qiang_lie, 6.98, 6.32, -0.63, 6.36, 6.34, 6.35, 6.29, 130869.51, 82616299, 0.29, 0.94, 1.54, 916.26906
2017-02-27, 5, qiang_lie, 6.98, 6.28, -0.63, 6.32, 6.30, 6.34, 6.28, 110004.49, 69448835, 0.24, 0.95, 1.30, 541.0831
2017-02-28, 5, qiang_lie, 6.97, 6.32, -0.63, 6.36, 6.34, 6.35, 6.31, 30051.66, 19018301, 0.07, 0.63, 1.93, 694.68093
2017-03-01, 5, qiang_lie, 6.97, 6.29, -0.16, 6.30, 6.27, 6.32, 6.27, 104891.47, 66097934, 0.23, 0.79, 1.24, 1080.01494
2017-03-02, 5, qiang_lie, 6.97, 6.26, -0.48, 6.29, 6.30, 6.31, 6.22, 117017.25, 73281396, 0.26, 1.43, 1.38, 838.15789
2017-03-03, 5, qiang_lie, 6.97, 6.24, -0.32, 6.26, 6.24, 6.26, 6.21, 96825.3, 60307570, 0.21, 0.80, 1.14, 2219.14887
2017-03-06, 5, qiang_lie, 6.97, 6.30, 0.96, 6.24, 6.24, 6.33, 6.22, 115352.86, 72668926, 0.25, 1.76, 1.36, 4448.6742
2017-03-07, 5, qiang_lie, 6.97, 6.30, 0.00, 6.30, 6.31, 6.32, 6.26, 73654.69, 46345349, 0.16, 0.95, 1.74, 2735.94999
2017-03-08, 5, qiang_lie, 6.96, 6.29, -0.16, 6.30, 6.31, 6.32, 6.26, 103456.95, 65072085, 0.23, 0.95, 1.22, 956.02608
2017-03-09, 5, qiang_lie, 6.96, 6.25, -0.64, 6.29, 6.27, 6.28, 6.20, 152211.51, 94854845, 0.33, 1.27, 1.80, 699.42212
2017-03-10, 5, qiang_lie, 6.96, 6.22, -0.48, 6.25, 6.24, 6.27, 6.21, 108332.04, 67509216, 0.24, 0.96, 1.28, 633.77094
2017-03-13, 5, qiang_lie, 6.96, 6.24, 0.32, 6.22, 6.22, 6.24, 6.19, 94353, 58632649, 0.21, 0.80, 1.11, 712.1532
2017-03-14, 4, gao_du, 6.96, 6.21, -0.48, 6.24, 6.23, 6.27, 6.20, 100161.56, 62474209, 0.22, 1.12, 1.18, 560.22191
2017-03-15, 4, gao_du, 6.96, 6.20, -0.16, 6.21, 6.21, 6.23, 6.18, 88829.83, 55083510, 0.20, 0.81, 1.05, 1153.98192
2017-03-16, 3, zhong_du, 6.95, 6.25, 0.81, 6.20, 6.22, 6.26, 6.21, 111294.13, 69392941, 0.24, 0.81, 1.31, 585.89005
2017-03-17, 3, zhong_du, 6.95, 6.22, -0.48, 6.25, 6.26, 6.27, 6.20, 100026.85, 62424476, 0.22, 1.12, 1.18, 626.64604
2017-03-20, 3, zhong_du, 6.95, 6.23, 0.16, 6.22, 6.20, 6.25, 6.19, 88338.12, 54946990, 0.19, 0.96, 1.04, 592.64803
2017-03-21, 3, zhong_du, 6.95, 6.22, -0.16, 6.23, 6.22, 6.24, 6.19, 71191.08, 44249283, 0.16, 0.80, 0.84, 856.01091
2017-03-22, 3, zhong_du, 6.95, 6.16, -0.96, 6.22, 6.21, 6.22, 6.15, 120683.8, 74546491, 0.27, 1.13, 1.42, 595.09611
2017-03-23, 3, zhong_du, 6.95, 6.16, 0.00, 6.16, 6.16, 6.18, 6.14, 85204.53, 52502890, 0.19, 0.65, 1.01, 624.86601
2017-03-24, 3, zhong_du, 6.94, 6.20, 0.65, 6.16, 6.15, 6.21, 6.14, 85411.5, 52781729, 0.19, 1.14, 1.01, 562.52408
2017-03-27, 3, zhong_du, 6.94, 6.21, 0.16, 6.20, 6.21, 6.23, 6.15, 122038.31, 75753164, 0.27, 1.29, 1.44, 684.99613
2017-03-28, 3, zhong_du, 6.94, 6.19, -0.32, 6.21, 6.21, 6.22, 6.18, 73885.33, 45819163, 0.16, 0.64, 0.87, 604.44903
2017-03-29, 3, zhong_du, 6.94, 6.20, 0.16, 6.19, 6.19, 6.24, 6.15, 153952.49, 95523088, 0.34, 1.45, 1.82, 579.98109
2017-03-30, 3, zhong_du, 6.94, 6.24, 0.65, 6.20, 6.20, 6.26, 6.15, 221132.97, 137254907, 0.49, 1.77, 2.61, 1055.02605
2017-03-31, 3, zhong_du, 6.93, 6.26, 0.32, 6.24, 6.24, 6.30, 6.22, 274897.17, 172305165, 0.60, 1.28, 3.24, 599.9651
2017-04-05, 3, zhong_du, 6.93, 6.29, 0.48, 6.26, 6.27, 6.30, 6.22, 299923.63, 187775258, 0.66, 1.28, 3.54, 593.51993
2017-04-06, 3, zhong_du, 6.92, 6.27, -0.32, 6.29, 6.28, 6.30, 6.24, 240338.23, 150573389, 0.53, 0.95, 2.84, 644.69886
2017-04-07, 3, zhong_du, 6.92, 6.33, 0.96, 6.27, 6.26, 6.33, 6.25, 293837.42, 185076059, 0.65, 1.28, 3.47, 607.93591
2017-04-10, 3, zhong_du, 6.92, 6.26, -1.11, 6.33, 6.33, 6.35, 6.24, 259233.81, 162895268, 0.57, 1.74, 3.06, 618.73794
2017-04-11, 3, zhong_du, 6.91, 6.31, 0.80, 6.26, 6.26, 6.32, 6.21, 255957.48, 160347284, 0.56, 1.76, 3.02, 574.69702
2017-04-12, 3, zhong_du, 6.91, 6.38, 1.11, 6.31, 6.32, 6.41, 6.29, 434174.25, 276298692, 0.95, 1.90, 5.12, 681.43797
2017-04-13, 4, gao_du, 6.90, 6.37, -0.16, 6.38, 6.36, 6.38, 6.32, 264874.85, 168291538, 0.58, 0.94, 3.13, 618.60204
2017-04-14, 4, gao_du, 6.90, 6.26, -1.73, 6.37, 6.35, 6.38, 6.24, 217860.7, 137373297, 0.48, 2.20, 2.57, 672.158
2017-04-17, 4, gao_du, 6.90, 6.26, 0.00, 6.26, 6.23, 6.30, 6.23, 160119.08, 100199727, 0.35, 1.12, 1.89, 606.07505
2017-04-18, 3, zhong_du, 6.90, 6.16, -1.60, 6.26, 6.25, 6.28, 6.15, 183428.14, 113920405, 0.40, 2.08, 2.16, 640.7311
2017-04-19, 2, qing_du, 6.89, 6.15, -0.16, 6.16, 6.16, 6.17, 6.06, 213559.74, 130424760, 0.47, 1.79, 2.52, 745.89896
2017-04-20, 1, wei_ruo, 6.89, 6.10, -0.81, 6.15, 6.14, 6.16, 6.05, 169947.13, 103613457, 0.37, 1.79, 2.01, 670.92896
2017-04-21, 1, wei_ruo, 6.89, 6.10, 0.00, 6.10, 6.11, 6.14, 6.08, 111594.38, 68171582, 0.25, 0.98, 1.32, 720.0911
2017-04-24, 1, wei_ruo, 6.88, 5.99, -1.80, 6.10, 6.11, 6.12, 5.98, 166141.35, 100004005, 0.36, 2.30, 1.96, 645.0851
2017-04-25, 1, wei_ruo, 6.88, 6.01, 0.33, 5.99, 6.01, 6.05, 5.98, 76214.09, 45894896, 0.17, 1.17, 0.90, 635.21886
2017-04-26, 1, wei_ruo, 6.88, 6.03, 0.33, 6.01, 6.01, 6.06, 6.00, 94090.02, 56776182, 0.21, 1.00, 1.11, 884.07993
2017-04-27, 1, wei_ruo, 6.88, 5.99, -0.66, 6.03, 6.02, 6.03, 5.92, 141632.34, 84762691, 0.31, 1.82, 1.67, 643.38493
2017-04-28, 1, wei_ruo, 6.88, 6.02, 0.50, 5.99, 5.99, 6.03, 5.97, 107127.05, 64302568, 0.24, 1.00, 1.26, 610.66103
2017-05-02, 1, wei_ruo, 6.87, 6.07, 0.83, 6.02, 6.04, 6.09, 6.02, 132921.04, 80583201, 0.29, 1.16, 1.57, 623.87204
2017-05-03, 1, wei_ruo, 6.87, 6.07, 0.00, 6.07, 6.07, 6.08, 6.02, 112411.73, 68131145, 0.25, 0.99, 1.33, 599.77198
2017-05-04, 1, wei_ruo, 6.87, 6.05, -0.33, 6.07, 6.05, 6.11, 6.03, 105191.34, 63903288, 0.23, 1.32, 1.24, 655.77507
2017-05-05, 1, wei_ruo, 6.87, 6.02, -0.50, 6.05, 6.05, 6.07, 6.00, 111999.55, 67509206, 0.25, 1.16, 1.32, 561.39207
2017-05-11, 1, wei_ruo, 6.85, 5.80, -1.02, 5.86, 5.83, 5.87, 5.68, 264928.4, 152766051, 0.58, 3.24, 3.13, 748.37303
2017-05-12, 1, wei_ruo, 6.85, 5.79, -0.17, 5.80, 5.77, 5.82, 5.74, 100833.53, 58295775, 0.22, 1.38, 1.19, 587.58307
2017-05-15, 1, wei_ruo, 6.85, 5.82, 0.52, 5.79, 5.81, 5.84, 5.79, 69354.03, 40346076, 0.15, 0.86, 0.82, 1375.78011
2017-05-17, 1, wei_ruo, 6.84, 5.88, 0.34, 5.86, 5.85, 5.91, 5.85, 95642.22, 56362867, 0.21, 1.02, 1.13, 667.19007
2017-05-18, 1, wei_ruo, 6.84, 5.86, -0.34, 5.88, 5.86, 5.89, 5.84, 68495.17, 40139096, 0.15, 0.85, 0.81, 889.97507
2017-05-19, 1, wei_ruo, 6.84, 5.92, 1.02, 5.86, 5.87, 5.96, 5.85, 124659.7, 73754186, 0.27, 1.88, 1.47, 601.24516
2017-05-22, 1, wei_ruo, 6.84, 5.87, -0.84, 5.92, 5.92, 5.95, 5.84, 85637.98, 50493228, 0.19, 1.86, 1.01, 629.13489
2017-05-23, 1, wei_ruo, 6.84, 5.85, -0.34, 5.87, 5.87, 5.87, 5.82, 82946.95, 48457539, 0.18, 0.85, 0.98, 2792.624
2017-05-24, 1, wei_ruo, 6.83, 5.84, -0.17, 5.85, 5.83, 5.87, 5.78, 115862.71, 67376357, 0.25, 1.54, 1.37, 715.29102
2017-05-25, 1, wei_ruo, 6.83, 5.98, 2.40, 5.84, 5.85, 5.99, 5.84, 191401.62, 113319821, 0.42, 2.57, 2.26, 2610.07619
2017-05-26, 1, wei_ruo, 6.83, 5.99, 0.17, 5.98, 5.95, 6.02, 5.95, 138421.25, 82899001, 0.30, 1.17, 1.63, 646.46602
2017-05-31, 1, wei_ruo, 6.83, 6.01, 0.33, 5.99, 5.99, 6.03, 5.97, 114527.04, 68738264, 0.25, 1.00, 1.35, 588.49692
2017-06-01, 1, wei_ruo, 6.82, 6.05, 0.67, 6.01, 6.00, 6.10, 5.97, 170454.62, 102892743, 0.37, 2.16, 2.01, 644.51623
2017-06-02, 1, wei_ruo, 6.82, 6.04, -0.17, 6.05, 6.02, 6.06, 5.96, 139521.03, 83871589, 0.31, 1.65, 1.65, 678.25294
2017-06-05, 1, wei_ruo, 6.82, 6.06, 0.33, 6.04, 6.05, 6.07, 6.03, 89702.3, 54327081, 0.20, 0.66, 1.06, 728.28507
2017-06-06, 1, wei_ruo, 6.82, 6.08, 0.33, 6.06, 6.07, 6.10, 6.04, 91717.68, 55661126, 0.20, 0.99, 1.08, 15580.04379
2017-06-07, 1, wei_ruo, 6.82, 6.13, 0.82, 6.08, 6.08, 6.15, 6.08, 146307.29, 89597684, 0.32, 1.15, 1.73, 667.15693
2017-06-08, 2, qing_du, 6.81, 6.20, 1.14, 6.13, 6.14, 6.21, 6.13, 175597.63, 108435785, 0.39, 1.31, 2.07, 610.01706
2017-06-09, 2, qing_du, 6.81, 6.20, 0.00, 6.20, 6.20, 6.22, 6.16, 173854.86, 107645456, 0.38, 0.97, 2.05, 737.06102
2017-06-12, 3, zhong_du, 6.81, 6.22, 0.32, 6.20, 6.20, 6.24, 6.17, 136762.97, 85099783, 0.30, 1.13, 1.61, 581.53605
2017-06-13, 3, zhong_du, 6.81, 6.20, -0.32, 6.22, 6.20, 6.22, 6.15, 103092.49, 63812007, 0.23, 1.13, 1.22, 590.82317
2017-06-14, 4, gao_du, 6.81, 6.18, -0.32, 6.20, 6.19, 6.21, 6.15, 95895.42, 59231311, 0.21, 0.97, 1.13, 603.08504
2017-06-15, 4, gao_du, 6.80, 6.19, 0.16, 6.18, 6.17, 6.21, 6.16, 78377.43, 48533920, 0.17, 0.81, 0.93, 642.99989
2017-06-16, 4, gao_du, 6.80, 6.19, 0.00, 6.19, 6.19, 6.21, 6.16, 55331.27, 34222128, 0.12, 0.81, 0.65, 545.65501
2017-06-19, 4, gao_du, 6.80, 6.25, 0.97, 6.19, 6.23, 6.26, 6.16, 103710.18, 64711090, 0.23, 1.62, 1.22, 1019.86003
2017-06-20, 4, gao_du, 6.80, 6.22, -0.48, 6.25, 6.23, 6.26, 6.19, 114621.32, 71187915, 0.25, 1.12, 1.35, 596.87281
2017-06-21, 5, qiang_lie, 6.80, 6.25, 0.48, 6.22, 6.25, 6.26, 6.21, 93082.77, 58068940, 0.20, 0.80, 1.10, 1060.37807
2017-06-22, 5, qiang_lie, 6.80, 6.27, 0.32, 6.25, 6.26, 6.32, 6.25, 158706.79, 99889283, 0.35, 1.12, 1.87, 677.63591
2017-06-23, 5, qiang_lie, 6.80, 6.22, -0.80, 6.27, 6.26, 6.27, 6.18, 100613.99, 62592437, 0.22, 1.44, 1.19, 724.27797
2017-06-26, 5, qiang_lie, 6.80, 6.29, 1.13, 6.22, 6.22, 6.30, 6.20, 90170.85, 56529815, 0.20, 1.61, 1.06, 595.05796
2017-06-27, 5, qiang_lie, 6.80, 6.30, 0.16, 6.29, 6.29, 6.32, 6.26, 63769.58, 40085569, 0.14, 0.95, 0.75, 566.80393
2017-06-28, 5, qiang_lie, 6.79, 6.33, 0.48, 6.30, 6.30, 6.36, 6.28, 142809.89, 90514365, 0.31, 1.27, 1.69, 725.03805
2017-06-29, 5, qiang_lie, 6.79, 6.31, -0.32, 6.33, 6.33, 6.35, 6.29, 77864.58, 49134468, 0.17, 0.95, 0.92, 3541.07785
2017-06-30, 5, qiang_lie, 6.79, 6.30, -0.16, 6.31, 6.30, 6.32, 6.28, 58223.78, 36641543, 0.13, 0.63, 0.69, 602.82993
2017-07-03, 5, qiang_lie, 6.79, 6.30, 0.00, 6.30, 6.30, 6.32, 6.26, 67693.34, 42559576, 0.15, 0.95, 0.80, 599.62201
2017-07-04, 5, qiang_lie, 6.79, 6.22, -1.27, 6.30, 6.30, 6.30, 6.20, 116064.31, 72391692, 0.25, 1.59, 1.37, 740.95893
2017-07-05, 5, qiang_lie, 6.79, 6.24, 0.32, 6.22, 6.21, 6.26, 6.21, 74610.86, 46531849, 0.16, 0.80, 0.88, 775.26283
2017-07-06, 5, qiang_lie, 6.79, 6.20, -0.64, 6.24, 6.25, 6.26, 6.19, 118549.39, 73716004, 0.26, 1.12, 1.40, 5872.16592
2017-07-07, 5, qiang_lie, 6.78, 6.36, 2.58, 6.20, 6.20, 6.37, 6.19, 300848.85, 190103012, 0.66, 2.90, 3.55, 672.48893
2017-07-10, 5, qiang_lie, 6.78, 6.36, 0.00, 6.36, 6.34, 6.39, 6.31, 145668.45, 92429255, 0.32, 1.26, 1.72, 605.13616
2017-07-11, 5, qiang_lie, 6.78, 6.35, -0.16, 6.36, 6.35, 6.39, 6.31, 163941.79, 104188508, 0.36, 1.26, 1.93, 761.53994
2017-07-12, 5, qiang_lie, 6.78, 6.27, -1.26, 6.35, 6.35, 6.36, 6.24, 129186.13, 81174013, 0.28, 1.89, 1.52, 736.77897
2017-07-13, 5, qiang_lie, 6.78, 6.33, 0.96, 6.27, 6.27, 6.33, 6.26, 123952.13, 78060513, 0.27, 1.12, 1.46, 1046.15903
2017-07-14, 5, qiang_lie, --, 6.31, -0.32, 6.33, 6.33, 6.33, 6.29, 102412, 64592447, 0.22, 0.63, 1.21, 603.85799
2017-07-17, 5, qiang_lie, --, 6.20, -1.74, 6.31, 6.31, 6.32, 6.16, 189629.6, 118220748, 0.42, 2.54, 2.24, 1576.76101
2017-07-18, 5, qiang_lie, 6.77, 6.25, 0.81, 6.20, 6.20, 6.25, 6.18, 84698.41, 52688622, 0.19, 1.13, 1.00, 3383.05497
2017-07-19, 5, qiang_lie, --, 6.42, 2.72, 6.25, 6.23, 6.43, 6.23, 227529.64, 144524163, 0.50, 3.20, 2.69, 290.20905
2017-07-20, 5, qiang_lie, --, 6.48, 0.93, 6.42, 6.44, 6.55, 6.42, 319659, 207396723, 0.70, 2.02, 3.77, 558.47907
2017-07-21, 5, qiang_lie, --, 6.23, -0.48, 6.26, 6.28, 6.28, 6.21, 210552.71, 131467446, 0.46, 1.12, 2.48, 484.38215
2017-07-24, 5, qiang_lie, 6.54, 6.38, 2.41, 6.23, 6.22, 6.40, 6.22, 306441.06, 193397513, 0.67, 2.89, 3.62, 638.48901
2017-07-25, 5, qiang_lie, --, 6.28, -1.57, 6.38, 6.38, 6.38, 6.26, 190195.11, 119843586, 0.42, 1.88, 2.24, 2825.81091
2017-07-26, 5, qiang_lie, --, 6.26, -0.32, 6.28, 6.27, 6.29, 6.22, 134252.89, 83902370, 0.29, 1.11, 1.58, 743.39199
2017-07-27, 5, qiang_lie, 6.54, 6.27, 0.16, 6.26, 6.27, 6.32, 6.22, 106549.66, 66754704, 0.23, 1.60, 1.26, 685.55498
2017-07-28, 5, qiang_lie, 6.53, 6.22, -0.80, 6.27, 6.28, 6.28, 6.21, 137882.42, 85895458, 0.30, 1.12, 1.63, 713.93299
2017-07-31, 5, qiang_lie, 6.53, 6.23, 0.16, 6.22, 6.23, 6.26, 6.21, 147679.91, 92103194, 0.32, 0.80, 1.74, 855.93104
2017-08-01, 5, qiang_lie, 6.53, 6.24, 0.16, 6.23, 6.25, 6.28, 6.23, 127421.44, 79735389, 0.28, 0.80, 1.50, 746.51504
2017-08-02, 5, qiang_lie, 6.53, 6.19, -0.80, 6.24, 6.25, 6.26, 6.18, 137397.03, 85409501, 0.30, 1.28, 1.62, 662.54306
2017-08-03, 5, qiang_lie, 6.53, 6.21, 0.32, 6.19, 6.19, 6.25, 6.19, 125237.12, 77972849, 0.28, 0.97, 1.48, 771.49105
2017-08-04, 5, qiang_lie, 6.53, 6.30, 1.45, 6.21, 6.20, 6.34, 6.20, 281227.74, 176942921, 0.62, 2.25, 3.32, 795.87603
2017-08-07, 5, qiang_lie, 6.53, 6.32, 0.32, 6.30, 6.30, 6.33, 6.27, 142545.14, 89873684, 0.31, 0.95, 1.68, 697.10088
2017-08-08, 5, qiang_lie, 6.53, 6.26, -0.95, 6.32, 6.29, 6.32, 6.23, 126491.78, 79267908, 0.28, 1.42, 1.49, 796.70691
2017-08-09, 5, qiang_lie, 6.53, 6.25, -0.16, 6.26, 6.26, 6.27, 6.21, 109348.56, 68119114, 0.24, 0.96, 1.29, 2685.22811
2017-08-10, 5, qiang_lie, 6.53, 6.15, -1.60, 6.25, 6.22, 6.26, 6.14, 180715.98, 111783325, 0.40, 1.92, 2.13, 738.18803
2017-08-11, 4, gao_du, 6.52, 6.06, -1.46, 6.15, 6.15, 6.18, 6.03, 172140.9, 105146625, 0.38, 2.44, 2.03, 599.52092
2017-08-14, 3, zhong_du, 6.52, 6.09, 0.50, 6.06, 6.05, 6.13, 6.05, 85108.06, 51857229, 0.19, 1.32, 1.00, 793.49208
2017-08-15, 3, zhong_du, 6.52, 6.08, -0.16, 6.09, 6.12, 6.14, 6.06, 74740.72, 45553490, 0.16, 1.31, 0.88, 693.70079
2017-08-16, 2, qing_du, 6.52, 6.09, 0.16, 6.08, 6.07, 6.10, 6.06, 57631.34, 35038828, 0.13, 0.66, 0.68, 707.49497
2017-08-17, 2, qing_du, 6.52, 6.14, 0.82, 6.09, 6.10, 6.14, 6.07, 89320.69, 54578873, 0.20, 1.15, 1.05, 3436.27691
2017-08-18, 2, qing_du, 6.52, 6.15, 0.16, 6.14, 6.12, 6.18, 6.10, 86983.22, 53546541, 0.19, 1.30, 1.03, 662.47106
2017-08-21, 3, zhong_du, 6.52, 6.19, 0.65, 6.15, 6.16, 6.20, 6.15, 66596.83, 41115191, 0.15, 0.81, 0.79, 810.78696
2017-08-22, 3, zhong_du, 6.52, 6.19, 0.00, 6.19, 6.19, 6.21, 6.16, 63542.15, 39299410, 0.14, 0.81, 0.75, 586.36808
2017-08-23, 3, zhong_du, 6.52, 6.13, -0.97, 6.19, 6.21, 6.21, 6.11, 82518.31, 50672892, 0.18, 1.62, 0.97, 792.48095
2017-08-24, 3, zhong_du, 6.52, 6.13, 0.00, 6.13, 6.12, 6.18, 6.11, 50269.14, 30862480, 0.11, 1.14, 0.59, 893.89801
2017-08-25, 3, zhong_du, 6.52, 6.16, 0.49, 6.13, 6.13, 6.18, 6.12, 94137.61, 57955790, 0.21, 0.98, 1.11, 777.75192
2017-08-28, 3, zhong_du, 6.52, 6.22, 0.97, 6.16, 6.16, 6.24, 6.16, 128859, 79977328, 0.28, 1.30, 1.52, 148392.67683
2017-08-29, 3, zhong_du, 6.52, 6.16, -0.96, 6.22, 6.22, 6.24, 6.14, 127727.34, 79073536, 0.28, 1.61, 1.51, 708.3869
2017-08-30, 3, zhong_du, 6.52, 6.16, 0.00, 6.16, 6.16, 6.19, 6.14, 93617.66, 57666013, 0.21, 0.81, 1.10, 734.41887
2017-08-31, 3, zhong_du, 6.51, 6.12, -0.65, 6.16, 6.15, 6.18, 6.12, 51217.9, 31436285, 0.11, 0.97, 1.21, 698.99797
2017-09-01, 2, qing_du, 6.51, 6.14, 0.16, 6.13, 6.16, 6.17, 6.12, 133498.86, 81978549, 0.29, 0.82, 1.58, 2968.889
2017-09-04, 2, qing_du, 6.51, 6.12, -0.65, 6.16, 6.15, 6.18, 6.12, 51217.9, 31436285, 0.11, 0.97, 1.21, 632.13491
2017-09-05, 2, qing_du, 6.51, 6.12, -0.65, 6.16, 6.15, 6.18, 6.12, 51217.9, 31436285, 0.11, 0.97, 1.21, 682.05905
2017-09-06, 1, wei_ruo, 6.51, 6.12, -0.65, 6.16, 6.15, 6.18, 6.12, 51217.9, 31436285, 0.11, 0.97, 1.21, 666.23998
2017-09-07, 1, wei_ruo, 6.51, 6.08, -0.33, 6.10, 6.11, 6.11, 6.07, 77555.75, 47241071, 0.17, 0.66, 0.92, 884.21679
2017-09-08, 1, wei_ruo, 6.51, 6.12, -0.65, 6.16, 6.15, 6.18, 6.12, 51217.9, 31436285, 0.11, 0.97, 1.21, 539.62612
2017-09-11, 1, wei_ruo, 6.51, 6.12, -0.65, 6.16, 6.15, 6.18, 6.12, 51217.9, 31436285, 0.11, 0.97, 1.21, 3107.73182
2017-09-12, 1, wei_ruo, 6.51, 6.09, 0.00, 6.09, 6.09, 6.12, 6.08, 126153.76, 76902494, 0.28, 0.66, 1.49, 2631.4261
2017-09-13, 1, wei_ruo, 6.51, 6.09, 0.00, 6.09, 6.09, 6.10, 6.07, 70142.5, 42669934, 0.15, 0.49, 0.83, 2594.90395
2017-09-14, 1, wei_ruo, 6.51, 6.12, 0.49, 6.09, 6.09, 6.18, 6.07, 131557.63, 80385719, 0.29, 1.81, 1.55, 671.37098
2017-09-15, 1, wei_ruo, 6.50, 6.08, -0.65, 6.12, 6.10, 6.10, 6.05, 102490.72, 62257338, 0.23, 0.82, 1.21, 861.15289
2017-09-18, 1, wei_ruo, 6.50, 6.08, 0.00, 6.08, 6.08, 6.09, 6.06, 70864.55, 43039653, 0.16, 0.49, 0.84, 621.37508
2017-09-19, 1, wei_ruo, 6.50, 6.05, -0.49, 6.08, 6.08, 6.08, 6.04, 67331.56, 40820315, 0.15, 0.66, 0.79, 799.10493
2017-09-20, 1, wei_ruo, 6.50, 6.08, 0.50, 6.05, 6.05, 6.08, 6.04, 77855.24, 47184215, 0.17, 0.66, 0.92, 687.08897
2017-09-21, 1, wei_ruo, 6.50, 6.04, -0.66, 6.08, 6.07, 6.09, 6.04, 76777.17, 46543767, 0.17, 0.82, 0.91, 627.05588
2017-09-22, 1, wei_ruo, 6.50, 6.01, -0.50, 6.04, 6.04, 6.04, 5.99, 91205.29, 54806577, 0.20, 0.83, 1.08, 582.70502
2017-09-25, 1, wei_ruo, 6.50, 5.96, -0.83, 6.01, 6.00, 6.01, 5.95, 83147.94, 49708252, 0.18, 1.00, 0.98, 677.81711
2017-09-26, 1, wei_ruo, 6.50, 5.95, -0.17, 5.96, 5.97, 5.97, 5.94, 55327.18, 32941001, 0.12, 0.50, 0.65, 718.35804
2017-09-27, 1, wei_ruo, 6.50, 5.97, 0.34, 5.95, 5.97, 5.98, 5.94, 43640.76, 26024034, 0.10, 0.67, 0.52, 867.7702
2017-09-28, 1, wei_ruo, 6.50, 5.95, -0.34, 5.97, 5.97, 5.98, 5.94, 45675.18, 27179358, 0.10, 0.67, 0.54, 2546.84305
2017-09-29, 1, wei_ruo, 6.50, 5.96, 0.17, 5.95, 5.95, 5.97, 5.94, 51681.57, 30790599, 0.11, 0.50, 0.61, 706.47979
2017-10-10, 1, wei_ruo, 6.50, 6.03, 0.84, 5.98, 5.98, 6.03, 5.97, 73675.62, 44226026, 0.16, 1.00, 0.87, 559.3679
2017-10-12, 1, wei_ruo, 6.49, 6.01, -0.33, 6.03, 6.03, 6.04, 5.99, 52229.06, 31430097, 0.11, 0.83, 0.62, 565.9411
2017-10-13, 1, wei_ruo, 6.49, 6.04, 0.50, 6.01, 6.02, 6.04, 6.00, 68461.69, 41234793, 0.15, 0.67, 0.81, 558.671
2017-10-16, 1, wei_ruo, 6.49, 5.98, -0.99, 6.04, 6.03, 6.04, 5.97, 74458.71, 44673217, 0.16, 1.16, 0.88, 629.04501
2017-10-17, 1, wei_ruo, 6.49, 5.96, -0.33, 5.98, 5.99, 6.00, 5.96, 50257.77, 30028308, 0.11, 0.67, 0.59, 480.74508
2017-10-18, 1, wei_ruo, 6.49, 5.93, -0.50, 5.96, 5.98, 5.99, 5.92, 71277.88, 42453489, 0.16, 1.17, 0.84, 677.61803
2017-10-19, 1, wei_ruo, 6.49, 5.89, -0.67, 5.93, 5.94, 5.94, 5.88, 83729.73, 49445918, 0.18, 1.01, 0.99, 686.03611
2017-10-20, 1, wei_ruo, 6.49, 5.94, 0.85, 5.89, 5.90, 5.95, 5.89, 56730.5, 33649275, 0.12, 1.02, 0.67, 2626.32298
2017-10-23, 1, wei_ruo, 6.49, 5.99, 0.84, 5.94, 5.96, 5.99, 5.95, 58245.58, 34783380, 0.13, 0.67, 0.69, 849.13707
2017-10-24, 1, wei_ruo, 6.49, 5.95, -0.67, 5.99, 5.98, 5.99, 5.93, 54356.03, 32361810, 0.12, 1.00, 0.64, 689.224
2017-10-25, 1, wei_ruo, 6.49, 5.98, 0.50, 5.95, 5.96, 5.98, 5.94, 56407.41, 33638552, 0.12, 0.67, 0.67, 2687.36696
2017-10-26, 1, wei_ruo, 6.49, 5.98, 0.00, 5.98, 5.97, 6.00, 5.94, 78727.99, 47022876, 0.17, 1.00, 0.93, 646.11483
2017-10-27, 1, wei_ruo, 6.49, 5.96, -0.33, 5.98, 5.97, 5.99, 5.93, 85213.27, 50780926, 0.19, 1.00, 1.01, 659.25503
2017-10-30, 1, wei_ruo, 6.48, 5.87, -1.51, 5.96, 5.97, 5.97, 5.85, 104324.17, 61508809, 0.23, 2.01, 1.23, 897.04084
2017-10-31, 1, wei_ruo, 6.48, 5.88, 0.17, 5.87, 5.86, 5.90, 5.85, 66442.73, 39021135, 0.15, 0.85, 0.78, 1066.99586
2017-11-01, 1, wei_ruo, 6.48, 5.83, -0.85, 5.88, 5.89, 5.90, 5.82, 97541.87, 57167256, 0.21, 1.36, 1.15, 731.40597
2017-11-02, 1, wei_ruo, 6.48, 5.81, -0.34, 5.83, 5.84, 5.86, 5.80, 90021.07, 52456467, 0.20, 1.03, 1.06, 647.86816
2017-11-03, 1, wei_ruo, 6.48, 5.79, -0.34, 5.81, 5.82, 5.84, 5.76, 109840.24, 63560088, 0.24, 1.38, 1.30, 608.38199
2017-11-06, 1, wei_ruo, 6.48, 5.81, -0.17, 5.82, 5.81, 5.82, 5.80, 1051.5, 610617, 0.00, 0.34, 0.74, 60600.05093
2017-11-07, 1, wei_ruo, 6.48, 0.00, 0.00, 5.85, 0.00, 0.00, 0.00, 0, 0, 0.00, 0.00, 0.00, 762.66003
2017-11-08, 1, wei_ruo, 6.48, 5.86, 0.69, 5.82, 5.81, 5.86, 5.80, 41831.43, 24387530, 0.09, 1.03, 0.99, 863.343
2017-11-10, 1, wei_ruo, 6.47, 5.86, 0.69, 5.82, 5.81, 5.86, 5.80, 41831.43, 24387530, 0.09, 1.03, 0.99, 879.13585
2017-11-13, 1, wei_ruo, 6.47, 5.83, -0.17, 5.84, 5.84, 5.86, 5.82, 88447.5, 51673635, 0.19, 0.68, 0.90, 500.067
2017-11-14, 1, wei_ruo, 6.47, 5.80, -0.51, 5.83, 5.82, 5.83, 5.78, 97478.87, 56569968, 0.21, 0.86, 0.98, 768.57615
2017-11-15, 1, wei_ruo, 6.47, 5.79, -0.17, 5.80, 5.79, 5.81, 5.78, 56265.67, 32593801, 0.12, 0.52, 0.53, 704.27012
2017-11-16, 1, wei_ruo, 6.47, 5.77, -0.35, 5.79, 5.80, 5.81, 5.76, 68550.67, 39650234, 0.15, 0.86, 0.70, 729.96402
2017-11-17, 1, wei_ruo, 6.47, 5.70, -1.21, 5.77, 5.78, 5.79, 5.70, 112353.74, 64279971, 0.25, 1.56, 1.29, 798.4519
2017-11-20, 1, wei_ruo, 6.46, 5.72, 0.35, 5.70, 5.71, 5.73, 5.68, 85621.73, 48855068, 0.19, 0.88, 1.01, 688.70091
2017-11-21, 1, wei_ruo, 6.46, 5.76, 0.70, 5.72, 5.73, 5.80, 5.70, 94510.81, 54390711, 0.21, 1.75, 1.12, 646.75212
2017-11-22, 1, wei_ruo, 6.46, 5.82, 1.04, 5.76, 5.77, 5.85, 5.75, 118115.28, 68580109, 0.26, 1.74, 1.42, 852.36502
2017-11-23, 1, wei_ruo, 6.46, 5.75, -1.20, 5.82, 5.80, 5.83, 5.73, 90727.38, 52544219, 0.20, 1.72, 0.95, 60521.02208
2017-11-24, 1, wei_ruo, 6.46, 5.73, -0.35, 5.75, 5.75, 5.76, 5.70, 88357.67, 50589030, 0.19, 1.04, 0.88, 707.01504
2017-11-27, 1, wei_ruo, 6.46, 5.65, -1.40, 5.73, 5.71, 5.73, 5.64, 129966.07, 73610679, 0.29, 1.57, 1.36, 759.60803
2017-11-28, 1, wei_ruo, 6.46, 5.68, 0.53, 5.65, 5.65, 5.69, 5.65, 77689.28, 44050147, 0.17, 0.71, 0.74, 674.79706
2017-11-29, 1, wei_ruo, 6.45, 5.69, 0.18, 5.68, 5.68, 5.70, 5.66, 91150.3, 51758786, 0.20, 0.70, 0.90, 626.63603
2017-11-30, 1, wei_ruo, 6.45, 5.70, 0.18, 5.69, 5.69, 5.72, 5.67, 67560.76, 38478645, 0.15, 0.88, 0.71, 722.29099
2017-12-01, 1, wei_ruo, 6.45, 5.69, -0.18, 5.70, 5.70, 5.72, 5.68, 66247.51, 37747777, 0.15, 0.70, 0.73, 721.5941
2017-12-04, 1, wei_ruo, 6.45, 5.65, -0.70, 5.69, 5.71, 5.74, 5.64, 150050.08, 85452914, 0.33, 1.76, 1.73, 737.28299
2017-12-05, 1, wei_ruo, 6.45, 5.67, 0.35, 5.65, 5.65, 5.68, 5.63, 128507.46, 72648795, 0.28, 0.88, 1.42, 716.57896
2017-12-06, 1, wei_ruo, 6.44, 5.62, -0.88, 5.67, 5.68, 5.68, 5.60, 166155.45, 93460444, 0.37, 1.41, 1.65, 581.17414
2017-12-07, 1, wei_ruo, 6.44, 5.57, -0.89, 5.62, 5.63, 5.64, 5.56, 166406.4, 93063886, 0.37, 1.42, 1.44, 608.94608
2017-12-08, 1, wei_ruo, 6.44, 5.62, 0.90, 5.57, 5.57, 5.62, 5.57, 111711.73, 62522229, 0.25, 0.90, 0.82, 638.22913
2017-12-11, 1, wei_ruo, 6.44, 5.63, 0.18, 5.62, 5.62, 5.64, 5.60, 104000.09, 58522543, 0.23, 0.71, 0.72, 3271.26479
2017-12-12, 1, wei_ruo, 6.43, 5.63, 0.00, 5.63, 5.65, 5.68, 5.62, 114621.93, 64836726, 0.25, 1.07, 0.85, 1230.91316
2017-12-13, 1, wei_ruo, 6.43, 5.65, 0.36, 5.63, 5.63, 5.65, 5.62, 57785.66, 32570703, 0.13, 0.53, 0.44, 2642.2689
2017-12-14, 1, wei_ruo, 6.43, 5.79, 2.48, 5.65, 5.65, 5.82, 5.64, 292777.96, 168349260, 0.64, 3.19, 2.64, 723.0649
2017-12-15, 1, wei_ruo, 6.43, 5.73, -1.04, 5.79, 5.79, 5.80, 5.71, 139953.31, 80372917, 0.31, 1.55, 1.03, 862.94484
2017-12-18, 1, wei_ruo, 6.43, 5.73, 0.00, 5.73, 5.73, 5.78, 5.71, 86992.39, 49890748, 0.19, 1.22, 0.61, 733.74104
2017-12-19, 1, wei_ruo, 6.42, 5.75, 0.35, 5.73, 5.75, 5.77, 5.73, 84086.48, 48343704, 0.18, 0.70, 0.61, 798.29216
2017-12-20, 1, wei_ruo, 6.42, 5.81, 1.04, 5.75, 5.75, 5.88, 5.74, 236164.48, 137767414, 0.52, 2.43, 1.78, 2690.25612
2017-12-21, 1, wei_ruo, 6.42, 5.84, 0.52, 5.81, 5.79, 5.88, 5.78, 142129.71, 82994387, 0.31, 1.72, 0.85, 747.53785
2017-12-22, 2, qing_du, 6.42, 5.97, 2.23, 5.84, 5.84, 6.00, 5.82, 324517.98, 192798446, 0.71, 3.08, 2.35, 658.23889
2017-12-25, 2, qing_du, 6.41, 5.88, -1.51, 5.97, 5.95, 6.00, 5.88, 202777.48, 120229342, 0.45, 2.01, 1.16, 726.48811
2017-12-26, 3, zhong_du, 6.41, 5.94, 1.02, 5.88, 5.89, 5.97, 5.88, 163428.08, 96879500, 0.36, 1.53, 0.83, 436.67197
2017-12-27, 3, zhong_du, 6.41, 5.85, -1.52, 5.94, 5.94, 5.94, 5.83, 168353.2, 99231833, 0.37, 1.85, 0.79, 651.55792
2017-12-29, 2, qing_du, 6.41, 5.91, 0.85, 5.86, 5.89, 5.93, 5.87, 113743.07, 67202270, 0.25, 1.02, 0.80, 597.02992
2018-01-03, 3, zhong_du, 6.41, 5.95, 0.68, 5.91, 5.92, 5.98, 5.90, 150293.41, 89317671, 0.33, 1.35, 1.21, 884.44209
2018-01-04, 3, zhong_du, 6.40, 5.98, 0.50, 5.95, 5.95, 5.99, 5.92, 136599.37, 81292714, 0.30, 1.18, 1.13, 716.97998
2018-01-05, 3, zhong_du, 6.40, 5.97, -0.17, 5.98, 5.96, 6.00, 5.93, 163211.97, 97407607, 0.36, 1.17, 1.42, 667.65189
2018-01-08, 4, gao_du, 6.40, 5.99, 0.34, 5.97, 5.96, 5.99, 5.92, 184556.81, 109841853, 0.41, 1.17, 1.47, 577.47912
2018-01-09, 4, gao_du, 6.40, 5.95, -0.67, 5.99, 5.98, 5.98, 5.92, 131783.66, 78293241, 0.29, 1.00, 0.88, 717.68713
2018-01-10, 4, gao_du, 6.40, 5.93, -0.34, 5.95, 5.93, 5.96, 5.91, 128056.28, 76004360, 0.28, 0.84, 0.84, 707.35812
2018-01-11, 4, gao_du, 6.40, 5.92, -0.17, 5.93, 5.93, 5.94, 5.90, 112741.36, 66693083, 0.25, 0.67, 0.76, 612.72693
2018-01-12, 4, gao_du, 6.40, 5.87, -0.84, 5.92, 5.93, 5.94, 5.86, 158366.33, 93330194, 0.35, 1.35, 1.10, 1030.12705
2018-01-15, 4, gao_du, 6.39, 5.85, -0.34, 5.87, 5.87, 5.89, 5.83, 152978.92, 89568028, 0.34, 1.02, 1.07, 584.51295
2018-01-16, 4, gao_du, 6.39, 5.91, 1.03, 5.85, 5.83, 5.93, 5.83, 141592.66, 83550494, 0.31, 1.71, 1.04, 648.51618
2018-01-17, 4, gao_du, 6.39, 5.93, 0.34, 5.91, 5.91, 5.95, 5.89, 139714.31, 82778291, 0.31, 1.02, 1.01, 621.315
2018-01-18, 4, gao_du, 6.39, 5.91, -0.34, 5.93, 5.94, 5.94, 5.89, 99438.38, 58818732, 0.22, 0.84, 0.70, 518.35299
2018-01-19, 5, qiang_lie, 6.39, 5.96, 0.85, 5.91, 5.92, 6.00, 5.90, 190767.26, 113691833, 0.42, 1.69, 1.38, 731.251
2018-01-22, 5, qiang_lie, 6.39, 6.06, 1.68, 5.96, 5.96, 6.10, 5.96, 306654.83, 185078896, 0.67, 2.35, 2.12, 689.58592
2018-01-23, 5, qiang_lie, 6.38, 6.04, -0.33, 6.06, 6.06, 6.07, 6.02, 166348.53, 100373342, 0.37, 0.83, 0.95, 1063.26485
2018-01-24, 5, qiang_lie, 6.38, 6.10, 0.99, 6.04, 6.06, 6.13, 6.04, 202222.08, 123161604, 0.44, 1.49, 1.12, 580.81007
2018-01-25, 5, qiang_lie, 6.38, 6.08, -0.33, 6.10, 6.11, 6.13, 6.07, 158472.58, 96670017, 0.35, 0.98, 0.82, 630.55611
2018-01-26, 5, qiang_lie, 6.38, 6.09, 0.16, 6.08, 6.08, 6.11, 6.06, 112575.84, 68559380, 0.25, 0.82, 0.55, 624.66097
2018-01-29, 5, qiang_lie, 6.38, 6.12, 0.49, 6.09, 6.12, 6.20, 6.10, 246736.86, 151717740, 0.54, 1.64, 1.30, 738.67607
2018-01-30, 5, qiang_lie, 6.38, 6.07, -0.82, 6.12, 6.12, 6.14, 6.06, 137081.41, 83630027, 0.30, 1.31, 0.77, 489.41398
2018-01-31, 5, qiang_lie, 6.38, 6.03, -0.66, 6.07, 6.05, 6.08, 6.01, 147610.95, 89261935, 0.32, 1.15, 0.86, 638.8979
2018-02-01, 5, qiang_lie, 6.38, 5.90, -2.16, 6.03, 6.03, 6.06, 5.88, 179521.45, 107012548, 0.39, 2.99, 1.12, 616.70589
2018-02-02, 5, qiang_lie, 6.37, 6.05, 2.54, 5.90, 5.89, 6.06, 5.89, 185459.16, 111108224, 0.41, 2.88, 1.13, 682.39808
2018-02-05, 5, qiang_lie, 6.37, 6.10, 0.83, 6.05, 6.00, 6.12, 5.98, 166309.51, 100862793, 0.37, 2.31, 0.93, 1011.27791
2018-02-06, 5, qiang_lie, 6.37, 5.92, -2.95, 6.10, 6.04, 6.06, 5.90, 198048.59, 118599583, 0.44, 2.62, 1.21, 2533.84995
2018-02-07, 5, qiang_lie, 6.37, 5.96, 0.68, 5.92, 5.96, 6.02, 5.90, 197117.15, 117725230, 0.43, 2.03, 1.12, 799.87597
2018-02-08, 4, gao_du, 6.37, 5.90, -1.01, 5.96, 5.95, 6.01, 5.86, 175431.29, 104454161, 0.39, 2.52, 0.92, 734.49516
2018-02-09, 3, zhong_du, 6.36, 5.70, -3.39, 5.90, 5.78, 5.87, 5.62, 227045.67, 130074510, 0.50, 4.24, 1.23, 726.92919
2018-02-12, 2, qing_du, 6.36, 5.74, 0.70, 5.70, 5.71, 5.77, 5.68, 91700.18, 52526536, 0.20, 1.58, 0.44, 821.20013
2018-02-13, 2, qing_du, 6.36, 5.76, 0.35, 5.74, 5.79, 5.80, 5.73, 69621.38, 40128113, 0.15, 1.22, 0.48, 595.50595
2018-02-14, 2, qing_du, 6.36, 5.73, -0.52, 5.76, 5.75, 5.75, 5.70, 71267.54, 40794611, 0.16, 0.87, 0.91, 2678.70593
