2015-08-20, 3, zhong_du, 17.88, 23.05, 5.35, 21.88, 22.80, 24.07, 22.03, 790094.22, 1843832685, 14.86, 9.32, 1.83, 859.98511
2015-08-21, 4, gao_du, 18.31, 20.75, -9.98, 23.05, 23.00, 23.90, 20.75, 583729.42, 1306512211, 10.98, 13.67, 1.05, 1145.95985
2015-08-24, 4, gao_du, 18.39, 18.68, -9.98, 20.75, 19.40, 20.29, 18.68, 424055.84, 818451041, 7.97, 7.76, 0.64, 16509.57799
2015-08-25, 3, zhong_du, 18.31, 16.82, -9.96, 18.68, 17.00, 19.19, 16.81, 524325.87, 922923736, 9.86, 12.74, 0.91, 1188.3769
2015-08-26, 3, zhong_du, 18.26, 18.29, 8.74, 16.82, 17.00, 18.50, 16.83, 600288.51, 1080303083, 11.29, 9.93, 1.02, 2945.39905
2015-08-27, 3, zhong_du, 18.40, 20.12, 10.01, 18.29, 18.80, 20.12, 18.20, 595458.97, 1134490708, 11.20, 10.50, 1.02, 976.40586
2015-08-28, 3, zhong_du, 18.68, 21.55, 7.11, 20.12, 20.41, 22.00, 19.96, 539825.79, 1138768823, 10.15, 10.14, 0.99, 818.573
2015-08-31, 3, zhong_du, 18.87, 20.02, -7.10, 21.55, 20.68, 21.98, 20.00, 502908.27, 1050095709, 9.46, 9.19, 0.94, 981.25887
2015-09-01, 3, zhong_du, 18.84, 18.02, -9.99, 20.02, 19.30, 19.38, 18.02, 359477.58, 664562305, 6.76, 6.79, 0.65, 1110.67986
2015-09-02, 3, zhong_du, 18.74, 16.84, -6.55, 18.02, 16.88, 19.36, 16.60, 441140.08, 802190642, 8.30, 15.32, 0.85, 1138.25607
2015-09-02, 3, zhong_du, 18.74, 16.84, -6.55, 18.02, 16.88, 19.36, 16.60, 441140.08, 802190642, 8.30, 15.32, 0.85, 863.446
2015-09-02, 3, zhong_du, 18.74, 16.84, -6.55, 18.02, 16.88, 19.36, 16.60, 441140.08, 802190642, 8.30, 15.32, 0.85, 1030.11107
2015-09-07, 3, zhong_du, 18.55, 16.20, -3.80, 16.84, 17.50, 18.22, 15.91, 510528.43, 866857752, 9.60, 13.72, 1.05, 1105.94583
2015-09-08, 2, qing_du, 18.42, 17.82, 10.00, 16.20, 15.80, 17.82, 15.48, 445765.94, 748542554, 8.38, 14.44, 0.95, 1181.22196
2015-09-09, 2, qing_du, 18.38, 18.10, 1.57, 17.82, 18.01, 19.10, 17.11, 717577.09, 1310506919, 13.49, 11.17, 1.59, 912.32681
2015-09-10, 2, qing_du, 18.36, 18.31, 1.16, 18.10, 17.40, 18.98, 17.20, 539131.44, 971913187, 10.14, 9.83, 1.09, 850.68989
2015-09-11, 3, zhong_du, 18.47, 20.14, 9.99, 18.31, 17.95, 20.14, 17.76, 631748.53, 1193514981, 11.88, 13.00, 1.19, 1174.20983
2015-09-14, 3, zhong_du, 18.53, 18.13, -9.98, 20.14, 19.80, 20.69, 18.13, 620561.16, 1198337759, 11.67, 12.71, 1.09, 993.86191
2015-09-15, 3, zhong_du, 18.42, 16.32, -9.98, 18.13, 16.95, 18.08, 16.32, 383666.63, 648867867, 7.21, 9.71, 0.65, 984.35307
2015-09-16, 3, zhong_du, 18.33, 17.95, 9.99, 16.32, 16.15, 17.95, 16.15, 425180.26, 725246224, 8.00, 11.03, 0.73, 2087.80599
2015-09-17, 2, qing_du, 18.27, 17.01, -5.24, 17.95, 17.79, 19.29, 16.95, 531985.82, 962079380, 10.00, 13.04, 1.02, 1056.65803
2015-09-18, 2, qing_du, 18.20, 17.02, 0.06, 17.01, 17.20, 17.48, 16.51, 311479.77, 529111381, 5.86, 5.70, 0.60, 966.49289
2015-09-21, 2, qing_du, 18.15, 17.44, 2.47, 17.02, 16.61, 17.62, 16.50, 252365.55, 435767327, 4.75, 6.58, 0.56, 974.8199
2015-09-22, 2, qing_du, 18.12, 17.57, 0.75, 17.44, 17.50, 17.99, 17.20, 295259.83, 519813307, 5.55, 4.53, 0.78, 1173.38419
2015-09-23, 2, qing_du, 18.08, 17.04, -3.02, 17.57, 17.05, 17.50, 16.80, 233136.03, 399457832, 4.38, 3.98, 0.64, 1043.95986
2015-09-24, 2, qing_du, 18.05, 17.14, 0.59, 17.04, 17.05, 17.55, 16.90, 172694.81, 296891553, 3.25, 3.81, 0.53, 1135.85591
2015-09-25, 2, qing_du, 18.01, 17.13, -0.06, 17.14, 17.20, 17.76, 16.90, 259975.12, 452323324, 4.89, 5.02, 1.03, 994.90881
2015-09-28, 2, qing_du, 17.95, 16.62, -2.98, 17.13, 17.10, 17.15, 15.76, 213226.91, 349203131, 4.01, 8.11, 0.88, 1017.31586
2015-09-29, 2, qing_du, 17.90, 16.11, -3.07, 16.62, 16.18, 16.79, 16.01, 151511.32, 247566279, 2.85, 4.69, 0.65, 1055.0611
2015-09-30, 1, wei_ruo, 17.86, 15.93, -1.12, 16.11, 16.16, 16.36, 15.70, 114777.14, 183218395, 2.16, 4.10, 0.56, 929.27289
2015-10-08, 1, wei_ruo, 17.82, 16.63, 4.39, 15.93, 16.40, 16.90, 16.23, 182189.54, 301586677, 3.43, 4.21, 1.00, 954.82993
2015-10-14, 1, wei_ruo, 17.88, 18.43, -3.20, 19.04, 19.39, 19.40, 18.41, 463236.57, 873184033, 8.71, 5.20, 1.87, 1171.97204
2015-10-15, 1, wei_ruo, 17.94, 18.95, 2.82, 18.43, 18.11, 19.35, 18.11, 334813.49, 632591619, 6.30, 6.73, 1.06, 2899.35994
2015-10-16, 1, wei_ruo, 18.19, 20.85, 10.03, 18.95, 19.00, 20.85, 18.64, 617761.51, 1233526906, 11.62, 11.66, 1.78, 2293.36381
2015-10-19, 2, qing_du, 18.44, 19.96, -4.27, 20.85, 20.84, 21.50, 19.82, 594233.54, 1222921507, 11.17, 8.06, 1.35, 1341.55512
2015-10-29, 2, qing_du, 18.67, 18.32, 1.10, 18.12, 18.28, 18.71, 18.20, 149745.77, 276360774, 2.82, 2.81, 0.51, 1014.35089
2015-10-30, 2, qing_du, 18.66, 18.40, 0.44, 18.32, 18.20, 18.94, 18.01, 159493.2, 295175623, 3.00, 5.08, 0.60, 1798.97094
2015-11-02, 2, qing_du, 18.65, 17.88, -2.83, 18.40, 17.76, 18.67, 17.42, 133288.19, 241762962, 2.51, 6.79, 0.65, 3062.00004
2015-11-03, 2, qing_du, 18.63, 18.10, 1.23, 17.88, 17.98, 18.43, 17.62, 116838.47, 210226507, 2.20, 4.53, 0.68, 1203.72486
2015-11-04, 2, qing_du, 18.64, 19.07, 5.36, 18.10, 18.15, 19.18, 18.15, 238641.3, 448311832, 4.49, 5.69, 1.61, 914.13808
2015-11-05, 2, qing_du, 18.66, 18.97, -0.52, 19.07, 19.17, 19.46, 18.68, 216590.81, 411209418, 4.07, 4.09, 1.36, 1159.67607
2015-11-06, 2, qing_du, 18.69, 19.51, 2.85, 18.97, 18.95, 19.92, 18.81, 259789.33, 503429666, 4.89, 5.85, 1.50, 1359.48706
2015-11-09, 2, qing_du, 18.71, 19.14, -1.90, 19.51, 19.21, 19.50, 18.66, 224047.7, 427247003, 4.21, 4.31, 1.16, 16896.07096
2015-11-10, 3, zhong_du, 18.73, 19.23, 0.47, 19.14, 19.10, 19.61, 18.67, 259958.32, 497644746, 4.89, 4.91, 1.23, 418.11895
2015-11-11, 3, zhong_du, 18.73, 18.99, -1.25, 19.23, 19.01, 19.23, 18.74, 209770.21, 396810793, 3.94, 2.55, 0.87, 248.353
2015-11-12, 2, qing_du, 18.74, 18.51, -2.53, 18.99, 19.00, 19.11, 18.30, 206945.82, 384816406, 3.89, 4.27, 0.88, 939.37016
2015-11-13, 2, qing_du, 18.74, 18.50, -0.05, 18.51, 18.30, 19.35, 18.17, 202281.72, 380288885, 3.80, 6.37, 0.87, 2468.59813
2015-11-16, 2, qing_du, 18.72, 18.35, -0.81, 18.50, 18.12, 18.38, 17.86, 143052.15, 258794690, 2.69, 2.81, 0.65, 1226.40896
2015-11-17, 2, qing_du, 18.72, 18.44, 0.49, 18.35, 18.36, 19.00, 18.36, 164470.05, 307712724, 3.09, 3.49, 0.80, 1042.14311
2015-11-18, 2, qing_du, 18.72, 18.57, 0.70, 18.44, 18.60, 19.10, 18.38, 180171.59, 338089041, 3.39, 3.90, 0.97, 1278.87583
2015-11-19, 2, qing_du, 18.71, 18.42, -0.81, 18.57, 18.80, 18.99, 18.00, 164175.77, 299746368, 3.09, 5.33, 0.92, 16636.02901
2015-11-20, 2, qing_du, 18.70, 18.21, -1.14, 18.42, 18.35, 18.73, 18.13, 159193.53, 291615192, 2.99, 3.26, 0.93, 1104.19893
2015-11-23, 2, qing_du, 18.68, 17.97, -1.32, 18.21, 18.20, 18.36, 17.87, 131255.82, 237434113, 2.47, 2.69, 0.81, 16605.05009
2015-11-24, 2, qing_du, 18.67, 18.18, 1.17, 17.97, 18.03, 18.19, 17.88, 90259.8, 162840766, 1.70, 1.73, 0.56, 1098.84787
2015-11-25, 2, qing_du, 18.66, 18.19, 0.06, 18.18, 18.13, 18.29, 18.03, 102975.82, 186621841, 1.94, 1.43, 0.71, 997.09082
2015-11-26, 2, qing_du, 18.65, 18.10, -0.49, 18.19, 18.35, 18.46, 18.06, 152425.18, 278157794, 2.87, 2.20, 1.18, 890.41591
2015-11-27, 1, wei_ruo, 18.59, 16.63, -8.12, 18.10, 18.01, 18.08, 16.35, 187410.2, 324443156, 3.52, 9.56, 1.47, 881.77299
2015-11-30, 1, wei_ruo, 18.52, 16.03, -3.61, 16.63, 16.51, 16.82, 15.21, 154127.19, 246331516, 2.90, 9.68, 1.16, 3761.36804
2015-12-01, 1, wei_ruo, 18.46, 16.11, 0.50, 16.03, 16.04, 16.16, 15.63, 123701.36, 197327760, 2.33, 3.31, 0.90, 1425.36306
2015-12-02, 1, wei_ruo, 18.40, 15.74, -2.30, 16.11, 16.05, 16.05, 15.30, 107783.96, 169176855, 2.03, 4.66, 0.75, 919.41285
2015-12-03, 1, wei_ruo, 18.40, 16.10, 2.29, 15.74, 15.80, 16.18, 15.70, 94478.39, 150847768, 1.78, 3.05, 0.65, 781.00204
2015-12-04, 1, wei_ruo, 18.34, 16.25, 0.93, 16.10, 16.10, 16.50, 16.01, 119042.83, 194307476, 2.24, 3.04, 0.89, 555.79996
2015-12-07, 1, wei_ruo, 18.30, 16.32, 0.43, 16.25, 16.24, 16.51, 16.16, 104782.65, 171264835, 1.97, 2.15, 0.87, 651.28207
2015-12-08, 1, wei_ruo, 18.25, 15.62, -4.29, 16.32, 16.26, 16.27, 15.49, 94115.1, 149164279, 1.77, 4.78, 0.86, 745.92209
2015-12-09, 1, wei_ruo, 18.22, 15.44, -1.15, 15.62, 15.59, 15.75, 15.32, 65218.75, 101206771, 1.23, 2.75, 0.63, 605.46017
2015-12-10, 1, wei_ruo, 18.14, 16.18, 4.79, 15.44, 15.50, 16.97, 15.48, 209039.15, 341913408, 3.93, 9.65, 2.19, 794.61288
2015-12-11, 1, wei_ruo, 18.10, 15.95, -1.42, 16.18, 15.90, 16.57, 15.72, 114824.84, 185067569, 2.16, 5.25, 0.97, 1004.69303
2015-12-14, 1, wei_ruo, 18.06, 16.20, 1.57, 15.95, 15.82, 16.23, 15.72, 90348.4, 144956742, 1.70, 3.20, 0.77, 885.87689
2015-12-15, 1, wei_ruo, 18.03, 16.36, 0.99, 16.20, 16.24, 16.58, 16.12, 97671.47, 159754081, 1.84, 2.84, 0.85, 1067.98697
2015-12-16, 1, wei_ruo, 18.00, 16.19, -1.04, 16.36, 16.45, 16.47, 16.15, 90976.82, 148315208, 1.71, 1.96, 0.79, 862.24294
2015-12-17, 1, wei_ruo, 17.96, 16.50, 1.91, 16.19, 16.30, 16.58, 16.16, 119088.81, 195456050, 2.24, 2.59, 0.99, 4266.48808
2015-12-18, 1, wei_ruo, 17.92, 17.11, 3.70, 16.50, 16.49, 17.15, 16.40, 211262.49, 357953809, 3.97, 4.55, 2.06, 4345.24703
2015-12-21, 1, wei_ruo, 17.92, 17.98, 5.08, 17.11, 17.17, 18.49, 16.97, 273585.75, 486439241, 5.14, 8.88, 2.24, 2115.11803
2015-12-22, 1, wei_ruo, 17.92, 18.00, 0.11, 17.98, 18.10, 18.80, 17.50, 244891.42, 446627850, 4.60, 7.23, 1.54, 1706.07519
2015-12-23, 2, qing_du, 17.99, 18.94, 5.22, 18.00, 18.15, 19.40, 17.93, 389123.7, 732012755, 7.32, 8.17, 2.07, 231.59003
2015-12-24, 2, qing_du, 18.00, 18.23, -3.75, 18.94, 18.60, 18.90, 18.00, 225990.08, 413428835, 4.25, 4.75, 0.91, 4099.05005
2015-12-25, 2, qing_du, 18.00, 18.09, -0.77, 18.23, 18.25, 18.40, 17.81, 116221.35, 209328029, 2.19, 3.24, 0.43, 794.52109
2015-12-28, 2, qing_du, 18.01, 17.98, -0.61, 18.09, 18.00, 18.45, 17.77, 152194.4, 274506456, 2.86, 3.76, 0.61, 1876.86992
2015-12-29, 2, qing_du, 18.00, 17.93, -0.28, 17.98, 17.95, 18.11, 17.72, 112257.89, 200651049, 2.11, 2.17, 0.50, 1793.66994
2015-12-30, 2, qing_du, 18.01, 18.11, 1.00, 17.93, 17.92, 18.27, 17.80, 122647.16, 221236330, 2.31, 2.62, 0.54, 2718.32991
2015-12-31, 2, qing_du, 18.01, 18.09, -0.11, 18.11, 18.30, 18.54, 18.06, 149539.36, 273919923, 2.81, 2.65, 0.66, 950.61517
2016-01-04, 2, qing_du, 17.99, 16.28, -10.01, 18.09, 18.15, 18.26, 16.28, 126337.55, 214897235, 2.38, 10.95, 0.87, 1738.22117
2016-01-05, 2, qing_du, 17.93, 16.27, -0.06, 16.28, 15.15, 16.80, 14.90, 152350.23, 243343250, 2.86, 11.67, 0.68, 855.71384
2016-01-06, 1, wei_ruo, 17.89, 16.37, 0.61, 16.27, 16.35, 16.60, 15.80, 111874.57, 180977838, 2.10, 4.92, 0.50, 1014.75406
2016-01-07, 1, wei_ruo, 17.87, 14.76, -9.84, 16.37, 16.10, 16.10, 14.73, 37695, 57638010, 0.71, 8.37, 1.34, 842.84711
2016-01-08, 1, wei_ruo, 17.87, 14.89, 0.88, 14.76, 15.01, 15.30, 14.07, 120265.57, 178473196, 2.26, 8.33, 0.53, 930.53102
2016-01-11, 1, wei_ruo, 17.75, 13.41, -9.94, 14.89, 14.65, 14.65, 13.40, 124573.34, 174240335, 2.34, 8.39, 0.55, 984.01594
2016-01-12, 1, wei_ruo, 17.69, 13.51, 0.75, 13.41, 13.59, 13.69, 13.21, 75094.8, 101368305, 1.41, 3.58, 0.33, 1016.16096
2016-01-13, 1, wei_ruo, 17.60, 13.35, -1.18, 13.51, 13.94, 14.54, 13.23, 114625.66, 159921974, 2.16, 9.70, 0.51, 2359.98583
2016-01-14, 1, wei_ruo, 17.53, 13.83, 3.60, 13.35, 12.73, 13.86, 12.55, 87136.21, 116196905, 1.64, 9.81, 0.39, 1366.69612
2016-01-15, 1, wei_ruo, 17.46, 13.27, -4.05, 13.83, 13.89, 14.16, 13.14, 92020.34, 125673884, 1.73, 7.38, 0.41, 988.88898
2016-01-18, 1, wei_ruo, 17.41, 13.42, 1.13, 13.27, 12.93, 13.67, 12.80, 69267.93, 92577631, 1.30, 6.56, 0.31, 4364.86316
2016-01-19, 1, wei_ruo, 17.33, 13.99, 4.25, 13.42, 13.47, 14.05, 13.40, 107171.53, 148238893, 2.02, 4.84, 0.47, 2779.36792
2016-01-20, 1, wei_ruo, 17.28, 13.81, -1.29, 13.99, 13.94, 14.04, 13.68, 81966.65, 113388417, 1.54, 2.57, 0.36, 949.53609
2016-01-21, 1, wei_ruo, 17.22, 13.02, -5.72, 13.81, 13.56, 13.80, 13.00, 76190.85, 102539701, 1.43, 5.79, 0.34, 1559.57294
2016-01-22, 1, wei_ruo, 17.17, 13.49, 3.61, 13.02, 13.20, 13.58, 12.90, 69634.68, 91994071, 1.31, 5.22, 0.31, 856.70114
2016-01-25, 1, wei_ruo, 17.13, 13.63, 1.04, 13.49, 13.56, 13.83, 13.43, 64414.09, 88047767, 1.21, 2.97, 0.29, 1870.13412
2016-01-26, 1, wei_ruo, 17.06, 12.39, -9.10, 13.63, 13.43, 13.43, 12.38, 80269.85, 103746237, 1.51, 7.70, 0.36, 2767.90404
2016-01-27, 1, wei_ruo, 16.99, 12.17, -1.78, 12.39, 12.48, 12.65, 11.52, 80584.79, 96533537, 1.52, 9.12, 0.36, 947.50309
2016-01-28, 1, wei_ruo, 16.89, 12.18, 0.08, 12.17, 12.04, 13.20, 11.66, 109449.31, 136922929, 2.06, 12.65, 0.48, 3582.5541
2016-01-29, 1, wei_ruo, 16.81, 12.49, 2.55, 12.18, 11.97, 12.68, 11.75, 92217.68, 113559799, 1.73, 7.64, 0.41, 1679.44598
2016-02-01, 1, wei_ruo, 16.74, 12.58, 0.72, 12.49, 12.50, 13.09, 12.25, 90334.04, 114032383, 1.70, 6.73, 0.40, 1671.26012
2016-02-02, 1, wei_ruo, 16.68, 12.92, 2.70, 12.58, 12.61, 13.05, 12.42, 84565.05, 108522880, 1.59, 5.01, 0.37, 1908.216
2016-02-03, 1, wei_ruo, 16.63, 12.76, -1.24, 12.92, 12.70, 12.78, 12.42, 62361.37, 78644357, 1.17, 2.79, 0.28, 1170.1901
2016-02-04, 1, wei_ruo, 16.56, 13.39, 4.94, 12.76, 12.91, 13.55, 12.85, 113542.45, 148569349, 2.14, 5.49, 0.50, 4816.97893
2016-02-05, 1, wei_ruo, 16.50, 13.43, 0.30, 13.39, 13.30, 13.86, 13.22, 113592.32, 154014433, 2.14, 4.78, 0.50, 1873.69108
2016-02-15, 1, wei_ruo, 16.45, 13.16, -2.01, 13.43, 12.70, 13.33, 12.61, 69896.64, 91059051, 1.31, 5.36, 0.31, 1857.162
2016-02-16, 1, wei_ruo, 16.39, 13.81, 4.94, 13.16, 13.19, 14.05, 13.19, 114986.31, 157158903, 2.16, 6.53, 0.51, 2105.31092
2016-02-17, 1, wei_ruo, 16.34, 13.94, 0.94, 13.81, 13.72, 14.19, 13.69, 105832.69, 146922762, 1.99, 3.62, 0.47, 3009.41992
2016-02-18, 1, wei_ruo, 16.29, 14.10, 1.15, 13.94, 14.00, 14.41, 13.76, 129151.88, 181888195, 2.43, 4.66, 0.57, 2872.66493
2016-02-19, 1, wei_ruo, 16.25, 13.74, -2.55, 14.10, 13.90, 14.02, 13.58, 80527.86, 111073894, 1.51, 3.12, 0.45, 2749.25399
2016-02-22, 1, wei_ruo, 16.25, 13.88, 0.65, 13.79, 13.83, 13.96, 13.70, 94197.3, 130436278, 1.77, 1.89, 0.89, 843.18399
2016-02-23, 1, wei_ruo, 16.23, 13.57, -2.23, 13.88, 13.88, 13.99, 13.38, 76739.15, 105013734, 1.44, 4.39, 0.70, 864.90703
2016-02-24, 1, wei_ruo, 16.15, 14.40, 6.12, 13.57, 13.55, 14.44, 13.39, 188686.41, 264264827, 3.55, 7.74, 1.84, 3962.09192
2016-02-25, 1, wei_ruo, 16.06, 12.96, -10.00, 14.40, 14.13, 14.24, 12.96, 169786.27, 230948586, 3.19, 8.89, 1.42, 2178.15995
2016-02-26, 1, wei_ruo, 16.00, 12.93, -0.23, 12.96, 13.13, 13.21, 12.49, 96949.72, 125773349, 1.82, 5.56, 0.76, 826.39885
2016-02-29, 1, wei_ruo, 15.93, 11.72, -9.36, 12.93, 12.66, 12.88, 11.64, 94970.46, 113532421, 1.79, 9.59, 0.76, 969.98906
2016-03-01, 1, wei_ruo, 15.89, 11.93, 1.79, 11.72, 11.78, 12.06, 11.50, 61277.58, 72545769, 1.15, 4.78, 0.49, 1506.76298
2016-03-02, 1, wei_ruo, 15.83, 12.52, 4.95, 11.93, 11.90, 12.54, 11.88, 86657.03, 106347848, 1.63, 5.53, 0.71, 568.86005
2016-03-03, 1, wei_ruo, 15.77, 12.65, 1.04, 12.52, 12.50, 13.19, 12.40, 103523.86, 131977071, 1.95, 6.31, 1.02, 4461.93981
2016-03-04, 1, wei_ruo, 15.71, 12.04, -4.82, 12.65, 12.60, 12.60, 11.89, 86427.65, 106068360, 1.63, 5.61, 0.97, 2207.01098
2016-03-07, 1, wei_ruo, 15.67, 12.32, 2.33, 12.04, 12.07, 12.47, 12.07, 53792.49, 66257754, 1.01, 3.32, 0.62, 608.40106
2016-03-08, 1, wei_ruo, 15.63, 12.29, -0.24, 12.32, 12.34, 12.44, 11.66, 63797.21, 76703800, 1.20, 6.33, 0.81, 1468.89114
2016-03-09, 1, wei_ruo, 15.59, 12.06, -1.87, 12.29, 12.00, 12.55, 11.80, 57120.15, 69710861, 1.07, 6.10, 0.72, 681.89716
2016-03-10, 1, wei_ruo, 15.56, 11.91, -1.24, 12.06, 12.05, 12.29, 11.81, 50371.44, 61089111, 0.95, 3.98, 0.69, 2669.02304
2016-03-11, 1, wei_ruo, 15.54, 11.98, 0.59, 11.91, 11.80, 12.03, 11.73, 37198.03, 44262061, 0.70, 2.52, 0.60, 1709.73396
2016-03-14, 1, wei_ruo, 15.49, 12.31, 2.75, 11.98, 12.05, 12.50, 12.02, 75888.92, 93644032, 1.43, 4.01, 1.45, 676.31197
2016-03-15, 1, wei_ruo, 15.45, 12.23, -0.65, 12.31, 12.31, 12.45, 12.15, 61433.75, 75607990, 1.16, 2.44, 1.08, 1640.75589
2016-03-16, 1, wei_ruo, 15.41, 11.99, -1.96, 12.23, 12.26, 12.43, 11.95, 59276.72, 71836891, 1.11, 3.92, 1.05, 614.64095
2016-03-17, 1, wei_ruo, 15.37, 12.31, 2.67, 11.99, 12.14, 12.38, 11.99, 82351.95, 100655202, 1.55, 3.25, 1.45, 1635.48112
2016-03-18, 1, wei_ruo, 15.29, 12.87, 4.55, 12.31, 12.32, 12.93, 12.31, 141813.33, 179682294, 2.67, 5.04, 2.24, 2544.53206
2016-03-21, 1, wei_ruo, 15.24, 13.27, 3.11, 12.87, 13.08, 13.60, 13.02, 148249.05, 197147762, 2.79, 4.51, 1.76, 805.20391
2016-03-22, 1, wei_ruo, 15.19, 13.46, 1.43, 13.27, 13.11, 13.65, 13.08, 133868.65, 179874924, 2.52, 4.30, 1.36, 4033.52213
2016-03-23, 1, wei_ruo, 15.16, 13.40, -0.45, 13.46, 13.38, 13.55, 13.21, 84075.01, 112412756, 1.58, 2.53, 0.74, 626.53494
2016-03-24, 2, qing_du, 15.13, 12.99, -3.06, 13.40, 13.24, 13.38, 12.96, 98031.67, 129037261, 1.84, 3.13, 0.83, 1865.51404
2016-03-25, 2, qing_du, 15.09, 13.86, 6.70, 12.99, 13.01, 13.89, 13.00, 135998.77, 182722536, 2.56, 6.85, 1.12, 2799.81399
2016-03-28, 2, qing_du, 15.04, 13.32, -3.90, 13.86, 14.10, 14.22, 13.23, 165902.51, 227638215, 3.12, 7.14, 1.38, 2627.86412
2016-03-29, 2, qing_du, 15.00, 12.81, -3.83, 13.32, 13.20, 13.23, 12.70, 95131.56, 123305773, 1.79, 3.98, 0.77, 711.94005
2016-03-30, 2, qing_du, 14.98, 13.17, 2.81, 12.81, 12.93, 13.18, 12.92, 67726.02, 88346866, 1.27, 2.03, 0.58, 1177.33192
2016-03-31, 2, qing_du, 14.95, 13.09, -0.61, 13.17, 13.18, 13.33, 13.02, 76477.2, 100613992, 1.44, 2.35, 0.68, 1008.45504
2016-04-01, 2, qing_du, 14.93, 13.11, 0.15, 13.09, 13.08, 13.18, 12.90, 51817.8, 67605725, 0.97, 2.14, 0.48, 4627.55179
2016-04-05, 2, qing_du, 14.91, 13.39, 2.14, 13.11, 13.18, 13.44, 13.11, 69061.53, 91857572, 1.30, 2.52, 0.76, 1255.50604
2016-04-06, 2, qing_du, 14.89, 13.34, -0.37, 13.39, 13.37, 13.47, 13.21, 59280.32, 78996796, 1.11, 1.94, 0.82, 476.63403
2016-04-07, 2, qing_du, 14.87, 13.05, -2.17, 13.34, 13.36, 13.39, 13.02, 60409.02, 79488902, 1.14, 2.77, 0.93, 3099.67709
2016-04-08, 2, qing_du, 14.85, 12.82, -1.76, 13.05, 13.00, 13.00, 12.68, 60029.86, 77007061, 1.13, 2.45, 0.95, 658.66899
2016-04-11, 2, qing_du, 14.83, 12.99, 1.33, 12.82, 12.84, 13.10, 12.83, 59548.75, 77452560, 1.12, 2.11, 0.99, 3371.64497
2016-04-12, 2, qing_du, 14.81, 12.90, -0.69, 12.99, 12.98, 12.99, 12.77, 47090.05, 60495858, 0.89, 1.69, 0.76, 1536.623
2016-04-13, 2, qing_du, 14.79, 13.11, 1.63, 12.90, 12.97, 13.24, 12.94, 83229.32, 109335027, 1.57, 2.33, 1.45, 862.88095
2016-04-14, 2, qing_du, 14.76, 13.19, 0.61, 13.11, 13.12, 13.23, 12.98, 80304.15, 105448306, 1.51, 1.91, 1.29, 1566.18094
2016-04-15, 2, qing_du, 14.72, 13.59, 3.03, 13.19, 13.20, 13.75, 13.20, 188550.58, 254277599, 3.55, 4.17, 2.86, 4573.61794
2016-04-18, 3, zhong_du, 14.70, 13.22, -2.72, 13.59, 13.59, 13.59, 13.18, 75349.17, 100254180, 1.42, 3.02, 0.82, 470.39914
2016-04-19, 3, zhong_du, 14.67, 13.43, 1.59, 13.22, 13.26, 13.46, 13.16, 113867.68, 151916229, 2.14, 2.27, 1.20, 2572.95895
2016-04-20, 3, zhong_du, 14.62, 12.49, -7.00, 13.43, 13.44, 13.45, 12.26, 125472.32, 160421001, 2.36, 8.86, 1.16, 8463.13906
2016-04-21, 2, qing_du, 14.60, 12.31, -1.44, 12.49, 12.48, 12.64, 12.30, 52941.14, 66165516, 1.00, 2.72, 0.45, 718.56689
2016-04-22, 2, qing_du, 14.59, 12.40, 0.73, 12.31, 12.27, 12.47, 12.20, 32436.9, 40090137, 0.61, 2.19, 0.29, 2680.94206
2016-04-25, 1, wei_ruo, 14.57, 12.59, 1.53, 12.40, 12.35, 12.78, 12.21, 53750.08, 67304878, 1.01, 4.60, 0.67, 4427.24991
2016-04-26, 1, wei_ruo, 14.55, 12.62, 0.24, 12.59, 12.52, 12.76, 12.48, 39281.93, 49415309, 0.74, 2.22, 0.52, 2664.74009
2016-04-27, 1, wei_ruo, 14.54, 12.58, -0.32, 12.62, 12.60, 12.77, 12.52, 42995.6, 54442568, 0.81, 1.98, 0.71, 1517.81988
2016-04-28, 1, wei_ruo, 14.49, 13.19, 4.85, 12.58, 12.60, 13.50, 12.60, 154663.99, 203164099, 2.91, 7.15, 3.49, 2764.34994
2016-04-29, 2, qing_du, 14.48, 12.93, -1.97, 13.19, 12.95, 13.13, 12.87, 67701.75, 87930918, 1.27, 1.97, 1.05, 4666.18896
2016-05-03, 2, qing_du, 14.46, 13.29, 2.78, 12.93, 12.95, 13.30, 12.85, 78008.31, 102629979, 1.47, 3.48, 1.09, 2408.05316
2016-05-04, 2, qing_du, 14.43, 13.33, 0.30, 13.29, 13.23, 13.75, 13.20, 122479.75, 165168462, 2.30, 4.14, 1.60, 1539.51502
2016-05-05, 3, zhong_du, 14.42, 13.45, 0.90, 13.33, 13.36, 13.48, 13.21, 75934.37, 101513386, 1.43, 2.03, 0.82, 4542.96517
2016-05-06, 3, zhong_du, 14.39, 13.07, -2.83, 13.45, 13.59, 13.66, 12.90, 120388.02, 159602315, 2.26, 5.65, 1.21, 556.74505
2016-05-09, 3, zhong_du, 14.37, 12.81, -1.99, 13.07, 12.85, 12.97, 12.58, 79759.16, 101620606, 1.50, 2.98, 0.86, 1238.28316
2016-05-10, 2, qing_du, 14.35, 12.55, -2.03, 12.81, 12.75, 12.83, 12.46, 45277.6, 57135051, 0.85, 2.89, 0.48, 882.48086
2016-05-11, 1, wei_ruo, 14.34, 12.30, -1.99, 12.55, 12.68, 12.69, 12.28, 37986.13, 47520944, 0.71, 3.27, 0.43, 1663.57303
2016-05-12, 1, wei_ruo, 14.32, 12.14, -1.30, 12.30, 12.20, 12.21, 11.97, 50092.3, 60489271, 0.94, 1.95, 0.70, 1606.4961
2016-05-13, 1, wei_ruo, 14.29, 12.13, -0.08, 12.14, 12.16, 12.25, 11.99, 56183.98, 68031896, 1.06, 2.14, 0.84, 2858.64282
2016-05-16, 1, wei_ruo, 14.27, 12.17, 0.33, 12.13, 12.07, 12.18, 11.89, 66913.72, 80676439, 1.26, 2.39, 1.24, 14547.88995
2016-05-17, 1, wei_ruo, 14.25, 12.05, -0.99, 12.17, 12.17, 12.17, 11.96, 47518.61, 57397355, 0.89, 1.73, 0.93, 619.31801
2016-05-18, 1, wei_ruo, 14.22, 11.61, -3.65, 12.05, 11.97, 12.00, 11.50, 60907.59, 71585079, 1.15, 4.15, 1.18, 2792.66596
2016-05-19, 1, wei_ruo, 14.20, 11.69, 0.69, 11.61, 11.59, 11.86, 11.57, 40559.63, 47587817, 0.76, 2.50, 0.72, 2647.36605
2016-05-20, 1, wei_ruo, 14.18, 11.83, 1.20, 11.69, 11.58, 11.84, 11.48, 32284.27, 37803684, 0.61, 3.08, 0.59, 621.61112
2016-05-23, 1, wei_ruo, 14.17, 11.95, 1.01, 11.83, 11.80, 11.96, 11.80, 32933.9, 39156484, 0.62, 1.35, 0.66, 4475.07691
2016-05-24, 1, wei_ruo, 14.16, 11.68, -2.26, 11.95, 11.89, 11.92, 11.60, 26327.7, 30880795, 0.50, 2.68, 0.61, 1496.12403
2016-05-25, 1, wei_ruo, 14.14, 11.53, -1.28, 11.68, 11.79, 11.85, 11.50, 38976.24, 45346055, 0.73, 3.00, 0.91, 2927.742
2016-05-26, 1, wei_ruo, 14.12, 11.51, -0.17, 11.53, 11.53, 11.64, 11.28, 36349.77, 41457145, 0.68, 3.12, 0.85, 2703.52817
2016-05-27, 1, wei_ruo, 14.10, 11.60, 0.78, 11.51, 11.50, 11.68, 11.43, 35033.86, 40595064, 0.66, 2.17, 0.82, 2771.21115
2016-05-30, 1, wei_ruo, 14.09, 11.64, 0.34, 11.60, 11.50, 11.74, 11.40, 27269.33, 31682508, 0.51, 2.93, 0.64, 563.3409
2016-05-31, 1, wei_ruo, 14.05, 12.05, 3.52, 11.64, 11.60, 12.06, 11.60, 88947.02, 106198438, 1.67, 3.95, 2.08, 3545.48597
2016-06-01, 1, wei_ruo, 14.03, 12.03, -0.17, 12.05, 12.01, 12.12, 11.95, 61545.73, 74064016, 1.16, 1.41, 1.44, 3445.14108
2016-06-02, 1, wei_ruo, 14.03, 12.06, 0.25, 12.03, 12.00, 12.09, 11.95, 57990.44, 69602155, 1.09, 1.16, 1.35, 2602.02503
2016-06-03, 1, wei_ruo, 14.01, 12.20, 1.16, 12.06, 12.17, 12.54, 12.16, 91075.23, 112106692, 1.71, 3.15, 2.13, 704.75984
2016-06-06, 1, wei_ruo, 13.99, 12.39, 1.56, 12.20, 12.34, 12.60, 12.26, 73791.84, 91560455, 1.39, 2.79, 1.72, 2701.05195
2016-06-07, 1, wei_ruo, 13.98, 12.21, -1.45, 12.39, 12.31, 12.38, 12.12, 47153.28, 57500097, 0.89, 2.10, 1.10, 3501.74284
2016-06-08, 1, wei_ruo, 13.96, 12.28, 0.57, 12.21, 12.21, 12.34, 12.13, 44259.9, 54145720, 0.83, 1.72, 1.03, 1554.6329
2016-06-13, 1, wei_ruo, 13.94, 11.59, -5.62, 12.28, 12.12, 12.37, 11.58, 56756.08, 68405453, 1.07, 6.43, 1.32, 600.45505
2016-06-14, 1, wei_ruo, 13.92, 11.61, 0.17, 11.59, 11.48, 11.67, 11.48, 37104.88, 42946178, 0.70, 1.64, 0.87, 1544.66295
2016-06-15, 1, wei_ruo, 13.90, 11.93, 2.76, 11.61, 11.61, 11.97, 11.45, 45819.6, 54154427, 0.86, 4.48, 1.07, 2575.98996
2016-06-16, 1, wei_ruo, 13.88, 11.76, -1.42, 11.93, 11.85, 12.04, 11.66, 56532.65, 66737274, 1.06, 3.19, 1.32, 632.12609
2016-06-17, 1, wei_ruo, 13.87, 11.73, -0.26, 11.76, 11.79, 11.88, 11.67, 33050.82, 38929997, 0.62, 1.79, 0.77, 743.29185
2016-06-20, 1, wei_ruo, 13.86, 11.73, -0.26, 11.76, 11.79, 11.88, 11.67, 33050.82, 38929997, 0.62, 1.79, 0.77, 2647.85695
2016-06-21, 1, wei_ruo, 13.84, 11.62, -0.09, 11.63, 11.69, 11.83, 11.57, 35518.78, 41616710, 0.67, 2.24, 0.83, 1828.43518
2016-06-22, 1, wei_ruo, 13.83, 11.74, 1.03, 11.62, 11.56, 11.75, 11.56, 27205.81, 31724747, 0.51, 1.64, 0.64, 767.95602
2016-06-23, 1, wei_ruo, 13.82, 11.65, -0.77, 11.74, 11.75, 11.77, 11.57, 24977.99, 29099993, 0.47, 1.70, 0.58, 2598.47093
2016-06-24, 1, wei_ruo, 13.73, 11.41, -1.55, 11.59, 11.66, 11.73, 11.21, 51320.93, 58771102, 0.97, 4.49, 1.20, 1490.50617
2016-06-27, 1, wei_ruo, 13.71, 11.57, 1.40, 11.41, 11.22, 11.58, 11.22, 34355.45, 39460147, 0.65, 3.16, 0.80, 2681.41413
2016-06-28, 1, wei_ruo, 13.69, 11.80, 1.99, 11.57, 11.53, 11.93, 11.51, 63463.71, 74678960, 1.19, 3.63, 1.48, 634.69315
2016-06-30, 1, wei_ruo, 13.66, 11.80, 0.00, 11.80, 11.86, 11.88, 11.74, 27210.87, 32082182, 0.51, 1.19, 0.64, 2641.58082
2016-07-01, 1, wei_ruo, 13.65, 11.72, -0.68, 11.80, 11.89, 11.95, 11.69, 37589.53, 44380617, 0.71, 2.20, 0.88, 555.14193
2016-07-04, 1, wei_ruo, 13.63, 11.99, 2.30, 11.72, 11.69, 12.05, 11.69, 58361.82, 69691670, 1.10, 3.07, 1.36, 2521.67988
2016-07-05, 1, wei_ruo, 13.61, 12.09, 0.83, 11.99, 12.02, 12.17, 11.90, 68699.36, 82696604, 1.29, 2.25, 1.60, 862.30421
2016-07-06, 1, wei_ruo, 13.60, 12.16, 0.58, 12.09, 12.03, 12.19, 11.99, 49426.08, 59834126, 0.93, 1.65, 1.15, 4792.68289
2016-07-07, 2, qing_du, 13.58, 12.10, -0.49, 12.16, 12.15, 12.20, 12.07, 46639.84, 56566881, 0.88, 1.07, 1.09, 691.4711
2016-07-08, 2, qing_du, 13.57, 12.00, -0.83, 12.10, 12.11, 12.12, 11.99, 41872.72, 50432749, 0.79, 1.07, 0.98, 442.22879
2016-07-11, 2, qing_du, 13.56, 12.06, 0.50, 12.00, 12.01, 12.19, 12.00, 42665.67, 51589956, 0.80, 1.58, 1.00, 4673.20609
2016-07-12, 2, qing_du, 13.55, 12.27, 1.74, 12.06, 12.06, 12.28, 12.05, 56322.36, 68393819, 1.06, 1.91, 1.31, 28465.03711
2016-07-13, 2, qing_du, 13.53, 12.32, 0.41, 12.27, 12.31, 12.42, 12.23, 53901.03, 66417313, 1.01, 1.55, 1.26, 11650.59614
2016-07-14, 3, zhong_du, 13.52, 12.29, -0.24, 12.32, 12.26, 12.45, 12.24, 42987.34, 52990306, 0.81, 1.70, 1.00, 865.73696
2016-07-15, 3, zhong_du, 13.51, 12.19, -0.81, 12.29, 12.29, 12.36, 12.18, 40431.5, 49487279, 0.76, 1.46, 0.94, 1830.08814
2016-07-18, 3, zhong_du, 13.51, 12.10, -0.74, 12.19, 12.15, 12.17, 12.08, 32609.11, 39482625, 0.61, 0.74, 0.76, 1923.01202
2016-07-19, 3, zhong_du, 13.50, 12.22, 0.99, 12.10, 12.10, 12.23, 12.03, 24827.37, 30071541, 0.47, 1.65, 0.58, 6518.76903
2016-07-20, 3, zhong_du, 13.50, 12.25, 0.25, 12.22, 12.22, 12.29, 12.14, 37053.39, 45338222, 0.70, 1.23, 0.86, 617.96284
2016-07-21, 3, zhong_du, 13.47, 12.52, 2.20, 12.25, 12.25, 12.68, 12.21, 106280.64, 132819127, 2.00, 3.84, 2.48, 9285.65097
2016-07-22, 3, zhong_du, 13.45, 12.30, -1.76, 12.52, 12.45, 12.52, 12.20, 73130.47, 90189400, 1.38, 2.56, 1.71, 706.15816
2016-07-25, 4, gao_du, 13.44, 12.37, 0.57, 12.30, 12.21, 12.47, 12.21, 53270.15, 65817694, 1.00, 2.11, 1.24, 4798.01297
2016-07-26, 4, gao_du, 13.43, 12.50, 1.05, 12.37, 12.34, 12.56, 12.32, 65098.08, 81321912, 1.22, 1.94, 1.52, 834.68699
2016-07-27, 4, gao_du, 13.39, 12.83, 2.64, 12.50, 12.57, 13.07, 12.19, 268748.63, 343203604, 5.05, 7.04, 6.27, 36536.39007
2016-07-28, 4, gao_du, 13.38, 13.29, 3.59, 12.83, 12.73, 13.30, 12.60, 272018.27, 355470836, 5.12, 5.46, 6.35, 2728.35207
2016-07-29, 5, qiang_lie, 13.36, 12.83, -3.46, 13.29, 13.03, 13.28, 12.76, 159458.49, 207387384, 3.00, 3.91, 3.72, 14538.67292
2016-08-01, 4, gao_du, 13.34, 12.18, -5.07, 12.83, 12.71, 12.73, 12.15, 120381.33, 148273995, 2.26, 4.52, 2.81, 10266.74485
2016-08-02, 4, gao_du, 13.32, 13.33, 9.44, 12.18, 12.19, 13.35, 12.17, 231426.29, 295705347, 4.35, 9.69, 5.40, 14611.78398
2016-08-03, 4, gao_du, 13.32, 13.23, -0.75, 13.33, 13.02, 13.55, 13.02, 266524.53, 354706169, 5.01, 3.98, 3.35, 1103.63698
2016-08-04, 4, gao_du, 13.32, 13.10, -0.98, 13.23, 13.14, 13.35, 12.92, 146166.9, 190884482, 2.75, 3.25, 1.21, 14338.25898
2016-08-05, 5, qiang_lie, 13.36, 13.86, 5.80, 13.10, 13.17, 14.41, 13.17, 491307.42, 691749937, 9.24, 9.47, 3.46, 1389.59694
2016-08-08, 5, qiang_lie, 13.43, 14.20, 2.45, 13.86, 13.83, 14.65, 13.73, 445952.9, 635109047, 8.39, 6.64, 1.91, 4282.84001
2016-08-09, 5, qiang_lie, 13.47, 14.09, -0.77, 14.20, 13.99, 14.34, 13.67, 301997.28, 423907232, 5.68, 4.72, 0.95, 4569.3171
2016-08-10, 5, qiang_lie, 13.48, 13.82, -1.92, 14.09, 13.96, 14.05, 13.70, 190867.63, 264356387, 3.59, 2.48, 0.58, 10969.02895
2016-08-11, 5, qiang_lie, 13.49, 13.62, -1.38, 13.81, 13.75, 14.05, 13.59, 179140.49, 248074825, 3.37, 3.33, 0.57, 12754.17995
2016-08-15, 5, qiang_lie, 13.57, 14.47, 1.54, 14.25, 14.18, 14.70, 14.01, 314012.73, 449853438, 5.90, 4.84, 1.14, 578.88699
2016-08-16, 5, qiang_lie, 13.63, 14.42, -0.35, 14.47, 14.36, 15.26, 14.30, 322023.36, 476156436, 6.06, 6.63, 1.29, 2633.61502
2016-08-17, 5, qiang_lie, 13.72, 15.13, 4.92, 14.42, 14.21, 15.36, 14.20, 365555.28, 545524717, 6.87, 8.04, 1.45, 14405.71404
2016-08-18, 5, qiang_lie, 13.79, 14.91, -1.45, 15.13, 14.85, 15.28, 14.71, 303006.36, 453879808, 5.70, 3.77, 1.05, 16956.77304
2016-08-19, 5, qiang_lie, 13.82, 14.80, -0.74, 14.91, 14.75, 15.00, 14.56, 178397.22, 264364569, 3.35, 2.95, 0.57, 718.29987
2016-08-22, 5, qiang_lie, 13.84, 14.32, -3.31, 14.81, 14.60, 14.75, 14.30, 137083.69, 198834890, 2.58, 3.04, 0.46, 588.66596
2016-08-23, 5, qiang_lie, 13.85, 14.39, 0.49, 14.32, 14.28, 14.57, 14.10, 105221.95, 151385640, 1.98, 3.28, 0.40, 2542.16719
2016-08-24, 5, qiang_lie, 13.86, 14.14, -1.74, 14.39, 14.39, 14.46, 14.10, 105796.21, 150562542, 1.99, 2.50, 0.49, 3866.70399
2016-08-25, 5, qiang_lie, 13.86, 13.77, -2.62, 14.14, 14.00, 14.02, 13.56, 124298.84, 171038253, 2.34, 3.25, 0.75, 2454.47397
2016-08-26, 5, qiang_lie, 13.86, 13.79, 0.15, 13.77, 13.72, 14.08, 13.72, 75913.71, 105585496, 1.43, 2.61, 0.58, 493.38293
2016-08-29, 4, gao_du, 13.86, 13.94, 1.09, 13.79, 13.84, 14.07, 13.73, 65002.79, 90578760, 1.22, 2.47, 0.59, 1795.00604
2016-08-30, 4, gao_du, 13.86, 13.90, -0.29, 13.94, 13.89, 14.29, 13.86, 98565.74, 138697313, 1.85, 3.08, 1.03, 559.99088
2016-08-31, 4, gao_du, 13.86, 13.88, -0.14, 13.90, 13.82, 13.93, 13.80, 12484.59, 17308360, 0.23, 0.94, 0.76, 4691.58196
2016-09-01, 4, gao_du, 13.86, 13.88, -0.14, 13.90, 13.82, 13.93, 13.80, 12484.59, 17308360, 0.23, 0.94, 0.76, 2678.66111
2016-09-02, 4, gao_du, 13.86, 13.76, 0.95, 13.63, 13.65, 13.90, 13.60, 61785.47, 84769922, 1.16, 2.20, 0.73, 1677.96898
2016-09-05, 4, gao_du, 13.86, 13.69, -0.51, 13.76, 13.78, 13.81, 13.55, 64238.03, 87941430, 1.21, 1.89, 0.75, 562.74509
2016-09-06, 3, zhong_du, 13.86, 13.88, -0.14, 13.90, 13.82, 13.93, 13.80, 12484.59, 17308360, 0.23, 0.94, 0.76, 1458.13012
2016-09-07, 3, zhong_du, 13.86, 13.88, -0.14, 13.90, 13.82, 13.93, 13.80, 12484.59, 17308360, 0.23, 0.94, 0.76, 569.64612
2016-09-08, 3, zhong_du, 13.86, 13.88, -0.14, 13.90, 13.82, 13.93, 13.80, 12484.59, 17308360, 0.23, 0.94, 0.76, 549.77703
2016-09-09, 3, zhong_du, 13.86, 13.50, -1.24, 13.67, 13.66, 13.78, 13.49, 58218.81, 79613284, 1.09, 2.12, 0.68, 4739.84098
2016-09-12, 3, zhong_du, 13.86, 13.88, -0.14, 13.90, 13.82, 13.93, 13.80, 12484.59, 17308360, 0.23, 0.94, 0.76, 2142.67588
2016-09-13, 3, zhong_du, 13.86, 13.11, 1.39, 12.93, 13.02, 13.15, 12.94, 48095.09, 62868527, 0.90, 1.62, 0.56, 2635.35595
2016-09-14, 2, qing_du, 13.86, 13.88, -0.14, 13.90, 13.82, 13.93, 13.80, 12484.59, 17308360, 0.23, 0.94, 0.76, 594.64288
2016-09-19, 2, qing_du, 13.86, 13.23, 0.30, 13.19, 13.21, 13.35, 13.15, 36024.06, 47685564, 0.68, 1.52, 0.42, 767.92622
2016-09-20, 2, qing_du, 13.86, 13.23, -0.08, 13.24, 13.27, 13.30, 13.19, 32574.85, 43140954, 0.61, 0.83, 0.38, 5561.15413
2016-09-21, 2, qing_du, 13.86, 13.25, 0.15, 13.23, 13.24, 13.35, 13.21, 24141.8, 32045139, 0.45, 1.06, 0.28, 3286.73291
2016-09-22, 2, qing_du, 13.86, 13.42, 1.28, 13.25, 13.30, 13.50, 13.28, 44298.87, 59404985, 0.83, 1.66, 0.52, 491.11891
2016-09-23, 2, qing_du, 13.86, 13.27, -1.12, 13.42, 13.58, 13.58, 13.26, 40025.84, 53473971, 0.75, 2.38, 0.47, 1325.28996
2016-09-26, 1, wei_ruo, 13.86, 13.01, -2.03, 13.28, 13.35, 13.38, 12.92, 49660.63, 65291311, 0.93, 3.46, 0.58, 3088.85908
2016-09-27, 1, wei_ruo, 13.86, 13.01, 0.00, 13.01, 13.00, 13.05, 12.81, 44487.5, 57418969, 0.84, 1.84, 0.52, 606.63414
2016-09-28, 1, wei_ruo, 13.86, chrome=1">
		<style>
			body { font-size: 14px; padding: 2% 0 30px; line-height: 1.5; color: #666; font-family: Hiragino Sans GB,  Microsoft YaHei,  SimHei,  Helvetica Neue,  Helvetica,  Arial,  sans-serif; }
			h1,  h2 { font-weight: normal; margin: 10px 0; line-height: 1.2; }
			h1 { font-size: 36px; color: #333; }
			h2 { font-size: 16px; }
			i { display: inline-block; vertical-align: middle; }
			strong { font-weight: normal; }
			.mb30 { margin-bottom: 30px; }
			.tac { text-align: center; }
			.b span { padding: 0 20px; }
			.b .hr { border-left: 1px dashed #ddd; border-right: 1px dashed #ddd; }
			.fl { float: left; display: inline; }
			.auto { margin-left: auto; margin-right: auto; }
			.fr { float: right; }
			.ms { list-style: none; }
			.db { display: block; }
			.m,  .n { display: inline-block; *display: inline; *zoom: 1; vertical-align: top; }
			.n { width: 166px; }
			.n-1 { border-top: 1px solid #4f71f6; border-bottom: 1px solid #4f71f6; height: 6px; margin: 45px 0; position: relative; }
			.n-1 span,  .n-1 i { position: absolute; height: 0; width: 0; }
			.n1-1,  .n1-1 i { border-top: 4px dashed transparent; border-right: 7px dashed transparent; }
			.n1-1 { top: -9px; right: 0; border-left: 7px solid #4f71f6; border-bottom: 4px solid #4f71f6; }
			.n1-1 i { left: -8px; top: -4px; border-left: 7px solid #fff; border-bottom: 4px solid #fff; }
			.n1-2, 32554.78215
2016-09-29, 1, wei_ruo, 13.86, 13.18, -0.38, 13.23, 13.15, 13.30, 13.12, 35756.41, 47254586, 0.67, 1.36, 0.42, 10434.53217
2016-09-30, 1, wei_ruo, 13.86, 13.17, -0.08, 13.18, 13.25, 13.25, 13.06, 40926.41, 53850280, 0.77, 1.44, 0.48, 2684.77416
2016-10-10, 1, wei_ruo, 13.86, 13.50, 2.51, 13.17, 13.31, 13.57, 13.21, 72957.74, 97715268, 1.37, 2.73, 0.86, 637.09903
2016-10-11, 1, wei_ruo, 13.86, 13.98, 3.56, 13.50, 13.70, 14.17, 13.62, 158984.68, 222403566, 2.99, 4.07, 1.87, 934.54504
2016-10-12, 1, wei_ruo, 13.86, 13.95, -0.21, 13.98, 13.80, 14.05, 13.74, 78791.56, 109279824, 1.48, 2.22, 0.93, 874.95208
2016-10-13, 1, wei_ruo, 13.86, 14.05, 0.72, 13.95, 13.90, 14.28, 13.80, 124482.56, 175809686, 2.34, 3.44, 1.46, 26750.42987
2016-10-14, 1, wei_ruo, 13.79, 13.89, -1.14, 14.05, 13.87, 14.00, 13.74, 59819.48, 82787918, 1.12, 1.85, 0.70, 2520.59603
2016-10-17, 2, qing_du, 13.79, 13.71, -1.30, 13.89, 13.95, 14.12, 13.67, 67939.12, 94577322, 1.28, 3.24, 0.80, 2971.64106
2016-10-18, 2, qing_du, 13.80, 14.02, 0.94, 13.89, 13.95, 14.12, 13.80, 35647.84, 49929146, 0.67, 2.30, 0.84, 457.74007
2016-10-19, 2, qing_du, 13.80, , , , , , , , , , , , 1332.51119
2016-10-20, 2, qing_du, 13.80, 13.89, -1.21, 14.06, 14.01, 14.16, 13.86, 62637.58, 87538577, 1.18, 2.13, 0.72, 4686.70797
2016-10-21, 3, zhong_du, 13.80, 13.87, -0.14, 13.89, 13.86, 13.97, 13.66, 60777.47, 83896899, 1.14, 2.23, 0.71, 2368.52098
2016-10-24, 3, zhong_du, 13.80, 13.88, 0.00, 13.88, 13.82, 13.99, 13.81, 51175.01, 71137724, 0.96, 1.30, 0.65, 1846.99106
2016-10-25, 3, zhong_du, 13.81, 14.08, 1.44, 13.88, 13.88, 14.10, 13.84, 65248.17, 91277079, 1.23, 1.87, 0.83, 7865.28993
2016-10-26, 3, zhong_du, 13.81, 13.85, -1.63, 14.08, 14.07, 14.07, 13.81, 48379.31, 67287857, 0.91, 1.85, 0.61, 2561.01608
2016-10-27, 3, zhong_du, 13.81, 13.95, 0.72, 13.85, 13.85, 13.99, 13.75, 41467.18, 57491672, 0.78, 1.73, 0.53, 2720.45708
2016-10-28, 3, zhong_du, 13.81, 13.79, -1.29, 13.97, 13.89, 14.04, 13.76, 46908.05, 65180426, 0.88, 2.00, 0.60, 1485.59499
2016-10-31, 3, zhong_du, 13.81, 13.83, 0.29, 13.79, 13.79, 13.94, 13.71, 34565.58, 47817916, 0.65, 1.67, 0.44, 571.12598
2016-11-01, 3, zhong_du, 13.81, 13.93, 0.65, 13.84, 13.84, 13.95, 13.78, 45409.27, 62983145, 0.85, 1.23, 0.58, 515.88607
2016-11-02, 3, zhong_du, 13.90, 15.10, 8.17, 13.96, 13.88, 15.36, 13.88, 484828.56, 729777479, 9.12, 10.60, 6.15, 440.84692
2016-11-03, 3, zhong_du, 13.94, 14.86, -1.52, 15.09, 14.79, 14.93, 14.58, 221675.85, 327036475, 4.17, 2.32, 2.81, 478.37615
2016-11-04, 4, gao_du, 13.96, 14.75, -0.74, 14.86, 14.78, 15.08, 14.72, 136174.44, 202794296, 2.56, 2.42, 1.73, 466.07208
2016-11-07, 4, gao_du, 13.97, 14.70, -0.34, 14.75, 14.73, 14.84, 14.48, 91468.83, 134177458, 1.72, 2.44, 1.16, 636.35206
2016-11-08, 4, gao_du, 13.99, 14.80, 0.68, 14.70, 14.79, 15.07, 14.71, 130445.43, 193829249, 2.45, 2.45, 1.65, 383.08907
2016-11-09, 4, gao_du, 14.01, 14.77, -0.20, 14.80, 14.68, 14.81, 14.31, 111352.49, 162754377, 2.09, 3.38, 1.41, 1759.00602
2016-11-10, 4, gao_du, 14.02, 14.91, 0.95, 14.77, 14.93, 15.03, 14.79, 85099.23, 126948288, 1.60, 1.62, 1.08, 917.14287
2016-11-11, 4, gao_du, 14.05, 15.14, 1.54, 14.91, 14.85, 15.38, 14.85, 124654.03, 189280706, 2.34, 3.55, 1.58, 2738.84392
2016-11-14, 4, gao_du, 14.06, 15.10, -0.26, 15.14, 15.16, 15.25, 14.95, 70815.99, 106898528, 1.33, 1.98, 0.90, 436.10215
2016-11-15, 5, qiang_lie, 14.09, 15.25, 1.06, 15.09, 15.09, 15.55, 15.00, 76594.79, 117083809, 1.44, 3.64, 1.94, 538.87916
2016-11-16, 5, qiang_lie, 14.14, 15.25, 1.06, 15.09, 15.09, 15.55, 15.00, 76594.79, 117083809, 1.44, 3.64, 1.94, 590.77811
2016-11-17, 5, qiang_lie, 14.16, 15.46, 0.91, 15.32, 15.32, 15.47, 15.18, 74881.73, 114430291, 1.41, 1.89, 1.90, 529.59204
2016-11-18, 5, qiang_lie, 14.17, 15.25, 1.06, 15.09, 15.09, 15.55, 15.00, 76594.79, 117083809, 1.44, 3.64, 1.94, 588.51886
2016-11-21, 5, qiang_lie, 14.19, 15.25, 1.40, 15.04, 15.08, 15.46, 14.87, 76259.83, 116537505, 1.43, 3.92, 0.97, 332.17597
2016-11-22, 5, qiang_lie, 14.23, 15.86, 4.00, 15.25, 15.10, 16.05, 15.10, 166660.25, 263026886, 3.13, 6.23, 2.11, 2827.40808
2016-11-23, 5, qiang_lie, 14.26, 15.72, -0.88, 15.86, 15.78, 16.00, 15.65, 90381.69, 142616062, 1.70, 2.21, 1.15, 525.80404
2016-11-24, 5, qiang_lie, 14.30, 16.11, 2.48, 15.72, 15.69, 16.18, 15.69, 113409.49, 181769682, 2.13, 3.12, 1.44, 459.44405
2016-11-25, 5, qiang_lie, 14.32, 15.89, -1.30, 16.10, 16.00, 16.10, 15.50, 95440.06, 151035435, 1.79, 3.73, 1.21, 533.19502
2016-11-28, 5, qiang_lie, 14.35, 15.72, -1.07, 15.89, 15.91, 16.05, 15.67, 74479.53, 117622938, 1.40, 2.39, 0.94, 1065.20295
2016-11-29, 5, qiang_lie, 14.36, 14.88, -5.40, 15.73, 15.68, 15.79, 14.79, 108091.05, 166446964, 2.03, 6.36, 1.37, 360.40592
2016-11-30, 5, qiang_lie, 14.37, 14.97, 0.94, 14.83, 14.87, 15.21, 14.81, 95982.22, 144136810, 1.80, 2.70, 1.22, 487.463
2016-12-01, 4, gao_du, 14.38, 14.85, -0.93, 14.99, 14.98, 15.16, 14.80, 59197, 88347102, 1.11, 2.40, 0.75, 432.25718
2016-12-02, 4, gao_du, 14.38, 14.55, -2.02, 14.85, 14.95, 15.06, 14.41, 63808.02, 93792181, 1.20, 4.38, 0.81, 843.07003
2016-12-05, 3, zhong_du, 14.38, 14.48, -0.48, 14.55, 14.24, 14.79, 14.20, 57450.71, 83347143, 1.08, 4.05, 0.73, 690.76991
2016-12-06, 3, zhong_du, 14.39, 14.49, 0.07, 14.48, 14.50, 14.64, 14.43, 25787.44, 37470409, 0.48, 1.45, 0.33, 752.18201
2016-12-07, 3, zhong_du, 14.39, 14.69, 1.38, 14.49, 14.55, 14.88, 14.49, 35588.37, 52287555, 0.67, 2.69, 0.45, 488.48104
2016-12-08, 3, zhong_du, 14.39, 14.69, 0.00, 14.69, 14.76, 14.85, 14.47, 50043.44, 73276875, 0.94, 2.59, 0.63, 445.63293
2016-12-09, 3, zhong_du, 14.39, 14.77, 0.54, 14.69, 14.62, 14.95, 14.52, 60803.44, 90081462, 1.14, 2.93, 0.77, 562.70599
2016-12-12, 3, zhong_du, 14.39, 14.10, -4.54, 14.77, 14.77, 14.84, 14.05, 79587, 114114475, 1.50, 5.35, 1.01, 508.07309
2016-12-13, 2, qing_du, 14.39, 14.15, 0.35, 14.10, 14.08, 14.23, 13.90, 54261.67, 76397807, 1.02, 2.34, 0.69, 1024.60909
2016-12-14, 2, qing_du, 14.39, 14.36, 1.48, 14.15, 14.10, 14.85, 14.01, 90390.62, 130552252, 1.70, 5.94, 1.15, 472.20802
2016-12-15, 2, qing_du, 14.39, 14.70, 2.37, 14.36, 14.30, 14.91, 14.21, 116213.17, 170284355, 2.19, 4.87, 1.47, 554.78811
2016-12-16, 2, qing_du, 14.40, 14.65, -0.34, 14.70, 14.71, 15.08, 14.58, 95154.44, 140943432, 1.79, 3.40, 1.21, 509.0661
2016-12-19, 2, qing_du, 14.41, 15.06, 2.80, 14.65, 14.70, 15.15, 14.40, 134802.24, 200211783, 2.53, 5.12, 1.71, 607.85198
2016-12-20, 2, qing_du, 14.42, 14.77, -1.93, 15.06, 15.06, 15.06, 14.58, 73092.17, 107881352, 1.37, 3.19, 0.93, 1287.30392
2016-12-21, 3, zhong_du, 14.42, 14.60, -1.15, 14.77, 14.73, 14.82, 14.49, 71768.14, 104814367, 1.35, 2.23, 0.91, 604.57397
2016-12-22, 2, qing_du, 14.43, 14.80, 1.37, 14.60, 14.60, 14.90, 14.50, 77152.26, 113631987, 1.45, 2.74, 0.98, 479.44689
2016-12-23, 2, qing_du, 14.43, 14.21, -3.99, 14.80, 14.71, 14.72, 14.19, 75877.56, 109221653, 1.43, 3.58, 0.96, 407.95207
2016-12-26, 1, wei_ruo, 14.42, 14.22, 0.07, 14.21, 14.12, 14.26, 13.90, 36486.22, 51439150, 0.69, 2.53, 0.46, 720.52217
2016-12-27, 1, wei_ruo, 14.42, 14.26, 0.28, 14.22, 14.22, 14.44, 14.04, 55904.01, 79801273, 1.05, 2.81, 0.71, 565.78588
2016-12-28, 1, wei_ruo, 14.42, 14.05, -1.47, 14.26, 14.21, 14.36, 13.98, 38192.71, 54159404, 0.72, 2.66, 0.48, 526.77703
2016-12-30, 1, wei_ruo, 14.41, 14.13, 0.50, 14.06, 14.11, 14.24, 14.03, 36404.76, 51482762, 0.68, 1.49, 0.46, 1185.045
2017-01-03, 1, wei_ruo, 14.41, 14.13, 0.50, 14.06, 14.11, 14.24, 14.03, 36404.76, 51482762, 0.68, 1.49, 0.46, 4554.90112
2017-01-04, 1, wei_ruo, 14.41, 14.36, 0.91, 14.23, 14.18, 14.37, 14.12, 50290.47, 71671358, 0.95, 1.76, 0.64, 588.38701
2017-01-05, 1, wei_ruo, 14.41, 14.54, 1.25, 14.36, 14.30, 14.58, 14.28, 66012.32, 95487082, 1.24, 2.09, 0.84, 519.64998
2017-01-06, 1, wei_ruo, 14.41, 14.51, -0.21, 14.54, 14.47, 14.63, 14.42, 49760.81, 72240591, 0.94, 1.44, 0.63, 1158.41007
2017-01-09, 1, wei_ruo, 14.41, 14.58, 0.48, 14.51, 14.50, 14.65, 14.30, 64391.36, 93143963, 1.21, 2.41, 0.82, 614.97402
2017-01-10, 1, wei_ruo, 14.42, 14.75, 1.17, 14.58, 14.45, 14.85, 14.44, 45971.18, 67449166, 0.86, 2.81, 1.17, 2487.83898
2017-01-11, 1, wei_ruo, 14.42, 14.75, 1.17, 14.58, 14.45, 14.85, 14.44, 45971.18, 67449166, 0.86, 2.81, 1.17, 2615.08012
2017-01-13, 1, wei_ruo, 14.44, 14.75, 1.17, 14.58, 14.45, 14.85, 14.44, 45971.18, 67449166, 0.86, 2.81, 1.17, 657.27401
2017-01-16, 1, wei_ruo, 14.43, 14.75, 1.17, 14.58, 14.45, 14.85, 14.44, 45971.18, 67449166, 0.86, 2.81, 1.17, 659.97696
2017-01-17, 1, wei_ruo, 14.41, 14.75, 1.17, 14.58, 14.45, 14.85, 14.44, 45971.18, 67449166, 0.86, 2.81, 1.17, 630.75995
2017-01-18, 1, wei_ruo, 14.41, 14.75, 1.17, 14.58, 14.45, 14.85, 14.44, 45971.18, 67449166, 0.86, 2.81, 1.17, 2501.83892
2017-02-07, 1, wei_ruo, 14.38, 14.13, -0.56, 14.21, 14.20, 14.20, 14.08, 10530, 14881090, 0.20, 0.84, 0.31, 4813.12203
2017-02-08, 1, wei_ruo, 14.38, 14.21, 0.00, 14.21, 14.20, 14.22, 14.08, 21190.1, 30000493, 0.40, 0.99, 0.27, 2639.60695
2017-02-09, 1, wei_ruo, 14.38, 14.23, 0.14, 14.21, 14.14, 14.25, 14.10, 32243.36, 45734194, 0.61, 1.06, 0.41, 566.86687
2017-02-10, 1, wei_ruo, 14.38, 14.13, -0.70, 14.23, 14.30, 14.30, 14.09, 31143.24, 44117241, 0.59, 1.48, 0.40, 832.32117
2017-02-13, 1, wei_ruo, 14.38, 14.17, 0.28, 14.13, 14.16, 14.28, 14.12, 27981.12, 39648816, 0.53, 1.13, 0.35, 4736.92799
2017-02-14, 1, wei_ruo, 14.38, 13.95, -1.55, 14.17, 14.19, 14.19, 13.90, 43005.61, 60167538, 0.81, 2.05, 0.55, 657.30095
2017-02-15, 1, wei_ruo, 14.37, 14.22, 1.94, 13.95, 14.02, 14.40, 14.00, 89001.14, 126476477, 1.67, 2.87, 1.13, 4833.71997
2017-02-16, 1, wei_ruo, 14.37, 14.23, 0.07, 14.22, 14.18, 14.30, 14.12, 48346.08, 68695692, 0.91, 1.27, 0.61, 819.91887
2017-02-17, 1, wei_ruo, 14.37, 13.90, -2.32, 14.23, 14.26, 14.31, 13.88, 51224.75, 72009039, 0.96, 3.02, 0.65, 564.14413
2017-02-20, 1, wei_ruo, 14.37, 13.90, -2.32, 14.23, 14.26, 14.31, 13.88, 51224.75, 72009039, 0.96, 3.02, 0.65, 604.47621
2017-02-21, 2, qing_du, 14.37, 14.55, 1.25, 14.37, 14.37, 14.59, 14.27, 107839.69, 155852385, 2.03, 2.23, 1.37, 727.98896
2017-02-22, 2, qing_du, 14.37, 14.32, -1.58, 14.55, 14.48, 14.48, 14.27, 65388.93, 93699736, 1.23, 1.44, 0.83, 4870.86391
2017-02-23, 2, qing_du, 14.37, 14.19, -0.91, 14.32, 14.34, 14.36, 14.08, 44143.3, 62774428, 0.83, 1.96, 0.56, 4745.152
2017-02-24, 2, qing_du, 14.37, 14.23, 0.28, 14.19, 14.23, 14.27, 14.16, 28532.72, 40515781, 0.54, 0.78, 0.36, 796.88907
2017-02-27, 2, qing_du, 14.36, 14.22, 0.21, 14.19, 14.23, 14.27, 14.16, 7400.61, 10520233, 0.14, 0.78, 0.51, 932.65891
2017-02-28, 2, qing_du, 14.36, 14.22, 0.21, 14.19, 14.23, 14.27, 14.16, 7400.61, 10520233, 0.14, 0.78, 0.51, 485.69918
2017-03-01, 1, wei_ruo, 14.36, 13.94, 0.07, 13.93, 13.95, 14.04, 13.90, 31400.76, 43812363, 0.59, 1.01, 0.40, 833.51922
2017-03-02, 1, wei_ruo, 14.35, 13.78, -1.15, 13.94, 13.94, 13.97, 13.76, 36820.42, 50945343, 0.69, 1.51, 0.47, 2683.24614
2017-03-03, 1, wei_ruo, 14.35, 13.73, -0.36, 13.78, 13.76, 13.83, 13.64, 31837.75, 43603338, 0.60, 1.38, 0.40, 4898.46206
2017-03-06, 1, wei_ruo, 14.35, 13.83, 0.73, 13.73, 13.80, 13.98, 13.78, 54766.65, 76078471, 1.03, 1.46, 0.69, 2565.75918
2017-03-07, 1, wei_ruo, 14.34, 13.70, -0.51, 13.77, 13.80, 13.82, 13.66, 19559.55, 26862834, 0.37, 1.16, 0.50, 2725.78406
2017-03-08, 1, wei_ruo, 14.34, 13.70, -0.51, 13.77, 13.80, 13.82, 13.59, 40046.55, 54815421, 0.75, 1.67, 0.51, 659.53302
2017-03-09, 1, wei_ruo, 14.33, 13.65, -0.36, 13.70, 13.71, 13.75, 13.58, 31019.01, 42384328, 0.58, 1.24, 0.39, 983.43897
2017-03-10, 1, wei_ruo, 14.33, 13.46, -1.39, 13.65, 13.64, 13.68, 13.45, 34190.53, 46404411, 0.64, 1.68, 0.43, 632.81298
2017-03-13, 1, wei_ruo, 14.32, 13.52, 0.45, 13.46, 13.50, 13.53, 13.35, 33190.29, 44618707, 0.62, 1.34, 0.42, 629.25887
2017-03-14, 1, wei_ruo, 14.31, 13.43, -0.67, 13.52, 13.50, 13.51, 13.38, 42101.05, 56639857, 0.79, 0.96, 0.53, 551.16105
2017-03-15, 1, wei_ruo, 14.30, 13.20, -1.71, 13.43, 13.40, 13.41, 13.14, 54597.86, 72480573, 1.03, 2.01, 0.69, 32564.98599
2017-03-16, 1, wei_ruo, 14.30, 13.36, 1.21, 13.20, 13.23, 13.38, 13.20, 42504.18, 56682797, 0.80, 1.36, 0.54, 598.86599
2017-03-17, 1, wei_ruo, 14.29, 13.37, 0.07, 13.36, 13.38, 13.56, 13.33, 53365.76, 71841626, 1.00, 1.72, 0.68, 725.88015
2017-03-20, 1, wei_ruo, 14.28, 13.47, 0.75, 13.37, 13.42, 13.59, 13.36, 44137.46, 59417982, 0.83, 1.72, 0.56, 587.31699
2017-03-21, 1, wei_ruo, 14.27, 13.35, -0.89, 13.47, 13.52, 13.52, 13.30, 42744.91, 57266290, 0.80, 1.63, 0.54, 539.15811
2017-03-22, 1, wei_ruo, 14.26, 13.05, -2.25, 13.35, 13.28, 13.30, 12.91, 71805.85, 93869459, 1.35, 2.92, 0.91, 667.11116
2017-03-23, 1, wei_ruo, 14.25, 12.96, -0.69, 13.05, 13.01, 13.18, 12.91, 42432.64, 55355054, 0.80, 2.07, 0.54, 593.03498
2017-03-24, 1, wei_ruo, 14.24, 13.04, 0.62, 12.96, 12.98, 13.05, 12.96, 38636.95, 50250923, 0.73, 0.69, 0.49, 662.05812
2017-03-27, 1, wei_ruo, 14.23, 13.00, -0.31, 13.04, 13.04, 13.13, 12.97, 31289.49, 40785857, 0.59, 1.23, 0.40, 619.39788
2017-03-28, 1, wei_ruo, 14.22, 13.06, 0.46, 13.00, 13.00, 13.10, 12.98, 39511.22, 51585902, 0.74, 0.92, 0.50, 644.97995
2017-03-29, 1, wei_ruo, 14.22, 13.01, -0.38, 13.06, 13.08, 13.09, 12.94, 31602.18, 41093439, 0.59, 1.15, 0.40, 580.20687
2017-03-30, 1, wei_ruo, 14.20, 12.59, -3.23, 13.01, 13.04, 13.05, 12.57, 54275.75, 69055414, 1.02, 3.69, 0.69, 611.47404
2017-03-31, 1, wei_ruo, 14.18, 12.35, -1.91, 12.59, 12.61, 12.72, 12.28, 69520.22, 86163227, 1.31, 3.49, 0.88, 553.82586
2017-04-05, 1, wei_ruo, 14.16, 12.58, 1.86, 12.35, 12.20, 12.64, 12.20, 40530.79, 50708485, 0.76, 3.56, 0.51, 604.10118
2017-04-06, 1, wei_ruo, 14.15, 12.72, 1.11, 12.58, 12.62, 12.77, 12.53, 51148.97, 64861622, 0.96, 1.91, 0.65, 2604.10309
2017-04-07, 1, wei_ruo, 14.14, 12.75, 0.24, 12.72, 12.65, 12.80, 12.64, 29327.35, 37371899, 0.55, 1.26, 0.37, 644.34791
2017-04-10, 1, wei_ruo, 14.13, 12.57, -1.41, 12.75, 12.75, 12.75, 12.52, 32142.31, 40440207, 0.60, 1.80, 0.41, 617.21206
2017-04-11, 1, wei_ruo, 14.12, 12.57, 0.00, 12.57, 12.55, 12.63, 12.25, 33370.34, 41665648, 0.63, 3.02, 0.42, 595.43896
2017-04-12, 1, wei_ruo, 14.11, 12.75, 1.43, 12.57, 12.58, 12.88, 12.54, 53663.38, 68339738, 1.01, 2.70, 0.68, 802.35791
2017-04-13, 1, wei_ruo, 14.10, 12.74, -0.08, 12.75, 12.64, 12.85, 12.64, 35993.51, 45914829, 0.68, 1.65, 0.46, 706.19488
2017-04-14, 1, wei_ruo, 14.09, 12.57, -1.33, 12.74, 12.83, 12.84, 12.54, 29141.01, 36868296, 0.55, 2.35, 0.37, 647.87412
2017-04-17, 1, wei_ruo, 14.06, 13.20, 5.01, 12.57, 12.86, 13.29, 12.80, 147322.62, 192990973, 2.77, 3.90, 1.87, 1209.57184
2017-04-18, 1, wei_ruo, 14.05, 13.07, -0.98, 13.20, 13.01, 13.28, 13.01, 80620.33, 105792394, 1.52, 2.05, 1.02, 639.93216
2017-04-19, 1, wei_ruo, 14.03, 12.61, -3.52, 13.07, 12.91, 12.99, 12.48, 68614.12, 87153921, 1.29, 3.90, 0.87, 622.85304
2017-04-20, 1, wei_ruo, 14.02, 12.90, 2.30, 12.61, 12.63, 12.94, 12.55, 51357.31, 65350801, 0.97, 3.09, 0.65, 643.65792
2017-04-21, 1, wei_ruo, 14.01, 12.70, -1.55, 12.90, 12.92, 12.95, 12.61, 44640.27, 56803531, 0.84, 2.64, 0.57, 656.09813
2017-04-24, 1, wei_ruo, 13.99, 12.26, -3.46, 12.70, 12.74, 12.74, 12.23, 49967.82, 61846704, 0.94, 4.02, 0.63, 561.78689
2017-04-25, 1, wei_ruo, 13.98, 12.26, 0.00, 12.26, 12.23, 12.46, 12.23, 32943.32, 40687577, 0.62, 1.88, 0.42, 973.20008
2017-04-26, 1, wei_ruo, 13.97, 12.14, -0.98, 12.26, 12.28, 12.36, 12.02, 40567.26, 49234644, 0.76, 2.77, 0.51, 838.96995
2017-04-27, 1, wei_ruo, 13.95, 12.05, -0.74, 12.14, 12.13, 12.14, 11.83, 52956.1, 63512737, 1.00, 2.55, 0.67, 705.96313
2017-04-28, 1, wei_ruo, 13.94, 12.17, 1.00, 12.05, 12.13, 12.18, 12.05, 40201.41, 48693230, 0.76, 1.08, 0.51, 689.88514
2017-05-02, 1, wei_ruo, 13.91, 12.23, 0.49, 12.17, 12.16, 12.24, 11.94, 66080.66, 80084207, 1.24, 2.47, 0.84, 830.27387
2017-05-03, 1, wei_ruo, 13.89, 12.39, 1.31, 12.23, 12.21, 12.42, 12.11, 69540.49, 85464742, 1.31, 2.53, 0.88, 935.80914
2017-05-04, 1, wei_ruo, 13.88, 12.22, -1.37, 12.39, 12.32, 12.33, 12.14, 43919.89, 53714340, 0.83, 1.53, 0.56, 1317.75498
2017-05-05, 1, wei_ruo, 13.87, 12.04, -1.47, 12.22, 12.25, 12.25, 12.03, 42148.82, 51168200, 0.79, 1.80, 0.53, 621.6011
2017-05-11, 1, wei_ruo, 13.79, 11.64, -2.27, 11.91, 11.80, 11.91, 11.30, 56384.45, 65504385, 1.06, 5.12, 0.72, 15632.29299
2017-05-12, 1, wei_ruo, 13.77, 11.52, -1.03, 11.64, 11.68, 11.73, 11.37, 46734.2, 53998706, 0.88, 3.09, 0.59, 673.43402
2017-05-15, 1, wei_ruo, 13.75, 11.47, -0.43, 11.52, 11.58, 11.60, 11.39, 44113.77, 50611822, 0.83, 1.82, 0.56, 621.4931
2017-05-17, 1, wei_ruo, 13.71, 11.64, -0.68, 11.72, 11.70, 11.79, 11.61, 47998.62, 56195312, 0.90, 1.54, 0.61, 692.1711
2017-05-18, 1, wei_ruo, 13.70, 11.68, 0.34, 11.64, 11.56, 11.80, 11.54, 43718.67, 51059978, 0.82, 2.23, 0.55, 565.93609
2017-05-19, 1, wei_ruo, 13.68, 11.62, -0.51, 11.68, 11.69, 11.76, 11.59, 31616.21, 36861479, 0.59, 1.46, 0.40, 618.85405
2017-05-22, 1, wei_ruo, 13.67, 11.30, -2.75, 11.62, 11.61, 11.62, 11.25, 32227.49, 36843085, 0.61, 3.18, 0.41, 619.03286
2017-05-23, 1, wei_ruo, 13.65, 10.81, -4.34, 11.30, 11.30, 11.32, 10.79, 47507.23, 52497487, 0.89, 4.69, 0.60, 1044.53087
2017-05-24, 1, wei_ruo, 13.61, 11.18, 3.42, 10.81, 10.81, 11.30, 10.40, 70198.56, 75157506, 1.32, 8.33, 0.89, 636.58094
2017-05-25, 1, wei_ruo, 13.57, 11.07, -0.98, 11.18, 11.04, 11.11, 10.75, 76902.19, 84052829, 1.45, 3.22, 0.98, 630.06306
2017-05-26, 1, wei_ruo, 13.55, 10.94, -1.17, 11.07, 11.00, 11.07, 10.92, 54185.95, 59503669, 1.02, 1.36, 0.69, 659.83295
2017-05-31, 1, wei_ruo, 13.51, 11.22, 2.56, 10.94, 11.19, 11.28, 11.00, 90117.26, 100454921, 1.69, 2.56, 1.14, 628.84498
2017-06-01, 1, wei_ruo, 13.48, 10.68, -4.81, 11.22, 11.00, 11.09, 10.63, 55998.26, 61093394, 1.05, 4.10, 0.71, 2840.40189
2017-06-02, 1, wei_ruo, 13.45, 10.72, 0.37, 10.68, 10.61, 10.82, 10.47, 46135.77, 48931201, 0.87, 3.28, 0.59, 120984.12108
2017-06-05, 1, wei_ruo, 13.44, 10.82, 0.93, 10.72, 10.73, 10.85, 10.72, 31677.46, 34188705, 0.60, 1.21, 0.40, 37094.74492
2017-06-06, 1, wei_ruo, 13.42, 10.88, 0.55, 10.82, 10.77, 10.90, 10.76, 29419.46, 31909040, 0.55, 1.29, 0.37, 15727.96392
2017-06-07, 1, wei_ruo, 13.40, 11.10, 2.02, 10.88, 10.87, 11.14, 10.83, 48226.75, 53262714, 0.91, 2.85, 0.61, 641.31498
2017-06-08, 1, wei_ruo, 13.38, 11.08, -0.18, 11.10, 11.05, 11.17, 11.03, 41532.4, 46126475, 0.78, 1.26, 0.53, 601.86386
2017-06-09, 1, wei_ruo, 13.35, 11.43, 3.16, 11.08, 11.15, 11.53, 11.05, 85261.07, 96776391, 1.60, 4.33, 1.08, 856.66203
2017-06-12, 1, wei_ruo, 13.33, 11.12, -2.71, 11.43, 11.41, 11.41, 11.04, 54427.74, 60863186, 1.02, 3.24, 0.69, 2607.82599
2017-06-13, 1, wei_ruo, 13.31, 11.23, 0.99, 11.12, 11.09, 11.29, 11.08, 34696.41, 38863587, 0.65, 1.89, 0.44, 2622.72096
2017-06-14, 1, wei_ruo, 13.30, 11.23, 0.00, 11.23, 11.25, 11.35, 11.15, 37618.66, 42361314, 0.71, 1.78, 0.48, 588.95898
2017-06-15, 1, wei_ruo, 13.28, 11.34, 0.98, 11.23, 11.20, 11.39, 11.16, 40700.74, 46050854, 0.77, 2.05, 0.52, 595.80803
2017-06-16, 1, wei_ruo, 13.27, 11.34, 0.00, 11.34, 11.38, 11.45, 11.29, 36741.84, 41833966, 0.69, 1.41, 0.47, 530.5829
2017-06-19, 1, wei_ruo, 13.26, 11.42, 0.71, 11.34, 11.30, 11.45, 11.30, 30863.07, 35158907, 0.58, 1.32, 0.39, 1501.19495
2017-06-20, 1, wei_ruo, 13.24, 11.42, 0.00, 11.42, 11.43, 11.60, 11.38, 47470.77, 54553507, 0.89, 1.93, 0.60, 617.419
2017-06-21, 1, wei_ruo, 13.23, 11.57, 1.31, 11.42, 11.41, 11.75, 11.37, 54154.09, 62524961, 1.02, 3.33, 0.69, 789.44802
2017-06-22, 1, wei_ruo, 13.21, 11.36, -1.82, 11.57, 11.55, 11.67, 11.35, 47994.47, 55424974, 0.90, 2.77, 0.61, 654.21104
2017-06-23, 1, wei_ruo, 13.19, 11.21, -1.32, 11.36, 11.31, 11.48, 11.01, 55060.9, 61636568, 1.04, 4.14, 0.70, 734.40409
2017-06-26, 1, wei_ruo, 13.17, 11.49, 2.50, 11.21, 11.24, 11.53, 11.20, 48547.57, 55206473, 0.91, 2.94, 0.62, 6691.37287
2017-06-27, 1, wei_ruo, 13.16, 11.48, -0.09, 11.49, 11.45, 11.56, 11.39, 33255.78, 38170789, 0.63, 1.48, 0.42, 537.40692
2017-06-28, 1, wei_ruo, 13.16, 11.35, -1.13, 11.48, 11.48, 11.48, 11.32, 25399.6, 28924113, 0.48, 1.39, 0.32, 893.10408
2017-06-29, 1, wei_ruo, 13.14, 11.52, 1.50, 11.35, 11.35, 11.52, 11.35, 35376.46, 40563398, 0.67, 1.50, 0.45, 2536.23486
2017-06-30, 2, qing_du, 13.14, 11.55, 0.26, 11.52, 11.45, 11.57, 11.41, 29681.4, 34160847, 0.56, 1.39, 0.38, 645.53499
2017-07-03, 2, qing_du, 13.12, 11.70, 1.30, 11.55, 11.56, 11.74, 11.55, 45208.75, 52627146, 0.85, 1.65, 0.57, 649.25122
2017-07-04, 3, zhong_du, 13.11, 11.54, -1.37, 11.70, 11.70, 11.70, 11.46, 34870.19, 40293414, 0.66, 2.05, 0.44, 452.50702
2017-07-05, 3, zhong_du, 13.10, 11.69, 1.30, 11.54, 11.60, 11.70, 11.53, 42422.65, 49305497, 0.80, 1.47, 0.54, 2731.74596
2017-07-06, 3, zhong_du, 13.09, 11.61, -0.68, 11.69, 11.69, 11.72, 11.48, 37840.27, 44063169, 0.71, 2.05, 0.48, 619.15183
2017-07-07, 4, gao_du, 13.08, 11.79, 1.55, 11.61, 11.61, 11.85, 11.57, 52107.13, 61192956, 0.98, 2.41, 0.66, 610.55088
2017-07-10, 4, gao_du, 13.06, 11.97, 1.53, 11.79, 11.76, 12.05, 11.74, 75017.82, 89079927, 1.41, 2.63, 0.95, 3641.52098
2017-07-11, 4, gao_du, 13.04, 11.79, -1.50, 11.97, 11.98, 12.15, 11.75, 78464.1, 93980501, 1.48, 3.34, 1.00, 635.99992
2017-07-12, 4, gao_du, 13.03, 11.64, -1.27, 11.79, 11.73, 11.84, 11.47, 62764.44, 72897187, 1.18, 3.14, 0.80, 685.28104
2017-07-13, 4, gao_du, 13.02, 11.70, 0.52, 11.64, 11.63, 11.77, 11.56, 40804.02, 47614230, 0.77, 1.80, 0.52, 758.80504
2017-07-14, 3, zhong_du, --, 11.58, -1.03, 11.70, 11.68, 11.73, 11.54, 34575.99, 40164398, 0.65, 1.62, 0.44, 606.0698
2017-07-17, 3, zhong_du, --, 11.00, -5.01, 11.58, 11.56, 11.63, 10.77, 66064.71, 73885517, 1.24, 7.43, 0.84, 726.68386
2017-07-18, 3, zhong_du, 12.95, 11.47, 4.27, 11.00, 11.31, 11.48, 11.13, 98989.05, 111918005, 1.86, 3.18, 1.26, 1393.07404
2017-07-19, 3, zhong_du, --, 11.91, 3.84, 11.47, 11.36, 11.96, 11.27, 138353.07, 161823523, 2.60, 6.02, 1.75, 2944.3841
2017-07-20, 3, zhong_du, --, 12.23, 2.69, 11.91, 11.90, 12.28, 11.84, 159344.93, 192386590, 3.00, 3.69, 2.02, 426.01109
2017-07-21, 4, gao_du, --, 12.80, 4.66, 12.23, 12.23, 13.10, 12.10, 265212.27, 337287405, 4.99, 8.18, 3.36, 521.76809
2017-07-24, 5, qiang_lie, 12.88, 12.79, -0.08, 12.80, 12.76, 13.22, 12.56, 225179.45, 291685492, 4.23, 5.16, 2.86, 15667.33885
2017-07-25, 5, qiang_lie, --, 12.57, -1.72, 12.79, 12.68, 12.80, 12.45, 116867.93, 146629981, 2.20, 2.74, 1.48, 835.01291
2017-07-26, 5, qiang_lie, --, 12.89, 2.55, 12.57, 12.63, 12.92, 12.51, 159458.45, 203111265, 3.00, 3.26, 2.02, 738.32297
2017-07-27, 5, qiang_lie, 12.87, 12.71, -1.40, 12.89, 12.80, 12.89, 12.52, 114973.43, 145933763, 2.16, 2.87, 1.46, 868.59488
2017-07-28, 5, qiang_lie, 12.75, 12.37, -1.75, 12.59, 12.52, 12.58, 12.32, 73675.75, 91534562, 1.39, 2.07, 0.93, 696.10095
2017-07-31, 5, qiang_lie, 12.74, 12.76, 3.15, 12.37, 12.47, 12.79, 12.35, 102876.01, 129399419, 1.93, 3.56, 1.30, 838.67311
2017-08-01, 5, qiang_lie, 12.74, 12.44, -2.51, 12.76, 12.77, 12.80, 12.40, 110951.29, 139427567, 2.09, 3.13, 1.41, 677.97208
2017-08-02, 5, qiang_lie, 12.73, 12.12, -2.57, 12.44, 12.45, 12.51, 12.09, 103882.66, 127286785, 1.95, 3.38, 1.32, 1576.57003
2017-08-03, 5, qiang_lie, 12.72, 12.18, 0.50, 12.12, 12.14, 12.31, 12.12, 64122.1, 78285391, 1.21, 1.57, 0.81, 770.19286
2017-08-04, 4, gao_du, 12.72, 12.06, -0.99, 12.18, 12.18, 12.31, 12.02, 68448.14, 83535424, 1.29, 2.38, 0.87, 660.08282
2017-08-07, 4, gao_du, 12.71, 12.25, 1.58, 12.06, 12.07, 12.26, 11.86, 83295.05, 100341416, 1.57, 3.32, 1.06, 670.84193
2017-08-08, 4, gao_du, 12.70, 12.28, 0.24, 12.25, 12.20, 12.29, 12.12, 61609.06, 75109945, 1.16, 1.39, 0.78, 569.53311
2017-08-09, 4, gao_du, 12.70, 12.20, -0.65, 12.28, 12.29, 12.30, 12.15, 62592.6, 76609726, 1.18, 1.22, 0.79, 2664.59894
2017-08-10, 4, gao_du, 12.68, 11.87, -2.70, 12.20, 12.15, 12.17, 11.82, 99251.79, 118870913, 1.87, 2.87, 1.26, 3180.85909
2017-08-11, 4, gao_du, 12.67, 11.57, -2.53, 11.87, 11.77, 11.81, 11.56, 68744.32, 80390782, 1.29, 2.11, 0.87, 611.70197
2017-08-14, 3, zhong_du, 12.66, 11.78, 1.82, 11.57, 11.50, 11.78, 11.50, 42829.62, 50210273, 0.81, 2.42, 0.54, 818.77089
2017-08-15, 3, zhong_du, 12.65, 11.84, 0.51, 11.78, 11.74, 11.93, 11.74, 54815.8, 64893587, 1.03, 1.61, 0.70, 870.65315
2017-08-16, 3, zhong_du, 12.65, 11.81, -0.25, 11.84, 11.83, 11.85, 11.72, 39120.46, 46120538, 0.74, 1.10, 0.50, 823.09294
2017-08-17, 3, zhong_du, 12.64, 11.94, 1.10, 11.81, 11.83, 11.94, 11.75, 46584.52, 55308628, 0.88, 1.61, 0.59, 3855.13997
2017-08-18, 3, zhong_du, 12.63, 12.13, 1.59, 11.94, 11.85, 12.17, 11.80, 88779.2, 107195603, 1.67, 3.10, 1.13, 705.03402
2017-08-21, 3, zhong_du, 12.62, 12.08, -0.41, 12.13, 12.16, 12.16, 12.01, 56956.08, 68741595, 1.07, 1.24, 0.72, 765.87605
2017-08-22, 3, zhong_du, 12.62, 12.06, -0.17, 12.08, 12.09, 12.13, 12.01, 44560.33, 53753300, 0.84, 0.99, 0.57, 696.49005
2017-08-23, 3, zhong_du, 12.61, 11.83, -1.91, 12.06, 12.09, 12.09, 11.82, 45944.57, 54649009, 0.86, 2.24, 0.58, 869.95506
2017-08-24, 3, zhong_du, 12.61, 11.86, 0.25, 11.83, 11.83, 11.97, 11.72, 43974.52, 52162635, 0.83, 2.11, 0.56, 859.10702
2017-08-25, 3, zhong_du, 12.60, 12.05, 1.60, 11.86, 11.80, 12.08, 11.80, 46311.82, 55536706, 0.87, 2.36, 0.59, 730.27205
2017-08-28, 3, zhong_du, 12.60, 12.18, 1.08, 12.05, 12.07, 12.25, 12.07, 57855.01, 70479765, 1.09, 1.49, 0.73, 823.69399
2017-08-29, 3, zhong_du, 12.59, 12.29, 0.90, 12.18, 12.22, 12.30, 12.08, 77159.58, 94205804, 1.45, 1.81, 0.98, 595.32213
2017-08-30, 3, zhong_du, 12.59, 12.30, 0.08, 12.29, 12.29, 12.50, 12.19, 92442.46, 113699764, 1.74, 2.52, 1.17, 690.40084
2017-08-31, 4, gao_du, 12.58, 12.17, -1.06, 12.30, 12.21, 12.27, 12.08, 64467.94, 78369352, 1.21, 1.54, 0.82, 828.88794
2017-09-01, 4, gao_du, 12.58, 12.10, -1.63, 12.30, 12.21, 12.27, 12.09, 40405.01, 49200563, 0.76, 1.46, 1.03, 721.85588
2017-09-04, 3, zhong_du, 12.57, 12.09, -0.58, 12.16, 12.11, 12.13, 12.02, 55923.4, 67493098, 1.05, 0.90, 0.71, 897.84908
2017-09-05, 3, zhong_du, 12.57, 12.10, -1.63, 12.30, 12.21, 12.27, 12.09, 40405.01, 49200563, 0.76, 1.46, 1.03, 774.58215
2017-09-06, 3, zhong_du, 12.56, 12.09, -0.33, 12.13, 12.09, 12.14, 12.02, 42861.42, 51775731, 0.81, 0.99, 0.54, 676.41306
2017-09-07, 3, zhong_du, 12.56, 12.10, -1.63, 12.30, 12.21, 12.27, 12.09, 40405.01, 49200563, 0.76, 1.46, 1.03, 739.70008
2017-09-08, 2, qing_du, 12.55, 12.10, -1.63, 12.30, 12.21, 12.27, 12.09, 40405.01, 49200563, 0.76, 1.46, 1.03, 2699.32818
2017-09-11, 2, qing_du, 12.55, 11.99, -0.17, 12.01, 12.03, 12.03, 11.93, 42518.16, 50886746, 0.80, 0.83, 0.54, 704.76007
2017-09-12, 2, qing_du, 12.54, 11.90, -0.75, 11.99, 12.00, 12.00, 11.89, 51186.62, 61075123, 0.96, 0.92, 0.65, 735.99792
2017-09-13, 2, qing_du, 12.54, 11.86, -0.34, 11.90, 11.90, 11.94, 11.81, 35990.18, 42709909, 0.68, 1.09, 0.46, 650.11191
2017-09-14, 1, wei_ruo, 12.53, 11.90, 0.34, 11.86, 11.87, 11.97, 11.86, 35085.58, 41799371, 0.66, 0.93, 0.45, 690.32502
2017-09-15, 1, wei_ruo, 12.53, 11.84, -0.50, 11.90, 11.91, 11.93, 11.81, 36345.62, 43055446, 0.68, 1.01, 0.46, 927.28901
2017-09-18, 1, wei_ruo, 12.52, 11.88, 0.34, 11.84, 11.85, 11.89, 11.80, 28951.34, 34325126, 0.54, 0.76, 0.37, 1174.94106
2017-09-19, 1, wei_ruo, 12.52, 11.82, -0.51, 11.88, 11.90, 11.91, 11.79, 38184.59, 45247824, 0.72, 1.01, 0.48, 772.91822
2017-09-20, 1, wei_ruo, 12.51, 11.88, 0.51, 11.82, 11.82, 11.90, 11.79, 36148.88, 42792627, 0.68, 0.93, 0.46, 636.94286
2017-09-21, 1, wei_ruo, 12.51, 11.94, 0.51, 11.88, 11.86, 12.08, 11.84, 65484.69, 78327439, 1.23, 2.02, 0.83, 632.4141
2017-09-22, 1, wei_ruo, 12.50, 11.71, -1.93, 11.94, 11.88, 11.93, 11.68, 63619.85, 74890549, 1.20, 2.09, 0.81, 692.86609
2017-09-25, 1, wei_ruo, 12.49, 11.53, -1.54, 11.71, 11.68, 11.73, 11.52, 33491.65, 38890816, 0.63, 1.79, 0.42, 902.09985
2017-09-26, 1, wei_ruo, 12.49, 11.58, 0.43, 11.53, 11.52, 11.61, 11.50, 23191, 26780171, 0.44, 0.95, 0.29, 699.55397
2017-09-27, 1, wei_ruo, 12.49, 11.60, 0.17, 11.58, 11.58, 11.63, 11.54, 17831.96, 20668505, 0.34, 0.78, 0.23, 2610.02207
2017-09-28, 1, wei_ruo, 12.48, 11.48, -1.03, 11.60, 11.58, 11.62, 11.41, 28454.95, 32761178, 0.54, 1.81, 0.36, 1021.74807
2017-09-29, 1, wei_ruo, 12.48, 11.54, 0.52, 11.48, 11.47, 11.58, 11.45, 21707.44, 25018126, 0.41, 1.13, 0.28, 666.20207
2017-10-10, 1, wei_ruo, 12.47, 11.75, 0.77, 11.66, 11.66, 11.75, 11.63, 31590.88, 36944564, 0.59, 1.03, 0.40, 528.07403
2017-10-12, 1, wei_ruo, 12.46, 11.74, 0.26, 11.71, 11.74, 11.88, 11.63, 46082.32, 54095561, 0.87, 2.13, 0.58, 729.54702
2017-10-13, 1, wei_ruo, 12.45, 12.03, 2.47, 11.74, 11.94, 12.06, 11.89, 124967.75, 149677528, 2.35, 1.45, 1.59, 711.33089
2017-10-16, 1, wei_ruo, 12.44, 11.78, -2.08, 12.03, 12.00, 12.00, 11.76, 61916, 73507467, 1.16, 2.00, 0.79, 801.73111
2017-10-17, 1, wei_ruo, 12.43, 11.70, -0.68, 11.78, 11.75, 11.80, 11.66, 36686.05, 43004392, 0.69, 1.19, 0.47, 591.75801
2017-10-18, 1, wei_ruo, 12.43, 11.48, -1.88, 11.70, 11.68, 11.76, 11.46, 46925.38, 54437836, 0.88, 2.56, 0.60, 649.38688
2017-10-19, 1, wei_ruo, 12.42, 11.26, -1.92, 11.48, 11.49, 11.54, 11.24, 43001.71, 48833062, 0.81, 2.61, 0.55, 606.31609
2017-10-20, 1, wei_ruo, 12.40, 11.69, 3.82, 11.26, 11.31, 11.77, 11.31, 88171.65, 102464765, 1.66, 4.09, 1.12, 779.55604
2017-10-23, 1, wei_ruo, 12.39, 11.67, -0.17, 11.69, 11.69, 11.70, 11.53, 60131.2, 69821401, 1.13, 1.45, 0.76, 1060.86278
2017-10-24, 1, wei_ruo, 12.39, 11.58, -0.77, 11.67, 11.69, 11.69, 11.52, 37522.9, 43457323, 0.71, 1.46, 0.48, 768.85104
2017-10-25, 1, wei_ruo, 12.38, 11.60, 0.17, 11.58, 11.55, 11.63, 11.51, 35776.16, 41386782, 0.67, 1.04, 0.45, 2731.23884
2017-10-26, 1, wei_ruo, 12.38, 11.64, 0.34, 11.60, 11.58, 11.68, 11.53, 49835.74, 57760614, 0.94, 1.29, 0.63, 725.39616
2017-10-27, 1, wei_ruo, 12.37, 11.52, -1.03, 11.64, 11.64, 11.67, 11.50, 39807.94, 46064668, 0.75, 1.46, 0.50, 981.5619
2017-10-30, 1, wei_ruo, 12.36, 11.27, -2.17, 11.52, 11.51, 11.51, 11.13, 46775.95, 52696054, 0.88, 3.30, 0.59, 716.77899
2017-10-31, 1, wei_ruo, 12.35, 11.40, 1.15, 11.27, 11.28, 11.42, 11.21, 43493, 49344031, 0.82, 1.86, 0.55, 673.36798
2017-11-01, 1, wei_ruo, 12.34, 11.21, -1.67, 11.40, 11.37, 11.38, 11.19, 50699.01, 57143055, 0.95, 1.67, 0.64, 740.89885
2017-11-02, 1, wei_ruo, 12.33, 11.04, -1.52, 11.21, 11.22, 11.22, 11.00, 46631.11, 51572414, 0.88, 1.96, 0.59, 887.55202
2017-11-03, 1, wei_ruo, 12.32, 10.86, -1.63, 11.04, 11.04, 11.05, 10.79, 44608.34, 48654571, 0.84, 2.36, 0.57, 3695.96887
2017-11-07, 1, wei_ruo, 12.30, 10.97, -0.36, 11.01, 11.04, 11.05, 10.92, 23252.82, 25495092, 0.44, 1.18, 0.29, 182811.16581
2017-11-08, 1, wei_ruo, 12.30, 10.96, -0.45, 11.01, 11.04, 11.05, 10.92, 11961, 13135255, 0.22, 1.18, 0.30, 4812.37602
2017-11-09, 1, wei_ruo, 12.29, 11.05, 0.55, 10.99, 10.91, 11.07, 10.91, 21110.23, 23255188, 0.40, 1.46, 0.27, 4709.88989
2017-11-10, 1, wei_ruo, 12.29, 11.03, -0.18, 11.05, 11.01, 11.08, 10.96, 27633.1, 30436772, 0.52, 1.09, 0.91, 2739.71391
2017-11-13, 1, wei_ruo, 12.28, 10.98, -0.45, 11.03, 11.03, 11.08, 10.88, 32739.35, 35874160, 0.62, 1.81, 1.22, 558.27999
2017-11-14, 1, wei_ruo, 12.27, 10.85, -1.18, 10.98, 10.94, 10.94, 10.83, 25585.61, 27844842, 0.48, 1.00, 0.96, 1320.56379
2017-11-15, 1, wei_ruo, 12.26, 10.80, -0.46, 10.85, 10.81, 10.82, 10.67, 30133.26, 32391155, 0.57, 1.38, 1.12, 663.66601
2017-11-16, 1, wei_ruo, 12.26, 10.78, -0.19, 10.80, 10.76, 10.85, 10.74, 18821.11, 20329974, 0.35, 1.02, 0.69, 748.173
2017-11-17, 1, wei_ruo, 12.24, 10.39, -3.62, 10.78, 10.74, 10.79, 10.31, 46193, 48493266, 0.87, 4.45, 1.71, 864.93802
2017-11-20, 1, wei_ruo, 12.23, 10.33, -0.58, 10.39, 10.37, 10.39, 10.16, 28021.53, 28750823, 0.53, 2.21, 0.91, 739.79902
2017-11-21, 1, wei_ruo, 12.22, 10.32, -0.10, 10.33, 10.35, 10.37, 10.25, 21584.19, 22250247, 0.41, 1.16, 0.73, 787.889
2017-11-22, 1, wei_ruo, 12.22, 10.35, 0.29, 10.32, 10.32, 10.43, 10.26, 25036.33, 25845325, 0.47, 1.65, 0.86, 1228.73688
2017-11-23, 1, wei_ruo, 12.20, 10.07, -2.71, 10.35, 10.37, 10.38, 10.01, 27112.97, 27625070, 0.51, 3.57, 0.97, 3664.36315
2017-11-24, 1, wei_ruo, 12.20, 10.15, 0.79, 10.07, 10.08, 10.24, 10.05, 23320.74, 23677227, 0.44, 1.89, 0.79, 866.70494
2017-11-27, 1, wei_ruo, 12.19, 10.14, -0.10, 10.15, 10.15, 10.24, 10.11, 17212.9, 17506252, 0.32, 1.28, 0.69, 700.95801
2017-11-28, 1, wei_ruo, 12.18, 10.23, 0.89, 10.14, 10.13, 10.24, 10.12, 15912.83, 16213136, 0.30, 1.18, 0.70, 1088.91988
2017-11-29, 1, wei_ruo, 12.17, 10.30, 0.68, 10.23, 10.26, 10.32, 10.10, 24489.53, 25028914, 0.46, 2.15, 1.13, 700.50406
2017-11-30, 1, wei_ruo, 12.17, 10.25, -0.49, 10.30, 10.30, 10.33, 10.20, 15836.78, 16263158, 0.30, 1.26, 0.73, 920.53199
2017-12-01, 1, wei_ruo, 12.16, 10.30, 0.49, 10.25, 10.28, 10.37, 10.22, 22009.3, 22704336, 0.41, 1.46, 1.14, 654.75011
2017-12-04, 1, wei_ruo, 12.16, 10.24, -0.58, 10.30, 10.27, 10.33, 10.20, 15997.52, 16428508, 0.30, 1.26, 0.84, 763.41605
2017-12-05, 1, wei_ruo, 12.14, 9.95, -2.83, 10.24, 10.22, 10.22, 9.90, 28150.89, 28290097, 0.53, 3.13, 1.49, 1044.32106
2017-12-06, 1, wei_ruo, 12.13, 10.11, 1.61, 9.95, 9.96, 10.12, 9.93, 26041.93, 26062513, 0.49, 1.91, 1.22, 626.6551
2017-12-07, 1, wei_ruo, 12.13, 10.08, -0.30, 10.11, 10.05, 10.14, 10.03, 12935.8, 13047676, 0.24, 1.09, 0.60, 1030.04098
2017-12-08, 1, wei_ruo, 12.11, 10.26, 1.79, 10.08, 10.08, 10.35, 10.03, 39900.2, 40800740, 0.75, 3.17, 1.90, 621.701
2017-12-11, 1, wei_ruo, 12.10, 10.38, 1.17, 10.26, 10.22, 10.49, 10.15, 33196.49, 34326647, 0.62, 3.31, 1.35, 718.35518
2017-12-12, 1, wei_ruo, 12.10, 10.19, -1.83, 10.38, 10.38, 10.38, 10.18, 23323.65, 23921853, 0.44, 1.93, 0.83, 679.33798
2017-12-13, 1, wei_ruo, 12.09, 10.24, 0.49, 10.19, 10.19, 10.26, 10.17, 13545.79, 13832082, 0.25, 0.88, 0.50, 3314.64887
2017-12-14, 1, wei_ruo, 12.08, 10.38, 1.37, 10.24, 10.24, 10.40, 10.18, 38783.73, 40011937, 0.73, 2.15, 1.58, 816.69521
2017-12-15, 1, wei_ruo, 12.05, 10.58, 1.93, 10.38, 10.37, 10.76, 10.27, 91153.38, 96502348, 1.71, 4.72, 3.06, 2527.47297
2017-12-18, 1, wei_ruo, 12.03, 10.34, -2.27, 10.58, 10.55, 10.55, 10.26, 52664.13, 54460940, 0.99, 2.74, 1.32, 1003.438
2017-12-19, 1, wei_ruo, 12.03, 10.31, -0.29, 10.34, 10.27, 10.36, 10.27, 25538, 26351580, 0.48, 0.87, 0.58, 888.85593
2017-12-20, 1, wei_ruo, 12.02, 10.17, -1.36, 10.31, 10.29, 10.37, 10.16, 30228.34, 31068879, 0.57, 2.04, 0.68, 704.82802
2017-12-21, 1, wei_ruo, 12.01, 10.13, -0.39, 10.17, 10.17, 10.17, 9.98, 25423.72, 25653225, 0.48, 1.87, 0.53, 2179.8532
2017-12-22, 1, wei_ruo, 12.00, 10.08, -0.49, 10.13, 10.11, 10.15, 10.04, 13769.77, 13884851, 0.26, 1.09, 0.31, 736.7332
2017-12-25, 1, wei_ruo, 11.99, 10.10, 0.20, 10.08, 10.08, 10.24, 10.06, 21387.32, 21679194, 0.40, 1.79, 0.72, 4709.23805
2017-12-26, 1, wei_ruo, 11.99, 10.18, 0.79, 10.10, 10.10, 10.22, 10.09, 20782.87, 21107886, 0.39, 1.29, 0.89, 503.58295
2017-12-27, 1, wei_ruo, 11.98, 10.08, -0.98, 10.18, 10.15, 10.17, 10.04, 19013.76, 19224423, 0.36, 1.28, 0.85, 539.78705
2017-12-29, 1, wei_ruo, 11.97, 10.29, 1.18, 10.17, 10.18, 10.29, 10.13, 33898.84, 34615653, 0.64, 1.57, 1.77, 605.60298
2018-01-03, 1, wei_ruo, 11.95, 10.36, 0.68, 10.29, 10.25, 10.37, 10.21, 36430.01, 37589503, 0.69, 1.55, 1.68, 655.06697
2018-01-04, 1, wei_ruo, 11.93, 10.40, 0.39, 10.36, 10.36, 10.42, 10.27, 38897.24, 40179451, 0.73, 1.45, 1.57, 2723.70696
2018-01-05, 1, wei_ruo, 11.92, 10.36, -0.38, 10.40, 10.35, 10.45, 10.30, 35990.03, 37305070, 0.68, 1.44, 1.25, 777.62413
2018-01-08, 1, wei_ruo, 11.92, 10.38, 0.19, 10.36, 10.35, 10.38, 10.30, 28627.98, 29620034, 0.54, 0.77, 0.90, 687.97803
2018-01-09, 1, wei_ruo, 11.91, 10.36, -0.19, 10.38, 10.36, 10.43, 10.32, 27635.48, 28672475, 0.52, 1.06, 0.79, 624.62306
2018-01-10, 1, wei_ruo, 11.90, 10.23, -1.25, 10.36, 10.36, 10.36, 10.20, 23882.86, 24524316, 0.45, 1.54, 0.71, 2654.05107
2018-01-11, 1, wei_ruo, 11.89, 10.26, 0.29, 10.23, 10.22, 10.29, 10.15, 23692.07, 24207205, 0.45, 1.37, 0.76, 614.47811
2018-01-12, 1, wei_ruo, 11.88, 10.45, 1.85, 10.26, 10.26, 10.46, 10.25, 57663.84, 59933737, 1.08, 2.05, 2.06, 652.36902
2018-01-15, 1, wei_ruo, 11.86, 10.00, -4.31, 10.45, 10.48, 10.51, 9.98, 51630.45, 52779355, 0.97, 5.07, 1.60, 715.35301
2018-01-16, 1, wei_ruo, 11.85, 10.12, 1.20, 10.00, 10.03, 10.14, 10.01, 30171, 30423761, 0.57, 1.30, 0.82, 603.7209
2018-01-17, 1, wei_ruo, 11.84, 10.25, 1.28, 10.12, 10.13, 10.26, 10.09, 35130.36, 35781178, 0.66, 1.68, 0.94, 613.88302
2018-01-18, 1, wei_ruo, 11.83, 10.25, 0.00, 10.25, 10.20, 10.30, 10.16, 18342.34, 18800532, 0.34, 1.37, 0.46, 603.07598
2018-01-19, 1, wei_ruo, 11.83, 10.25, 0.00, 10.25, 10.26, 10.31, 10.21, 21712, 22279418, 0.41, 0.98, 0.56, 627.77209
2018-01-22, 1, wei_ruo, 11.82, 10.31, 0.59, 10.25, 10.25, 10.36, 10.18, 26985.13, 27773291, 0.51, 1.76, 0.86, 693.38298
2018-01-23, 1, wei_ruo, 11.81, 10.31, 0.00, 10.31, 10.35, 10.35, 10.26, 24071.45, 24800638, 0.45, 0.87, 0.91, 787.20307
2018-01-24, 1, wei_ruo, 11.80, 10.34, 0.29, 10.31, 10.30, 10.34, 10.25, 29277.9, 30171372, 0.55, 0.87, 1.16, 583.51994
2018-01-25, 1, wei_ruo, 11.79, 10.38, 0.39, 10.34, 10.34, 10.47, 10.31, 36653.43, 38144912, 0.69, 1.55, 1.52, 940.41896
2018-01-26, 1, wei_ruo, 11.79, 10.36, -0.19, 10.38, 10.35, 10.43, 10.33, 26952.74, 27976681, 0.51, 0.96, 0.97, 650.30718
2018-01-29, 1, wei_ruo, 11.78, 10.25, -1.06, 10.36, 10.35, 10.39, 10.21, 31704.45, 32600593, 0.60, 1.74, 1.10, 908.84495
2018-01-30, 1, wei_ruo, 11.75, 10.56, 3.02, 10.25, 10.26, 10.77, 10.26, 125062.87, 132370497, 2.35, 4.98, 4.21, 741.59002
2018-01-31, 2, qing_du, 11.73, 10.60, 0.38, 10.56, 10.52, 10.68, 10.47, 86478.68, 91435063, 1.63, 1.99, 1.73, 721.32111
2018-02-01, 2, qing_du, 11.71, 10.24, -3.40, 10.60, 10.72, 10.86, 10.20, 100509.25, 105990190, 1.89, 6.23, 1.64, 635.78701
2018-02-02, 2, qing_du, 11.68, 9.75, -4.79, 10.24, 10.08, 10.20, 9.28, 81725.76, 79711694, 1.54, 8.98, 1.10, 839.22195
2018-02-05, 1, wei_ruo, 11.66, 9.66, -0.92, 9.75, 9.61, 9.67, 9.52, 36203.37, 34830582, 0.68, 1.54, 0.43, 961.0889
2018-02-06, 1, wei_ruo, 11.63, 9.04, -6.42, 9.66, 9.52, 9.54, 9.01, 60765.91, 56451329, 1.14, 5.49, 0.71, 2628.74103
2018-02-07, 1, wei_ruo, 11.61, 9.28, 2.65, 9.04, 9.19, 9.33, 9.05, 50259.61, 46383060, 0.95, 3.10, 0.69, 1366.32299
2018-02-08, 1, wei_ruo, 11.60, 9.34, 0.65, 9.28, 9.22, 9.39, 9.22, 18628.11, 17372554, 0.35, 1.83, 0.38, 806.247
2018-02-09, 1, wei_ruo, 11.58, 8.89, -4.82, 9.34, 9.10, 9.22, 8.82, 36525.59, 32847279, 0.69, 4.28, 1.17, 675.22717
2018-02-12, 1, wei_ruo, 11.56, 9.35, 5.17, 8.89, 8.95, 9.37, 8.89, 44040.97, 40116813, 0.83, 5.40, 1.50, 2707.24297
2018-02-13, 1, wei_ruo, 11.55, 9.34, -0.11, 9.35, 9.29, 9.37, 9.27, 25481.87, 23738513, 0.48, 1.07, 0.62, 630.3339
2018-02-14, 1, wei_ruo, 11.55, 9.30, -0.43, 9.34, 9.36, 9.36, 9.18, 15453.72, 14308714, 0.29, 1.93, 0.47, 2714.921
