2015-08-20, 2, qing_du, 9.99, 9.65, -9.98, 10.72, 10.57, 10.59, 9.65, 254877.99, 259753144, 6.12, 8.77, 0.49, 754.65608
2015-08-21, 2, qing_du, 9.92, 8.69, -9.95, 9.65, 9.26, 9.55, 8.69, 281037.89, 254100404, 6.75, 8.91, 0.63, 1073.66204
2015-08-25, 1, wei_ruo, 9.71, 7.04, -9.97, 7.82, 7.04, 7.20, 7.04, 209141.46, 147411042, 5.02, 2.05, 0.70, 1191.50901
2015-08-26, 1, wei_ruo, 9.46, 6.35, -9.80, 7.04, 7.04, 7.39, 6.34, 339182.17, 231484184, 8.15, 14.91, 1.32, 4030.37596
2015-10-29, 3, zhong_du, 7.97, 8.75, 5.80, 8.27, 8.37, 8.96, 8.16, 364870.14, 314315217, 8.77, 9.67, 1.91, 1035.43496
2015-10-30, 4, gao_du, 7.99, 8.42, -3.77, 8.75, 8.70, 8.75, 8.25, 206826.41, 175185108, 4.97, 5.71, 0.89, 1214.14304
2015-11-02, 4, gao_du, 8.00, 8.13, -3.44, 8.42, 8.21, 8.53, 8.00, 139651.39, 115471302, 3.35, 6.29, 0.60, 1274.48797
2015-11-03, 3, zhong_du, 8.00, 7.95, -2.21, 8.13, 8.11, 8.25, 7.84, 147737.88, 119498769, 3.55, 5.04, 0.66, 2804.09288
2015-11-04, 3, zhong_du, 8.01, 8.40, 5.66, 7.95, 8.03, 8.42, 8.03, 171469.54, 142150149, 4.12, 4.91, 0.77, 1024.82796
2015-11-05, 3, zhong_du, 8.04, 8.57, 2.02, 8.40, 8.52, 8.74, 8.31, 234261.1, 199960802, 5.63, 5.12, 1.14, 1235.09812
2015-11-06, 4, gao_du, 8.08, 8.78, 2.45, 8.57, 8.55, 8.91, 8.46, 227236.1, 198619473, 5.46, 5.25, 1.26, 1329.50902
2015-11-09, 4, gao_du, 8.11, 8.75, -0.34, 8.78, 8.68, 8.89, 8.30, 237839.03, 205887593, 5.71, 6.72, 1.29, 1320.64199
2015-11-10, 5, qiang_lie, 8.15, 8.83, 0.91, 8.75, 8.65, 9.05, 8.65, 235848.38, 208918260, 5.67, 4.57, 1.16, 462.01992
2015-11-11, 5, qiang_lie, 8.15, 8.91, 0.56, 8.86, 8.82, 8.95, 8.70, 194990.13, 171648616, 4.68, 2.82, 0.88, 259.62782
2015-11-12, 5, qiang_lie, 8.25, 8.76, -1.68, 8.91, 8.95, 9.04, 8.65, 220749.94, 193885299, 5.30, 4.38, 0.98, 962.183
2015-11-13, 5, qiang_lie, 8.26, 8.53, -2.63, 8.76, 8.75, 8.75, 8.40, 180853.42, 155055753, 4.34, 4.00, 0.81, 2730.31211
2015-11-16, 5, qiang_lie, 8.29, 9.01, 5.63, 8.53, 8.41, 9.04, 8.36, 210519.89, 185019411, 5.06, 7.97, 0.98, 2826.24912
2015-11-17, 5, qiang_lie, 8.34, 9.01, 0.00, 9.01, 9.05, 9.27, 8.92, 271447.65, 247056441, 6.52, 3.88, 1.30, 1090.0321
2015-11-18, 5, qiang_lie, 8.36, 8.79, -2.44, 9.01, 9.00, 9.06, 8.75, 121504.46, 108119162, 2.92, 3.44, 0.56, 1257.40504
2015-11-19, 5, qiang_lie, 8.37, 8.90, 1.25, 8.79, 8.75, 8.93, 8.75, 98485.21, 86941313, 2.37, 2.05, 0.49, 32041.70299
2015-11-20, 5, qiang_lie, 8.39, 8.96, 0.67, 8.90, 8.96, 8.97, 8.74, 163129.67, 145003907, 3.92, 2.58, 0.92, 16536.33189
2015-11-23, 5, qiang_lie, 8.41, 8.81, -1.67, 8.96, 9.00, 9.07, 8.75, 147255.33, 131594283, 3.54, 3.57, 0.85, 16460.06513
2015-11-24, 5, qiang_lie, 8.42, 8.86, 0.57, 8.81, 8.80, 8.87, 8.60, 116226.13, 101747601, 2.79, 3.06, 0.72, 1156.61407
2015-11-25, 5, qiang_lie, 8.44, 9.10, 2.71, 8.86, 8.80, 9.12, 8.78, 169256.01, 151460236, 4.07, 3.84, 1.31, 999.88413
2015-11-26, 5, qiang_lie, 8.51, 9.56, 5.05, 9.10, 9.11, 9.69, 9.04, 300069.78, 282792760, 7.21, 7.14, 2.16, 866.539
2015-11-27, 5, qiang_lie, 8.53, 8.66, -9.41, 9.56, 9.46, 9.49, 8.60, 200653.36, 182822776, 4.82, 9.31, 1.12, 842.28992
2015-11-30, 5, qiang_lie, 8.53, 8.81, 1.73, 8.66, 8.66, 8.92, 8.13, 149790.29, 128084990, 3.60, 9.12, 0.80, 910.9869
2015-12-01, 5, qiang_lie, 8.54, 8.84, 0.34, 8.81, 8.69, 8.97, 8.59, 90144.56, 79482180, 2.17, 4.31, 0.48, 1388.42916
2015-12-02, 5, qiang_lie, 8.55, 8.74, -1.13, 8.84, 8.84, 9.00, 8.41, 106358.66, 92920378, 2.56, 6.67, 0.58, 925.57907
2015-12-03, 5, qiang_lie, 8.55, 9.20, 5.26, 8.74, 8.75, 9.22, 8.71, 143208.23, 128222427, 3.44, 5.84, 0.85, 799.32904
2015-12-04, 5, qiang_lie, 8.53, 9.14, -0.65, 9.20, 9.06, 9.25, 9.03, 129966.6, 118599955, 3.12, 2.39, 0.94, 582.61204
2015-12-07, 5, qiang_lie, 8.55, 9.20, 0.66, 9.14, 9.12, 9.27, 9.01, 112125.39, 103090514, 2.69, 2.84, 0.91, 2844.09189
2015-12-08, 5, qiang_lie, 8.64, 9.37, 1.85, 9.20, 9.21, 9.93, 9.15, 383324.39, 367406385, 9.21, 8.48, 3.29, 744.86995
2015-12-09, 5, qiang_lie, 8.77, 10.18, 8.64, 9.37, 9.43, 10.25, 9.38, 434214.3, 425775511, 10.43, 9.28, 2.48, 1817.01398
2015-12-10, 5, qiang_lie, 8.85, 9.95, -2.26, 10.18, 10.03, 10.18, 9.78, 278841.73, 277001379, 6.70, 3.93, 1.16, 866.96005
2015-12-11, 5, qiang_lie, 8.93, 10.25, 3.02, 9.95, 9.87, 10.42, 9.68, 267445.67, 271475561, 6.42, 7.44, 1.00, 981.58312
2015-12-14, 5, qiang_lie, 9.00, 10.47, 2.15, 10.25, 10.08, 10.60, 10.05, 203943.05, 209809060, 4.90, 5.37, 0.69, 843.83106
2015-12-15, 5, qiang_lie, 9.06, 10.28, -1.81, 10.47, 10.40, 10.51, 10.18, 181211.83, 186971434, 4.35, 3.15, 0.58, 2172.17088
2015-12-16, 5, qiang_lie, 9.10, 10.07, -2.04, 10.28, 10.20, 10.29, 10.00, 145248.7, 146628498, 3.49, 2.82, 0.53, 3772.70699
2015-12-17, 5, qiang_lie, 9.15, 10.21, 1.39, 10.07, 10.11, 10.24, 10.04, 189198.64, 191818923, 4.55, 1.99, 0.88, 2840.43503
2015-12-18, 5, qiang_lie, 9.18, 9.97, -2.35, 10.21, 10.18, 10.18, 9.88, 134984.04, 135046220, 3.24, 2.94, 0.68, 2756.27899
2015-12-21, 5, qiang_lie, 9.21, 10.19, 2.21, 9.97, 9.90, 10.25, 9.84, 151316.96, 152883458, 3.64, 4.11, 0.89, 2969.455
2015-12-22, 5, qiang_lie, 9.29, 10.64, 4.42, 10.19, 10.19, 10.88, 10.15, 264216.16, 279929587, 6.35, 7.16, 1.65, 829.43511
2015-12-23, 5, qiang_lie, 9.37, 10.38, -2.44, 10.64, 10.68, 11.16, 10.22, 239719.22, 258585356, 5.76, 8.83, 1.35, 2758.32582
2015-12-24, 5, qiang_lie, 9.39, 10.16, -2.12, 10.38, 10.20, 10.45, 9.98, 127966.11, 129743844, 3.07, 4.53, 0.65, 798.23589
2015-12-25, 5, qiang_lie, 9.41, 10.35, 1.87, 10.16, 10.11, 10.47, 10.10, 81349.03, 83936377, 1.95, 3.64, 0.44, 790.84206
2015-12-28, 5, qiang_lie, 9.45, 10.35, 0.00, 10.35, 10.52, 10.79, 10.20, 140030.85, 146778780, 3.36, 5.70, 0.81, 921.57722
2015-12-29, 5, qiang_lie, 9.47, 10.36, 0.10, 10.35, 10.38, 10.48, 10.00, 118964.08, 121329485, 2.86, 4.64, 0.70, 1071.52414
2015-12-30, 5, qiang_lie, 9.50, 10.65, 2.80, 10.36, 10.40, 10.66, 10.26, 110238.2, 114770879, 2.65, 3.86, 0.65, 2889.42409
2015-12-31, 5, qiang_lie, 9.64, 11.20, 5.16, 10.65, 10.68, 11.57, 10.66, 349117.95, 389634953, 8.39, 8.54, 2.05, 928.30205
2016-01-04, 5, qiang_lie, 9.68, 10.11, -9.73, 11.20, 11.29, 11.35, 10.10, 181711.1, 195034847, 4.37, 11.16, 1.65, 897.59803
2016-01-05, 5, qiang_lie, 9.67, 9.51, -5.93, 10.11, 9.45, 10.00, 9.11, 247809.35, 237347569, 5.95, 8.80, 1.45, 838.58919
2016-01-06, 5, qiang_lie, 9.67, 10.00, 5.15, 9.51, 9.70, 10.05, 9.56, 131775.06, 129168498, 3.17, 5.15, 0.77, 1052.05202
2016-01-07, 4, gao_du, 9.67, 9.00, -10.00, 10.00, 10.00, 10.02, 9.00, 42169.5, 39994917, 1.01, 10.20, 1.98, 773.57697
2016-01-08, 3, zhong_du, 9.67, 8.96, -0.44, 9.00, 9.21, 9.35, 8.10, 166364.94, 148911755, 4.00, 13.89, 0.97, 962.76808
2016-01-11, 2, qing_du, 9.59, 8.06, -10.04, 8.96, 8.82, 8.82, 8.06, 127920.48, 106945854, 3.07, 8.48, 0.75, 2925.282
2016-01-12, 2, qing_du, 9.52, 7.74, -3.97, 8.06, 7.98, 8.17, 7.41, 166162.97, 127932424, 3.99, 9.43, 0.97, 918.50805
2016-01-13, 1, wei_ruo, 9.46, 7.01, -9.43, 7.74, 7.70, 7.85, 7.00, 117177.12, 88051629, 2.81, 10.98, 0.69, 1271.72112
2016-01-14, 1, wei_ruo, 9.39, 7.30, 4.14, 7.01, 6.80, 7.40, 6.42, 122764.72, 86496036, 2.95, 13.98, 0.72, 1017.9882
2016-01-15, 1, wei_ruo, 9.33, 6.98, -4.38, 7.30, 7.10, 7.42, 6.88, 98507.25, 70240486, 2.37, 7.40, 0.58, 3184.38292
2016-01-18, 1, wei_ruo, 9.28, 7.07, 1.29, 6.98, 6.63, 7.25, 6.63, 102026.68, 71830698, 2.45, 8.88, 0.60, 1322.25013
2016-01-19, 1, wei_ruo, 9.23, 7.42, 4.95, 7.07, 7.07, 7.49, 7.00, 97199.47, 70993508, 2.34, 6.93, 0.57, 2721.18187
2016-01-20, 1, wei_ruo, 9.18, 7.46, 0.54, 7.42, 7.35, 7.69, 7.30, 111130.64, 83263104, 2.67, 5.26, 0.65, 995.21804
2016-01-21, 1, wei_ruo, 9.14, 7.11, -4.69, 7.46, 7.20, 7.63, 7.09, 90143.1, 66301259, 2.17, 7.24, 0.53, 809.46612
2016-01-22, 1, wei_ruo, 9.11, 7.19, 1.13, 7.11, 7.27, 7.34, 6.93, 75428.9, 53949283, 1.81, 5.77, 0.44, 760.90884
2016-01-26, 1, wei_ruo, 9.03, 6.63, -9.67, 7.34, 7.24, 7.26, 6.61, 86743.3, 59845855, 2.08, 8.86, 0.51, 1066.06507
2016-01-27, 1, wei_ruo, 8.98, 6.60, -0.45, 6.63, 6.55, 6.79, 6.09, 90665.8, 58346273, 2.18, 10.56, 0.53, 697.90697
2016-01-28, 1, wei_ruo, 8.94, 6.28, -4.85, 6.60, 6.44, 6.66, 6.26, 54906.1, 35594255, 1.32, 6.06, 0.32, 875.48208
2016-01-29, 1, wei_ruo, 8.90, 6.57, 4.62, 6.28, 6.35, 6.65, 6.22, 78594.81, 50889865, 1.89, 6.85, 0.46, 993.44587
2016-02-01, 1, wei_ruo, 8.86, 6.47, -1.52, 6.57, 6.53, 6.63, 6.38, 64050.22, 41702079, 1.54, 3.81, 0.38, 4391.35408
2016-02-02, 1, wei_ruo, 8.82, 6.62, 2.32, 6.47, 6.51, 6.80, 6.51, 82372.57, 55048625, 1.98, 4.48, 0.48, 1269.67812
2016-02-03, 1, wei_ruo, 8.78, 6.83, 3.17, 6.62, 6.59, 6.86, 6.50, 74902.42, 50180708, 1.80, 5.44, 0.44, 1176.82695
2016-02-04, 1, wei_ruo, 8.74, 7.04, 3.07, 6.83, 6.80, 7.07, 6.76, 83068.81, 57935595, 2.00, 4.54, 0.49, 1012.48598
2016-02-05, 1, wei_ruo, 8.72, 6.92, -1.70, 7.04, 7.08, 7.08, 6.91, 53547.81, 37434174, 1.29, 2.41, 0.31, 866.37497
2016-02-15, 1, wei_ruo, 8.70, 6.84, -1.16, 6.92, 6.71, 6.91, 6.61, 53699.26, 36171835, 1.29, 4.34, 0.31, 2858.33502
2016-02-16, 1, wei_ruo, 8.66, 7.16, 4.68, 6.84, 6.89, 7.17, 6.81, 81806.65, 57695967, 1.97, 5.26, 0.48, 923.19107
2016-02-17, 1, wei_ruo, 8.64, 7.23, 0.98, 7.16, 7.17, 7.28, 7.05, 59457.74, 42676922, 1.43, 3.21, 0.35, 1187.72388
2016-02-18, 1, wei_ruo, 8.62, 7.42, 2.63, 7.23, 7.27, 7.44, 7.20, 87112.56, 63565680, 2.09, 3.32, 0.51, 1420.70293
2016-02-19, 1, wei_ruo, 8.60, 7.39, -0.40, 7.42, 7.37, 7.45, 7.25, 54885.9, 40384672, 1.32, 2.70, 0.41, 769.08684
2016-02-22, 1, wei_ruo, 8.60, 7.59, 2.85, 7.38, 7.38, 7.61, 7.38, 98034.77, 73675669, 2.36, 3.12, 1.40, 813.31611
2016-02-23, 1, wei_ruo, 8.54, 7.47, -1.58, 7.59, 7.57, 7.58, 7.35, 68894.33, 51432741, 1.66, 3.03, 0.87, 2712.42905
2016-02-24, 1, wei_ruo, 8.52, 7.64, 2.28, 7.47, 7.45, 7.70, 7.35, 82922.34, 62602503, 1.99, 4.69, 1.09, 1045.1231
2016-02-25, 1, wei_ruo, 8.48, 6.88, -9.95, 7.64, 7.60, 7.63, 6.88, 121999.54, 87281458, 2.93, 9.82, 1.51, 2607.96499
2016-02-26, 1, wei_ruo, 8.45, 6.81, -1.02, 6.88, 6.99, 7.02, 6.56, 77806.97, 53065984, 1.87, 6.69, 0.89, 809.7868
2016-02-29, 1, wei_ruo, 8.41, 6.22, -8.66, 6.81, 6.77, 6.81, 6.15, 82798.95, 52427751, 1.99, 9.69, 0.92, 960.17694
2016-03-01, 1, wei_ruo, 8.38, 6.40, 2.89, 6.22, 6.29, 6.46, 6.21, 60830.46, 38581871, 1.46, 4.02, 0.70, 1317.50917
2016-03-02, 1, wei_ruo, 8.34, 6.81, 6.41, 6.40, 6.44, 6.90, 6.37, 96397.31, 63734738, 2.32, 8.28, 1.13, 657.58896
2016-03-03, 1, wei_ruo, 8.31, 6.88, 1.03, 6.81, 6.81, 7.04, 6.78, 89267.95, 61682169, 2.14, 3.82, 1.01, 2811.4059
2016-03-04, 1, wei_ruo, 8.28, 6.73, -2.18, 6.88, 6.82, 6.95, 6.40, 74592.99, 50187436, 1.79, 7.99, 0.92, 2798.88105
2016-03-07, 1, wei_ruo, 8.26, 7.04, 4.61, 6.73, 6.73, 7.04, 6.72, 79416.25, 55161376, 1.91, 4.75, 0.98, 2619.23599
2016-03-08, 1, wei_ruo, 8.23, 7.23, 2.70, 7.04, 7.00, 7.24, 6.70, 100127.79, 69582058, 2.41, 7.67, 1.25, 857.79881
2016-03-10, 1, wei_ruo, 8.20, 6.82, -1.59, 6.93, 6.94, 7.02, 6.79, 35252, 24303721, 0.85, 3.32, 0.43, 918.98417
2016-03-14, 1, wei_ruo, 8.17, 7.08, 5.04, 6.74, 6.88, 7.18, 6.85, 69300.79, 49024103, 1.66, 4.90, 1.11, 2545.34602
2016-03-15, 1, wei_ruo, 8.16, 7.02, -0.85, 7.08, 7.03, 7.16, 6.98, 40332.5, 28500385, 0.97, 2.54, 0.67, 2035.43615
2016-03-16, 1, wei_ruo, 8.13, 7.22, 2.85, 7.02, 7.22, 7.32, 7.06, 92971.72, 66936114, 2.23, 3.70, 1.92, 632.43008
2016-03-17, 2, qing_du, 8.12, 7.42, 2.77, 7.22, 7.18, 7.48, 7.14, 95786.53, 70177232, 2.30, 4.71, 1.79, 815.60016
2016-03-18, 2, qing_du, 8.10, 7.58, 2.16, 7.42, 7.35, 7.60, 7.35, 109271.69, 82177191, 2.63, 3.37, 1.67, 842.34405
2016-03-21, 3, zhong_du, 8.09, 7.69, 1.45, 7.58, 7.61, 7.73, 7.52, 124352.55, 94475069, 2.99, 2.77, 1.53, 706.02798
2016-03-22, 3, zhong_du, 8.08, 7.59, -1.30, 7.69, 7.58, 7.78, 7.54, 84183.01, 64477152, 2.02, 3.12, 0.91, 3499.37892
2016-03-23, 4, gao_du, 8.07, 7.60, 0.13, 7.59, 7.55, 7.68, 7.46, 60367.72, 45724145, 1.45, 2.90, 0.60, 2618.40701
2016-03-24, 4, gao_du, 8.06, 7.40, -2.63, 7.60, 7.51, 7.53, 7.39, 57655.5, 42993979, 1.39, 1.84, 0.61, 1080.02281
2016-03-25, 4, gao_du, 8.05, 7.68, 3.78, 7.40, 7.38, 7.75, 7.37, 105396.05, 80359603, 2.53, 5.14, 1.21, 4594.33794
2016-03-28, 4, gao_du, 8.04, 7.91, 2.99, 7.68, 7.68, 7.98, 7.68, 149225.38, 117441645, 3.58, 3.91, 1.73, 2493.62898
2016-03-29, 4, gao_du, 8.04, 8.01, 1.26, 7.91, 7.82, 8.08, 7.78, 186357.05, 147866346, 4.48, 3.79, 2.04, 799.0799
2016-03-30, 5, qiang_lie, 8.04, 8.25, 3.00, 8.01, 8.06, 8.30, 8.01, 124723.35, 101946873, 3.00, 3.62, 1.12, 1283.21505
2016-03-31, 5, qiang_lie, 8.06, 8.33, 0.97, 8.25, 8.28, 8.80, 8.23, 149187.23, 127281049, 3.58, 6.91, 1.20, 1265.18297
2016-04-01, 5, qiang_lie, 8.07, 8.58, 3.00, 8.33, 8.50, 8.68, 8.26, 139988.51, 118665006, 3.36, 5.04, 0.98, 3177.00601
2016-04-05, 5, qiang_lie, 8.10, 8.81, 2.68, 8.58, 8.64, 8.98, 8.40, 157277.79, 136858722, 3.78, 6.76, 1.05, 651.81112
2016-04-06, 5, qiang_lie, 8.14, 9.31, 5.68, 8.81, 8.70, 9.35, 8.69, 181827.25, 165186342, 4.37, 7.49, 1.20, 468.26911
2016-04-07, 5, qiang_lie, 8.18, 8.95, -3.87, 9.31, 9.29, 9.29, 8.93, 161301.17, 146204189, 3.87, 3.87, 1.07, 1098.14382
2016-04-08, 5, qiang_lie, 8.20, 8.73, -2.46, 8.95, 8.81, 8.93, 8.53, 142147.03, 123567086, 3.41, 4.47, 0.90, 806.31995
2016-04-11, 5, qiang_lie, 8.21, 8.80, 0.80, 8.73, 8.85, 9.10, 8.75, 106578.21, 95204408, 2.56, 4.01, 0.68, 570.0171
2016-04-12, 5, qiang_lie, 8.22, 8.93, 1.48, 8.80, 8.76, 8.95, 8.71, 63565.19, 56000189, 1.53, 2.73, 0.42, 2625.34595
2016-04-13, 5, qiang_lie, 8.24, 8.96, 0.34, 8.93, 8.90, 9.08, 8.89, 76463.4, 68825480, 1.84, 2.13, 0.58, 986.85598
2016-04-14, 5, qiang_lie, 8.26, 9.14, 2.01, 8.96, 8.97, 9.18, 8.92, 87150.42, 79108276, 2.09, 2.90, 0.79, 840.45506
2016-04-15, 5, qiang_lie, 8.28, 9.25, 1.20, 9.14, 9.19, 9.27, 9.05, 88591.21, 81217746, 2.13, 2.41, 0.93, 3943.37797
2016-04-18, 5, qiang_lie, 8.31, 9.41, 1.73, 9.25, 9.19, 9.54, 9.08, 112552.54, 105118523, 2.70, 4.97, 1.33, 521.12007
2016-04-19, 5, qiang_lie, 8.34, 9.57, 1.70, 9.41, 9.41, 9.60, 9.21, 110351.05, 103537994, 2.65, 4.14, 1.29, 2605.62491
2016-04-20, 5, qiang_lie, 8.37, 9.05, -5.43, 9.57, 9.60, 9.68, 8.76, 160046.5, 146660474, 3.84, 9.61, 1.68, 2510.90503
2016-04-21, 5, qiang_lie, 8.38, 8.81, -2.65, 9.05, 8.99, 9.12, 8.72, 98925.58, 88913727, 2.38, 4.42, 0.89, 930.13
2016-04-22, 5, qiang_lie, 8.39, 8.69, -1.36, 8.81, 8.74, 8.79, 8.36, 123390.03, 105942301, 2.96, 4.88, 1.08, 1206.98309
2016-04-25, 5, qiang_lie, 8.39, 8.91, 2.53, 8.69, 8.60, 8.95, 8.45, 81788.62, 71977212, 1.96, 5.75, 0.68, 2084.35893
2016-04-26, 5, qiang_lie, 8.40, 9.01, 1.12, 8.91, 8.92, 9.05, 8.87, 64321.11, 57767984, 1.55, 2.02, 0.56, 397.45712
2016-04-27, 5, qiang_lie, 8.42, 9.02, 0.11, 9.01, 9.09, 9.33, 8.91, 104209.83, 95344290, 2.50, 4.66, 0.99, 786.47304
2016-04-28, 5, qiang_lie, 8.43, 9.01, -0.11, 9.02, 8.98, 9.05, 8.72, 109710.71, 97751496, 2.64, 3.66, 1.16, 916.16106
2016-04-29, 5, qiang_lie, 8.44, 9.08, 0.78, 9.01, 8.91, 9.16, 8.91, 75120.62, 68249979, 1.80, 2.77, 0.78, 794.40594
2016-05-03, 5, qiang_lie, 8.46, 9.29, 2.31, 9.08, 9.15, 9.32, 9.02, 71324.83, 65868914, 1.71, 3.30, 0.82, 825.39511
2016-05-04, 5, qiang_lie, 8.47, 9.21, -0.86, 9.29, 9.27, 9.39, 9.14, 74158.43, 68446947, 1.78, 2.69, 0.87, 477.07391
2016-05-05, 5, qiang_lie, 8.48, 9.31, 1.09, 9.21, 9.18, 9.38, 9.15, 63710.73, 59195803, 1.53, 2.50, 0.73, 593.52994
2016-05-06, 5, qiang_lie, 8.51, 8.99, -3.44, 9.31, 9.29, 9.33, 8.98, 150763.25, 138119527, 3.62, 3.76, 1.91, 1654.59609
2016-05-09, 5, qiang_lie, 8.50, 8.10, -9.90, 8.99, 8.80, 8.85, 8.09, 124704.8, 104942045, 3.00, 8.45, 1.43, 3297.09792
2016-05-10, 5, qiang_lie, 8.49, 7.95, -1.85, 8.10, 8.17, 8.19, 7.83, 130604.25, 103960938, 3.14, 4.44, 1.35, 766.63089
2016-05-11, 3, zhong_du, 8.46, 7.69, -3.27, 7.95, 8.05, 8.09, 7.50, 124760.92, 96525645, 3.00, 7.42, 1.15, 831.24495
2016-05-12, 3, zhong_du, 8.45, 7.64, -0.65, 7.69, 7.53, 7.70, 7.30, 73237.73, 54863947, 1.76, 5.20, 0.62, 2804.97313
2016-05-13, 2, qing_du, 8.44, 7.74, 1.31, 7.64, 7.64, 7.76, 7.48, 66662.97, 51049411, 1.60, 3.66, 0.55, 2965.26694
2016-05-16, 2, qing_du, 8.43, 8.01, 3.49, 7.74, 7.73, 8.10, 7.67, 76964.21, 60898711, 1.85, 5.56, 0.74, 14583.24003
2016-05-17, 2, qing_du, 8.42, 8.02, 0.12, 8.01, 8.01, 8.14, 7.93, 52220.82, 41910492, 1.25, 2.62, 0.55, 2611.92489
2016-05-18, 2, qing_du, 8.41, 7.82, -2.49, 8.02, 7.95, 8.00, 7.60, 91468.9, 71207157, 2.20, 4.99, 1.16, 2659.99198
2016-05-19, 2, qing_du, 8.40, 7.99, 2.17, 7.82, 7.82, 8.12, 7.70, 64583.05, 51458001, 1.55, 5.37, 0.90, 960.66117
2016-05-20, 2, qing_du, 8.39, 7.98, -0.13, 7.99, 7.92, 8.06, 7.65, 51422.67, 40805969, 1.24, 5.13, 0.73, 1636.53183
2016-05-23, 2, qing_du, 8.39, 8.18, 2.51, 7.98, 7.98, 8.20, 7.95, 61416.51, 49451744, 1.48, 3.13, 0.91, 784.77383
2016-05-24, 2, qing_du, 8.39, 8.14, -0.49, 8.18, 8.15, 8.35, 8.01, 55640.66, 45244669, 1.34, 4.16, 0.87, 756.4919
2016-05-25, 2, qing_du, 8.38, 8.11, -0.37, 8.14, 8.18, 8.30, 8.04, 65560.93, 53577782, 1.57, 3.19, 1.02, 921.17119
2016-05-26, 2, qing_du, 8.38, 8.15, 0.49, 8.11, 8.13, 8.19, 7.90, 50694.07, 40818014, 1.22, 3.58, 0.79, 523.05388
2016-05-27, 2, qing_du, 8.38, 8.30, 1.84, 8.15, 8.13, 8.31, 8.07, 56791.06, 46817614, 1.36, 2.94, 0.88, 1219.57397
2016-05-30, 2, qing_du, 8.38, 8.26, -0.48, 8.30, 8.25, 8.37, 8.10, 38297.35, 31640669, 0.92, 3.25, 0.60, 437.27708
2016-05-31, 2, qing_du, 8.38, 8.62, 4.36, 8.26, 8.30, 8.65, 8.26, 78166.37, 66221589, 1.88, 4.72, 1.22, 665.838
2016-06-01, 2, qing_du, 8.38, 8.64, 0.23, 8.62, 8.69, 8.69, 8.55, 68985.44, 59320939, 1.66, 1.62, 1.07, 910.69508
2016-06-02, 3, zhong_du, 8.38, 8.64, 0.00, 8.64, 8.60, 8.68, 8.50, 63487.9, 54618906, 1.53, 2.08, 0.99, 619.1721
2016-06-03, 3, zhong_du, 8.43, 8.69, 0.58, 8.64, 8.67, 8.71, 8.55, 57464.41, 49623857, 1.38, 1.85, 0.89, 724.11799
2016-06-06, 3, zhong_du, 8.43, 8.78, 1.04, 8.69, 8.68, 8.90, 8.58, 95302.57, 82512317, 2.29, 3.68, 1.48, 990.85402
2016-06-07, 3, zhong_du, 8.45, 9.00, 2.51, 8.78, 8.74, 9.05, 8.69, 106518.06, 95104717, 2.56, 4.10, 1.66, 499.59922
2016-06-08, 3, zhong_du, 8.45, 9.00, 0.00, 9.00, 9.00, 9.05, 8.87, 64591.01, 57860200, 1.55, 2.00, 1.01, 675.15922
2016-06-13, 3, zhong_du, 8.47, 8.94, -0.67, 9.00, 8.90, 9.35, 8.82, 133757.94, 121403038, 3.21, 5.89, 2.08, 547.26505
2016-06-14, 3, zhong_du, 8.49, 9.14, 2.24, 8.94, 8.94, 9.18, 8.86, 119988.93, 108212433, 2.88, 3.58, 1.87, 570.10412
2016-06-15, 4, gao_du, 8.54, 9.77, 6.89, 9.14, 9.00, 9.84, 8.93, 192610.86, 183493238, 4.63, 9.96, 3.00, 616.33801
2016-06-16, 4, gao_du, 8.64, 9.96, 1.94, 9.77, 9.68, 10.32, 9.66, 298717.61, 299992387, 7.18, 6.76, 4.65, 611.06992
2016-06-17, 5, qiang_lie, 8.69, 9.92, -0.40, 9.96, 10.00, 10.12, 9.78, 167523.09, 166222142, 4.02, 3.41, 2.61, 713.01317
2016-06-20, 5, qiang_lie, 8.73, 9.92, -0.40, 9.96, 10.00, 10.12, 9.78, 167523.09, 166222142, 4.02, 3.41, 2.61, 5276.71194
2016-06-21, 4, gao_du, 8.75, 8.95, -2.51, 9.18, 9.23, 9.23, 8.80, 162343.44, 146084462, 3.90, 4.68, 2.53, 2572.155
2016-06-22, 3, zhong_du, 8.75, 9.10, 1.68, 8.95, 8.93, 9.13, 8.85, 86025.96, 77665913, 2.07, 3.13, 1.34, 1121.01912
2016-06-23, 3, zhong_du, 8.76, 9.04, -0.66, 9.10, 9.08, 9.14, 8.91, 67905.81, 61051623, 1.63, 2.53, 1.06, 2714.8838
2016-06-24, 3, zhong_du, 8.75, 8.69, -3.87, 9.04, 9.00, 9.07, 8.41, 138074.8, 120582443, 3.32, 7.30, 2.15, 631.603
2016-06-27, 2, qing_du, 8.75, 8.79, 1.15, 8.69, 8.57, 8.79, 8.54, 93170.31, 81311007, 2.24, 2.88, 1.45, 965.734
2016-06-28, 2, qing_du, 8.75, 8.80, 0.11, 8.79, 8.71, 8.80, 8.56, 113023.45, 98100509, 2.72, 2.73, 1.76, 2719.37394
2016-06-30, 2, qing_du, 8.76, 8.79, -1.79, 8.95, 8.96, 8.96, 8.70, 130652.17, 114720129, 3.14, 2.91, 2.03, 1601.64905
2016-07-01, 2, qing_du, 8.76, 8.73, -0.68, 8.79, 8.78, 8.84, 8.70, 58180.79, 50868456, 1.40, 1.59, 0.91, 470.52908
2016-07-04, 2, qing_du, 8.76, 8.88, 1.72, 8.73, 8.63, 8.97, 8.62, 98060.56, 86263386, 2.36, 4.01, 1.53, 1051.39208
2016-07-05, 2, qing_du, 8.77, 9.15, 3.04, 8.88, 8.90, 9.17, 8.86, 173359.35, 155874877, 4.16, 3.49, 2.70, 39527.70591
2016-07-06, 3, zhong_du, 8.79, 9.28, 1.42, 9.15, 9.11, 9.35, 9.05, 185975.78, 172144652, 4.47, 3.28, 2.90, 18578.11499
2016-07-07, 3, zhong_du, 8.82, 9.49, 2.26, 9.28, 9.30, 9.50, 9.21, 172821.07, 162626609, 4.15, 3.13, 2.69, 3331.67696
2016-07-08, 3, zhong_du, 8.84, 9.47, -0.21, 9.49, 9.49, 9.51, 9.28, 124198.28, 116987172, 2.98, 2.42, 1.93, 907.87601
2016-07-11, 3, zhong_du, 8.85, 9.26, -2.22, 9.47, 9.40, 9.52, 9.24, 93834.22, 88096627, 2.25, 2.96, 1.46, 6377.12407
2016-07-12, 3, zhong_du, 8.86, 9.43, 1.84, 9.26, 9.21, 9.48, 9.17, 107926.22, 100937081, 2.59, 3.35, 1.69, 18051.86796
2016-07-14, 4, gao_du, 9.03, 10.03, 3.19, 9.72, 10.40, 10.69, 9.94, 417504.24, 427502755, 10.03, 7.72, 6.50, 6561.03897
2016-07-15, 4, gao_du, 9.09, 10.08, 0.50, 10.03, 9.81, 10.24, 9.81, 236842.55, 237939732, 5.69, 4.29, 3.69, 1507.87306
2016-07-18, 4, gao_du, 9.11, 10.04, -0.40, 10.08, 9.98, 10.15, 9.95, 114836.59, 115388535, 2.76, 1.98, 1.83, 2280.51782
2016-10-14, 5, qiang_lie, 9.45, 11.03, 9.97, 10.03, 10.93, 11.03, 10.40, 831462.67, 907089672, 19.97, 6.28, 13.00, 7636.14607
2016-10-17, 5, qiang_lie, 9.65, 10.70, -2.99, 11.03, 10.98, 11.29, 10.68, 553312.02, 605872055, 13.29, 5.53, 8.62, 739.47501
2016-10-18, 5, qiang_lie, 9.75, 10.75, -2.54, 11.03, 10.98, 11.29, 10.71, 419628, 461742020, 10.08, 5.26, 13.07, 1915.36307
2016-10-19, 5, qiang_lie, 9.90, , , , , , , , , , , , 466.19487
2016-10-20, 5, qiang_lie, 10.12, 12.15, 8.58, 11.19, 11.08, 12.29, 11.07, 470989.02, 553643900, 11.31, 10.90, 2.35, 588.907
2016-10-21, 5, qiang_lie, 10.26, 11.56, -4.86, 12.15, 11.94, 12.12, 11.40, 390439.9, 455568918, 9.38, 5.93, 1.38, 8111.866
2016-10-24, 5, qiang_lie, 10.32, 11.74, 1.56, 11.56, 11.50, 11.79, 11.47, 166495.77, 193520924, 4.00, 2.77, 0.48, 3381.43396
2016-10-25, 5, qiang_lie, 10.39, 11.89, 1.28, 11.74, 11.61, 11.95, 11.36, 194351.3, 226973972, 4.67, 5.03, 0.56, 1951.73502
2016-10-26, 5, qiang_lie, 10.47, 11.73, -1.35, 11.89, 11.77, 12.27, 11.70, 235867.1, 283962800, 5.67, 4.79, 0.67, 794.84797
2016-10-27, 5, qiang_lie, 10.51, 11.75, 0.17, 11.73, 11.55, 11.93, 11.53, 127671.47, 148910216, 3.07, 3.41, 0.36, 668.56289
2016-10-28, 5, qiang_lie, 10.58, 11.97, 1.96, 11.74, 11.69, 12.16, 11.69, 188587.25, 226417343, 4.53, 4.00, 0.54, 6678.62797
2016-10-31, 5, qiang_lie, 10.69, 12.60, 5.26, 11.97, 11.97, 12.86, 11.82, 239904.83, 298510689, 5.76, 8.69, 0.69, 582.9401
2016-11-01, 5, qiang_lie, 10.78, 12.78, 0.95, 12.66, 12.50, 13.09, 12.23, 194331.96, 247071004, 4.67, 6.79, 0.56, 506.18792
2016-11-02, 5, qiang_lie, 10.87, 12.94, 1.25, 12.78, 12.55, 13.19, 12.50, 181079.98, 233405249, 4.35, 5.40, 0.52, 463.45901
2016-11-03, 5, qiang_lie, 11.15, 14.23, 9.97, 12.94, 12.85, 14.23, 12.83, 395180.62, 551367666, 9.49, 10.82, 1.13, 580.71303
2016-11-04, 5, qiang_lie, 11.34, 13.97, -1.83, 14.23, 14.45, 14.58, 13.65, 277936.29, 390504481, 6.68, 6.54, 0.79, 632.69281
2016-11-07, 5, qiang_lie, 11.43, 13.93, -0.29, 13.97, 14.05, 14.05, 13.50, 153009.93, 209742094, 3.68, 3.94, 0.44, 587.744
2016-11-08, 5, qiang_lie, 11.54, 13.99, 0.43, 13.93, 13.86, 14.40, 13.86, 175023.23, 247457258, 4.20, 3.88, 0.50, 373.46196
2016-11-09, 5, qiang_lie, 11.63, 13.64, -2.50, 13.99, 14.01, 14.06, 13.50, 158673.68, 217374405, 3.81, 4.00, 0.45, 556.38885
2016-11-10, 5, qiang_lie, 11.69, 13.70, 0.44, 13.64, 13.75, 13.88, 13.55, 125170.58, 171261546, 3.01, 2.42, 0.36, 678.18999
2016-11-11, 5, qiang_lie, 11.74, 13.66, -0.07, 13.67, 13.60, 13.98, 13.55, 106510.21, 146491472, 2.56, 3.15, 0.30, 746.82283
2016-11-14, 5, qiang_lie, 11.82, 12.83, -6.08, 13.66, 13.56, 13.75, 12.56, 257139.89, 335973410, 6.18, 8.71, 0.74, 446.069
2016-11-15, 5, qiang_lie, 11.86, 13.01, 1.48, 12.82, 12.79, 13.19, 12.69, 132329.19, 171547342, 3.18, 3.90, 0.38, 511.86109
2016-11-16, 5, qiang_lie, 11.88, 13.00, -0.15, 13.02, 13.01, 13.28, 12.95, 44757.41, 58568271, 1.08, 2.53, 0.26, 412.09507
2016-11-17, 5, qiang_lie, 11.90, 12.91, 0.70, 12.82, 12.79, 13.19, 12.69, 97767.42, 126601450, 2.35, 3.90, 0.56, 1598.50597
2016-11-18, 5, qiang_lie, 11.92, 12.91, 0.70, 12.82, 12.79, 13.19, 12.69, 97767.42, 126601450, 2.35, 3.90, 0.56, 608.78897
2016-11-21, 5, qiang_lie, 11.93, 12.16, -2.17, 12.43, 12.32, 12.59, 12.10, 146903.29, 179988635, 3.53, 3.94, 0.42, 365.7949
2016-11-22, 5, qiang_lie, 11.98, 13.03, 7.15, 12.16, 12.30, 13.16, 12.20, 251818.91, 322815263, 6.05, 7.89, 0.72, 2903.40805
2016-11-23, 5, qiang_lie, 12.04, 13.09, 0.46, 13.03, 13.02, 13.44, 12.88, 192547.27, 254216302, 4.63, 4.30, 0.55, 501.52612
2016-11-24, 5, qiang_lie, 12.07, 12.90, -1.45, 13.09, 12.99, 13.23, 12.80, 157954.46, 205218838, 3.79, 3.28, 0.45, 512.429
2016-11-25, 5, qiang_lie, 12.10, 13.23, 2.56, 12.90, 12.95, 13.34, 12.66, 128136.82, 167115408, 3.08, 5.27, 0.37, 556.19097
2016-11-28, 5, qiang_lie, 12.12, 13.19, -0.30, 13.23, 13.35, 13.36, 13.05, 71036.18, 93569342, 1.71, 2.34, 0.20, 739.54797
2016-11-29, 5, qiang_lie, 12.15, 13.26, 0.61, 13.18, 13.23, 13.56, 13.02, 117739.11, 156896993, 2.83, 4.10, 0.34, 343.05191
2016-11-30, 5, qiang_lie, 12.17, 13.08, -1.36, 13.26, 13.15, 13.31, 13.02, 70891, 93112542, 1.70, 2.19, 0.20, 492.3501
2016-12-01, 5, qiang_lie, 12.20, 13.38, 2.29, 13.08, 13.20, 13.65, 13.09, 115833.35, 155942223, 2.78, 4.28, 0.33, 388.92484
2016-12-05, 5, qiang_lie, 12.22, 12.14, -5.45, 12.84, 12.30, 12.60, 12.03, 75973.03, 93609031, 1.83, 4.44, 0.22, 698.11797
2016-12-06, 4, gao_du, 12.23, 12.31, 1.40, 12.14, 12.18, 12.49, 12.18, 57195.93, 70736346, 1.37, 2.55, 0.16, 712.55183
2016-12-07, 3, zhong_du, 12.23, 12.49, 1.46, 12.31, 12.40, 12.55, 12.22, 50641.81, 62556453, 1.22, 2.68, 0.15, 483.10304
2016-12-08, 3, zhong_du, 12.23, 12.39, -0.80, 12.49, 12.49, 12.68, 12.30, 54723.62, 68324679, 1.31, 3.04, 0.16, 469.87295
2016-12-09, 3, zhong_du, 12.24, 12.54, 1.21, 12.39, 12.35, 12.72, 12.31, 83747.16, 105241461, 2.01, 3.31, 0.24, 576.74098
2016-12-12, 2, qing_du, 12.22, 11.35, -9.49, 12.54, 12.65, 12.65, 11.29, 136532, 161479363, 3.28, 10.85, 0.39, 485.42905
2016-12-13, 2, qing_du, 12.19, 11.16, -1.67, 11.35, 11.32, 11.35, 10.22, 100816.44, 111381195, 2.42, 9.96, 0.29, 886.33919
2016-12-14, 1, wei_ruo, 12.17, 10.98, -1.61, 11.16, 11.19, 11.20, 10.82, 66589.23, 73161835, 1.60, 3.41, 0.19, 458.15611
2017-02-07, 2, qing_du, 12.17, 11.93, -0.91, 12.04, 12.04, 12.04, 11.88, 22949, 27364799, 0.55, 1.33, 0.14, 3493.45088
2017-02-08, 2, qing_du, 12.17, 11.98, -0.50, 12.04, 12.04, 12.04, 11.88, 44864.21, 53633568, 1.08, 1.33, 0.13, 472.91398
2017-02-09, 2, qing_du, 12.17, 11.98, 0.00, 11.98, 11.98, 12.03, 11.93, 47383.3, 56809793, 1.14, 0.83, 0.17, 983.52289
2017-02-10, 2, qing_du, 12.16, 11.96, -0.66, 12.04, 12.06, 12.08, 11.70, 78843.8, 94126992, 1.89, 3.16, 0.23, 549.86286
2017-02-13, 2, qing_du, 12.17, 12.35, 3.26, 11.96, 11.97, 12.62, 11.80, 112319.73, 137601880, 2.70, 6.86, 0.32, 4638.06701
2017-02-14, 2, qing_du, 12.17, 12.34, -0.08, 12.35, 12.28, 12.52, 12.19, 62858.65, 77664864, 1.51, 2.67, 0.18, 2596.56405
2017-02-15, 2, qing_du, 12.17, 12.12, -1.78, 12.34, 12.27, 12.48, 12.11, 70020.22, 85960890, 1.68, 3.00, 0.20, 2578.98307
2017-02-16, 2, qing_du, 12.17, 12.08, -0.33, 12.12, 12.08, 12.36, 12.02, 46482.95, 56576013, 1.12, 2.81, 0.13, 804.31819
2017-02-17, 2, qing_du, 12.17, 12.02, -0.50, 12.08, 12.09, 12.30, 11.90, 61154.46, 73864605, 1.47, 3.31, 0.17, 489.35294
2017-02-20, 2, qing_du, 12.16, 12.02, -0.50, 12.08, 12.09, 12.30, 11.90, 61154.46, 73864605, 1.47, 3.31, 0.17, 599.70403
2017-02-21, 2, qing_du, 12.15, 11.78, 0.00, 11.78, 11.81, 11.87, 11.70, 54645.38, 64342074, 1.31, 1.44, 0.16, 969.06304
2017-02-22, 2, qing_du, 12.15, 11.80, 0.17, 11.78, 11.99, 11.99, 11.71, 51154.17, 60422811, 1.23, 2.38, 0.15, 4619.34304
2017-02-23, 1, wei_ruo, 12.14, 11.65, -1.27, 11.80, 11.81, 11.86, 11.50, 68196.62, 79564868, 1.64, 3.05, 0.19, 4365.98802
2017-02-24, 1, wei_ruo, 12.14, 11.58, -0.60, 11.65, 11.65, 11.69, 11.53, 10832.74, 12543196, 0.26, 1.37, 0.17, 887.60495
2017-02-27, 1, wei_ruo, 12.13, 11.58, -0.60, 11.65, 11.65, 11.69, 11.53, 10832.74, 12543196, 0.26, 1.37, 0.17, 979.31695
2017-02-28, 1, wei_ruo, 12.13, 11.74, 0.60, 11.67, 11.69, 11.94, 11.53, 57881.74, 67954211, 1.39, 3.51, 0.17, 616.88709
2017-03-01, 1, wei_ruo, 12.12, 11.81, 0.60, 11.74, 11.73, 11.94, 11.53, 81816.94, 96448611, 1.97, 3.49, 0.23, 559.22294
2017-03-02, 1, wei_ruo, 12.11, 11.63, -1.52, 11.81, 11.83, 11.83, 11.61, 64691.08, 75571332, 1.55, 1.86, 0.18, 608.31809
2017-03-03, 1, wei_ruo, 12.10, 11.40, -1.98, 11.63, 11.63, 11.68, 11.39, 49813.53, 57306944, 1.20, 2.49, 0.14, 728.20807
2017-03-06, 1, wei_ruo, 12.09, 11.34, -0.53, 11.40, 11.44, 11.46, 11.25, 64074.81, 72685100, 1.54, 1.84, 0.18, 2835.71601
2017-03-07, 1, wei_ruo, 12.08, 11.34, 0.09, 11.33, 11.34, 11.39, 11.30, 15919.73, 18070970, 0.38, 0.79, 0.09, 734.66492
2017-03-08, 1, wei_ruo, 12.07, 11.28, -0.44, 11.33, 11.34, 11.39, 11.26, 31742.73, 35975799, 0.76, 1.15, 0.09, 713.89413
2017-03-09, 1, wei_ruo, 12.06, 11.20, -0.71, 11.28, 11.35, 11.35, 11.09, 61323.72, 68671650, 1.47, 2.30, 0.18, 2652.01998
2017-03-10, 1, wei_ruo, 12.05, 11.09, -0.98, 11.20, 11.20, 11.24, 11.05, 34170.61, 38144660, 0.82, 1.70, 0.10, 669.07787
2017-03-13, 1, wei_ruo, 12.04, 11.30, 1.89, 11.09, 11.07, 11.34, 11.01, 60311.62, 67649807, 1.45, 2.98, 0.17, 643.81599
2017-03-14, 1, wei_ruo, 12.03, 11.42, 1.06, 11.30, 11.49, 11.61, 11.33, 75092.98, 86385896, 1.80, 2.48, 0.21, 552.64807
2017-03-15, 1, wei_ruo, 12.02, 11.32, -0.88, 11.42, 11.47, 11.47, 11.30, 36221.55, 41245531, 0.87, 1.49, 0.10, 560.1871
2017-03-16, 1, wei_ruo, 12.02, 11.44, 1.06, 11.32, 11.32, 11.64, 11.32, 39368.85, 45146293, 0.95, 2.83, 0.11, 2593.84799
2017-03-17, 1, wei_ruo, 12.01, 11.28, -1.40, 11.44, 11.46, 11.53, 11.27, 44827.01, 50936271, 1.08, 2.27, 0.13, 609.60484
2017-03-20, 1, wei_ruo, 12.00, 11.53, 2.22, 11.28, 11.25, 11.55, 11.24, 72008.66, 82507245, 1.73, 2.75, 0.21, 615.69285
2017-03-21, 1, wei_ruo, 11.99, 11.38, -1.30, 11.53, 11.52, 11.52, 11.33, 59297.65, 67675123, 1.42, 1.65, 0.17, 570.02091
2017-03-22, 1, wei_ruo, 11.98, 11.78, 3.51, 11.38, 11.37, 11.95, 11.37, 152385.28, 179347675, 3.66, 5.10, 0.44, 599.07198
2017-03-23, 1, wei_ruo, 11.98, 11.65, -1.10, 11.78, 11.81, 11.81, 11.49, 96430.41, 112127367, 2.32, 2.72, 0.28, 598.45901
2017-03-24, 1, wei_ruo, 11.97, 11.54, -0.94, 11.65, 11.60, 11.69, 11.36, 69838.63, 80139229, 1.68, 2.83, 0.20, 686.41019
2017-03-27, 1, wei_ruo, 11.96, 11.51, -0.26, 11.54, 11.45, 11.53, 11.40, 67328.34, 77184286, 1.62, 1.13, 0.19, 584.6889
2017-03-28, 1, wei_ruo, 11.95, 11.41, -0.87, 11.51, 11.50, 11.50, 10.80, 41340.79, 46884570, 0.99, 6.08, 0.12, 609.7331
2017-03-29, 1, wei_ruo, 11.94, 11.02, -3.42, 11.41, 11.39, 11.39, 10.96, 58173.33, 64723287, 1.40, 3.77, 0.17, 594.79403
2017-03-30, 1, wei_ruo, 11.89, 10.11, -8.26, 11.02, 11.02, 11.08, 10.00, 130325.48, 134993343, 3.13, 9.80, 0.37, 584.24187
2017-03-31, 1, wei_ruo, 11.86, 9.99, -1.19, 10.11, 10.06, 10.36, 9.83, 79944.71, 80550858, 1.92, 5.24, 0.23, 565.63997
2017-04-05, 1, wei_ruo, 11.82, 10.13, 1.40, 9.99, 10.41, 10.76, 10.05, 112529.01, 116358355, 2.70, 7.11, 0.32, 645.226
2017-04-06, 1, wei_ruo, 11.78, 11.14, 9.97, 10.13, 10.25, 11.14, 10.09, 143826.93, 152312775, 3.46, 10.37, 0.41, 604.95591
2017-04-07, 1, wei_ruo, 11.75, 10.75, -3.50, 11.14, 10.90, 11.09, 10.51, 142327.12, 153802775, 3.42, 5.21, 0.41, 602.54407
2017-04-10, 1, wei_ruo, 11.72, 10.91, 1.49, 10.75, 10.73, 11.49, 10.50, 131005.06, 144457378, 3.15, 9.21, 0.37, 612.68091
2017-04-11, 1, wei_ruo, 11.70, 11.10, 1.74, 10.91, 11.07, 11.45, 10.69, 125924.17, 139511094, 3.03, 6.97, 0.36, 572.75701
2017-04-12, 1, wei_ruo, 11.68, 10.47, -5.68, 11.10, 10.96, 11.01, 10.41, 87905.9, 94463576, 2.11, 5.41, 0.25, 609.85804
2017-04-13, 1, wei_ruo, 11.67, 10.67, 1.91, 10.47, 10.41, 10.87, 10.41, 46523.83, 49562262, 1.12, 4.39, 0.13, 648.05102
2017-04-14, 1, wei_ruo, 11.64, 10.07, -5.62, 10.67, 10.53, 10.68, 10.04, 82203.7, 84366674, 1.97, 6.00, 0.23, 643.6069
2017-04-17, 1, wei_ruo, 11.63, 10.04, -0.30, 10.07, 10.07, 10.21, 10.00, 38596.6, 38848592, 0.93, 2.09, 0.11, 626.18089
2017-04-18, 1, wei_ruo, 11.62, 9.95, -0.90, 10.04, 10.19, 10.19, 9.94, 29198.96, 29314342, 0.70, 2.49, 0.08, 711.4079
2017-04-19, 1, wei_ruo, 11.59, 9.66, -2.91, 9.95, 10.00, 10.00, 9.48, 58556.27, 56600626, 1.41, 5.23, 0.17, 528.61595
2017-04-20, 1, wei_ruo, 11.58, 9.62, -0.41, 9.66, 9.74, 9.78, 9.50, 27958.71, 26924880, 0.67, 2.90, 0.08, 2973.26207
2017-04-21, 1, wei_ruo, 11.56, 9.68, 0.62, 9.62, 9.55, 9.73, 9.55, 24963.07, 24050752, 0.60, 1.87, 0.07, 647.2888
2017-04-24, 1, wei_ruo, 11.55, 9.33, -3.62, 9.68, 9.68, 9.74, 9.22, 35037.2, 32902207, 0.84, 5.37, 0.10, 1579.3159
2017-04-25, 1, wei_ruo, 11.53, 9.27, -0.64, 9.33, 9.26, 9.49, 9.23, 30024, 28163328, 0.72, 2.79, 0.09, 808.82502
2017-04-26, 1, wei_ruo, 11.52, 9.34, 0.76, 9.27, 9.25, 9.48, 9.21, 27240.79, 25489983, 0.65, 2.91, 0.08, 810.25887
2017-04-27, 1, wei_ruo, 11.49, 9.25, -0.96, 9.34, 9.35, 9.35, 8.88, 40276.02, 36738600, 0.97, 5.03, 0.12, 725.91281
2017-04-28, 1, wei_ruo, 11.48, 9.21, -0.43, 9.25, 9.23, 9.33, 9.18, 21118.45, 19494659, 0.51, 1.62, 0.06, 659.21807
2017-05-02, 1, wei_ruo, 11.46, 8.99, -2.39, 9.21, 9.18, 9.21, 8.95, 38343.74, 34617776, 0.92, 2.82, 0.11, 711.37881
2017-05-03, 1, wei_ruo, 11.44, 9.00, 0.11, 8.99, 8.98, 9.11, 8.89, 31571.57, 28371483, 0.76, 2.45, 0.09, 2682.1959
2017-05-04, 1, wei_ruo, 11.41, 9.00, 0.00, 9.00, 8.99, 9.10, 8.81, 42935.49, 38612249, 1.03, 3.22, 0.12, 640.45596
2017-05-05, 1, wei_ruo, 11.40, 8.85, -1.67, 9.00, 8.99, 9.03, 8.84, 27763.53, 24806317, 0.67, 2.11, 0.08, 619.23099
2017-05-11, 1, wei_ruo, 11.22, 7.78, -0.77, 7.84, 7.84, 7.84, 7.23, 63825.38, 48393187, 1.53, 7.78, 0.18, 898.1061
2017-05-12, 1, wei_ruo, 11.20, 7.78, 0.00, 7.78, 7.77, 7.83, 7.64, 26954.74, 20895370, 0.65, 2.44, 0.08, 770.22505
2017-05-15, 1, wei_ruo, 11.17, 7.68, -1.29, 7.78, 7.77, 7.94, 7.66, 31506.01, 24569398, 0.76, 3.60, 0.09, 611.624
2017-05-17, 1, wei_ruo, 11.02, 8.60, 9.97, 7.82, 7.80, 8.60, 7.73, 177106.63, 151014525, 4.25, 11.13, 0.51, 629.87804
2017-05-18, 1, wei_ruo, 10.95, 8.33, -3.14, 8.60, 8.57, 8.69, 8.24, 106445.52, 89796209, 2.56, 5.23, 0.30, 569.88382
2017-05-19, 1, wei_ruo, 10.91, 8.18, -1.80, 8.33, 8.54, 8.54, 8.11, 73730.79, 60859126, 1.77, 5.16, 0.21, 628.35789
2017-05-22, 1, wei_ruo, 10.87, 7.83, -4.28, 8.18, 8.10, 8.18, 7.74, 54143.01, 43024351, 1.30, 5.38, 0.15, 605.33094
2017-05-23, 1, wei_ruo, 10.81, 7.29, -6.90, 7.83, 7.89, 7.90, 7.19, 72231.4, 53795837, 1.74, 9.07, 0.21, 897.58396
2017-05-24, 1, wei_ruo, 10.78, 7.37, 1.10, 7.29, 7.33, 7.49, 7.19, 35034.48, 25758541, 0.84, 4.12, 0.10, 610.63099
2017-05-25, 1, wei_ruo, 10.74, 7.47, 1.36, 7.37, 7.37, 7.50, 7.26, 50512.86, 37382871, 1.21, 3.26, 0.14, 2548.08998
2017-05-26, 1, wei_ruo, 10.71, 7.44, -0.40, 7.47, 7.45, 7.52, 7.39, 35224.4, 26236500, 0.85, 1.74, 0.10, 591.6388
2017-05-31, 1, wei_ruo, 10.66, 7.76, 4.30, 7.44, 7.57, 8.13, 7.54, 69503.18, 54165369, 1.67, 7.93, 0.20, 603.50895
2017-06-01, 1, wei_ruo, 10.63, 7.35, -5.28, 7.76, 7.75, 7.75, 7.31, 44985.84, 33648801, 1.08, 5.67, 0.13, 643.86487
2017-06-02, 1, wei_ruo, 10.59, 7.44, 1.22, 7.35, 7.25, 7.46, 7.18, 47608.31, 34949697, 1.14, 3.81, 0.14, 578.34101
2017-06-05, 1, wei_ruo, 10.56, 7.60, 2.15, 7.44, 7.45, 7.65, 7.42, 44231.58, 33312501, 1.06, 3.09, 0.13, 656.54397
2017-06-06, 1, wei_ruo, 10.54, 7.62, 0.26, 7.60, 7.56, 7.65, 7.51, 27188.36, 20630582, 0.65, 1.84, 0.08, 653.87297
2017-06-07, 1, wei_ruo, 10.49, 7.99, 4.86, 7.62, 7.58, 8.02, 7.57, 75209.52, 59122665, 1.81, 5.91, 0.21, 660.39205
2017-06-08, 1, wei_ruo, 10.46, 7.86, -1.63, 7.99, 8.03, 8.08, 7.83, 47524.89, 37853867, 1.14, 3.13, 0.14, 759.79304
2017-06-09, 1, wei_ruo, 10.39, 8.65, 10.05, 7.86, 8.48, 8.65, 8.35, 153857.45, 132658254, 3.70, 3.82, 0.44, 864.6431
2017-06-12, 1, wei_ruo, 10.30, 9.03, 4.39, 8.65, 8.75, 9.36, 8.68, 284412.46, 256052477, 6.83, 7.86, 0.81, 615.39912
2017-06-15, 1, wei_ruo, 10.24, 9.53, 5.54, 9.03, 9.00, 9.92, 8.25, 229132.03, 207295723, 5.50, 18.49, 0.66, 656.34894
2017-06-16, 1, wei_ruo, 10.20, 9.18, -3.67, 9.53, 9.20, 9.87, 9.10, 189605.31, 179226402, 4.55, 8.08, 0.54, 666.96596
2017-06-19, 2, qing_du, 10.17, 8.92, -2.83, 9.18, 9.13, 9.35, 8.79, 117061.79, 105293927, 2.81, 6.10, 0.33, 776.90697
2017-06-20, 2, qing_du, 10.14, 8.90, -0.22, 8.92, 8.91, 9.02, 8.80, 80075.33, 71155033, 1.92, 2.47, 0.23, 609.52306
2017-06-21, 2, qing_du, 10.12, 8.88, -0.22, 8.90, 8.91, 8.97, 8.68, 74998.85, 66102106, 1.80, 3.26, 0.21, 796.14806
2017-06-22, 1, wei_ruo, 10.10, 8.55, -3.72, 8.88, 8.91, 8.92, 8.53, 61021.17, 53531948, 1.47, 4.39, 0.17, 663.39707
2017-06-23, 1, wei_ruo, 10.07, 8.47, -0.94, 8.55, 8.55, 8.63, 8.26, 62767.16, 52576750, 1.51, 4.33, 0.18, 758.41594
2017-06-26, 1, wei_ruo, 10.04, 8.80, 3.90, 8.47, 8.43, 8.85, 8.41, 97169.1, 84631254, 2.33, 5.19, 0.28, 645.00594
2017-06-27, 1, wei_ruo, 10.02, 8.80, 0.00, 8.80, 8.84, 8.95, 8.70, 63083.12, 55665429, 1.52, 2.84, 0.18, 311.03396
2017-06-28, 1, wei_ruo, 9.99, 8.91, 1.25, 8.80, 8.85, 9.38, 8.74, 109848, 99077144, 2.64, 7.27, 0.31, 1157.16314
2017-06-29, 2, qing_du, 9.98, 8.90, -0.11, 8.91, 9.05, 9.10, 8.88, 59033.02, 52881308, 1.42, 2.47, 0.17, 8649.6141
2017-06-30, 2, qing_du, 9.96, 9.01, 1.24, 8.90, 8.95, 9.03, 8.78, 64996.57, 58005471, 1.56, 2.81, 0.19, 612.82897
2017-07-03, 2, qing_du, 9.96, 8.96, -0.55, 9.01, 9.00, 9.06, 8.92, 32715.75, 29313841, 0.79, 1.55, 0.09, 708.41908
2017-07-04, 2, qing_du, 9.95, 8.95, -0.11, 8.96, 8.98, 9.01, 8.88, 38064, 34046051, 0.91, 1.45, 0.11, 473.47116
2017-07-05, 2, qing_du, 9.94, 8.96, 0.11, 8.95, 9.00, 9.00, 8.89, 36990.94, 33082855, 0.89, 1.23, 0.11, 718.85896
2017-07-06, 2, qing_du, 9.93, 8.91, -0.56, 8.96, 8.97, 8.99, 8.82, 48384, 43110473, 1.16, 1.90, 0.14, 1013.98396
2017-07-07, 3, zhong_du, 9.92, 9.00, 1.01, 8.91, 8.93, 9.04, 8.85, 46465.07, 41519118, 1.12, 2.13, 0.13, 640.85889
2017-07-10, 3, zhong_du, 9.90, 9.29, 3.22, 9.00, 8.99, 9.78, 8.93, 109882.13, 103027358, 2.64, 9.44, 0.31, 979.88796
2017-07-11, 3, zhong_du, 9.89, 9.35, 0.65, 9.29, 9.22, 9.57, 9.17, 87403, 82167416, 2.10, 4.31, 0.25, 730.34596
2017-07-12, 3, zhong_du, 9.88, 9.71, 3.85, 9.35, 9.35, 9.75, 9.23, 141828.54, 135466235, 3.41, 5.56, 0.41, 692.95907
2017-07-13, 4, gao_du, 9.87, 9.69, -0.21, 9.71, 9.66, 9.84, 9.53, 170855.56, 165953614, 4.10, 3.19, 0.49, 3963.60779
2017-07-14, 4, gao_du, --, 9.45, -2.48, 9.69, 9.70, 9.71, 9.36, 55369.01, 52591185, 1.33, 3.61, 0.16, 611.67288
2017-07-17, 4, gao_du, --, 8.99, -4.87, 9.45, 9.45, 9.45, 8.51, 85185.48, 76360137, 2.05, 9.95, 0.24, 788.34605
2017-07-18, 4, gao_du, 9.84, 9.20, 2.34, 8.99, 9.09, 9.23, 8.93, 63482.34, 57697592, 1.53, 3.34, 0.18, 666.29195
2017-07-19, 4, gao_du, --, 9.39, 2.07, 9.20, 9.20, 9.45, 9.10, 63671.52, 59298766, 1.53, 3.80, 0.18, 604.59304
2017-07-20, 4, gao_du, --, 9.35, -0.43, 9.39, 9.39, 9.58, 9.29, 61513.47, 57880537, 1.48, 3.09, 0.18, 801.45216
2017-07-21, 4, gao_du, --, 9.35, 0.00, 9.35, 9.36, 9.47, 9.10, 63473.01, 58919269, 1.52, 3.96, 0.18, 442.28697
2017-07-24, 5, qiang_lie, 9.81, 9.18, -1.82, 9.35, 9.28, 9.37, 9.12, 46200.01, 42534427, 1.11, 2.67, 0.13, 617.70415
2017-07-25, 5, qiang_lie, --, 9.17, -0.11, 9.18, 9.24, 9.33, 9.10, 43595.01, 40221281, 1.05, 2.51, 0.12, 782.14121
2017-07-26, 5, qiang_lie, --, 9.75, 6.32, 9.17, 9.18, 10.00, 9.13, 176784.97, 169792213, 4.25, 9.49, 0.51, 749.74918
2017-07-27, 5, qiang_lie, 9.79, 9.67, -0.82, 9.75, 9.71, 9.90, 9.62, 85684.16, 83561201, 2.06, 2.87, 0.24, 807.29318
2017-07-28, 5, qiang_lie, 9.79, 9.54, -1.34, 9.67, 9.65, 9.80, 9.50, 58992.19, 56889948, 1.42, 3.10, 0.17, 706.10213
2017-07-31, 5, qiang_lie, 9.79, 9.52, -0.21, 9.54, 9.56, 9.65, 9.50, 45623.02, 43534498, 1.10, 1.57, 0.13, 844.81788
2017-08-01, 5, qiang_lie, 9.78, 9.62, 1.05, 9.52, 9.53, 9.79, 9.48, 59101.46, 57079076, 1.42, 3.26, 0.17, 1683.11191
2017-08-02, 5, qiang_lie, 9.78, 9.33, -3.01, 9.62, 9.65, 9.65, 9.30, 58636.01, 55497708, 1.41, 3.64, 0.17, 1070.64486
2017-08-03, 5, qiang_lie, 9.78, 9.47, 1.50, 9.33, 9.33, 9.55, 9.22, 36959, 34888846, 0.89, 3.54, 0.11, 717.66591
2017-08-04, 4, gao_du, 9.77, 9.47, 0.00, 9.47, 9.45, 9.57, 9.39, 32649.19, 30864539, 0.78, 1.90, 0.09, 721.91501
2017-08-07, 4, gao_du, 9.77, 9.29, -1.90, 9.47, 9.47, 9.49, 9.27, 35148.87, 32887063, 0.84, 2.32, 0.10, 721.50207
2017-08-08, 4, gao_du, 9.76, 9.09, -2.15, 9.29, 9.29, 9.38, 9.08, 40655.01, 37317791, 0.98, 3.23, 0.12, 582.19385
2017-08-09, 4, gao_du, 9.76, 9.17, 0.88, 9.09, 9.10, 9.22, 9.00, 46356.7, 42141031, 1.11, 2.42, 0.13, 758.61716
2017-08-10, 3, zhong_du, 9.75, 8.99, -1.96, 9.17, 9.15, 9.15, 8.95, 45623.7, 41155710, 1.10, 2.18, 0.13, 865.25297
2017-08-11, 3, zhong_du, 9.74, 9.02, 0.33, 8.99, 8.99, 9.08, 8.80, 35533.46, 31620852, 0.85, 3.11, 0.10, 581.69413
2017-08-14, 3, zhong_du, 9.74, 9.06, 0.44, 9.02, 9.00, 9.13, 8.95, 26273.96, 23818728, 0.63, 2.00, 0.08, 2827.34704
2017-08-15, 3, zhong_du, 9.74, 9.06, 0.00, 9.06, 9.14, 9.14, 9.03, 18891.41, 17147133, 0.45, 1.21, 0.05, 737.09106
2017-08-16, 3, zhong_du, 9.73, 9.02, -0.44, 9.06, 9.10, 9.10, 8.95, 23935.01, 21577038, 0.57, 1.66, 0.07, 617.08117
2017-08-17, 2, qing_du, 9.73, 9.15, 1.44, 9.02, 9.03, 9.19, 9.00, 27227.21, 24805953, 0.65, 2.11, 0.08, 12526.65901
2017-08-18, 2, qing_du, 9.72, 9.15, 0.00, 9.15, 9.10, 9.25, 9.00, 22499, 20579707, 0.54, 2.73, 0.06, 676.23997
2017-08-21, 3, zhong_du, 9.72, 9.26, 1.20, 9.15, 9.15, 9.31, 9.15, 37429.77, 34571540, 0.90, 1.75, 0.11, 783.41079
2017-08-22, 3, zhong_du, 9.72, 9.17, -0.97, 9.26, 9.25, 9.25, 9.16, 21137.92, 19420511, 0.51, 0.97, 0.06, 653.26619
2017-08-23, 3, zhong_du, 9.71, 9.01, -1.74, 9.17, 9.20, 9.20, 9.00, 26923.85, 24406786, 0.65, 2.18, 0.08, 781.85606
2017-08-24, 3, zhong_du, 9.71, 9.21, 2.22, 9.01, 9.06, 9.60, 8.90, 65261.49, 60113445, 1.57, 7.77, 0.19, 662.35495
2017-08-25, 3, zhong_du, 9.70, 9.12, -0.98, 9.21, 9.10, 9.23, 9.01, 35335.1, 32201350, 0.85, 2.39, 0.10, 754.62604
2017-08-28, 2, qing_du, 9.70, 9.13, 0.11, 9.12, 9.15, 9.20, 9.04, 32175.42, 29370529, 0.77, 1.75, 0.09, 819.09394
2017-08-29, 2, qing_du, 9.69, 9.23, 1.10, 9.13, 9.17, 9.35, 9.06, 53052.78, 48894639, 1.27, 3.18, 0.15, 625.64516
2017-08-30, 3, zhong_du, 9.68, 9.35, 1.30, 9.23, 9.28, 9.48, 9.17, 70119.72, 65472364, 1.68, 3.36, 0.20, 743.86311
2017-08-31, 3, zhong_du, 9.68, 9.25, -1.07, 9.35, 9.35, 9.37, 9.21, 33109.5, 30653976, 0.80, 1.71, 0.09, 795.7871
2017-09-01, 3, zhong_du, 9.68, 9.28, -0.75, 9.35, 9.35, 9.37, 9.21, 15512.5, 14394262, 0.37, 1.71, 0.09, 3730.31783
2017-09-04, 3, zhong_du, 9.67, 9.28, -0.75, 9.35, 9.35, 9.37, 9.21, 15512.5, 14394262, 0.37, 1.71, 0.09, 2665.74597
2017-09-05, 2, qing_du, 9.67, 9.28, -0.75, 9.35, 9.35, 9.37, 9.21, 15512.5, 14394262, 0.37, 1.71, 0.09, 890.15388
2017-09-06, 2, qing_du, 9.66, 9.28, -0.75, 9.35, 9.35, 9.37, 9.21, 15512.5, 14394262, 0.37, 1.71, 0.09, 838.70816
2017-09-07, 1, wei_ruo, 9.66, 9.28, -0.75, 9.35, 9.35, 9.37, 9.21, 15512.5, 14394262, 0.37, 1.71, 0.09, 978.27315
2017-09-08, 1, wei_ruo, 9.66, 9.28, -0.75, 9.35, 9.35, 9.37, 9.21, 15512.5, 14394262, 0.37, 1.71, 0.09, 646.79289
2017-09-11, 1, wei_ruo, 9.65, 9.01, -0.33, 9.04, 9.00, 9.07, 8.91, 20829, 18795606, 0.50, 1.77, 0.06, 651.74985
2017-09-12, 1, wei_ruo, 9.65, 8.92, -1.00, 9.01, 9.01, 9.01, 8.92, 29869.8, 26737081, 0.72, 1.00, 0.09, 825.56009
2017-09-13, 1, wei_ruo, 9.65, 9.03, 1.23, 8.92, 9.03, 9.05, 8.94, 15314.82, 13774224, 0.37, 1.23, 0.04, 1002.50793
2017-09-14, 1, wei_ruo, 9.64, 9.03, 0.00, 9.03, 9.00, 9.07, 8.99, 21807.01, 19671723, 0.52, 0.89, 0.06, 651.39008
2017-09-15, 1, wei_ruo, 9.64, 8.95, -0.89, 9.03, 9.00, 9.01, 8.92, 18290.84, 16384274, 0.44, 1.00, 0.05, 977.9551
2017-09-18, 1, wei_ruo, 9.64, 8.97, 0.22, 8.95, 8.95, 9.01, 8.87, 26809.13, 23939335, 0.64, 1.56, 0.08, 595.49999
2017-09-19, 1, wei_ruo, 9.63, 8.89, -0.89, 8.97, 8.95, 8.98, 8.88, 13822, 12323846, 0.33, 1.11, 0.04, 804.54278
2017-09-20, 1, wei_ruo, 9.63, 8.84, -0.56, 8.89, 8.86, 8.91, 8.80, 23035.99, 20383885, 0.55, 1.24, 0.07, 684.42202
2017-09-21, 1, wei_ruo, 9.63, 8.86, 0.23, 8.84, 8.83, 8.91, 8.83, 17549.91, 15571978, 0.42, 0.90, 0.05, 689.72301
2017-09-22, 1, wei_ruo, 9.62, 8.85, -0.11, 8.86, 8.85, 8.95, 8.80, 18708.42, 16587228, 0.45, 1.69, 0.05, 641.78801
2017-09-25, 1, wei_ruo, 9.62, 8.79, -0.68, 8.85, 8.82, 8.92, 8.73, 16281.69, 14363615, 0.39, 2.15, 0.05, 679.74401
2017-09-26, 1, wei_ruo, 9.61, 8.68, -1.25, 8.79, 8.80, 8.80, 8.60, 26230.04, 22807605, 0.63, 2.28, 0.07, 661.83186
2017-09-27, 1, wei_ruo, 9.59, 9.20, 5.99, 8.68, 8.63, 9.42, 8.55, 163228.97, 148335779, 3.92, 10.02, 0.47, 566.79201
2017-09-28, 1, wei_ruo, 9.59, 9.17, -0.33, 9.20, 9.23, 9.23, 8.96, 59017.15, 53778339, 1.42, 2.93, 0.17, 1800.05407
2017-09-29, 1, wei_ruo, 9.58, 9.14, -0.33, 9.17, 9.01, 9.18, 8.88, 40003.54, 36327506, 0.96, 3.27, 0.11, 763.1948
2017-10-10, 2, qing_du, 9.57, 9.10, 0.66, 9.04, 9.09, 9.11, 8.99, 21871.93, 19815516, 0.53, 1.33, 0.06, 562.91008
2017-10-12, 1, wei_ruo, 9.57, 9.15, 0.55, 9.10, 9.08, 9.20, 9.05, 32171.03, 29326831, 0.77, 1.65, 0.09, 652.68207
2017-10-13, 1, wei_ruo, 9.57, 9.07, -0.87, 9.15, 9.18, 9.18, 9.05, 20120.53, 18300382, 0.48, 1.42, 0.06, 1004.18401
2017-10-16, 1, wei_ruo, 9.56, 9.07, 0.00, 9.07, 9.08, 9.13, 9.03, 21172.25, 19211895, 0.51, 1.10, 0.06, 916.28289
2017-10-17, 1, wei_ruo, 9.56, 9.08, 0.11, 9.07, 9.07, 9.20, 9.02, 22064.64, 20070726, 0.53, 1.98, 0.06, 452.74019
2017-10-18, 1, wei_ruo, 9.56, 8.93, -1.65, 9.08, 9.09, 9.13, 8.80, 28696.7, 25874691, 0.69, 3.63, 0.08, 669.12198
2017-10-19, 1, wei_ruo, 9.55, 8.78, -1.68, 8.93, 8.95, 9.05, 8.75, 26491, 23453843, 0.64, 3.36, 0.08, 1002.74491
2017-10-20, 1, wei_ruo, 9.55, 8.86, 0.91, 8.78, 8.78, 8.91, 8.76, 8893.93, 7864048, 0.21, 1.71, 0.03, 623.61288
2017-10-23, 1, wei_ruo, 9.55, 8.85, -0.11, 8.86, 8.86, 8.93, 8.80, 8721.05, 7735356, 0.21, 1.47, 0.02, 840.52491
2017-10-24, 1, wei_ruo, 9.55, 8.85, 0.00, 8.85, 8.85, 8.94, 8.80, 13063.93, 11584411, 0.31, 1.58, 0.04, 801.301
2017-10-25, 1, wei_ruo, 9.55, 8.81, -0.45, 8.85, 8.85, 8.87, 8.79, 12482.25, 11013224, 0.30, 0.90, 0.04, 864.68911
2017-10-26, 1, wei_ruo, 9.54, 8.82, 0.11, 8.81, 8.85, 8.92, 8.76, 26325, 23232777, 0.63, 1.82, 0.08, 654.08802
2017-10-27, 1, wei_ruo, 9.53, 8.82, 0.00, 8.82, 8.92, 9.01, 8.70, 69258.52, 61358437, 1.66, 3.51, 0.20, 641.5081
2017-10-30, 1, wei_ruo, 9.50, 8.71, -1.25, 8.82, 8.70, 8.82, 8.59, 136926.88, 120463434, 3.29, 2.61, 0.39, 869.12394
2017-10-31, 1, wei_ruo, 9.49, 8.48, -2.64, 8.71, 8.59, 8.80, 8.47, 39233.85, 33559780, 0.94, 3.79, 0.11, 700.26898
2017-11-01, 1, wei_ruo, 9.44, 7.83, -7.67, 8.48, 8.49, 8.53, 7.80, 166800.91, 134180004, 4.01, 8.61, 0.48, 736.099
2017-11-02, 1, wei_ruo, 9.40, 7.53, -3.83, 7.83, 7.79, 7.79, 7.39, 86930.39, 65619370, 2.09, 5.11, 0.25, 599.34282
2017-11-03, 1, wei_ruo, 9.37, 7.49, -0.53, 7.53, 7.52, 7.65, 7.45, 50865.28, 38225108, 1.22, 2.66, 0.15, 756.90293
2017-11-06, 1, wei_ruo, 9.36, 7.50, -0.66, 7.55, 7.53, 7.54, 7.44, 7651, 5721575, 0.18, 1.32, 0.15, 61225.1749
2017-11-07, 1, wei_ruo, 9.35, 7.42, -0.54, 7.46, 7.47, 7.50, 7.40, 2831.03, 2107859, 0.07, 1.34, 0.13, 3204.03099
2017-11-08, 1, wei_ruo, 9.34, 7.50, -0.66, 7.55, 7.53, 7.54, 7.44, 12407.03, 9274302, 0.30, 1.32, 0.07, 2818.05205
2017-11-10, 1, wei_ruo, 9.32, 7.50, -0.66, 7.55, 7.53, 7.54, 7.44, 12407.03, 9274302, 0.30, 1.32, 0.07, 743.47997
2017-11-13, 1, wei_ruo, 9.30, 7.53, 2.31, 7.36, 7.43, 7.76, 7.43, 48958.51, 37223568, 1.18, 4.48, 1.96, 683.11501
2017-11-14, 1, wei_ruo, 9.28, 7.55, 0.27, 7.53, 7.48, 7.63, 7.42, 31933.78, 24003978, 0.77, 2.79, 1.09, 725.26002
2017-11-15, 1, wei_ruo, 9.27, 7.48, -0.93, 7.55, 7.57, 7.57, 7.43, 16608.76, 12432123, 0.40, 1.85, 0.54, 1803.39193
2017-11-16, 1, wei_ruo, 9.27, 7.46, -0.27, 7.48, 7.48, 7.55, 7.43, 17657.59, 13189689, 0.42, 1.60, 0.60, 679.73304
2017-11-17, 1, wei_ruo, 9.25, 7.11, -4.69, 7.46, 7.47, 7.49, 7.00, 41886.02, 30212017, 1.01, 6.57, 1.46, 1294.63601
2017-11-20, 1, wei_ruo, 9.23, 7.12, 0.14, 7.11, 7.16, 7.16, 6.85, 24261.94, 17131449, 0.58, 4.36, 0.77, 1086.77602
2017-11-21, 1, wei_ruo, 9.22, 7.19, 0.98, 7.12, 7.14, 7.21, 7.02, 31084.81, 22170116, 0.75, 2.67, 1.17, 640.45405
2017-11-22, 1, wei_ruo, 9.17, 6.93, -3.62, 7.19, 7.18, 7.18, 6.70, 88488.04, 61014246, 2.13, 6.68, 3.36, 662.22715
2017-11-23, 1, wei_ruo, 9.11, 6.53, -5.77, 6.93, 6.90, 6.90, 6.43, 89430.22, 59063578, 2.15, 6.78, 2.20, 609.05004
2017-11-24, 1, wei_ruo, 9.09, 6.57, 0.61, 6.53, 6.50, 6.70, 6.41, 42906.63, 27979276, 1.03, 4.44, 0.78, 2142.34185
2017-11-27, 1, wei_ruo, 9.05, 7.13, 8.52, 6.57, 6.58, 7.16, 6.50, 82514.43, 56628464, 1.98, 10.05, 1.49, 2650.28501
2017-11-28, 1, wei_ruo, 9.03, 6.94, -2.66, 7.13, 7.02, 7.04, 6.86, 36958.83, 25673227, 0.89, 2.52, 0.55, 712.16083
2017-11-29, 1, wei_ruo, 9.01, 6.93, -0.14, 6.94, 6.98, 6.99, 6.74, 38109, 26158806, 0.92, 3.60, 0.56, 684.00693
2017-11-30, 1, wei_ruo, 9.00, 6.79, -2.02, 6.93, 6.85, 6.89, 6.76, 13931.04, 9497430, 0.33, 1.88, 0.24, 120707.14998
2017-12-01, 1, wei_ruo, 8.99, 6.87, 1.18, 6.79, 6.82, 6.94, 6.77, 15727.04, 10812919, 0.38, 2.50, 0.37, 704.47302
2017-12-04, 1, wei_ruo, 8.97, 7.12, 3.64, 6.87, 6.90, 7.30, 6.69, 54272.25, 37961540, 1.30, 8.88, 1.45, 813.56382
2017-12-05, 1, wei_ruo, 8.95, 6.80, -4.49, 7.12, 7.10, 7.10, 6.75, 28171.1, 19450385, 0.68, 4.92, 0.89, 806.3252
2017-12-06, 1, wei_ruo, 8.94, 6.84, 0.59, 6.80, 6.76, 6.88, 6.75, 17722, 12081873, 0.43, 1.91, 0.59, 1162.97507
2017-12-07, 1, wei_ruo, 8.93, 6.92, 1.17, 6.84, 6.79, 6.97, 6.77, 19006, 13096125, 0.46, 2.92, 0.73, 646.01207
2017-12-08, 1, wei_ruo, 8.91, 7.18, 3.76, 6.92, 6.94, 7.27, 6.94, 48349.39, 34416043, 1.16, 4.77, 1.79, 655.2639
2017-12-11, 1, wei_ruo, 8.90, 7.28, 1.39, 7.18, 7.25, 7.53, 7.24, 45201.82, 33326227, 1.09, 4.04, 1.35, 795.609
2017-12-12, 1, wei_ruo, 8.89, 7.07, -2.88, 7.28, 7.35, 7.35, 7.06, 21751.18, 15526140, 0.52, 3.98, 0.69, 669.09504
2017-12-13, 1, wei_ruo, 8.88, 7.09, 0.28, 7.07, 7.09, 7.22, 6.99, 19548.01, 13867329, 0.47, 3.25, 0.64, 605.90792
2017-12-14, 1, wei_ruo, 8.87, 7.12, 0.42, 7.09, 7.07, 7.16, 7.05, 13882.06, 9871927, 0.33, 1.55, 0.45, 768.47386
2017-12-15, 1, wei_ruo, 8.86, 7.21, 1.26, 7.12, 7.07, 7.30, 7.01, 29222.06, 20976335, 0.70, 4.07, 0.98, 573.6599
2017-12-18, 1, wei_ruo, 8.85, 7.13, -1.11, 7.21, 7.21, 7.26, 6.95, 24446.06, 17331505, 0.59, 4.30, 0.94, 611.56702
2017-12-19, 1, wei_ruo, 8.84, 7.11, -0.28, 7.13, 7.10, 7.17, 7.03, 13926.02, 9894943, 0.33, 1.96, 0.64, 772.09401
2017-12-20, 1, wei_ruo, 8.84, 7.04, -0.98, 7.11, 7.08, 7.17, 7.02, 16820, 11940425, 0.40, 2.11, 0.83, 700.14405
2017-12-21, 1, wei_ruo, 8.83, 6.89, -2.13, 7.04, 7.03, 7.06, 6.88, 23536.1, 16370628, 0.57, 2.56, 1.20, 1499.17793
2017-12-22, 1, wei_ruo, 8.82, 6.80, -1.31, 6.89, 6.93, 6.93, 6.75, 22530, 15362348, 0.54, 2.61, 1.04, 741.73713
2017-12-25, 1, wei_ruo, 8.80, 6.66, -2.06, 6.80, 6.80, 6.82, 6.62, 21752, 14567140, 0.52, 2.94, 1.07, 2908.85806
2017-12-26, 1, wei_ruo, 8.80, 6.69, 0.45, 6.66, 6.68, 6.74, 6.63, 11794.45, 7875753, 0.28, 1.65, 0.60, 537.80007
2017-12-27, 1, wei_ruo, 8.79, 6.76, 1.05, 6.69, 6.69, 6.88, 6.64, 24466.3, 16547208, 0.59, 3.59, 1.27, 563.2081
2017-12-29, 1, wei_ruo, 8.77, 6.92, -0.43, 6.95, 6.95, 6.98, 6.87, 12064.75, 8365411, 0.29, 1.58, 0.66, 760.97202
2018-01-03, 1, wei_ruo, 8.76, 6.91, -0.14, 6.92, 6.88, 6.94, 6.88, 17309.71, 11944164, 0.42, 0.87, 1.06, 760.16998
2018-01-04, 1, wei_ruo, 8.75, 6.87, -0.58, 6.91, 6.89, 6.94, 6.86, 15748.06, 10861973, 0.38, 1.16, 0.90, 626.79601
2018-01-05, 1, wei_ruo, 8.74, 6.88, 0.15, 6.87, 6.90, 6.95, 6.85, 21267.1, 14638176, 0.51, 1.46, 1.36, 685.33993
2018-01-08, 1, wei_ruo, 8.73, 6.75, -1.89, 6.88, 6.88, 6.89, 6.69, 28868.01, 19453819, 0.69, 2.91, 1.81, 577.44479
2018-01-09, 1, wei_ruo, 8.72, 6.76, 0.15, 6.75, 6.75, 6.81, 6.69, 16439, 11090914, 0.39, 1.78, 0.86, 613.54399
2018-01-10, 1, wei_ruo, 8.71, 6.70, -0.89, 6.76, 6.76, 6.77, 6.64, 17024, 11388180, 0.41, 1.92, 0.85, 788.18703
2018-01-11, 1, wei_ruo, 8.70, 6.70, 0.00, 6.70, 6.71, 6.72, 6.60, 16072.87, 10690428, 0.39, 1.79, 0.81, 622.68996
2018-01-12, 1, wei_ruo, 8.70, 6.66, -0.60, 6.70, 6.69, 6.76, 6.65, 16042, 10747853, 0.39, 1.64, 0.80, 654.87289
2018-01-15, 1, wei_ruo, 8.69, 6.51, -2.25, 6.66, 6.66, 6.67, 6.50, 18111.01, 11941609, 0.44, 2.55, 0.96, 771.23022
2018-01-16, 1, wei_ruo, 8.68, 6.61, 1.54, 6.51, 6.51, 6.64, 6.51, 9946, 6549053, 0.24, 2.00, 0.59, 612.53405
2018-01-17, 1, wei_ruo, 8.68, 6.58, -0.45, 6.61, 6.64, 6.65, 6.51, 10569.68, 6932271, 0.25, 2.12, 0.68, 784.22594
2018-01-18, 1, wei_ruo, 8.67, 6.53, -0.76, 6.58, 6.55, 6.58, 6.52, 11004.68, 7191888, 0.26, 0.91, 0.78, 437.07514
2018-01-19, 1, wei_ruo, 8.67, 6.52, -0.15, 6.53, 6.56, 6.57, 6.51, 8493.68, 5548317, 0.20, 0.92, 0.65, 757.76315
2018-01-22, 1, wei_ruo, 8.66, 6.53, 0.15, 6.52, 6.50, 6.55, 6.42, 12839.77, 8345747, 0.31, 1.99, 1.10, 926.22185
2018-01-23, 1, wei_ruo, 8.65, 6.48, -0.77, 6.53, 6.54, 6.58, 6.47, 12381, 8064483, 0.30, 1.68, 1.17, 802.20103
2018-01-24, 1, wei_ruo, 8.64, 6.42, -0.93, 6.48, 6.48, 6.50, 6.39, 21577.01, 13862580, 0.52, 1.70, 1.95, 641.76106
2018-01-25, 1, wei_ruo, 8.63, 6.44, 0.31, 6.42, 6.41, 6.47, 6.41, 17090.01, 11004845, 0.41, 0.93, 1.29, 594.13004
2018-01-26, 1, wei_ruo, 8.63, 6.42, -0.31, 6.44, 6.42, 6.45, 6.39, 13033.94, 8359457, 0.31, 0.93, 0.90, 657.68695
2018-01-29, 1, wei_ruo, 8.62, 6.32, -1.56, 6.42, 6.43, 6.43, 6.31, 12369.82, 7877097, 0.30, 1.87, 0.80, 715.78503
2018-01-30, 1, wei_ruo, 8.56, 6.95, 9.97, 6.32, 6.29, 6.95, 6.28, 124645.02, 86404745, 2.99, 10.60, 8.15, 683.2571
2018-01-31, 1, wei_ruo, 8.50, 6.75, -2.88, 6.95, 6.94, 7.18, 6.70, 166423.18, 116281586, 4.00, 6.91, 4.41, 873.29698
2018-02-01, 1, wei_ruo, 8.42, 6.08, -9.93, 6.75, 6.43, 6.50, 6.08, 131393, 81175325, 3.16, 6.22, 1.97, 641.84713
2018-02-02, 1, wei_ruo, 8.37, 5.59, -8.06, 6.08, 5.95, 5.96, 5.47, 88186.16, 49520356, 2.12, 8.06, 0.98, 698.72093
2018-02-05, 1, wei_ruo, 8.34, 5.68, 1.61, 5.59, 5.47, 5.78, 5.30, 43236.34, 24185087, 1.04, 8.59, 0.41, 774.63484
2018-02-06, 1, wei_ruo, 8.28, 6.01, 5.81, 5.68, 5.59, 6.24, 5.38, 88790.25, 52255651, 2.13, 15.14, 0.80, 2527.54712
2018-02-07, 1, wei_ruo, 8.26, 6.02, 0.17, 6.01, 6.08, 6.17, 5.77, 43849.4, 26195684, 1.05, 6.66, 0.42, 976.55606
2018-02-08, 1, wei_ruo, 8.24, 5.95, -1.16, 6.02, 6.02, 6.09, 5.82, 35937.27, 21221568, 0.86, 4.49, 0.68, 699.9321
2018-02-09, 1, wei_ruo, 8.22, 5.90, -0.84, 5.95, 5.84, 5.95, 5.55, 37676.56, 21582219, 0.91, 6.72, 0.96, 768.15987
2018-02-12, 1, wei_ruo, 8.20, 6.03, 2.20, 5.90, 5.86, 6.09, 5.75, 36254.53, 21416239, 0.87, 5.76, 0.98, 891.39104
2018-02-13, 1, wei_ruo, 8.18, 6.01, -0.33, 6.03, 5.90, 6.02, 5.90, 41873.4, 24982039, 1.01, 1.99, 1.14, 638.47303
2018-02-14, 1, wei_ruo, 8.17, 6.04, 0.50, 6.01, 6.16, 6.19, 5.97, 18936.1, 11466953, 0.45, 3.66, 0.48, 736.4099
