2015-08-20, 4, gao_du, 14.54, 13.88, -8.50, 15.17, 14.81, 15.01, 13.80, 1005355.03, 1458847365, 3.20, 7.98, 0.63, 751.12391
2015-08-21, 3, zhong_du, 14.50, 12.77, -8.00, 13.88, 13.51, 14.07, 12.60, 1026411.6, 1367385508, 3.26, 10.59, 0.73, 1079.76294
2015-08-25, 3, zhong_du, 14.31, 10.34, -10.01, 11.49, 10.34, 10.87, 10.34, 985116.77, 1027402878, 3.13, 4.61, 0.84, 1186.34892
2015-08-26, 2, qing_du, 14.08, 9.31, -9.96, 10.34, 10.46, 10.79, 9.31, 1632187, 1642184304, 5.19, 14.31, 1.56, 808.89082
2015-10-29, 3, zhong_du, 12.41, 12.14, 0.66, 12.06, 12.22, 12.27, 11.94, 545816.64, 662653991, 1.74, 2.74, 0.53, 1022.52507
2015-10-30, 3, zhong_du, 12.40, 11.98, -1.32, 12.14, 12.15, 12.27, 11.82, 562275.95, 678133003, 1.79, 3.71, 0.61, 1003.02196
2015-11-02, 3, zhong_du, 12.39, 11.60, -3.17, 11.98, 11.67, 12.13, 11.54, 638835.15, 755562848, 2.03, 4.92, 0.82, 2989.80904
2015-11-03, 3, zhong_du, 12.38, 11.72, 1.03, 11.60, 11.66, 11.89, 11.51, 481592.63, 562978631, 1.53, 3.28, 0.70, 1069.98491
2015-11-04, 2, qing_du, 12.37, 12.33, 5.20, 11.72, 11.78, 12.35, 11.72, 813841.21, 984189265, 2.59, 5.38, 1.33, 1312.8469
2015-11-05, 3, zhong_du, 12.38, 12.53, 1.62, 12.33, 12.39, 12.85, 12.21, 1414575.83, 1779957811, 4.50, 5.19, 2.32, 1224.24316
2015-11-06, 3, zhong_du, 12.39, 12.61, 0.64, 12.53, 12.52, 12.65, 12.45, 1035589.95, 1299830680, 3.29, 1.60, 1.32, 1155.24411
2015-11-09, 3, zhong_du, 12.39, 12.63, 0.16, 12.61, 12.52, 12.75, 12.42, 1024480.86, 1292025531, 3.26, 2.62, 1.17, 1261.73806
2015-11-10, 3, zhong_du, 12.40, 12.67, 0.32, 12.63, 12.53, 12.98, 12.51, 1007978.37, 1283140937, 3.21, 3.72, 1.06, 396.14511
2015-11-11, 3, zhong_du, 12.40, 12.66, -0.08, 12.67, 12.80, 12.86, 12.57, 719125.8, 909525886, 2.29, 2.29, 0.68, 223.4571
2015-11-12, 3, zhong_du, 12.41, 12.34, -2.53, 12.66, 12.66, 12.68, 12.26, 796920.54, 990551822, 2.53, 3.32, 0.77, 238.48391
2015-11-13, 3, zhong_du, 12.41, 12.41, 0.57, 12.34, 12.29, 12.68, 12.17, 812398.71, 1011841006, 2.58, 4.13, 0.89, 1009.82404
2015-11-16, 3, zhong_du, 12.41, 12.35, -0.48, 12.41, 12.20, 12.36, 12.16, 545971.08, 669036487, 1.74, 1.61, 0.63, 896.08288
2015-11-17, 3, zhong_du, 12.41, 12.31, -0.32, 12.35, 12.41, 12.75, 12.27, 907973.97, 1138555466, 2.89, 3.89, 1.17, 1131.92415
2015-11-18, 2, qing_du, 12.41, 12.03, -2.27, 12.31, 12.31, 12.34, 12.00, 566032.62, 688939736, 1.80, 2.76, 0.75, 1212.61287
2015-11-19, 2, qing_du, 12.40, 12.15, 1.00, 12.03, 12.08, 12.19, 11.91, 431206.44, 519729005, 1.37, 2.33, 0.59, 16526.38292
2015-11-20, 2, qing_du, 12.40, 12.07, -0.66, 12.15, 12.16, 12.31, 11.98, 563468.57, 683976027, 1.79, 2.72, 0.86, 32095.45708
2015-11-23, 2, qing_du, 12.39, 11.98, -0.75, 12.07, 12.07, 12.17, 11.95, 503264.98, 606858291, 1.60, 1.82, 0.83, 17187.6049
2015-11-24, 1, wei_ruo, 12.38, 11.90, -0.67, 11.98, 11.99, 12.00, 11.71, 482113.82, 570831218, 1.53, 2.42, 0.81, 1097.21112
2015-11-25, 1, wei_ruo, 12.38, 12.00, 0.84, 11.90, 11.90, 12.11, 11.86, 418400.99, 502118746, 1.33, 2.10, 0.82, 918.17999
2015-11-26, 1, wei_ruo, 12.37, 11.89, -0.92, 12.00, 12.02, 12.11, 11.88, 468986.3, 562008773, 1.49, 1.92, 0.98, 1143.55302
2015-11-27, 1, wei_ruo, 12.34, 10.80, -9.17, 11.89, 11.85, 11.90, 10.70, 888889.87, 1005480603, 2.83, 10.09, 1.82, 1233.27112
2015-11-30, 1, wei_ruo, 12.30, 10.57, -2.13, 10.80, 10.82, 10.92, 10.00, 591364.02, 621985664, 1.88, 8.52, 1.07, 864.02893
2015-12-01, 1, wei_ruo, 12.27, 10.99, 3.97, 10.57, 10.80, 11.33, 10.72, 678329.82, 748473417, 2.16, 5.77, 1.19, 1569.77487
2015-12-02, 1, wei_ruo, 12.25, 11.17, 1.64, 10.99, 10.87, 11.24, 10.75, 516813.29, 567587822, 1.64, 4.46, 0.85, 943.76707
2015-12-03, 1, wei_ruo, 12.25, 11.19, 0.18, 11.17, 11.12, 11.27, 11.06, 405159.05, 452069234, 1.29, 1.88, 0.64, 786.95607
2015-12-04, 1, wei_ruo, 12.22, 10.91, -2.50, 11.19, 11.14, 11.16, 10.81, 414959.67, 455685413, 1.32, 3.13, 0.67, 2452.6639
2015-12-07, 1, wei_ruo, 12.21, 10.98, 0.64, 10.91, 10.85, 11.00, 10.85, 295019.98, 322321709, 0.94, 1.37, 0.57, 2195.03307
2015-12-08, 1, wei_ruo, 12.19, 10.59, -3.55, 10.98, 10.94, 10.94, 10.58, 333464.23, 357181441, 1.06, 3.28, 0.72, 768.69988
2015-12-09, 1, wei_ruo, 12.18, 10.48, -1.04, 10.59, 10.56, 10.64, 10.45, 274062.05, 288428089, 0.87, 1.79, 0.70, 599.18404
2015-12-10, 1, wei_ruo, 12.16, 10.62, 1.34, 10.48, 10.40, 10.87, 10.40, 377670.62, 404293031, 1.20, 4.48, 1.10, 848.11401
2015-12-11, 1, wei_ruo, 12.15, 10.57, -0.47, 10.62, 10.58, 10.72, 10.52, 307108.78, 326593402, 0.98, 1.88, 0.91, 2849.22504
2015-12-14, 1, wei_ruo, 12.13, 10.98, 3.88, 10.57, 10.52, 11.00, 10.47, 355157.42, 383344016, 1.13, 5.01, 1.12, 855.52788
2015-12-15, 1, wei_ruo, 12.12, 10.91, -0.64, 10.98, 11.00, 11.08, 10.85, 286817.91, 313952290, 0.91, 2.09, 0.87, 928.3011
2015-12-16, 1, wei_ruo, 12.11, 10.86, -0.46, 10.91, 10.98, 10.99, 10.83, 218546.91, 238283287, 0.70, 1.47, 0.68, 856.06813
2015-12-17, 1, wei_ruo, 12.10, 11.00, 1.29, 10.86, 10.95, 11.15, 10.92, 415854.29, 459129150, 1.32, 2.12, 1.35, 849.27893
2015-12-18, 1, wei_ruo, 12.09, 10.93, -0.64, 11.00, 10.98, 11.14, 10.86, 320946.56, 353053511, 1.02, 2.55, 1.01, 786.0651
2015-12-21, 1, wei_ruo, 12.07, 11.17, 2.20, 10.93, 10.97, 11.26, 10.97, 460369.7, 512753004, 1.46, 2.65, 1.44, 1291.83602
2015-12-22, 1, wei_ruo, 12.06, 11.12, -0.45, 11.17, 11.17, 11.17, 10.99, 335139.7, 370568111, 1.07, 1.61, 0.98, 876.42503
2015-12-23, 1, wei_ruo, 12.05, 11.17, 0.45, 11.12, 11.17, 11.32, 11.11, 581456.22, 651496469, 1.85, 1.89, 1.66, 768.77093
2015-12-24, 1, wei_ruo, 12.04, 10.99, -1.61, 11.17, 11.12, 11.20, 10.88, 325273.73, 358095203, 1.03, 2.86, 0.77, 2705.21092
2015-12-25, 1, wei_ruo, 12.03, 10.95, -0.36, 10.99, 11.04, 11.07, 10.90, 232775.63, 255164759, 0.74, 1.55, 0.58, 834.94496
2015-12-28, 1, wei_ruo, 12.01, 10.67, -2.56, 10.95, 11.00, 11.03, 10.64, 350321.8, 380041987, 1.11, 3.56, 0.91, 927.104
2015-12-29, 1, wei_ruo, 12.00, 10.70, 0.28, 10.67, 10.70, 10.74, 10.55, 201955.02, 214687510, 0.64, 1.78, 0.55, 2886.76405
2015-12-30, 1, wei_ruo, 11.99, 10.83, 1.21, 10.70, 10.72, 10.84, 10.60, 253777.25, 271428831, 0.81, 2.24, 0.70, 2860.672
2015-12-31, 1, wei_ruo, 11.99, 10.64, -1.75, 10.83, 10.83, 10.85, 10.63, 178092.03, 190990363, 0.57, 2.03, 0.49, 1344.66314
2016-01-04, 1, wei_ruo, 11.97, 9.63, -9.49, 10.64, 10.58, 10.62, 9.61, 247716.05, 252771926, 0.79, 9.49, 1.05, 2773.247
2016-01-05, 1, wei_ruo, 11.94, 9.57, -0.62, 9.63, 9.40, 9.86, 9.20, 461196.78, 439748853, 1.47, 6.85, 1.26, 846.99893
2016-01-06, 1, wei_ruo, 11.92, 9.74, 1.78, 9.57, 9.65, 9.77, 9.58, 252135.32, 244393234, 0.80, 1.99, 0.69, 977.60201
2016-01-07, 1, wei_ruo, 11.91, 8.93, -8.32, 9.74, 9.61, 9.61, 8.86, 68602.18, 63388263, 0.22, 7.70, 1.50, 760.49685
2016-01-08, 1, wei_ruo, 11.91, 9.05, 1.34, 8.93, 9.26, 9.37, 8.60, 338698.52, 307171793, 1.08, 8.62, 0.93, 932.81412
2016-01-11, 1, wei_ruo, 11.90, 8.47, -6.41, 9.05, 9.00, 9.29, 8.37, 492735.71, 436563236, 1.57, 10.17, 1.35, 1290.78722
2016-01-12, 1, wei_ruo, 11.87, 8.48, 0.12, 8.47, 8.62, 8.68, 8.31, 255543.38, 216875013, 0.81, 4.37, 0.70, 934.88503
2016-01-13, 1, wei_ruo, 11.84, 8.33, -1.77, 8.48, 8.67, 8.70, 8.32, 249811.08, 213627147, 0.79, 4.48, 0.68, 1359.43198
2016-01-14, 1, wei_ruo, 11.81, 8.54, 2.52, 8.33, 8.27, 8.55, 8.00, 320564.03, 265806789, 1.02, 6.60, 0.88, 724.49803
2016-01-15, 1, wei_ruo, 11.77, 8.11, -5.04, 8.54, 8.45, 8.54, 8.00, 279814.9, 231495054, 0.89, 6.32, 0.77, 3711.81321
2016-01-18, 1, wei_ruo, 11.75, 8.10, -0.12, 8.11, 8.00, 8.23, 7.91, 235974.44, 191193071, 0.75, 3.95, 0.65, 2509.37486
2016-01-19, 1, wei_ruo, 11.70, 8.57, 5.80, 8.10, 8.11, 8.66, 8.03, 477182.91, 403755007, 1.52, 7.78, 1.31, 827.82817
2016-01-20, 1, wei_ruo, 11.66, 8.35, -2.57, 8.57, 8.48, 8.59, 8.31, 295344.6, 249593274, 0.94, 3.27, 0.81, 778.04613
2016-01-21, 1, wei_ruo, 11.64, 8.03, -3.83, 8.35, 8.20, 8.40, 8.00, 261031.55, 214236247, 0.83, 4.79, 0.72, 815.77086
2016-01-22, 1, wei_ruo, 11.62, 8.12, 1.12, 8.03, 8.18, 8.20, 8.00, 183256.67, 148679583, 0.58, 2.49, 0.50, 788.65194
2016-01-26, 1, wei_ruo, 11.54, 7.76, -7.95, 8.43, 8.29, 8.37, 7.60, 379566.26, 305399605, 1.21, 9.13, 1.04, 16460.73699
2016-01-27, 1, wei_ruo, 11.49, 7.69, -0.90, 7.76, 7.83, 7.89, 7.21, 341761.47, 259820525, 1.09, 8.76, 0.94, 984.82203
2016-01-28, 1, wei_ruo, 11.46, 7.66, -0.39, 7.69, 7.68, 7.78, 7.52, 283404.66, 216624897, 0.90, 3.38, 0.78, 818.03298
2016-01-29, 1, wei_ruo, 11.43, 7.90, 3.13, 7.66, 7.65, 8.02, 7.62, 296940.58, 233762367, 0.94, 5.22, 0.81, 2823.95506
2016-02-01, 1, wei_ruo, 11.41, 7.71, -2.41, 7.90, 7.87, 7.90, 7.62, 145756.85, 113242250, 0.46, 3.54, 0.40, 895.35904
2016-02-02, 1, wei_ruo, 11.39, 7.87, 2.08, 7.71, 7.76, 7.92, 7.74, 192496.22, 151361973, 0.61, 2.33, 0.53, 914.65497
2016-02-03, 1, wei_ruo, 11.36, 7.78, -1.14, 7.87, 7.83, 7.86, 7.64, 186124.07, 144501758, 0.59, 2.80, 0.51, 1141.52312
2016-02-04, 1, wei_ruo, 11.34, 7.87, 1.16, 7.78, 7.79, 7.91, 7.79, 233146.51, 183366941, 0.74, 1.54, 0.64, 3610.569
2016-02-05, 1, wei_ruo, 11.32, 7.78, -1.14, 7.87, 7.90, 7.91, 7.76, 160445.58, 125829516, 0.51, 1.91, 0.44, 865.62204
2016-02-15, 1, wei_ruo, 11.30, 7.62, -2.06, 7.78, 7.48, 7.69, 7.42, 152441, 115623538, 0.48, 3.47, 0.42, 934.52382
2016-02-16, 1, wei_ruo, 11.27, 7.90, 3.67, 7.62, 7.76, 7.93, 7.63, 293106.14, 229928442, 0.93, 3.94, 0.80, 929.83198
2016-02-17, 1, wei_ruo, 11.20, 8.38, 6.08, 7.90, 7.96, 8.41, 7.91, 704111.13, 577893914, 2.24, 6.33, 1.93, 1544.13104
2016-02-18, 1, wei_ruo, 11.16, 8.31, -0.84, 8.38, 8.35, 8.45, 8.26, 447131.42, 373329285, 1.42, 2.27, 1.23, 951.6139
2016-02-19, 1, wei_ruo, 11.14, 8.36, 0.60, 8.31, 8.30, 8.48, 8.25, 242324.22, 203141802, 0.77, 2.77, 0.84, 812.38794
2016-02-22, 1, wei_ruo, 11.14, 8.49, 1.07, 8.40, 8.55, 8.59, 8.42, 347062.39, 294681927, 1.10, 2.02, 0.90, 862.03384
2016-02-23, 1, wei_ruo, 11.14, 8.34, -1.77, 8.49, 8.54, 8.54, 8.27, 264320.1, 221162122, 0.84, 3.18, 0.62, 1397.33195
2016-02-24, 1, wei_ruo, 11.11, 8.57, 2.76, 8.34, 8.33, 8.60, 8.23, 353996.52, 298310407, 1.13, 4.44, 0.84, 1068.41087
2016-02-25, 1, wei_ruo, 11.06, 7.71, -10.04, 8.57, 8.51, 8.54, 7.71, 509431.56, 411186753, 1.62, 9.68, 1.45, 2268.95905
2016-02-26, 1, wei_ruo, 11.03, 7.73, 0.26, 7.71, 7.80, 7.86, 7.63, 231170.09, 179257876, 0.74, 2.98, 0.64, 635.84781
2016-02-29, 1, wei_ruo, 11.00, 7.41, -4.14, 7.73, 7.77, 7.82, 7.25, 288840.82, 213975879, 0.92, 7.37, 0.85, 2885.30707
2016-03-01, 1, wei_ruo, 10.98, 7.50, 1.21, 7.41, 7.45, 7.54, 7.27, 227010.09, 168846495, 0.72, 3.64, 0.69, 763.79108
2016-03-02, 1, wei_ruo, 10.94, 7.89, 5.20, 7.50, 7.52, 7.90, 7.47, 365071.12, 282043680, 1.16, 5.73, 1.13, 583.29105
2016-03-03, 1, wei_ruo, 10.89,  time: 2016-03-04 05:21:06</center>
<div style="display:none;"><script charset="utf-8" src="//static.jiasule.com/static/js/http_error.js"></script></div>
</body>
</html>
<!-- a padding to disable MSIE and Chrome friendly error page -->
<!-- a padding to disable MSIE and Chrome friendly error page -->
<!-- a padding to disable MSIE and Chrome friendly error page -->
<!-- a padding to disable MSIE and Chrome friendly error page -->

, , , , , , , , , , , 34089.58483
2016-03-07, 1, wei_ruo, 10.82, 8.21, 0.74, 8.15, 8.26, 8.36, 8.11, 268049.57, 220669024, 0.85, 3.07, 0.69, 996.91415
2016-03-08, 1, wei_ruo, 10.80, 8.20, -0.12, 8.21, 8.14, 8.21, 7.87, 287874.75, 230492835, 0.92, 4.14, 0.75, 1028.71394
2016-03-10, 1, wei_ruo, 10.77, 7.85, -2.48, 8.05, 7.99, 8.08, 7.84, 122779.72, 97510436, 0.39, 2.98, 0.34, 1032.91082
2016-03-14, 1, wei_ruo, 10.73, 8.19, 4.73, 7.82, 7.90, 8.27, 7.88, 331039.68, 268381260, 1.05, 4.99, 1.67, 1035.96902
2016-03-15, 1, wei_ruo, 10.71, 8.10, -1.10, 8.19, 8.14, 8.19, 8.06, 183727.45, 149271726, 0.58, 1.59, 0.87, 758.01301
2016-03-16, 1, wei_ruo, 10.70, 8.13, 0.37, 8.10, 8.10, 8.19, 8.08, 229895.24, 187112030, 0.73, 1.36, 1.21, 2721.7679
2016-03-17, 2, qing_du, 10.67, 8.24, 1.35, 8.13, 8.18, 8.26, 8.08, 317538.6, 260213843, 1.01, 2.21, 1.63, 1129.03786
2016-03-18, 2, qing_du, 10.63, 8.34, 1.21, 8.24, 8.23, 8.43, 8.22, 554034.32, 461502805, 1.76, 2.55, 2.37, 2528.49913
2016-03-21, 3, zhong_du, 10.59, 8.49, 1.80, 8.34, 8.43, 8.59, 8.36, 536483.48, 454877432, 1.71, 2.76, 1.66, 983.51312
2016-03-22, 3, zhong_du, 10.57, 8.36, -1.53, 8.49, 8.43, 8.45, 8.34, 339232.53, 284756284, 1.08, 1.30, 0.93, 791.24904
2016-03-23, 3, zhong_du, 10.55, 8.37, 0.12, 8.36, 8.33, 8.40, 8.29, 218486.76, 182470259, 0.69, 1.32, 0.55, 755.68795
2016-03-24, 3, zhong_du, 10.54, 8.17, -2.39, 8.37, 8.30, 8.32, 8.16, 230835.59, 190525628, 0.73, 1.91, 0.59, 765.43307
2016-03-25, 3, zhong_du, 10.52, 8.24, 0.86, 8.17, 8.15, 8.25, 8.12, 196574.11, 160964798, 0.63, 1.59, 0.52, 1566.43605
2016-03-28, 3, zhong_du, 10.51, 8.21, -0.36, 8.24, 8.33, 8.39, 8.15, 225195.2, 186918470, 0.72, 2.91, 0.74, 2934.99207
2016-03-29, 3, zhong_du, 10.49, 7.99, -2.68, 8.21, 8.21, 8.24, 7.94, 234065.66, 188675058, 0.74, 3.65, 0.97, 850.5559
2016-03-30, 3, zhong_du, 10.47, 8.19, 2.50, 7.99, 8.05, 8.20, 8.05, 195864.47, 159344245, 0.62, 1.88, 0.89, 1196.92492
2016-03-31, 3, zhong_du, 10.46, 8.24, 0.61, 8.19, 8.29, 8.33, 8.21, 207491.65, 171471388, 0.66, 1.47, 0.96, 1206.53796
2016-04-01, 3, zhong_du, 10.40, 9.06, 9.95, 8.24, 8.24, 9.06, 8.20, 1152353.23, 1000096257, 3.67, 10.44, 5.44, 2238.15489
2016-04-05, 4, gao_du, 10.35, 9.22, 1.77, 9.06, 9.11, 9.34, 8.83, 1051123.18, 958039229, 3.34, 5.63, 2.61, 561.80692
2016-04-06, 5, qiang_lie, 10.32, 9.53, 3.36, 9.22, 9.02, 9.74, 9.01, 1099557.55, 1030875274, 3.50, 7.92, 1.94, 602.31805
2016-04-07, 5, qiang_lie, 10.30, 9.22, -3.25, 9.53, 9.41, 9.60, 9.18, 670060.89, 631390390, 2.13, 4.41, 0.90, 1107.10597
2016-04-08, 5, qiang_lie, 10.28, 9.09, -1.41, 9.22, 9.12, 9.19, 8.92, 432153.36, 390938947, 1.37, 2.93, 0.52, 720.49809
2016-04-11, 5, qiang_lie, 10.27, 9.36, 2.97, 9.09, 9.20, 9.61, 9.17, 507285.08, 476667565, 1.61, 4.84, 0.58, 975.986
2016-04-12, 5, qiang_lie, 10.26, 9.31, -0.53, 9.36, 9.33, 9.50, 9.19, 289587.22, 270472059, 0.92, 3.31, 0.39, 996.28878
2016-04-13, 5, qiang_lie, 10.24, 9.75, 4.73, 9.31, 9.40, 9.89, 9.40, 849389.03, 820241386, 2.70, 5.26, 1.42, 800.95792
2016-04-14, 5, qiang_lie, 10.24, 9.76, 0.10, 9.75, 9.73, 9.99, 9.72, 489014.21, 482251365, 1.56, 2.77, 0.89, 2601.00818
2016-04-15, 5, qiang_lie, 10.23, 9.85, 0.92, 9.76, 9.89, 9.99, 9.79, 433787.96, 429049071, 1.38, 2.05, 0.84, 679.20113
2016-04-18, 5, qiang_lie, 10.23, 9.76, -0.91, 9.85, 9.95, 9.95, 9.62, 388179.91, 379005453, 1.23, 3.35, 0.76, 469.3141
2016-04-19, 5, qiang_lie, 10.22, 9.84, 0.82, 9.76, 9.76, 9.98, 9.76, 334100.27, 330001819, 1.06, 2.25, 0.68, 2573.26508
2016-04-20, 5, qiang_lie, 10.21, 9.36, -4.88, 9.84, 9.85, 9.90, 9.06, 670801.69, 630695124, 2.13, 8.54, 1.34, 1555.76801
2016-04-21, 5, qiang_lie, 10.20, 9.11, -2.67, 9.36, 9.34, 9.41, 9.09, 267126.85, 247391008, 0.85, 3.42, 0.58, 1123.98195
2016-04-22, 5, qiang_lie, 10.19, 9.12, 0.11, 9.11, 9.06, 9.17, 8.81, 348298.4, 313404039, 1.11, 3.95, 0.83, 675.15898
2016-04-25, 5, qiang_lie, 10.18, 9.28, 1.75, 9.12, 9.06, 9.37, 8.92, 279375.17, 256758247, 0.89, 4.93, 0.70, 513.02719
2016-04-26, 5, qiang_lie, 10.17, 9.32, 0.43, 9.28, 9.24, 9.34, 9.22, 145591.49, 135246674, 0.46, 1.29, 0.38, 796.36407
2016-04-27, 5, qiang_lie, 10.17, 9.29, -0.32, 9.32, 9.33, 9.42, 9.23, 142139.79, 132452819, 0.45, 2.04, 0.42, 1048.65503
2016-04-28, 5, qiang_lie, 10.16, 9.09, -2.15, 9.29, 9.32, 9.33, 8.95, 218337.98, 198262769, 0.69, 4.09, 0.92, 781.05593
2016-04-29, 5, qiang_lie, 10.16, 9.12, 0.33, 9.09, 9.09, 9.22, 9.04, 119401.8, 109001236, 0.38, 1.98, 0.53, 3731.00996
2016-05-03, 5, qiang_lie, 10.15, 9.34, 2.41, 9.12, 9.16, 9.34, 9.07, 241708.94, 224229705, 0.77, 2.96, 1.34, 1745.79406
2016-05-04, 5, qiang_lie, 10.14, 9.50, 1.71, 9.34, 9.31, 9.65, 9.25, 435115.59, 414495130, 1.38, 4.28, 2.51, 633.99601
2016-05-05, 5, qiang_lie, 10.14, 9.55, 0.53, 9.50, 9.49, 9.68, 9.40, 246862.41, 235022872, 0.79, 2.95, 1.07, 994.68493
2016-05-06, 5, qiang_lie, 10.13, 9.19, -3.77, 9.55, 9.53, 9.66, 9.15, 268272.51, 250311630, 0.85, 5.34, 1.06, 2596.4129
2016-05-09, 5, qiang_lie, 10.12, 8.87, -3.48, 9.19, 9.18, 9.18, 8.62, 352692.56, 312069480, 1.12, 6.09, 1.34, 515.1391
2016-05-10, 4, gao_du, 10.11, 8.81, -0.68, 8.87, 8.87, 8.95, 8.71, 151732.65, 133790015, 0.48, 2.71, 0.49, 713.93085
2016-05-11, 3, zhong_du, 10.10, 8.77, -0.45, 8.81, 8.86, 8.93, 8.70, 148026.48, 130622697, 0.47, 2.61, 0.51, 1199.75281
2016-05-12, 3, zhong_du, 10.09, 8.94, 1.94, 8.77, 8.70, 8.96, 8.51, 277630.65, 241144359, 0.88, 5.13, 1.19, 2781.1799
2016-05-13, 3, zhong_du, 10.09, 8.85, -1.01, 8.94, 8.87, 8.95, 8.78, 150133.38, 133193889, 0.48, 1.90, 0.63, 1297.90592
2016-05-16, 3, zhong_du, 10.08, 8.88, 0.34, 8.85, 8.80, 8.90, 8.67, 179318.35, 157217379, 0.57, 2.60, 0.83, 14590.19685
2016-05-17, 3, zhong_du, 10.07, 8.82, -0.68, 8.88, 8.90, 8.98, 8.81, 163881.24, 146032724, 0.52, 1.91, 0.90, 939.2159
2016-05-18, 3, zhong_du, 10.06, 8.47, -3.97, 8.82, 8.75, 8.75, 8.32, 304476.35, 258729667, 0.97, 4.88, 1.66, 2676.43809
2016-05-19, 3, zhong_du, 10.05, 8.32, -1.77, 8.47, 8.41, 8.55, 8.28, 187992.18, 158348767, 0.60, 3.19, 0.87, 872.01595
2016-05-20, 2, qing_du, 10.04, 8.34, 0.24, 8.32, 8.25, 8.37, 8.20, 102158.11, 84691797, 0.32, 2.04, 0.52, 2285.29906
2016-05-23, 1, wei_ruo, 10.03, 8.48, 1.68, 8.34, 8.37, 8.50, 8.32, 156228.22, 131398215, 0.50, 2.16, 0.83, 1197.25895
2016-05-24, 1, wei_ruo, 10.03, 8.34, -1.65, 8.48, 8.49, 8.49, 8.31, 97544.28, 81576446, 0.31, 2.12, 0.53, 500.59509
2016-05-25, 1, wei_ruo, 10.02, 8.42, 0.96, 8.34, 8.47, 8.66, 8.41, 183282.15, 156419266, 0.58, 3.00, 1.00, 801.46694
2016-05-26, 1, wei_ruo, 10.01, 8.42, 0.00, 8.42, 8.38, 8.45, 8.21, 147755.7, 122996440, 0.47, 2.85, 0.81, 474.53403
2016-05-27, 1, wei_ruo, 10.00, 8.35, -0.83, 8.42, 8.42, 8.42, 8.29, 128368.18, 107228012, 0.41, 1.54, 0.70, 447.05987
2016-05-30, 1, wei_ruo, 10.00, 8.31, -0.48, 8.35, 8.33, 8.41, 8.24, 105443.13, 87760935, 0.34, 2.04, 0.58, 476.98903
2016-05-31, 1, wei_ruo, 9.98, 8.63, 3.85, 8.31, 8.34, 8.71, 8.33, 311193.84, 266770438, 0.99, 4.57, 1.70, 2626.894
2016-06-01, 1, wei_ruo, 9.97, 8.63, 0.00, 8.63, 8.63, 8.81, 8.59, 271346.31, 235975812, 0.86, 2.55, 1.48, 539.06107
2016-06-02, 1, wei_ruo, 9.97, 8.64, 0.12, 8.63, 8.63, 8.69, 8.56, 167293.68, 143927754, 0.53, 1.51, 0.91, 604.31099
2016-06-03, 1, wei_ruo, 9.95, 8.65, 0.12, 8.64, 8.66, 8.69, 8.57, 196204.1, 169591893, 0.62, 1.39, 1.07, 2607.76711
2016-06-06, 1, wei_ruo, 9.94, 8.64, -0.12, 8.65, 8.71, 8.74, 8.58, 204477.65, 177029921, 0.65, 1.85, 1.12, 2677.74487
2016-06-07, 1, wei_ruo, 9.93, 8.69, 0.58, 8.64, 8.70, 8.81, 8.65, 260681.12, 227690194, 0.83, 1.85, 1.42, 498.07692
2016-06-08, 1, wei_ruo, 9.92, 8.65, -0.46, 8.69, 8.67, 8.73, 8.61, 158566.66, 137498188, 0.50, 1.38, 0.87, 939.86702
2016-06-13, 1, wei_ruo, 9.91, 8.28, -4.28, 8.65, 8.57, 8.57, 8.25, 240997.64, 203189724, 0.77, 3.70, 1.32, 1066.53881
2016-06-14, 1, wei_ruo, 9.90, 8.20, -0.97, 8.28, 8.26, 8.33, 8.16, 183324.76, 150692470, 0.58, 2.05, 1.00, 1002.10214
2016-06-15, 1, wei_ruo, 9.89, 8.37, 2.07, 8.20, 8.14, 8.40, 8.10, 196046.76, 162916758, 0.62, 3.66, 1.07, 611.48095
2016-06-16, 1, wei_ruo, 9.88, 8.40, 0.36, 8.37, 8.38, 8.45, 8.25, 176685.46, 147210998, 0.56, 2.39, 0.97, 920.362
2016-06-17, 1, wei_ruo, 9.87, 8.32, -0.95, 8.40, 8.43, 8.53, 8.29, 218843.61, 183585513, 0.70, 2.86, 1.20, 663.65004
2016-06-20, 1, wei_ruo, 9.86, 8.32, -0.95, 8.40, 8.43, 8.53, 8.29, 218843.61, 183585513, 0.70, 2.86, 1.20, 1282.37295
2016-06-21, 1, wei_ruo, 9.86, 8.34, -0.24, 8.36, 8.43, 8.48, 8.30, 184940.14, 155299499, 0.59, 2.15, 1.01, 1243.26015
2016-06-22, 1, wei_ruo, 9.67, 8.24, 0.61, 8.19, 8.21, 8.24, 8.15, 112578.64, 92467414, 0.36, 1.10, 0.62, 748.27981
2016-06-23, 1, wei_ruo, 9.67, 8.24, 0.00, 8.24, 8.26, 8.35, 8.17, 167591.32, 138322095, 0.53, 2.18, 0.92, 2738.07502
2016-06-24, 1, wei_ruo, 9.66, 8.13, -1.33, 8.24, 8.22, 8.29, 8.01, 187796.62, 153079330, 0.60, 3.40, 1.03, 517.77196
2016-06-27, 1, wei_ruo, 9.65, 8.23, 1.23, 8.13, 8.09, 8.24, 8.06, 170437.59, 139283583, 0.54, 2.21, 0.93, 2382.39789
2016-06-28, 1, wei_ruo, 9.64, 8.22, -0.12, 8.23, 8.20, 8.24, 8.13, 203070.32, 166285900, 0.65, 1.34, 1.11, 1276.3741
2016-06-30, 1, wei_ruo, 9.61, 8.39, -0.94, 8.47, 8.51, 8.53, 8.36, 197531.63, 166254411, 0.63, 2.01, 1.08, 1017.52114
2016-07-01, 1, wei_ruo, 9.61, 8.37, -0.24, 8.39, 8.40, 8.44, 8.34, 130056.82, 109154929, 0.41, 1.19, 0.71, 905.29799
2016-07-04, 1, wei_ruo, 9.59, 8.50, 1.55, 8.37, 8.39, 8.59, 8.38, 362077.83, 308382740, 1.15, 2.51, 1.98, 844.78903
2016-07-05, 1, wei_ruo, 9.58, 8.67, 2.00, 8.50, 8.65, 8.74, 8.59, 451346.98, 390898652, 1.44, 1.76, 2.47, 24208.86612
2016-07-06, 2, qing_du, 9.57, 8.70, 0.35, 8.67, 8.64, 8.73, 8.53, 283441.37, 244892827, 0.90, 2.31, 1.55, 2889.56714
2016-07-07, 3, zhong_du, 9.56, 8.80, 1.15, 8.70, 8.76, 8.86, 8.56, 382273.47, 334296339, 1.22, 3.45, 2.09, 934.69095
2016-07-08, 3, zhong_du, 9.56, 8.71, -1.02, 8.80, 8.81, 8.82, 8.70, 204448.02, 178932145, 0.65, 1.36, 1.12, 648.78607
2016-07-11, 3, zhong_du, 9.55, 8.63, -0.92, 8.71, 8.73, 8.76, 8.62, 242553.44, 210938979, 0.77, 1.61, 1.33, 3317.09695
2016-07-12, 3, zhong_du, 9.54, 8.84, 2.43, 8.63, 8.62, 8.85, 8.62, 412010.63, 360426294, 1.31, 2.67, 2.26, 14862.82992
2016-07-14, 4, gao_du, 9.52, 8.89, -1.00, 8.98, 8.93, 8.94, 8.83, 266493.8, 236441405, 0.85, 1.22, 1.46, 754.62818
2016-07-15, 4, gao_du, 9.52, 8.86, -0.34, 8.89, 8.90, 8.96, 8.80, 174388.74, 154680077, 0.55, 1.80, 0.95, 2440.98282
2016-07-18, 4, gao_du, 9.52, 8.88, 0.23, 8.86, 8.88, 8.97, 8.82, 239750.55, 213986885, 0.76, 1.69, 1.34, 798.83909
2016-07-19, 4, gao_du, 9.51, 8.86, -0.45, 8.90, 8.88, 8.90, 8.75, 180761.4, 159504694, 0.57, 1.69, 0.99, 1283.06794
2016-07-20, 4, gao_du, 9.51, 8.82, -0.45, 8.86, 8.84, 8.91, 8.78, 158648.35, 140255883, 0.50, 1.47, 0.87, 545.151
2016-07-21, 4, gao_du, 9.51, 8.96, 1.59, 8.82, 8.85, 9.07, 8.85, 330157.98, 296448037, 1.05, 2.49, 1.80, 6184.98206
2016-07-22, 4, gao_du, 9.51, 8.85, -1.23, 8.96, 8.93, 9.09, 8.80, 298296.86, 267032078, 0.95, 3.24, 1.63, 756.71101
2016-07-25, 4, gao_du, 9.50, 8.88, 0.34, 8.85, 8.82, 8.96, 8.80, 159368.69, 141908355, 0.51, 1.81, 0.87, 4584.99599
2016-07-26, 4, gao_du, 9.50, 8.98, 1.13, 8.88, 8.88, 8.99, 8.86, 180462.24, 161352769, 0.57, 1.46, 0.99, 1048.527
2016-07-27, 4, gao_du, 9.49, 9.25, 3.01, 8.98, 9.04, 9.42, 8.93, 1092750.13, 1006502818, 3.48, 5.46, 5.97, 20074.88704
2016-07-28, 5, qiang_lie, 9.49, 9.46, 2.27, 9.25, 9.10, 9.52, 9.05, 860154.42, 802728059, 2.74, 5.08, 4.70, 16428.08914
2016-07-29, 5, qiang_lie, 9.48, 9.27, -2.01, 9.46, 9.47, 9.48, 9.21, 437739.02, 407839257, 1.39, 2.85, 2.39, 14568.17102
2016-08-01, 5, qiang_lie, 9.48, 9.25, -0.22, 9.27, 9.30, 9.34, 9.06, 401972.94, 368678095, 1.28, 3.02, 2.20, 2605.17907
2016-08-02, 5, qiang_lie, 9.48, 9.64, 4.22, 9.25, 9.22, 9.69, 9.18, 698619.18, 663341071, 2.22, 5.51, 3.82, 14223.42992
2016-08-03, 5, qiang_lie, 9.48, 9.49, -1.56, 9.64, 9.52, 9.68, 9.43, 577633.06, 552296696, 1.84, 2.59, 1.99, 1528.50294
2016-08-04, 5, qiang_lie, 9.48, 9.46, -0.32, 9.49, 9.43, 9.54, 9.34, 358082.53, 337461446, 1.14, 2.11, 1.04, 14505.898
2016-08-05, 5, qiang_lie, 9.48, 9.26, -2.11, 9.46, 9.55, 9.72, 9.21, 539227.13, 512834327, 1.72, 5.39, 1.42, 660.24017
2016-08-08, 5, qiang_lie, 9.48, 9.34, 0.86, 9.26, 9.26, 9.40, 9.22, 305232.97, 284105847, 0.97, 1.94, 0.66, 742.26403
2016-08-09, 5, qiang_lie, 9.48, 9.56, 2.36, 9.34, 9.30, 9.63, 9.27, 569758.35, 541785130, 1.81, 3.85, 1.15, 18122.0541
2016-08-10, 5, qiang_lie, 9.48, 9.60, 0.42, 9.56, 9.54, 9.99, 9.52, 793385.2, 775192319, 2.52, 4.92, 1.69, 18278.548
2016-08-11, 5, qiang_lie, 9.48, 9.32, -2.92, 9.60, 9.62, 9.66, 9.30, 451200.38, 425864850, 1.44, 3.75, 0.88, 557.18589
2016-08-15, 5, qiang_lie, 9.49, 9.75, 3.83, 9.39, 9.42, 9.81, 9.42, 740115.62, 716949670, 2.35, 4.15, 1.52, 571.14601
2016-08-16, 5, qiang_lie, 9.50, 9.99, 2.46, 9.75, 9.70, 10.19, 9.69, 994907.63, 998279568, 3.16, 5.13, 1.74, 2618.13903
2016-08-17, 5, qiang_lie, 9.51, 10.01, 0.20, 9.99, 9.90, 10.07, 9.82, 542166.77, 538564724, 1.72, 2.50, 0.82, 14542.87505
2016-08-18, 5, qiang_lie, 9.52, 9.94, -0.70, 10.01, 9.96, 10.11, 9.85, 513778.65, 511274636, 1.63, 2.60, 0.84, 14302.71101
2016-08-19, 5, qiang_lie, 9.52, 9.89, -0.50, 9.94, 9.91, 9.94, 9.70, 517952.31, 507649117, 1.65, 2.41, 0.83, 825.99688
2016-08-22, 5, qiang_lie, 9.53, 9.63, -2.63, 9.89, 9.87, 9.91, 9.61, 418391.57, 407606223, 1.33, 3.03, 0.63, 661.94296
2016-08-23, 5, qiang_lie, 9.53, 9.68, 0.52, 9.63, 9.63, 9.80, 9.55, 311681.92, 301624523, 0.99, 2.60, 0.52, 735.48412
2016-08-24, 5, qiang_lie, 9.53, 9.63, -0.52, 9.68, 9.70, 9.75, 9.59, 207629.57, 200668682, 0.66, 1.65, 0.45, 580.06287
2016-08-25, 5, qiang_lie, 9.53, 9.40, -2.39, 9.63, 9.58, 9.58, 9.32, 346074.58, 325961247, 1.10, 2.70, 0.88, 3538.04612
2016-08-26, 5, qiang_lie, 9.53, 9.58, 1.91, 9.40, 9.45, 9.65, 9.40, 265769.23, 253842330, 0.85, 2.66, 0.74, 534.307
2016-08-29, 5, qiang_lie, 9.53, 9.86, 2.92, 9.58, 9.70, 9.99, 9.62, 673926.85, 663861691, 2.14, 3.86, 2.17, 686.10787
2016-08-30, 5, qiang_lie, 9.54, 9.73, -1.32, 9.86, 9.89, 9.89, 9.68, 332838.1, 324978682, 1.06, 2.13, 0.92, 533.69689
2016-08-31, 5, qiang_lie, 9.54, 9.80, 0.72, 9.73, 9.73, 9.84, 9.70, 79885.24, 78189438, 0.25, 1.44, 1.22, 3478.60599
2016-09-01, 5, qiang_lie, 9.54, 9.44, -3.67, 9.80, 9.83, 9.84, 9.43, 425751.07, 408681408, 1.35, 4.18, 1.14, 638.62491
2016-09-02, 5, qiang_lie, 9.54, 9.80, 0.72, 9.73, 9.73, 9.84, 9.70, 79885.24, 78189438, 0.25, 1.44, 1.22, 4065.76395
2016-09-05, 4, gao_du, 9.54, 9.47, -0.21, 9.49, 9.55, 9.60, 9.46, 169999.84, 161771090, 0.54, 1.48, 0.45, 626.62816
2016-09-06, 4, gao_du, 9.54, 9.80, 0.72, 9.73, 9.73, 9.84, 9.70, 79885.24, 78189438, 0.25, 1.44, 1.22, 596.32206
2016-09-07, 4, gao_du, 9.54, 10.17, 5.50, 9.64, 9.68, 10.50, 9.67, 1413121.16, 1437349272, 4.49, 8.61, 3.77, 566.29205
2016-09-08, 4, gao_du, 9.54, 9.80, 0.72, 9.73, 9.73, 9.84, 9.70, 79885.24, 78189438, 0.25, 1.44, 1.22, 18737.20407
2016-09-09, 5, qiang_lie, 9.54, 9.80, 0.72, 9.73, 9.73, 9.84, 9.70, 79885.24, 78189438, 0.25, 1.44, 1.22, 643.98193
2016-09-12, 5, qiang_lie, 9.54, 9.80, 0.72, 9.73, 9.73, 9.84, 9.70, 79885.24, 78189438, 0.25, 1.44, 1.22, 2479.25591
2016-09-13, 5, qiang_lie, 9.54, 10.15, -0.59, 10.21, 10.30, 10.39, 10.02, 615054.35, 623477464, 1.96, 3.62, 1.64, 693.32886
2016-09-14, 5, qiang_lie, 9.54, 9.80, 0.72, 9.73, 9.73, 9.84, 9.70, 79885.24, 78189438, 0.25, 1.44, 1.22, 764.26411
2016-09-19, 5, qiang_lie, 9.54, 9.94, 0.40, 9.90, 9.92, 10.06, 9.92, 228408.81, 227688808, 0.73, 1.41, 0.61, 543.62392
2016-09-20, 5, qiang_lie, 9.54, 10.09, 1.51, 9.94, 10.03, 10.25, 10.01, 574836.56, 582633451, 1.83, 2.41, 1.53, 552.36006
2016-09-21, 4, gao_du, 9.54, 9.94, -1.49, 10.09, 10.05, 10.05, 9.92, 315534.51, 314284822, 1.00, 1.29, 0.84, 457.49211
2016-09-22, 4, gao_du, 9.54, 9.95, 0.00, 9.95, 10.05, 10.07, 9.92, 249847.26, 248850440, 0.79, 1.51, 0.67, 571.8689
2016-09-23, 4, gao_du, 9.54, 10.09, 1.41, 9.95, 9.97, 10.25, 9.95, 638264.85, 647203405, 2.03, 3.02, 1.70, 608.5639
2016-09-26, 4, gao_du, 9.54, 9.96, -1.29, 10.09, 10.05, 10.16, 9.93, 454882.44, 457305579, 1.45, 2.28, 1.21, 669.26408
2016-09-27, 4, gao_du, 9.54, 9.73, -2.31, 9.96, 9.85, 9.94, 9.52, 545432.71, 528939965, 1.73, 4.22, 1.45, 592.33499
2016-09-28, 3, zhong_du, 9.54, 9.71, -0.21, 9.73, 9.82, 9.82, 9.68, 189508.75, 184489106, 0.60, 1.44, 0.51, 63774.91689
2016-09-29, 3, zhong_du, 9.54, 9.68, -0.31, 9.71, 9.71, 9.78, 9.66, 179453.62, 174203499, 0.57, 1.24, 0.48, 628.69287
2016-09-30, 3, zhong_du, 9.54, 9.71, 0.31, 9.68, 9.70, 9.78, 9.65, 217180.2, 211271094, 0.69, 1.34, 0.58, 678.334
2016-10-10, 2, qing_du, 9.54, 9.93, 2.27, 9.71, 9.81, 9.94, 9.77, 300243.01, 296384061, 0.95, 1.75, 0.80, 636.49702
2016-10-11, 3, zhong_du, 9.54, 10.00, 0.70, 9.93, 9.95, 10.04, 9.88, 311616.65, 310940563, 0.99, 1.61, 0.83, 804.23284
2016-10-12, 3, zhong_du, 9.54, 9.93, -0.70, 10.00, 9.94, 10.01, 9.88, 205168.96, 203835801, 0.65, 1.30, 0.55, 392.60602
2016-10-13, 3, zhong_du, 9.54, 10.05, 1.21, 9.93, 9.90, 10.06, 9.89, 313127.23, 312284458, 1.00, 1.71, 0.83, 2149.26696
2016-10-14, 3, zhong_du, 9.67, 10.05, 0.00, 10.05, 10.00, 10.10, 9.98, 480155.37, 482309663, 1.53, 1.19, 1.28, 3964.83803
2016-10-17, 3, zhong_du, 9.68, 9.90, -1.49, 10.05, 10.08, 10.10, 9.90, 398497.08, 398935998, 1.27, 1.99, 1.06, 726.60708
2016-10-18, 3, zhong_du, 9.68, 10.17, 2.73, 9.90, 9.92, 10.19, 9.88, 525613.7, 529831870, 1.67, 3.13, 1.40, 498.19613
2016-10-19, 3, zhong_du, 9.69, , , , , , , , , , , , 446.10286
2016-10-20, 4, gao_du, 9.69, 10.15, 0.50, 10.10, 10.08, 10.23, 10.04, 375736.95, 381000330, 1.20, 1.88, 0.89, 594.76089
2016-10-21, 4, gao_du, 9.71, 10.24, 0.89, 10.15, 10.14, 10.45, 10.03, 689513.44, 709596895, 2.19, 4.14, 1.94, 2655.94912
2016-10-24, 4, gao_du, 9.74, 10.67, 4.30, 10.23, 10.30, 10.87, 10.22, 1186269.92, 1264596264, 3.77, 6.35, 2.74, 676.35703
2016-10-25, 5, qiang_lie, 9.75, 10.51, -1.50, 10.67, 10.59, 10.66, 10.47, 545579.56, 574888352, 1.74, 1.78, 1.26, 921.85307
2016-10-26, 5, qiang_lie, 9.77, 10.51, 0.00, 10.51, 10.53, 10.70, 10.46, 451000.27, 476736986, 1.43, 2.28, 1.04, 467.07201
2016-10-27, 5, qiang_lie, 9.77, 10.42, -0.86, 10.51, 10.51, 10.59, 10.39, 287083.89, 299843668, 0.91, 1.90, 0.66, 865.41414
2016-10-28, 4, gao_du, 9.78, 10.29, -1.15, 10.41, 10.40, 10.46, 10.27, 343601.86, 355162505, 1.09, 1.83, 0.79, 4529.20198
2016-10-31, 4, gao_du, 9.78, 10.26, -0.29, 10.29, 10.23, 10.32, 10.13, 220906.98, 225648935, 0.70, 1.85, 0.51, 574.38397
2016-11-01, 4, gao_du, 9.78, 10.27, 0.00, 10.27, 10.27, 10.33, 10.18, 221404.45, 226849536, 0.70, 1.46, 0.51, 519.22989
2016-11-02, 3, zhong_du, 9.79, 10.07, -1.95, 10.27, 10.25, 10.25, 10.04, 384098.26, 388801342, 1.22, 2.04, 0.88, 710.05297
2016-11-03, 3, zhong_du, 9.80, 10.30, 2.18, 10.08, 10.10, 10.44, 10.07, 498101.18, 511152166, 1.58, 3.67, 1.15, 474.34711
2016-11-04, 3, zhong_du, 9.80, 10.23, -0.68, 10.30, 10.26, 10.43, 10.20, 353055.47, 364679296, 1.12, 2.23, 0.82, 555.65095
2016-11-07, 3, zhong_du, 9.80, 10.14, -0.88, 10.23, 10.23, 10.27, 10.10, 228859.74, 232979275, 0.73, 1.66, 0.53, 626.24311
2016-11-08, 3, zhong_du, 9.81, 10.18, 0.39, 10.14, 10.19, 10.35, 10.14, 257444.72, 263097988, 0.82, 2.07, 0.59, 420.64214
2016-11-09, 3, zhong_du, 9.81, 10.05, -1.28, 10.18, 10.19, 10.21, 9.96, 409350.42, 412465004, 1.30, 2.46, 0.94, 549.45302
2016-11-10, 3, zhong_du, 9.82, 10.17, 1.19, 10.05, 10.18, 10.32, 10.17, 361081.16, 369657474, 1.15, 1.49, 0.83, 876.67608
2016-11-11, 3, zhong_du, 9.83, 10.38, 2.06, 10.17, 10.19, 10.40, 10.15, 726970.83, 749261613, 2.31, 2.46, 1.67, 2698.8101
2016-11-14, 3, zhong_du, 9.84, 10.40, 0.19, 10.38, 10.30, 10.55, 10.25, 516865.04, 538719889, 1.64, 2.89, 1.19, 436.57899
2016-11-15, 3, zhong_du, 9.84, 10.31, -0.87, 10.40, 10.35, 10.46, 10.28, 278062.79, 287410596, 0.88, 1.73, 0.64, 568.31002
2016-11-16, 3, zhong_du, 9.85, 10.34, -0.58, 10.40, 10.35, 10.46, 10.31, 134853.74, 139697967, 0.43, 1.44, 0.62, 422.80316
2016-11-17, 3, zhong_du, 9.85, 10.34, -0.58, 10.40, 10.35, 10.46, 10.31, 134853.74, 139697967, 0.43, 1.44, 0.62, 503.29781
2016-11-18, 3, zhong_du, 9.87, 10.20, -1.07, 10.31, 10.31, 10.35, 10.10, 188330.15, 192466843, 0.60, 2.42, 0.87, 616.66799
2016-11-21, 3, zhong_du, 9.88, 10.55, 0.48, 10.50, 10.51, 10.68, 10.45, 581408.66, 614702302, 1.85, 2.19, 1.34, 347.74089
2016-11-22, 4, gao_du, 9.89, 10.56, 0.09, 10.55, 10.53, 10.61, 10.48, 421442.67, 444219645, 1.34, 1.23, 0.97, 885.0069
2016-11-23, 4, gao_du, 9.90, 10.36, -1.89, 10.56, 10.56, 10.60, 10.32, 400892.63, 418736365, 1.28, 2.65, 0.92, 444.77892
2016-11-24, 4, gao_du, 9.90, 10.35, -0.10, 10.36, 10.34, 10.49, 10.32, 328837.57, 342576945, 1.05, 1.64, 0.76, 2525.14505
2016-11-25, 3, zhong_du, 9.91, 10.38, 0.29, 10.35, 10.36, 10.44, 10.16, 357557.83, 368354648, 1.14, 2.71, 0.82, 568.398
2016-11-28, 3, zhong_du, 9.93, 10.65, 2.60, 10.38, 10.44, 10.71, 10.43, 751123.05, 795808955, 2.39, 2.70, 1.73, 490.71002
2016-11-29, 4, gao_du, 9.95, 10.64, 0.00, 10.64, 10.55, 10.82, 10.48, 883771.77, 939677574, 2.81, 3.20, 2.04, 336.49206
2016-11-30, 4, gao_du, 9.95, 10.48, -1.50, 10.64, 10.61, 10.67, 10.42, 491118.11, 516338129, 1.56, 2.35, 1.14, 479.18797
2016-12-01, 4, gao_du, 9.96, 10.44, -0.38, 10.48, 10.50, 10.54, 10.39, 371712, 387951320, 1.18, 1.43, 0.86, 2409.35302
2016-12-05, 3, zhong_du, 9.97, 10.25, -0.87, 10.34, 10.21, 10.31, 10.17, 330573.91, 337946288, 1.05, 1.35, 0.76, 699.22996
2016-12-06, 3, zhong_du, 9.97, 10.28, 0.29, 10.25, 10.21, 10.31, 10.21, 212930.04, 218611772, 0.68, 0.98, 0.49, 666.96715
2016-12-07, 2, qing_du, 9.97, 10.20, -0.78, 10.28, 10.27, 10.27, 10.04, 361207.7, 365778866, 1.15, 2.24, 0.84, 568.59398
2016-12-08, 2, qing_du, 9.97, 10.13, -0.69, 10.20, 10.26, 10.27, 10.11, 190336.74, 193961819, 0.61, 1.57, 0.44, 648.05603
2016-12-09, 1, wei_ruo, 9.98, 10.27, 1.38, 10.13, 10.09, 10.32, 10.07, 343941.51, 351901323, 1.09, 2.47, 0.79, 569.81993
2016-12-12, 1, wei_ruo, 9.98, 10.12, -1.46, 10.27, 10.31, 10.47, 10.00, 666306.47, 683485340, 2.12, 4.58, 1.53, 458.30488
2016-12-13, 1, wei_ruo, 9.98, 10.15, 0.30, 10.12, 10.05, 10.23, 10.03, 352180.32, 357256059, 1.12, 1.98, 0.81, 769.13786
2016-12-14, 1, wei_ruo, 9.99, 10.22, 0.69, 10.15, 10.11, 10.32, 10.11, 344132.84, 351576049, 1.09, 2.07, 0.79, 516.47496
2017-02-07, 5, qiang_lie, 10.35, 11.30, -0.35, 11.34, 11.28, 11.40, 11.28, 104303.12, 118296212, 0.33, 1.06, 0.52, 505.00011
2017-02-08, 5, qiang_lie, 10.36, 11.45, 0.97, 11.34, 11.28, 11.46, 11.28, 251398.57, 286070714, 0.80, 1.59, 0.58, 441.88595
2017-02-09, 5, qiang_lie, 10.37, 11.39, -0.52, 11.45, 11.44, 11.55, 11.37, 280633.21, 321862530, 0.89, 1.57, 0.83, 609.18283
2017-02-10, 5, qiang_lie, 10.41, 11.63, 1.22, 11.49, 11.50, 11.98, 11.49, 791176.11, 927605946, 2.52, 4.26, 1.82, 542.35697
2017-02-13, 5, qiang_lie, 10.43, 11.66, 0.26, 11.63, 11.67, 11.90, 11.57, 479086.15, 561457795, 1.52, 2.84, 1.10, 75842.21601
2017-02-14, 5, qiang_lie, 10.44, 11.76, 0.86, 11.66, 11.65, 11.79, 11.55, 302874.05, 353803930, 0.96, 2.06, 0.70, 649.02091
2017-02-15, 5, qiang_lie, 10.48, 11.98, 1.87, 11.76, 11.80, 12.24, 11.80, 866508.23, 1040717576, 2.76, 3.74, 2.00, 2871.56796
2017-02-16, 5, qiang_lie, 10.50, 12.08, 0.83, 11.98, 12.05, 12.15, 11.90, 453603.59, 544348818, 1.44, 2.09, 1.04, 745.33916
2017-02-17, 5, qiang_lie, 10.52, 11.75, -2.73, 12.08, 12.15, 12.17, 11.72, 462484.58, 549099260, 1.47, 3.73, 1.06, 807.77597
2017-02-20, 5, qiang_lie, 10.54, 11.75, -2.73, 12.08, 12.15, 12.17, 11.72, 462484.58, 549099260, 1.47, 3.73, 1.06, 668.28799
2017-02-21, 5, qiang_lie, 10.56, 11.94, 0.25, 11.91, 11.90, 11.98, 11.80, 364164.58, 432705894, 1.16, 1.51, 0.84, 848.07897
2017-02-22, 5, qiang_lie, 10.57, 11.82, -1.01, 11.94, 11.92, 11.94, 11.70, 369674.9, 436440835, 1.18, 2.01, 0.85, 2672.83416
2017-02-23, 5, qiang_lie, 10.58, 11.70, -1.02, 11.82, 11.79, 11.85, 11.64, 329912.03, 387167293, 1.05, 1.78, 0.76, 1151.36504
2017-02-24, 5, qiang_lie, 10.59, 11.74, 0.34, 11.70, 11.69, 11.79, 11.65, 251827.98, 295076768, 0.80, 1.20, 0.58, 911.34095
2017-02-27, 5, qiang_lie, 10.60, 11.68, -0.17, 11.70, 11.69, 11.77, 11.65, 68141, 79749666, 0.22, 1.03, 0.86, 412.93788
2017-02-28, 5, qiang_lie, 10.61, 11.73, -0.34, 11.77, 11.70, 11.81, 11.60, 290474.5, 339398288, 0.92, 1.78, 0.67, 685.58908
2017-03-01, 5, qiang_lie, 10.62, 11.70, -0.26, 11.73, 11.73, 11.77, 11.62, 241217.18, 282286092, 0.77, 1.28, 0.56, 613.49106
2017-03-02, 5, qiang_lie, 10.63, 11.54, -1.37, 11.70, 11.71, 11.79, 11.53, 308777.15, 359268906, 0.98, 2.22, 0.71, 694.40103
2017-03-03, 4, gao_du, 10.64, 11.43, -0.95, 11.54, 11.53, 11.54, 11.25, 338200.37, 384262784, 1.08, 2.51, 0.78, 669.09409
2017-03-06, 4, gao_du, 10.65, 11.36, -0.61, 11.43, 11.46, 11.48, 11.27, 378752.11, 429603751, 1.20, 1.84, 0.87, 2791.25595
2017-03-07, 3, zhong_du, 10.65, 11.41, 0.71, 11.33, 11.34, 11.43, 11.30, 165049.76, 187968270, 0.52, 1.15, 0.76, 751.06001
2017-03-08, 3, zhong_du, 10.66, 11.41, 0.71, 11.33, 11.34, 11.45, 11.30, 299941.1, 341749830, 0.95, 1.32, 0.69, 623.25811
2017-03-09, 3, zhong_du, 10.67, 11.29, -1.05, 11.41, 11.40, 11.40, 11.24, 211909.58, 238938098, 0.67, 1.40, 0.49, 2764.8859
2017-03-10, 3, zhong_du, 10.67, 11.19, -0.89, 11.29, 11.29, 11.33, 11.18, 223044.76, 250382832, 0.71, 1.33, 0.51, 746.82188
2017-03-13, 3, zhong_du, 10.68, 11.23, 0.36, 11.19, 11.16, 11.24, 10.99, 320296.48, 356230560, 1.02, 2.23, 0.74, 633.66294
2017-03-14, 2, qing_du, 10.68, 11.26, 0.27, 11.23, 11.25, 11.34, 11.21, 259427.99, 292812798, 0.83, 1.16, 0.60, 564.36586
2017-03-15, 2, qing_du, 10.68, 11.19, -0.62, 11.26, 11.25, 11.26, 11.14, 180522.48, 202059034, 0.57, 1.07, 0.42, 580.39594
2017-03-16, 2, qing_du, 10.69, 11.34, 1.34, 11.19, 11.19, 11.38, 11.19, 326755.99, 370072031, 1.04, 1.70, 0.75, 348.43397
2017-03-17, 1, wei_ruo, 10.69, 11.22, -1.06, 11.34, 11.38, 11.39, 11.19, 212620.09, 239755998, 0.68, 1.76, 0.49, 554.92592
2017-03-20, 1, wei_ruo, 10.70, 11.05, -1.52, 11.22, 11.23, 11.27, 10.93, 360014.94, 398033905, 1.15, 3.03, 0.83, 610.21399
2017-03-21, 1, wei_ruo, 10.70, 11.11, 0.54, 11.05, 11.05, 11.19, 10.95, 320679.72, 354780300, 1.02, 2.17, 0.74, 586.56001
2017-03-22, 1, wei_ruo, 10.71, 11.18, 0.63, 11.11, 11.05, 11.28, 11.00, 337346.38, 377102224, 1.07, 2.52, 0.78, 565.50312
2017-03-23, 1, wei_ruo, 10.71, 11.06, -1.07, 11.18, 11.15, 11.29, 10.95, 367533.96, 409099174, 1.17, 3.04, 0.85, 605.78585
2017-03-24, 1, wei_ruo, 10.72, 11.21, 1.36, 11.06, 11.09, 11.27, 10.94, 531246.76, 589237232, 1.69, 2.98, 1.22, 585.95419
2017-03-27, 1, wei_ruo, 10.72, 11.22, 0.09, 11.21, 11.18, 11.30, 11.15, 344441.74, 386951122, 1.10, 1.34, 0.79, 579.78797
2017-03-28, 1, wei_ruo, 10.73, 11.09, -1.16, 11.22, 11.22, 11.26, 11.06, 245286.73, 272765577, 0.78, 1.78, 0.56, 645.13111
2017-03-29, 1, wei_ruo, 10.73, 11.01, -0.72, 11.09, 11.11, 11.16, 10.92, 298761.8, 329720136, 0.95, 2.16, 0.69, 600.63696
2017-03-30, 1, wei_ruo, 10.73, 10.60, -3.72, 11.01, 10.98, 11.00, 10.57, 469240.14, 505717015, 1.49, 3.91, 1.08, 632.83086
2017-03-31, 1, wei_ruo, 10.73, 10.45, -1.42, 10.60, 10.60, 10.68, 10.44, 344671.01, 362912994, 1.10, 2.26, 0.79, 517.98391
2017-04-05, 1, wei_ruo, 10.73, 10.85, 3.83, 10.45, 10.51, 10.86, 10.51, 345206.57, 371006371, 1.10, 3.35, 0.79, 637.96687
2017-04-06, 1, wei_ruo, 10.73, 11.12, 2.49, 10.85, 10.85, 11.23, 10.78, 492343.42, 544671620, 1.57, 4.15, 1.13, 612.8509
2017-04-07, 1, wei_ruo, 10.74, 11.07, -0.45, 11.12, 11.10, 11.18, 11.05, 317650.51, 352917073, 1.01, 1.17, 0.73, 616.13202
2017-04-10, 1, wei_ruo, 10.74, 10.98, -0.81, 11.07, 11.13, 11.17, 10.93, 283939.86, 313848864, 0.90, 2.17, 0.65, 630.36394
2017-04-11, 1, wei_ruo, 10.74, 11.01, 0.27, 10.98, 10.93, 11.02, 10.61, 457535.13, 494811597, 1.46, 3.73, 1.05, 561.73086
2017-04-12, 1, wei_ruo, 10.75, 11.21, 1.82, 11.01, 10.96, 11.31, 10.86, 624623.41, 698823834, 1.99, 4.09, 1.44, 628.08394
2017-04-13, 1, wei_ruo, 10.75, 11.11, -0.89, 11.21, 11.20, 11.20, 11.01, 264979.12, 294039732, 0.84, 1.69, 0.61, 643.47506
2017-04-14, 1, wei_ruo, 10.75, 10.91, -1.80, 11.11, 11.10, 11.16, 10.85, 272317.96, 299485035, 0.87, 2.79, 0.63, 630.76997
2017-04-17, 1, wei_ruo, 10.75, 10.94, 0.27, 10.91, 10.87, 11.03, 10.81, 202987.2, 222107043, 0.65, 2.02, 0.47, 615.86809
2017-04-18, 1, wei_ruo, 10.75, 10.61, -3.02, 10.94, 10.96, 11.03, 10.57, 416993.73, 449438515, 1.33, 4.20, 0.96, 713.9051
2017-04-19, 1, wei_ruo, 10.75, 10.65, 0.38, 10.61, 10.60, 10.68, 10.49, 256544.81, 271729954, 0.82, 1.79, 0.59, 552.02293
2017-04-20, 1, wei_ruo, 10.75, 10.69, 0.38, 10.65, 10.68, 10.71, 10.53, 209474.57, 222837373, 0.67, 1.69, 0.48, 669.84296
2017-04-21, 1, wei_ruo, 10.75, 10.72, 0.28, 10.69, 10.69, 10.75, 10.52, 188688.86, 201016387, 0.60, 2.15, 0.43, 608.86788
2017-04-24, 1, wei_ruo, 10.75, 10.39, -3.08, 10.72, 10.68, 10.71, 10.10, 394002.04, 406866163, 1.25, 5.69, 0.91, 583.79197
2017-04-25, 1, wei_ruo, 10.75, 10.28, -1.06, 10.39, 10.32, 10.39, 10.24, 159414.26, 164387840, 0.51, 1.44, 0.37, 549.83997
2017-04-26, 1, wei_ruo, 10.74, 10.21, -0.68, 10.28, 10.31, 10.37, 10.20, 133767.46, 137381639, 0.43, 1.65, 0.31, 779.36101
2017-04-27, 1, wei_ruo, 10.74, 10.24, 0.29, 10.21, 10.21, 10.30, 10.03, 194016.81, 197275857, 0.62, 2.64, 0.45, 621.05703
2017-04-28, 1, wei_ruo, 10.74, 10.24, 0.00, 10.24, 10.25, 10.28, 10.16, 149569.04, 152927313, 0.48, 1.17, 0.34, 596.03
2017-05-02, 1, wei_ruo, 10.74, 10.31, 0.68, 10.24, 10.24, 10.39, 10.22, 144118.77, 148575895, 0.46, 1.66, 0.33, 762.84599
2017-05-03, 1, wei_ruo, 10.73, 10.29, -0.19, 10.31, 10.32, 10.37, 10.21, 195458.13, 200899654, 0.62, 1.55, 0.45, 2638.90314
2017-05-04, 1, wei_ruo, 10.73, 10.32, 0.29, 10.29, 10.28, 10.53, 10.14, 280441.91, 288863948, 0.89, 3.79, 0.65, 653.41592
2017-05-05, 1, wei_ruo, 10.72, 10.28, -0.39, 10.32, 10.25, 10.31, 10.13, 297959.17, 304377552, 0.95, 1.74, 0.69, 643.80193
2017-05-11, 1, wei_ruo, 10.71, 10.27, 0.98, 10.17, 10.09, 10.30, 10.04, 293062.91, 298485813, 0.93, 2.56, 0.67, 605.70812
2017-05-12, 1, wei_ruo, 10.71, 10.24, -0.29, 10.27, 10.29, 10.33, 10.19, 117627.25, 120658951, 0.37, 1.36, 0.27, 662.17589
2017-05-15, 1, wei_ruo, 10.71, 10.15, -0.88, 10.24, 10.26, 10.32, 10.13, 170974.95, 174891650, 0.54, 1.86, 0.39, 630.99885
2017-05-17, 1, wei_ruo, 10.69, 9.97, -0.89, 10.06, 10.05, 10.10, 9.94, 221761.09, 222054507, 0.71, 1.59, 0.51, 2578.07922
2017-05-18, 1, wei_ruo, 10.68, 9.67, -3.01, 9.97, 9.89, 9.89, 9.63, 461662.37, 448477025, 1.47, 2.61, 1.06, 718.02497
2017-05-19, 1, wei_ruo, 10.67, 9.47, -2.07, 9.67, 9.66, 9.68, 9.40, 323121.88, 307299687, 1.03, 2.90, 0.74, 605.793
2017-05-22, 1, wei_ruo, 10.66, 9.56, 0.95, 9.47, 9.46, 9.64, 9.37, 310201.86, 295110105, 0.99, 2.85, 0.71, 572.06917
2017-05-23, 1, wei_ruo, 10.64, 9.58, 0.21, 9.56, 9.50, 9.59, 9.32, 295358.54, 279434801, 0.94, 2.82, 0.68, 736.20987
2017-05-24, 1, wei_ruo, 10.64, 9.49, -0.94, 9.58, 9.53, 9.53, 9.37, 175895.1, 166092400, 0.56, 1.67, 0.41, 644.63019
2017-05-25, 1, wei_ruo, 10.63, 9.54, 0.53, 9.49, 9.49, 9.56, 9.38, 193952.21, 184042283, 0.62, 1.90, 0.45, 531.48603
2017-05-26, 1, wei_ruo, 10.62, 9.50, -0.42, 9.54, 9.55, 9.63, 9.43, 208116.88, 198450520, 0.66, 2.10, 0.48, 635.93698
2017-05-31, 1, wei_ruo, 10.61, 9.60, 1.05, 9.50, 9.57, 9.63, 9.47, 257285.72, 245772555, 0.82, 1.68, 0.59, 646.76285
2017-06-01, 1, wei_ruo, 10.60, 9.74, 1.46, 9.60, 9.58, 9.75, 9.50, 362413.23, 349449518, 1.15, 2.60, 0.83, 606.92811
2017-06-02, 1, wei_ruo, 10.60, 9.73, -0.10, 9.74, 9.73, 9.77, 9.65, 131316.59, 127574988, 0.42, 1.23, 0.30, 683.6369
2017-06-05, 1, wei_ruo, 10.60, 9.64, -0.92, 9.73, 9.74, 9.79, 9.60, 151638.44, 146870004, 0.48, 1.95, 0.35, 625.99397
2017-06-06, 1, wei_ruo, 10.59, 9.56, -0.83, 9.64, 9.63, 9.67, 9.49, 185358.79, 177172177, 0.59, 1.87, 0.43, 3211.74502
2017-06-07, 1, wei_ruo, 10.58, 9.72, 1.67, 9.56, 9.56, 9.74, 9.53, 205984.43, 199329291, 0.66, 2.20, 0.47, 653.32794
2017-06-08, 1, wei_ruo, 10.58, 9.69, -0.31, 9.72, 9.75, 9.75, 9.67, 132675.19, 128662958, 0.42, 0.82, 0.31, 578.13406
2017-06-09, 1, wei_ruo, 10.57, 9.93, 2.48, 9.69, 9.69, 9.95, 9.69, 387508.18, 382153527, 1.23, 2.68, 0.89, 822.72482
2017-06-12, 1, wei_ruo, 10.57, 9.83, -1.01, 9.93, 9.92, 9.92, 9.73, 242078.83, 237328494, 0.77, 1.91, 0.56, 580.56188
2017-06-13, 1, wei_ruo, 10.56, 9.83, 0.00, 9.83, 9.79, 9.86, 9.73, 110929.51, 108840090, 0.35, 1.32, 0.26, 570.56904
2017-06-14, 1, wei_ruo, 10.56, 9.78, -0.51, 9.83, 9.84, 9.84, 9.74, 119888.65, 117189427, 0.38, 1.02, 0.28, 578.0549
2017-06-15, 1, wei_ruo, 10.56, 9.80, 0.20, 9.78, 9.76, 9.83, 9.74, 93612.87, 91723093, 0.30, 0.92, 0.22, 563.42006
2017-06-16, 1, wei_ruo, 10.55, 9.72, -0.82, 9.80, 9.82, 9.82, 9.70, 114899.94, 111917784, 0.37, 1.22, 0.26, 3634.74989
2017-06-19, 1, wei_ruo, 10.55, 9.69, -0.31, 9.72, 9.72, 9.73, 9.57, 206553.41, 199392154, 0.66, 1.65, 0.48, 778.28407
2017-06-20, 1, wei_ruo, 10.54, 9.73, 0.41, 9.69, 9.69, 9.86, 9.65, 189541.19, 184760130, 0.60, 2.17, 0.44, 619.29607
2017-06-21, 1, wei_ruo, 10.54, 9.78, 0.51, 9.73, 9.80, 9.82, 9.71, 139937.96, 136674769, 0.45, 1.13, 0.32, 822.52407
2017-06-22, 1, wei_ruo, 10.53, 9.89, 1.12, 9.78, 9.81, 10.06, 9.78, 473763.53, 470001867, 1.51, 2.86, 1.09, 567.78312
2017-06-23, 1, wei_ruo, 10.53, 9.96, 0.71, 9.89, 9.85, 9.97, 9.75, 266057.34, 262440736, 0.85, 2.22, 0.61, 731.13704
2017-06-26, 1, wei_ruo, 10.52, 10.01, 0.50, 9.96, 9.92, 10.14, 9.92, 383390.83, 384032174, 1.22, 2.21, 0.88, 629.10986
2017-06-27, 1, wei_ruo, 10.52, 9.97, -0.40, 10.01, 10.00, 10.04, 9.91, 182448.87, 182054630, 0.58, 1.30, 0.42, 325.47212
2017-06-28, 1, wei_ruo, 10.51, 10.02, 0.50, 9.97, 9.96, 10.10, 9.92, 271127.66, 272237855, 0.86, 1.81, 0.62, 791.6019
2017-06-29, 2, qing_du, 10.51, 10.01, -0.10, 10.02, 10.01, 10.06, 9.97, 140979.5, 141083032, 0.45, 0.90, 0.32, 3761.58905
2017-06-30, 2, qing_du, 10.51, 10.10, 0.90, 10.01, 9.99, 10.12, 9.96, 197736.96, 198578842, 0.63, 1.60, 0.46, 598.30999
2017-07-03, 2, qing_du, 10.50, 10.08, -0.20, 10.10, 10.10, 10.12, 10.01, 137876.07, 138598354, 0.44, 1.09, 0.32, 710.56223
2017-07-04, 2, qing_du, 10.50, 10.02, -0.60, 10.08, 10.08, 10.12, 10.01, 129459.07, 130131746, 0.41, 1.09, 0.30, 475.29507
2017-07-05, 3, zhong_du, 10.50, 10.00, -0.20, 10.02, 10.01, 10.05, 9.96, 248404.57, 248181328, 0.79, 0.90, 0.57, 733.5279
2017-07-06, 3, zhong_du, 10.49, 9.96, -0.40, 10.00, 10.00, 10.04, 9.93, 236516.59, 235924693, 0.75, 1.10, 0.54, 687.8438
2017-07-07, 3, zhong_du, 10.49, 9.99, 0.30, 9.96, 9.95, 9.99, 9.94, 126165, 125807905, 0.40, 0.50, 0.29, 602.8831
2017-07-10, 3, zhong_du, 10.49, 10.09, 1.00, 9.99, 9.99, 10.11, 9.95, 276746.19, 278977374, 0.88, 1.60, 0.64, 640.66386
2017-07-11, 3, zhong_du, 10.49, 9.98, -1.09, 10.09, 10.08, 10.09, 9.97, 208844.94, 209390287, 0.66, 1.19, 0.48, 746.67001
2017-07-12, 4, gao_du, 10.48, 9.98, 0.00, 9.98, 9.98, 10.03, 9.91, 152873.82, 152387390, 0.49, 1.20, 0.35, 649.83702
2017-07-13, 4, gao_du, 10.48, 10.13, 1.50, 9.98, 9.98, 10.17, 9.97, 296988.32, 299898861, 0.94, 2.00, 0.68, 1434.57603
2017-07-14, 4, gao_du, --, 10.14, 0.10, 10.13, 10.11, 10.21, 10.09, 193038.68, 195825543, 0.61, 1.18, 0.44, 660.74705
2017-07-17, 4, gao_du, --, 9.88, -2.56, 10.14, 10.14, 10.14, 9.80, 281185.03, 279317689, 0.89, 3.35, 0.65, 735.06904
2017-07-18, 3, zhong_du, 10.30, 9.52, -2.06, 9.72, 9.76, 9.76, 9.36, 279389.17, 265743605, 0.89, 4.12, 0.64, 1612.52499
2017-07-19, 3, zhong_du, --, 9.69, 1.79, 9.52, 9.51, 9.69, 9.47, 222169.22, 213179067, 0.71, 2.31, 0.51, 658.18906
2017-07-20, 2, qing_du, --, 9.70, 0.10, 9.69, 9.67, 9.75, 9.62, 216932.28, 210251921, 0.69, 1.34, 0.50, 516.05892
2017-07-21, 2, qing_du, --, 9.67, -0.31, 9.70, 9.68, 9.78, 9.64, 181806.05, 176346019, 0.58, 1.44, 0.42, 423.39492
2017-07-24, 2, qing_du, 10.28, 9.74, 0.72, 9.67, 9.68, 9.81, 9.64, 157545.19, 153490642, 0.50, 1.76, 0.36, 578.03488
2017-07-25, 3, zhong_du, --, 9.69, -0.51, 9.74, 9.75, 9.79, 9.65, 132167, 128117829, 0.42, 1.44, 0.30, 881.31714
2017-07-26, 3, zhong_du, --, 9.58, -1.14, 9.69, 9.69, 9.69, 9.55, 169157.11, 162450861, 0.54, 1.44, 0.39, 823.30394
2017-07-27, 2, qing_du, 10.27, 9.60, 0.21, 9.58, 9.59, 9.61, 9.52, 130382.59, 124770993, 0.41, 0.94, 0.30, 1972.19491
2017-07-28, 2, qing_du, 10.27, 9.53, -0.73, 9.60, 9.58, 9.60, 9.52, 144169.02, 137677080, 0.46, 0.83, 0.33, 730.71504
2017-07-31, 2, qing_du, 10.27, 9.55, 0.21, 9.53, 9.52, 9.57, 9.50, 135363.92, 129049941, 0.43, 0.73, 0.31, 725.82197
2017-08-01, 1, wei_ruo, 10.26, 9.57, 0.21, 9.55, 9.53, 9.63, 9.52, 136206.72, 130454395, 0.43, 1.15, 0.31, 1740.61704
2017-08-02, 1, wei_ruo, 10.26, 9.48, -0.94, 9.57, 9.61, 9.62, 9.44, 207549.59, 197452202, 0.66, 1.88, 0.48, 1280.63393
2017-08-03, 1, wei_ruo, 10.26, 9.52, 0.42, 9.48, 9.53, 9.55, 9.46, 114000.2, 108367944, 0.36, 0.95, 0.26, 586.62415
2017-08-04, 1, wei_ruo, 10.25, 9.51, -0.11, 9.52, 9.53, 9.55, 9.47, 108814.68, 103583292, 0.35, 0.84, 0.25, 633.45385
2017-08-07, 1, wei_ruo, 10.25, 9.57, 0.63, 9.51, 9.50, 9.61, 9.48, 122183.96, 116760628, 0.39, 1.37, 0.28, 1057.07693
2017-08-08, 1, wei_ruo, 10.25, 9.56, -0.10, 9.57, 9.59, 9.61, 9.54, 126436.46, 120958530, 0.40, 0.73, 0.29, 623.80791
2017-08-09, 1, wei_ruo, 10.24, 9.50, -0.63, 9.56, 9.56, 9.57, 9.48, 116793.82, 111015417, 0.37, 0.94, 0.27, 615.14497
2017-08-10, 1, wei_ruo, 10.24, 9.47, -0.32, 9.50, 9.51, 9.57, 9.43, 132225.24, 125352763, 0.42, 1.47, 0.30, 697.57605
2017-08-11, 1, wei_ruo, 10.24, 9.26, -2.22, 9.47, 9.43, 9.44, 9.25, 203946.31, 190693190, 0.65, 2.01, 0.47, 616.1921
2017-08-14, 1, wei_ruo, 10.23, 9.44, 1.94, 9.26, 9.26, 9.50, 9.26, 157658.9, 147961736, 0.50, 2.59, 0.36, 862.53691
2017-08-15, 1, wei_ruo, 10.23, 9.41, -0.32, 9.44, 9.45, 9.47, 9.37, 97431.75, 91762819, 0.31, 1.06, 0.22, 706.604
2017-08-16, 1, wei_ruo, 10.23, 9.41, 0.00, 9.41, 9.41, 9.44, 9.35, 90592.39, 85117360, 0.29, 0.96, 0.21, 652.23193
2017-08-17, 1, wei_ruo, 10.22, 9.60, 2.02, 9.41, 9.44, 9.62, 9.44, 239264.28, 228769153, 0.76, 1.91, 0.55, 8492.18106
2017-08-18, 1, wei_ruo, 10.21, 10.11, 5.31, 9.60, 9.58, 10.35, 9.55, 1031414.28, 1033664730, 3.28, 8.33, 2.38, 623.487
2017-08-21, 2, qing_du, 10.22, 10.30, 1.88, 10.11, 10.23, 10.48, 10.13, 809158.72, 833838356, 2.57, 3.46, 1.86, 772.68195
2017-08-22, 3, zhong_du, 10.22, 10.40, 0.97, 10.30, 10.30, 10.44, 10.15, 630839.96, 652599568, 2.01, 2.82, 1.45, 527.66585
2017-08-23, 4, gao_du, 10.22, 10.28, -1.15, 10.40, 10.33, 10.47, 10.24, 385203.83, 397655427, 1.23, 2.21, 0.89, 886.971
2017-08-24, 4, gao_du, 10.22, 10.44, 1.56, 10.28, 10.30, 10.55, 10.30, 669290.23, 698630267, 2.13, 2.43, 1.54, 404.25491
2017-08-25, 4, gao_du, 10.23, 10.44, 0.00, 10.44, 10.49, 10.49, 10.27, 615681.53, 638805059, 1.96, 2.11, 1.42, 701.41315
2017-08-28, 4, gao_du, 10.23, 10.25, -1.82, 10.44, 10.40, 10.40, 10.13, 763281.6, 780586876, 2.43, 2.59, 1.76, 618.16001
2017-08-29, 4, gao_du, 10.23, 10.16, -0.88, 10.25, 10.21, 10.30, 10.14, 390688.94, 398154219, 1.24, 1.56, 0.90, 682.84607
2017-08-30, 3, zhong_du, 10.23, 10.09, -0.69, 10.16, 10.28, 10.32, 10.03, 498750.65, 506338170, 1.59, 2.85, 1.15, 668.293
2017-08-31, 3, zhong_du, 10.23, 10.13, 0.40, 10.09, 10.12, 10.17, 10.04, 284333.52, 287041452, 0.90, 1.29, 0.65, 743.05296
2017-09-01, 3, zhong_du, 10.23, 10.07, -0.20, 10.09, 10.12, 10.14, 10.04, 155183.36, 156479544, 0.49, 0.99, 0.71, 690.86909
2017-09-04, 3, zhong_du, 10.22, 10.07, -0.20, 10.09, 10.12, 10.14, 10.04, 155183.36, 156479544, 0.49, 0.99, 0.71, 788.62286
2017-09-05, 3, zhong_du, 10.22, 10.07, -0.20, 10.09, 10.12, 10.14, 10.04, 155183.36, 156479544, 0.49, 0.99, 0.71, 499.0871
2017-09-06, 3, zhong_du, 10.22, 10.07, -0.20, 10.09, 10.12, 10.14, 10.04, 155183.36, 156479544, 0.49, 0.99, 0.71, 672.27507
2017-09-07, 3, zhong_du, 10.22, 9.94, -0.50, 9.99, 10.00, 10.02, 9.93, 199073.63, 198582677, 0.63, 0.90, 0.46, 2715.43288
2017-09-08, 3, zhong_du, 10.22, 9.98, 0.40, 9.94, 9.91, 10.01, 9.90, 173424.15, 172648079, 0.55, 1.11, 0.40, 665.64012
2017-09-11, 3, zhong_du, 10.22, 9.95, -0.30, 9.98, 9.97, 9.99, 9.88, 207035.32, 205594898, 0.66, 1.10, 0.48, 674.50094
2017-09-12, 2, qing_du, 10.21, 9.85, -1.01, 9.95, 9.94, 9.97, 9.82, 356564.45, 352027521, 1.13, 1.51, 0.82, 602.07105
2017-09-13, 2, qing_du, 10.21, 9.87, 0.20, 9.85, 9.84, 9.89, 9.82, 142684.52, 140649576, 0.45, 0.71, 0.33, 684.38196
2017-09-14, 2, qing_du, 10.21, 9.95, 0.81, 9.87, 9.89, 9.95, 9.83, 216840.62, 214531561, 0.69, 1.22, 0.50, 475.99792
2017-09-15, 2, qing_du, 10.21, 9.99, 0.40, 9.95, 9.94, 10.03, 9.90, 234219.67, 233864284, 0.74, 1.31, 0.54, 855.87597
2017-09-18, 2, qing_du, 10.21, 9.96, -0.30, 9.99, 10.00, 10.01, 9.92, 161354.99, 160670160, 0.51, 0.90, 0.37, 885.777
2017-09-19, 2, qing_du, 10.20, 9.76, -2.01, 9.96, 9.96, 9.98, 9.71, 314560.85, 309168486, 1.00, 2.71, 0.72, 728.84393
2017-09-20, 2, qing_du, 10.20, 9.69, -0.72, 9.76, 9.76, 9.77, 9.64, 216190.64, 209305487, 0.69, 1.33, 0.50, 626.07002
2017-09-21, 2, qing_du, 10.20, 9.68, -0.10, 9.69, 9.69, 9.75, 9.66, 146252.02, 141904883, 0.47, 0.93, 0.34, 671.0701
2017-09-22, 2, qing_du, 10.19, 9.73, 0.52, 9.68, 9.65, 9.75, 9.57, 212904.18, 205338589, 0.68, 1.86, 0.49, 616.16111
2017-09-25, 2, qing_du, 10.19, 9.67, -0.62, 9.73, 9.72, 9.79, 9.59, 145001, 140500511, 0.46, 2.06, 0.33, 545.24207
2017-09-26, 1, wei_ruo, 10.19, 9.65, -0.21, 9.67, 9.65, 9.71, 9.63, 84775.2, 81933631, 0.27, 0.83, 0.20, 690.54699
2017-09-27, 1, wei_ruo, 10.19, 9.67, 0.21, 9.65, 9.67, 9.73, 9.65, 93450.92, 90618592, 0.30, 0.83, 0.22, 875.72408
2017-09-28, 1, wei_ruo, 10.19, 9.66, -0.10, 9.67, 9.66, 9.72, 9.64, 80695.18, 78165824, 0.26, 0.83, 0.19, 2187.41202
2017-09-29, 1, wei_ruo, 10.18, 9.69, 0.31, 9.66, 9.70, 9.74, 9.66, 118999.02, 115426249, 0.38, 0.83, 0.27, 695.14298
2017-10-10, 2, qing_du, 10.18, 9.79, 0.51, 9.74, 9.75, 9.80, 9.71, 119343.01, 116589291, 0.38, 0.92, 0.27, 548.666
2017-10-12, 2, qing_du, 10.18, 9.78, -0.81, 9.86, 9.85, 9.85, 9.75, 97393.89, 95430735, 0.31, 1.01, 0.22, 723.10495
2017-10-13, 1, wei_ruo, 10.18, 9.78, 0.00, 9.78, 9.78, 9.79, 9.73, 85040.67, 82896911, 0.27, 0.61, 0.20, 597.18394
2017-10-16, 1, wei_ruo, 10.17, 9.59, -1.94, 9.78, 9.74, 9.78, 9.58, 152008.38, 146894470, 0.48, 2.04, 0.35, 580.61004
2017-10-17, 1, wei_ruo, 10.17, 9.53, -0.63, 9.59, 9.61, 9.62, 9.51, 112387.23, 107245558, 0.36, 1.15, 0.26, 524.66798
2017-10-18, 1, wei_ruo, 10.17, 9.44, -0.94, 9.53, 9.54, 9.56, 9.43, 130569.79, 124111588, 0.42, 1.36, 0.30, 682.26099
2017-10-19, 1, wei_ruo, 10.17, 9.35, -0.95, 9.44, 9.48, 9.48, 9.32, 121097.56, 113659932, 0.39, 1.69, 0.28, 719.30695
2017-10-20, 1, wei_ruo, 10.16, 9.50, 1.60, 9.35, 9.39, 9.57, 9.39, 130644.13, 124097934, 0.42, 1.93, 0.30, 717.88788
2017-10-23, 1, wei_ruo, 10.16, 9.48, -0.21, 9.50, 9.51, 9.56, 9.44, 74793.17, 70900599, 0.24, 1.26, 0.17, 698.61293
2017-10-24, 1, wei_ruo, 10.16, 9.64, 1.69, 9.48, 9.48, 9.64, 9.46, 189182.37, 181071989, 0.60, 1.90, 0.44, 663.17511
2017-10-25, 1, wei_ruo, 10.16, 9.61, -0.31, 9.64, 9.64, 9.66, 9.57, 79139.01, 76039662, 0.25, 0.93, 0.18, 680.24492
2017-10-26, 1, wei_ruo, 10.15, 9.69, 0.83, 9.61, 9.58, 9.72, 9.53, 149599.35, 144235425, 0.48, 1.98, 0.34, 665.57813
2017-10-27, 1, wei_ruo, 10.15, 9.57, -1.24, 9.69, 9.69, 9.70, 9.55, 99991.5, 96024026, 0.32, 1.55, 0.23, 613.67393
2017-10-30, 1, wei_ruo, 10.15, 9.58, 0.10, 9.57, 9.57, 9.61, 9.36, 179425.61, 169816188, 0.57, 2.61, 0.41, 4759.62806
2017-10-31, 1, wei_ruo, 10.15, 9.54, -0.42, 9.58, 9.52, 9.60, 9.49, 83402.07, 79519352, 0.27, 1.15, 0.19, 1148.31805
2017-11-01, 1, wei_ruo, 10.15, 9.61, 0.73, 9.54, 9.55, 9.64, 9.49, 160223.94, 153554324, 0.51, 1.57, 0.37, 741.62698
2017-11-02, 1, wei_ruo, 10.14, 9.66, 0.52, 9.61, 9.60, 9.67, 9.45, 208872.92, 199701475, 0.66, 2.29, 0.48, 779.17004
2017-11-03, 1, wei_ruo, 10.14, 9.68, 0.21, 9.66, 9.61, 9.68, 9.48, 213909.49, 205325808, 0.68, 2.07, 0.49, 768.10813
2017-11-07, 1, wei_ruo, 10.13, 9.52, -0.31, 9.55, 9.52, 9.56, 9.51, 11171, 10636179, 0.04, 0.52, 0.36, 120791.92305
2017-11-08, 1, wei_ruo, 10.13, 9.57, 0.10, 9.56, 9.56, 9.57, 9.53, 13819.97, 13193767, 0.04, 0.42, 0.21, 2642.98296
2017-11-09, 1, wei_ruo, 10.13, 9.49, -0.73, 9.56, 9.54, 9.55, 9.48, 42669.61, 40551295, 0.14, 0.73, 1.45, 656.72898
2017-11-10, 1, wei_ruo, 10.13, 9.46, -1.05, 9.56, 9.54, 9.55, 9.45, 140545.33, 133416508, 0.45, 1.05, 1.08, 759.03511
2017-11-13, 1, wei_ruo, 10.12, 9.40, -0.63, 9.46, 9.45, 9.52, 9.39, 115441.87, 109055078, 0.37, 1.37, 1.00, 825.40321
2017-11-14, 1, wei_ruo, 10.12, 9.36, -0.43, 9.40, 9.41, 9.45, 9.32, 143633.26, 134527401, 0.46, 1.38, 1.20, 770.0429
2017-11-15, 1, wei_ruo, 10.12, 9.36, 0.00, 9.36, 9.37, 9.37, 9.29, 124219.74, 115905233, 0.40, 0.85, 1.01, 779.87003
2017-11-16, 1, wei_ruo, 10.12, 9.31, -0.53, 9.36, 9.35, 9.35, 9.27, 96524.84, 89898521, 0.31, 0.85, 0.77, 1524.66583
2017-11-17, 1, wei_ruo, 10.11, 9.39, 0.86, 9.31, 9.32, 9.44, 9.09, 384017.63, 356839794, 1.22, 3.76, 3.10, 1214.37502
2017-11-20, 1, wei_ruo, 10.10, 9.38, -0.11, 9.39, 9.37, 9.41, 9.27, 107296.61, 100269186, 0.34, 1.49, 0.62, 347.66102
2017-11-21, 1, wei_ruo, 10.10, 9.27, -1.17, 9.38, 9.38, 9.43, 9.25, 149853.22, 139680380, 0.48, 1.92, 0.88, 650.47407
2017-11-22, 1, wei_ruo, 10.10, 9.28, 0.11, 9.27, 9.33, 9.42, 9.26, 159814.91, 148992319, 0.51, 1.73, 0.93, 1174.64209
2017-11-23, 1, wei_ruo, 10.09, 9.18, -1.08, 9.28, 9.30, 9.31, 9.13, 146456.37, 134606902, 0.47, 1.94, 0.82, 548.88487
2017-11-24, 1, wei_ruo, 10.09, 9.09, -0.98, 9.18, 9.17, 9.17, 9.04, 117520.52, 106937832, 0.37, 1.42, 0.62, 636.18588
2017-11-27, 1, wei_ruo, 10.08, 8.99, -1.10, 9.09, 9.09, 9.11, 8.98, 101798.63, 91819253, 0.32, 1.43, 0.75, 2622.97702
2017-11-28, 1, wei_ruo, 10.08, 9.03, 0.44, 8.99, 9.00, 9.04, 8.98, 62975.61, 56695342, 0.20, 0.67, 0.47, 613.74307
2017-11-29, 1, wei_ruo, 10.08, 8.88, -1.66, 9.03, 9.02, 9.04, 8.87, 137186.85, 122305280, 0.44, 1.88, 1.17, 708.83608
2017-11-30, 1, wei_ruo, 10.07, 8.94, 0.68, 8.88, 8.93, 9.09, 8.89, 126309, 113570663, 0.40, 2.25, 1.12, 1184.59797
2017-12-01, 1, wei_ruo, 10.07, 8.92, -0.22, 8.94, 8.90, 8.96, 8.89, 78385.49, 69911396, 0.25, 0.78, 0.72, 653.301
2017-12-04, 1, wei_ruo, 10.06, 8.72, -2.24, 8.92, 8.92, 8.93, 8.71, 161652.92, 142327912, 0.51, 2.47, 1.60, 953.63903
2017-12-05, 1, wei_ruo, 10.06, 8.52, -2.29, 8.72, 8.72, 8.74, 8.50, 164048.46, 140950888, 0.52, 2.75, 1.45, 835.83188
2017-12-06, 1, wei_ruo, 10.05, 8.54, 0.23, 8.52, 8.49, 8.58, 8.45, 82819.85, 70514067, 0.26, 1.53, 0.62, 1345.82996
2017-12-07, 1, wei_ruo, 10.05, 8.50, -0.47, 8.54, 8.54, 8.60, 8.49, 88728.55, 75751157, 0.28, 1.29, 0.72, 587.35299
2017-12-08, 1, wei_ruo, 10.04, 8.54, 0.47, 8.50, 8.51, 8.55, 8.49, 80102.5, 68279211, 0.25, 0.71, 0.70, 613.81006
2017-12-11, 1, wei_ruo, 10.04, 8.62, 0.94, 8.54, 8.55, 8.63, 8.52, 98851.82, 84702625, 0.31, 1.29, 0.86, 1097.73684
2017-12-12, 1, wei_ruo, 10.03, 8.49, -1.51, 8.62, 8.63, 8.63, 8.47, 97186, 82918630, 0.31, 1.86, 0.94, 2671.35191
2017-12-13, 1, wei_ruo, 10.03, 8.47, -0.24, 8.49, 8.47, 8.49, 8.41, 93688.01, 79179194, 0.30, 0.94, 1.05, 663.28001
2017-12-14, 1, wei_ruo, 10.03, 8.46, -0.12, 8.47, 8.45, 8.50, 8.37, 79899.01, 67477881, 0.25, 1.53, 0.87, 671.50903
2017-12-15, 1, wei_ruo, 10.02, 8.46, 0.00, 8.46, 8.45, 8.54, 8.43, 77474.55, 65636520, 0.25, 1.30, 0.86, 630.80096
2017-12-18, 1, wei_ruo, 10.02, 8.50, 0.47, 8.46, 8.46, 8.53, 8.45, 75720.92, 64296524, 0.24, 0.95, 0.85, 518.79096
2017-12-19, 1, wei_ruo, 10.01, 8.51, 0.12, 8.50, 8.52, 8.53, 8.48, 74286.82, 63169223, 0.24, 0.59, 0.88, 704.85616
2017-12-20, 1, wei_ruo, 10.01, 8.37, -1.65, 8.51, 8.51, 8.51, 8.37, 115091.53, 96920468, 0.37, 1.65, 1.43, 1137.99191
2017-12-21, 1, wei_ruo, 10.00, 8.32, -0.60, 8.37, 8.33, 8.36, 8.22, 106867.89, 88620290, 0.34, 1.67, 1.26, 603.47009
2017-12-22, 1, wei_ruo, 10.00, 8.24, -0.96, 8.32, 8.31, 8.36, 8.22, 102347.08, 84758583, 0.33, 1.68, 1.14, 658.73885
2017-12-25, 1, wei_ruo, 9.99, 8.15, -1.09, 8.24, 8.21, 8.27, 8.15, 76179.49, 62436048, 0.24, 1.46, 0.80, 182841.49313
2017-12-26, 1, wei_ruo, 9.99, 8.28, 1.60, 8.15, 8.23, 8.30, 8.19, 103569.02, 85443985, 0.33, 1.35, 1.09, 686.5809
2017-12-27, 1, wei_ruo, 9.98, 8.27, -0.12, 8.28, 8.28, 8.34, 8.24, 84255.48, 69867626, 0.27, 1.21, 0.84, 567.57307
2017-12-29, 1, wei_ruo, 9.97, 8.52, 1.91, 8.36, 8.36, 8.59, 8.31, 205554.68, 174737202, 0.65, 3.35, 2.44, 2597.8682
2018-01-03, 1, wei_ruo, 9.96, 8.54, 0.23, 8.52, 8.48, 8.59, 8.48, 135264.89, 115776534, 0.43, 1.29, 1.23, 854.90894
2018-01-04, 1, wei_ruo, 9.95, 8.52, -0.23, 8.54, 8.54, 8.57, 8.49, 110674.99, 94357908, 0.35, 0.94, 0.95, 630.88393
2018-01-05, 1, wei_ruo, 9.94, 8.63, 1.29, 8.52, 8.54, 8.73, 8.51, 200915.41, 173691381, 0.64, 2.58, 1.65, 996.26589
2018-01-08, 1, wei_ruo, 9.94, 8.61, -0.23, 8.63, 8.60, 8.67, 8.57, 178753.16, 153921020, 0.57, 1.16, 1.21, 577.01182
2018-01-09, 1, wei_ruo, 9.93, 8.52, -1.05, 8.61, 8.62, 8.62, 8.50, 127939.76, 109313893, 0.41, 1.39, 0.77, 687.67405
2018-01-10, 1, wei_ruo, 9.92, 8.44, -0.94, 8.52, 8.50, 8.55, 8.41, 134402.52, 113692213, 0.43, 1.64, 0.89, 4775.68102
2018-01-11, 1, wei_ruo, 9.92, 8.42, -0.24, 8.44, 8.43, 8.45, 8.33, 113927.85, 95513730, 0.36, 1.42, 0.76, 563.08818
2018-01-12, 1, wei_ruo, 9.92, 8.37, -0.59, 8.42, 8.42, 8.44, 8.36, 67800.78, 56873611, 0.22, 0.95, 0.45, 712.71682
2018-01-15, 1, wei_ruo, 9.91, 8.21, -1.91, 8.37, 8.37, 8.40, 8.20, 131645, 108744207, 0.42, 2.39, 1.06, 868.84594
2018-01-16, 1, wei_ruo, 9.90, 8.26, 0.61, 8.21, 8.21, 8.26, 8.19, 101164.94, 83204245, 0.32, 0.85, 0.88, 610.71992
2018-01-17, 1, wei_ruo, 9.90, 8.34, 0.97, 8.26, 8.25, 8.37, 8.25, 154201.62, 128350195, 0.49, 1.45, 1.40, 582.59106
2018-01-18, 1, wei_ruo, 9.89, 8.49, 1.80, 8.34, 8.32, 8.51, 8.32, 202732.24, 171164085, 0.64, 2.28, 1.78, 533.1161
2018-01-19, 1, wei_ruo, 9.88, 8.41, -0.94, 8.49, 8.49, 8.55, 8.38, 178661.38, 150952940, 0.57, 2.00, 1.36, 572.95895
2018-01-22, 1, wei_ruo, 9.87, 8.46, 0.59, 8.41, 8.40, 8.46, 8.38, 104649.39, 88208765, 0.33, 0.95, 0.68, 613.31606
2018-01-23, 1, wei_ruo, 9.87, 8.45, -0.12, 8.46, 8.47, 8.48, 8.42, 104449.48, 88142720, 0.33, 0.71, 0.70, 661.64589
2018-01-24, 1, wei_ruo, 9.86, 8.52, 0.83, 8.45, 8.46, 8.60, 8.45, 204837.04, 174512997, 0.65, 1.78, 1.38, 664.61992
2018-01-25, 1, wei_ruo, 9.85, 8.51, -0.12, 8.52, 8.53, 8.56, 8.47, 158084.92, 134719264, 0.50, 1.06, 0.99, 729.01583
2018-01-26, 1, wei_ruo, 9.85, 8.50, -0.12, 8.51, 8.48, 8.54, 8.47, 108209.98, 92033657, 0.34, 0.82, 0.72, 610.44598
2018-01-29, 1, wei_ruo, 9.84, 8.36, -1.65, 8.50, 8.50, 8.52, 8.33, 116416.61, 98174969, 0.37, 2.24, 0.86, 756.13785
2018-01-30, 1, wei_ruo, 9.84, 8.36, 0.00, 8.36, 8.35, 8.42, 8.32, 89895.02, 75104826, 0.29, 1.20, 0.65, 447.16787
2018-01-31, 1, wei_ruo, 9.83, 8.26, -1.20, 8.36, 8.31, 8.35, 8.23, 131511, 108869106, 0.42, 1.44, 0.97, 726.27306
2018-02-01, 1, wei_ruo, 9.82, 8.06, -2.42, 8.26, 8.25, 8.31, 8.05, 179653.3, 146837428, 0.57, 3.15, 1.49, 691.54906
2018-02-02, 1, wei_ruo, 9.82, 8.04, -0.25, 8.06, 8.05, 8.11, 7.93, 121895.22, 97713469, 0.39, 2.23, 0.97, 698.28677
2018-02-05, 1, wei_ruo, 9.81, 8.04, 0.00, 8.04, 7.98, 8.09, 7.92, 75223.1, 60346811, 0.24, 2.11, 0.59, 789.58416
2018-02-06, 1, wei_ruo, 9.80, 7.65, -4.85, 8.04, 7.95, 7.98, 7.61, 184605.61, 144325479, 0.59, 4.60, 1.54, 634.10521
2018-02-07, 1, wei_ruo, 9.79, 7.62, -0.39, 7.65, 7.73, 7.82, 7.51, 131255.63, 100823906, 0.42, 4.05, 0.95, 826.40791
2018-02-08, 1, wei_ruo, 9.78, 7.66, 0.52, 7.62, 7.62, 7.74, 7.61, 84030.52, 64497812, 0.27, 1.71, 0.64, 745.0211
2018-02-09, 1, wei_ruo, 9.77, 7.25, -5.35, 7.66, 7.50, 7.56, 7.21, 166597.41, 123231356, 0.53, 4.57, 1.62, 828.04799
2018-02-12, 1, wei_ruo, 9.77, 7.33, 1.10, 7.25, 7.31, 7.38, 7.26, 84965.04, 62223526, 0.27, 1.66, 0.64, 2786.31997
2018-02-13, 1, wei_ruo, 9.76, 7.38, 0.68, 7.33, 7.39, 7.46, 7.37, 74429.98, 55184634, 0.24, 1.23, 0.63, 643.76307
2018-02-14, 1, wei_ruo, 9.76, 7.40, 0.27, 7.38, 7.40, 7.42, 7.31, 58522.05, 43181634, 0.19, 1.49, 0.74, 688.38716
