2015-08-20, 3, zhong_du, 9.57, 9.53, -1.95, 9.72, 9.60, 9.96, 9.50, 200476.76, 195580168, 4.53, 4.73, 0.87, 771.42406
2015-08-21, 3, zhong_du, 9.56, 8.75, -8.18, 9.53, 9.20, 9.44, 8.70, 115487.03, 104561792, 2.61, 7.76, 0.49, 1022.15505
2015-08-24, 3, zhong_du, 9.53, 7.88, -9.94, 8.75, 8.41, 8.41, 7.88, 76584.46, 60987606, 1.73, 6.06, 0.36, 1033.25391
2015-08-25, 3, zhong_du, 9.49, 7.09, -10.03, 7.88, 7.09, 7.32, 7.09, 84261.67, 60048328, 1.91, 2.92, 0.48, 1326.5419
2015-08-26, 2, qing_du, 9.41, 6.65, -6.21, 7.09, 7.10, 7.36, 6.45, 128909.25, 89623615, 2.91, 12.83, 0.93, 3949.61119
2015-08-27, 1, wei_ruo, 9.37, 7.32, 10.08, 6.65, 6.88, 7.32, 6.75, 76127.87, 54362057, 1.72, 8.57, 0.63, 1141.12306
2015-08-28, 1, wei_ruo, 9.37, 8.05, 9.97, 7.32, 8.05, 8.05, 8.05, 12487.9, 10052760, 0.28, 0.00, 0.13, 4771.0731
2015-08-31, 1, wei_ruo, 9.36, 8.86, 10.06, 8.05, 8.86, 8.86, 8.86, 16660.28, 14761008, 0.38, 0.00, 0.22, 1125.17786
2015-09-01, 1, wei_ruo, 9.27, 8.27, -6.66, 8.86, 9.00, 9.75, 8.11, 622657.87, 575987361, 14.08, 18.51, 9.78, 924.36409
2015-09-02, 2, qing_du, 9.16, 7.71, -6.77, 8.27, 7.44, 8.98, 7.44, 394875.18, 320834763, 8.93, 18.62, 2.30, 1250.9768
2015-09-02, 2, qing_du, 9.16, 7.71, -6.77, 8.27, 7.44, 8.98, 7.44, 394875.18, 320834763, 8.93, 18.62, 2.30, 950.60301
2015-09-02, 2, qing_du, 9.16, 7.71, -6.77, 8.27, 7.44, 8.98, 7.44, 394875.18, 320834763, 8.93, 18.62, 2.30, 4470.45493
2015-09-07, 2, qing_du, 9.07, 7.77, 0.78, 7.71, 7.48, 8.10, 7.30, 285570.13, 220286821, 6.46, 10.38, 1.27, 1022.156
2015-09-08, 1, wei_ruo, 8.97, 7.64, -1.67, 7.77, 7.49, 7.98, 7.26, 315717.33, 238669605, 7.14, 9.27, 1.19, 1052.27208
2015-09-09, 1, wei_ruo, 8.88, 8.40, 9.95, 7.64, 7.63, 8.40, 7.48, 432978.92, 348545905, 9.79, 12.04, 1.32, 1058.7759
2015-09-10, 1, wei_ruo, 8.83, 7.99, -4.88, 8.40, 8.25, 8.30, 7.95, 307227.58, 249268061, 6.95, 4.17, 0.75, 1038.60211
2015-09-11, 1, wei_ruo, 8.79, 7.89, -1.25, 7.99, 7.83, 8.03, 7.68, 188336.88, 148135465, 4.26, 4.38, 0.54, 1017.38
2015-09-14, 1, wei_ruo, 8.71, 7.20, -8.75, 7.89, 8.05, 8.36, 7.10, 267247.93, 208770990, 6.04, 15.97, 0.87, 990.21196
2015-09-15, 1, wei_ruo, 8.62, 6.53, -9.31, 7.20, 6.98, 7.14, 6.49, 210292.34, 142781743, 4.75, 9.03, 0.70, 1113.92403
2015-09-16, 1, wei_ruo, 8.56, 7.18, 9.95, 6.53, 6.57, 7.18, 6.53, 157079.5, 106986808, 3.55, 9.95, 0.56, 1019.6681
2015-09-17, 1, wei_ruo, 8.49, 6.89, -4.04, 7.18, 7.10, 7.37, 6.85, 188793.38, 134414690, 4.27, 7.24, 0.84, 1138.42797
2015-09-18, 1, wei_ruo, 8.43, 6.83, -0.87, 6.89, 7.01, 7.06, 6.62, 162626.97, 110961935, 3.68, 6.39, 0.80, 901.30496
2015-09-21, 1, wei_ruo, 8.39, 7.17, 4.98, 6.83, 6.71, 7.19, 6.64, 142660.35, 99268908, 3.23, 8.05, 0.72, 1393.57185
2015-09-22, 1, wei_ruo, 8.35, 7.21, 0.56, 7.17, 7.15, 7.35, 7.05, 150764.1, 108225729, 3.41, 4.18, 0.88, 1148.47207
2015-09-23, 1, wei_ruo, 8.32, 7.04, -2.36, 7.21, 7.00, 7.16, 6.93, 99814.59, 70404764, 2.26, 3.19, 0.62, 915.9441
2015-09-24, 1, wei_ruo, 8.29, 7.15, 1.56, 7.04, 7.04, 7.18, 6.99, 108211.96, 76729636, 2.45, 2.70, 0.73, 1071.71011
2015-09-25, 1, wei_ruo, 8.25, 6.80, -4.90, 7.15, 7.09, 7.17, 6.75, 107462.7, 74398369, 2.43, 5.87, 0.81, 4922.92094
2015-09-28, 1, wei_ruo, 8.23, 7.04, 3.53, 6.80, 6.82, 7.08, 6.78, 70847.94, 49135956, 1.60, 4.41, 0.58, 1093.48917
2015-09-29, 1, wei_ruo, 8.20, 7.09, 0.71, 7.04, 7.00, 7.33, 6.93, 145757.92, 104285806, 3.30, 5.68, 1.36, 1129.30298
2015-09-30, 1, wei_ruo, 8.17, 7.01, -1.13, 7.09, 6.98, 7.14, 6.92, 88662, 62193137, 2.00, 3.10, 0.83, 979.08497
2015-10-08, 1, wei_ruo, 8.14, 7.21, 2.85, 7.01, 7.29, 7.30, 7.14, 124025.34, 89495891, 2.80, 2.28, 1.19, 908.69594
2015-10-09, 1, wei_ruo, 8.12, 7.37, 2.22, 7.21, 7.24, 7.39, 7.18, 122510.91, 89161281, 2.77, 2.91, 1.14, 1247.92004
2015-10-12, 1, wei_ruo, 8.10, 7.70, 4.48, 7.37, 7.38, 7.80, 7.32, 185414.46, 141532422, 4.19, 6.51, 1.68, 1342.37695
2015-10-13, 1, wei_ruo, 8.09, 7.77, 0.91, 7.70, 7.62, 7.79, 7.58, 130676.2, 100437907, 2.95, 2.73, 0.98, 853.64389
2015-10-14, 1, wei_ruo, 8.08, 8.08, 3.99, 7.77, 7.72, 8.26, 7.69, 216255.58, 172395668, 4.89, 7.34, 1.66, 1231.5309
2015-10-15, 1, wei_ruo, 8.10, 8.51, 5.32, 8.08, 7.90, 8.74, 7.85, 282607.56, 236049710, 6.39, 11.01, 1.81, 898.21887
2015-10-16, 1, wei_ruo, 8.12, 8.50, -0.12, 8.51, 8.40, 8.60, 8.10, 310145.5, 259753892, 7.01, 5.88, 1.65, 1267.84897
2015-10-19, 1, wei_ruo, 8.13, 8.17, -3.88, 8.50, 8.43, 8.47, 8.09, 188580.13, 155072681, 4.26, 4.47, 0.84, 1099.62988
2015-10-29, 1, wei_ruo, 8.08, 8.00, 0.88, 7.93, 7.90, 8.07, 7.79, 111322.21, 88439378, 2.52, 3.53, 0.95, 1024.53899
2015-10-30, 1, wei_ruo, 8.08, 8.01, 0.13, 8.00, 7.94, 8.14, 7.79, 106340.45, 84770476, 2.40, 4.38, 0.92, 1088.42993
2015-11-02, 2, qing_du, 8.08, 8.17, 2.00, 8.01, 7.88, 8.27, 7.81, 160367.76, 130057406, 3.63, 5.74, 1.42, 1184.7868
2015-11-03, 2, qing_du, 8.09, 8.41, 2.94, 8.17, 8.11, 8.65, 7.99, 223930.77, 185221057, 5.06, 8.08, 1.86, 235.28314
2015-11-04, 3, zhong_du, 8.12, 8.65, 2.85, 8.41, 8.45, 8.71, 8.32, 286807.54, 244985784, 6.48, 4.64, 2.02, 1098.96612
2015-11-05, 3, zhong_du, 8.14, 8.51, -1.62, 8.65, 8.61, 8.67, 8.42, 188074.72, 160458595, 4.25, 2.89, 1.06, 1340.41595
2015-11-06, 4, gao_du, 8.16, 8.58, 0.82, 8.51, 8.52, 8.69, 8.49, 139660.6, 120000726, 3.16, 2.35, 0.72, 1080.15203
2015-11-09, 4, gao_du, 8.18, 8.72, 1.63, 8.58, 8.45, 8.97, 8.25, 197041.98, 168598498, 4.46, 8.39, 0.99, 16813.00116
2015-11-10, 4, gao_du, 8.20, 8.84, 1.38, 8.72, 8.60, 8.95, 8.57, 194757.04, 170613630, 4.40, 4.36, 0.94, 419.0011
2015-11-11, 4, gao_du, 8.20, 8.86, 0.23, 8.84, 8.84, 9.03, 8.67, 164402.55, 145638389, 3.72, 4.07, 0.82, 256.31404
2015-11-12, 5, qiang_lie, 8.24, 8.70, -1.81, 8.86, 8.85, 8.92, 8.55, 140045.6, 121871644, 3.17, 4.18, 0.79, 888.00597
2015-11-13, 5, qiang_lie, 8.25, 8.39, -3.56, 8.70, 8.60, 8.63, 8.32, 113296.8, 96014613, 2.56, 3.56, 0.68, 3160.01701
2015-11-16, 4, gao_du, 8.25, 8.51, 1.43, 8.39, 8.18, 8.53, 8.16, 84898.25, 70774952, 1.92, 4.41, 0.52, 2858.68287
2015-11-17, 4, gao_du, 8.26, 8.43, -0.94, 8.51, 8.55, 8.68, 8.41, 119903.37, 102768435, 2.71, 3.17, 0.86, 1018.73207
2015-11-18, 4, gao_du, 8.26, 8.46, 0.36, 8.43, 8.40, 8.68, 8.39, 91766.47, 78326386, 2.07, 3.44, 0.74, 1225.79288
2015-11-19, 4, gao_du, 8.27, 8.66, 2.36, 8.46, 8.46, 8.69, 8.45, 89523.21, 76939617, 2.02, 2.84, 0.81, 32200.16003
2015-11-20, 4, gao_du, 8.30, 8.95, 3.35, 8.66, 8.61, 9.17, 8.61, 203502.47, 181546128, 4.60, 6.47, 2.04, 16801.43809
2015-11-23, 5, qiang_lie, 8.33, 8.86, -1.01, 8.95, 8.92, 9.19, 8.78, 170750.38, 153798463, 3.86, 4.58, 1.45, 32841.90798
2015-11-24, 5, qiang_lie, 8.35, 9.16, 3.39, 8.86, 8.85, 9.28, 8.78, 143745.06, 130287765, 3.25, 5.64, 1.06, 3040.15398
2015-11-25, 5, qiang_lie, 8.46, 10.08, 10.04, 9.16, 9.12, 10.08, 9.10, 341736.99, 333563098, 7.73, 10.70, 2.44, 1261.36804
2015-11-26, 5, qiang_lie, 8.60, 9.84, -2.38, 10.08, 10.30, 10.48, 9.76, 412760.75, 416100201, 9.33, 7.14, 2.17, 1044.6701
2015-11-27, 5, qiang_lie, 8.65, 8.89, -9.65, 9.84, 9.72, 9.95, 8.86, 291182.41, 274726186, 6.58, 11.08, 1.14, 1706.41899
2015-11-30, 5, qiang_lie, 8.67, 9.34, 5.06, 8.89, 8.91, 9.38, 8.40, 222088.37, 198706553, 5.02, 11.02, 0.82, 939.32199
2015-12-01, 5, qiang_lie, 8.76, 10.27, 9.96, 9.34, 9.18, 10.27, 9.10, 343823.96, 342209011, 7.77, 12.53, 1.22, 1094.04922
2015-12-02, 5, qiang_lie, 8.89, 10.36, 0.88, 10.27, 10.26, 10.55, 9.66, 419816.39, 427571406, 9.49, 8.67, 1.30, 872.298
2015-12-03, 5, qiang_lie, 8.89, 10.62, 2.51, 10.36, 10.21, 10.72, 10.01, 397485.54, 413234924, 8.99, 6.85, 1.18, 769.82498
2015-12-04, 5, qiang_lie, 9.10, 10.05, -5.37, 10.62, 10.50, 10.55, 9.95, 287359.27, 293306367, 6.50, 5.65, 0.86, 627.2881
2015-12-08, 5, qiang_lie, 9.12, 9.40, -6.47, 10.05, 9.65, 9.68, 9.19, 263822.96, 249556523, 5.97, 4.88, 0.79, 740.93008
2015-12-09, 5, qiang_lie, 9.13, 9.36, -0.43, 9.40, 9.21, 9.39, 9.04, 154089.15, 142161962, 3.48, 3.72, 0.45, 620.29099
2015-12-10, 5, qiang_lie, 9.13, 9.16, -2.14, 9.36, 9.30, 9.58, 9.10, 140709.05, 130652125, 3.18, 5.13, 0.46, 756.19102
2015-12-11, 4, gao_du, 9.13, 8.85, -3.38, 9.16, 9.10, 9.19, 8.80, 120946, 108227857, 2.73, 4.26, 0.49, 1172.95408
2015-12-14, 4, gao_du, 9.12, 9.11, 2.94, 8.85, 8.70, 9.12, 8.70, 86185.52, 77221469, 1.95, 4.75, 0.45, 1187.97708
2015-12-15, 3, zhong_du, 9.12, 9.15, 0.44, 9.11, 9.06, 9.27, 9.00, 74146.68, 67990559, 1.68, 2.96, 0.48, 986.80806
2015-12-16, 3, zhong_du, 9.13, 9.24, 0.98, 9.15, 9.18, 9.47, 9.18, 106399.2, 99129791, 2.41, 3.17, 0.92, 1455.71303
2015-12-17, 3, zhong_du, 9.14, 9.39, 1.62, 9.24, 9.35, 9.44, 9.29, 133403.46, 124780328, 3.02, 1.62, 1.26, 981.2839
2015-12-18, 4, gao_du, 9.15, 9.41, 0.21, 9.39, 9.40, 9.66, 9.35, 146627.28, 139128507, 3.32, 3.30, 1.41, 2698.86398
2015-12-21, 4, gao_du, 9.15, 9.49, 0.85, 9.41, 9.31, 9.50, 9.26, 108696.59, 101967713, 2.46, 2.55, 0.99, 1226.93396
2015-12-22, 4, gao_du, 9.16, 9.46, -0.32, 9.49, 9.49, 9.51, 9.29, 101735.32, 95578080, 2.30, 2.32, 0.89, 2823.62199
2015-12-23, 4, gao_du, 9.16, 9.20, -2.75, 9.46, 9.45, 9.48, 9.18, 97588.5, 91301625, 2.21, 3.17, 0.82, 2801.45717
2015-12-24, 3, zhong_du, 9.16, 9.10, -1.09, 9.20, 9.21, 9.36, 8.99, 82995.56, 75774212, 1.88, 4.02, 0.71, 1045.19415
2015-12-25, 3, zhong_du, 9.16, 9.38, 3.08, 9.10, 9.12, 9.39, 9.12, 82780.57, 76976586, 1.87, 2.97, 0.77, 755.12695
2015-12-28, 3, zhong_du, 9.17, 9.19, -2.03, 9.38, 9.41, 9.59, 9.16, 129616.8, 121850229, 2.93, 4.58, 1.37, 4723.06895
2015-12-29, 3, zhong_du, 9.17, 9.32, 1.41, 9.19, 9.14, 9.35, 8.90, 86920.35, 79585714, 1.97, 4.90, 0.88, 963.87792
2015-12-30, 3, zhong_du, 9.17, 9.40, 0.86, 9.32, 9.35, 9.44, 9.23, 65852.24, 61605899, 1.49, 2.25, 0.67, 2769.2101
2015-12-31, 3, zhong_du, 9.17, 9.13, -2.87, 9.40, 9.34, 9.42, 9.12, 68814.08, 63828401, 1.56, 3.19, 0.70, 993.17312
2016-01-04, 2, qing_du, 9.16, 8.22, -9.97, 9.13, 9.08, 9.33, 8.22, 87455.15, 76140505, 1.98, 12.16, 1.37, 4138.14902
2016-01-05, 2, qing_du, 9.14, 8.15, -0.85, 8.22, 7.83, 8.39, 7.80, 105973.12, 86008608, 2.40, 7.18, 1.07, 816.64205
2016-01-06, 1, wei_ruo, 9.12, 8.39, 2.94, 8.15, 8.16, 8.41, 8.15, 79567.09, 65879012, 1.80, 3.19, 0.80, 1073.49181
2016-01-07, 1, wei_ruo, 9.12, 7.61, -9.30, 8.39, 8.30, 8.30, 7.57, 17506, 13979003, 0.40, 8.70, 1.42, 802.75011
2016-01-08, 1, wei_ruo, 9.12, 7.74, 1.71, 7.61, 7.90, 7.91, 7.31, 81546.23, 62753436, 1.84, 7.88, 0.82, 1457.5069
2016-01-11, 1, wei_ruo, 9.09, 6.97, -9.95, 7.74, 7.58, 7.62, 6.97, 89057.69, 64603183, 2.01, 8.40, 0.90, 1014.35995
2016-01-12, 1, wei_ruo, 9.06, 7.08, 1.58, 6.97, 7.06, 7.10, 6.81, 62489.44, 43745792, 1.41, 4.16, 0.63, 2990.134
2016-01-13, 1, wei_ruo, 9.03, 6.85, -3.25, 7.08, 7.08, 7.17, 6.81, 44370.55, 31297108, 1.00, 5.08, 0.45, 866.23001
2016-01-14, 1, wei_ruo, 9.00, 7.09, 3.50, 6.85, 6.67, 7.16, 6.52, 64695.79, 44321564, 1.46, 9.34, 0.65, 1955.99985
2016-01-15, 1, wei_ruo, 8.98, 6.78, -4.37, 7.09, 7.03, 7.12, 6.66, 55773.62, 38599946, 1.26, 6.49, 0.56, 4155.94292
2016-01-18, 1, wei_ruo, 8.95, 6.90, 1.77, 6.78, 6.55, 6.99, 6.55, 46423.81, 31751148, 1.05, 6.49, 0.47, 3978.72806
2016-01-19, 1, wei_ruo, 8.92, 7.42, 7.54, 6.90, 6.90, 7.59, 6.83, 97916.06, 71148188, 2.21, 11.01, 0.99, 785.25996
2016-01-20, 1, wei_ruo, 8.89, 7.27, -2.02, 7.42, 7.31, 7.36, 7.12, 72306.52, 52362708, 1.63, 3.23, 0.73, 745.10598
2016-01-21, 1, wei_ruo, 8.87, 6.94, -4.54, 7.27, 7.15, 7.29, 6.90, 51376.51, 36584817, 1.16, 5.36, 0.52, 2922.45698
2016-01-22, 1, wei_ruo, 8.85, 7.05, 1.59, 6.94, 7.01, 7.14, 6.81, 33895.46, 23716018, 0.77, 4.76, 0.34, 1012.63213
2016-01-25, 1, wei_ruo, 8.84, 7.16, 1.56, 7.05, 7.11, 7.28, 7.06, 38111.84, 27336654, 0.86, 3.12, 0.39, 3684.87716
2016-01-26, 1, wei_ruo, 8.81, 6.61, -7.68, 7.16, 7.07, 7.20, 6.51, 54252.68, 37405178, 1.23, 9.64, 0.55, 1866.38498
2016-01-27, 1, wei_ruo, 8.78, 6.49, -1.82, 6.61, 6.68, 6.72, 6.06, 68972.05, 44061389, 1.56, 9.98, 0.70, 3385.24604
2016-01-28, 1, wei_ruo, 8.76, 6.15, -5.24, 6.49, 6.39, 6.51, 6.10, 35666.31, 22591898, 0.81, 6.32, 0.36, 1035.30788
2016-01-29, 1, wei_ruo, 8.74, 6.38, 3.74, 6.15, 6.09, 6.42, 6.09, 37253.51, 23470564, 0.84, 5.37, 0.38, 2971.48395
2016-02-01, 1, wei_ruo, 8.71, 6.45, 1.10, 6.38, 6.37, 6.58, 6.23, 43126.58, 27760130, 0.98, 5.49, 0.44, 2696.97618
2016-02-02, 1, wei_ruo, 8.69, 6.65, 3.10, 6.45, 6.44, 6.73, 6.40, 50163.02, 33184427, 1.13, 5.12, 0.51, 928.15304
2016-02-03, 1, wei_ruo, 8.67, 6.67, 0.30, 6.65, 6.54, 6.70, 6.43, 45939.88, 30056678, 1.04, 4.06, 0.46, 1182.44815
2016-02-04, 1, wei_ruo, 8.65, 6.76, 1.35, 6.67, 6.68, 6.81, 6.64, 41844.03, 28260767, 0.95, 2.55, 0.42, 2739.80999
2016-02-05, 1, wei_ruo, 8.63, 6.76, 0.00, 6.76, 6.78, 6.85, 6.70, 48964.84, 33160188, 1.11, 2.22, 0.49, 832.49283
2016-02-15, 1, wei_ruo, 8.61, 6.62, -2.07, 6.76, 6.41, 6.67, 6.41, 42546.08, 28068317, 0.96, 3.85, 0.43, 894.26899
2016-02-16, 1, wei_ruo, 8.59, 6.89, 4.08, 6.62, 6.68, 6.92, 6.65, 56516.14, 38500243, 1.28, 4.08, 0.57, 971.14015
2016-02-17, 1, wei_ruo, 8.56, 6.94, 0.73, 6.89, 6.88, 7.01, 6.77, 62924.36, 43355555, 1.42, 3.48, 0.64, 2704.89597
2016-02-18, 1, wei_ruo, 8.54, 6.95, 0.14, 6.94, 6.99, 7.14, 6.93, 58757.07, 41171417, 1.33, 3.03, 0.59, 5927.46806
2016-02-19, 1, wei_ruo, 8.53, 7.05, 1.44, 6.95, 6.96, 7.11, 6.90, 31519.66, 22044000, 0.71, 3.02, 0.40, 2732.00607
2016-02-22, 1, wei_ruo, 8.53, 7.21, 1.98, 7.07, 7.11, 7.24, 7.07, 53053.24, 37928578, 1.20, 2.40, 1.00, 1313.03191
2016-02-23, 1, wei_ruo, 8.52, 7.22, 0.14, 7.21, 7.25, 7.28, 7.09, 61877.95, 44472119, 1.40, 2.64, 1.12, 2698.08602
2016-02-24, 1, wei_ruo, 8.50, 7.42, 2.77, 7.22, 7.19, 7.43, 7.16, 82047.17, 59783493, 1.86, 3.74, 1.46, 25925.79889
2016-02-25, 1, wei_ruo, 8.46, 6.68, -9.97, 7.42, 7.37, 7.38, 6.68, 93390.38, 65234035, 2.11, 9.43, 1.55, 2292.35697
2016-02-26, 1, wei_ruo, 8.43, 6.72, 0.60, 6.68, 6.80, 6.89, 6.42, 77188.4, 51961812, 1.75, 7.04, 1.15, 810.77719
2016-02-29, 1, wei_ruo, 8.41, 6.38, -5.06, 6.72, 6.60, 6.70, 6.20, 58416.32, 37311227, 1.32, 7.44, 0.79, 3017.72189
2016-03-01, 1, wei_ruo, 8.39, 6.58, 3.13, 6.38, 6.42, 6.61, 6.31, 39965.37, 25886910, 0.90, 4.70, 0.54, 1565.88984
2016-03-02, 1, wei_ruo, 8.36, 7.05, 7.14, 6.58, 6.53, 7.10, 6.53, 71018.77, 48594697, 1.61, 8.66, 1.01, 2805.91297
2016-03-03, 1, wei_ruo, 8.34, 7.14, 1.28, 7.05, 7.00, 7.35, 6.97, 81339.52, 58581365, 1.84, 5.39, 1.20, 2574.08786
2016-03-04, 1, wei_ruo, 8.31, 7.16, 0.28, 7.14, 7.10, 7.49, 7.00, 111391.11, 80469681, 2.52, 6.86, 1.70, 2931.64802
2016-03-07, 1, wei_ruo, 8.29, 7.21, 0.70, 7.16, 7.24, 7.35, 7.08, 110907.61, 79701758, 2.51, 3.77, 1.53, 883.09216
2016-03-08, 2, qing_du, 8.26, 7.12, -1.25, 7.21, 7.16, 7.18, 6.78, 83819.91, 58622048, 1.90, 5.55, 1.01, 859.21001
2016-03-09, 2, qing_du, 8.24, 6.89, -3.23, 7.12, 6.95, 6.97, 6.75, 57565.89, 39669087, 1.30, 3.09, 0.63, 2115.14282
2016-03-10, 2, qing_du, 8.23, 6.78, -1.60, 6.89, 6.91, 6.95, 6.76, 39169.87, 26804987, 0.89, 2.76, 0.44, 847.06903
2016-03-11, 1, wei_ruo, 8.22, 6.78, 0.00, 6.78, 6.69, 6.85, 6.63, 35403.28, 23942876, 0.80, 3.24, 0.44, 2127.90203
2016-03-14, 1, wei_ruo, 8.20, 7.04, 3.83, 6.78, 6.84, 7.09, 6.82, 64756.99, 45376762, 1.46, 3.98, 0.99, 2011.64699
2016-03-15, 1, wei_ruo, 8.19, 6.94, -1.42, 7.04, 7.02, 7.02, 6.85, 52332.12, 36331019, 1.18, 2.41, 0.93, 1905.42006
2016-03-16, 2, qing_du, 8.17, 6.88, -0.86, 6.94, 6.96, 7.04, 6.81, 43347.74, 30038798, 0.98, 3.31, 0.87, 1694.906
2016-03-17, 2, qing_du, 8.16, 7.09, 3.05, 6.88, 6.93, 7.10, 6.88, 73840.31, 51848817, 1.67, 3.20, 1.57, 778.47719
2016-03-18, 2, qing_du, 8.13, 7.27, 2.54, 7.09, 7.11, 7.28, 7.09, 96827.56, 69858335, 2.19, 2.68, 1.80, 2615.88812
2016-03-21, 3, zhong_du, 8.12, 7.40, 1.79, 7.27, 7.30, 7.42, 7.26, 95544.54, 70141347, 2.16, 2.20, 1.44, 732.97596
2016-03-22, 3, zhong_du, 8.10, 7.28, -1.62, 7.40, 7.30, 7.38, 7.25, 73714.06, 53913445, 1.67, 1.76, 1.02, 714.76102
2016-03-23, 4, gao_du, 8.09, 7.39, 1.51, 7.28, 7.28, 7.45, 7.25, 74340.62, 54558102, 1.68, 2.75, 0.97, 694.556
2016-03-24, 4, gao_du, 8.08, 7.19, -2.71, 7.39, 7.32, 7.37, 7.18, 53502.59, 38867293, 1.21, 2.57, 0.65, 691.79797
2016-03-25, 4, gao_du, 8.07, 7.28, 1.25, 7.19, 7.18, 7.31, 7.18, 42138.48, 30567901, 0.95, 1.81, 0.53, 605.36313
2016-03-28, 4, gao_du, 8.06, 7.33, 0.69, 7.28, 7.34, 7.46, 7.27, 83064.06, 61313796, 1.88, 2.61, 1.22, 4723.06514
2016-03-29, 4, gao_du, 8.05, 7.06, -3.68, 7.33, 7.27, 7.35, 7.00, 61290.2, 43825564, 1.39, 4.77, 0.94, 763.68904
2016-03-30, 4, gao_du, 8.03, 7.42, 5.10, 7.06, 7.12, 7.45, 7.10, 91355.83, 66583271, 2.07, 4.96, 1.45, 1201.4401
2016-03-31, 4, gao_du, 8.02, 7.42, 0.00, 7.42, 7.47, 7.48, 7.36, 62241.09, 46196172, 1.41, 1.62, 0.94, 1163.96689
2016-04-01, 5, qiang_lie, 8.02, 7.40, -0.27, 7.42, 7.38, 7.41, 7.25, 57255.61, 41961077, 1.29, 2.16, 0.84, 1537.01806
2016-04-05, 5, qiang_lie, 8.00, 7.61, 2.84, 7.40, 7.40, 7.63, 7.34, 108637.64, 81540876, 2.46, 3.92, 1.53, 681.04291
2016-04-06, 5, qiang_lie, 8.00, 7.57, -0.53, 7.61, 7.56, 7.64, 7.48, 70894.46, 53604140, 1.60, 2.10, 0.93, 516.68501
2016-04-07, 5, qiang_lie, 7.99, 7.44, -1.72, 7.57, 7.60, 7.76, 7.42, 88444.7, 66546547, 2.00, 4.49, 1.13, 2317.00802
2016-04-08, 5, qiang_lie, 7.98, 7.31, -1.75, 7.44, 7.40, 7.43, 7.18, 74398.31, 54435958, 1.68, 3.36, 0.96, 726.47595
2016-04-11, 5, qiang_lie, 7.96, 7.67, 4.92, 7.31, 7.35, 7.76, 7.35, 124616.19, 94601604, 2.82, 5.61, 1.56, 959.89299
2016-04-12, 5, qiang_lie, 7.96, 7.62, -0.65, 7.67, 7.60, 7.65, 7.46, 70464.29, 53106874, 1.59, 2.48, 0.75, 916.23688
2016-04-13, 5, qiang_lie, 7.95, 7.77, 1.97, 7.62, 7.62, 7.97, 7.62, 126357.09, 98844474, 2.86, 4.59, 1.47, 838.96804
2016-04-14, 5, qiang_lie, 7.95, 7.93, 2.06, 7.77, 7.82, 7.98, 7.74, 78283.16, 61393432, 1.77, 3.09, 0.81, 877.20299
2016-04-15, 5, qiang_lie, 7.95, 8.07, 1.77, 7.93, 7.89, 8.15, 7.88, 113497.13, 91091709, 2.57, 3.40, 1.20, 1333.59694
2016-04-18, 5, qiang_lie, 7.95, 7.88, -2.35, 8.07, 8.06, 8.06, 7.82, 72825.88, 57463218, 1.65, 2.97, 0.71, 526.58606
2016-04-19, 5, qiang_lie, 7.95, 7.99, 1.40, 7.88, 7.90, 8.03, 7.84, 70292.11, 55682144, 1.59, 2.41, 0.76, 618.45207
2016-04-20, 5, qiang_lie, 7.95, 7.55, -5.51, 7.99, 8.00, 8.01, 7.34, 100723.38, 77054782, 2.28, 8.39, 1.09, 3807.55401
2016-04-21, 5, qiang_lie, 7.94, 7.46, -1.19, 7.55, 7.55, 7.75, 7.42, 76499.33, 58144816, 1.73, 4.37, 0.88, 1001.30296
2016-04-22, 5, qiang_lie, 7.93, 7.62, 2.14, 7.46, 7.41, 7.63, 7.37, 57332.44, 43108185, 1.30, 3.49, 0.66, 753.84212
2016-04-25, 5, qiang_lie, 7.93, 7.57, -0.66, 7.62, 7.60, 7.60, 7.42, 55055.04, 41365088, 1.24, 2.36, 0.73, 639.68015
2016-04-26, 5, qiang_lie, 7.93, 7.77, 2.64, 7.57, 7.54, 7.78, 7.43, 51837.27, 39549484, 1.17, 4.62, 0.72, 495.4381
2016-04-27, 5, qiang_lie, 7.92, 7.70, -0.90, 7.77, 7.76, 7.90, 7.66, 81299.7, 63182577, 1.84, 3.09, 1.19, 299.71504
2016-04-28, 5, qiang_lie, 7.92, 7.66, -0.52, 7.70, 7.74, 7.74, 7.46, 58526.93, 44520086, 1.32, 3.64, 0.91, 2815.75704
2016-04-29, 5, qiang_lie, 7.92, 7.69, 0.39, 7.66, 7.60, 7.78, 7.54, 45138.15, 34524280, 1.02, 3.13, 0.74, 2361.38988
2016-05-03, 5, qiang_lie, 7.92, 8.02, 4.29, 7.69, 7.72, 8.05, 7.64, 91340.82, 72230727, 2.07, 5.33, 1.56, 2570.01495
2016-05-04, 5, qiang_lie, 7.92, 7.99, -0.37, 8.02, 7.94, 8.04, 7.90, 58065.87, 46265220, 1.31, 1.75, 0.88, 489.98713
2016-05-05, 5, qiang_lie, 7.92, 8.01, 0.25, 7.99, 7.98, 8.02, 7.91, 41614.72, 33163050, 0.94, 1.38, 0.62, 673.9831
2016-05-06, 5, qiang_lie, 7.91, 7.49, -6.49, 8.01, 8.02, 8.03, 7.48, 98014, 75418951, 2.22, 6.87, 1.66, 1643.13388
2016-05-09, 5, qiang_lie, 7.90, 7.19, -4.01, 7.49, 7.44, 7.49, 7.13, 62322.54, 45400218, 1.41, 4.81, 0.93, 4768.75901
2016-05-10, 4, gao_du, 7.90, 7.29, 1.39, 7.19, 7.11, 7.31, 7.11, 40561.25, 29373754, 0.92, 2.78, 0.58, 2784.01613
2016-05-11, 3, zhong_du, 7.89, 7.16, -1.78, 7.29, 7.30, 7.35, 7.13, 32066.88, 23216555, 0.73, 3.02, 0.53, 900.9428
2016-05-12, 2, qing_du, 7.88, 7.06, -1.40, 7.16, 7.05, 7.08, 6.82, 39215.3, 27327616, 0.89, 3.63, 0.71, 2128.79205
2016-05-13, 2, qing_du, 7.88, 7.10, 0.57, 7.06, 7.02, 7.15, 7.00, 27609.76, 19563652, 0.62, 2.12, 0.51, 872.12014
2016-05-16, 2, qing_du, 7.87, 7.20, 1.41, 7.10, 7.08, 7.21, 6.96, 43917.47, 31124851, 0.99, 3.52, 1.09, 14460.85596
2016-05-17, 2, qing_du, 7.86, 7.15, -0.69, 7.20, 7.17, 7.24, 7.06, 43254.23, 30901823, 0.98, 2.50, 1.18, 2049.76082
2016-05-18, 2, qing_du, 7.85, 6.86, -4.06, 7.15, 7.06, 7.13, 6.73, 46823.93, 32281223, 1.06, 5.59, 1.26, 2709.16009
2016-05-19, 1, wei_ruo, 7.84, 6.99, 1.90, 6.86, 6.88, 7.06, 6.86, 47994.46, 33463016, 1.09, 2.92, 1.19, 825.21319
2016-05-20, 1, wei_ruo, 7.84, 7.03, 0.57, 6.99, 6.90, 7.04, 6.87, 23362.51, 16262052, 0.53, 2.43, 0.56, 1205.29389
2016-05-23, 1, wei_ruo, 7.84, 7.11, 1.14, 7.03, 6.98, 7.15, 6.98, 29673.96, 21038406, 0.67, 2.42, 0.72, 1796.736
2016-05-24, 1, wei_ruo, 7.83, 6.95, -2.25, 7.11, 7.18, 7.18, 6.91, 41345.13, 28963049, 0.93, 3.80, 1.08, 479.75397
2016-05-25, 1, wei_ruo, 7.82, 6.97, 0.29, 6.95, 7.00, 7.07, 6.90, 28569.44, 19997316, 0.65, 2.45, 0.75, 736.24301
2016-05-26, 1, wei_ruo, 7.82, 7.02, 0.72, 6.97, 6.93, 7.04, 6.83, 31031.54, 21492656, 0.70, 3.01, 0.81, 628.27206
2016-05-27, 1, wei_ruo, 7.81, 7.10, 1.14, 7.02, 7.04, 7.18, 7.01, 32193.29, 22877887, 0.73, 2.42, 0.84, 4338.66215
2016-05-30, 1, wei_ruo, 7.81, 7.06, -0.56, 7.10, 7.06, 7.14, 6.93, 20611.06, 14571350, 0.47, 2.96, 0.54, 465.95001
2016-05-31, 1, wei_ruo, 7.80, 7.34, 3.97, 7.06, 7.07, 7.37, 7.06, 53981.47, 39186372, 1.22, 4.39, 1.41, 737.55884
2016-06-01, 1, wei_ruo, 7.80, 7.38, 0.54, 7.34, 7.31, 7.42, 7.31, 44696.46, 32931612, 1.01, 1.50, 1.17, 581.24781
2016-06-02, 1, wei_ruo, 7.80, 7.41, 0.41, 7.38, 7.33, 7.43, 7.30, 41099.16, 30263692, 0.93, 1.76, 1.08, 599.22695
2016-06-03, 2, qing_du, 7.79, 7.41, 0.00, 7.41, 7.41, 7.44, 7.33, 34523.37, 25505118, 0.78, 1.48, 0.90, 657.77612
2016-06-06, 2, qing_du, 7.79, 7.43, 0.27, 7.41, 7.41, 7.47, 7.35, 27661.31, 20531907, 0.63, 1.62, 0.72, 718.83416
2016-06-07, 2, qing_du, 7.78, 7.39, -0.54, 7.43, 7.43, 7.47, 7.32, 28187.69, 20820909, 0.64, 2.02, 0.74, 503.24082
2016-06-08, 2, qing_du, 7.78, 7.33, -0.81, 7.39, 7.38, 7.39, 7.23, 28092.54, 20541282, 0.64, 2.17, 0.73, 598.42515
2016-06-13, 2, qing_du, 7.77, 6.98, -4.77, 7.33, 7.22, 7.24, 6.96, 47032.61, 33533351, 1.06, 3.82, 1.23, 599.37811
2016-06-14, 1, wei_ruo, 7.76, 6.94, -0.57, 6.98, 6.92, 7.03, 6.84, 48513.53, 33614883, 1.10, 2.72, 1.27, 607.73087
2016-06-15, 1, wei_ruo, 7.76, 7.19, 3.60, 6.94, 6.88, 7.24, 6.85, 46349.46, 32906353, 1.05, 5.62, 1.21, 5747.27297
2016-06-16, 1, wei_ruo, 7.75, 7.08, -1.53, 7.19, 7.18, 7.20, 7.04, 44931.26, 31962445, 1.02, 2.23, 1.18, 574.7869
2016-06-17, 1, wei_ruo, 7.75, 7.15, 0.99, 7.08, 7.10, 7.24, 7.08, 44183.24, 31736020, 1.00, 2.26, 1.16, 735.48198
2016-06-20, 1, wei_ruo, 7.74, 7.24, 1.26, 7.15, 7.12, 7.24, 7.03, 31616.77, 22609547, 0.71, 2.94, 0.83, 18437.02102
2016-06-21, 1, wei_ruo, 7.74, 7.16, -1.10, 7.24, 7.29, 7.36, 7.14, 36233.72, 26348769, 0.82, 3.04, 0.95, 669.69705
2016-06-22, 1, wei_ruo, 7.73, 7.30, 1.96, 7.16, 7.12, 7.30, 7.11, 31704.35, 22880569, 0.72, 2.65, 0.83, 745.46099
2016-06-23, 1, wei_ruo, 7.73, 7.23, -0.96, 7.30, 7.28, 7.32, 7.15, 27290.28, 19754433, 0.62, 2.33, 0.71, 666.12983
2016-06-24, 1, wei_ruo, 7.72, 7.16, -0.97, 7.23, 7.24, 7.36, 7.00, 53165.6, 38251179, 1.20, 4.98, 1.39, 609.00521
2016-06-27, 1, wei_ruo, 7.72, 7.39, 3.21, 7.16, 7.08, 7.42, 7.07, 51779.73, 37760407, 1.17, 4.89, 1.35, 744.75694
2016-06-28, 1, wei_ruo, 7.71, 7.47, 1.22, 7.38, 7.38, 7.52, 7.34, 55556.25, 41327350, 1.26, 2.44, 1.45, 902.35615
2016-06-30, 3, zhong_du, 7.71, 7.47, -0.27, 7.49, 7.48, 7.53, 7.43, 33842.56, 25284413, 0.77, 1.34, 0.89, 2365.28921
2016-07-01, 3, zhong_du, 7.71, 7.46, -0.13, 7.47, 7.46, 7.60, 7.46, 34778.54, 26175182, 0.79, 1.87, 0.91, 489.35795
2016-07-04, 4, gao_du, 7.71, 7.69, 3.08, 7.46, 7.42, 7.70, 7.42, 49052.76, 37408663, 1.11, 3.75, 1.28, 2800.68898
2016-07-05, 4, gao_du, 7.71, 7.79, 1.30, 7.69, 7.68, 7.80, 7.62, 61544.09, 47339475, 1.39, 2.34, 1.61, 2611.33003
2016-07-06, 4, gao_du, 7.71, 7.73, -0.77, 7.79, 7.71, 7.79, 7.66, 38525.67, 29726833, 0.87, 1.67, 1.01, 18719.27691
2016-07-07, 5, qiang_lie, 7.71, 7.74, 0.13, 7.73, 7.72, 7.82, 7.66, 41429.42, 32078952, 0.94, 2.07, 1.08, 12350.75307
2016-07-08, 5, qiang_lie, 7.71, 7.72, -0.26, 7.74, 7.73, 7.77, 7.65, 34739.58, 26771116, 0.79, 1.55, 0.91, 12178.07388
2016-07-11, 5, qiang_lie, 7.71, 7.73, 0.13, 7.72, 7.73, 7.80, 7.70, 38535.75, 29858765, 0.87, 1.30, 1.01, 6173.50698
2016-07-12, 5, qiang_lie, 7.71, 7.76, 0.39, 7.73, 7.73, 7.84, 7.58, 66134.09, 50925054, 1.50, 3.36, 1.73, 28961.03001
2016-07-13, 5, qiang_lie, 7.71, 7.82, 0.77, 7.76, 7.80, 7.93, 7.74, 64925.27, 50789492, 1.47, 2.45, 1.70, 2684.29708
2016-07-14, 5, qiang_lie, 7.71, 7.84, 0.26, 7.82, 7.79, 7.92, 7.73, 67876.97, 53086315, 1.53, 2.43, 1.78, 3874.14598
2016-07-15, 5, qiang_lie, 7.72, 7.94, 1.28, 7.84, 7.86, 7.94, 7.82, 53055.55, 41811735, 1.20, 1.53, 1.39, 2035.17008
2016-07-18, 5, qiang_lie, 7.72, 7.74, -2.52, 7.94, 7.92, 7.96, 7.69, 63599.57, 49572865, 1.44, 3.40, 1.66, 5579.71597
2016-07-19, 5, qiang_lie, 7.72, 7.84, 1.29, 7.74, 7.73, 7.89, 7.66, 49988.44, 38884438, 1.13, 2.97, 1.31, 614.00199
2016-07-20, 5, qiang_lie, 7.72, 7.92, 1.02, 7.84, 7.83, 8.03, 7.83, 74483.94, 59302288, 1.68, 2.55, 1.95, 551.93806
2016-07-21, 5, qiang_lie, 7.71, 7.90, -0.25, 7.92, 7.92, 7.98, 7.80, 51377.69, 40667494, 1.16, 2.27, 1.34, 789.08396
2016-07-22, 5, qiang_lie, 7.72, 7.89, -0.13, 7.90, 7.91, 7.93, 7.85, 42145.83, 33231453, 0.95, 1.01, 1.10, 601.25303
2016-07-25, 5, qiang_lie, 7.72, 7.96, 0.89, 7.89, 7.82, 8.05, 7.82, 47612.69, 37831232, 1.08, 2.92, 1.25, 18271.39902
2016-07-26, 5, qiang_lie, 7.72, 8.10, 1.76, 7.96, 7.95, 8.11, 7.94, 65975.91, 53055747, 1.49, 2.14, 1.73, 811.21898
2016-07-27, 5, qiang_lie, 7.72, 7.70, -4.94, 8.10, 8.10, 8.11, 7.58, 101370.82, 79450337, 2.29, 6.54, 2.65, 2583.60505
2016-07-28, 5, qiang_lie, 7.72, 7.80, 1.30, 7.70, 7.68, 7.82, 7.63, 49904.2, 38658512, 1.13, 2.47, 1.31, 811.8751
2016-07-29, 5, qiang_lie, 7.72, 7.72, -1.03, 7.80, 7.80, 7.82, 7.68, 30066.24, 23293611, 0.68, 1.79, 0.79, 14105.96704
2016-08-01, 5, qiang_lie, 7.72, 7.53, -2.46, 7.72, 7.72, 7.75, 7.47, 55216.86, 41812280, 1.25, 3.63, 1.44, 6757.31277
2016-08-02, 5, qiang_lie, 7.72, 7.61, 1.06, 7.53, 7.55, 7.62, 7.50, 32218.68, 24296754, 0.73, 1.59, 0.84, 30412.8089
2016-08-03, 4, gao_du, 7.72, 7.87, 3.42, 7.61, 7.60, 7.96, 7.54, 73918.43, 57458076, 1.67, 5.52, 2.05, 4859.33399
2016-08-04, 5, qiang_lie, 7.72, 7.90, 0.38, 7.87, 7.85, 7.98, 7.81, 49100.01, 38880968, 1.11, 2.16, 1.19, 14255.45096
2016-08-05, 5, qiang_lie, 7.73, 7.87, -0.38, 7.90, 7.88, 7.97, 7.80, 55582.09, 43872045, 1.26, 2.15, 1.33, 610.6751
2016-08-08, 5, qiang_lie, 7.75, 8.39, 6.61, 7.87, 8.15, 8.63, 8.10, 180916.72, 149999312, 4.09, 6.73, 3.76, 34132.6611
2016-08-09, 5, qiang_lie, 7.77, 8.33, -0.72, 8.39, 8.18, 8.42, 8.18, 122224.09, 101383592, 2.76, 2.86, 1.56, 4622.13397
2016-08-10, 5, qiang_lie, 7.78, 8.27, -0.72, 8.33, 8.28, 8.43, 8.23, 68392.5, 56717930, 1.55, 2.40, 0.71, 7959.66196
2016-08-11, 5, qiang_lie, 7.78, 7.98, -3.51, 8.27, 8.26, 8.30, 7.97, 91857.18, 74344534, 2.08, 3.99, 0.96, 2450.49095
2016-08-15, 5, qiang_lie, 7.79, 8.17, 1.11, 8.08, 8.08, 8.21, 8.00, 82922.35, 67352107, 1.87, 2.60, 0.80, 557.21402
2016-08-16, 5, qiang_lie, 7.80, 8.19, 0.24, 8.17, 8.17, 8.22, 8.14, 58664.43, 48014916, 1.33, 0.98, 0.70, 610.10194
2016-08-17, 5, qiang_lie, 7.80, 8.21, 0.24, 8.19, 8.20, 8.27, 8.16, 47567.56, 39059623, 1.08, 1.34, 0.66, 14543.84708
2016-08-18, 5, qiang_lie, 7.81, 8.12, -1.10, 8.21, 8.22, 8.26, 8.07, 64376.14, 52577423, 1.46, 2.31, 0.96, 33965.37614
2016-08-19, 5, qiang_lie, 7.81, 8.10, -0.25, 8.12, 8.11, 8.14, 8.04, 38928.08, 31462382, 0.88, 1.23, 0.63, 718.30201
2016-08-22, 5, qiang_lie, 7.82, 8.29, 2.35, 8.10, 8.24, 8.40, 8.24, 90186.75, 74873898, 2.04, 1.98, 1.54, 2567.74807
2016-08-23, 5, qiang_lie, 7.83, 8.20, -1.09, 8.29, 8.26, 8.34, 8.12, 58922.5, 48546400, 1.33, 2.65, 0.98, 745.28599
2016-08-24, 5, qiang_lie, 7.83, 8.24, 0.49, 8.20, 8.21, 8.30, 8.19, 38678.46, 31911847, 0.87, 1.34, 0.64, 6980.757
2016-08-25, 5, qiang_lie, 7.84, 8.44, 2.43, 8.24, 8.22, 8.49, 8.15, 102591.99, 85567734, 2.32, 4.13, 1.76, 2591.83812
2016-08-26, 5, qiang_lie, 7.85, 8.35, -1.07, 8.44, 8.44, 8.48, 8.32, 63784.68, 53534466, 1.44, 1.90, 0.97, 1049.20602
2016-08-29, 5, qiang_lie, 7.85, 8.36, 0.12, 8.35, 8.33, 8.37, 8.28, 36945.41, 30775609, 0.84, 1.08, 0.52, 819.67115
2016-08-30, 5, qiang_lie, 7.86, 8.28, -0.96, 8.36, 8.34, 8.45, 8.24, 44428.19, 37076455, 1.00, 2.51, 0.74, 407.53293
2016-08-31, 5, qiang_lie, 7.86, 8.40, 1.45, 8.28, 8.37, 8.42, 8.27, 45350.58, 37839518, 1.03, 1.81, 0.79, 2673.98
2016-09-01, 5, qiang_lie, 7.87, 8.29, 0.12, 8.28, 8.37, 8.39, 8.27, 11468.15, 9525742, 0.26, 1.45, 1.14, 687.70909
2016-09-02, 5, qiang_lie, 7.87, 8.29, 0.12, 8.28, 8.37, 8.39, 8.27, 11468.15, 9525742, 0.26, 1.45, 1.14, 15915.75503
2016-09-05, 5, qiang_lie, 7.87, 8.29, 0.12, 8.28, 8.37, 8.39, 8.27, 11468.15, 9525742, 0.26, 1.45, 1.14, 613.57498
2016-09-06, 5, qiang_lie, 7.87, 8.48, 1.80, 8.33, 8.30, 8.52, 8.22, 56437.27, 47357629, 1.28, 3.60, 0.96, 27296.79513
2016-09-07, 5, qiang_lie, 7.87, 8.46, -0.24, 8.48, 8.48, 8.61, 8.45, 52167.86, 44568057, 1.18, 1.89, 0.89, 549.74985
2016-09-08, 5, qiang_lie, 7.87, 8.70, 2.84, 8.46, 8.46, 8.74, 8.46, 73148.18, 63147532, 1.65, 3.31, 1.25, 2581.86316
2016-09-09, 5, qiang_lie, 7.87, 8.29, 0.12, 8.28, 8.37, 8.39, 8.27, 11468.15, 9525742, 0.26, 1.45, 1.14, 1030.35593
2016-09-12, 5, qiang_lie, 7.87, 8.29, 0.12, 8.28, 8.37, 8.39, 8.27, 11468.15, 9525742, 0.26, 1.45, 1.14, 688.6282
2016-09-13, 5, qiang_lie, 7.87, 8.29, 0.12, 8.28, 8.37, 8.39, 8.27, 11468.15, 9525742, 0.26, 1.45, 1.14, 572.18885
2016-09-14, 5, qiang_lie, 7.87, 8.25, -1.20, 8.35, 8.26, 8.37, 8.20, 37844.72, 31314909, 0.86, 2.04, 0.65, 836.21907
2016-09-19, 4, gao_du, 7.87, 8.39, 1.70, 8.25, 8.24, 8.41, 8.24, 36083.43, 30111258, 0.82, 2.06, 0.62, 3483.61897
2016-09-20, 4, gao_du, 7.87, 8.58, 2.26, 8.39, 8.39, 8.59, 8.36, 46729.29, 39712319, 1.06, 2.74, 0.80, 4580.86109
2016-09-21, 5, qiang_lie, 7.87, 8.57, -0.12, 8.58, 8.61, 8.61, 8.45, 40558.22, 34586302, 0.92, 1.86, 0.69, 3038.87081
2016-09-22, 5, qiang_lie, 7.87, 8.57, 0.12, 8.56, 8.58, 8.72, 8.55, 50384.8, 43460364, 1.14, 1.99, 0.86, 539.40487
2016-09-23, 5, qiang_lie, 7.87, 8.60, 0.35, 8.57, 8.59, 8.66, 8.56, 33229.2, 28599303, 0.75, 1.17, 0.57, 2278.78404
2016-09-26, 5, qiang_lie, 7.87, 8.51, -1.05, 8.60, 8.60, 8.73, 8.48, 62393.91, 53904391, 1.41, 2.91, 1.06, 1804.76499
2016-09-27, 5, qiang_lie, 7.87, 8.58, 0.82, 8.51, 8.41, 8.60, 8.38, 45784.95, 38829978, 1.04, 2.59, 0.78, 971.64893
2016-09-28, 5, qiang_lie, 7.87, 8.86, 3.26, 8.58, 8.60, 8.88, 8.56, 77729.65, 68173648, 1.76, 3.73, 1.33, 2585.37483
2016-09-29, 5, qiang_lie, 7.87, 8.86, 0.00, 8.86, 8.85, 8.95, 8.74, 56113.34, 49600673, 1.27, 2.37, 0.96, 2709.1701
2016-09-30, 5, qiang_lie, 7.87, 8.87, 0.11, 8.86, 8.81, 8.92, 8.78, 46237.14, 40972954, 1.05, 1.58, 0.79, 683.90703
2016-10-10, 5, qiang_lie, 7.87, 9.09, 2.48, 8.87, 8.96, 9.24, 8.94, 82493.12, 75232255, 1.87, 3.38, 1.41, 2619.53592
2016-10-11, 5, qiang_lie, 7.87, 9.14, 0.55, 9.09, 9.07, 9.16, 9.05, 48287.55, 43958220, 1.09, 1.21, 0.82, 2895.59007
2016-10-12, 5, qiang_lie, 7.87, 9.16, 0.22, 9.14, 9.06, 9.22, 9.06, 39954.85, 36475615, 0.90, 1.75, 0.68, 476.60089
2016-10-13, 5, qiang_lie, 7.87, 9.15, -0.11, 9.16, 9.16, 9.22, 9.10, 28340, 25951732, 0.64, 1.31, 0.48, 26758.03804
2016-10-14, 5, qiang_lie, 8.06, 9.07, -0.87, 9.15, 9.12, 9.18, 9.01, 48870.67, 44386059, 1.10, 1.86, 0.83, 5795.67099
2016-10-17, 5, qiang_lie, 8.07, 9.06, -0.11, 9.07, 9.07, 9.10, 9.01, 18724, 16984298, 0.42, 0.99, 0.64, 2670.92991
2016-10-18, 5, qiang_lie, 8.10, 9.06, -0.11, 9.07, 9.07, 9.10, 9.01, 18724, 16984298, 0.42, 0.99, 0.64, 2481.06408
2016-10-19, 5, qiang_lie, 8.11, , , , , , , , , , , , 462.93688
2016-10-20, 5, qiang_lie, 8.14, 9.53, 2.58, 9.29, 9.27, 9.65, 9.26, 91955.24, 87667915, 2.08, 4.20, 1.66, 702.68512
2016-10-21, 5, qiang_lie, 8.16, 9.34, -1.99, 9.53, 9.54, 9.58, 9.27, 74989.31, 70388100, 1.70, 3.25, 1.13, 3640.53583
2016-10-24, 5, qiang_lie, 8.18, 9.34, 0.00, 9.34, 9.30, 9.40, 9.26, 53929.39, 50333478, 1.22, 1.50, 0.75, 669.58094
2016-10-25, 5, qiang_lie, 8.18, 9.42, 0.86, 9.34, 9.32, 9.46, 9.32, 30849.25, 29006058, 0.70, 1.50, 0.43, 4854.02203
2016-10-26, 5, qiang_lie, 8.20, 9.29, -1.38, 9.42, 9.38, 9.44, 9.24, 40489, 37709792, 0.92, 2.12, 0.56, 2534.91187
2016-10-27, 5, qiang_lie, 8.21, 9.29, 0.00, 9.29, 9.30, 9.34, 9.18, 40645.98, 37539976, 0.92, 1.72, 0.56, 715.44814
2016-10-28, 5, qiang_lie, 8.21, 9.23, -0.65, 9.29, 9.26, 9.32, 9.13, 39285.6, 36168900, 0.89, 2.05, 0.54, 5464.43081
2016-10-31, 5, qiang_lie, 8.23, 9.49, 2.82, 9.23, 9.25, 9.55, 9.23, 69113.47, 65176996, 1.56, 3.47, 0.96, 553.66206
2016-11-01, 5, qiang_lie, 8.25, 9.58, 0.95, 9.49, 9.45, 9.64, 9.41, 67378.06, 64184260, 1.52, 2.42, 0.94, 542.16099
2016-11-02, 5, qiang_lie, 8.27, 9.49, -1.04, 9.59, 9.57, 9.71, 9.48, 50602.03, 48556307, 1.14, 2.40, 0.70, 1694.02003
2016-11-03, 5, qiang_lie, 8.28, 9.52, 0.11, 9.51, 9.50, 9.66, 9.48, 50617.84, 48355223, 1.14, 1.89, 0.70, 671.71907
2016-11-04, 5, qiang_lie, 8.29, 9.47, -0.53, 9.52, 9.51, 9.63, 9.42, 39764.83, 37861163, 0.90, 2.21, 0.55, 472.754
2016-11-07, 5, qiang_lie, 8.30, 9.56, 0.95, 9.47, 9.42, 9.65, 9.40, 38172.94, 36456884, 0.86, 2.64, 0.53, 637.25591
2016-11-08, 5, qiang_lie, 8.32, 9.75, 2.09, 9.55, 9.57, 9.78, 9.54, 46622.13, 44955694, 1.05, 2.51, 0.64, 553.53308
2016-11-09, 5, qiang_lie, 8.33, 9.62, -1.33, 9.75, 9.71, 9.83, 9.40, 52193.33, 50293321, 1.18, 4.41, 0.72, 847.19014
2016-11-10, 5, qiang_lie, 8.36, 9.95, 3.43, 9.62, 9.69, 9.99, 9.69, 68355.52, 67641873, 1.55, 3.12, 0.94, 980.11208
2016-11-11, 5, qiang_lie, 8.39, 10.15, 2.01, 9.95, 9.96, 10.25, 9.87, 75966.14, 76660312, 1.72, 3.82, 1.05, 749.91798
2016-12-14, 5, qiang_lie, 8.42, 9.14, -9.95, 10.15, 9.14, 9.48, 9.14, 152705.25, 139768726, 3.45, 3.35, 2.11, 503.65496
2016-12-15, 5, qiang_lie, 8.47, 9.28, 1.53, 9.14, 9.04, 9.39, 8.78, 320882.74, 290210049, 7.26, 6.67, 4.43, 513.45205
2016-12-16, 5, qiang_lie, 8.52, 10.21, 10.02, 9.28, 9.26, 10.21, 9.20, 164908.78, 163328927, 3.73, 10.88, 2.28, 451.06912
2016-12-19, 5, qiang_lie, 8.83, 10.71, 4.90, 10.21, 11.00, 11.23, 10.22, 612291.76, 657413051, 13.84, 9.89, 8.46, 643.56589
2016-12-20, 5, qiang_lie, 8.95, 10.03, -6.35, 10.71, 10.56, 10.65, 9.91, 384133.97, 390878577, 8.69, 6.91, 5.31, 804.84104
2016-12-21, 5, qiang_lie, 9.02, 10.09, 0.60, 10.03, 9.95, 10.30, 9.80, 273858.48, 275077175, 6.19, 4.99, 3.78, 477.52094
2016-12-22, 5, qiang_lie, 9.06, 10.00, -0.89, 10.09, 9.99, 10.19, 9.62, 222894.23, 221143551, 5.04, 5.65, 3.08, 430.93085
2016-12-23, 5, qiang_lie, 9.11, 9.86, -1.40, 10.00, 9.90, 10.35, 9.80, 239334.52, 241621640, 5.41, 5.50, 3.31, 396.22402
2016-12-26, 4, gao_du, 9.12, 9.28, -5.88, 9.86, 9.25, 9.49, 8.87, 239762.17, 218727518, 5.42, 6.29, 3.31, 556.41103
2016-12-27, 3, zhong_du, 9.12, 9.27, -0.11, 9.28, 9.16, 9.48, 9.11, 139257.75, 129047947, 3.15, 3.99, 1.92, 517.57598
2016-12-28, 3, zhong_du, 9.15, 10.20, 10.03, 9.27, 9.32, 10.20, 9.25, 166250.22, 163752836, 3.76, 10.25, 2.30, 2474.71809
2016-12-30, 3, zhong_du, 9.43, 10.29, -3.11, 10.62, 10.72, 10.94, 10.11, 364358.72, 381643708, 8.24, 7.82, 5.04, 925.17996
2017-01-03, 4, gao_du, 9.52, 10.29, -3.11, 10.62, 10.72, 10.94, 10.11, 364358.72, 381643708, 8.24, 7.82, 5.04, 4593.11318
2017-01-04, 5, qiang_lie, 9.73, 11.56, 9.99, 10.51, 10.72, 11.56, 10.43, 561058.77, 629385528, 12.69, 10.75, 7.75, 590.07502
2017-01-05, 5, qiang_lie, 10.09, 11.39, -1.47, 11.56, 11.70, 12.52, 11.37, 780936.61, 928896957, 17.66, 9.95, 10.79, 589.76793
2017-01-06, 5, qiang_lie, 10.24, 11.49, 0.88, 11.39, 11.10, 11.86, 11.06, 462687.17, 530226796, 10.46, 7.02, 6.39, 3763.07511
2017-01-09, 5, qiang_lie, 10.30, 11.02, -4.09, 11.49, 11.35, 11.42, 10.87, 346308.25, 383344975, 7.83, 4.79, 4.79, 571.06113
2017-01-10, 5, qiang_lie, 10.35, 11.05, 0.27, 11.02, 10.85, 11.19, 10.85, 131154.9, 144681635, 2.97, 3.09, 3.63, 453.97806
2017-01-11, 4, gao_du, 10.35, 10.28, -6.29, 10.97, 10.63, 10.63, 10.12, 312749.48, 323607705, 7.07, 4.65, 4.32, 2654.06108
2017-01-13, 3, zhong_du, 10.33, 11.05, 0.27, 11.02, 10.85, 11.19, 10.85, 131154.9, 144681635, 2.97, 3.09, 3.63, 538.46312
2017-01-16, 2, qing_du, 10.30, 11.05, 0.27, 11.02, 10.85, 11.19, 10.85, 131154.9, 144681635, 2.97, 3.09, 3.63, 723.85812
2017-01-17, 2, qing_du, 10.28, 9.79, 3.27, 9.48, 9.40, 9.86, 9.35, 129219.01, 124222507, 2.92, 5.38, 1.79, 610.51416
2017-01-18, 2, qing_du, 10.27, 10.33, 5.52, 9.79, 9.69, 10.39, 9.64, 200672.4, 199118941, 4.54, 7.66, 2.77, 4747.48492
2017-02-07, 2, qing_du, 10.30, 10.48, -1.87, 10.68, 10.56, 10.63, 10.41, 54721.54, 57429560, 1.24, 2.06, 1.91, 933.21586
2017-02-08, 2, qing_du, 10.31, 10.65, -0.28, 10.68, 10.56, 10.69, 10.41, 133029.31, 140282876, 3.01, 2.62, 1.84, 3101.42899
2017-02-09, 2, qing_du, 10.33, 10.89, 2.25, 10.65, 10.58, 11.00, 10.55, 214018.85, 230982750, 4.84, 4.23, 2.96, 839.746
2017-02-10, 2, qing_du, 10.37, 11.02, 1.19, 10.89, 10.85, 11.26, 10.67, 222608.48, 244524149, 5.03, 5.42, 3.08, 1145.25008
2017-02-13, 3, zhong_du, 10.39, 11.00, -0.18, 11.02, 10.96, 11.19, 10.80, 135181.52, 148446387, 3.06, 3.54, 1.87, 4888.74793
2017-02-15, 3, zhong_du, 10.41, 10.58, -2.31, 10.83, 10.72, 10.92, 10.50, 110085.94, 118063085, 2.49, 3.88, 1.52, 4911.86309
2017-02-16, 2, qing_du, 10.41, 10.75, 1.61, 10.58, 10.56, 10.94, 10.55, 93915.1, 101103243, 2.12, 3.69, 1.30, 18288.81097
2017-02-17, 2, qing_du, 10.41, 10.43, -2.98, 10.75, 10.68, 10.76, 10.26, 142437.26, 149118439, 3.22, 4.65, 1.97, 842.46397
2017-02-20, 2, qing_du, 10.42, 10.59, 1.53, 10.43, 10.32, 10.60, 10.26, 81532.19, 85292736, 1.84, 3.26, 1.13, 873.87991
2017-02-21, 2, qing_du, 10.42, 10.43, -2.98, 10.75, 10.68, 10.76, 10.26, 142437.26, 149118439, 3.22, 4.65, 1.97, 3009.06587
2017-02-22, 2, qing_du, 10.42, 10.65, -0.37, 10.69, 10.60, 10.68, 10.44, 89489.05, 94584985, 2.02, 2.25, 1.24, 5423.40016
2017-02-23, 2, qing_du, 10.46, 11.02, 3.47, 10.65, 10.61, 11.59, 10.61, 252276.97, 280055889, 5.70, 9.20, 3.49, 5288.17797
2017-02-24, 2, qing_du, 10.49, 10.89, -1.18, 11.02, 10.98, 11.34, 10.83, 217738.9, 241021154, 4.92, 4.63, 3.01, 922.86611
2017-02-27, 2, qing_du, 10.50, 10.81, -0.73, 10.89, 10.82, 11.15, 10.78, 118121.86, 129005430, 2.67, 3.40, 1.63, 1517.35806
2017-02-28, 2, qing_du, 10.50, 10.82, 0.09, 10.81, 10.74, 10.87, 10.70, 73996.63, 79651637, 1.67, 1.57, 1.02, 1021.40117
2017-03-01, 2, qing_du, 10.52, 11.14, 2.96, 10.82, 10.75, 11.18, 10.75, 161686.09, 177947169, 3.66, 3.97, 2.23, 1941.67614
2017-03-02, 2, qing_du, 10.53, 10.91, -2.06, 11.14, 11.12, 11.18, 10.87, 106391.91, 117114735, 2.41, 2.78, 1.47, 1271.57903
2017-03-03, 2, qing_du, 10.54, 10.63, -2.57, 10.91, 10.91, 10.91, 10.55, 120456.06, 128255213, 2.72, 3.30, 1.66, 5041.70823
2017-03-06, 3, zhong_du, 10.55, 10.86, 2.16, 10.63, 10.63, 11.05, 10.59, 109640.61, 118944169, 2.48, 4.33, 1.52, 1064.56709
2017-03-07, 3, zhong_du, 10.55, 10.91, 1.21, 10.78, 10.82, 10.96, 10.72, 43907.38, 47849982, 0.99, 2.23, 1.94, 4610.77309
2017-03-08, 3, zhong_du, 10.56, 10.88, 0.93, 10.78, 10.82, 10.96, 10.72, 87333.36, 94943579, 1.97, 2.23, 1.21, 5088.35721
2017-03-09, 3, zhong_du, 10.55, 10.28, -5.51, 10.88, 10.88, 10.88, 10.08, 213225.16, 222044831, 4.82, 7.35, 2.95, 5070.69206
2017-03-10, 3, zhong_du, 10.55, 10.63, 3.40, 10.28, 10.59, 10.82, 10.37, 180332.81, 190747868, 4.08, 4.38, 2.49, 1975.45409
2017-03-13, 3, zhong_du, 10.55, 10.41, -2.07, 10.63, 10.50, 10.50, 10.16, 121608.71, 125597331, 2.75, 3.20, 1.68, 971.47298
2017-03-14, 2, qing_du, 10.54, 10.21, -1.92, 10.41, 10.40, 10.45, 10.14, 102571.57, 105246754, 2.32, 2.98, 1.42, 4811.34295
2017-03-15, 2, qing_du, 10.54, 10.14, -0.69, 10.21, 10.18, 10.28, 10.12, 57857.28, 58830167, 1.31, 1.57, 0.80, 848.30403
2017-03-16, 1, wei_ruo, 10.53, 10.24, 0.99, 10.14, 10.13, 10.25, 10.12, 60971, 62279721, 1.38, 1.28, 0.84, 522.32099
2017-03-17, 1, wei_ruo, 10.53, 10.16, -0.78, 10.24, 10.22, 10.33, 10.15, 67253.18, 68879048, 1.52, 1.76, 0.93, 4879.93097
2017-03-20, 1, wei_ruo, 10.52, 10.13, -0.30, 10.16, 10.16, 10.20, 9.94, 78587.59, 78908443, 1.78, 2.56, 1.09, 915.16185
2017-03-21, 1, wei_ruo, 10.51, 10.16, 0.30, 10.13, 10.12, 10.18, 10.04, 49274.27, 49848521, 1.11, 1.38, 0.68, 911.83591
2017-03-22, 1, wei_ruo, 10.51, 9.96, -1.97, 10.16, 10.14, 10.14, 9.91, 63253.63, 63176758, 1.43, 2.26, 0.87, 812.62517
2017-03-23, 1, wei_ruo, 10.50, 9.85, -1.10, 9.96, 9.94, 10.03, 9.68, 59059.18, 58349422, 1.34, 3.51, 0.82, 881.28901
2017-03-24, 1, wei_ruo, 10.49, 9.97, 1.22, 9.85, 9.88, 9.98, 9.69, 64692.32, 63921630, 1.46, 2.94, 0.89, 903.20897
2017-03-27, 1, wei_ruo, 10.48, 9.88, -0.90, 9.97, 9.97, 10.03, 9.85, 44541.94, 44219171, 1.01, 1.81, 0.62, 850.48604
2017-03-28, 1, wei_ruo, 10.48, 9.90, 0.20, 9.88, 9.89, 9.95, 9.79, 33533.64, 33114220, 0.76, 1.62, 0.46, 904.73986
2017-03-29, 1, wei_ruo, 10.47, 9.83, -0.71, 9.90, 9.93, 9.94, 9.82, 47223.84, 46697348, 1.07, 1.21, 0.65, 834.84697
2017-03-30, 1, wei_ruo, 10.44, 9.24, -6.00, 9.83, 9.80, 9.83, 9.13, 121065.37, 113951400, 2.74, 7.12, 1.67, 880.09691
2017-03-31, 1, wei_ruo, 10.42, 9.15, -0.97, 9.24, 9.24, 9.29, 8.97, 64710.73, 59176120, 1.46, 3.46, 0.89, 817.46292
2017-04-05, 1, wei_ruo, 10.41, 9.36, 2.30, 9.15, 9.14, 9.41, 9.13, 52311.35, 48723439, 1.18, 3.06, 0.72, 805.50313
2017-04-06, 1, wei_ruo, 10.40, 9.56, 2.14, 9.36, 9.36, 9.63, 9.31, 69093.69, 65865309, 1.56, 3.42, 0.95, 603079.55599
2017-04-07, 1, wei_ruo, 10.38, 9.51, -0.52, 9.56, 9.64, 9.70, 9.48, 60975.35, 58434340, 1.38, 2.30, 0.84, 881.94895
2017-04-10, 1, wei_ruo, 10.37, 9.24, -2.84, 9.51, 9.54, 9.54, 9.21, 57326.59, 53489058, 1.30, 3.47, 0.79, 1767.80391
2017-04-11, 1, wei_ruo, 10.36, 9.35, 1.19, 9.24, 9.21, 9.38, 9.04, 56521.06, 52340057, 1.28, 3.68, 0.78, 914.75606
2017-04-12, 1, wei_ruo, 10.35, 9.26, -0.96, 9.35, 9.31, 9.41, 9.22, 39529.63, 36840841, 0.89, 2.03, 0.55, 919.64006
2017-04-13, 1, wei_ruo, 10.34, 9.36, 1.08, 9.26, 9.27, 9.45, 9.23, 38182.56, 35782372, 0.86, 2.38, 0.53, 1018.70108
2017-04-14, 1, wei_ruo, 10.33, 9.16, -2.14, 9.36, 9.20, 9.36, 9.12, 46976.06, 43211458, 1.06, 2.56, 0.65, 864.60304
2017-04-17, 1, wei_ruo, 10.31, 8.91, -2.73, 9.16, 9.05, 9.16, 8.90, 54800.78, 49468343, 1.24, 2.84, 0.76, 2506.35505
2017-04-18, 1, wei_ruo, 10.28, 8.52, -4.38, 8.91, 8.90, 8.99, 8.42, 85633.43, 74423192, 1.94, 6.40, 1.18, 894.96899
2017-04-19, 1, wei_ruo, 10.24, 8.18, -3.99, 8.52, 8.53, 8.54, 8.00, 87888.29, 71747484, 1.99, 6.34, 1.21, 772.03894
2017-04-20, 1, wei_ruo, 10.21, 8.15, -0.37, 8.18, 8.21, 8.30, 8.04, 49234.02, 40271047, 1.11, 3.18, 0.68, 768.14699
2017-04-21, 1, wei_ruo, 10.20, 8.12, -0.37, 8.15, 8.14, 8.22, 8.07, 29201.66, 23757181, 0.66, 1.84, 0.40, 736.1021
2017-04-24, 1, wei_ruo, 10.18, 7.75, -4.56, 8.12, 8.06, 8.08, 7.72, 47636.67, 37242726, 1.08, 4.43, 0.66, 836.29584
2017-04-25, 1, wei_ruo, 10.16, 7.69, -0.77, 7.75, 7.74, 7.85, 7.65, 33902.39, 26368798, 0.77, 2.58, 0.47, 852.41008
2017-04-26, 1, wei_ruo, 10.14, 7.80, 1.43, 7.69, 7.68, 7.84, 7.68, 31520.95, 24553855, 0.71, 2.08, 0.44, 1026.88217
2017-04-27, 1, wei_ruo, 10.11, 7.95, 1.92, 7.80, 7.81, 8.04, 7.61, 50703.61, 39668425, 1.15, 5.51, 0.70, 801.71704
2017-04-28, 1, wei_ruo, 10.09, 8.26, 3.90, 7.95, 7.98, 8.36, 7.95, 55531.51, 45652683, 1.26, 5.16, 0.77, 710.78014
2017-05-02, 1, wei_ruo, 10.07, 8.32, 0.73, 8.26, 8.23, 8.47, 8.15, 58637.13, 49040261, 1.33, 3.87, 0.81, 1041.15415
2017-05-03, 1, wei_ruo, 10.05, 8.18, -1.68, 8.32, 8.28, 8.34, 8.11, 46960.12, 38564217, 1.06, 2.76, 0.65, 1437.0749
2017-05-04, 1, wei_ruo, 10.03, 8.13, -0.61, 8.18, 8.20, 8.23, 8.12, 48266.97, 39437818, 1.09, 1.34, 0.67, 877.6412
2017-05-05, 1, wei_ruo, 10.01, 8.00, -1.60, 8.13, 8.13, 8.15, 8.00, 36450.79, 29488383, 0.82, 1.85, 0.50, 859.93195
2017-05-11, 1, wei_ruo, 9.94, 7.88, 0.64, 7.83, 7.82, 7.94, 7.61, 43472.46, 33906889, 0.98, 4.21, 0.60, 823.37999
2017-05-12, 1, wei_ruo, 9.92, 7.76, -1.52, 7.88, 7.89, 7.90, 7.68, 34925.6, 27203952, 0.79, 2.79, 0.48, 822.52502
2017-05-15, 1, wei_ruo, 9.91, 7.73, -0.39, 7.76, 7.76, 7.85, 7.72, 26889.98, 20927759, 0.61, 1.68, 0.37, 869.68803
2017-05-17, 1, wei_ruo, 9.86, 8.09, 1.13, 8.00, 8.00, 8.19, 7.92, 48460.77, 39279077, 1.10, 3.38, 0.67, 3017.6239
2017-05-18, 1, wei_ruo, 9.85, 8.10, 0.12, 8.09, 8.01, 8.23, 7.94, 42650.31, 34651080, 0.96, 3.58, 0.59, 794.22116
2017-05-19, 1, wei_ruo, 9.83, 8.03, -0.86, 8.10, 8.08, 8.15, 7.96, 35107.42, 28176879, 0.79, 2.35, 0.49, 781.93402
2017-05-22, 1, wei_ruo, 9.81, 7.73, -3.74, 8.03, 8.02, 8.04, 7.67, 53322.27, 41851689, 1.21, 4.61, 0.74, 1509.04703
2017-05-23, 1, wei_ruo, 9.78, 7.35, -4.92, 7.73, 7.75, 7.78, 7.32, 50037.54, 37609260, 1.13, 5.95, 0.69, 2598.22702
2017-05-24, 1, wei_ruo, 9.76, 7.38, 0.41, 7.35, 7.35, 7.44, 7.21, 32573.32, 23865222, 0.74, 3.13, 0.45, 912.99295
2017-05-25, 1, wei_ruo, 9.74, 7.51, 1.76, 7.38, 7.38, 7.58, 7.23, 43424.7, 32221957, 0.98, 4.74, 0.60, 857.77688
2017-05-26, 1, wei_ruo, 9.73, 7.48, -0.40, 7.51, 7.51, 7.58, 7.46, 26127.87, 19622028, 0.59, 1.60, 0.36, 894.97805
2017-05-31, 1, wei_ruo, 9.71, 7.51, 0.40, 7.48, 7.55, 7.67, 7.50, 34479.55, 26118652, 0.78, 2.27, 0.48, 869.97294
2017-06-01, 1, wei_ruo, 9.68, 7.12, -5.19, 7.51, 7.51, 7.51, 7.11, 54395.52, 39644603, 1.23, 5.33, 0.75, 17221.74501
2017-06-02, 1, wei_ruo, 9.66, 7.27, 2.11, 7.12, 7.12, 7.31, 7.07, 37874.98, 27141670, 0.86, 3.37, 0.52, 967.40007
2017-06-05, 1, wei_ruo, 9.64, 7.35, 1.10, 7.27, 7.30, 7.44, 7.27, 33518.94, 24669433, 0.76, 2.34, 0.46, 848.95205
2017-06-06, 1, wei_ruo, 9.63, 7.42, 0.95, 7.35, 7.34, 7.44, 7.33, 23743.48, 17561899, 0.54, 1.50, 0.33, 60814.30006
2017-06-07, 1, wei_ruo, 9.61, 7.60, 2.43, 7.42, 7.38, 7.60, 7.38, 37393.34, 28226809, 0.85, 2.96, 0.52, 1067.35992
2017-06-08, 1, wei_ruo, 9.60, 7.56, -0.53, 7.60, 7.59, 7.65, 7.50, 25503.53, 19302892, 0.58, 1.97, 0.35, 1138.3059
2017-06-09, 1, wei_ruo, 9.58, 7.55, -0.13, 7.56, 7.55, 7.59, 7.44, 31121.81, 23394464, 0.70, 1.98, 0.43, 1916.20207
2017-06-12, 1, wei_ruo, 9.55, 7.76, 2.78, 7.55, 7.54, 8.10, 7.39, 93192.97, 72006294, 2.11, 9.40, 1.29, 863.47198
2017-06-13, 1, wei_ruo, 9.52, 7.76, 0.00, 7.76, 7.66, 7.83, 7.63, 67908.25, 52428444, 1.54, 2.58, 0.94, 33330.99484
2017-06-14, 1, wei_ruo, 9.50, 7.75, -0.13, 7.76, 7.70, 7.84, 7.70, 37677.94, 29220725, 0.85, 1.80, 0.52, 761.46293
2017-06-15, 1, wei_ruo, 9.48, 7.85, 1.29, 7.75, 7.68, 7.88, 7.65, 65221.71, 50800640, 1.47, 2.97, 0.90, 789.50405
2017-06-16, 1, wei_ruo, 9.47, 7.76, -1.15, 7.85, 7.82, 7.83, 7.72, 34315.47, 26631757, 0.78, 1.40, 0.47, 807.81507
2017-06-19, 1, wei_ruo, 9.45, 7.78, 0.26, 7.76, 7.73, 7.82, 7.73, 31937.79, 24803375, 0.72, 1.16, 0.44, 976.13597
2017-06-20, 1, wei_ruo, 9.43, 7.82, 0.51, 7.78, 7.78, 7.98, 7.75, 52706.47, 41498167, 1.19, 2.96, 0.73, 768.96811
2017-06-21, 1, wei_ruo, 9.42, 7.86, 0.51, 7.82, 7.83, 7.89, 7.78, 36658.01, 28689440, 0.83, 1.41, 0.51, 967.28301
2017-06-22, 1, wei_ruo, 9.41, 7.62, -3.05, 7.86, 7.85, 7.87, 7.62, 38802.07, 30244883, 0.88, 3.18, 0.54, 883.3499
2017-06-23, 1, wei_ruo, 9.39, 7.56, -0.79, 7.62, 7.64, 7.67, 7.41, 43618.8, 32913405, 0.99, 3.41, 0.60, 1060.99796
2017-06-26, 1, wei_ruo, 9.37, 7.78, 2.91, 7.56, 7.57, 7.79, 7.53, 45989.24, 35296414, 1.04, 3.44, 0.64, 2827.09002
2017-06-27, 1, wei_ruo, 9.35, 7.83, 0.64, 7.78, 7.76, 7.91, 7.74, 45928.11, 36038586, 1.04, 2.19, 0.63, 561.88917
2017-06-28, 1, wei_ruo, 9.34, 7.84, 0.13, 7.83, 7.90, 7.92, 7.71, 41091.73, 32213186, 0.93, 2.68, 0.57, 1086.46703
2017-06-29, 2, qing_du, 9.32, 7.97, 1.66, 7.84, 7.83, 7.99, 7.82, 46888.56, 37213224, 1.06, 2.17, 0.65, 2716.89296
2017-06-30, 2, qing_du, 9.32, 7.93, -0.50, 7.97, 7.94, 7.95, 7.86, 28170.85, 22292700, 0.64, 1.13, 0.39, 800.44293
2017-07-03, 3, zhong_du, 9.30, 8.01, 1.01, 7.93, 7.91, 8.07, 7.91, 43384.11, 34737099, 0.98, 2.02, 0.60, 810.42814
2017-07-04, 3, zhong_du, 9.29, 8.03, 0.25, 8.01, 8.01, 8.11, 7.98, 44168.93, 35503089, 1.00, 1.62, 0.61, 750.64683
2017-07-05, 3, zhong_du, 9.28, 8.07, 0.50, 8.03, 8.01, 8.08, 7.96, 32819.17, 26348834, 0.74, 1.49, 0.45, 954.08511
2017-07-06, 3, zhong_du, 9.27, 8.11, 0.50, 8.07, 8.07, 8.14, 8.01, 39400.46, 31848293, 0.89, 1.61, 0.54, 2865.57508
2017-07-07, 4, gao_du, 9.26, 8.24, 1.60, 8.11, 8.10, 8.28, 8.03, 55042.01, 44815638, 1.24, 3.08, 0.76, 834.48291
2017-07-10, 4, gao_du, 9.24, 8.50, 3.16, 8.24, 8.24, 8.58, 8.24, 114796, 96710871, 2.60, 4.13, 1.59, 2821.5332
2017-07-11, 4, gao_du, 9.22, 8.24, -3.06, 8.50, 8.46, 8.54, 8.23, 88448.91, 74262208, 2.00, 3.65, 1.22, 848.41895
2017-07-12, 4, gao_du, 9.20, 8.25, 0.12, 8.24, 8.27, 8.32, 8.02, 61163.53, 49920263, 1.38, 3.64, 0.85, 873.11387
2017-07-13, 4, gao_du, 9.19, 8.30, 0.61, 8.25, 8.20, 8.39, 8.19, 56164.66, 46633993, 1.27, 2.42, 0.78, 1003.71599
2017-07-14, 4, gao_du, --, 8.18, -1.45, 8.30, 8.29, 8.34, 8.15, 40140.43, 33011252, 0.91, 2.29, 0.55, 782.06182
2017-07-17, 4, gao_du, --, 7.67, -6.23, 8.18, 8.18, 8.18, 7.61, 70941.59, 55674232, 1.60, 6.97, 0.98, 1130.19991
2017-07-18, 3, zhong_du, --, 7.90, 3.00, 7.67, 7.67, 7.95, 7.62, 53079.91, 41153251, 1.20, 4.30, 0.73, 1283.23507
2017-07-19, 3, zhong_du, --, 8.31, 5.19, 7.90, 7.87, 8.34, 7.86, 85787.35, 70074607, 1.94, 6.08, 1.19, 1090.92402
2017-07-20, 3, zhong_du, --, 8.29, -0.24, 8.31, 8.27, 8.42, 8.23, 67108.69, 55785079, 1.52, 2.29, 0.93, 618.12878
2017-07-21, 4, gao_du, --, 8.60, 3.74, 8.29, 8.26, 8.65, 8.23, 108586.1, 92074795, 2.46, 5.07, 1.50, 685.65297
2017-07-24, 5, qiang_lie, 9.09, 8.65, 0.58, 8.60, 8.52, 8.81, 8.49, 103104.29, 88920780, 2.33, 3.72, 1.42, 16477.66089
2017-07-25, 5, qiang_lie, --, 8.45, -2.31, 8.65, 8.64, 8.65, 8.35, 76286.72, 64539779, 1.72, 3.47, 1.05, 1006.042
2017-07-26, 5, qiang_lie, --, 9.11, 7.81, 8.45, 8.49, 9.25, 8.37, 231435.52, 206039044, 5.23, 10.41, 3.20, 963.57012
2017-07-27, 5, qiang_lie, 9.09, 9.36, 2.74, 9.11, 9.11, 9.87, 9.02, 313503.37, 296842828, 7.09, 9.33, 4.33, 1323.67492
2017-07-28, 5, qiang_lie, 9.10, 9.47, 1.18, 9.36, 9.38, 9.54, 9.16, 163606.26, 153355073, 3.70, 4.06, 2.26, 915.44294
2017-07-31, 5, qiang_lie, 9.12, 9.59, 1.27, 9.47, 9.32, 9.64, 9.20, 167197.2, 158152875, 3.78, 4.65, 2.31, 1889.57191
2017-08-01, 5, qiang_lie, 9.13, 9.36, -2.40, 9.59, 9.67, 9.67, 9.23, 129796.22, 121810185, 2.93, 4.59, 1.79, 919.12913
2017-08-02, 5, qiang_lie, 9.13, 9.22, -1.50, 9.36, 9.31, 9.34, 9.05, 105428.04, 96935152, 2.38, 3.10, 1.46, 15940.13405
2017-08-03, 5, qiang_lie, 9.13, 9.21, -0.11, 9.22, 9.15, 9.32, 9.12, 68979.72, 63601562, 1.56, 2.17, 0.95, 1067.64507
2017-08-04, 5, qiang_lie, 9.13, 9.02, -2.06, 9.21, 9.21, 9.32, 8.96, 96270.39, 87929835, 2.18, 3.91, 1.33, 1072.45612
2017-08-07, 5, qiang_lie, 9.13, 9.10, 0.89, 9.02, 9.08, 9.13, 8.98, 59067.46, 53472483, 1.34, 1.66, 0.82, 800.10295
2017-08-08, 5, qiang_lie, 9.13, 9.02, -0.88, 9.10, 9.06, 9.27, 8.98, 76605.88, 69949632, 1.73, 3.19, 1.06, 794.39306
2017-08-09, 5, qiang_lie, 9.13, 9.10, 0.89, 9.02, 9.04, 9.13, 8.90, 68770.88, 62141465, 1.55, 2.55, 0.95, 775.62904
2017-08-10, 5, qiang_lie, 9.12, 8.92, -1.98, 9.10, 9.08, 9.12, 8.84, 65909.63, 59010882, 1.49, 3.08, 0.91, 2902.73905
2017-08-11, 4, gao_du, 9.11, 8.50, -4.71, 8.92, 8.80, 8.86, 8.47, 83597.25, 72300320, 1.89, 4.37, 1.16, 3729.95496
2017-08-14, 4, gao_du, 9.11, 8.63, 1.53, 8.50, 8.50, 8.69, 8.49, 39617.47, 34088436, 0.90, 2.35, 0.55, 1002.23303
2017-08-15, 3, zhong_du, 9.11, 8.61, -0.23, 8.63, 8.68, 8.68, 8.51, 38549.47, 33119148, 0.87, 1.97, 0.53, 983.69098
2017-08-16, 3, zhong_du, 9.10, 8.55, -0.70, 8.61, 8.60, 8.62, 8.43, 45317.2, 38652193, 1.02, 2.21, 0.63, 2509.6848
2017-08-17, 3, zhong_du, 9.10, 8.69, 1.64, 8.55, 8.52, 8.69, 8.52, 43533, 37579575, 0.98, 1.99, 0.60, 2874.87102
2017-08-18, 3, zhong_du, 9.09, 8.76, 0.81, 8.69, 8.65, 8.82, 8.61, 45778.79, 39986726, 1.04, 2.42, 0.63, 817.95096
2017-08-21, 3, zhong_du, 9.09, 8.88, 1.37, 8.76, 8.81, 8.89, 8.77, 41905.01, 37042149, 0.95, 1.37, 0.58, 3007.04098
2017-08-22, 3, zhong_du, 9.09, 8.74, -1.58, 8.88, 8.84, 8.87, 8.71, 35845.8, 31494272, 0.81, 1.80, 0.50, 855.10993
2017-08-23, 3, zhong_du, 9.08, 8.52, -2.52, 8.74, 8.75, 8.78, 8.50, 46633.93, 39941271, 1.05, 3.20, 0.64, 1079.22888
2017-08-24, 3, zhong_du, 9.08, 8.63, 1.29, 8.52, 8.55, 8.66, 8.44, 45253.65, 38851807, 1.02, 2.58, 0.63, 1137.0151
2017-08-25, 3, zhong_du, 9.07, 8.69, 0.70, 8.63, 8.60, 8.71, 8.55, 32885, 28430625, 0.74, 1.85, 0.45, 1031.94213
2017-08-28, 3, zhong_du, 9.07, 8.60, -1.04, 8.69, 8.51, 8.64, 8.51, 60699, 51991040, 1.37, 1.50, 0.84, 916.44692
2017-08-29, 3, zhong_du, 9.06, 8.50, -1.16, 8.60, 8.57, 8.61, 8.49, 45961.28, 39283988, 1.04, 1.40, 0.64, 949.36609
2017-08-30, 3, zhong_du, 9.06, 8.52, 0.24, 8.50, 8.50, 8.55, 8.45, 42448.28, 36062455, 0.96, 1.18, 0.59, 902.26388
2017-08-31, 2, qing_du, 9.05, 8.49, -0.35, 8.52, 8.53, 8.53, 8.45, 16215.28, 13761711, 0.37, 0.94, 0.45, 2880.42617
2017-09-01, 2, qing_du, 9.05, 8.61, 0.58, 8.56, 8.57, 8.62, 8.50, 53666.82, 46012890, 1.21, 1.40, 0.74, 2883.97598
2017-09-04, 2, qing_du, 9.04, 8.49, -0.35, 8.52, 8.53, 8.53, 8.45, 16215.28, 13761711, 0.37, 0.94, 0.45, 878.18003
2017-09-05, 3, zhong_du, 9.04, 8.49, -0.35, 8.52, 8.53, 8.53, 8.45, 16215.28, 13761711, 0.37, 0.94, 0.45, 810.9169
2017-09-06, 3, zhong_du, 9.03, 8.49, -0.35, 8.52, 8.53, 8.53, 8.45, 16215.28, 13761711, 0.37, 0.94, 0.45, 1889.98008
2017-09-07, 2, qing_du, 9.02, 8.49, -0.35, 8.52, 8.53, 8.53, 8.45, 16215.28, 13761711, 0.37, 0.94, 0.45, 1208.88305
2017-09-08, 1, wei_ruo, 9.02, 8.49, -0.35, 8.52, 8.53, 8.53, 8.45, 16215.28, 13761711, 0.37, 0.94, 0.45, 2880.80478
2017-09-11, 1, wei_ruo, 9.02, 8.56, 0.12, 8.55, 8.54, 8.60, 8.46, 44247.05, 37838559, 1.00, 1.64, 0.61, 842.01694
2017-09-12, 1, wei_ruo, 9.01, 8.88, 3.74, 8.56, 8.56, 8.89, 8.53, 127164.95, 111241036, 2.88, 4.21, 1.76, 835.86407
2017-09-13, 1, wei_ruo, 9.01, 8.89, 0.11, 8.88, 8.88, 8.92, 8.73, 71224.04, 62923136, 1.61, 2.14, 0.98, 830.69801
2017-09-14, 1, wei_ruo, 9.00, 8.76, -1.46, 8.89, 8.89, 8.90, 8.40, 60642.82, 53183130, 1.37, 5.62, 0.84, 1029.64902
2017-09-15, 1, wei_ruo, 9.00, 8.60, -1.83, 8.76, 8.78, 8.82, 8.54, 42928, 37195921, 0.97, 3.20, 0.59, 1702.89207
2017-09-18, 1, wei_ruo, 8.99, 8.62, 0.23, 8.60, 8.60, 8.67, 8.52, 35355.8, 30393220, 0.80, 1.74, 0.49, 1060.84204
2017-09-19, 1, wei_ruo, 8.99, 8.40, -2.55, 8.62, 8.60, 8.64, 8.36, 57930.31, 49177108, 1.31, 3.25, 0.80, 1040.97104
2017-09-20, 1, wei_ruo, 8.98, 8.48, 0.95, 8.40, 8.40, 8.50, 8.39, 41939.91, 35400271, 0.95, 1.31, 0.58, 834.08189
2017-09-21, 1, wei_ruo, 8.98, 8.41, -0.83, 8.48, 8.46, 8.52, 8.40, 27512, 23298558, 0.62, 1.42, 0.38, 935.43983
2017-09-22, 1, wei_ruo, 8.98, 8.37, -0.48, 8.41, 8.37, 8.40, 8.28, 28189.38, 23496854, 0.64, 1.43, 0.39, 905.36308
2017-09-25, 1, wei_ruo, 8.97, 8.13, -2.87, 8.37, 8.35, 8.35, 8.12, 35353.24, 29129724, 0.80, 2.75, 0.49, 780.653
2017-09-26, 1, wei_ruo, 8.97, 8.18, 0.62, 8.13, 8.13, 8.21, 8.10, 22251, 18204525, 0.50, 1.35, 0.31, 817.72614
2017-09-27, 1, wei_ruo, 8.96, 8.22, 0.49, 8.18, 8.19, 8.25, 8.18, 16326.38, 13406626, 0.37, 0.86, 0.23, 932.096
2017-09-28, 1, wei_ruo, 8.96, 8.09, -1.58, 8.22, 8.21, 8.24, 8.07, 30327.02, 24701220, 0.69, 2.07, 0.42, 1351.91011
2017-09-29, 1, wei_ruo, 8.95, 8.19, 1.24, 8.09, 8.09, 8.20, 8.09, 20354.93, 16626993, 0.46, 1.36, 0.28, 987.29992
2017-10-10, 1, wei_ruo, 8.95, 8.38, 0.36, 8.35, 8.35, 8.39, 8.29, 18288.01, 15244759, 0.41, 1.20, 0.25, 1671.57698
2017-10-12, 1, wei_ruo, 8.94, 8.35, -0.60, 8.40, 8.43, 8.47, 8.30, 23727, 19867120, 0.54, 2.02, 0.33, 865.71288
2017-10-13, 1, wei_ruo, 8.94, 8.47, 1.44, 8.35, 8.38, 8.51, 8.34, 32645.48, 27598948, 0.74, 2.04, 0.45, 3073.98796
2017-10-16, 1, wei_ruo, 8.93, 8.29, -2.13, 8.47, 8.46, 8.48, 8.24, 26471.57, 22102777, 0.60, 2.83, 0.37, 1078.73487
2017-10-17, 1, wei_ruo, 8.93, 8.31, 0.24, 8.29, 8.27, 8.34, 8.25, 14758, 12244253, 0.33, 1.09, 0.20, 4904.9921
2017-10-18, 1, wei_ruo, 8.92, 8.41, 1.20, 8.31, 8.32, 8.61, 8.25, 68100.12, 57763106, 1.54, 4.33, 0.94, 843.44101
2017-10-19, 1, wei_ruo, 8.92, 8.36, -0.59, 8.41, 8.39, 8.50, 8.30, 31836.11, 26653295, 0.72, 2.38, 0.44, 948.47703
2017-10-20, 1, wei_ruo, 8.92, 8.40, 0.48, 8.36, 8.40, 8.42, 8.30, 23722.75, 19866593, 0.54, 1.44, 0.33, 1383.34489
2017-10-23, 1, wei_ruo, 8.91, 8.26, -1.67, 8.40, 8.39, 8.39, 8.25, 29914.57, 24839453, 0.68, 1.67, 0.41, 1043.015
2017-10-24, 1, wei_ruo, 8.91, 8.15, -1.33, 8.26, 8.26, 8.30, 8.08, 35218.4, 28766844, 0.80, 2.66, 0.49, 917.79089
2017-10-25, 1, wei_ruo, 8.90, 8.22, 0.86, 8.15, 8.18, 8.25, 8.12, 17076.09, 13997711, 0.39, 1.60, 0.24, 1161.80491
2017-10-26, 1, wei_ruo, 8.90, 8.26, 0.49, 8.22, 8.24, 8.28, 8.18, 18771.02, 15450726, 0.42, 1.22, 0.26, 969.21611
2017-10-27, 1, wei_ruo, 8.90, 8.20, -0.73, 8.26, 8.27, 8.31, 8.17, 19794.17, 16332538, 0.45, 1.69, 0.27, 887.50696
2017-10-30, 1, wei_ruo, 8.89, 7.90, -3.66, 8.20, 8.18, 8.18, 7.88, 36054.12, 28684867, 0.82, 3.66, 0.50, 1557.17492
2017-10-31, 1, wei_ruo, 8.89, 7.97, 0.89, 7.90, 7.83, 8.00, 7.83, 14578.55, 11585550, 0.33, 2.15, 0.20, 2302.59204
2017-11-01, 1, wei_ruo, 8.88, 7.92, -0.63, 7.97, 7.97, 7.98, 7.91, 17774, 14119220, 0.40, 0.88, 0.25, 917.44494
2017-11-02, 1, wei_ruo, 8.88, 7.73, -2.40, 7.92, 7.92, 7.92, 7.71, 30171.11, 23467259, 0.68, 2.65, 0.42, 1290.95888
2017-11-03, 1, wei_ruo, 8.87, 7.65, -1.03, 7.73, 7.70, 7.76, 7.58, 22550.68, 17285954, 0.51, 2.33, 0.31, 2949.71609
2017-11-08, 1, wei_ruo, 8.86, 7.79, 0.91, 7.72, 7.73, 7.86, 7.72, 22117.34, 17283116, 0.50, 1.81, 0.31, 61097.79
2017-11-10, 1, wei_ruo, 8.85, 7.71, 0.00, 7.71, 7.66, 7.72, 7.65, 10678, 8198323, 0.24, 0.91, 0.30, 3263.98301
2017-11-13, 1, wei_ruo, 8.84, 7.85, 0.90, 7.78, 7.74, 7.85, 7.74, 21889.64, 17054839, 0.49, 1.41, 1.26, 4720.10899
2017-11-14, 1, wei_ruo, 8.84, 7.76, -1.15, 7.85, 7.85, 7.85, 7.73, 16082.49, 12501020, 0.36, 1.53, 0.86, 1078.97496
2017-11-15, 1, wei_ruo, 8.84, 7.69, -0.90, 7.76, 7.78, 7.78, 7.64, 12679, 9754232, 0.29, 1.80, 0.68, 1685.63485
2017-11-16, 1, wei_ruo, 8.83, 7.72, 0.39, 7.69, 7.66, 7.75, 7.61, 11774.12, 9060793, 0.27, 1.82, 0.71, 11680.07517
2017-11-17, 1, wei_ruo, 8.82, 7.45, -3.50, 7.72, 7.67, 7.71, 7.40, 29876.94, 22620392, 0.68, 4.02, 1.77, 1632.48706
2017-11-20, 1, wei_ruo, 8.82, 7.35, -1.34, 7.45, 7.40, 7.40, 7.11, 20768.08, 15062652, 0.47, 3.89, 1.13, 862.24794
2017-11-21, 1, wei_ruo, 8.81, 7.21, -1.90, 7.35, 7.33, 7.38, 7.20, 23025.67, 16725967, 0.52, 2.45, 1.26, 2285.707
2017-11-22, 1, wei_ruo, 8.80, 7.26, 0.69, 7.21, 7.21, 7.30, 7.19, 15440.45, 11183927, 0.35, 1.53, 0.79, 1217.96203
2017-11-23, 1, wei_ruo, 8.79, 7.03, -3.17, 7.26, 7.26, 7.28, 7.00, 22651.47, 16172211, 0.51, 3.86, 1.12, 2861.01389
2017-11-24, 1, wei_ruo, 8.79, 7.10, 1.00, 7.03, 7.03, 7.12, 7.02, 13953.18, 9851319, 0.32, 1.42, 0.62, 948.57788
2017-11-27, 1, wei_ruo, 8.79, 7.12, 0.28, 7.10, 7.06, 7.17, 7.06, 9893.2, 7058758, 0.22, 1.55, 0.52, 882.09891
2017-11-28, 1, wei_ruo, 8.78, 7.21, 1.26, 7.12, 7.08, 7.22, 7.07, 21127.08, 15104870, 0.48, 2.11, 1.24, 862.26296
2017-11-29, 1, wei_ruo, 8.77, 7.24, 0.42, 7.21, 7.20, 7.25, 7.15, 24279.67, 17473476, 0.55, 1.39, 1.46, 1100.86894
2017-11-30, 1, wei_ruo, 8.77, 7.19, -0.69, 7.24, 7.23, 7.27, 7.15, 10546.89, 7612167, 0.24, 1.66, 0.57, 2874.97616
2017-12-01, 1, wei_ruo, 8.76, 7.27, 1.11, 7.19, 7.18, 7.29, 7.18, 15472.29, 11223873, 0.35, 1.53, 0.97, 840.90805
2017-12-04, 1, wei_ruo, 8.75, 7.24, -0.41, 7.27, 7.28, 7.35, 7.23, 25145.06, 18334772, 0.57, 1.65, 1.55, 997.14589
2017-12-05, 1, wei_ruo, 8.74, 7.05, -2.62, 7.24, 7.24, 7.25, 7.01, 20144.39, 14316212, 0.46, 3.31, 1.04, 890.41996
2017-12-06, 1, wei_ruo, 8.74, 7.11, 0.85, 7.05, 7.01, 7.13, 6.94, 19958.09, 14011883, 0.45, 2.70, 1.04, 974.59722
2017-12-07, 1, wei_ruo, 8.73, 7.07, -0.56, 7.11, 7.09, 7.11, 7.03, 10215.85, 7217304, 0.23, 1.13, 0.56, 1642.17019
2017-12-08, 1, wei_ruo, 8.73, 7.12, 0.71, 7.07, 7.07, 7.15, 7.05, 18899.42, 13424555, 0.43, 1.41, 1.04, 777.60792
2017-12-11, 1, wei_ruo, 8.72, 7.22, 1.40, 7.12, 7.10, 7.24, 7.08, 25357.83, 18188205, 0.57, 2.25, 1.34, 689.88299
2017-12-12, 1, wei_ruo, 8.71, 7.15, -0.97, 7.22, 7.26, 7.28, 7.10, 16204, 11616558, 0.37, 2.49, 0.86, 830.96194
2017-12-13, 1, wei_ruo, 8.71, 7.19, 0.56, 7.15, 7.15, 7.22, 7.10, 11489.5, 8239027, 0.26, 1.68, 0.63, 854.15721
2017-12-14, 1, wei_ruo, 8.70, 7.21, 0.28, 7.19, 7.22, 7.24, 7.13, 14866.08, 10684065, 0.34, 1.53, 0.90, 4855.20005
2017-12-15, 1, wei_ruo, 8.70, 7.20, -0.14, 7.21, 7.21, 7.21, 7.12, 10954.59, 7847435, 0.25, 1.25, 0.63, 1441.33902
2017-12-18, 1, wei_ruo, 8.70, 7.17, -0.42, 7.20, 7.20, 7.25, 7.13, 7865.6, 5636563, 0.18, 1.67, 0.50, 548.56706
2017-12-19, 1, wei_ruo, 8.69, 7.24, 0.98, 7.17, 7.17, 7.29, 7.17, 20001.79, 14469211, 0.45, 1.67, 1.63, 884.88793
2017-12-20, 1, wei_ruo, 8.68, 7.14, -1.38, 7.24, 7.23, 7.24, 7.12, 14399.65, 10335190, 0.33, 1.66, 1.10, 865.66591
2017-12-21, 1, wei_ruo, 8.68, 7.06, -1.12, 7.14, 7.10, 7.12, 6.97, 14730.21, 10390202, 0.33, 2.10, 1.08, 2045.87007
2017-12-22, 1, wei_ruo, 8.67, 7.06, 0.00, 7.06, 7.08, 7.11, 7.02, 13981, 9867342, 0.32, 1.27, 1.03, 840.54494
2017-12-25, 1, wei_ruo, 8.67, 6.98, -1.13, 7.06, 7.06, 7.11, 6.96, 15816.01, 11081906, 0.36, 2.12, 1.11, 742.21492
2017-12-26, 1, wei_ruo, 8.66, 7.05, 1.00, 6.98, 6.98, 7.07, 6.97, 13495.64, 9473401, 0.31, 1.43, 0.85, 667.71197
2017-12-27, 1, wei_ruo, 8.66, 7.02, -0.43, 7.05, 7.05, 7.08, 7.00, 11470.63, 8072921, 0.26, 1.13, 0.79, 678.06005
2017-12-29, 1, wei_ruo, 8.65, 7.26, 3.27, 7.03, 7.04, 7.44, 7.00, 38093.39, 27508422, 0.86, 6.26, 2.74, 744.70496
2018-01-03, 1, wei_ruo, 8.63, 7.24, -0.28, 7.26, 7.22, 7.26, 7.16, 20714.97, 14944812, 0.47, 1.38, 1.13, 915.04002
2018-01-04, 1, wei_ruo, 8.62, 7.26, 0.28, 7.24, 7.25, 7.27, 7.21, 14189.48, 10270572, 0.32, 0.83, 0.72, 833.67205
2018-01-05, 1, wei_ruo, 8.62, 7.29, 0.41, 7.26, 7.23, 7.30, 7.21, 19134.91, 13887897, 0.43, 1.24, 0.94, 848.01888
2018-01-08, 1, wei_ruo, 8.61, 7.44, 2.06, 7.29, 7.35, 7.45, 7.29, 35980.3, 26535850, 0.81, 2.19, 1.69, 873.11506
2018-01-09, 1, wei_ruo, 8.59, 7.71, 3.63, 7.44, 7.65, 7.97, 7.65, 89586.2, 69690899, 2.03, 4.30, 3.50, 712.46195
2018-01-10, 2, qing_du, 8.58, 7.65, -0.78, 7.71, 7.67, 7.71, 7.54, 44350.18, 33733298, 1.00, 2.20, 1.23, 4744.94982
2018-01-11, 2, qing_du, 8.58, 7.59, -0.78, 7.65, 7.55, 7.64, 7.52, 26362.34, 19963908, 0.60, 1.57, 0.65, 2855.35002
2018-01-12, 2, qing_du, 8.57, 7.44, -1.98, 7.59, 7.59, 7.59, 7.41, 30366.33, 22686597, 0.69, 2.37, 0.70, 1214.52594
2018-01-15, 1, wei_ruo, 8.56, 7.27, -2.28, 7.44, 7.44, 7.44, 7.20, 27306.32, 19916494, 0.62, 3.23, 0.60, 844.23089
2018-01-16, 1, wei_ruo, 8.56, 7.40, 1.79, 7.27, 7.30, 7.42, 7.26, 19204.92, 14088251, 0.43, 2.20, 0.44, 729.56491
2018-01-17, 1, wei_ruo, 8.55, 7.62, 2.97, 7.40, 7.43, 7.69, 7.40, 47136.06, 35788692, 1.07, 3.92, 1.60, 690.41204
2018-01-18, 1, wei_ruo, 8.54, 7.56, -0.79, 7.62, 7.64, 7.64, 7.50, 22114.74, 16710760, 0.50, 1.84, 0.74, 627.23494
2018-01-19, 1, wei_ruo, 8.54, 7.57, 0.13, 7.56, 7.57, 7.64, 7.48, 19960, 15097801, 0.45, 2.12, 0.68, 825.68502
2018-01-22, 2, qing_du, 8.53, 7.52, -0.66, 7.57, 7.52, 7.53, 7.35, 20170.3, 15009644, 0.46, 2.38, 0.74, 778.4729
2018-01-23, 2, qing_du, 8.53, 7.44, -1.06, 7.52, 7.51, 7.51, 7.40, 19125.68, 14226487, 0.43, 1.46, 0.74, 2339.51211
2018-01-24, 2, qing_du, 8.52, 7.43, -0.13, 7.44, 7.44, 7.51, 7.34, 17510.25, 12963732, 0.40, 2.28, 0.68, 774.46795
2018-01-25, 2, qing_du, 8.52, 7.46, 0.40, 7.43, 7.44, 7.56, 7.42, 20199.45, 15103362, 0.46, 1.88, 1.02, 2775.37704
2018-01-26, 2, qing_du, 8.51, 7.63, 2.28, 7.46, 7.45, 7.66, 7.37, 36851.72, 27597054, 0.83, 3.89, 1.90, 749.76206
2018-01-29, 2, qing_du, 8.49, 7.86, 3.01, 7.63, 7.70, 7.96, 7.64, 98937.38, 77803512, 2.24, 4.19, 4.34, 1013.86595
2018-01-30, 3, zhong_du, 8.48, 8.01, 1.91, 7.86, 7.74, 8.09, 7.74, 87961.14, 69747110, 1.99, 4.45, 2.28, 549.05605
2018-01-31, 3, zhong_du, 8.47, 7.94, -0.87, 8.01, 7.92, 8.15, 7.84, 81497.21, 65224986, 1.84, 3.87, 1.56, 1110.16703
2018-02-01, 4, gao_du, 8.46, 7.75, -2.39, 7.94, 7.91, 8.11, 7.43, 75688.52, 59036927, 1.71, 8.56, 1.16, 750.18597
2018-02-02, 4, gao_du, 8.45, 8.24, 6.32, 7.75, 7.55, 8.38, 7.53, 138168.52, 111244957, 3.12, 10.97, 1.81, 981.50611
2018-02-05, 4, gao_du, 8.48, 9.05, 9.83, 8.24, 8.25, 9.06, 8.24, 385913.67, 339417618, 8.73, 9.95, 4.00, 776.90005
2018-02-06, 4, gao_du, 8.52, 8.88, -1.88, 9.05, 8.80, 9.39, 8.70, 338870.91, 307477706, 7.66, 7.62, 2.20, 852.32401
2018-02-07, 4, gao_du, 8.54, 8.89, 0.11, 8.88, 9.20, 9.30, 8.71, 211701.47, 190452437, 4.79, 6.64, 1.04, 1069.57603
2018-02-08, 4, gao_du, 8.56, 9.13, 2.70, 8.89, 9.00, 9.37, 8.81, 163162.8, 148044593, 3.69, 6.30, 0.60, 4876.61719
2018-02-09, 4, gao_du, 8.55, 8.22, -9.97, 9.13, 8.69, 8.76, 8.22, 175387.11, 147240974, 3.97, 5.91, 0.96, 747.54286
2018-02-12, 4, gao_du, 8.55, 8.35, 1.58, 8.22, 8.15, 8.63, 8.03, 152331.42, 126718936, 3.44, 7.30, 0.89, 3162.09388
2018-02-13, 4, gao_du, 8.56, 9.19, 10.06, 8.35, 8.39, 9.19, 8.33, 209731.14, 184149753, 4.74, 10.30, 1.30, 2698.23503
2018-02-14, 4, gao_du, 8.58, 9.11, -0.87, 9.19, 9.27, 9.39, 9.02, 134515.42, 123469110, 3.04, 4.03, 0.72, 802.90508
