2015-08-20, 3, zhong_du, 11.73, 11.60, -8.30, 12.65, 12.20, 12.62, 11.53, 316109.35, 383101188, 4.28, 8.62, 0.57, 772.5842
2015-08-21, 3, zhong_du, 11.69, 10.53, -9.22, 11.60, 11.20, 11.73, 10.44, 407872.78, 449499816, 5.53, 11.12, 0.80, 2299.20793
2015-08-25, 2, qing_du, 11.50, 8.53, -10.02, 9.48, 8.53, 8.85, 8.53, 289363.15, 248152603, 3.92, 3.38, 0.71, 5083.98294
2015-08-26, 1, wei_ruo, 11.32, 7.69, -9.85, 8.53, 8.60, 8.89, 7.68, 402873.27, 333674684, 5.46, 14.19, 1.13, 920.97998
2015-10-29, 4, gao_du, 10.63, 12.05, 1.26, 11.90, 12.20, 12.35, 11.89, 264540.07, 320828274, 3.58, 3.87, 0.46, 1026.67618
2015-10-30, 4, gao_du, 10.68, 12.04, -0.08, 12.05, 12.08, 12.35, 11.70, 249250.9, 301917164, 3.38, 5.39, 0.43, 974.97082
2015-11-02, 4, gao_du, 10.72, 11.76, -2.33, 12.04, 11.60, 12.25, 11.60, 211702.29, 252446437, 2.87, 5.40, 0.45, 1373.5199
2015-11-03, 4, gao_du, 10.74, 11.56, -1.70, 11.76, 11.71, 11.89, 11.45, 172695.82, 201345951, 2.34, 3.74, 0.45, 937.8221
2015-11-04, 4, gao_du, 10.80, 12.43, 7.53, 11.56, 11.60, 12.50, 11.60, 339176.58, 414352540, 4.59, 7.79, 1.19, 990.00502
2015-11-05, 4, gao_du, 10.88, 12.25, -1.45, 12.43, 12.36, 12.72, 12.15, 359082.61, 444621393, 4.86, 4.59, 1.45, 1127.59709
2015-11-06, 5, qiang_lie, 10.94, 12.56, 2.53, 12.25, 12.26, 12.68, 12.26, 266068.73, 333384208, 3.60, 3.43, 1.00, 1419.85393
2015-11-09, 5, qiang_lie, 11.03, 12.95, 3.11, 12.56, 12.42, 13.10, 12.40, 368338.28, 472267411, 4.99, 5.57, 1.37, 1267.85493
2015-11-10, 5, qiang_lie, 11.10, 12.90, -0.39, 12.95, 12.80, 13.11, 12.70, 278665.31, 360088301, 3.77, 3.17, 0.93, 388.36908
2015-11-11, 5, qiang_lie, 11.10, 12.97, 0.62, 12.89, 12.95, 13.05, 12.82, 178824.53, 231035474, 2.42, 1.78, 0.55, 271.61503
2015-11-12, 5, qiang_lie, 11.19, 12.80, -1.31, 12.97, 12.99, 13.10, 12.55, 214330.56, 274108621, 2.90, 4.24, 0.74, 913.04493
2015-11-13, 5, qiang_lie, 11.24, 12.80, 0.00, 12.80, 12.71, 13.00, 12.63, 244948.2, 313844982, 3.32, 2.89, 0.94, 1066.92481
2015-11-16, 5, qiang_lie, 11.33, 13.53, 5.70, 12.80, 12.50, 13.58, 12.50, 326810.57, 428088147, 4.43, 8.44, 1.27, 1153.27311
2015-11-17, 5, qiang_lie, 11.41, 13.13, -2.96, 13.53, 13.61, 13.63, 13.03, 318317.77, 424934484, 4.31, 4.43, 1.28, 1120.34392
2015-11-18, 5, qiang_lie, 11.46, 12.96, -1.29, 13.13, 13.21, 13.46, 12.93, 189718.24, 250228953, 2.57, 4.04, 0.74, 1496.72699
2015-11-19, 5, qiang_lie, 11.49, 13.11, 1.16, 12.96, 13.06, 13.20, 12.66, 178561.83, 232513105, 2.42, 4.17, 0.69, 16529.05893
2015-11-20, 5, qiang_lie, 11.53, 13.11, 0.00, 13.11, 13.24, 13.28, 13.00, 159673.84, 209222050, 2.16, 2.14, 0.63, 16420.69006
2015-11-23, 5, qiang_lie, 11.59, 13.34, 1.75, 13.11, 13.16, 13.60, 13.16, 266998.48, 358535953, 3.62, 3.36, 1.14, 32128.335
2015-11-24, 5, qiang_lie, 11.65, 13.79, 3.37, 13.34, 13.36, 13.82, 13.36, 211200.39, 286943656, 2.86, 3.45, 0.95, 1329.72193
2015-11-25, 5, qiang_lie, 11.80, 14.79, 7.25, 13.79, 13.91, 15.17, 13.79, 373555.76, 544868740, 5.06, 10.01, 1.86, 2891.38699
2015-11-26, 5, qiang_lie, 11.98, 14.27, -3.52, 14.79, 15.00, 15.34, 14.20, 465878.66, 689350798, 6.31, 7.71, 1.96, 887.64
2015-11-27, 5, qiang_lie, 12.08, 13.15, -7.85, 14.27, 14.20, 14.20, 12.84, 508029.13, 691554606, 6.88, 9.53, 1.72, 880.47886
2015-11-30, 5, qiang_lie, 12.18, 14.30, 8.75, 13.15, 13.17, 14.37, 12.50, 445356.88, 596058052, 6.03, 14.22, 1.22, 1181.7348
2015-12-01, 5, qiang_lie, 12.25, 14.26, -0.28, 14.30, 14.10, 14.55, 13.86, 254684.89, 362473711, 3.45, 4.83, 0.64, 1374.55606
2015-12-02, 5, qiang_lie, 12.30, 13.74, -3.65, 14.26, 14.28, 14.30, 13.48, 231955.06, 320443626, 3.14, 5.75, 0.57, 922.36996
2015-12-03, 5, qiang_lie, 12.30, 13.98, 1.75, 13.74, 13.65, 14.09, 13.65, 128368.25, 178452741, 1.74, 3.20, 0.34, 786.45992
2015-12-04, 5, qiang_lie, 12.37, 14.11, 0.93, 13.98, 13.93, 14.55, 13.88, 259227.8, 368498521, 3.51, 4.79, 0.83, 1690.53483
2015-12-07, 5, qiang_lie, 12.42, 14.03, -0.57, 14.11, 14.22, 14.37, 13.83, 187619.27, 264332878, 2.54, 3.83, 0.71, 823.59099
2015-12-08, 5, qiang_lie, 12.45, 13.40, -4.49, 14.03, 14.03, 14.03, 13.37, 194740.03, 265637942, 2.64, 4.70, 0.92, 725.60096
2015-12-09, 5, qiang_lie, 12.47, 12.98, -3.13, 13.40, 13.40, 13.57, 12.80, 222678.54, 293873746, 3.02, 5.75, 1.11, 608.08516
2015-12-10, 5, qiang_lie, 12.48, 13.06, 0.62, 12.98, 13.00, 13.40, 13.00, 172902.75, 228570220, 2.34, 3.08, 0.87, 838.33313
2015-12-11, 5, qiang_lie, 12.49, 13.03, -0.23, 13.06, 13.10, 13.30, 12.95, 120852.18, 158664019, 1.64, 2.68, 0.58, 1100.209
2015-12-14, 4, gao_du, 12.51, 13.42, 2.99, 13.03, 12.80, 13.44, 12.80, 131090.95, 173899107, 1.78, 4.91, 0.73, 850.01111
2015-12-15, 4, gao_du, 12.52, 13.48, 0.45, 13.42, 13.50, 13.57, 13.29, 104923.73, 140955739, 1.42, 2.09, 0.62, 2983.31189
2015-12-16, 4, gao_du, 12.57, 14.19, 5.27, 13.48, 13.44, 14.46, 13.44, 270219.88, 380637233, 3.66, 7.57, 1.80, 2778.04112
2015-12-17, 4, gao_du, 12.64, 14.37, 1.27, 14.19, 14.30, 14.71, 14.21, 247431.49, 358302467, 3.35, 3.52, 1.55, 2786.71288
2015-12-18, 5, qiang_lie, 12.72, 14.70, 2.30, 14.37, 14.33, 14.81, 14.33, 305624.77, 447645023, 4.14, 3.34, 1.75, 1176.72896
2016-01-19, 5, qiang_lie, 12.72, 13.23, -10.00, 14.70, 13.23, 13.23, 13.23, 5552, 7345296, 0.08, 0.00, 0.03, 832.30591
2016-01-20, 5, qiang_lie, 12.63, 11.92, -9.90, 13.23, 11.91, 12.03, 11.91, 816231.49, 972362559, 11.06, 0.91, 3.85, 725.67797
2016-01-21, 3, zhong_du, 12.57, 11.60, -2.68, 11.92, 11.51, 12.20, 11.44, 558189.35, 658787438, 7.56, 6.38, 2.63, 2753.32904
2016-01-22, 2, qing_du, 12.50, 11.42, -1.55, 11.60, 11.61, 11.80, 10.70, 390586.54, 438995039, 5.29, 9.48, 1.84, 2793.16211
2016-01-26, 1, wei_ruo, 12.44, 11.09, -2.80, 11.41, 11.30, 11.79, 10.77, 241143.41, 274331810, 3.27, 8.94, 1.14, 4626.87397
2016-01-27, 1, wei_ruo, 12.38, 9.98, -10.01, 11.09, 10.84, 11.08, 9.98, 207519.94, 212313368, 2.81, 9.92, 0.98, 906.46195
2016-01-28, 1, wei_ruo, 12.31, 9.58, -4.01, 9.98, 9.98, 10.44, 9.50, 189613.71, 191261805, 2.57, 9.42, 0.90, 3615.81898
2016-01-29, 1, wei_ruo, 12.26, 10.31, 7.62, 9.58, 9.59, 10.37, 9.50, 167042.38, 168770462, 2.26, 9.08, 0.79, 2871.46401
2016-02-01, 1, wei_ruo, 12.22, 11.26, 9.21, 10.31, 10.36, 11.33, 10.30, 265791.55, 293230688, 3.60, 9.99, 1.25, 2789.12306
2016-02-02, 1, wei_ruo, 12.20, 11.91, 5.77, 11.26, 11.20, 11.95, 11.05, 211491.1, 243981464, 2.86, 7.99, 1.00, 1014.99081
2016-02-03, 1, wei_ruo, 12.19, 12.00, 0.76, 11.91, 11.74, 12.19, 11.58, 149688.38, 178135618, 2.03, 5.12, 0.71, 1169.31701
2016-02-04, 2, qing_du, 12.19, 11.94, -0.50, 12.00, 11.91, 12.32, 11.90, 120956.7, 146949790, 1.64, 3.50, 0.57, 4898.85092
2016-02-05, 2, qing_du, 12.21, 12.82, 7.37, 11.94, 13.09, 13.09, 12.66, 200505.07, 258858884, 2.72, 3.60, 0.95, 848.76204
2016-02-15, 2, qing_du, 12.22, 13.00, 1.40, 12.82, 12.33, 13.01, 12.26, 127352.98, 161569937, 1.73, 5.85, 0.60, 905.86996
2016-02-16, 3, zhong_du, 12.23, 13.21, 1.62, 13.00, 12.96, 13.38, 12.90, 130376.99, 171446194, 1.77, 3.69, 0.62, 1368.56198
2016-02-17, 3, zhong_du, 12.25, 13.09, -0.91, 13.21, 13.24, 13.48, 12.89, 112186.96, 147872419, 1.52, 4.47, 0.53, 1464.78891
2016-02-18, 3, zhong_du, 12.27, 13.19, 0.76, 13.09, 13.11, 13.59, 12.91, 157715.87, 208637841, 2.14, 5.19, 0.74, 908.60295
2016-02-19, 3, zhong_du, 12.28, 13.00, -1.44, 13.19, 13.22, 13.34, 12.85, 78704.93, 102878522, 1.07, 3.71, 0.47, 1459.32984
2016-02-22, 3, zhong_du, 12.28, 13.17, 1.15, 13.02, 13.28, 13.38, 13.03, 107299.9, 141670071, 1.45, 2.69, 0.86, 3345.57915
2016-02-23, 3, zhong_du, 12.32, 13.02, -1.14, 13.17, 13.17, 13.24, 12.87, 88067.49, 114802115, 1.19, 2.81, 0.73, 1620.57304
2016-02-24, 3, zhong_du, 12.35, 13.50, 3.69, 13.02, 13.03, 13.69, 12.94, 186233.59, 248805658, 2.52, 5.76, 1.65, 6437.77514
2016-02-25, 3, zhong_du, 12.35, 12.15, -10.00, 13.50, 13.41, 13.59, 12.15, 209607.22, 266444215, 2.84, 10.67, 1.64, 1456.57206
2016-02-26, 3, zhong_du, 12.35, 12.14, -0.08, 12.15, 12.34, 12.50, 11.72, 111417.52, 135432225, 1.51, 6.42, 0.81, 629.79484
2016-02-29, 2, qing_du, 12.33, 10.97, -9.64, 12.14, 12.02, 12.19, 10.93, 112324.27, 125858778, 1.52, 10.38, 0.80, 1267.89713
2016-03-01, 2, qing_du, 12.32, 11.30, 3.01, 10.97, 11.01, 11.38, 11.01, 99164.7, 111331574, 1.34, 3.37, 0.70, 1057.55401
2016-03-02, 1, wei_ruo, 12.31, 12.01, 6.28, 11.30, 11.30, 12.13, 11.20, 115684.77, 135076425, 1.57, 8.23, 0.80, 567.82293
2016-03-03, 1, wei_ruo, 12.31, 12.09, 0.67, 12.01, 12.00, 12.46, 11.98, 101868.55, 124289099, 1.38, 4.00, 0.79, 2591.01915
2016-03-04, 1, wei_ruo, 12.31, 12.03, -0.50, 12.09, 12.01, 12.37, 11.74, 111474.05, 134162418, 1.51, 5.21, 1.03, 747.75815
2016-03-07, 2, qing_du, 12.31, 12.39, 2.99, 12.03, 12.02, 12.58, 12.02, 98204.66, 121203613, 1.33, 4.66, 0.91, 3199.28002
2016-03-08, 2, qing_du, 12.30, 12.21, -1.45, 12.39, 12.34, 12.35, 11.50, 97721.45, 116700361, 1.32, 6.86, 0.93, 2548.77281
2016-03-10, 2, qing_du, 12.29, 11.62, -1.11, 11.75, 11.76, 11.96, 11.60, 49180.82, 57999094, 0.67, 3.06, 0.52, 415.31301
2016-03-14, 1, wei_ruo, 12.29, 12.22, 3.74, 11.78, 11.90, 12.40, 11.81, 94685.29, 115259845, 1.28, 5.01, 1.27, 728.46603
2016-03-15, 2, qing_du, 12.29, 11.98, -1.96, 12.22, 12.23, 12.27, 11.92, 55821.89, 67418504, 0.76, 2.86, 0.75, 2644.35315
2016-03-16, 2, qing_du, 12.28, 12.07, 0.75, 11.98, 12.06, 12.31, 11.85, 63496.88, 76525142, 0.86, 3.84, 0.97, 2603.49107
2016-03-17, 3, zhong_du, 12.28, 12.35, 2.32, 12.07, 12.07, 12.37, 12.00, 104996.71, 128161462, 1.42, 3.07, 1.61, 765.517
2016-03-18, 3, zhong_du, 12.29, 12.70, 2.83, 12.35, 12.35, 12.89, 12.18, 153233.26, 192504700, 2.08, 5.75, 2.01, 4191.70189
2016-03-21, 3, zhong_du, 12.30, 13.00, 2.36, 12.70, 12.85, 13.13, 12.71, 125628.83, 162899166, 1.70, 3.31, 1.33, 4377.91395
2016-03-22, 3, zhong_du, 12.31, 12.84, -1.23, 13.00, 12.98, 12.98, 12.77, 74753.95, 96289153, 1.01, 1.62, 0.74, 355.05199
2016-03-23, 4, gao_du, 12.31, 12.88, 0.31, 12.84, 12.80, 13.04, 12.70, 75948.26, 97619437, 1.03, 2.65, 0.73, 2168.80012
2016-03-24, 4, gao_du, 12.32, 12.68, -1.55, 12.88, 12.84, 13.03, 12.60, 109240.53, 140530413, 1.48, 3.34, 1.02, 2965.45005
2016-03-25, 4, gao_du, 12.33, 12.94, 2.05, 12.68, 12.50, 13.08, 12.50, 102196.76, 130821503, 1.38, 4.57, 0.95, 2556.94294
2016-03-28, 4, gao_du, 12.34, 12.75, -1.47, 12.94, 13.01, 13.25, 12.70, 123091.21, 159896116, 1.67, 4.25, 1.26, 2883.97908
2016-03-29, 4, gao_du, 12.34, 12.96, 1.65, 12.75, 12.79, 12.98, 12.61, 94723.62, 121398586, 1.28, 2.90, 0.98, 741.45508
2016-03-30, 4, gao_du, 12.36, 13.33, 2.85, 12.96, 13.09, 13.37, 13.01, 145947.07, 193128857, 1.98, 2.78, 1.44, 1183.20084
2016-03-31, 4, gao_du, 12.38, 13.27, -0.45, 13.33, 13.35, 13.48, 13.18, 125178.41, 166818589, 1.70, 2.25, 1.09, 2955.50203
2016-04-01, 5, qiang_lie, 12.39, 13.20, -0.53, 13.27, 13.32, 13.35, 13.03, 81152.09, 106818190, 1.10, 2.41, 0.69, 1420.65096
2016-04-05, 5, qiang_lie, 12.40, 13.38, 1.36, 13.20, 13.25, 13.45, 13.25, 86219.07, 115229826, 1.17, 1.52, 0.76, 2550.89498
2016-04-06, 5, qiang_lie, 12.41, 13.24, -1.05, 13.38, 13.43, 13.44, 13.10, 86338.7, 114940164, 1.17, 2.54, 0.81, 2609.55715
2016-04-07, 5, qiang_lie, 12.42, 13.24, 0.00, 13.24, 13.16, 13.37, 12.93, 107727.45, 141211983, 1.46, 3.32, 1.03, 2837.98885
2016-04-08, 5, qiang_lie, 12.42, 13.18, -0.45, 13.24, 13.15, 13.19, 12.95, 65739.07, 85871029, 0.89, 1.81, 0.68, 4706.02083
2016-04-11, 5, qiang_lie, 12.44, 13.56, 2.88, 13.18, 13.25, 13.58, 13.25, 143498.21, 192862872, 1.94, 2.50, 1.68, 2941.5071
2016-04-12, 5, qiang_lie, 12.46, 13.50, -0.44, 13.56, 13.50, 13.60, 13.39, 87094.49, 117298891, 1.18, 1.55, 0.89, 3143.6851
2016-04-13, 5, qiang_lie, 12.49, 13.90, 2.96, 13.50, 13.55, 14.03, 13.55, 171943.93, 239034661, 2.33, 3.56, 1.75, 692.62218
2016-04-14, 5, qiang_lie, 12.62, 15.00, 7.91, 13.90, 13.89, 15.29, 13.88, 433301.19, 642280522, 5.87, 10.14, 3.76, 460.94918
2016-04-15, 5, qiang_lie, 12.68, 14.72, -1.87, 15.00, 14.95, 15.11, 14.58, 200945.85, 297765374, 2.72, 3.53, 1.11, 2097.59593
2016-04-18, 5, qiang_lie, 12.71, 14.61, -0.75, 14.72, 14.65, 14.97, 14.46, 124152.96, 183022680, 1.68, 3.46, 0.60, 2471.99607
2016-04-19, 5, qiang_lie, 12.76, 14.94, 2.26, 14.61, 14.72, 15.18, 14.52, 169673.76, 252909921, 2.30, 4.52, 0.83, 1089.27894
2016-04-20, 5, qiang_lie, 12.82, 14.01, -6.22, 14.94, 14.99, 15.15, 13.70, 274860.4, 393832734, 3.72, 9.71, 1.25, 1003.6571
2016-04-21, 5, qiang_lie, 12.84, 13.85, -1.14, 14.01, 14.10, 14.32, 13.82, 144550.94, 203900153, 1.96, 3.57, 0.60, 1131.15907
2016-04-22, 5, qiang_lie, 12.85, 13.97, 0.87, 13.85, 13.80, 13.99, 13.68, 75030.08, 104161423, 1.02, 2.24, 0.41, 3715.276
2016-04-25, 5, qiang_lie, 12.87, 14.07, 0.72, 13.97, 14.00, 14.22, 13.80, 78587.29, 110120913, 1.06, 3.01, 0.50, 773.87905
2016-04-26, 5, qiang_lie, 12.88, 14.13, 0.43, 14.07, 14.06, 14.26, 13.88, 83591.33, 117706205, 1.13, 2.70, 0.56, 851.68695
2016-04-27, 5, qiang_lie, 12.89, 14.05, -0.57, 14.13, 14.12, 14.38, 14.00, 64610.26, 91371963, 0.88, 2.69, 0.49, 993.00504
2016-04-28, 5, qiang_lie, 12.91, 14.19, 1.00, 14.05, 13.99, 14.20, 13.74, 132314.46, 185124809, 1.79, 3.27, 1.48, 812.428
2016-04-29, 5, qiang_lie, 12.92, 14.15, -0.28, 14.19, 14.19, 14.30, 14.10, 75876.02, 107780959, 1.03, 1.41, 0.87, 2879.00591
2016-05-03, 5, qiang_lie, 12.95, 14.62, 3.32, 14.15, 14.17, 14.69, 14.03, 104892.65, 151557234, 1.42, 4.66, 1.21, 4482.96094
2016-05-04, 5, qiang_lie, 12.97, 14.63, 0.07, 14.62, 14.51, 14.86, 14.51, 97289.5, 143287992, 1.32, 2.39, 1.05, 409.482
2016-05-05, 5, qiang_lie, 13.00, 14.27, -2.46, 14.63, 14.51, 14.62, 14.02, 189768.4, 269473304, 2.57, 4.10, 2.00, 554.02303
2016-05-06, 5, qiang_lie, 13.05, 14.40, 0.91, 14.27, 14.38, 14.80, 14.21, 252480.78, 367553605, 3.42, 4.13, 2.10, 4298.20108
2016-05-09, 5, qiang_lie, 13.10, 14.41, 0.07, 14.40, 14.40, 14.72, 14.06, 254016.87, 367281991, 3.44, 4.58, 1.76, 729.12693
2016-05-10, 5, qiang_lie, 13.11, 13.47, -6.52, 14.41, 14.28, 14.28, 13.21, 172900.72, 237590756, 2.34, 7.43, 0.96, 2569.24987
2016-05-11, 4, gao_du, 13.12, 13.70, 1.71, 13.47, 13.50, 13.99, 12.98, 151002.05, 204251092, 2.05, 7.50, 0.78, 880.95093
2016-05-12, 3, zhong_du, 13.13, 13.87, 1.24, 13.70, 13.56, 13.89, 13.20, 87445.97, 118392051, 1.18, 5.04, 0.43, 1076.30396
2016-05-13, 3, zhong_du, 13.14, 13.91, 0.29, 13.87, 13.84, 14.03, 13.65, 75810.17, 105361347, 1.03, 2.74, 0.41, 2831.24995
2016-05-16, 3, zhong_du, 13.14, 13.93, 0.14, 13.91, 13.90, 13.95, 13.71, 53019.62, 73387289, 0.72, 1.73, 0.36, 14613.90996
2016-05-17, 3, zhong_du, 13.15, 14.15, 1.58, 13.93, 13.99, 14.49, 13.84, 99317.07, 141288356, 1.35, 4.67, 0.92, 718.29891
2016-05-18, 3, zhong_du, 13.16, 13.64, -3.60, 14.15, 14.00, 14.08, 13.33, 86972.6, 118808116, 1.18, 5.30, 0.93, 745.03684
2016-05-19, 3, zhong_du, 13.16, 13.39, -1.83, 13.64, 13.65, 13.97, 13.34, 61830.52, 84367504, 0.84, 4.62, 0.77, 4008.66103
2016-05-20, 3, zhong_du, 13.17, 13.50, 0.82, 13.39, 13.33, 13.66, 13.08, 62767.75, 84725961, 0.85, 4.33, 0.83, 722.50199
2016-05-23, 2, qing_du, 13.17, 13.75, 1.85, 13.50, 13.60, 13.79, 13.60, 43186, 59145299, 0.59, 1.41, 0.59, 2867.414
2016-05-24, 2, qing_du, 13.17, 13.84, 0.65, 13.75, 13.75, 13.90, 13.60, 68848.65, 94841803, 0.93, 2.18, 0.97, 429.75807
2016-05-25, 2, qing_du, 13.18, 14.04, 1.45, 13.84, 13.81, 14.09, 13.64, 96182.08, 133847550, 1.30, 3.25, 1.36, 795.73989
2016-05-26, 2, qing_du, 13.19, 14.07, 0.21, 14.04, 13.98, 14.13, 13.70, 74302.53, 103578534, 1.01, 3.06, 1.05, 1052.75512
2016-05-27, 3, zhong_du, 13.20, 14.19, 0.85, 14.07, 13.97, 14.29, 13.97, 91547.18, 129935931, 1.24, 2.27, 1.29, 456.26712
2016-05-30, 3, zhong_du, 13.21, 14.25, 0.42, 14.19, 14.08, 14.36, 13.91, 65182.92, 92479781, 0.88, 3.17, 0.92, 450.23918
2016-05-31, 3, zhong_du, 13.24, 14.62, 2.60, 14.25, 14.21, 14.64, 14.21, 135336.3, 196385705, 1.83, 3.02, 1.91, 696.69914
2016-06-01, 3, zhong_du, 13.26, 14.49, -0.89, 14.62, 14.65, 14.74, 14.30, 125085.63, 181585696, 1.69, 3.01, 1.77, 1048.36106
2016-06-02, 3, zhong_du, 13.26, 14.35, -0.97, 14.49, 14.45, 14.48, 14.15, 100154.27, 143321575, 1.36, 2.28, 1.41, 499.85695
2016-06-03, 3, zhong_du, 13.32, 14.41, 0.42, 14.35, 14.46, 14.50, 14.20, 105776.61, 151788616, 1.43, 2.09, 1.49, 727.65303
2016-06-06, 3, zhong_du, 13.35, 14.79, 2.64, 14.41, 14.41, 14.88, 14.37, 129163.82, 190192557, 1.75, 3.54, 1.82, 669.36398
2016-06-07, 3, zhong_du, 13.36, 14.51, -1.89, 14.79, 14.81, 14.85, 14.44, 103441.99, 150940659, 1.40, 2.77, 1.46, 459.36108
2016-06-08, 4, gao_du, 13.37, 14.34, -1.17, 14.51, 14.64, 14.64, 14.30, 62825.93, 90299481, 0.85, 2.34, 0.89, 656.73685
2016-06-13, 3, zhong_du, 13.38, 13.82, -3.63, 14.34, 14.13, 14.35, 13.80, 90911.68, 128251442, 1.23, 3.84, 1.28, 925.01402
2016-06-14, 3, zhong_du, 13.39, 14.08, 1.88, 13.82, 13.90, 14.10, 13.70, 91835.05, 127269002, 1.24, 2.89, 1.30, 589.55693
2016-06-15, 3, zhong_du, 13.40, 14.29, 1.49, 14.08, 14.00, 14.35, 13.88, 76730.79, 108992502, 1.04, 3.34, 1.08, 3658.19097
2016-06-16, 3, zhong_du, 13.40, 14.01, -1.96, 14.29, 14.21, 14.34, 13.91, 77053.69, 108577666, 1.04, 3.01, 1.09, 935.12297
2016-06-17, 3, zhong_du, 13.41, 13.70, -2.21, 14.01, 14.11, 14.18, 13.68, 75177, 104563780, 1.02, 3.57, 1.06, 1773.56219
2016-06-20, 2, qing_du, 13.41, 13.70, -2.21, 14.01, 14.11, 14.18, 13.68, 75177, 104563780, 1.02, 3.57, 1.06, 3302.06704
2016-06-21, 2, qing_du, 13.41, 13.09, -2.31, 13.40, 13.52, 13.59, 13.00, 84753.03, 112491077, 1.15, 4.40, 1.20, 3881.50311
2016-06-22, 1, wei_ruo, 13.40, 13.22, 0.99, 13.09, 13.09, 13.29, 13.09, 52406.11, 69094238, 0.71, 1.53, 0.74, 664.23798
2016-06-23, 1, wei_ruo, 13.40, 12.96, -1.97, 13.22, 13.24, 13.24, 12.93, 64809.01, 84546039, 0.88, 2.34, 0.92, 961.34615
2016-06-24, 1, wei_ruo, 13.39, 12.71, -1.93, 12.96, 12.90, 13.10, 12.39, 77161.91, 98419464, 1.05, 5.48, 1.09, 2541.47601
2016-06-27, 1, wei_ruo, 13.39, 13.27, 4.41, 12.71, 12.50, 13.34, 12.44, 68916.64, 89387873, 0.93, 7.08, 0.97, 2707.80301
2016-06-28, 1, wei_ruo, 13.39, 13.41, 0.98, 13.28, 13.27, 13.60, 13.02, 66324.11, 88835142, 0.90, 4.37, 0.94, 2674.31188
2016-06-30, 1, wei_ruo, 13.39, 13.31, 0.23, 13.28, 13.29, 13.47, 13.27, 35177.13, 46885922, 0.48, 1.51, 0.50, 664.41107
2016-07-01, 1, wei_ruo, 13.39, 13.63, 2.40, 13.31, 13.42, 13.84, 13.42, 92966.34, 127098387, 1.26, 3.16, 1.31, 907.0971
2016-07-04, 2, qing_du, 13.41, 14.19, 4.11, 13.63, 13.95, 14.30, 13.95, 134605.91, 191037393, 1.82, 2.57, 1.90, 845.28112
2016-07-05, 2, qing_du, 13.41, 14.15, -0.28, 14.19, 14.10, 14.28, 14.00, 74232.52, 104942972, 1.01, 1.97, 1.05, 4625.02408
2016-07-06, 3, zhong_du, 13.42, 14.16, 0.07, 14.15, 14.20, 14.30, 14.02, 65479.23, 92848968, 0.89, 1.98, 0.92, 2805.74203
2016-07-07, 3, zhong_du, 13.43, 14.06, -0.71, 14.16, 14.16, 14.26, 13.99, 61034.74, 85944603, 0.83, 1.91, 0.86, 1768.70608
2016-07-08, 3, zhong_du, 13.43, 13.98, -0.57, 14.06, 14.03, 14.16, 13.97, 48062.81, 67473323, 0.65, 1.35, 0.68, 18654.56915
2016-07-11, 3, zhong_du, 13.43, 13.98, 0.00, 13.98, 13.98, 14.25, 13.95, 54349, 76594665, 0.74, 2.15, 0.77, 2935.44102
2016-07-12, 3, zhong_du, 13.44, 13.97, -0.07, 13.98, 13.98, 14.09, 13.78, 56692.32, 78861871, 0.77, 2.22, 0.80, 16500.05603
2016-07-13, 3, zhong_du, 13.44, 14.04, 0.50, 13.97, 14.08, 14.17, 13.96, 47345.87, 66634297, 0.64, 1.50, 0.67, 31734.14803
2016-07-14, 3, zhong_du, 13.45, 14.23, 1.35, 14.04, 14.07, 14.24, 13.98, 54401.19, 76730737, 0.74, 1.85, 0.77, 3827.18992
2016-07-15, 3, zhong_du, 13.45, 14.10, -0.91, 14.23, 14.27, 14.28, 14.05, 62702.15, 88716395, 0.85, 1.62, 0.89, 2842.43202
2016-07-18, 3, zhong_du, 13.46, 13.88, -1.56, 14.10, 14.08, 14.14, 13.87, 45510.25, 63436078, 0.62, 1.91, 0.66, 913.75685
2016-07-19, 3, zhong_du, 13.46, 13.98, 0.58, 13.90, 13.90, 13.99, 13.80, 35980.55, 50016604, 0.49, 1.37, 0.51, 628.17597
2016-07-20, 3, zhong_du, 13.46, 13.86, -0.86, 13.98, 13.98, 13.99, 13.81, 28725.26, 39926770, 0.39, 1.29, 0.41, 496.57202
2016-07-21, 3, zhong_du, 13.47, 13.87, 0.07, 13.86, 13.86, 13.94, 13.78, 41346.9, 57343604, 0.56, 1.15, 0.58, 6689.24093
2016-07-22, 3, zhong_du, 13.41, 13.65, -1.09, 13.80, 13.80, 13.80, 13.51, 48683.75, 66425470, 0.66, 2.10, 0.69, 2830.14321
2016-07-25, 3, zhong_du, 13.41, 13.55, -0.73, 13.65, 13.64, 13.68, 13.51, 32747.38, 44441951, 0.44, 1.25, 0.46, 4568.04299
2016-07-26, 3, zhong_du, 13.41, 13.89, 2.51, 13.55, 13.55, 13.98, 13.50, 69478.29, 96399489, 0.94, 3.54, 0.98, 656.00705
2016-07-27, 3, zhong_du, 13.41, 13.68, -1.51, 13.89, 13.90, 14.02, 13.38, 92602.27, 127118393, 1.25, 4.61, 1.31, 6416.7819
2016-07-28, 3, zhong_du, 13.42, 13.75, 0.51, 13.68, 13.56, 13.75, 13.50, 47328.52, 64494991, 0.64, 1.83, 0.67, 917.63997
2016-07-29, 3, zhong_du, 13.42, 13.59, -1.16, 13.75, 13.73, 13.79, 13.56, 34943.36, 47690187, 0.47, 1.67, 0.49, 14405.54404
2016-08-01, 3, zhong_du, 13.42, 13.76, 1.25, 13.59, 13.50, 13.80, 13.11, 87103.22, 117469427, 1.18, 5.08, 1.23, 5284.43289
2016-08-02, 3, zhong_du, 13.42, 13.83, 0.51, 13.76, 13.76, 13.84, 13.61, 33269.85, 45801829, 0.45, 1.67, 0.47, 14587.19707
2016-08-03, 3, zhong_du, 13.43, 14.15, 2.31, 13.83, 13.85, 14.20, 13.78, 106083.38, 149276042, 1.44, 3.04, 1.84, 4567.98387
2016-08-04, 4, gao_du, 13.43, 14.08, -0.49, 14.15, 14.15, 14.15, 13.95, 60612.27, 85069034, 0.82, 1.41, 0.99, 14328.82214
2016-08-05, 5, qiang_lie, 13.44, 14.11, 0.21, 14.08, 14.01, 14.19, 14.01, 52491.02, 73879639, 0.71, 1.28, 0.86, 1556.28896
2016-08-08, 5, qiang_lie, 13.45, 14.06, -0.35, 14.11, 14.03, 14.16, 13.92, 76266.64, 106992310, 1.03, 1.70, 1.29, 3554.87299
2016-08-09, 5, qiang_lie, 13.45, 14.10, 0.28, 14.06, 14.06, 14.23, 14.00, 71751.02, 101308303, 0.97, 1.64, 1.09, 18078.28903
2016-08-10, 5, qiang_lie, 13.46, 14.04, -0.43, 14.10, 14.10, 14.18, 13.93, 58995.87, 82887052, 0.80, 1.77, 0.80, 5993.77608
2016-08-11, 5, qiang_lie, 13.46, 13.91, -0.86, 14.03, 14.03, 14.12, 13.80, 67491, 93944820, 0.91, 2.28, 1.05, 470.77703
2016-08-15, 5, qiang_lie, 13.47, 14.19, 1.72, 13.95, 13.98, 14.26, 13.92, 109934.68, 155485537, 1.49, 2.44, 1.63, 607.59997
2016-08-16, 5, qiang_lie, 13.49, 14.40, 1.48, 14.19, 14.15, 14.48, 14.10, 125669.85, 179705059, 1.70, 2.68, 1.70, 846.81392
2016-08-17, 5, qiang_lie, 13.50, 14.37, -0.21, 14.40, 14.40, 14.51, 14.23, 75487.37, 108239943, 1.02, 1.94, 0.89, 14323.23003
2016-08-18, 5, qiang_lie, 13.51, 14.44, 0.49, 14.37, 14.41, 14.62, 14.32, 118808.9, 172074673, 1.61, 2.09, 1.35, 16017.5581
2016-08-19, 5, qiang_lie, 13.52, 14.19, -1.73, 14.44, 14.44, 14.46, 14.07, 106660.03, 151454256, 1.44, 2.70, 1.09, 697.50118
2016-08-22, 5, qiang_lie, 13.53, 14.08, -0.78, 14.19, 14.22, 14.22, 14.04, 39917.54, 56287638, 0.54, 1.27, 0.37, 2639.29105
2016-08-23, 5, qiang_lie, 13.53, 14.17, 0.64, 14.08, 14.23, 14.33, 14.00, 72775.02, 102939090, 0.99, 2.34, 0.78, 608.90698
2016-08-24, 5, qiang_lie, 13.54, 13.90, -1.91, 14.17, 14.25, 14.25, 13.88, 66337.58, 93132990, 0.90, 2.61, 0.80, 3500.86999
2016-08-25, 4, gao_du, 13.54, 13.87, -0.14, 13.89, 13.89, 13.99, 13.78, 51854.35, 71954846, 0.70, 1.51, 0.64, 719.5518
2016-08-26, 4, gao_du, 13.56, 14.37, 3.60, 13.87, 13.88, 15.00, 13.85, 183372.18, 266327973, 2.48, 8.29, 2.70, 502.30908
2016-08-29, 4, gao_du, 13.57, 14.12, -1.74, 14.37, 14.25, 14.47, 14.08, 104295.2, 148416356, 1.41, 2.71, 1.25, 698.14301
2016-08-30, 4, gao_du, 13.58, 14.02, -0.71, 14.12, 14.18, 14.18, 13.92, 74060.42, 103876067, 1.00, 1.84, 0.77, 602.26989
2016-08-31, 3, zhong_du, 13.58, 14.01, -0.07, 14.02, 14.05, 14.05, 13.91, 13421.54, 18738572, 0.18, 1.00, 0.80, 1229.34318
2016-09-01, 3, zhong_du, 13.58, 13.93, -1.07, 14.08, 14.08, 14.14, 13.86, 76794.64, 107085904, 1.04, 1.99, 0.83, 640.43522
2016-09-02, 3, zhong_du, 13.58, 13.82, -0.79, 13.93, 13.98, 13.98, 13.76, 58132.52, 80568572, 0.79, 1.58, 0.63, 2762.17818
2016-09-05, 3, zhong_du, 13.58, 13.79, -0.22, 13.82, 13.83, 13.95, 13.78, 48682.36, 67521627, 0.66, 1.23, 0.53, 2637.22706
2016-09-06, 3, zhong_du, 13.58, 13.90, 0.80, 13.79, 13.80, 13.94, 13.77, 53541.59, 74120889, 0.73, 1.23, 0.58, 5555.07493
2016-09-07, 3, zhong_du, 13.58, 14.07, 1.22, 13.90, 13.98, 14.14, 13.90, 79881.04, 112319283, 1.08, 1.73, 0.87, 602.76294
2016-09-08, 3, zhong_du, 13.58, 14.01, -0.07, 14.02, 14.05, 14.05, 13.91, 13421.54, 18738572, 0.18, 1.00, 0.80, 2599.51282
2016-09-09, 3, zhong_du, 13.58, 13.99, -1.27, 14.17, 14.24, 14.24, 13.97, 52910, 74478101, 0.72, 1.91, 0.57, 4586.33494
2016-09-12, 3, zhong_du, 13.58, 14.01, -0.07, 14.02, 14.05, 14.05, 13.91, 13421.54, 18738572, 0.18, 1.00, 0.80, 2690.10615
2016-09-13, 3, zhong_du, 13.58, 14.01, -0.07, 14.02, 14.05, 14.05, 13.91, 13421.54, 18738572, 0.18, 1.00, 0.80, 4635.16212
2016-09-14, 2, qing_du, 13.58, 13.51, 0.30, 13.47, 13.42, 13.59, 13.38, 29973.81, 40520959, 0.41, 1.56, 0.33, 752.13814
2016-09-19, 1, wei_ruo, 13.58, 13.53, 0.15, 13.51, 13.51, 13.68, 13.47, 34457.16, 46707022, 0.47, 1.55, 0.38, 658.55098
2016-09-20, 1, wei_ruo, 13.58, 13.56, 0.22, 13.53, 13.53, 13.65, 13.50, 21902.49, 29709440, 0.30, 1.11, 0.24, 504.12917
2016-09-21, 1, wei_ruo, 13.58, 13.65, 0.66, 13.56, 13.60, 13.71, 13.55, 26598.94, 36362100, 0.36, 1.18, 0.29, 444.67688
2016-09-22, 1, wei_ruo, 13.58, 13.67, 0.15, 13.65, 13.72, 13.81, 13.61, 18672.5, 25579313, 0.25, 1.47, 0.20, 552.88005
2016-09-23, 1, wei_ruo, 13.58, 13.54, -0.95, 13.67, 13.70, 13.71, 13.52, 24406.42, 33147033, 0.33, 1.39, 0.27, 667.99903
2016-09-26, 1, wei_ruo, 13.58, 13.48, -0.44, 13.54, 13.54, 13.63, 13.45, 32058.55, 43368280, 0.43, 1.33, 0.35, 709.50985
2016-09-27, 1, wei_ruo, 13.58, 13.49, 0.07, 13.48, 13.46, 13.53, 13.40, 20299.47, 27331745, 0.27, 0.96, 0.22, 2641.44492
2016-09-28, 1, wei_ruo, 13.58, 13.60, 0.82, 13.49, 13.62, 13.65, 13.46, 22445.11, 30461828, 0.30, 1.41, 0.24, 624.43399
2016-09-29, 1, wei_ruo, 13.58, 13.55, -0.37, 13.60, 13.55, 13.66, 13.55, 18661.01, 25385788, 0.25, 0.81, 0.20, 7031.44813
2016-09-30, 1, wei_ruo, 13.58, 13.48, -0.52, 13.55, 13.61, 13.61, 13.46, 19357.81, 26218578, 0.26, 1.11, 0.21, 779.562
2016-10-10, 1, wei_ruo, 13.58, 13.79, 2.30, 13.48, 13.70, 13.80, 13.67, 52262.32, 71833469, 0.71, 0.96, 0.57, 585.86097
2016-10-11, 1, wei_ruo, 13.58, 13.76, -0.22, 13.79, 13.75, 13.85, 13.72, 38578.02, 53116995, 0.52, 0.94, 0.42, 891.44611
2016-10-12, 1, wei_ruo, 13.58, 13.85, 0.65, 13.76, 13.73, 14.00, 13.70, 57874.13, 80432780, 0.78, 2.18, 0.63, 535.079
2016-10-13, 1, wei_ruo, 13.58, 13.78, -0.51, 13.85, 13.87, 13.92, 13.76, 32639.91, 45097047, 0.44, 1.16, 0.35, 6356.27103
2016-10-14, 1, wei_ruo, 13.61, 13.68, -0.73, 13.78, 13.74, 13.85, 13.59, 33577.08, 45914620, 0.45, 1.89, 0.36, 4700.65904
2016-10-17, 1, wei_ruo, 13.61, 13.68, 0.00, 13.68, 13.68, 13.83, 13.61, 42471.94, 58375978, 0.58, 1.61, 0.46, 1599.30491
2016-10-18, 1, wei_ruo, 13.61, 13.76, 0.58, 13.68, 13.68, 13.79, 13.68, 16527.59, 22743326, 0.22, 0.80, 0.36, 475.99888
2016-10-19, 1, wei_ruo, 13.61, , , , , , , , , , , , 482.23615
2016-10-20, 1, wei_ruo, 13.61, 13.61, -0.44, 13.67, 13.67, 13.72, 13.60, 25802.06, 35202866, 0.35, 0.88, 0.43, 537.26101
2016-10-21, 1, wei_ruo, 13.61, 13.49, -0.88, 13.61, 13.60, 13.64, 13.43, 34551.11, 46718587, 0.47, 1.54, 0.80, 7144.19103
2016-10-24, 1, wei_ruo, 13.61, 13.60, 0.74, 13.50, 13.38, 13.64, 13.38, 51207.02, 69228384, 0.69, 1.93, 1.43, 639.76121
2016-10-25, 1, wei_ruo, 13.61, 13.58, -0.15, 13.60, 13.60, 13.66, 13.55, 24812.42, 33739070, 0.34, 0.81, 0.69, 1052.69003
2016-10-26, 1, wei_ruo, 13.61, 13.74, 1.18, 13.58, 13.67, 13.75, 13.48, 58416.19, 79554080, 0.79, 1.99, 1.63, 526.08705
2016-10-27, 1, wei_ruo, 13.62, 14.28, 3.93, 13.74, 13.75, 14.34, 13.66, 208852.99, 294328873, 2.83, 4.95, 5.82, 717.81611
2016-10-28, 1, wei_ruo, 13.63, 13.90, -2.66, 14.28, 14.01, 14.19, 13.88, 114262.05, 160428376, 1.55, 2.17, 3.18, 10590.7681
2016-10-31, 1, wei_ruo, 13.63, 13.79, -0.79, 13.90, 13.86, 13.98, 13.76, 51128.67, 70797301, 0.69, 1.58, 1.44, 607.38182
2016-11-01, 2, qing_du, 13.63, 13.90, 0.43, 13.84, 13.84, 14.07, 13.78, 52994.29, 73733335, 0.72, 2.10, 1.49, 482.62119
2016-11-02, 1, wei_ruo, 13.63, 13.73, -1.65, 13.96, 13.89, 13.93, 13.71, 59427.9, 82063933, 0.81, 1.58, 1.65, 477.08917
2016-11-03, 1, wei_ruo, 13.63, 13.62, -0.80, 13.73, 13.70, 13.80, 13.58, 75763.3, 103617763, 1.03, 1.60, 2.11, 551.37897
2016-11-04, 1, wei_ruo, 13.63, 13.55, -0.51, 13.62, 13.69, 13.75, 13.55, 53908.56, 73478022, 0.73, 1.47, 1.51, 575.47903
2016-11-07, 1, wei_ruo, 13.63, 13.61, 0.29, 13.57, 13.53, 13.69, 13.53, 39596.5, 53930684, 0.54, 1.18, 1.10, 670.50791
2016-11-08, 1, wei_ruo, 13.63, 13.63, 0.22, 13.60, 13.60, 13.66, 13.58, 33831.68, 46072033, 0.46, 0.59, 0.94, 642.70806
2016-11-09, 1, wei_ruo, 13.63, 13.46, -1.25, 13.63, 13.65, 13.66, 13.37, 64221.05, 86606395, 0.87, 2.13, 1.79, 558.28118
2016-11-10, 1, wei_ruo, 13.63, 13.52, 0.45, 13.46, 13.53, 13.63, 13.50, 44307.33, 60054624, 0.60, 0.97, 1.23, 830.84178
2016-11-11, 1, wei_ruo, 13.63, 13.54, 0.22, 13.51, 13.60, 13.62, 13.50, 41446.86, 56094829, 0.56, 0.89, 1.15, 759.87387
2016-11-14, 1, wei_ruo, 13.63, 13.64, 0.74, 13.54, 13.57, 13.70, 13.46, 59380.68, 80777537, 0.80, 1.77, 1.65, 432.29604
2016-11-15, 1, wei_ruo, 13.63, 13.55, -0.73, 13.65, 13.65, 13.66, 13.49, 28892.6, 39158533, 0.39, 1.25, 1.61, 577.86608
2016-11-16, 1, wei_ruo, 13.63, 13.55, -0.73, 13.65, 13.65, 13.66, 13.49, 28892.6, 39158533, 0.39, 1.25, 1.61, 423.81501
2016-11-17, 1, wei_ruo, 13.63, 13.58, -0.15, 13.60, 13.61, 13.65, 13.54, 20031.12, 27169566, 0.27, 0.81, 1.12, 558.30193
2016-11-18, 1, wei_ruo, 13.63, 13.58, -0.15, 13.60, 13.61, 13.65, 13.54, 20031.12, 27169566, 0.27, 0.81, 1.12, 601.76015
2016-11-21, 1, wei_ruo, 13.63, 13.53, -0.95, 13.66, 13.59, 13.61, 13.47, 53896.83, 72891610, 0.73, 1.02, 1.50, 378.22294
2016-11-22, 1, wei_ruo, 13.63, 13.57, 0.30, 13.53, 13.52, 13.58, 13.48, 39665.38, 53665936, 0.54, 0.74, 1.10, 781.37398
2016-11-23, 1, wei_ruo, 13.63, 13.54, -0.22, 13.57, 13.57, 13.61, 13.51, 32542.84, 44146350, 0.44, 0.74, 0.91, 460.99496
2016-11-24, 1, wei_ruo, 13.63, 13.75, 1.55, 13.54, 13.56, 13.88, 13.53, 104172.7, 143293461, 1.41, 2.58, 2.90, 508.1048
2016-11-25, 1, wei_ruo, 13.63, 13.69, -0.44, 13.75, 13.79, 13.80, 13.51, 48012.26, 65460086, 0.65, 2.11, 1.34, 596.44604
2016-11-28, 1, wei_ruo, 13.63, 13.87, 1.31, 13.69, 13.72, 13.98, 13.70, 97797.82, 135547760, 1.32, 2.05, 2.72, 654.6371
2016-11-29, 1, wei_ruo, 13.63, 13.71, -1.08, 13.86, 13.91, 13.92, 13.61, 55358.41, 76282764, 0.75, 2.24, 1.54, 355.71504
2016-11-30, 1, wei_ruo, 13.63, 13.60, -0.80, 13.71, 13.65, 13.73, 13.51, 44603.12, 60667856, 0.60, 1.60, 1.25, 432.03092
2016-12-01, 1, wei_ruo, 13.63, 13.62, 0.15, 13.60, 13.60, 13.65, 13.56, 38344.07, 52156841, 0.52, 0.66, 1.07, 2392.60602
2016-12-05, 1, wei_ruo, 13.63, 13.21, -2.37, 13.53, 13.44, 13.53, 13.20, 64373.25, 86066423, 0.87, 2.44, 1.79, 768.07213
2016-12-06, 1, wei_ruo, 13.63, 13.22, 0.08, 13.21, 13.32, 13.36, 13.18, 24177.88, 32050576, 0.33, 1.36, 0.67, 786.64923
2016-12-07, 1, wei_ruo, 13.63, 13.25, 0.23, 13.22, 13.19, 13.31, 13.19, 24805.71, 32906146, 0.34, 0.91, 0.69, 493.22701
2016-12-08, 1, wei_ruo, 13.63, 13.31, 0.45, 13.25, 13.30, 13.43, 13.22, 33692.18, 44966232, 0.46, 1.58, 0.94, 651.22795
2016-12-09, 1, wei_ruo, 13.62, 13.29, -0.15, 13.31, 13.29, 13.34, 13.20, 29587.4, 39269350, 0.40, 1.05, 0.82, 599.15113
2016-12-12, 1, wei_ruo, 13.62, 12.87, -3.16, 13.29, 13.30, 13.30, 12.86, 54104.81, 70687935, 0.73, 3.31, 1.51, 582.08704
2016-12-13, 1, wei_ruo, 13.62, 12.89, 0.16, 12.87, 12.87, 12.96, 12.81, 23469.01, 30240304, 0.32, 1.17, 0.65, 759.98402
2016-12-14, 1, wei_ruo, 13.61, 12.69, -1.55, 12.89, 12.87, 12.95, 12.68, 30001.96, 38453619, 0.41, 2.09, 0.84, 452.01898
2017-02-07, 1, wei_ruo, 13.46, 11.95, 0.59, 11.88, 11.89, 12.04, 11.87, 16954.4, 20304547, 0.23, 1.43, 1.02, 3622.69783
2017-02-08, 1, wei_ruo, 13.46, 12.03, 1.26, 11.88, 11.89, 12.05, 11.87, 31887.95, 38251077, 0.43, 1.52, 0.89, 2724.29514
2017-02-09, 1, wei_ruo, 13.45, 12.06, 0.25, 12.03, 12.07, 12.16, 12.01, 16874, 20377149, 0.23, 1.25, 0.60, 534.08885
2017-02-10, 1, wei_ruo, 13.45, 12.10, 0.00, 12.10, 12.10, 12.13, 12.01, 16909.81, 20396983, 0.23, 0.99, 0.47, 606.81415
2017-02-13, 1, wei_ruo, 13.44, 12.12, 0.17, 12.10, 12.05, 12.23, 12.00, 23622.51, 28621006, 0.32, 1.90, 0.66, 4649.13702
2017-02-14, 1, wei_ruo, 13.44, 11.98, -1.16, 12.12, 12.08, 12.17, 11.96, 22264, 26787689, 0.30, 1.73, 0.62, 596.10891
2017-02-15, 1, wei_ruo, 13.43, 12.02, 0.33, 11.98, 11.99, 12.09, 11.90, 24779.36, 29815181, 0.34, 1.59, 0.69, 62705.12795
2017-02-16, 1, wei_ruo, 13.43, 11.96, -0.50, 12.02, 12.03, 12.04, 11.86, 31236.7, 37303153, 0.42, 1.50, 0.87, 2690.51409
2017-02-17, 1, wei_ruo, 13.42, 11.84, -1.00, 11.96, 12.02, 12.05, 11.78, 29218.13, 34789389, 0.40, 2.26, 0.81, 1047.76716
2017-02-20, 1, wei_ruo, 13.42, 11.87, 0.25, 11.84, 11.82, 11.90, 11.80, 18851.85, 22358883, 0.26, 0.84, 0.52, 578.47095
2017-02-21, 1, wei_ruo, 13.41, 11.84, -1.00, 11.96, 12.02, 12.05, 11.78, 29218.13, 34789389, 0.40, 2.26, 0.81, 926.24307
2017-02-22, 1, wei_ruo, 13.41, 11.93, -0.33, 11.97, 11.96, 11.99, 11.83, 24480.47, 29174189, 0.33, 1.34, 0.68, 4602.74792
2017-02-23, 1, wei_ruo, 13.40, 11.93, 0.00, 11.93, 11.90, 11.96, 11.81, 23835.58, 28324443, 0.32, 1.26, 0.66, 2884.02796
2017-02-24, 1, wei_ruo, 13.40, 11.93, 0.00, 11.93, 11.92, 11.97, 11.92, 3596.86, 4297018, 0.05, 0.42, 0.55, 1786.32212
2017-02-27, 1, wei_ruo, 13.39, 11.93, 0.00, 11.93, 11.92, 11.97, 11.92, 3596.86, 4297018, 0.05, 0.42, 0.55, 899.25289
2017-02-28, 1, wei_ruo, 13.39, 11.93, 0.00, 11.93, 11.92, 11.97, 11.92, 3596.86, 4297018, 0.05, 0.42, 0.55, 623.72208
2017-03-01, 1, wei_ruo, 13.38, 11.69, -1.85, 11.91, 11.84, 11.91, 11.68, 43091.7, 50618640, 0.58, 1.93, 1.20, 624.259
2017-03-02, 1, wei_ruo, 13.37, 11.62, -0.60, 11.69, 11.69, 11.77, 11.61, 38408.29, 44799086, 0.52, 1.37, 1.07, 1031.64005
2017-03-03, 1, wei_ruo, 13.36, 11.45, -1.46, 11.62, 11.60, 11.60, 11.40, 32334.69, 37063862, 0.44, 1.72, 0.90, 743.93606
2017-03-06, 1, wei_ruo, 13.35, 11.60, 1.31, 11.45, 11.46, 11.63, 11.46, 27941.23, 32268467, 0.38, 1.48, 0.78, 2713.57584
2017-03-07, 1, wei_ruo, 13.35, 11.66, -0.68, 11.74, 11.77, 11.77, 11.60, 10513.1, 12265453, 0.14, 1.45, 0.59, 740.77392
2017-03-08, 1, wei_ruo, 13.34, 11.66, -0.68, 11.74, 11.77, 11.77, 11.60, 19256.27, 22452047, 0.26, 1.45, 0.54, 705.78408
2017-03-09, 1, wei_ruo, 13.34, 11.52, -1.20, 11.66, 11.67, 11.72, 11.51, 22143.91, 25691727, 0.30, 1.80, 0.62, 2783.27203
2017-03-10, 1, wei_ruo, 13.33, 11.55, 0.26, 11.52, 11.52, 11.57, 11.46, 21535.88, 24809359, 0.29, 0.95, 0.60, 614.22181
2017-03-13, 1, wei_ruo, 13.33, 11.48, -0.61, 11.55, 11.60, 11.60, 11.43, 26022.75, 29887423, 0.35, 1.47, 0.72, 629.17995
2017-03-14, 1, wei_ruo, 13.32, 11.44, -0.35, 11.48, 11.51, 11.55, 11.43, 23429.01, 26925962, 0.32, 1.05, 0.65, 586.21001
2017-03-15, 1, wei_ruo, 13.31, 11.48, 0.35, 11.44, 11.44, 11.49, 11.32, 27048.65, 30794833, 0.37, 1.49, 0.75, 540.93409
2017-03-16, 1, wei_ruo, 13.30, 11.51, 0.26, 11.48, 11.46, 11.67, 11.45, 35080.91, 40463691, 0.48, 1.92, 0.98, 4591.75897
2017-03-17, 1, wei_ruo, 13.30, 11.49, -0.17, 11.51, 11.56, 11.57, 11.44, 24285.23, 27911867, 0.33, 1.13, 0.68, 561.91015
2017-03-20, 1, wei_ruo, 13.29, 11.63, 1.22, 11.49, 11.49, 11.74, 11.48, 49078.04, 57114767, 0.66, 2.26, 1.37, 584.1651
2017-03-21, 1, wei_ruo, 13.28, 11.71, 0.69, 11.63, 11.66, 11.77, 11.59, 37744.19, 44097123, 0.51, 1.55, 1.05, 627.93207
2017-03-22, 1, wei_ruo, 13.27, 11.72, 0.09, 11.71, 11.71, 11.72, 11.58, 32740.58, 38157671, 0.44, 1.20, 0.91, 584.94592
2017-03-23, 1, wei_ruo, 13.26, 11.62, -0.85, 11.72, 11.72, 11.74, 11.52, 34283.46, 39809779, 0.46, 1.88, 0.95, 618.42799
2017-03-24, 1, wei_ruo, 13.26, 11.64, 0.17, 11.62, 11.59, 11.66, 11.51, 24188.59, 27989916, 0.33, 1.29, 0.67, 581.34103
2017-03-27, 1, wei_ruo, 13.26, 11.65, 0.09, 11.64, 11.64, 11.77, 11.54, 18285.98, 21298819, 0.25, 1.98, 0.51, 643.02015
2017-03-28, 1, wei_ruo, 13.25, 11.58, -0.60, 11.65, 11.66, 11.66, 11.55, 21939.62, 25445398, 0.30, 0.94, 0.61, 625.54789
2017-03-29, 1, wei_ruo, 13.24, 11.56, -0.17, 11.58, 11.59, 11.65, 11.50, 26821.58, 31018489, 0.36, 1.30, 0.75, 641.95299
2017-03-30, 1, wei_ruo, 13.23, 11.34, -1.90, 11.56, 11.60, 11.62, 11.32, 47850.84, 54716573, 0.65, 2.60, 1.33, 598.97709
2017-03-31, 1, wei_ruo, 13.23, 11.43, 0.79, 11.34, 11.35, 11.45, 11.33, 22086.98, 25118042, 0.30, 1.06, 0.61, 620.17393
2017-04-05, 1, wei_ruo, 13.22, 11.72, 2.54, 11.43, 11.33, 11.98, 11.33, 54109.1, 63034919, 0.73, 5.69, 1.51, 614.429
2017-04-06, 1, wei_ruo, 13.21, 11.61, -0.94, 11.72, 11.80, 11.80, 11.58, 39799, 46322458, 0.54, 1.88, 1.11, 631.58298
2017-04-07, 1, wei_ruo, 13.20, 11.55, -0.52, 11.61, 11.60, 11.65, 11.52, 21660.57, 25093628, 0.29, 1.12, 0.60, 598.51694
2017-04-10, 1, wei_ruo, 13.20, 11.44, -0.95, 11.55, 11.55, 11.62, 11.42, 25696.49, 29543740, 0.35, 1.73, 0.72, 605.66115
2017-04-11, 1, wei_ruo, 13.19, 11.47, 0.26, 11.44, 11.44, 11.49, 11.39, 29989.04, 34255967, 0.41, 0.87, 0.84, 637.07805
2017-04-12, 1, wei_ruo, 13.18, 11.44, -0.26, 11.47, 11.43, 11.52, 11.40, 35916.54, 41134298, 0.49, 1.05, 1.00, 836.77816
2017-04-13, 1, wei_ruo, 13.18, 11.41, -0.26, 11.44, 11.43, 11.46, 11.39, 24560.94, 28041155, 0.33, 0.61, 0.68, 608.9561
2017-04-14, 1, wei_ruo, 13.16, 11.28, -1.14, 11.41, 11.41, 11.43, 11.21, 45338.38, 51333609, 0.61, 1.93, 1.26, 639.08005
2017-04-17, 1, wei_ruo, 13.16, 11.18, -0.89, 11.28, 11.27, 11.39, 11.14, 31182.72, 35193429, 0.42, 2.22, 0.87, 580.49583
2017-04-18, 1, wei_ruo, 13.15, 11.34, 1.43, 11.18, 11.23, 11.39, 11.18, 24570.69, 27615499, 0.33, 1.88, 0.68, 706.30002
2017-04-19, 1, wei_ruo, 13.14, 11.03, -2.73, 11.34, 11.34, 11.37, 11.01, 42018.13, 47028521, 0.57, 3.17, 1.17, 566.13493
2017-04-20, 1, wei_ruo, 13.11, 10.74, -2.63, 11.03, 11.05, 11.15, 10.48, 73706.86, 78905203, 1.00, 6.07, 2.05, 648.41604
2017-04-21, 1, wei_ruo, 13.11, 10.60, -1.30, 10.74, 10.74, 10.92, 10.55, 25372.15, 27109091, 0.34, 3.45, 0.71, 630.53608
2017-04-24, 1, wei_ruo, 13.08, 10.17, -4.06, 10.60, 10.70, 10.83, 10.11, 64482.72, 66613385, 0.87, 6.79, 1.80, 667.36579
2017-04-25, 1, wei_ruo, 13.05, 10.23, 0.59, 10.17, 10.19, 10.50, 10.17, 76688.97, 79005569, 1.04, 3.24, 2.14, 817.93499
2017-04-26, 1, wei_ruo, 13.04, 10.02, -2.05, 10.23, 10.23, 10.27, 9.98, 45932.88, 46136695, 0.38, 2.83, 1.28, 1548.62785
2017-04-27, 1, wei_ruo, 13.02, 10.00, -0.20, 10.02, 10.02, 10.14, 9.85, 32337.64, 32217642, 0.27, 2.89, 0.90, 2628.4101
2017-04-28, 1, wei_ruo, 13.01, 10.14, 1.40, 10.00, 10.03, 10.17, 9.96, 23896.85, 24107265, 0.20, 2.10, 0.67, 606.51612
2017-05-02, 1, wei_ruo, 13.01, 10.18, 0.39, 10.14, 10.10, 10.20, 10.06, 16115.42, 16368485, 0.13, 1.38, 0.45, 840.62505
2017-05-03, 1, wei_ruo, 13.00, 10.18, 0.00, 10.18, 10.18, 10.27, 10.16, 22716.21, 23170759, 0.31, 1.08, 0.63, 672.06883
2017-05-04, 1, wei_ruo, 12.99, 10.31, 1.28, 10.18, 10.21, 10.37, 10.14, 17380.31, 17867868, 0.24, 2.26, 0.48, 622.5009
2017-05-05, 1, wei_ruo, 12.98, 10.05, -2.52, 10.31, 10.31, 10.37, 10.00, 20413.28, 20718719, 0.28, 3.59, 0.57, 642.75312
2017-05-11, 1, wei_ruo, 12.92, 9.26, -3.14, 9.56, 9.50, 9.57, 9.05, 41459.84, 38415610, 0.56, 5.44, 1.15, 645.74313
2017-05-12, 1, wei_ruo, 12.91, 9.11, -1.62, 9.26, 9.28, 9.30, 8.97, 26193.02, 23870140, 0.35, 3.56, 0.73, 582.28898
2017-05-15, 1, wei_ruo, 12.90, 9.05, -0.66, 9.11, 9.13, 9.19, 9.04, 17115.57, 15592424, 0.23, 1.65, 0.48, 630.512
2017-05-17, 1, wei_ruo, 12.87, 9.15, -0.76, 9.22, 9.13, 9.28, 9.12, 25359.38, 23315748, 0.34, 1.74, 0.71, 628.02792
2017-05-18, 1, wei_ruo, 12.86, 9.04, -1.20, 9.15, 9.05, 9.17, 8.93, 22316.96, 20251403, 0.30, 2.62, 0.62, 643.79001
2017-05-19, 1, wei_ruo, 12.85, 9.08, 0.44, 9.04, 9.05, 9.10, 8.99, 14737.76, 13341439, 0.20, 1.22, 0.41, 946.99597
2017-05-22, 1, wei_ruo, 12.83, 8.57, -5.62, 9.08, 9.08, 9.10, 8.50, 50025, 43810493, 0.68, 6.61, 1.39, 778.90301
2017-05-23, 1, wei_ruo, 12.79, 8.25, -3.73, 8.57, 8.63, 8.63, 8.18, 64786.47, 54069117, 0.88, 5.25, 1.80, 723.04988
2017-05-24, 1, wei_ruo, 12.78, 8.32, 0.85, 8.25, 8.29, 8.50, 8.15, 19742.01, 16340015, 0.27, 4.24, 0.55, 610.24499
2017-05-25, 1, wei_ruo, 12.75, 8.37, 0.60, 8.32, 8.40, 8.40, 8.24, 42169.36, 35119943, 0.57, 1.92, 1.17, 602.41294
2017-05-26, 1, wei_ruo, 12.70, 8.27, -1.19, 8.37, 8.36, 8.46, 8.20, 75740.04, 63164901, 1.03, 3.11, 2.11, 626.79815
2017-05-31, 1, wei_ruo, 12.68, 8.06, -2.54, 8.27, 8.32, 8.38, 8.05, 43482.39, 35693870, 0.59, 3.99, 1.21, 4650.47789
2017-06-01, 1, wei_ruo, 12.65, 8.03, -0.37, 8.06, 8.08, 8.08, 7.93, 45177.19, 36231027, 0.61, 1.86, 1.26, 594.59805
2017-06-02, 1, wei_ruo, 12.60, 7.99, -0.50, 8.03, 7.99, 8.07, 7.85, 76750.96, 61112602, 1.04, 2.74, 2.14, 609.72977
2017-06-05, 1, wei_ruo, 12.54, 7.95, -0.50, 7.99, 8.00, 8.06, 7.84, 99863.35, 79181212, 1.35, 2.75, 2.78, 603.35588
2017-06-06, 1, wei_ruo, 12.48, 8.06, 1.38, 7.95, 7.92, 8.06, 7.81, 90008.22, 71425979, 1.22, 3.14, 2.51, 661.99112
2017-06-07, 1, wei_ruo, 12.42, 8.24, 2.23, 8.06, 8.03, 8.25, 8.03, 105454, 86336791, 1.43, 2.73, 2.94, 1677.6588
2017-06-08, 1, wei_ruo, 12.38, 8.13, -1.33, 8.24, 8.25, 8.25, 8.12, 64992.31, 53039691, 0.88, 1.58, 1.81, 606.08697
2017-06-09, 1, wei_ruo, 12.34, 8.19, 0.74, 8.13, 8.13, 8.25, 8.06, 80914.04, 65926273, 1.10, 2.34, 2.25, 799.52717
2017-06-12, 1, wei_ruo, 12.27, 8.34, 1.83, 8.19, 8.21, 8.37, 8.20, 128453.19, 106504933, 1.74, 2.08, 3.58, 620.62502
2017-06-13, 1, wei_ruo, 12.22, 8.34, 0.00, 8.34, 8.29, 8.41, 8.28, 83408.77, 69549212, 1.13, 1.56, 2.32, 594.25902
2017-06-14, 1, wei_ruo, 12.19, 8.45, 1.32, 8.34, 8.33, 8.50, 8.31, 61001.21, 51285108, 0.83, 2.28, 1.70, 632.03096
2017-06-15, 1, wei_ruo, 12.15, 8.65, 2.37, 8.45, 8.43, 8.71, 8.39, 79577.92, 67836858, 1.08, 3.79, 2.22, 637.87889
2017-06-16, 1, wei_ruo, 12.12, 8.53, -1.39, 8.65, 8.70, 8.70, 8.52, 69175.41, 59249119, 0.94, 2.08, 1.93, 609.95913
2017-06-19, 1, wei_ruo, 12.10, 8.56, 0.35, 8.53, 8.49, 8.61, 8.46, 37967.61, 32362919, 0.51, 1.76, 1.06, 792.64903
2017-06-20, 1, wei_ruo, 12.08, 8.58, 0.23, 8.56, 8.53, 8.72, 8.50, 47684.98, 41195831, 0.65, 2.57, 1.33, 674.53003
2017-06-21, 1, wei_ruo, 12.06, 8.74, 1.86, 8.58, 8.62, 8.78, 8.56, 44154.69, 38382767, 0.60, 2.56, 1.23, 877.74301
2017-06-22, 1, wei_ruo, 12.01, 8.98, 2.75, 8.74, 8.74, 9.48, 8.67, 127291.32, 115310697, 1.72, 9.27, 3.54, 680.63402
2017-06-23, 1, wei_ruo, 11.97, 8.87, -1.22, 8.98, 8.89, 9.03, 8.71, 82252.84, 72825309, 1.11, 3.56, 2.29, 824.62788
2017-06-26, 1, wei_ruo, 11.94, 8.83, -0.45, 8.87, 8.86, 8.88, 8.72, 66711.48, 58507343, 0.90, 1.80, 1.86, 1135.53905
2017-06-27, 1, wei_ruo, 11.92, 8.86, 0.34, 8.83, 8.75, 9.02, 8.75, 62695, 55938459, 0.85, 3.06, 1.75, 315.90605
2017-06-28, 1, wei_ruo, 11.89, 8.92, 0.68, 8.86, 8.85, 9.08, 8.80, 64685.31, 57957155, 0.88, 3.16, 1.80, 750.67401
2017-06-29, 1, wei_ruo, 11.85, 8.91, 0.11, 8.90, 8.91, 9.05, 8.85, 43077.1, 38469491, 0.58, 2.25, 1.20, 779.19722
2017-06-30, 1, wei_ruo, 11.83, 8.98, 0.79, 8.91, 8.92, 9.01, 8.85, 31416.17, 28073606, 0.43, 1.80, 0.87, 561.57708
2017-07-03, 1, wei_ruo, 11.82, 9.08, 1.11, 8.98, 9.06, 9.13, 8.92, 35175.45, 31803909, 0.48, 2.34, 0.98, 703.37296
2017-07-04, 2, qing_du, 11.80, 9.25, 1.87, 9.08, 9.07, 9.29, 9.04, 49068.34, 45144111, 0.66, 2.75, 1.37, 657.69911
2017-07-05, 2, qing_du, 11.79, 9.18, -0.76, 9.25, 9.25, 9.26, 9.16, 45739.32, 42051002, 0.62, 1.08, 1.27, 746.37198
2017-07-06, 3, zhong_du, 11.77, 9.27, 0.98, 9.18, 9.18, 9.31, 9.16, 38511.01, 35623038, 0.52, 1.63, 1.07, 1204.355
2017-07-07, 3, zhong_du, 11.76, 9.37, 1.08, 9.27, 9.27, 9.43, 9.26, 41005.25, 38356521, 0.56, 1.83, 1.14, 602.14591
2017-07-10, 3, zhong_du, 11.73, 9.76, 4.16, 9.37, 9.40, 9.78, 9.36, 96211.04, 92700622, 1.30, 4.48, 2.68, 1227.46587
2017-07-11, 4, gao_du, 11.72, 9.89, 1.33, 9.76, 9.76, 9.90, 9.65, 66346.22, 64894898, 0.90, 2.56, 1.85, 741.90307
2017-07-12, 4, gao_du, 11.69, 9.72, -1.72, 9.89, 9.81, 10.00, 9.67, 99523.93, 98047223, 1.35, 3.34, 2.77, 2581.92301
2017-07-13, 4, gao_du, 11.67, 9.80, 0.82, 9.72, 9.80, 9.92, 9.68, 57931.62, 56826617, 0.78, 2.47, 1.61, 792.19508
2017-07-14, 4, gao_du, --, 9.79, -0.10, 9.80, 9.85, 9.85, 9.70, 39909.18, 38914431, 0.54, 1.53, 1.11, 647.45808
2017-07-17, 4, gao_du, --, 9.35, -4.49, 9.79, 9.78, 9.80, 9.23, 75273.63, 71202307, 1.02, 5.82, 2.10, 731.8821
2017-07-18, 4, gao_du, 11.63, 9.50, 1.60, 9.35, 9.37, 9.55, 9.26, 26188.9, 24588439, 0.35, 3.10, 0.73, 591.04395
2017-07-19, 4, gao_du, --, 9.70, 2.11, 9.50, 9.52, 9.80, 9.46, 36228.27, 34982347, 0.49, 3.58, 1.01, 575.00005
2017-07-20, 4, gao_du, --, 9.68, -0.21, 9.70, 9.62, 9.77, 9.60, 47159.21, 45716379, 0.64, 1.75, 1.31, 644.79494
2017-07-21, 4, gao_du, --, 9.61, -0.72, 9.68, 9.65, 9.69, 9.60, 19754.71, 19042301, 0.27, 0.93, 0.55, 487.82992
2017-07-24, 4, gao_du, 11.60, 9.43, -1.87, 9.61, 9.61, 9.66, 9.28, 37028.1, 34896020, 0.50, 3.95, 1.03, 628.74198
2017-07-25, 4, gao_du, --, 9.49, 0.64, 9.43, 9.48, 9.50, 9.30, 30614.21, 28839801, 0.41, 2.12, 0.85, 786.28707
2017-07-26, 4, gao_du, --, 9.56, 0.74, 9.49, 9.45, 9.60, 9.44, 25074.7, 23938479, 0.34, 1.69, 0.70, 1114.10308
2017-07-27, 4, gao_du, 11.57, 9.76, 2.09, 9.56, 9.56, 9.81, 9.50, 44759.48, 43325357, 0.61, 3.24, 1.25, 1864.78806
2017-07-28, 5, qiang_lie, 11.56, 9.75, -0.10, 9.76, 9.78, 9.85, 9.70, 25883.78, 25266609, 0.35, 1.54, 0.72, 695.11819
2017-07-31, 5, qiang_lie, 11.55, 9.77, 0.21, 9.75, 9.72, 9.88, 9.69, 30951.2, 30221691, 0.42, 1.95, 0.86, 678.34306
2017-08-01, 5, qiang_lie, 11.55, 9.70, -0.72, 9.77, 9.77, 9.77, 9.68, 28432.8, 27632946, 0.39, 0.92, 0.79, 741.33492
2017-08-02, 5, qiang_lie, 11.54, 9.73, 0.31, 9.70, 9.70, 9.89, 9.65, 35539, 34785340, 0.48, 2.47, 0.99, 33535.99191
2017-08-03, 5, qiang_lie, 11.53, 9.81, 0.82, 9.73, 9.75, 9.85, 9.67, 28112.85, 27514456, 0.38, 1.85, 0.78, 738.31892
2017-08-04, 5, qiang_lie, 11.52, 9.93, 1.22, 9.81, 9.80, 10.04, 9.76, 50350.51, 50078496, 0.68, 2.85, 1.40, 779.08897
2017-08-07, 5, qiang_lie, 11.51, 10.20, 2.72, 9.93, 9.91, 10.20, 9.86, 54442.9, 54908895, 0.74, 3.42, 1.52, 791.04805
2017-08-08, 5, qiang_lie, 11.50, 11.10, 8.82, 10.20, 10.17, 11.20, 10.17, 154081.02, 165880465, 2.09, 10.10, 4.29, 614.26091
2017-08-09, 5, qiang_lie, 11.49, 11.00, -0.90, 11.10, 11.00, 11.13, 10.81, 86358.48, 94694435, 1.17, 2.88, 2.40, 613.13009
2017-08-10, 5, qiang_lie, 11.48, 10.72, -2.55, 11.00, 11.00, 11.08, 10.56, 72921.29, 78271844, 0.99, 4.73, 2.03, 647.83883
2017-08-11, 5, qiang_lie, 11.48, 10.57, -1.40, 10.72, 10.57, 10.84, 10.56, 47474.02, 50725867, 0.64, 2.61, 1.32, 668.97297
2017-08-14, 5, qiang_lie, 11.47, 10.70, 1.23, 10.57, 10.59, 10.81, 10.46, 41544.05, 44253568, 0.56, 3.31, 1.16, 850.07191
2017-08-15, 5, qiang_lie, 11.47, 10.75, 0.47, 10.70, 10.69, 10.79, 10.68, 26949.33, 28929191, 0.37, 1.03, 0.75, 1707.23891
2017-08-16, 5, qiang_lie, 11.47, 10.79, 0.37, 10.75, 10.69, 10.83, 10.69, 26341.31, 28352105, 0.36, 1.30, 0.73, 950.33693
2017-08-17, 5, qiang_lie, 11.46, 10.61, -1.67, 10.79, 10.71, 10.80, 10.57, 48601.64, 51835675, 0.66, 2.13, 1.35, 14565.82999
2017-08-18, 5, qiang_lie, 11.46, 10.70, 0.85, 10.61, 10.61, 10.73, 10.44, 44349.97, 46835435, 0.60, 2.73, 1.23, 951.56407
2017-08-21, 5, qiang_lie, 11.46, 10.69, -0.09, 10.70, 10.70, 10.75, 10.61, 22074.48, 23585183, 0.30, 1.31, 0.61, 819.86499
2017-08-22, 5, qiang_lie, 11.45, 10.55, -1.31, 10.69, 10.62, 10.69, 10.50, 28989.5, 30582733, 0.39, 1.78, 0.81, 597.63908
2017-08-23, 5, qiang_lie, 11.45, 10.51, -0.38, 10.55, 10.55, 10.60, 10.48, 13137.58, 13814688, 0.18, 1.14, 0.37, 814.17799
2017-08-24, 5, qiang_lie, 11.45, 10.43, -0.76, 10.51, 10.47, 10.54, 10.39, 13612.1, 14210494, 0.18, 1.43, 0.38, 1287.12797
2017-08-25, 5, qiang_lie, 11.45, 10.53, 0.96, 10.43, 10.46, 10.57, 10.45, 13600.29, 14307741, 0.18, 1.15, 0.38, 698.53401
2017-08-28, 5, qiang_lie, 11.44, 10.57, 0.38, 10.53, 10.60, 10.64, 10.53, 22388.68, 23666713, 0.30, 1.04, 0.62, 825.12188
2017-08-29, 5, qiang_lie, 11.44, 10.70, 1.23, 10.57, 10.52, 10.85, 10.50, 46225.56, 49662715, 0.63, 3.31, 1.29, 588.25207
2017-08-30, 5, qiang_lie, 11.44, 10.62, -0.75, 10.70, 10.78, 10.83, 10.60, 24301.11, 25942594, 0.33, 2.15, 0.68, 661.55291
2017-08-31, 5, qiang_lie, 11.43, 10.57, -0.47, 10.62, 10.63, 10.67, 10.49, 19820.82, 20888177, 0.27, 1.69, 1.11, 1016.56294
2017-09-01, 5, qiang_lie, 11.43, 10.31, -1.90, 10.51, 10.51, 10.59, 10.26, 43930, 45698398, 0.60, 3.14, 1.22, 1134.60898
2017-09-04, 5, qiang_lie, 11.42, 10.25, -0.58, 10.31, 10.23, 10.46, 10.22, 21766.1, 22432222, 0.29, 2.33, 0.61, 21385.75888
2017-09-05, 4, gao_du, 11.42, 10.35, 0.98, 10.25, 10.25, 10.40, 10.25, 18422.01, 19031317, 0.25, 1.46, 0.51, 566.62917
2017-09-06, 4, gao_du, 11.41, 10.57, -0.47, 10.62, 10.63, 10.67, 10.49, 19820.82, 20888177, 0.27, 1.69, 1.11, 669.69514
2017-09-07, 3, zhong_du, 11.41, 10.57, -0.47, 10.62, 10.63, 10.67, 10.49, 19820.82, 20888177, 0.27, 1.69, 1.11, 675.61197
2017-09-08, 3, zhong_du, 11.40, 10.57, -0.47, 10.62, 10.63, 10.67, 10.49, 19820.82, 20888177, 0.27, 1.69, 1.11, 626.12605
2017-09-11, 3, zhong_du, 11.40, 10.11, 0.90, 10.02, 10.04, 10.11, 9.95, 18312.11, 18417859, 0.25, 1.60, 0.51, 3006.04606
2017-09-12, 3, zhong_du, 11.39, 10.11, 0.00, 10.11, 10.07, 10.22, 9.98, 34321.02, 34619093, 0.46, 2.37, 0.96, 708.02093
2017-09-13, 3, zhong_du, 11.39, 10.17, 0.59, 10.11, 10.08, 10.17, 10.05, 17249.07, 17423111, 0.23, 1.19, 0.48, 721.74287
2017-09-14, 3, zhong_du, 11.39, 10.14, -0.29, 10.17, 10.19, 10.19, 10.02, 23807.91, 24030373, 0.32, 1.67, 0.66, 626.06001
2017-09-15, 2, qing_du, 11.38, 10.00, -1.38, 10.14, 10.12, 10.12, 10.00, 20684.1, 20779466, 0.28, 1.18, 0.58, 822.96705
2017-09-18, 2, qing_du, 11.37, 9.84, -1.60, 10.00, 9.89, 10.06, 9.84, 38886, 38701384, 0.53, 2.20, 1.08, 738.46912
2017-09-19, 1, wei_ruo, 11.37, 9.74, -1.02, 9.84, 9.84, 9.94, 9.73, 28460.42, 27980030, 0.39, 2.13, 0.79, 801.94688
2017-09-20, 1, wei_ruo, 11.36, 9.83, 0.92, 9.74, 9.72, 9.93, 9.72, 23542.52, 23216974, 0.32, 2.16, 0.66, 643.89491
2017-09-21, 1, wei_ruo, 11.36, 9.70, -1.32, 9.83, 9.83, 9.87, 9.69, 19659.9, 19242203, 0.27, 1.83, 0.55, 668.65802
2017-09-22, 1, wei_ruo, 11.35, 9.41, -2.99, 9.70, 9.68, 9.68, 9.40, 32425, 30691735, 0.44, 2.89, 0.90, 618.80302
2017-09-25, 1, wei_ruo, 11.35, 9.47, 0.64, 9.41, 9.39, 9.63, 9.23, 18556.9, 17631124, 0.25, 4.25, 0.52, 644.32883
2017-09-26, 1, wei_ruo, 11.34, 9.36, -1.16, 9.47, 9.52, 9.52, 9.26, 15122.6, 14147082, 0.20, 2.75, 0.42, 617.88487
2017-09-27, 1, wei_ruo, 11.34, 9.38, 0.21, 9.36, 9.33, 9.41, 9.24, 17166.98, 16033846, 0.23, 1.82, 0.48, 762.79998
2017-09-28, 1, wei_ruo, 11.33, 9.13, -2.67, 9.38, 9.42, 9.42, 9.11, 28935.83, 26610341, 0.39, 3.30, 0.81, 2641.3722
2017-09-29, 1, wei_ruo, 11.32, 9.30, 1.86, 9.13, 9.17, 9.30, 9.15, 17051.43, 15720271, 0.23, 1.64, 0.47, 736.099
2017-10-10, 1, wei_ruo, 11.31, 9.79, 4.59, 9.36, 9.38, 9.91, 9.32, 46501.94, 45134555, 0.63, 6.30, 1.29, 546.16594
2017-10-12, 1, wei_ruo, 11.29, 9.75, 0.52, 9.70, 9.70, 9.76, 9.52, 32813.92, 31607694, 0.44, 2.47, 0.91, 702.77619
2017-10-13, 1, wei_ruo, 11.29, 9.77, 0.21, 9.75, 9.75, 9.84, 9.67, 33620.31, 32799012, 0.46, 1.74, 0.94, 602.86903
2017-10-16, 1, wei_ruo, 11.28, 9.44, -3.38, 9.77, 9.75, 9.75, 9.40, 28263, 26961564, 0.38, 3.58, 0.79, 727.82707
2017-10-17, 1, wei_ruo, 11.27, 9.27, -1.80, 9.44, 9.38, 9.40, 9.26, 22941.12, 21376576, 0.31, 1.48, 0.64, 468.63103
2017-10-18, 1, wei_ruo, 11.27, 9.20, -0.76, 9.27, 9.27, 9.36, 9.16, 22334.22, 20661744, 0.30, 2.16, 0.62, 702.74591
2017-10-19, 1, wei_ruo, 11.26, 9.16, -0.43, 9.20, 9.19, 9.25, 9.14, 21597, 19831743, 0.29, 1.20, 0.60, 656.00801
2017-10-20, 1, wei_ruo, 11.26, 9.39, 2.51, 9.16, 9.20, 9.46, 9.16, 17722.1, 16601893, 0.24, 3.28, 0.49, 698.50802
2017-10-23, 1, wei_ruo, 11.25, 9.55, 1.70, 9.39, 9.33, 9.56, 9.30, 17019.58, 16128910, 0.23, 2.77, 0.47, 1348.11091
2017-10-24, 1, wei_ruo, 11.25, 9.53, -0.21, 9.55, 9.54, 9.60, 9.45, 15496.81, 14797874, 0.21, 1.57, 0.43, 734.55405
2017-10-25, 1, wei_ruo, 11.25, 9.53, 0.00, 9.53, 9.52, 9.62, 9.46, 11181.73, 10664802, 0.15, 1.68, 0.31, 657.03511
2017-10-26, 1, wei_ruo, 11.24, 9.45, -0.84, 9.53, 9.47, 9.55, 9.40, 16558.64, 15655727, 0.22, 1.57, 0.46, 676.92709
2017-10-27, 1, wei_ruo, 11.23, 9.69, 2.54, 9.45, 9.45, 9.72, 9.41, 43210.7, 41632815, 0.59, 3.28, 1.20, 1327.33202
2017-10-30, 1, wei_ruo, 11.23, 9.53, -1.65, 9.69, 9.66, 9.81, 9.45, 35682.29, 34409040, 0.48, 3.72, 0.99, 818.3639
2017-10-31, 1, wei_ruo, 11.22, 9.83, 3.15, 9.53, 9.45, 9.85, 9.45, 42126.04, 41176664, 0.57, 4.20, 1.17, 936.8279
2017-11-01, 1, wei_ruo, 11.21, 9.71, -1.22, 9.83, 9.80, 9.98, 9.49, 48612.74, 47558858, 0.66, 4.98, 1.35, 639.19306
2017-11-02, 1, wei_ruo, 11.20, 9.78, 0.72, 9.71, 9.70, 9.85, 9.64, 33279.9, 32423900, 0.45, 2.16, 0.93, 1358.80017
2017-11-03, 1, wei_ruo, 11.19, 9.74, -0.41, 9.78, 9.78, 9.85, 9.58, 29834.85, 28896002, 0.40, 2.76, 0.83, 583.69207
2017-11-07, 2, qing_du, 11.17, 11.08, 2.50, 10.81, 10.82, 11.08, 10.72, 17166.9, 18655684, 0.23, 3.33, 8.82, 180888.70597
2017-11-10, 3, zhong_du, 11.17, 10.50, 4.06, 10.09, 10.10, 10.61, 10.03, 60962.1, 63827928, 0.83, 5.75, 3.39, 1292.61899
2017-11-13, 3, zhong_du, 11.16, 10.89, -0.82, 10.98, 10.98, 11.18, 10.80, 66552.45, 72875858, 0.90, 3.46, 0.76, 749.44806
2017-11-14, 3, zhong_du, 11.16, 10.98, 0.83, 10.89, 10.90, 11.05, 10.83, 58431.41, 63719144, 0.79, 2.02, 0.65, 686.56397
2017-11-15, 3, zhong_du, 11.16, 10.72, -2.37, 10.98, 10.90, 10.96, 10.51, 55394.74, 59256468, 0.75, 4.10, 0.79, 785.81214
2017-11-16, 3, zhong_du, 11.16, 10.82, 0.93, 10.72, 10.73, 10.89, 10.64, 23600, 25487321, 0.32, 2.33, 0.42, 695.69707
2017-11-17, 3, zhong_du, 11.16, 10.92, 0.92, 10.82, 10.85, 10.99, 10.72, 77458.75, 84579960, 1.05, 2.50, 1.55, 722.59092
2017-11-20, 3, zhong_du, 11.16, 11.30, 3.48, 10.92, 10.86, 11.34, 10.81, 85715.79, 95288955, 1.16, 4.85, 1.52, 1096.66204
2017-11-21, 4, gao_du, 11.16, 11.43, 1.15, 11.30, 11.28, 11.48, 11.20, 69668.78, 79153748, 0.94, 2.48, 1.16, 709.33795
2017-11-22, 4, gao_du, 11.17, 11.76, 2.89, 11.43, 11.54, 12.09, 11.43, 130949.73, 153634032, 1.77, 5.77, 2.10, 834.07211
2017-11-23, 5, qiang_lie, 11.17, 11.36, -3.40, 11.76, 11.65, 11.78, 11.35, 85609.94, 98578907, 1.16, 3.66, 1.10, 704.00906
2017-11-24, 5, qiang_lie, 11.17, 11.44, 0.70, 11.36, 11.40, 11.57, 11.20, 34870.92, 39802071, 0.47, 3.26, 0.39, 748.353
2017-11-27, 4, gao_du, 11.17, 10.96, -4.20, 11.44, 11.35, 11.49, 10.87, 49353.94, 55242709, 0.67, 5.42, 0.61, 4694.08393
2017-11-28, 4, gao_du, 11.17, 11.34, 3.47, 10.96, 10.98, 11.36, 10.91, 40471.83, 44977465, 0.55, 4.11, 0.55, 4586.60913
2017-11-29, 4, gao_du, 11.17, 11.32, -0.18, 11.34, 11.26, 11.70, 11.22, 41361.62, 47333240, 0.56, 4.23, 0.61, 1094.07687
2017-11-30, 4, gao_du, 11.17, 11.18, -1.24, 11.32, 11.45, 11.46, 11.15, 32038.41, 36204658, 0.43, 2.74, 0.64, 638.55314
2017-12-01, 4, gao_du, 11.17, 11.20, 0.18, 11.18, 11.19, 11.33, 11.16, 27788.9, 31276402, 0.38, 1.52, 0.70, 714.37287
2017-12-04, 4, gao_du, 11.18, 11.59, 3.48, 11.20, 11.27, 11.61, 11.18, 50095.04, 57639445, 0.68, 3.84, 1.31, 2667.78994
2017-12-05, 4, gao_du, 11.18, 11.55, -0.35, 11.59, 11.56, 11.80, 11.44, 68468.45, 79390857, 0.93, 3.11, 1.79, 787.06503
2017-12-06, 5, qiang_lie, 11.18, 11.21, -2.94, 11.55, 11.03, 11.54, 11.00, 72603.36, 80761258, 0.98, 4.68, 1.65, 662.93907
2017-12-07, 5, qiang_lie, 11.18, 11.20, -0.09, 11.21, 11.23, 11.42, 11.14, 22988.28, 25836258, 0.31, 2.50, 0.46, 610.47602
2017-12-08, 5, qiang_lie, 11.18, 11.20, 0.00, 11.20, 11.23, 11.37, 11.05, 28030.22, 31441541, 0.38, 2.86, 0.58, 615.90314
2017-12-11, 4, gao_du, 11.18, 11.08, -1.07, 11.20, 11.22, 11.27, 10.94, 49532.4, 54838391, 0.67, 2.95, 1.02, 689.13198
2017-12-12, 4, gao_du, 11.18, 10.87, -1.90, 11.08, 11.13, 11.17, 10.85, 40793.92, 44980747, 0.55, 2.89, 0.84, 662.55999
2017-12-13, 4, gao_du, 11.18, 10.83, -0.37, 10.87, 10.88, 11.08, 10.66, 42666.89, 46011774, 0.58, 3.86, 1.00, 1484.45702
2017-12-14, 4, gao_du, 11.18, 10.82, -0.09, 10.83, 10.77, 10.92, 10.70, 25840.5, 27959124, 0.35, 2.03, 0.70, 1001.18399
2017-12-15, 3, zhong_du, 11.18, 10.78, -0.37, 10.82, 10.76, 10.92, 10.64, 20278.01, 21888845, 0.27, 2.59, 0.54, 2622.62416
2017-12-18, 3, zhong_du, 11.17, 10.73, -0.46, 10.78, 10.88, 10.90, 10.65, 17102.61, 18402264, 0.23, 2.32, 0.48, 636.94191
2017-12-19, 3, zhong_du, 11.17, 10.59, -1.30, 10.73, 10.73, 10.78, 10.51, 24106.97, 25672477, 0.33, 2.52, 0.82, 871.64211
2017-12-20, 3, zhong_du, 11.17, 10.57, -0.19, 10.59, 10.59, 10.65, 10.51, 13831.68, 14610078, 0.19, 1.32, 0.53, 1248.11602
2017-12-21, 3, zhong_du, 11.17, 10.42, -1.42, 10.57, 10.55, 10.59, 10.33, 18644.75, 19487034, 0.25, 2.46, 0.92, 1723.1741
2017-12-22, 3, zhong_du, 11.17, 10.59, 1.63, 10.42, 10.45, 10.76, 10.45, 44046.52, 46772345, 0.60, 2.98, 2.34, 2635.36191
2017-12-25, 3, zhong_du, 11.16, 10.83, 2.27, 10.59, 10.65, 10.95, 10.56, 50154.76, 53967442, 0.68, 3.68, 2.13, 818.40897
2017-12-26, 2, qing_du, 11.16, 10.83, 0.00, 10.83, 10.83, 10.86, 10.72, 22508.34, 24272943, 0.30, 1.29, 0.75, 496.15216
2017-12-27, 2, qing_du, 11.16, 10.60, -2.12, 10.83, 10.76, 10.83, 10.53, 26610, 28425100, 0.36, 2.77, 0.89, 628.94893
2017-12-29, 1, wei_ruo, 11.16, 10.73, -0.09, 10.74, 10.78, 10.83, 10.66, 27493.06, 29512061, 0.37, 1.58, 1.01, 578.63498
2018-01-03, 1, wei_ruo, 11.15, 10.76, 0.28, 10.73, 10.68, 10.83, 10.64, 29987.3, 32196031, 0.41, 1.77, 1.32, 787.64486
2018-01-04, 1, wei_ruo, 11.15, 10.66, -0.93, 10.76, 10.73, 10.80, 10.61, 25470.39, 27279028, 0.35, 1.77, 1.05, 659.66797
2018-01-05, 1, wei_ruo, 11.15, 11.25, 5.53, 10.66, 10.67, 11.28, 10.60, 63997.87, 70557888, 0.87, 6.38, 2.67, 672.53709
2018-01-08, 2, qing_du, 11.15, 11.48, 2.04, 11.25, 11.32, 11.57, 11.10, 62407.72, 70794430, 0.85, 4.18, 1.84, 686.36799
2018-01-09, 2, qing_du, 11.16, 11.53, 0.44, 11.48, 11.48, 11.78, 11.20, 96365.45, 111713617, 1.31, 5.05, 2.30, 628.78799
2018-01-10, 3, zhong_du, 11.16, 11.38, -1.30, 11.53, 11.53, 11.60, 11.24, 41994.2, 47754632, 0.57, 3.12, 0.75, 710.23393
2018-01-11, 3, zhong_du, 11.16, 11.25, -1.14, 11.38, 11.32, 11.36, 11.10, 31686.22, 35445491, 0.43, 2.28, 0.55, 601.13287
2018-01-12, 3, zhong_du, 11.16, 11.35, 0.89, 11.25, 11.25, 11.52, 11.25, 36102.84, 41057376, 0.49, 2.40, 0.61, 620.16106
2018-01-15, 3, zhong_du, 11.17, 11.64, 2.56, 11.35, 11.35, 11.75, 11.16, 85388.36, 98098687, 1.16, 5.20, 1.59, 1105.30186
2018-01-16, 4, gao_du, 11.17, 11.68, 0.34, 11.64, 11.67, 11.75, 11.52, 38627.5, 44899676, 0.52, 1.98, 0.66, 671.36598
2018-01-17, 4, gao_du, 11.17, 11.44, -2.05, 11.68, 11.68, 11.82, 11.40, 33808.49, 39121889, 0.46, 3.60, 0.72, 1005.48697
2018-01-18, 4, gao_du, 11.17, 11.56, 1.05, 11.44, 11.44, 11.62, 11.30, 23325.16, 26820480, 0.32, 2.80, 0.52, 685.34303
2018-01-19, 4, gao_du, 11.17, 11.21, -3.03, 11.56, 11.56, 11.60, 11.20, 23330, 26558205, 0.32, 3.46, 0.54, 540.62486
2018-01-22, 4, gao_du, 11.17, 11.31, 0.89, 11.21, 11.21, 11.33, 11.11, 14714.63, 16563327, 0.20, 1.96, 0.36, 690.07397
2018-01-23, 3, zhong_du, 11.17, 11.27, -0.35, 11.31, 11.29, 11.43, 11.20, 17203.21, 19465836, 0.23, 2.03, 0.64, 2922.42885
2018-01-24, 3, zhong_du, 11.17, 11.29, 0.18, 11.27, 11.27, 11.31, 11.10, 20937.06, 23476757, 0.28, 1.86, 0.93, 624.74704
2018-01-25, 3, zhong_du, 11.17, 11.17, -1.06, 11.29, 11.26, 11.33, 11.11, 24281.45, 27236292, 0.33, 1.95, 1.22, 684.18002
2018-01-26, 3, zhong_du, 11.17, 11.21, 0.36, 11.17, 11.17, 11.29, 11.13, 12522.33, 14047023, 0.17, 1.43, 0.62, 619.89689
2018-01-29, 3, zhong_du, 11.17, 10.82, -3.48, 11.21, 11.14, 11.30, 10.80, 27077.16, 29896636, 0.37, 4.46, 1.51, 855.54194
2018-01-30, 2, qing_du, 11.17, 10.89, 0.65, 10.82, 10.76, 10.94, 10.68, 21202.91, 22912466, 0.29, 2.40, 1.04, 461.78913
2018-01-31, 2, qing_du, 11.18, 11.86, 8.91, 10.89, 10.86, 11.96, 10.68, 116279.24, 133431143, 1.58, 11.75, 5.48, 790.37404
2018-02-01, 3, zhong_du, 11.18, 11.65, -1.77, 11.86, 11.92, 11.92, 11.33, 67132.56, 78133977, 0.91, 4.97, 1.67, 594.2781
2018-02-02, 3, zhong_du, 11.19, 12.17, 4.46, 11.65, 11.51, 12.30, 11.21, 111328.1, 131381740, 1.51, 9.36, 2.28, 643.11099
2018-02-05, 4, gao_du, 11.21, 12.99, 6.74, 12.17, 11.92, 13.05, 11.76, 88468.65, 108743181, 1.20, 10.60, 1.29, 1025.55799
2018-02-06, 5, qiang_lie, 11.21, 11.78, -9.31, 12.99, 12.35, 12.35, 11.73, 64763.85, 78447222, 0.88, 4.77, 0.80, 2619.07506
2018-02-07, 4, gao_du, 11.22, 11.04, -6.28, 11.78, 11.95, 12.10, 10.91, 61407.17, 70404381, 0.83, 10.10, 0.69, 827.631
2018-02-08, 3, zhong_du, 11.22, 11.31, 2.45, 11.04, 11.04, 11.39, 10.81, 28511.42, 31615024, 0.39, 5.25, 0.42, 762.73012
2018-02-09, 2, qing_du, 11.21, 10.41, -7.96, 11.31, 11.01, 11.14, 10.30, 45569.29, 49247051, 0.62, 7.43, 1.09, 857.89108
2018-02-12, 1, wei_ruo, 11.21, 10.52, 1.06, 10.41, 10.43, 10.59, 10.15, 23231.17, 24195911, 0.31, 4.23, 0.60, 830.34992
2018-02-13, 1, wei_ruo, 11.21, 10.48, -0.38, 10.52, 10.58, 10.60, 10.35, 20722, 21710255, 0.28, 2.38, 0.64, 666.116
2018-02-14, 1, wei_ruo, 11.20, 10.39, -0.86, 10.48, 10.48, 10.51, 10.06, 31807.01, 32789077, 0.43, 4.29, 1.46, 732.10406
