2015-08-20, 3, zhong_du, 20.47, 19.62, -5.22, 20.70, 19.95, 21.33, 19.35, 179565.3, 365292424, 2.09, 9.57, 0.79, 813.16209
2015-08-21, 3, zhong_du, 20.44, 17.76, -9.48, 19.62, 19.02, 19.99, 17.66, 126409.02, 234723285, 1.47, 11.88, 0.55, 1032.35006
2015-08-25, 2, qing_du, 20.19, 14.45, -9.57, 15.98, 14.45, 14.85, 14.38, 248884.73, 359472071, 2.89, 2.94, 1.42, 1165.95507
2015-08-26, 1, wei_ruo, 20.10, 13.96, -3.39, 14.45, 14.62, 15.20, 13.29, 127836.15, 185394917, 1.49, 13.22, 0.70, 2940.00196
2015-10-29, 4, gao_du, 18.65, 19.35, 3.53, 18.69, 18.89, 19.67, 18.37, 372724.51, 708487200, 4.33, 6.96, 1.78, 1132.12299
2015-10-30, 4, gao_du, 18.65, 18.67, -3.51, 19.35, 19.21, 19.30, 18.46, 210758.75, 397518188, 2.45, 4.34, 0.80, 987.76698
2015-11-02, 4, gao_du, 18.65, 18.60, -0.37, 18.67, 18.40, 19.17, 18.15, 210007.33, 396620821, 2.44, 5.46, 0.79, 1175.90117
2015-11-03, 4, gao_du, 18.64, 18.06, -2.90, 18.60, 18.70, 18.78, 17.97, 169234.36, 308642104, 1.97, 4.35, 0.69, 1235.82602
2015-11-04, 4, gao_du, 18.64, 18.87, 4.49, 18.06, 18.23, 18.92, 18.12, 207575.05, 385417613, 2.41, 4.43, 0.89, 1246.34886
2015-11-05, 4, gao_du, 18.66, 19.08, 1.11, 18.87, 18.98, 19.39, 18.69, 274777.92, 521552119, 3.20, 3.71, 1.17, 1199.92185
2015-11-06, 5, qiang_lie, 18.67, 19.44, 1.89, 19.08, 19.11, 19.48, 19.01, 221622.42, 427801303, 2.58, 2.46, 1.03, 1194.61894
2015-11-09, 5, qiang_lie, 18.70, 19.62, 0.93, 19.44, 19.28, 19.87, 19.00, 237817.14, 462541468, 2.77, 4.48, 1.10, 1131.88505
2015-11-10, 5, qiang_lie, 18.71, 19.28, -1.73, 19.62, 19.45, 19.55, 19.05, 165844.18, 320560778, 1.93, 2.55, 0.75, 380.74803
2015-11-11, 5, qiang_lie, 18.71, 19.35, 0.31, 19.29, 19.13, 19.50, 18.97, 165402.09, 317590439, 1.92, 2.75, 0.75, 284.19805
2015-11-12, 5, qiang_lie, 18.68, 18.92, -2.22, 19.35, 19.56, 19.56, 18.75, 204108.37, 389862807, 2.37, 4.19, 0.96, 948.69089
2015-11-13, 5, qiang_lie, 18.68, 18.51, -2.17, 18.92, 18.70, 18.76, 18.39, 126097.04, 234769285, 1.47, 1.96, 0.63, 1377.78306
2015-11-16, 5, qiang_lie, 18.68, 19.23, 3.89, 18.51, 18.18, 19.25, 18.10, 155014.02, 293164099, 1.80, 6.21, 0.86, 1176.88608
2015-11-17, 5, qiang_lie, 18.71, 19.23, 0.00, 19.23, 19.60, 19.84, 19.04, 295004.5, 573704677, 3.43, 4.16, 1.81, 1272.13192
2015-11-18, 5, qiang_lie, 18.71, 18.62, -3.17, 19.23, 19.28, 19.34, 18.55, 127957.43, 242647316, 1.49, 4.11, 0.68, 1262.20489
2015-11-19, 5, qiang_lie, 18.71, 18.97, 1.88, 18.62, 18.65, 19.03, 18.52, 111673.4, 210242505, 1.30, 2.74, 0.61, 16967.62204
2015-11-20, 5, qiang_lie, 18.71, 18.80, -0.90, 18.97, 18.91, 19.08, 18.51, 188657.38, 353834273, 2.19, 3.00, 1.16, 32360.85415
2015-11-23, 5, qiang_lie, 18.72, 18.93, 0.69, 18.80, 18.81, 19.11, 18.70, 189749.44, 359695234, 2.21, 2.18, 1.08, 16719.27309
2015-11-24, 5, qiang_lie, 18.73, 19.42, 2.59, 18.93, 18.87, 19.53, 18.83, 186102.17, 359369832, 2.16, 3.70, 1.02, 1165.19403
2015-11-25, 5, qiang_lie, 18.74, 19.44, 0.10, 19.42, 19.45, 19.50, 19.10, 151402.8, 292286779, 1.76, 2.06, 0.94, 1492.93303
2015-11-26, 5, qiang_lie, 18.75, 19.02, -2.16, 19.44, 19.53, 19.65, 19.00, 156621.48, 301308207, 1.82, 3.34, 0.95, 858.45089
2015-11-27, 5, qiang_lie, 18.74, 17.71, -6.89, 19.02, 18.97, 18.97, 17.52, 157213.89, 288747365, 1.83, 7.62, 0.90, 854.69103
2015-11-30, 5, qiang_lie, 18.72, 18.54, 4.69, 17.71, 17.88, 18.59, 17.57, 178770.21, 325105800, 2.08, 5.76, 1.06, 886.63292
2015-12-01, 5, qiang_lie, 18.74, 19.38, 4.53, 18.54, 18.60, 19.68, 18.20, 245054.58, 471694353, 2.85, 7.98, 1.48, 1323.21095
2015-12-02, 5, qiang_lie, 18.80, 20.51, 5.83, 19.38, 19.27, 21.19, 18.81, 400956.61, 804475008, 4.66, 12.28, 2.25, 927.65808
2015-12-03, 5, qiang_lie, 18.80, 20.88, 1.80, 20.51, 20.35, 21.35, 20.21, 374882.27, 786730839, 4.36, 5.56, 1.65, 2069.14592
2015-12-04, 5, qiang_lie, 18.93, 20.38, -2.39, 20.88, 20.60, 20.84, 20.25, 213961.09, 439461347, 2.49, 2.83, 0.79, 571.11502
2015-12-07, 5, qiang_lie, 19.01, 21.68, 6.38, 20.38, 20.53, 21.93, 20.45, 303902.97, 653107063, 3.53, 7.26, 1.07, 971.86017
2015-12-08, 5, qiang_lie, 19.07, 20.92, -3.51, 21.68, 21.33, 21.68, 20.89, 216444.88, 456740730, 2.52, 3.64, 0.70, 794.69895
2015-12-09, 5, qiang_lie, 19.10, 20.92, 0.00, 20.92, 20.80, 21.22, 20.66, 141212.32, 295448983, 1.64, 2.68, 0.47, 546.12899
2015-12-10, 5, qiang_lie, 19.12, 20.37, -2.63, 20.92, 20.95, 20.95, 20.25, 133231.05, 273657601, 1.55, 3.35, 0.53, 828.9938
2015-12-11, 5, qiang_lie, 19.13, 19.95, -2.06, 20.37, 20.33, 20.35, 19.68, 119980.53, 239249049, 1.40, 3.29, 0.59, 975.667
2015-12-14, 5, qiang_lie, 19.16, 20.95, 5.01, 19.95, 19.79, 20.98, 19.55, 150164.79, 307595860, 1.75, 7.17, 0.82, 957.56197
2015-12-15, 5, qiang_lie, 19.19, 21.23, 1.34, 20.95, 21.07, 21.46, 20.90, 156695.06, 332334459, 1.82, 2.67, 1.03, 1028.39303
2015-12-16, 5, qiang_lie, 19.22, 20.74, -2.31, 21.23, 21.23, 21.40, 20.71, 123553.41, 259859570, 1.44, 3.25, 0.88, 865.16881
2015-12-17, 5, qiang_lie, 19.25, 21.01, 1.30, 20.74, 20.98, 21.19, 20.81, 163368.95, 342818112, 1.90, 1.83, 1.19, 917.96899
2015-12-18, 5, qiang_lie, 19.30, 21.35, 1.62, 21.01, 21.09, 21.59, 20.98, 196329.92, 417500115, 2.28, 2.90, 1.38, 2742.46716
2015-12-21, 5, qiang_lie, 19.35, 21.58, 1.08, 21.35, 21.35, 21.85, 21.07, 185807.38, 398588714, 2.16, 3.65, 1.18, 1406.44312
2015-12-22, 5, qiang_lie, 19.38, 21.48, -0.46, 21.58, 21.67, 21.79, 21.21, 128137.96, 274882748, 1.49, 2.69, 0.78, 807.32894
2015-12-23, 5, qiang_lie, 19.42, 20.88, -2.79, 21.48, 21.52, 21.58, 20.70, 184759.81, 389718218, 2.15, 4.10, 1.16, 848.39892
2015-12-24, 5, qiang_lie, 19.44, 21.09, 1.01, 20.88, 20.80, 21.27, 20.54, 142340.84, 298496246, 1.66, 3.50, 0.83, 2727.40197
2015-12-25, 5, qiang_lie, 19.46, 20.97, -0.57, 21.09, 21.18, 21.21, 20.90, 91699.71, 192801443, 1.07, 1.47, 0.55, 849.72095
2015-12-28, 5, qiang_lie, 19.48, 20.02, -4.53, 20.97, 21.11, 21.16, 20.00, 166035.23, 342911955, 1.93, 5.53, 1.13, 982.66077
2015-12-29, 5, qiang_lie, 19.49, 20.70, 3.40, 20.02, 20.02, 20.72, 19.99, 131376.03, 266663998, 1.53, 3.65, 0.92, 1018.98599
2015-12-30, 5, qiang_lie, 19.50, 20.53, -0.82, 20.70, 20.70, 20.84, 20.38, 102759.93, 211728964, 1.19, 2.22, 0.72, 2796.0701
2015-12-31, 5, qiang_lie, 19.51, 19.99, -2.63, 20.53, 20.55, 20.69, 19.95, 124092.43, 250329896, 1.44, 3.60, 0.87, 960.05893
2016-01-04, 4, gao_du, 19.51, 18.11, -9.40, 19.99, 20.05, 20.19, 18.08, 109564.57, 209897602, 1.27, 10.56, 1.19, 1964.72406
2016-01-05, 3, zhong_du, 19.47, 17.77, -1.88, 18.11, 17.20, 18.27, 17.00, 168099.1, 297945482, 1.95, 7.01, 1.18, 1479.95996
2016-01-06, 2, qing_du, 19.44, 18.11, 1.91, 17.77, 17.92, 18.16, 17.53, 151393.52, 269581135, 1.76, 3.55, 1.06, 961.32779
2016-01-07, 2, qing_du, 19.43, 16.30, -9.99, 18.11, 17.75, 17.75, 16.30, 42830, 71831051, 0.50, 8.01, 2.40, 776.577
2016-01-08, 1, wei_ruo, 19.43, 16.70, 2.45, 16.30, 17.00, 17.10, 15.53, 205570.32, 341151941, 2.39, 9.63, 1.44, 1170.26711
2016-01-11, 1, wei_ruo, 19.30, 15.28, -8.50, 16.70, 16.20, 16.56, 15.25, 141156.81, 225214606, 1.64, 7.84, 0.99, 1189.15391
2016-01-12, 1, wei_ruo, 19.24, 15.76, 3.14, 15.28, 15.47, 16.05, 15.20, 139499.61, 218467047, 1.62, 5.56, 0.98, 3087.48388
2016-01-13, 1, wei_ruo, 19.18, 15.26, -3.17, 15.76, 15.93, 16.13, 15.20, 136045.49, 213049012, 1.58, 5.90, 0.95, 2801.46003
2016-01-14, 1, wei_ruo, 19.12, 15.97, 4.65, 15.26, 14.88, 16.02, 14.80, 151187.78, 233614339, 1.76, 7.99, 1.06, 749.66598
2016-01-15, 1, wei_ruo, 19.06, 15.20, -4.82, 15.97, 15.70, 15.95, 15.00, 125428.53, 194055173, 1.46, 5.95, 0.88, 1020.46204
2016-01-18, 1, wei_ruo, 19.01, 15.61, 2.70, 15.20, 14.96, 15.84, 14.82, 117405.77, 181666165, 1.37, 6.71, 0.82, 2924.97587
2016-01-19, 1, wei_ruo, 18.97, 16.24, 4.04, 15.61, 15.61, 16.25, 15.50, 130150.92, 207728138, 1.51, 4.80, 0.91, 2778.1961
2016-01-20, 1, wei_ruo, 18.92, 15.87, -2.28, 16.24, 16.18, 16.38, 15.68, 137841.47, 220581693, 1.60, 4.31, 0.97, 781.53682
2016-01-21, 1, wei_ruo, 18.86, 15.14, -4.60, 15.87, 15.69, 15.98, 15.10, 134063.47, 208924177, 1.56, 5.55, 0.94, 3072.67189
2016-01-22, 1, wei_ruo, 18.81, 15.56, 2.77, 15.14, 15.35, 15.69, 14.89, 131672.12, 200671136, 1.53, 5.28, 0.92, 831.71511
2016-01-26, 1, wei_ruo, 18.71, 14.15, -9.41, 15.62, 15.41, 15.41, 14.06, 144289.12, 213616198, 1.68, 8.64, 1.01, 1595.44992
2016-01-27, 1, wei_ruo, 18.62, 13.90, -1.77, 14.15, 14.25, 14.32, 13.06, 142113.15, 194936445, 1.65, 8.90, 1.00, 2291.54682
2016-01-28, 1, wei_ruo, 18.57, 13.21, -4.96, 13.90, 13.61, 13.85, 13.19, 92657.8, 125433519, 1.08, 4.75, 0.65, 4599.92695
2016-01-29, 1, wei_ruo, 18.50, 13.94, 5.53, 13.21, 13.35, 14.20, 13.25, 123733.96, 171056643, 1.44, 7.19, 0.87, 962.15582
2016-02-01, 1, wei_ruo, 18.44, 14.08, 1.00, 13.94, 14.00, 14.42, 13.88, 125349.55, 177107680, 1.46, 3.87, 0.88, 1176.70798
2016-02-02, 1, wei_ruo, 18.39, 14.48, 2.84, 14.08, 14.12, 14.53, 14.08, 105873.59, 152377913, 1.23, 3.20, 0.74, 2550.946
2016-02-03, 1, wei_ruo, 18.34, 14.36, -0.83, 14.48, 14.24, 14.44, 14.00, 91650.94, 129976367, 1.07, 3.04, 0.64, 1150.32697
2016-02-04, 1, wei_ruo, 18.30, 14.64, 1.95, 14.36, 14.45, 14.67, 14.35, 105107.54, 152650604, 1.22, 2.23, 0.74, 4834.97405
2016-02-05, 1, wei_ruo, 18.26, 14.42, -1.50, 14.64, 14.68, 14.68, 14.30, 76036.6, 110431421, 0.88, 2.60, 0.53, 862.81013
2016-02-15, 1, wei_ruo, 18.23, 14.25, -1.18, 14.42, 13.88, 14.45, 13.80, 64192.81, 90575876, 0.75, 4.51, 0.45, 2993.95299
2016-02-16, 1, wei_ruo, 18.18, 14.84, 4.14, 14.25, 14.38, 14.85, 14.38, 127734.24, 187841249, 1.49, 3.30, 0.90, 1026.81398
2016-02-17, 1, wei_ruo, 18.13, 15.12, 1.89, 14.84, 14.78, 15.15, 14.69, 135087.38, 201850221, 1.57, 3.10, 0.95, 3309.28588
2016-02-18, 1, wei_ruo, 18.09, 14.94, -1.19, 15.12, 15.22, 15.25, 14.89, 110092.83, 165393557, 1.28, 2.38, 0.77, 1480.94106
2016-02-19, 1, wei_ruo, 18.07, 14.92, -0.13, 14.94, 14.89, 15.04, 14.84, 51749.8, 77306560, 0.60, 1.34, 0.46, 3087.50582
2016-02-22, 1, wei_ruo, 18.07, 15.34, 2.68, 14.94, 15.12, 15.35, 15.02, 125828.77, 191146307, 1.46, 2.21, 1.24, 952.85702
2016-02-23, 1, wei_ruo, 18.02,  time: 2016-02-24 05:21:44</center>
<div style="display:none;"><script charset="utf-8" src="//static.jiasule.com/static/js/http_error.js"></script></div>
</body>
</html>
<!-- a padding to disable MSIE and Chrome friendly error page -->
<!-- a padding to disable MSIE and Chrome friendly error page -->
<!-- a padding to disable MSIE and Chrome friendly error page -->
<!-- a padding to disable MSIE and Chrome friendly error page -->

, , , , , , , , , , , 32647.57609
2016-02-25, 1, wei_ruo, 17.92, 14.08, -9.92, 15.63, 15.49, 15.58, 14.07, 161231.35, 238848523, 1.87, 9.66, 1.56, 701.51496
2016-02-26, 1, wei_ruo, 17.89, 14.21, 0.92, 14.08, 14.29, 14.38, 13.91, 74740.4, 106102409, 0.87, 3.34, 0.66, 774.56999
2016-02-29, 1, wei_ruo, 17.83, 14.05, -1.13, 14.21, 14.19, 14.34, 13.40, 116704.42, 161827105, 1.36, 6.62, 1.01, 1388.07607
2016-03-01, 1, wei_ruo, 17.79, 14.34, 2.06, 14.05, 14.10, 14.46, 13.80, 113531.01, 160898117, 1.32, 4.70, 1.00, 728.41311
2016-03-02, 1, wei_ruo, 17.74, 15.06, 5.02, 14.34, 14.31, 15.25, 14.22, 142563.64, 209836998, 1.66, 7.18, 1.22, 628.46303
2016-03-03, 1, wei_ruo, 17.70, 14.99, -0.46, 15.06, 15.00, 15.18, 14.96, 114183.67, 172086487, 1.33, 1.46, 0.94, 4517.83705
2016-03-04, 1, wei_ruo, 17.67, 14.81, -1.20, 14.99, 14.92, 15.14, 14.51, 103786, 154333678, 1.21, 4.20, 0.92, 967.06104
2016-03-07, 1, wei_ruo, 17.64, 15.11, 2.03, 14.81, 14.91, 15.29, 14.90, 96171.88, 145081193, 1.12, 2.63, 0.81, 2306.777
2016-03-08, 1, wei_ruo, 17.60, 14.93, -1.19, 15.11, 15.10, 15.10, 14.45, 111332.48, 163817958, 1.29, 4.30, 0.98, 1956.55799
2016-03-09, 1, wei_ruo, 17.58, 14.47, -3.08, 14.93, 14.65, 14.66, 14.39, 68400.4, 99292671, 0.80, 1.81, 0.60, 1118.28494
2016-03-10, 1, wei_ruo, 17.55, 14.31, -1.11, 14.47, 14.50, 14.65, 14.29, 60355.82, 87426084, 0.70, 2.49, 0.61, 3984.25889
2016-03-11, 1, wei_ruo, 17.54, 14.29, -0.14, 14.31, 14.19, 14.39, 14.00, 38202.82, 54382748, 0.44, 2.73, 0.43, 3650.71702
2016-03-14, 1, wei_ruo, 17.51, 14.88, 4.13, 14.29, 14.42, 15.08, 14.42, 94918.24, 140295765, 1.10, 4.62, 1.27, 2674.36099
2016-03-15, 1, wei_ruo, 17.49, 14.70, -1.21, 14.88, 14.75, 14.85, 14.58, 51253.58, 75426391, 0.60, 1.81, 0.69, 2185.61697
2016-03-16, 1, wei_ruo, 17.47, 14.47, -1.56, 14.70, 14.73, 14.85, 14.43, 62126.62, 90742457, 0.72, 2.86, 0.99, 681.16689
2016-03-17, 1, wei_ruo, 17.44, 14.89, 2.90, 14.47, 14.54, 14.94, 14.50, 90557.13, 133719855, 1.05, 3.04, 1.48, 953.09687
2016-03-18, 2, qing_du, 17.40, 15.37, 3.22, 14.89, 14.95, 15.43, 14.94, 161506.68, 245900604, 1.88, 3.29, 2.40, 2632.10487
2016-03-21, 2, qing_du, 17.37, 16.13, 4.94, 15.37, 15.48, 16.17, 15.42, 200614.19, 314314084, 2.33, 4.88, 2.18, 770.082
2016-03-22, 3, zhong_du, 17.34, 15.76, -2.29, 16.13, 16.04, 16.04, 15.72, 136625.44, 216995775, 1.59, 1.98, 1.21, 831.1789
2016-03-23, 3, zhong_du, 17.33, 15.84, 0.51, 15.76, 15.69, 15.89, 15.63, 88190.76, 139002284, 1.03, 1.65, 0.68, 2793.26701
2016-03-24, 4, gao_du, 17.31, 15.37, -2.97, 15.84, 15.75, 15.75, 15.36, 87241.1, 135956301, 1.01, 2.46, 0.64, 2461.60412
2016-03-25, 3, zhong_du, 17.29, 15.54, 1.11, 15.37, 15.31, 15.57, 15.31, 61571.45, 95257733, 0.72, 1.69, 0.46, 2417.17911
2016-03-28, 3, zhong_du, 17.28, 15.40, -0.90, 15.54, 15.57, 15.77, 15.37, 85455.86, 133294641, 0.99, 2.57, 0.74, 592.70597
2016-03-29, 3, zhong_du, 17.25, 15.06, -2.21, 15.40, 15.41, 15.48, 14.97, 94548.54, 143325181, 1.10, 3.31, 1.03, 657.4769
2016-03-30, 3, zhong_du, 17.23, 15.80, 4.91, 15.06, 15.19, 15.83, 15.19, 110359.61, 170965869, 1.28, 4.25, 1.32, 1519.21105
2016-03-31, 3, zhong_du, 17.21, 15.81, 0.06, 15.80, 15.89, 16.05, 15.65, 144587.73, 229905236, 1.68, 2.53, 1.65, 1778.31388
2016-04-01, 4, gao_du, 17.19, 16.18, 2.34, 15.81, 15.71, 16.19, 15.46, 110620, 174727314, 1.29, 4.62, 1.11, 3390.11812
2016-04-05, 5, qiang_lie, 17.18, 16.79, 3.77, 16.18, 16.22, 16.85, 16.22, 161584.77, 267895417, 1.88, 3.89, 1.48, 992.35606
2016-04-06, 5, qiang_lie, 17.18, 16.94, 0.89, 16.79, 16.59, 17.05, 16.48, 137546.89, 230108770, 1.60, 3.39, 1.11, 455.71399
2016-04-07, 5, qiang_lie, 17.17, 16.45, -2.89, 16.94, 16.96, 17.04, 16.43, 135597.39, 225213676, 1.58, 3.60, 1.02, 1017.78412
2016-04-08, 5, qiang_lie, 17.15, 16.10, -2.13, 16.45, 16.58, 16.58, 15.80, 187577.67, 304819520, 2.18, 4.74, 1.36, 699.0881
2016-04-11, 5, qiang_lie, 17.13, 16.23, 0.81, 16.10, 16.10, 16.44, 16.08, 123388.77, 200957801, 1.43, 2.24, 0.84, 688.26795
2016-04-12, 4, gao_du, 17.12, 15.90, -2.03, 16.23, 16.28, 16.28, 15.78, 117000.52, 186239859, 1.36, 3.08, 0.78, 1060.53519
2016-04-13, 4, gao_du, 17.10, 16.14, 1.51, 15.90, 16.03, 16.48, 16.03, 160770.8, 261650403, 1.87, 2.83, 1.15, 988.17897
2016-04-14, 4, gao_du, 17.09, 16.20, 0.37, 16.14, 16.26, 16.37, 15.96, 120942.12, 195272002, 1.41, 2.54, 0.83, 2089.16593
2016-04-15, 4, gao_du, 17.08, 16.17, -0.19, 16.20, 16.25, 16.31, 16.09, 90808.53, 146809818, 1.06, 1.36, 0.64, 4209.36799
2016-04-18, 5, qiang_lie, 17.06, 15.75, -2.60, 16.17, 16.14, 16.14, 15.71, 106668.22, 168883897, 1.24, 2.66, 0.87, 527.35496
2016-04-19, 5, qiang_lie, 17.05, 15.85, 0.63, 15.75, 15.81, 15.94, 15.72, 69407.81, 109817876, 0.81, 1.40, 0.58, 687.608
2016-04-20, 4, gao_du, 17.02, 15.06, -4.98, 15.85, 15.93, 15.97, 14.67, 146414.49, 223691092, 1.70, 8.20, 1.33, 4722.23091
2016-04-21, 3, zhong_du, 17.01, 14.90, -1.06, 15.06, 15.06, 15.29, 14.85, 74002.44, 111720285, 0.86, 2.92, 0.69, 796.15307
2016-04-22, 3, zhong_du, 16.99, 15.01, 0.74, 14.90, 14.95, 15.03, 14.81, 50476.71, 75384713, 0.59, 1.48, 0.52, 1066.78796
2016-04-25, 2, qing_du, 16.98, 14.85, -1.07, 15.01, 14.98, 14.98, 14.73, 49521.9, 73418951, 0.58, 1.67, 0.55, 680.09615
2016-04-26, 2, qing_du, 16.96, 15.04, 1.28, 14.85, 14.89, 15.08, 14.80, 76657.81, 114574267, 0.89, 1.89, 0.98, 459.25689
2016-04-27, 2, qing_du, 16.95, 14.92, -0.80, 15.04, 15.03, 15.10, 14.90, 61483.69, 92222530, 0.71, 1.33, 0.77, 1010.746
2016-04-28, 2, qing_du, 16.92, 14.56, -2.41, 14.92, 14.94, 14.99, 14.01, 109861.05, 159291628, 1.28, 6.57, 1.76, 1024.56689
2016-04-29, 2, qing_du, 16.89, 14.25, -2.13, 14.56, 14.39, 14.45, 14.17, 99807.43, 142775976, 1.16, 1.92, 1.43, 771.01088
2016-05-03, 1, wei_ruo, 16.86, 14.64, 2.74, 14.25, 14.30, 14.65, 14.18, 109203.02, 158283985, 1.27, 3.30, 1.37, 723.06299
2016-05-04, 1, wei_ruo, 16.82, 14.51, -0.89, 14.64, 14.52, 14.63, 14.32, 115614.13, 167330864, 1.34, 2.12, 1.26, 680.52197
2016-05-05, 1, wei_ruo, 16.80, 14.61, 0.69, 14.51, 14.49, 14.64, 14.36, 88105.45, 127819545, 1.02, 1.93, 0.89, 1141.43085
2016-05-06, 1, wei_ruo, 16.77, 14.08, -3.63, 14.61, 14.57, 14.69, 14.05, 117434.63, 168752817, 1.37, 4.38, 1.12, 1836.12704
2016-05-09, 1, wei_ruo, 16.74, 13.50, -4.12, 14.08, 14.06, 14.06, 13.46, 83646.71, 114322051, 0.97, 4.26, 0.79, 1022.048
2016-05-10, 1, wei_ruo, 16.72, 13.54, 0.30, 13.50, 13.53, 13.68, 13.42, 42421.89, 57394364, 0.49, 1.93, 0.41, 3161.22913
2016-05-11, 1, wei_ruo, 16.70, 13.55, 0.07, 13.54, 13.66, 13.69, 13.40, 54936.86, 74385334, 0.64, 2.14, 0.61, 885.71191
2016-05-12, 1, wei_ruo, 16.68, 13.64, 0.66, 13.55, 13.37, 13.68, 13.19, 68134.25, 91675956, 0.79, 3.62, 0.88, 903.60808
2016-05-13, 1, wei_ruo, 16.65, 13.57, -0.51, 13.64, 13.52, 13.75, 13.43, 60254.79, 81995242, 0.70, 2.35, 0.82, 1198.36092
2016-05-16, 1, wei_ruo, 16.64, 13.68, 0.81, 13.57, 13.44, 13.68, 13.40, 49094.77, 66542849, 0.57, 2.06, 0.79, 14464.86115
2016-05-17, 1, wei_ruo, 16.62, 13.57, -0.80, 13.68, 13.66, 13.70, 13.46, 43778.35, 59482562, 0.51, 1.75, 0.80, 2750.3581
2016-05-18, 1, wei_ruo, 16.60, 13.21, -2.65, 13.57, 13.50, 13.50, 13.06, 62820.07, 83261088, 0.73, 3.24, 1.14, 1242.81597
2016-05-19, 1, wei_ruo, 16.58, 13.24, 0.23, 13.21, 13.19, 13.42, 13.16, 43499.04, 57820006, 0.51, 1.97, 0.77, 828.18604
2016-05-20, 1, wei_ruo, 16.56, 13.33, 0.68, 13.24, 13.18, 13.35, 13.07, 43063.28, 57135142, 0.50, 2.11, 0.83, 3278.42593
2016-05-23, 1, wei_ruo, 16.54, 13.50, 1.28, 13.33, 13.30, 13.53, 13.25, 50909.36, 68438340, 0.59, 2.10, 1.05, 799.48616
2016-05-24, 1, wei_ruo, 16.53, 13.29, -1.56, 13.50, 13.49, 13.49, 13.20, 43941.21, 58462129, 0.51, 2.15, 0.90, 582.87501
2016-05-25, 1, wei_ruo, 16.48, 13.59, 2.26, 13.29, 13.37, 13.67, 13.31, 136331.17, 183735242, 1.59, 2.71, 2.79, 2693.94994
2016-05-26, 1, wei_ruo, 16.45, 13.54, -0.37, 13.59, 13.47, 13.61, 13.24, 76877.75, 103166265, 0.89, 2.72, 1.57, 540.42315
2016-05-27, 1, wei_ruo, 16.43, 13.55, 0.07, 13.54, 13.46, 13.60, 13.38, 60067.9, 81072541, 0.70, 1.62, 1.23, 1984.09295
2016-05-30, 1, wei_ruo, 16.40, 13.78, 1.70, 13.55, 13.50, 13.94, 13.41, 107115.83, 147482020, 1.25, 3.91, 2.19, 1570.647
2016-05-31, 1, wei_ruo, 16.36, 14.21, 3.12, 13.78, 13.77, 14.22, 13.77, 126746.06, 178504597, 1.47, 3.27, 2.60, 892.82107
2016-06-01, 1, wei_ruo, 16.34, 14.08, -0.91, 14.21, 14.22, 14.25, 14.03, 82444.8, 116476938, 0.96, 1.55, 1.69, 1077.55494
2016-06-02, 1, wei_ruo, 16.34, 14.12, 0.28, 14.08, 14.12, 14.15, 14.00, 62616.84, 88128647, 0.73, 1.07, 1.28, 629.35805
2016-06-03, 1, wei_ruo, 16.31, 14.07, -0.35, 14.12, 14.12, 14.15, 14.01, 59934.05, 84381276, 0.70, 0.99, 1.23, 781.09789
2016-06-06, 1, wei_ruo, 16.30, 14.09, 0.14, 14.07, 14.14, 14.19, 14.06, 59315.85, 83863376, 0.69, 0.92, 1.22, 2727.44989
2016-06-07, 1, wei_ruo, 16.27, 14.08, -0.07, 14.09, 14.12, 14.21, 13.99, 82403.35, 115876314, 0.96, 1.56, 1.69, 483.57701
2016-06-08, 1, wei_ruo, 16.26, 14.04, -0.28, 14.08, 14.05, 14.07, 13.91, 49379.26, 69077551, 0.57, 1.14, 1.01, 951.5841
2016-06-13, 1, wei_ruo, 16.24, 13.28, -5.41, 14.04, 13.81, 13.93, 13.25, 77110, 105762953, 0.90, 4.84, 1.58, 760.67996
2016-06-14, 1, wei_ruo, 16.22, 13.31, 0.23, 13.28, 13.22, 13.38, 13.22, 48751.34, 64809977, 0.57, 1.20, 1.00, 645.43605
2016-06-15, 1, wei_ruo, 16.19, 13.59, 2.10, 13.31, 13.10, 13.73, 13.10, 81607.87, 110442873, 0.95, 4.73, 1.67, 1658.40101
2016-06-16, 1, wei_ruo, 16.18, 13.45, -1.03, 13.59, 13.62, 13.62, 13.39, 60311.77, 81306612, 0.70, 1.69, 1.24, 634.3329
2016-06-17, 1, wei_ruo, 16.16, 13.58, 0.97, 13.45, 13.45, 13.63, 13.45, 56065.54, 75988521, 0.65, 1.34, 1.15, 716.8231
2016-06-20, 1, wei_ruo, 16.15, 13.58, 0.97, 13.45, 13.45, 13.63, 13.45, 56065.54, 75988521, 0.65, 1.34, 1.15, 1247.97201
2016-06-21, 1, wei_ruo, 16.10, 14.21, 4.64, 13.58, 13.66, 14.48, 13.64, 206681.7, 291661362, 2.40, 6.19, 4.23, 1204.952
2016-06-22, 1, wei_ruo, 16.07, 14.37, 1.13, 14.21, 14.20, 14.46, 14.13, 106342.55, 152401077, 1.24, 2.32, 2.18, 1252.60592
2016-06-23, 1, wei_ruo, 16.06, 14.25, -0.84, 14.37, 14.40, 14.41, 14.03, 58470.88, 83209855, 0.68, 2.64, 1.20, 1573.72499
2016-06-24, 2, qing_du, 16.04, 14.06, -1.33, 14.25, 14.25, 14.45, 13.76, 90692.05, 128099137, 1.05, 4.84, 1.86, 1339.02907
2016-06-27, 2, qing_du, 16.03, 14.44, 2.70, 14.06, 14.06, 14.47, 14.06, 82485.46, 118275062, 0.96, 2.92, 1.69, 2470.263
2016-06-28, 2, qing_du, 16.00, 14.45, 0.07, 14.44, 14.49, 14.55, 14.24, 145593.79, 209533432, 1.69, 2.15, 2.98, 721.99988
2016-06-30, 2, qing_du, 15.13, 13.33, -0.45, 13.39, 13.40, 13.45, 13.28, 74491.31, 99283845, 0.87, 1.27, 1.53, 1463.30595
2016-07-01, 2, qing_du, 15.11, 13.40, 0.53, 13.33, 13.37, 13.42, 13.29, 65603.12, 87585282, 0.76, 0.98, 1.34, 603.08099
2016-07-04, 2, qing_du, 15.10, 13.55, 1.12, 13.40, 13.39, 13.62, 13.30, 89426.59, 120678912, 1.04, 2.39, 1.83, 2859.66802
2016-07-05, 3, zhong_du, 15.08, 13.67, 0.89, 13.55, 13.55, 13.73, 13.51, 103313.57, 141064345, 1.20, 1.62, 2.12, 2669.15298
2016-07-06, 3, zhong_du, 15.07, 13.71, 0.29, 13.67, 13.68, 13.74, 13.56, 79121, 107910842, 0.92, 1.32, 1.62, 18991.59694
2016-07-07, 4, gao_du, 15.04, 14.05, 2.48, 13.71, 13.74, 14.22, 13.71, 183896.36, 258146792, 2.14, 3.72, 3.77, 2834.84507
2016-07-08, 4, gao_du, 15.04, 13.97, -0.57, 14.05, 14.15, 14.15, 13.92, 67226.19, 94142837, 0.78, 1.64, 1.38, 673.46406
2016-07-11, 4, gao_du, 15.03, 13.85, -0.86, 13.97, 13.98, 14.02, 13.84, 75256.23, 105100001, 0.88, 1.29, 1.54, 1313.58004
2016-07-12, 4, gao_du, 15.02, 13.90, 0.36, 13.85, 13.85, 13.93, 13.56, 69429.62, 95684403, 0.81, 2.67, 1.43, 14554.57091
2016-07-13, 4, gao_du, 15.00, 14.07, 1.22, 13.90, 13.92, 14.13, 13.89, 120725.09, 169307884, 1.40, 1.73, 2.47, 791.21995
2016-07-14, 4, gao_du, 14.99, 14.11, 0.28, 14.07, 14.08, 14.20, 14.00, 102228.27, 144346816, 1.19, 1.42, 2.09, 3456.54202
2016-07-15, 5, qiang_lie, 14.98, 14.19, 0.57, 14.11, 14.18, 14.24, 14.02, 69161.59, 97699502, 0.80, 1.56, 1.42, 18314.41689
2016-07-18, 5, qiang_lie, 14.97, 14.61, 2.96, 14.19, 14.19, 14.82, 14.19, 195911.15, 286781577, 2.28, 4.44, 4.10, 925.22597
2016-07-19, 5, qiang_lie, 14.97, 14.69, 0.55, 14.61, 14.60, 14.72, 14.30, 112684.15, 163421400, 1.31, 2.87, 2.31, 668.33401
2016-07-20, 5, qiang_lie, 14.97, 14.80, 0.75, 14.69, 14.69, 14.88, 14.55, 116821.52, 172581395, 1.36, 2.25, 2.39, 772.45092
2016-07-21, 5, qiang_lie, 14.97, 14.61, -1.28, 14.80, 14.74, 15.12, 14.58, 162805.25, 241909897, 1.89, 3.65, 3.34, 2803.43485
2016-07-22, 5, qiang_lie, 14.97, 14.61, 0.00, 14.61, 14.82, 14.83, 14.53, 66708.12, 97624831, 0.78, 2.05, 1.37, 2635.50997
2016-07-25, 5, qiang_lie, 14.97, 14.67, 0.41, 14.61, 14.65, 14.93, 14.47, 98089.41, 144799005, 1.14, 3.15, 2.01, 18379.2181
2016-07-26, 5, qiang_lie, 14.96, 14.77, 0.68, 14.67, 14.69, 14.85, 14.60, 65277.39, 96201664, 0.76, 1.70, 1.34, 796.5939
2016-07-27, 5, qiang_lie, 14.96, 14.33, -2.98, 14.77, 14.74, 15.05, 14.01, 143933.44, 209766125, 1.67, 7.04, 2.95, 2868.18314
2016-07-28, 5, qiang_lie, 14.95, 14.28, -0.35, 14.33, 14.35, 14.54, 14.09, 98369.21, 140519205, 1.14, 3.14, 2.02, 2688.33423
2016-07-29, 5, qiang_lie, 14.94, 14.64, 2.52, 14.28, 14.30, 14.92, 14.30, 130308.17, 191006449, 1.52, 4.34, 2.67, 14427.21295
2016-08-01, 5, qiang_lie, 14.94, 14.06, -3.96, 14.64, 14.57, 14.70, 14.00, 93927.22, 133437050, 1.09, 4.78, 1.92, 2739.09187
2016-08-02, 5, qiang_lie, 14.93, 14.38, 2.28, 14.06, 14.17, 14.40, 14.07, 55666.4, 79283832, 0.65, 2.35, 1.14, 14414.9611
2016-08-03, 5, qiang_lie, 14.93, 14.92, 3.76, 14.38, 14.44, 14.99, 14.32, 148875.89, 219872528, 1.73, 4.66, 2.91, 3227.40316
2016-08-04, 5, qiang_lie, 14.93, 14.88, -0.27, 14.92, 14.80, 15.04, 14.63, 91732.67, 136161073, 1.07, 2.75, 1.34, 14390.94996
2016-08-05, 5, qiang_lie, 14.93, 15.37, 3.29, 14.88, 14.81, 15.40, 14.73, 227396.05, 345993113, 2.64, 4.50, 2.91, 649.69802
2016-08-08, 5, qiang_lie, 14.94, 15.30, -0.46, 15.37, 15.26, 15.33, 15.01, 116280.21, 176703880, 1.35, 2.08, 1.01, 11774.36805
2016-08-09, 5, qiang_lie, 14.94, 15.27, -0.20, 15.30, 15.29, 15.46, 15.08, 121171.27, 184564515, 1.41, 2.48, 0.95, 18104.87509
2016-08-10, 5, qiang_lie, 14.94, 15.05, -1.44, 15.27, 15.25, 15.25, 14.90, 91709.95, 137956312, 1.07, 2.29, 0.65, 705.36518
2016-08-11, 5, qiang_lie, 14.94, 14.87, -1.20, 15.05, 14.98, 15.15, 14.85, 70685.81, 105980363, 0.82, 1.99, 0.55, 2592.04793
2016-08-15, 5, qiang_lie, 14.95, 15.28, 1.80, 15.01, 15.00, 15.44, 14.95, 116810.45, 177585580, 1.36, 3.26, 1.28, 987.49089
2016-08-16, 5, qiang_lie, 14.95, 15.31, 0.20, 15.28, 15.31, 15.45, 15.12, 88693.91, 135500568, 1.03, 2.16, 0.96, 2105.97491
2016-08-17, 5, qiang_lie, 14.95, 15.23, -0.52, 15.31, 15.35, 15.36, 15.15, 50515.93, 77069851, 0.59, 1.37, 0.59, 14486.66
2016-08-18, 5, qiang_lie, 14.95, 14.98, -1.64, 15.23, 15.18, 15.30, 14.58, 115567.08, 172936491, 1.34, 4.73, 1.50, 14377.56586
2016-08-19, 5, qiang_lie, 14.95, 14.90, -0.53, 14.98, 14.92, 15.08, 14.85, 59136.32, 88093960, 0.69, 1.54, 0.69, 1155.28893
2016-08-22, 5, qiang_lie, 14.95, 14.79, -1.00, 14.94, 14.94, 15.00, 14.76, 48173.24, 71505836, 0.56, 1.61, 0.56, 4572.80087
2016-08-23, 5, qiang_lie, 14.95, 14.79, 0.00, 14.79, 14.75, 14.92, 14.68, 35354.63, 52340117, 0.41, 1.62, 0.49, 754.58002
2016-08-24, 5, qiang_lie, 14.95, 14.64, -1.01, 14.79, 14.73, 14.88, 14.62, 41295.64, 60890942, 0.48, 1.76, 0.67, 2828.45497
2016-08-25, 5, qiang_lie, 14.95, 14.52, -0.82, 14.64, 14.63, 14.65, 14.37, 47543.17, 68756984, 0.55, 1.91, 0.79, 2588.23609
2016-08-26, 4, gao_du, 14.95, 14.62, 0.69, 14.52, 14.50, 14.72, 14.50, 38018.08, 55626770, 0.44, 1.52, 0.82, 2572.52598
2016-08-29, 4, gao_du, 14.94, 14.62, 0.00, 14.62, 14.57, 14.66, 14.42, 39998.57, 58158722, 0.47, 1.64, 0.95, 1522.34006
2016-08-30, 4, gao_du, 14.94, 14.72, 0.68, 14.62, 14.68, 14.86, 14.61, 48376.92, 71244245, 0.56, 1.71, 1.20, 480.92389
2016-08-31, 4, gao_du, 14.94, 14.74, 0.14, 14.72, 14.72, 14.81, 14.70, 30833.5, 45475671, 0.36, 0.75, 0.72, 1205.67298
2016-09-01, 4, gao_du, 14.94, 14.70, -0.14, 14.72, 14.72, 14.77, 14.70, 3711.04, 5466898, 0.04, 0.48, 0.49, 943.38703
2016-09-02, 3, zhong_du, 14.94, 14.44, -0.21, 14.47, 14.45, 14.60, 14.40, 33766.27, 48890309, 0.39, 1.38, 0.82, 6723.4509
2016-09-05, 3, zhong_du, 14.94, 14.70, -0.14, 14.72, 14.72, 14.77, 14.70, 3711.04, 5466898, 0.04, 0.48, 0.49, 643.99409
2016-09-06, 3, zhong_du, 14.94, 14.70, -0.14, 14.72, 14.72, 14.77, 14.70, 3711.04, 5466898, 0.04, 0.48, 0.49, 6769.07086
2016-09-07, 3, zhong_du, 14.94, 14.83, -0.54, 14.91, 14.88, 15.05, 14.73, 92159.54, 137165680, 1.07, 2.15, 2.25, 606.143
2016-09-08, 3, zhong_du, 14.94, 14.70, -0.14, 14.72, 14.72, 14.77, 14.70, 3711.04, 5466898, 0.04, 0.48, 0.49, 632.12895
2016-09-09, 4, gao_du, 14.94, 14.80, -0.74, 14.91, 14.91, 14.97, 14.80, 41565.37, 61860057, 0.48, 1.14, 1.01, 2787.36782
2016-09-12, 3, zhong_du, 14.94, 14.70, -0.14, 14.72, 14.72, 14.77, 14.70, 3711.04, 5466898, 0.04, 0.48, 0.49, 1175.22407
2016-09-13, 3, zhong_du, 14.94, 14.70, -0.14, 14.72, 14.72, 14.77, 14.70, 3711.04, 5466898, 0.04, 0.48, 0.49, 2043.12301
2016-09-14, 2, qing_du, 14.94, 14.70, -0.14, 14.72, 14.72, 14.77, 14.70, 3711.04, 5466898, 0.04, 0.48, 0.49, 778.66817
2016-09-19, 2, qing_du, 14.94, 14.39, 0.91, 14.26, 14.25, 14.51, 14.24, 26131.47, 37640308, 0.30, 1.89, 0.64, 536.22603
2016-09-20, 1, wei_ruo, 14.94, 14.66, 1.88, 14.39, 14.49, 14.74, 14.48, 37408.45, 54647666, 0.44, 1.81, 0.91, 4564.43501
2016-09-21, 2, qing_du, 14.94, 14.68, 0.14, 14.66, 14.64, 14.77, 14.58, 31246.97, 45999596, 0.36, 1.30, 0.76, 2397.44091
2016-09-22, 2, qing_du, 14.94, 14.68, 0.00, 14.68, 14.75, 14.78, 14.63, 26241.12, 38592844, 0.31, 1.02, 0.64, 4579.72908
2016-09-23, 2, qing_du, 14.94, 14.81, 0.89, 14.68, 14.67, 14.90, 14.67, 46012.44, 68205582, 0.54, 1.57, 1.12, 1517.06886
2016-09-26, 2, qing_du, 14.94, 14.35, -3.11, 14.81, 14.80, 14.83, 14.28, 33203.12, 48308899, 0.39, 3.71, 0.81, 2831.72917
2016-09-27, 2, qing_du, 14.94, 14.54, 1.32, 14.35, 14.35, 14.62, 14.30, 28186.26, 40551578, 0.33, 2.23, 0.69, 2703.17721
2016-09-28, 1, wei_ruo, 14.94, 14.46, -0.55, 14.54, 14.67, 14.68, 14.40, 16237.68, 23661393, 0.19, 1.93, 0.40, 1452.56209
2016-09-29, 1, wei_ruo, 14.94, 14.56, 0.69, 14.46, 14.45, 14.66, 14.45, 21963.51, 32037739, 0.26, 1.45, 0.54, 14387.47478
2016-09-30, 1, wei_ruo, 14.94, 14.64, 0.55, 14.56, 14.53, 14.71, 14.52, 19583.66, 28663487, 0.23, 1.30, 0.48, 771.281
2016-10-10, 1, wei_ruo, 14.94, 14.84, 1.37, 14.64, 14.68, 14.90, 14.64, 49014.97, 72653521, 0.57, 1.78, 1.20, 734.28178
2016-10-11, 1, wei_ruo, 14.94, 14.83, -0.07, 14.84, 14.88, 14.88, 14.68, 42935.55, 63440715, 0.50, 1.35, 1.05, 896.74997
2016-10-12, 2, qing_du, 14.94, 14.78, -0.34, 14.83, 14.78, 14.87, 14.70, 34584.79, 51023111, 0.40, 1.15, 0.84, 3490.50593
2016-10-13, 2, qing_du, 14.94, 14.70, -0.54, 14.78, 14.77, 14.83, 14.64, 30858.32, 45407179, 0.36, 1.29, 0.75, 11875.65994
2016-10-14, 2, qing_du, 14.91, 14.49, -1.43, 14.70, 14.69, 14.76, 14.39, 54975.84, 79761380, 0.64, 2.52, 1.34, 670.32003
2016-10-17, 1, wei_ruo, 14.91, 14.32, -1.17, 14.49, 14.38, 14.58, 14.30, 44082.72, 63506428, 0.51, 1.93, 1.08, 3913.872
2016-10-18, 1, wei_ruo, 14.91, 14.45, -0.28, 14.49, 14.38, 14.58, 14.38, 18745.96, 27076079, 0.22, 1.38, 0.92, 1022.38202
2016-10-19, 1, wei_ruo, 14.91, , , , , , , , , , , , 635.11682
2016-10-20, 1, wei_ruo, 14.90, 14.54, -0.34, 14.59, 14.61, 14.62, 14.47, 29518.05, 42926239, 0.34, 1.03, 0.60, 773.87691
2016-10-21, 1, wei_ruo, 14.90, 14.32, -1.51, 14.54, 14.57, 14.57, 14.17, 48281.92, 69225954, 0.56, 2.75, 1.02, 11761.06691
2016-10-24, 1, wei_ruo, 14.90, 14.38, 0.42, 14.32, 14.28, 14.49, 14.28, 37349.1, 53791358, 0.43, 1.47, 0.79, 758.76093
2016-10-25, 1, wei_ruo, 14.90, 14.40, 0.14, 14.38, 14.39, 14.44, 14.30, 50177.35, 72031288, 0.58, 0.97, 1.06, 3789.93607
2016-10-26, 1, wei_ruo, 14.89, 14.31, -0.63, 14.40, 14.42, 14.42, 14.26, 47804.16, 68402455, 0.56, 1.11, 1.01, 570.24407
2016-10-27, 1, wei_ruo, 14.89, 14.34, 0.21, 14.31, 14.33, 14.37, 14.26, 28754.69, 41137063, 0.33, 0.77, 0.61, 810.61006
2016-10-28, 1, wei_ruo, 14.89, 14.13, -1.40, 14.33, 14.36, 14.41, 14.09, 59499.11, 84766861, 0.69, 2.23, 1.26, 660.57587
2016-10-31, 1, wei_ruo, 14.88, 14.16, 0.21, 14.13, 14.22, 14.27, 14.07, 59293.52, 83802101, 0.69, 1.42, 1.25, 645.28704
2016-11-01, 1, wei_ruo, 14.88, 14.32, 1.13, 14.16, 14.16, 14.35, 14.12, 33863.73, 48290877, 0.39, 1.62, 0.72, 607.74493
2016-11-02, 1, wei_ruo, 14.88, 14.16, -1.12, 14.32, 14.29, 14.31, 14.15, 40739.26, 57919657, 0.47, 1.12, 0.86, 615.49783
2016-11-03, 1, wei_ruo, 14.87, 14.28, 0.78, 14.17, 14.18, 14.36, 14.13, 55480.62, 79127434, 0.65, 1.62, 1.17, 586.00712
2016-11-04, 1, wei_ruo, 14.87, 14.19, -0.63, 14.28, 14.22, 14.31, 14.16, 38064.53, 54091045, 0.44, 1.05, 0.81, 570.31703
2016-11-07, 1, wei_ruo, 14.86, 14.20, 0.07, 14.19, 14.23, 14.34, 14.12, 67135.58, 95386707, 0.78, 1.55, 1.42, 705.05619
2016-11-08, 1, wei_ruo, 14.86, 14.29, 0.63, 14.20, 14.27, 14.34, 14.21, 41950.91, 59921738, 0.49, 0.92, 0.89, 517.47394
2016-11-09, 1, wei_ruo, 14.86, 14.17, -0.91, 14.30, 14.30, 14.36, 14.04, 57260.32, 81194384, 0.67, 2.24, 1.21, 684.17192
2016-11-10, 1, wei_ruo, 14.85, 14.45, 1.98, 14.17, 14.27, 14.50, 14.26, 86670.25, 124905963, 1.01, 1.69, 1.83, 794.92283
2016-11-11, 1, wei_ruo, 14.85, 14.46, 0.07, 14.45, 14.40, 14.54, 14.39, 46523.18, 67331479, 0.54, 1.04, 0.98, 2784.78909
2016-11-14, 1, wei_ruo, 14.85, 14.58, 0.83, 14.46, 14.50, 14.62, 14.42, 76778.5, 111617457, 0.89, 1.38, 1.62, 578.26209
2016-11-15, 1, wei_ruo, 14.84, 14.50, -0.62, 14.59, 14.57, 14.60, 14.43, 57122.72, 82710269, 0.66, 1.17, 1.21, 651.85213
2016-11-16, 1, wei_ruo, 14.84, 14.49, -0.07, 14.50, 14.53, 14.53, 14.44, 13062.7, 18912964, 0.15, 0.62, 0.55, 528.20206
2016-11-17, 2, qing_du, 14.84, 14.49, -0.07, 14.50, 14.53, 14.53, 14.44, 13062.7, 18912964, 0.15, 0.62, 0.55, 599.20311
2016-11-18, 1, wei_ruo, 14.84, 14.47, -0.82, 14.59, 14.57, 14.60, 14.43, 39214.21, 56795982, 0.46, 1.17, 1.66, 2109.10606
2016-11-21, 1, wei_ruo, 14.84, 14.46, 0.28, 14.42, 14.40, 14.60, 14.34, 54031.74, 78159466, 0.63, 1.80, 1.14, 1460.41298
2016-11-22, 1, wei_ruo, 14.84, 14.59, 0.90, 14.46, 14.59, 14.61, 14.47, 63904.07, 92930852, 0.74, 0.97, 1.35, 3898.74101
2016-11-23, 2, qing_du, 14.83, 14.64, 0.34, 14.59, 14.63, 14.75, 14.54, 98977.25, 144793787, 1.15, 1.44, 2.09, 623.94786
2016-11-24, 2, qing_du, 14.83, 14.50, -1.02, 14.65, 14.65, 14.72, 14.47, 81898.89, 119557635, 0.95, 1.71, 1.74, 741.44197
2016-11-25, 2, qing_du, 14.83, 14.70, 1.45, 14.49, 14.49, 14.74, 14.35, 74747.48, 108627117, 0.87, 2.69, 1.58, 744.52281
2016-11-28, 2, qing_du, 14.83, 14.74, 0.14, 14.72, 14.77, 14.92, 14.69, 108397.89, 160822026, 1.26, 1.56, 2.29, 600.18897
2016-11-29, 3, zhong_du, 14.83, 14.75, 0.07, 14.74, 14.73, 14.97, 14.65, 107263.85, 158973061, 1.25, 2.17, 2.27, 454.89311
2016-11-30, 3, zhong_du, 14.83, 14.64, -0.81, 14.76, 14.72, 14.83, 14.57, 57890.01, 85058005, 0.67, 1.76, 1.23, 467.92293
2016-12-01, 3, zhong_du, 14.83, 14.76, 0.75, 14.65, 14.60, 14.77, 14.60, 55262.97, 81167170, 0.64, 1.16, 1.17, 1201.95103
2016-12-02, 3, zhong_du, 14.82, 14.41, -2.37, 14.76, 14.77, 14.80, 14.41, 61798.31, 89983609, 0.72, 2.64, 1.31, 901.17311
2016-12-05, 2, qing_du, 14.82, 14.35, -0.42, 14.41, 14.30, 14.53, 14.25, 50325.03, 72480708, 0.59, 1.94, 1.06, 833.15301
2016-12-06, 2, qing_du, 14.82, 14.35, 0.00, 14.35, 14.36, 14.47, 14.32, 28469.85, 41006865, 0.33, 1.05, 0.60, 587.07118
2016-12-07, 1, wei_ruo, 14.82, 14.43, 0.56, 14.35, 14.37, 14.43, 14.34, 40626.67, 58435251, 0.47, 0.63, 0.86, 565.86814
2016-12-08, 1, wei_ruo, 14.82, 14.31, -0.83, 14.43, 14.47, 14.47, 14.29, 38002.12, 54644183, 0.44, 1.25, 0.80, 577.57711
2016-12-09, 1, wei_ruo, 14.81, 14.30, -0.07, 14.31, 14.33, 14.41, 14.29, 33969.79, 48702781, 0.40, 0.84, 0.72, 764.77408
2016-12-12, 1, wei_ruo, 14.80, 13.62, -4.76, 14.30, 14.31, 14.34, 13.59, 76927.5, 107160227, 0.89, 5.24, 1.63, 60578.94206
2016-12-13, 1, wei_ruo, 14.79, 13.48, -1.03, 13.62, 13.63, 13.63, 13.07, 73208.97, 97963107, 0.85, 4.11, 1.55, 888.84091
2016-12-14, 1, wei_ruo, 14.79, 13.46, -0.15, 13.48, 13.47, 13.52, 13.29, 43984.28, 58907933, 0.51, 1.71, 0.93, 545.31598
2016-12-15, 1, wei_ruo, 14.78, 13.49, 0.22, 13.46, 13.46, 13.57, 13.36, 34704.95, 46748875, 0.40, 1.56, 0.73, 652.20594
2016-12-16, 1, wei_ruo, 14.78, 13.51, 0.15, 13.49, 13.42, 13.63, 13.40, 20947.74, 28369580, 0.24, 1.70, 0.44, 633.14104
2016-12-19, 1, wei_ruo, 14.77, 13.51, 0.00, 13.51, 13.54, 13.60, 13.45, 30389.74, 41078366, 0.35, 1.11, 0.64, 741.93811
2016-12-20, 1, wei_ruo, 14.77, 13.46, -0.37, 13.51, 13.52, 13.54, 13.32, 25777.6, 34633825, 0.30, 1.63, 0.55, 741.28294
2016-12-21, 1, wei_ruo, 14.76, 13.57, 0.82, 13.46, 13.46, 13.58, 13.45, 30593.33, 41376307, 0.36, 0.97, 0.65, 556.81014
2016-12-22, 1, wei_ruo, 14.76, 13.62, 0.37, 13.57, 13.58, 13.69, 13.49, 26664.1, 36217012, 0.31, 1.47, 0.56, 938.097
2016-12-23, 1, wei_ruo, 14.76, 13.42, -1.47, 13.62, 13.63, 13.67, 13.36, 31998.16, 43099620, 0.37, 2.28, 0.68, 500.108
2016-12-26, 1, wei_ruo, 14.75, 13.53, 0.82, 13.42, 13.41, 13.55, 13.25, 22901.47, 30695472, 0.27, 2.24, 0.48, 611.00888
2016-12-27, 1, wei_ruo, 14.75, 13.48, -0.37, 13.53, 13.57, 13.62, 13.45, 29154.96, 39462254, 0.34, 1.26, 0.62, 980.69215
2016-12-28, 1, wei_ruo, 14.75, 13.53, 0.37, 13.48, 13.48, 13.60, 13.47, 19738.08, 26744601, 0.23, 0.96, 0.42, 745.45193
2016-12-29, 1, wei_ruo, 14.74, 13.59, 0.44, 13.53, 13.53, 13.68, 13.48, 21496.57, 29203116, 0.25, 1.48, 0.45, 4544.69395
2016-12-30, 1, wei_ruo, 14.74, 13.67, 0.59, 13.59, 13.56, 13.72, 13.56, 31275.97, 42710516, 0.36, 1.18, 0.66, 672.47796
2017-01-03, 1, wei_ruo, 14.73, 13.67, 0.59, 13.59, 13.56, 13.72, 13.56, 31275.97, 42710516, 0.36, 1.18, 0.66, 4546.64993
2017-01-04, 1, wei_ruo, 14.73, 13.88, 0.73, 13.78, 13.82, 13.88, 13.72, 26809.22, 37075217, 0.31, 1.16, 0.57, 668.7758
2017-01-05, 1, wei_ruo, 14.73, 13.79, -0.65, 13.88, 13.84, 13.91, 13.76, 32218.97, 44573705, 0.37, 1.08, 0.68, 652.10915
2017-01-06, 1, wei_ruo, 14.72, 14.08, 2.10, 13.79, 13.80, 14.14, 13.68, 69074.17, 96535170, 0.80, 3.34, 1.46, 923.25306
2017-01-09, 1, wei_ruo, 14.72, 14.12, 0.28, 14.08, 14.12, 14.30, 13.99, 67435.25, 95258132, 0.78, 2.20, 1.43, 655.828
2017-01-10, 2, qing_du, 14.71, 14.06, -0.42, 14.12, 14.10, 14.16, 14.01, 19691.16, 27696090, 0.23, 1.06, 0.83, 726.03202
2017-01-11, 2, qing_du, 14.71, 14.06, -0.42, 14.12, 14.10, 14.16, 14.01, 19691.16, 27696090, 0.23, 1.06, 0.83, 730.14617
2017-01-12, 1, wei_ruo, 14.71, 14.06, -0.42, 14.12, 14.10, 14.16, 14.01, 19691.16, 27696090, 0.23, 1.06, 0.83, 526.76702
2017-01-13, 1, wei_ruo, 14.71, 13.60, -0.95, 13.73, 13.74, 13.83, 13.55, 26611.03, 36499429, 0.31, 2.04, 0.56, 704.75721
2017-01-16, 1, wei_ruo, 14.70, 13.27, -2.43, 13.60, 13.57, 13.58, 13.11, 40285.29, 53643055, 0.47, 3.46, 0.85, 2684.47208
2017-01-17, 1, wei_ruo, 14.70, 14.06, -0.42, 14.12, 14.10, 14.16, 14.01, 19691.16, 27696090, 0.23, 1.06, 0.83, 2674.79706
2017-01-18, 1, wei_ruo, 14.69, 14.06, -0.42, 14.12, 14.10, 14.16, 14.01, 19691.16, 27696090, 0.23, 1.06, 0.83, 2850.317
2017-02-07, 1, wei_ruo, 14.65, 13.69, -0.22, 13.72, 13.73, 13.73, 13.65, 10590.16, 14487989, 0.12, 0.58, 0.52, 2817.92784
2017-02-08, 1, wei_ruo, 14.64, 13.81, 0.66, 13.72, 13.73, 13.82, 13.65, 30141.28, 41421720, 0.35, 1.24, 0.64, 1850.71015
2017-02-09, 1, wei_ruo, 14.64, 13.85, 0.29, 13.81, 13.80, 13.91, 13.73, 40566.94, 56178516, 0.47, 1.30, 0.86, 596.30609
2017-02-10, 2, qing_du, 14.63, 13.78, -0.51, 13.85, 13.85, 13.90, 13.74, 48252.43, 66601922, 0.56, 1.16, 1.02, 840.55614
2017-02-13, 2, qing_du, 14.63, 13.84, 0.44, 13.78, 13.82, 13.88, 13.75, 38553.36, 53294651, 0.45, 0.94, 0.82, 4735.72803
2017-02-14, 2, qing_du, 14.63, 13.85, 0.07, 13.84, 13.85, 13.92, 13.78, 35910.46, 49735413, 0.42, 1.01, 0.76, 60822.32785
2017-02-15, 2, qing_du, 14.62, 13.86, 0.07, 13.85, 13.85, 14.03, 13.81, 60158.25, 83755270, 0.70, 1.59, 1.27, 4623.77119
2017-02-16, 2, qing_du, 14.62, 13.89, 0.22, 13.86, 13.83, 13.94, 13.78, 37291.03, 51671121, 0.43, 1.15, 0.79, 852.32806
2017-02-17, 2, qing_du, 14.61, 13.72, -1.22, 13.89, 13.90, 13.97, 13.71, 41919.09, 57878285, 0.49, 1.87, 0.89, 628.32999
2017-02-20, 2, qing_du, 14.61, 13.86, 1.02, 13.72, 13.72, 13.87, 13.72, 53820.43, 74187604, 0.63, 1.09, 1.14, 755.44906
2017-02-21, 2, qing_du, 14.60, 13.72, -1.22, 13.89, 13.90, 13.97, 13.71, 41919.09, 57878285, 0.49, 1.87, 0.89, 3662.62603
2017-02-22, 3, zhong_du, 14.60, 14.01, 0.65, 13.92, 13.90, 14.05, 13.87, 76894.4, 107242373, 0.89, 1.29, 1.63, 2865.22603
2017-02-23, 3, zhong_du, 14.59, 13.91, -0.71, 14.01, 14.05, 14.05, 13.82, 51487.97, 71660444, 0.60, 1.64, 1.09, 4857.69987
2017-02-24, 3, zhong_du, 14.59, 13.93, 0.14, 13.91, 13.90, 13.95, 13.86, 6296.33, 8760996, 0.07, 0.65, 0.73, 2728.95098
2017-02-27, 3, zhong_du, 14.59, 13.86, -1.00, 14.00, 13.98, 14.00, 13.82, 39026.86, 54323493, 0.45, 1.29, 0.83, 545.45403
2017-02-28, 3, zhong_du, 14.58, 13.93, 0.14, 13.91, 13.90, 13.95, 13.86, 6296.33, 8760996, 0.07, 0.65, 0.73, 978.93095
2017-03-01, 3, zhong_du, 14.58, 13.98, 0.43, 13.92, 13.92, 14.04, 13.85, 61384.49, 85815817, 0.71, 1.36, 1.30, 1793.07699
2017-03-02, 3, zhong_du, 14.58, 13.98, 0.00, 13.98, 13.98, 14.12, 13.89, 74810.19, 104701281, 0.87, 1.65, 1.58, 708.31299
2017-03-03, 3, zhong_du, 14.57, 14.00, 0.14, 13.98, 13.98, 14.03, 13.89, 39312.42, 54970898, 0.46, 1.00, 0.83, 125080.59001
2017-03-06, 4, gao_du, 14.57, 14.16, 1.14, 14.00, 14.00, 14.18, 13.96, 72011.98, 101605366, 0.84, 1.57, 1.52, 4783.41699
2017-03-07, 4, gao_du, 14.57, 14.05, -1.06, 14.20, 14.23, 14.23, 13.99, 35187.27, 49523181, 0.41, 1.69, 1.49, 930.90487
2017-03-08, 5, qiang_lie, 14.56, 14.04, -1.13, 14.20, 14.23, 14.23, 13.99, 53674.89, 75477250, 0.62, 1.69, 1.14, 2837.59618
2017-03-09, 5, qiang_lie, 14.56, 13.85, -1.35, 14.04, 14.01, 14.01, 13.77, 54789.52, 75995738, 0.64, 1.71, 1.16, 4796.5889
2017-03-10, 4, gao_du, 14.55, 13.77, -0.58, 13.85, 13.86, 13.88, 13.76, 38074.52, 52568677, 0.44, 0.87, 0.81, 120848.57321
2017-03-13, 4, gao_du, 14.55, 13.86, 0.65, 13.77, 13.78, 13.89, 13.71, 37585.15, 51908428, 0.44, 1.31, 0.80, 748.06809
2017-03-14, 3, zhong_du, 14.55, 13.82, -0.29, 13.86, 13.85, 13.89, 13.77, 33444.47, 46201451, 0.39, 0.87, 0.71, 2664.77704
2017-03-15, 3, zhong_du, 14.55, 13.81, -0.07, 13.82, 13.80, 13.87, 13.75, 22927.71, 31640553, 0.27, 0.87, 0.49, 716.08591
2017-03-16, 3, zhong_du, 14.54, 13.90, 0.65, 13.81, 13.82, 13.92, 13.82, 46082.48, 63995296, 0.54, 0.72, 0.98, 637.19392
2017-03-17, 3, zhong_du, 14.54, 13.84, -0.43, 13.90, 13.90, 13.99, 13.81, 41624.75, 57943153, 0.48, 1.29, 0.88, 3044.64507
2017-03-20, 3, zhong_du, 14.54, 13.96, 0.87, 13.84, 13.87, 13.96, 13.79, 36749.02, 51009202, 0.43, 1.23, 0.78, 632.43198
2017-03-21, 3, zhong_du, 14.54, 13.93, -0.21, 13.96, 13.97, 13.99, 13.88, 30518.17, 42477669, 0.35, 0.79, 0.65, 615.79514
2017-03-22, 3, zhong_du, 14.53, 13.78, -1.08, 13.93, 13.89, 13.90, 13.76, 40863.81, 56489436, 0.48, 1.01, 0.86, 603.85585
2017-03-23, 3, zhong_du, 14.53, 13.83, 0.36, 13.78, 13.77, 13.88, 13.67, 50875.03, 70105595, 0.59, 1.52, 1.08, 687.22606
2017-03-24, 3, zhong_du, 14.52, 13.82, -0.07, 13.83, 13.81, 13.83, 13.71, 41498.64, 57130507, 0.48, 0.87, 0.88, 628.23105
2017-03-27, 3, zhong_du, 14.52, 13.82, 0.00, 13.82, 13.76, 13.84, 13.75, 42202.53, 58223403, 0.49, 0.65, 0.89, 665.40909
2017-03-28, 2, qing_du, 14.52, 13.66, -1.16, 13.82, 13.82, 13.83, 13.64, 39413.68, 54017414, 0.46, 1.37, 0.83, 713.76109
2017-03-29, 2, qing_du, 14.51, 13.67, 0.07, 13.66, 13.67, 13.74, 13.56, 33674.83, 45971556, 0.39, 1.32, 0.71, 664.44182
2017-03-30, 1, wei_ruo, 14.51, 13.40, -1.98, 13.67, 13.63, 13.64, 13.27, 61137.22, 82203948, 0.71, 2.71, 1.29, 824.76807
2017-03-31, 1, wei_ruo, 14.50, 13.46, 0.45, 13.40, 13.40, 13.53, 13.39, 25594.76, 34494047, 0.30, 1.04, 0.54, 597.03588
2017-04-05, 1, wei_ruo, 14.50, 13.70, 1.78, 13.46, 13.50, 13.75, 13.45, 45476.39, 61934342, 0.53, 2.23, 0.96, 599.365
2017-04-06, 1, wei_ruo, 14.49, 13.65, -0.36, 13.70, 13.72, 13.75, 13.61, 40298.16, 55055273, 0.47, 1.02, 0.85, 2575.81806
2017-04-07, 2, qing_du, 14.49, 13.63, -0.15, 13.65, 13.63, 13.69, 13.56, 39373.46, 53636557, 0.46, 0.95, 0.83, 635.33688
2017-04-10, 2, qing_du, 14.49, 13.71, 0.59, 13.63, 13.65, 13.77, 13.60, 46934.62, 64341670, 0.55, 1.25, 0.99, 651.2661
2017-04-11, 2, qing_du, 14.48, 14.01, 2.19, 13.71, 13.71, 14.09, 13.60, 73109.34, 101266049, 0.85, 3.57, 1.55, 520.18809
2017-04-12, 3, zhong_du, 14.48, 14.28, 1.93, 14.01, 14.20, 14.52, 14.10, 204284.53, 292239852, 2.38, 3.00, 4.32, 623.3418
2017-04-14, 3, zhong_du, 14.48, 14.42, 0.98, 14.28, 14.60, 15.20, 14.33, 242757.46, 356608480, 2.82, 6.09, 5.14, 611.45902
2017-04-17, 3, zhong_du, 14.48, 14.11, -2.15, 14.42, 14.48, 14.52, 13.95, 103103.48, 145963222, 1.20, 3.95, 2.18, 675.74596
2017-04-18, 3, zhong_du, 14.47, 14.07, -0.28, 14.11, 14.10, 14.21, 13.99, 83503.79, 117993462, 0.97, 1.56, 1.77, 680.49812
2017-04-19, 2, qing_du, 14.47, 13.79, -1.99, 14.07, 14.02, 14.08, 13.63, 73461.54, 101430032, 0.85, 3.20, 1.55, 552.85192
2017-04-20, 2, qing_du, 14.46, 13.91, 0.87, 13.79, 13.88, 13.95, 13.72, 49129.65, 67913783, 0.57, 1.67, 1.04, 621.85216
2017-04-21, 1, wei_ruo, 14.46, 13.86, -0.36, 13.91, 13.91, 14.04, 13.82, 52204.13, 72735971, 0.61, 1.58, 1.10, 641.40105
2017-04-24, 1, wei_ruo, 14.45, 13.37, -3.54, 13.86, 13.84, 13.90, 13.31, 67184.16, 90753199, 0.78, 4.26, 1.42, 654.56605
2017-04-25, 1, wei_ruo, 14.45, 13.30, -0.52, 13.37, 13.43, 13.50, 13.26, 60135.25, 80438579, 0.70, 1.80, 1.27, 656.72994
2017-04-26, 1, wei_ruo, 14.44, 13.52, 1.65, 13.30, 13.30, 13.53, 13.21, 50616.34, 67824923, 0.59, 2.41, 1.07, 766.72411
2017-04-27, 1, wei_ruo, 14.44, 13.54, 0.15, 13.52, 13.46, 13.62, 13.31, 44416.78, 59802196, 0.52, 2.29, 0.94, 1496.87099
2017-04-28, 1, wei_ruo, 14.42, 13.25, -2.14, 13.54, 13.42, 13.44, 13.09, 81141.6, 107450786, 0.94, 2.58, 1.72, 683.34913
2017-05-02, 1, wei_ruo, 14.41, 13.08, -1.28, 13.25, 13.25, 13.26, 12.85, 75458.84, 98375618, 0.88, 3.09, 1.60, 801.687
2017-05-03, 1, wei_ruo, 14.40, 12.83, -1.91, 13.08, 13.05, 13.05, 12.72, 68810.21, 88686060, 0.80, 2.52, 1.46, 631.77609
2017-05-04, 1, wei_ruo, 14.39, 12.85, 0.16, 12.83, 12.83, 12.99, 12.69, 39892.96, 51228351, 0.46, 2.34, 0.84, 608.52313
2017-05-05, 1, wei_ruo, 14.39, 12.76, -0.70, 12.85, 12.86, 12.90, 12.72, 30971.95, 39637068, 0.36, 1.40, 0.66, 550.09985
2017-05-11, 1, wei_ruo, 14.35, 12.35, -1.36, 12.52, 12.50, 12.50, 12.10, 35930.54, 44240526, 0.42, 3.19, 0.76, 678.61795
2017-05-12, 1, wei_ruo, 14.35, 12.30, -0.40, 12.35, 12.35, 12.37, 12.21, 20953.86, 25743190, 0.24, 1.30, 0.44, 545.9249
2017-05-15, 1, wei_ruo, 14.34, 12.23, -0.57, 12.30, 12.35, 12.40, 12.21, 22157.36, 27227926, 0.26, 1.54, 0.47, 726.758
2017-05-17, 1, wei_ruo, 14.32, 12.34, 0.08, 12.33, 12.28, 12.43, 12.25, 30567.86, 37745486, 0.36, 1.46, 0.65, 700.912
2017-05-18, 1, wei_ruo, 14.31, 12.18, -1.30, 12.34, 12.25, 12.35, 12.17, 29981.64, 36752201, 0.35, 1.46, 0.63, 639.38498
2017-05-19, 1, wei_ruo, 14.31, 12.20, 0.16, 12.18, 12.20, 12.27, 12.13, 19907.93, 24285187, 0.23, 1.15, 0.42, 565.83691
2017-05-22, 1, wei_ruo, 14.30, 12.03, -1.39, 12.20, 12.22, 12.27, 12.01, 34669.7, 42002682, 0.40, 2.13, 0.73, 2368.58082
2017-05-23, 1, wei_ruo, 14.28, 11.49, -4.49, 12.03, 12.03, 12.05, 11.48, 57952.39, 67880894, 0.67, 4.74, 1.23, 851.31097
2017-05-24, 1, wei_ruo, 14.27, 11.45, -0.35, 11.49, 11.49, 11.54, 11.30, 43601.88, 49825041, 0.51, 2.09, 0.92, 608.67
2017-05-25, 1, wei_ruo, 14.25, 11.57, 1.05, 11.45, 11.44, 11.66, 11.31, 44249.22, 50753972, 0.51, 3.06, 0.94, 639.57715
2017-05-26, 1, wei_ruo, 14.25, 11.58, 0.09, 11.57, 11.64, 11.68, 11.50, 26233.12, 30434865, 0.31, 1.56, 0.56, 657.34982
2017-05-31, 1, wei_ruo, 14.22, 11.92, 2.94, 11.58, 11.80, 12.48, 11.70, 107900.25, 129831747, 1.25, 6.74, 2.28, 602.60606
2017-06-01, 1, wei_ruo, 14.19, 11.44, -4.03, 11.92, 11.71, 11.80, 11.39, 83255.23, 96720154, 0.97, 3.44, 1.76, 17630.49197
2017-06-02, 1, wei_ruo, 14.17, 11.53, 0.79, 11.44, 11.49, 11.55, 11.22, 67185.61, 76455860, 0.78, 2.88, 1.42, 2880.01108
2017-06-05, 1, wei_ruo, 14.13, 11.95, 3.64, 11.53, 12.13, 12.53, 11.76, 175032.65, 211121103, 2.04, 6.68, 3.70, 30699.70417
2017-06-06, 1, wei_ruo, 14.10, 11.79, -1.34, 11.95, 11.60, 11.87, 11.60, 97221.15, 114073498, 1.13, 2.26, 2.06, 15661.41701
2017-06-07, 1, wei_ruo, 14.07, 11.94, 1.27, 11.79, 11.74, 11.97, 11.70, 110195.09, 130875466, 1.28, 2.29, 2.33, 1062.92486
2017-06-08, 1, wei_ruo, 14.05, 11.93, -0.08, 11.94, 11.95, 12.05, 11.88, 83669.82, 100145859, 0.97, 1.42, 1.77, 655.49493
2017-06-09, 1, wei_ruo, 14.04, 12.00, 0.59, 11.93, 11.97, 12.12, 11.90, 64171.21, 76917129, 0.75, 1.84, 1.36, 879.62103
2017-06-12, 1, wei_ruo, 14.02, 11.92, -0.67, 12.00, 12.00, 12.05, 11.83, 68376.77, 81414725, 0.80, 1.83, 1.45, 2627.38419
2017-06-13, 1, wei_ruo, 14.01, 12.04, 1.01, 11.92, 11.90, 12.06, 11.88, 54092.93, 64939330, 0.63, 1.51, 1.14, 2772.19892
2017-06-14, 1, wei_ruo, 13.99, 12.07, 0.25, 12.04, 12.00, 12.09, 11.99, 55271.65, 66586746, 0.64, 0.83, 1.17, 637.66098
2017-06-15, 1, wei_ruo, 13.54, 11.69, 0.00, 11.69, 11.70, 11.72, 11.59, 55695.6, 64959553, 0.65, 1.11, 1.18, 623.56591
2017-06-16, 1, wei_ruo, 13.54, 11.63, -0.51, 11.69, 11.64, 11.69, 11.57, 29849.05, 34720720, 0.35, 1.03, 0.63, 687.27803
2017-06-19, 1, wei_ruo, 13.53, 11.74, 0.95, 11.63, 11.63, 11.76, 11.57, 45723.55, 53402586, 0.53, 1.63, 0.97, 739.49504
2017-06-20, 1, wei_ruo, 13.52, 11.75, 0.09, 11.74, 11.75, 11.84, 11.71, 46915.65, 55291698, 0.55, 1.11, 0.99, 621.22679
2017-06-21, 1, wei_ruo, 13.51, 11.71, -0.34, 11.75, 11.78, 11.80, 11.63, 35621.61, 41673644, 0.41, 1.45, 0.75, 907.45902
2017-06-22, 1, wei_ruo, 13.50, 11.61, -0.85, 11.71, 11.75, 11.83, 11.60, 51129.79, 60043743, 0.59, 1.96, 1.08, 1164.77704
2017-06-23, 1, wei_ruo, 13.49, 11.60, -0.09, 11.61, 11.62, 11.72, 11.49, 41616.57, 48260771, 0.48, 1.98, 0.88, 757.76315
2017-06-26, 1, wei_ruo, 13.47, 11.89, 2.50, 11.60, 11.64, 11.89, 11.54, 67736.72, 79515255, 0.79, 3.02, 1.43, 2629.05812
2017-06-27, 1, wei_ruo, 13.47, 11.91, 0.17, 11.89, 11.90, 11.93, 11.81, 32253.82, 38304607, 0.38, 1.01, 0.68, 316.97512
2017-06-28, 1, wei_ruo, 13.46, 11.83, -0.67, 11.91, 11.85, 12.07, 11.79, 46985.63, 55927404, 0.55, 2.35, 0.99, 775.37894
2017-06-29, 1, wei_ruo, 13.45, 11.85, 0.17, 11.83, 11.84, 11.91, 11.80, 32772.45, 38839665, 0.38, 0.93, 0.69, 2866.60385
2017-06-30, 2, qing_du, 13.45, 11.84, -0.08, 11.85, 11.84, 11.93, 11.78, 37889.07, 44879260, 0.44, 1.27, 0.80, 605.38602
2017-07-03, 2, qing_du, 13.44, 11.99, 1.27, 11.84, 11.87, 12.05, 11.83, 59591.21, 71383512, 0.69, 1.86, 1.26, 621.912
2017-07-04, 3, zhong_du, 13.43, 11.91, -0.67, 11.99, 12.00, 12.03, 11.86, 40327.47, 48094400, 0.47, 1.42, 0.85, 578.05705
2017-07-05, 3, zhong_du, 13.42, 11.96, 0.42, 11.91, 11.91, 12.00, 11.90, 26725.06, 31912706, 0.31, 0.84, 0.57, 672.15109
2017-07-06, 3, zhong_du, 13.42, 11.92, -0.33, 11.96, 11.95, 11.96, 11.84, 33436.49, 39827080, 0.39, 1.00, 0.71, 1633.09097
2017-07-07, 3, zhong_du, 13.41, 12.02, 0.84, 11.92, 11.90, 12.03, 11.83, 46280.91, 55099257, 0.54, 1.68, 0.98, 722.70298
2017-07-10, 3, zhong_du, 13.40, 11.97, -0.42, 12.02, 12.02, 12.03, 11.91, 42018.65, 50255439, 0.49, 1.00, 0.89, 2669.40188
2017-07-11, 3, zhong_du, 13.40, 11.82, -1.25, 11.97, 11.97, 11.97, 11.80, 38352, 45633794, 0.45, 1.42, 0.81, 611.21798
2017-07-12, 3, zhong_du, 13.39, 11.76, -0.51, 11.82, 11.83, 11.86, 11.60, 46293.87, 54213645, 0.54, 2.20, 0.98, 727.40602
2017-07-13, 3, zhong_du, 13.38, 11.75, -0.09, 11.76, 11.76, 11.82, 11.66, 30856.24, 36255868, 0.36, 1.36, 0.65, 791.502
2017-07-14, 3, zhong_du, --, 11.77, 0.17, 11.75, 11.72, 11.80, 11.70, 15169.93, 17827573, 0.18, 0.85, 0.32, 563.47895
2017-07-17, 3, zhong_du, --, 11.27, -4.25, 11.77, 11.78, 11.78, 11.26, 49148.27, 56574780, 0.57, 4.42, 1.04, 830.39689
2017-07-18, 3, zhong_du, 13.36, 11.42, 1.33, 11.27, 11.37, 11.43, 11.28, 22178, 25171366, 0.26, 1.33, 0.47, 3560.0872
2017-07-19, 2, qing_du, --, 11.59, 1.49, 11.42, 11.40, 11.60, 11.36, 28252.86, 32452610, 0.33, 2.10, 0.60, 580.14894
2017-07-20, 2, qing_du, --, 11.61, 0.17, 11.59, 11.58, 11.67, 11.50, 32196.43, 37307586, 0.37, 1.47, 0.68, 720.78896
2017-07-21, 2, qing_du, --, 11.62, 0.09, 11.61, 11.61, 11.67, 11.53, 23139.21, 26835358, 0.27, 1.21, 0.49, 499.81308
2017-07-24, 3, zhong_du, 13.34, 11.71, 0.77, 11.62, 11.63, 11.76, 11.62, 30648.89, 35878848, 0.36, 1.20, 0.65, 1742.75398
2017-07-25, 3, zhong_du, --, 11.74, 0.26, 11.71, 11.77, 11.78, 11.66, 29579.7, 34630189, 0.34, 1.02, 0.63, 840.21997
2017-07-26, 3, zhong_du, --, 11.64, -0.85, 11.74, 11.73, 11.74, 11.58, 21270.69, 24779586, 0.25, 1.36, 0.45, 823.1461
2017-07-27, 3, zhong_du, 13.32, 11.75, 0.95, 11.64, 11.64, 11.78, 11.58, 32192.5, 37711815, 0.37, 1.72, 0.68, 880.48697
2017-07-28, 3, zhong_du, 13.32, 11.78, 0.26, 11.75, 11.89, 11.89, 11.70, 34485.77, 40573036, 0.40, 1.62, 0.73, 716.9621
2017-07-31, 3, zhong_du, 13.31, 11.89, 0.93, 11.78, 11.78, 11.89, 11.71, 45537.82, 53871218, 0.53, 1.53, 0.96, 838.98902
2017-08-01, 3, zhong_du, 13.30, 11.88, -0.08, 11.89, 11.94, 11.95, 11.84, 35384.02, 42080485, 0.41, 0.93, 0.75, 685.93407
2017-08-02, 4, gao_du, 13.30, 11.78, -0.84, 11.88, 11.97, 11.99, 11.76, 37977.77, 45066220, 0.44, 1.94, 0.80, 33868.14308
2017-08-03, 4, gao_du, 13.29, 11.79, 0.08, 11.78, 11.76, 11.85, 11.71, 19531.15, 23026064, 0.23, 1.19, 0.41, 673.02704
2017-08-04, 4, gao_du, 13.29, 11.78, -0.08, 11.79, 11.80, 11.85, 11.71, 24107.04, 28447376, 0.28, 1.19, 0.51, 727.0689
2017-08-07, 4, gao_du, 13.29, 11.80, 0.17, 11.78, 11.79, 11.85, 11.76, 19824.22, 23357899, 0.23, 0.76, 0.42, 743.36982
2017-08-08, 4, gao_du, 13.28, 11.74, -0.51, 11.80, 11.82, 11.82, 11.69, 27302.37, 32039137, 0.32, 1.10, 0.58, 616.44912
2017-08-09, 4, gao_du, 13.27, 11.79, 0.43, 11.74, 11.70, 11.85, 11.62, 42256.55, 49583107, 0.49, 1.96, 0.89, 703.02176
2017-08-10, 3, zhong_du, 13.27, 11.60, -1.61, 11.79, 11.75, 11.82, 11.56, 41892, 48954549, 0.49, 2.21, 0.89, 627.75111
2017-08-11, 3, zhong_du, 13.26, 11.44, -1.38, 11.60, 11.55, 11.64, 11.43, 30154.47, 34828634, 0.35, 1.81, 0.64, 527.61102
2017-08-14, 3, zhong_du, 13.26, 11.59, 1.31, 11.44, 11.47, 11.61, 11.46, 23443.39, 27115282, 0.27, 1.31, 0.50, 2602.85091
2017-08-15, 2, qing_du, 13.25, 11.62, 0.26, 11.59, 11.62, 11.65, 11.54, 18399.09, 21340692, 0.21, 0.95, 0.39, 832.85594
2017-08-16, 2, qing_du, 13.25, 11.64, 0.17, 11.62, 11.58, 11.65, 11.57, 18847.64, 21895015, 0.22, 0.69, 0.40, 660.76207
2017-08-17, 3, zhong_du, 13.24, 11.76, 1.03, 11.64, 11.60, 11.76, 11.60, 27512.56, 32159736, 0.32, 1.37, 0.58, 5676.1539
2017-08-18, 3, zhong_du, 13.24, 11.81, 0.43, 11.76, 11.70, 11.87, 11.66, 36900.21, 43513892, 0.43, 1.79, 0.78, 858.73294
2017-08-21, 3, zhong_du, 13.23, 11.83, 0.17, 11.81, 11.81, 11.94, 11.79, 28190.26, 33393160, 0.33, 1.27, 0.60, 882.7641
2017-08-22, 4, gao_du, 13.23, 11.69, -1.18, 11.83, 11.83, 11.85, 11.67, 26818.41, 31448459, 0.31, 1.52, 0.57, 752.71797
2017-08-23, 3, zhong_du, 13.23, 11.67, -0.17, 11.69, 11.69, 11.75, 11.62, 15123.12, 17668991, 0.18, 1.11, 0.32, 853.22213
2017-08-24, 3, zhong_du, 13.22, 11.64, -0.26, 11.67, 11.67, 11.73, 11.60, 19133.13, 22308821, 0.22, 1.11, 0.40, 634.08184
2017-08-25, 3, zhong_du, 13.22, 11.76, 1.03, 11.64, 11.65, 11.78, 11.60, 25321.66, 29654652, 0.29, 1.55, 0.54, 770.89405
2017-08-28, 3, zhong_du, 13.21, 11.86, 0.85, 11.76, 11.75, 11.92, 11.72, 40464.26, 47944357, 0.47, 1.70, 0.86, 2778.34487
2017-08-29, 3, zhong_du, 13.21, 11.85, -0.08, 11.86, 11.86, 11.90, 11.79, 21051.21, 24904480, 0.24, 0.93, 0.45, 608.46305
2017-08-30, 4, gao_du, 13.20, 11.78, -0.59, 11.85, 11.71, 11.85, 11.70, 45694.87, 53890860, 0.53, 1.27, 0.97, 1193.39108
2017-08-31, 4, gao_du, 13.19, 11.64, -1.19, 11.78, 11.75, 11.78, 11.59, 60165.77, 70174237, 0.70, 1.61, 1.27, 711.79795
2017-09-01, 3, zhong_du, 13.18, 11.59, -0.43, 11.64, 11.62, 11.67, 11.56, 46200.48, 53601613, 0.54, 0.95, 0.98, 2713.94801
2017-09-04, 3, zhong_du, 13.17, 11.60, 0.09, 11.59, 11.59, 11.69, 11.52, 44791.22, 51987349, 0.52, 1.47, 0.95, 885.05006
2017-09-05, 3, zhong_du, 13.17, 11.60, 0.00, 11.60, 11.63, 11.65, 11.55, 33897.93, 39314625, 0.39, 0.86, 0.72, 691.751
2017-09-06, 2, qing_du, 13.16, 11.61, 0.09, 11.60, 11.58, 11.62, 11.50, 39125.03, 45184920, 0.45, 1.03, 0.83, 719.0249
2017-09-07, 2, qing_du, 13.15, 11.63, 0.17, 11.61, 11.60, 11.65, 11.56, 43318.61, 50316696, 0.50, 0.78, 0.92, 1008.25
2017-09-08, 2, qing_du, 13.14, 11.64, -1.19, 11.78, 11.75, 11.78, 11.62, 36701, 42884839, 0.43, 1.36, 1.55, 641.89005
2017-09-11, 2, qing_du, 13.14, 11.63, 0.17, 11.61, 11.60, 11.66, 11.57, 29533.06, 34320379, 0.34, 0.78, 0.62, 4663.8391
2017-09-12, 2, qing_du, 13.13, 11.62, -0.09, 11.63, 11.64, 11.68, 11.59, 44284.49, 51512925, 0.51, 0.77, 0.94, 699.52106
2017-09-13, 2, qing_du, 13.12, 11.62, 0.00, 11.62, 11.61, 11.64, 11.55, 37759.16, 43734304, 0.44, 0.77, 0.80, 772.18294
2017-09-14, 2, qing_du, 13.12, 11.59, -0.26, 11.62, 11.58, 11.63, 11.54, 31001.43, 35901041, 0.36, 0.77, 0.66, 1332.92985
2017-09-15, 1, wei_ruo, 13.11, 11.63, 0.35, 11.59, 11.59, 11.64, 11.56, 25984.94, 30125102, 0.30, 0.69, 0.55, 1486.70697
2017-09-18, 1, wei_ruo, 13.11, 11.67, 0.34, 11.63, 11.63, 11.67, 11.60, 25944.85, 30187330, 0.30, 0.60, 0.55, 637.08997
2017-09-19, 1, wei_ruo, 13.10, 11.62, -0.43, 11.67, 11.65, 11.68, 11.56, 35953.69, 41734987, 0.42, 1.03, 0.76, 755.07116
2017-09-20, 2, qing_du, 13.10, 11.62, 0.00, 11.62, 11.60, 11.63, 11.57, 21961.01, 25494452, 0.26, 0.52, 0.47, 1310.8592
2017-09-21, 1, wei_ruo, 13.09, 11.58, -0.34, 11.62, 11.60, 11.63, 11.57, 29692.24, 34434325, 0.35, 0.52, 0.63, 859.47895
2017-09-22, 1, wei_ruo, 13.09, 11.50, -0.69, 11.58, 11.56, 11.59, 11.46, 35983.21, 41424248, 0.42, 1.12, 0.76, 2191.87403
2017-09-25, 1, wei_ruo, 13.08, 11.41, -0.78, 11.50, 11.49, 11.52, 11.40, 30680.93, 35095175, 0.36, 1.04, 0.65, 687.31213
2017-09-26, 1, wei_ruo, 13.08, 11.39, -0.18, 11.41, 11.44, 11.44, 11.30, 25699.67, 29160171, 0.30, 1.23, 0.54, 2669.78002
2017-09-27, 1, wei_ruo, 13.07, 11.44, 0.44, 11.39, 11.38, 11.49, 11.37, 17323.23, 19816044, 0.20, 1.05, 0.37, 1234.21884
2017-09-28, 1, wei_ruo, 13.07, 11.44, 0.00, 11.44, 11.47, 11.49, 11.40, 15397.25, 17618036, 0.18, 0.79, 0.33, 773.15402
2017-09-29, 1, wei_ruo, 13.07, 11.45, 0.09, 11.44, 11.47, 11.50, 11.40, 19864.86, 22748731, 0.23, 0.87, 0.42, 774.04404
2017-10-10, 1, wei_ruo, 13.06, 11.57, 0.43, 11.52, 11.54, 11.58, 11.47, 23405.61, 27004084, 0.27, 0.95, 0.50, 570.714
2017-10-12, 1, wei_ruo, 13.05, 11.50, -0.78, 11.59, 11.58, 11.58, 11.48, 21632.61, 24926837, 0.25, 0.86, 0.46, 784.91402
2017-10-13, 1, wei_ruo, 13.04, 11.54, 0.35, 11.50, 11.54, 11.54, 11.47, 23977.58, 27588821, 0.28, 0.61, 0.51, 684.60011
2017-10-16, 1, wei_ruo, 13.04, 11.42, -1.04, 11.54, 11.54, 11.57, 11.41, 36768.75, 42142300, 0.43, 1.39, 0.78, 879.52495
2017-10-17, 1, wei_ruo, 13.03, 11.31, -0.96, 11.42, 11.45, 11.46, 11.28, 29039.2, 32942684, 0.34, 1.58, 0.61, 530.478
2017-10-18, 1, wei_ruo, 13.03, 11.22, -0.80, 11.31, 11.35, 11.35, 11.18, 27766.9, 31321558, 0.32, 1.50, 0.59, 702.37994
2017-10-19, 1, wei_ruo, 13.02, 11.07, -1.34, 11.22, 11.21, 11.25, 11.02, 35608.81, 39566608, 0.41, 2.05, 0.75, 715.64102
2017-10-20, 1, wei_ruo, 13.01, 11.20, 1.17, 11.07, 11.13, 11.23, 11.06, 20905.32, 23334143, 0.24, 1.54, 0.44, 1123.82793
2017-10-23, 1, wei_ruo, 13.01, 11.23, 0.27, 11.20, 11.21, 11.26, 11.16, 15506.82, 17378260, 0.18, 0.89, 0.33, 797.38688
2017-10-24, 1, wei_ruo, 13.01, 11.16, -0.62, 11.23, 11.24, 11.24, 11.10, 17411.36, 19390473, 0.20, 1.25, 0.37, 792.8021
2017-10-25, 1, wei_ruo, 13.00, 11.16, 0.00, 11.16, 11.15, 11.19, 11.12, 15239.78, 16997487, 0.18, 0.63, 0.32, 745.42403
2017-10-26, 1, wei_ruo, 13.00, 11.22, 0.54, 11.16, 11.17, 11.22, 11.13, 21606.16, 24158096, 0.25, 0.81, 0.46, 692.65413
2017-10-27, 1, wei_ruo, 12.99, 11.17, -0.45, 11.22, 11.22, 11.29, 11.15, 20047.44, 22463814, 0.23, 1.25, 0.42, 755.87392
2017-10-30, 1, wei_ruo, 12.98, 10.83, -3.04, 11.17, 11.11, 11.13, 10.78, 44335.11, 48352433, 0.52, 3.13, 0.94, 787.89401
2017-10-31, 1, wei_ruo, 12.98, 10.89, 0.55, 10.83, 10.82, 10.89, 10.76, 23825.44, 25797041, 0.28, 1.20, 0.50, 670.31908
2017-11-01, 1, wei_ruo, 12.97, 10.81, -0.73, 10.89, 10.89, 10.89, 10.80, 17722.85, 19214745, 0.21, 0.83, 0.38, 758.09789
2017-11-02, 1, wei_ruo, 12.96, 10.52, -2.68, 10.81, 10.81, 10.82, 10.49, 51535.5, 54774378, 0.60, 3.05, 1.09, 714.81085
2017-11-03, 1, wei_ruo, 12.95, 10.32, -1.90, 10.52, 10.53, 10.54, 10.30, 41526.19, 43135998, 0.48, 2.28, 0.88, 886.14297
2017-11-07, 1, wei_ruo, 12.92, 10.30, -0.39, 10.34, 10.31, 10.37, 10.21, 47175.61, 48464334, 0.55, 1.55, 1.00, 60736.45782
2017-11-08, 1, wei_ruo, 12.90, 10.23, -1.06, 10.34, 10.31, 10.37, 10.22, 25581, 26303180, 0.30, 1.45, 1.08, 120790.69495
2017-11-09, 1, wei_ruo, 12.88, 10.23, -1.06, 10.34, 10.31, 10.37, 10.22, 25581, 26303180, 0.30, 1.45, 1.08, 2315.66095
2017-11-10, 1, wei_ruo, 12.86, 10.18, -1.74, 10.36, 10.36, 10.37, 10.15, 82165.15, 83953366, 0.96, 2.12, 1.61, 2741.0059
2017-11-13, 1, wei_ruo, 12.84, 10.20, 0.20, 10.18, 10.20, 10.28, 10.17, 49884.44, 50925175, 0.58, 1.08, 0.84, 1428.91097
2017-11-14, 1, wei_ruo, 12.82, 10.19, -0.10, 10.20, 10.18, 10.30, 10.13, 61677.5, 62905683, 0.72, 1.67, 1.00, 801.26595
2017-11-15, 1, wei_ruo, 12.81, 10.24, 0.49, 10.19, 10.17, 10.31, 10.16, 54237, 55605324, 0.63, 1.47, 0.84, 761.15489
2017-11-16, 1, wei_ruo, 12.79, 10.17, -0.68, 10.24, 10.24, 10.28, 10.15, 40395, 41281098, 0.47, 1.27, 0.67, 20492.45
2017-11-17, 1, wei_ruo, 12.77, 9.83, -3.34, 10.17, 10.20, 10.21, 9.75, 74498.02, 74213225, 0.87, 4.52, 1.29, 604.09403
2017-11-20, 1, wei_ruo, 12.75, 9.75, -0.81, 9.83, 9.80, 9.82, 9.62, 50671.37, 49185227, 0.59, 2.03, 0.90, 1032.67097
2017-11-21, 1, wei_ruo, 12.74, 9.68, -0.72, 9.75, 9.76, 9.78, 9.64, 38238.32, 37106008, 0.44, 1.44, 0.68, 712.49294
2017-11-22, 1, wei_ruo, 12.73, 9.70, 0.21, 9.68, 9.67, 9.75, 9.66, 33781.9, 32775907, 0.39, 0.93, 0.65, 770.18189
2017-11-23, 1, wei_ruo, 12.71, 9.66, -0.41, 9.70, 9.70, 9.84, 9.65, 36572.1, 35663410, 0.43, 1.96, 0.77, 707.021
2017-11-24, 1, wei_ruo, 12.70, 9.75, 0.93, 9.66, 9.66, 9.84, 9.66, 31564.16, 30859672, 0.37, 1.86, 0.68, 792.97113
2017-11-27, 1, wei_ruo, 12.69, 9.78, 0.31, 9.75, 9.74, 9.86, 9.71, 24128.15, 23633093, 0.28, 1.54, 0.63, 859.17687
2017-11-28, 1, wei_ruo, 12.69, 9.90, 1.23, 9.78, 9.79, 9.92, 9.76, 26347.32, 25986586, 0.31, 1.64, 0.80, 1540.67397
2017-11-29, 1, wei_ruo, 12.68, 9.87, -0.30, 9.90, 9.90, 9.90, 9.77, 28646.94, 28123421, 0.33, 1.31, 0.94, 912.61101
2017-11-30, 1, wei_ruo, 12.66, 9.70, -1.72, 9.87, 9.87, 9.87, 9.67, 42820.62, 41694025, 0.50, 2.03, 1.45, 2733.62803
2017-12-01, 1, wei_ruo, 12.65, 9.74, 0.41, 9.70, 9.70, 9.76, 9.68, 28775.88, 27976498, 0.33, 0.82, 0.94, 586.19285
2017-12-04, 1, wei_ruo, 12.64, 9.62, -1.23, 9.74, 9.71, 9.74, 9.61, 33105, 32028348, 0.38, 1.33, 1.10, 1062.90889
2017-12-05, 1, wei_ruo, 12.63, 9.39, -2.39, 9.62, 9.64, 9.66, 9.38, 39641.29, 37722961, 0.46, 2.91, 1.24, 670.30787
2017-12-06, 1, wei_ruo, 12.60, 9.29, -1.06, 9.39, 9.37, 9.38, 9.14, 53997.49, 50002622, 0.63, 2.56, 1.56, 489.36701
2017-12-07, 1, wei_ruo, 12.59, 9.28, -0.11, 9.29, 9.28, 9.36, 9.22, 34778.36, 32272278, 0.40, 1.51, 0.88, 1280.84087
2017-12-08, 1, wei_ruo, 12.58, 9.49, 2.26, 9.28, 9.27, 9.52, 9.25, 43211.96, 40742654, 0.50, 2.91, 1.14, 683.27999
2017-12-11, 1, wei_ruo, 12.57, 9.53, 0.42, 9.49, 9.46, 9.57, 9.44, 25357.88, 24117877, 0.29, 1.37, 0.62, 742.88082
2017-12-12, 1, wei_ruo, 12.56, 9.42, -1.15, 9.53, 9.53, 9.53, 9.41, 17509.42, 16569858, 0.20, 1.26, 0.44, 646.35181
2017-12-13, 1, wei_ruo, 12.55, 9.39, -0.32, 9.42, 9.40, 9.44, 9.38, 20634, 19419748, 0.24, 0.64, 0.59, 891.43777
2017-12-14, 1, wei_ruo, 12.54, 9.29, -1.06, 9.39, 9.41, 9.42, 9.27, 22962.68, 21410851, 0.27, 1.60, 0.81, 721.34614
2017-12-15, 1, wei_ruo, 12.53, 9.47, 1.94, 9.29, 9.30, 9.50, 9.28, 25449.28, 23873735, 0.30, 2.37, 0.98, 1457.34501
2017-12-18, 1, wei_ruo, 12.53, 9.43, -0.42, 9.47, 9.50, 9.53, 9.35, 20517.05, 19360565, 0.24, 1.90, 0.92, 616.88805
2017-12-19, 1, wei_ruo, 12.52, 9.42, -0.11, 9.43, 9.41, 9.47, 9.39, 19642.48, 18522563, 0.23, 0.85, 0.92, 824.94807
2017-12-20, 1, wei_ruo, 12.51, 9.35, -0.74, 9.42, 9.41, 9.52, 9.34, 25299.29, 23853234, 0.29, 1.91, 1.16, 2666.70299
2017-12-21, 1, wei_ruo, 12.51, 9.34, -0.11, 9.35, 9.34, 9.39, 9.24, 15722.9, 14649646, 0.18, 1.60, 0.69, 828.23896
2017-12-22, 1, wei_ruo, 12.50, 9.34, 0.00, 9.34, 9.33, 9.38, 9.32, 10960.76, 10241283, 0.13, 0.64, 0.51, 741.18805
2017-12-25, 1, wei_ruo, 12.49, 9.19, -1.61, 9.34, 9.31, 9.34, 9.11, 20032.25, 18474012, 0.23, 2.46, 1.09, 746.78206
2017-12-26, 1, wei_ruo, 12.48, 9.24, 0.54, 9.19, 9.20, 9.25, 9.12, 29920.66, 27501227, 0.35, 1.41, 1.63, 486.78398
2017-12-27, 1, wei_ruo, 12.47, 9.30, 0.65, 9.24, 9.25, 9.31, 9.18, 36090.27, 33375280, 0.42, 1.41, 1.77, 568.15314
2017-12-29, 1, wei_ruo, 12.45, 9.46, 1.18, 9.35, 9.35, 9.47, 9.35, 29798.46, 28057486, 0.35, 1.28, 1.05, 602.61106
2018-01-03, 1, wei_ruo, 12.42, 9.55, 0.95, 9.46, 9.48, 9.57, 9.42, 46034.86, 43877628, 0.54, 1.59, 1.52, 712.10694
2018-01-04, 1, wei_ruo, 12.41, 9.53, -0.21, 9.55, 9.54, 9.58, 9.51, 21577.68, 20589809, 0.25, 0.73, 0.64, 743.43085
2018-01-05, 1, wei_ruo, 12.40, 9.64, 1.15, 9.53, 9.54, 9.65, 9.52, 36868.17, 35366751, 0.43, 1.36, 1.20, 2676.2228
2018-01-08, 1, wei_ruo, 12.39, 9.60, -0.41, 9.64, 9.64, 9.65, 9.55, 32002.1, 30708637, 0.37, 1.04, 1.00, 633.56805
2018-01-09, 1, wei_ruo, 12.39, 9.58, -0.21, 9.60, 9.56, 9.62, 9.56, 18557.81, 17806070, 0.22, 0.63, 0.56, 1049.60108
2018-01-10, 1, wei_ruo, 12.38, 9.47, -1.15, 9.58, 9.61, 9.63, 9.45, 27628, 26267281, 0.32, 1.88, 0.89, 601.7549
2018-01-11, 1, wei_ruo, 12.37, 9.51, 0.42, 9.47, 9.48, 9.53, 9.46, 20432, 19402678, 0.24, 0.74, 0.75, 775.4848
2018-01-12, 1, wei_ruo, 12.36, 9.49, -0.21, 9.51, 9.51, 9.51, 9.46, 16377, 15535035, 0.19, 0.53, 0.60, 695.70494
2018-01-15, 1, wei_ruo, 12.35, 9.24, -2.63, 9.49, 9.50, 9.50, 9.21, 32125.56, 29903717, 0.37, 3.06, 1.40, 631.30593
2018-01-16, 1, wei_ruo, 12.35, 9.39, 1.62, 9.24, 9.26, 9.40, 9.22, 22833.53, 21295321, 0.27, 1.95, 0.99, 552.50692
2018-01-17, 1, wei_ruo, 12.34, 9.40, 0.11, 9.39, 9.36, 9.44, 9.26, 28249.63, 26428790, 0.33, 1.92, 1.18, 748.71206
2018-01-18, 1, wei_ruo, 12.32, 9.53, 1.38, 9.40, 9.41, 9.63, 9.40, 50917.45, 48545605, 0.59, 2.45, 2.12, 667.2349
2018-01-19, 1, wei_ruo, 12.31, 9.54, 0.10, 9.53, 9.55, 9.58, 9.48, 28520.08, 27186327, 0.33, 1.05, 0.95, 759.72486
2018-01-22, 1, wei_ruo, 12.30, 9.63, 0.94, 9.54, 9.55, 9.66, 9.50, 31277.36, 30046812, 0.36, 1.68, 0.96, 574.41998
2018-01-23, 2, qing_du, 12.29, 9.62, -0.10, 9.63, 9.58, 9.68, 9.56, 28183.67, 27090549, 0.33, 1.25, 0.87, 677.35004
2018-01-24, 3, zhong_du, 12.28, 9.66, 0.42, 9.62, 9.61, 9.70, 9.54, 41414.82, 39909987, 0.48, 1.66, 1.24, 588.61399
2018-01-25, 3, zhong_du, 12.27, 9.69, 0.31, 9.66, 9.66, 9.79, 9.65, 37830.32, 36824616, 0.44, 1.45, 1.05, 870.93306
2018-01-26, 3, zhong_du, 12.26, 9.68, -0.10, 9.69, 9.68, 9.74, 9.60, 35198.02, 34040894, 0.41, 1.44, 1.05, 704.14782
2018-01-29, 3, zhong_du, 12.25, 9.60, -0.83, 9.68, 9.64, 9.72, 9.57, 31916.71, 30802700, 0.37, 1.55, 0.92, 804.30889
2018-01-30, 3, zhong_du, 12.24, 9.63, 0.31, 9.60, 9.58, 9.66, 9.58, 24575.7, 23648949, 0.29, 0.83, 0.70, 615.39888
2018-01-31, 3, zhong_du, 12.21, 9.11, -5.40, 9.63, 9.52, 9.52, 9.05, 81240.98, 74780408, 0.94, 4.88, 2.38, 678.931
2018-02-01, 2, qing_du, 12.19, 8.87, -2.63, 9.11, 9.11, 9.14, 8.75, 62598.72, 56090638, 0.73, 4.28, 1.49, 664.6378
2018-02-02, 1, wei_ruo, 12.17, 8.84, -0.34, 8.87, 8.68, 8.98, 8.68, 38663.42, 34196453, 0.45, 3.38, 0.82, 657.13191
2018-02-05, 1, wei_ruo, 12.16, 8.71, -1.47, 8.84, 8.79, 8.84, 8.62, 41072.24, 35677811, 0.48, 2.49, 0.86, 870.965
2018-02-06, 1, wei_ruo, 12.13, 8.17, -6.20, 8.71, 8.61, 8.61, 8.15, 54929.63, 46101216, 0.64, 5.28, 1.11, 642.53902
2018-02-07, 1, wei_ruo, 12.11, 8.24, 0.86, 8.17, 8.25, 8.33, 8.14, 35876.3, 29578990, 0.42, 2.33, 0.64, 1106.11796
2018-02-08, 1, wei_ruo, 12.10, 8.35, 1.33, 8.24, 8.25, 8.41, 8.23, 31360.97, 26110893, 0.36, 2.18, 0.77, 795.97688
2018-02-09, 1, wei_ruo, 12.08, 8.16, -2.28, 8.35, 8.23, 8.36, 8.01, 42618.17, 34789519, 0.50, 4.19, 1.28, 722.07093
2018-02-12, 1, wei_ruo, 12.07, 8.24, 0.98, 8.16, 8.17, 8.29, 8.16, 27832.19, 22925124, 0.32, 1.59, 0.73, 608.8841
2018-02-13, 1, wei_ruo, 12.06, 8.20, -0.49, 8.24, 8.28, 8.30, 8.15, 26028.55, 21456877, 0.30, 1.82, 0.77, 628.78013
2018-02-14, 1, wei_ruo, 12.05, 8.17, -0.37, 8.20, 8.21, 8.23, 8.16, 19693.24, 16120525, 0.23, 0.85, 0.74, 714.60199
