2015-08-20, 4, gao_du, 25.73, 24.48, -6.71, 26.24, 25.64, 26.24, 24.44, 146732.48, 372316848, 4.68, 6.86, 0.52, 829.99992
2015-08-21, 4, gao_du, 25.62, 23.37, -4.53, 24.48, 23.80, 24.72, 22.90, 164867.3, 393714289, 5.26, 7.43, 0.70, 1019.39702
2015-08-24, 3, zhong_du, 25.41, 21.03, -10.01, 23.37, 21.94, 22.35, 21.03, 155275.98, 331322853, 4.95, 5.65, 0.76, 3070.56808
2015-08-25, 3, zhong_du, 24.99, 18.93, -9.99, 21.03, 18.95, 21.15, 18.93, 230271.5, 450511047, 7.34, 10.56, 1.19, 1268.33606
2015-08-26, 3, zhong_du, 24.53, 19.40, 2.48, 18.93, 19.01, 20.80, 18.38, 262360.5, 517958882, 8.37, 12.78, 1.40, 917.88602
2015-08-27, 2, qing_du, 24.21, 21.34, 10.00, 19.40, 20.21, 21.34, 20.21, 283953.52, 597890203, 9.06, 5.82, 1.48, 2911.06606
2015-08-28, 2, qing_du, 24.08, 23.47, 9.98, 21.34, 22.00, 23.47, 21.98, 322884.97, 747243043, 10.30, 6.98, 1.47, 929.87418
2015-08-31, 2, qing_du, 24.07, 24.06, 2.51, 23.47, 22.69, 25.22, 22.69, 395080.86, 952713931, 12.60, 10.78, 1.57, 2956.743
2015-09-01, 2, qing_du, 23.89, 21.65, -10.02, 24.06, 23.40, 23.52, 21.65, 322575.71, 720656277, 10.29, 7.77, 1.08, 2986.11784
2015-09-02, 2, qing_du, 23.63, 22.59, 4.34, 21.65, 20.10, 23.82, 19.71, 440013.41, 1008873856, 14.03, 18.98, 1.39, 3196.92206
2015-09-02, 2, qing_du, 23.63, 22.59, 4.34, 21.65, 20.10, 23.82, 19.71, 440013.41, 1008873856, 14.03, 18.98, 1.39, 1057.78313
2015-09-02, 2, qing_du, 23.63, 22.59, 4.34, 21.65, 20.10, 23.82, 19.71, 440013.41, 1008873856, 14.03, 18.98, 1.39, 898.597
2015-09-07, 2, qing_du, 23.69, 24.85, 10.00, 22.59, 23.15, 24.85, 22.59, 434345.51, 1049452934, 13.85, 10.00, 1.23, 1166.07594
2015-09-08, 2, qing_du, 24.04, 27.34, 10.02, 24.85, 24.10, 27.34, 23.23, 483560.94, 1229527209, 15.42, 16.54, 1.26, 1173.68293
2015-09-09, 3, zhong_du, 24.88, 27.59, 0.91, 27.34, 28.15, 30.05, 26.10, 680256.35, 1943640721, 21.69, 14.45, 1.64, 1001.38688
2015-09-10, 3, zhong_du, 25.11, 25.99, -5.80, 27.59, 26.20, 27.80, 25.90, 418608.84, 1113385256, 13.35, 6.89, 0.89, 1051.38493
2015-09-11, 4, gao_du, 25.48, 28.59, 10.00, 25.99, 25.63, 28.59, 25.61, 475319.84, 1289035596, 15.16, 11.47, 0.97, 1202.51393
2015-09-14, 4, gao_du, 25.68, 25.73, -10.00, 28.59, 27.95, 28.94, 25.73, 474839.02, 1294156624, 15.14, 11.23, 0.95, 968.75501
2015-09-15, 4, gao_du, 25.54, 23.45, -8.86, 25.73, 24.50, 26.18, 23.20, 326275.1, 796124604, 10.41, 11.58, 0.64, 984.38597
2015-09-16, 3, zhong_du, 25.47, 25.80, 10.02, 23.45, 24.00, 25.80, 23.60, 459583.83, 1171971225, 14.66, 9.38, 0.97, 1156.81386
2015-09-17, 3, zhong_du, 25.72, 26.16, 1.40, 25.80, 26.32, 28.35, 25.96, 575670.67, 1559242708, 18.36, 9.26, 1.34, 1114.48693
2015-09-18, 3, zhong_du, 25.71, 25.69, -1.80, 26.16, 26.44, 26.65, 24.62, 340289.65, 874839671, 10.85, 7.76, 0.74, 1017.76004
2015-09-21, 3, zhong_du, 25.76, 26.79, 4.28, 25.69, 25.20, 27.17, 25.04, 255823.5, 678590931, 8.16, 8.29, 0.59, 1017.10701
2015-09-22, 4, gao_du, 25.98, 27.69, 3.36, 26.79, 26.68, 28.40, 26.68, 373241.34, 1030645266, 11.90, 6.42, 0.95, 1233.09398
2015-09-23, 4, gao_du, 26.04, 26.33, -4.91, 27.69, 26.90, 27.44, 26.29, 283068.34, 759521363, 9.03, 4.15, 0.71, 895.15805
2015-09-24, 4, gao_du, 26.09, 26.70, 1.41, 26.33, 26.55, 27.61, 26.38, 189388.01, 511371731, 6.04, 4.67, 0.52, 1033.15806
2015-09-25, 4, gao_du, 26.30, 27.41, 2.66, 26.70, 27.21, 28.66, 26.91, 413633.03, 1150256479, 13.19, 6.55, 1.43, 3009.65095
2015-09-28, 4, gao_du, 26.31, 27.04, -1.35, 27.41, 27.20, 27.48, 24.69, 262323.52, 686891364, 8.37, 10.18, 0.87, 1037.98795
2015-09-29, 4, gao_du, 26.33, 26.36, -2.51, 27.04, 26.00, 27.75, 25.90, 190759.73, 510894064, 6.08, 6.84, 0.63, 1070.90187
2015-09-30, 4, gao_du, 26.37, 26.64, 1.06, 26.36, 27.00, 27.80, 26.50, 192862.53, 522041936, 6.15, 4.93, 0.72, 1016.81709
2015-10-08, 4, gao_du, 26.58, 28.77, 8.00, 26.64, 27.50, 29.25, 27.06, 324259.55, 909565818, 10.34, 8.22, 1.30, 837.68296
2015-10-14, 5, qiang_lie, 28.02, 30.07, -3.75, 31.24, 31.00, 31.59, 30.04, 269665.31, 828281150, 8.60, 4.96, 0.82, 1150.27785
2015-10-15, 5, qiang_lie, 28.28, 31.29, 4.06, 30.07, 29.78, 31.68, 29.68, 285026.68, 877664769, 9.09, 6.65, 0.83, 1697.02482
2015-10-16, 5, qiang_lie, 29.07, 34.42, 10.00, 31.29, 31.80, 34.42, 31.05, 492213.42, 1628727313, 15.70, 10.77, 1.47, 1184.01814
2015-10-19, 5, qiang_lie, 30.29, 34.97, 1.60, 34.42, 35.91, 37.80, 34.58, 569402.84, 2049731918, 18.16, 9.36, 1.53, 1208.96816
2015-10-29, 5, qiang_lie, 31.90, 31.93, 1.56, 31.44, 31.95, 32.68, 31.63, 130056.79, 417967202, 4.15, 3.34, 0.44, 986.01699
2015-10-30, 5, qiang_lie, 31.93, 32.24, 0.97, 31.93, 31.80, 34.34, 30.67, 217513.41, 707325331, 6.94, 11.49, 0.89, 1059.92699
2015-11-02, 5, qiang_lie, 31.93, 31.72, -1.61, 32.24, 31.00, 33.30, 30.77, 146636.62, 472783823, 4.68, 7.85, 0.70, 1952.99697
2015-11-03, 4, gao_du, 31.91, 31.44, -0.88, 31.72, 31.75, 32.20, 30.62, 142627.7, 448834021, 4.55, 4.98, 0.83, 1196.04206
2015-11-04, 4, gao_du, 31.95, 32.90, 4.64, 31.44, 32.00, 33.20, 31.75, 184580.65, 601634430, 5.89, 4.61, 1.15, 1340.88898
2015-11-05, 4, gao_du, 32.03, 32.90, 0.00, 32.90, 32.77, 34.20, 32.61, 206021.66, 685897614, 6.57, 4.83, 1.25, 1282.29713
2015-11-06, 4, gao_du, 32.08, 33.04, 0.43, 32.90, 32.50, 33.32, 32.50, 141074.9, 466017443, 4.50, 2.49, 0.79, 1152.97413
2015-11-09, 4, gao_du, 32.10, 32.76, -0.85, 33.04, 32.58, 33.20, 31.51, 166809.56, 542167354, 5.32, 5.12, 1.02, 1311.18798
2015-11-10, 5, qiang_lie, 32.12, 32.58, -0.55, 32.76, 32.33, 33.18, 32.01, 144690.94, 472777549, 4.61, 3.57, 0.86, 419.03687
2015-11-11, 5, qiang_lie, 32.12, 33.84, 3.90, 32.57, 32.30, 33.91, 32.18, 227127.59, 754893422, 7.24, 5.31, 1.35, 257.00092
2015-11-12, 5, qiang_lie, 32.24, 32.83, -2.98, 33.84, 33.70, 33.86, 32.67, 156948.43, 519098035, 5.01, 3.52, 0.89, 969.43188
2015-11-13, 5, qiang_lie, 32.36, 33.72, 2.71, 32.83, 32.51, 35.32, 32.11, 253766.29, 866839104, 8.09, 9.78, 1.52, 1372.84088
2015-11-16, 5, qiang_lie, 32.40, 33.22, -1.48, 33.72, 32.97, 33.49, 32.68, 139517.82, 460151998, 4.45, 2.40, 0.73, 3320.17016
2015-11-17, 5, qiang_lie, 32.49, 33.57, 1.05, 33.22, 33.48, 34.50, 33.02, 222615.26, 754592139, 7.10, 4.46, 1.21, 1010.25391
2015-11-18, 5, qiang_lie, 32.68, 34.42, 2.53, 33.57, 33.45, 35.95, 33.35, 280262.66, 975898717, 8.94, 7.75, 1.40, 1592.84902
2015-11-19, 5, qiang_lie, 32.75, 34.29, -0.38, 34.42, 34.63, 34.77, 33.02, 165379.66, 558324581, 5.27, 5.08, 0.79, 32478.35517
2015-11-20, 5, qiang_lie, 32.86, 33.62, -1.95, 34.29, 34.30, 35.88, 33.55, 213467.56, 738400442, 6.81, 6.79, 1.01, 16689.03708
2015-11-23, 5, qiang_lie, 32.84, 32.28, -3.99, 33.62, 33.21, 33.57, 32.00, 164741.1, 540693190, 5.25, 4.67, 0.81, 16616.2281
2015-11-24, 4, gao_du, 32.84, 32.57, 0.90, 32.28, 32.09, 32.98, 32.05, 80557.45, 260968309, 2.57, 2.88, 0.38, 1124.09902
2015-11-25, 4, gao_du, 32.78, 32.13, -1.35, 32.57, 32.30, 32.59, 31.11, 182522.55, 581637782, 5.82, 4.54, 1.01, 1906.66294
2015-11-26, 3, zhong_du, 32.75, 31.78, -1.09, 32.13, 32.21, 32.51, 31.73, 122207.51, 392293190, 3.90, 2.43, 0.76, 862.32615
2015-11-27, 3, zhong_du, 32.63, 29.25, -7.96, 31.78, 31.01, 31.71, 28.68, 138440.49, 420575741, 4.42, 9.53, 0.91, 889.95194
2015-11-30, 2, qing_du, 32.48, 29.00, -0.85, 29.25, 29.80, 29.95, 27.01, 112672.08, 323833529, 3.59, 10.05, 0.82, 1124.02582
2015-12-01, 2, qing_du, 32.38, 29.47, 1.62, 29.00, 29.07, 29.65, 28.60, 96587.58, 282160329, 3.08, 3.62, 0.76, 1016.41488
2015-12-02, 1, wei_ruo, 32.31, 29.13, -1.15, 29.47, 29.41, 29.80, 28.28, 70132.02, 203910924, 2.24, 5.16, 0.54, 918.96009
2015-12-03, 1, wei_ruo, 32.31, 29.65, 1.79, 29.13, 29.33, 29.68, 28.80, 87268.15, 255888887, 2.78, 3.02, 0.81, 806.952
2015-12-04, 1, wei_ruo, 32.17, 29.35, -1.01, 29.65, 29.74, 29.88, 29.10, 81031.69, 239285562, 2.58, 2.63, 0.80, 593.78695
2015-12-07, 1, wei_ruo, 32.10, 29.49, 0.48, 29.35, 29.39, 29.70, 28.98, 70806.86, 207758103, 2.26, 2.45, 0.79, 673.59996
2015-12-08, 1, wei_ruo, 32.01, 28.11, -4.68, 29.49, 29.37, 29.37, 28.01, 80772.49, 231069131, 2.58, 4.61, 1.00, 805.49407
2015-12-09, 1, wei_ruo, 31.89, 27.37, -2.63, 28.11, 28.11, 28.59, 27.03, 89104.27, 246100254, 2.84, 5.55, 1.14, 652.12798
2015-12-10, 1, wei_ruo, 31.70, 29.30, 7.05, 27.37, 27.68, 30.10, 27.25, 197553.53, 576067596, 6.30, 10.41, 2.42, 886.77788
2015-12-11, 1, wei_ruo, 31.61, 28.85, -1.54, 29.30, 28.70, 29.99, 28.70, 110693.25, 324596030, 3.53, 4.40, 1.07, 1244.60196
2015-12-14, 1, wei_ruo, 31.55, 29.23, 1.32, 28.85, 28.50, 29.57, 28.30, 68295.34, 198956778, 2.18, 4.40, 0.62, 955.19185
2015-12-15, 1, wei_ruo, 31.50, 30.29, 3.63, 29.23, 29.20, 30.59, 29.05, 95905.85, 285474860, 3.06, 5.27, 0.88, 2110.9612
2015-12-16, 1, wei_ruo, 31.47, 29.95, -1.12, 30.29, 30.15, 30.59, 29.84, 87935.81, 264924271, 2.80, 2.48, 0.78, 890.36179
2015-12-17, 1, wei_ruo, 31.43, 30.31, 1.20, 29.95, 30.30, 30.77, 30.04, 105927.41, 321459924, 3.38, 2.44, 0.95, 1107.38516
2015-12-18, 1, wei_ruo, 31.40, 30.19, -0.40, 30.31, 30.50, 31.09, 30.13, 104632.13, 319827370, 3.34, 3.17, 1.12, 841.31098
2015-12-21, 1, wei_ruo, 31.37, 29.96, -0.76, 30.19, 30.09, 30.40, 29.71, 63140.11, 189923837, 2.01, 2.29, 0.68, 1539.49809
2015-12-22, 1, wei_ruo, 31.35, 30.07, 0.37, 29.96, 29.98, 30.40, 29.81, 51808.48, 155708796, 1.65, 1.97, 0.57, 2781.65317
2015-12-23, 1, wei_ruo, 31.31, 29.72, -1.16, 30.07, 30.00, 30.38, 29.67, 75154.25, 225372352, 2.40, 2.36, 0.91, 1062.04605
2015-12-24, 1, wei_ruo, 31.29, 29.75, 0.10, 29.72, 29.80, 29.98, 29.51, 50212.27, 149254176, 1.60, 1.58, 0.63, 2635.07605
2015-12-25, 1, wei_ruo, 31.26, 29.69, -0.20, 29.75, 29.89, 29.89, 29.33, 49808.45, 147200161, 1.59, 1.88, 0.72, 780.38096
2015-12-28, 1, wei_ruo, 31.22, 30.51, 2.76, 29.69, 29.95, 31.65, 29.87, 222958.68, 690072699, 7.11, 6.00, 3.84, 2892.89284
2015-12-29, 1, wei_ruo, 31.19, 30.34, -0.56, 30.51, 30.15, 30.50, 29.70, 89075.21, 268306943, 2.84, 2.62, 0.99, 1282.09901
2015-12-30, 1, wei_ruo, 31.18, 30.62, 0.92, 30.34, 30.37, 31.33, 30.15, 78885.13, 242128783, 2.52, 3.89, 0.88, 2679.66795
2015-12-31, 1, wei_ruo, 31.18, 31.31, 2.25, 30.62, 30.46, 31.73, 30.46, 160283.91, 500697847, 5.11, 4.15, 1.78, 976.95088
2016-01-04, 1, wei_ruo, 31.16, 30.30, -3.23, 31.31, 31.06, 33.38, 28.90, 189348.04, 608142988, 6.04, 14.31, 3.26, 952.70705
2016-01-05, 1, wei_ruo, 31.33, 33.33, 10.00, 30.30, 30.23, 33.33, 30.23, 471522.72, 1541838497, 15.04, 10.23, 5.24, 1513.84091
2016-01-06, 2, qing_du, 31.68, 34.32, 2.97, 33.33, 32.99, 34.55, 32.10, 473629.44, 1587267180, 15.10, 7.35, 5.26, 996.30785
2016-01-07, 2, qing_du, 31.68, 30.89, -9.99, 34.32, 33.10, 33.50, 30.89, 84924.39, 271363695, 2.71, 7.60, 7.55, 703.89104
2016-01-08, 2, qing_du, 31.68, 29.13, -5.70, 30.89, 31.73, 32.26, 27.88, 301895.45, 916269696, 9.63, 14.18, 3.35, 2820.4031
2016-01-11, 1, wei_ruo, 31.17, 26.22, -9.99, 29.13, 26.80, 27.50, 26.22, 215076.39, 575285500, 6.86, 4.39, 2.39, 991.89711
2016-01-12, 1, wei_ruo, 30.81, 24.32, -7.25, 26.22, 26.00, 26.42, 24.00, 177094.91, 447047237, 5.65, 9.23, 1.97, 3160.24685
2016-01-13, 1, wei_ruo, 30.35, 23.63, -2.84, 24.32, 25.90, 26.48, 23.59, 232481.24, 590461118, 7.41, 11.88, 2.58, 869.56191
2016-01-14, 1, wei_ruo, 29.89, 24.14, 2.16, 23.63, 22.10, 24.20, 21.51, 203976.4, 461224773, 6.51, 11.38, 2.27, 694.22913
2016-01-15, 1, wei_ruo, 29.55, 22.91, -5.10, 24.14, 23.61, 25.01, 22.39, 163266.16, 384270034, 5.21, 10.85, 1.81, 933.82692
2016-01-18, 1, wei_ruo, 29.29, 23.05, 0.61, 22.91, 21.79, 24.10, 21.66, 125312.93, 290739033, 4.00, 10.65, 1.39, 12576.59101
2016-01-19, 1, wei_ruo, 29.04, 23.99, 4.08, 23.05, 23.00, 24.25, 22.97, 139357.49, 331365368, 4.44, 5.55, 1.55, 1181.4909
2016-01-20, 1, wei_ruo, 28.84, 23.58, -1.71, 23.99, 23.69, 24.16, 23.16, 118696.87, 281725737, 3.79, 4.17, 1.32, 981.85301
2016-01-21, 1, wei_ruo, 28.62, 21.93, -7.00, 23.58, 22.99, 23.71, 21.87, 106836.55, 244730547, 3.41, 7.80, 1.19, 2522.02201
2016-01-22, 1, wei_ruo, 28.42, 22.10, 0.78, 21.93, 22.15, 22.44, 21.23, 94648.56, 207845337, 3.02, 5.52, 1.05, 1066.5431
2016-01-25, 1, wei_ruo, 28.23, 22.87, 3.48, 22.10, 22.55, 23.32, 22.35, 104055.62, 238187214, 3.32, 4.39, 1.16, 5387.95996
2016-01-26, 1, wei_ruo, 27.99, 20.59, -9.97, 22.87, 22.40, 22.70, 20.58, 110013.82, 238907375, 3.51, 9.27, 1.22, 1337.61692
2016-01-27, 1, wei_ruo, 27.71, 20.42, -0.83, 20.59, 20.70, 20.93, 18.72, 112412.54, 222448224, 3.59, 10.73, 1.25, 3040.24816
2016-01-28, 1, wei_ruo, 27.41, 20.02, -1.96, 20.42, 20.03, 21.66, 19.96, 131093.33, 274587178, 4.18, 8.33, 1.46, 2634.39393
2016-01-29, 1, wei_ruo, 27.20, 20.96, 4.70, 20.02, 20.00, 21.46, 20.00, 97540.33, 202731505, 3.11, 7.29, 1.08, 1071.63692
2016-02-01, 1, wei_ruo, 27.04, 20.65, -1.48, 20.96, 20.95, 21.48, 20.16, 78253.84, 163551364, 2.50, 6.30, 0.87, 2678.9
2016-02-02, 1, wei_ruo, 26.88, 21.52, 4.21, 20.65, 20.60, 21.69, 20.60, 85600.99, 181907138, 2.73, 5.28, 0.95, 936.00702
2016-02-03, 1, wei_ruo, 26.75, 21.54, 0.09, 21.52, 21.25, 21.66, 20.85, 77900.21, 165382564, 2.48, 3.76, 0.87, 1205.84798
2016-02-04, 1, wei_ruo, 26.45, 22.81, 5.90, 21.54, 23.68, 23.69, 22.68, 250133.24, 583642755, 7.98, 4.69, 2.78, 1941.98799
2016-02-05, 1, wei_ruo, 26.23, 23.09, 1.23, 22.81, 22.45, 23.83, 22.35, 206472.91, 479160511, 6.58, 6.49, 2.29, 828.66192
2016-02-15, 1, wei_ruo, 26.09, 23.10, 0.04, 23.09, 21.93, 23.44, 21.93, 127754.34, 291129140, 4.07, 6.54, 1.42, 910.08306
2016-02-16, 1, wei_ruo, 25.99, 23.86, 3.29, 23.10, 23.28, 23.98, 23.11, 134297.53, 317131198, 4.28, 3.77, 1.49, 1031.29697
2016-02-17, 1, wei_ruo, 25.91, 24.41, 2.31, 23.86, 23.99, 25.30, 23.96, 174823.5, 432075015, 5.58, 5.62, 1.94, 2344.82002
2016-02-18, 1, wei_ruo, 25.83, 23.92, -2.01, 24.41, 24.35, 24.55, 23.81, 129192.78, 310611044, 4.12, 3.03, 1.44, 808.5289
2016-02-19, 1, wei_ruo, 25.80, 23.70, -0.92, 23.92, 23.60, 23.95, 23.58, 52381.94, 124267287, 1.67, 1.55, 0.74, 2620.71013
2016-02-22, 1, wei_ruo, 25.80, 24.37, 2.48, 23.78, 24.10, 24.44, 23.83, 87865.88, 212294034, 2.80, 2.57, 0.69, 4886.41
2016-02-23, 1, wei_ruo, 25.79, 24.25, -0.49, 24.37, 24.37, 24.88, 23.80, 98846.35, 240748820, 3.15, 4.43, 0.83, 725.60287
2016-02-24, 1, wei_ruo, 25.76, 25.75, 6.19, 24.25, 24.21, 26.00, 23.62, 150023.23, 369132092, 4.78, 9.81, 1.34, 3923.89488
2016-02-25, 1, wei_ruo, 25.65, 23.18, -9.98, 25.75, 25.20, 25.89, 23.18, 195093.91, 481250565, 6.22, 10.52, 1.82, 881.01602
2016-02-26, 1, wei_ruo, 25.58, 23.45, 1.16, 23.18, 23.50, 24.09, 22.98, 109855.07, 259226745, 3.50, 4.79, 0.91, 998.11602
2016-02-29, 1, wei_ruo, 25.42, 21.11, -9.98, 23.45, 23.38, 23.38, 21.11, 131965.35, 282733630, 4.21, 9.68, 1.03, 2931.56004
2016-03-01, 1, wei_ruo, 25.31, 21.19, 0.38, 21.11, 21.21, 21.51, 20.05, 77639.36, 163874637, 2.48, 6.92, 0.57, 789.39986
2016-03-02, 1, wei_ruo, 25.20, 22.26, 5.05, 21.19, 21.24, 22.58, 21.10, 103148.57, 225636233, 3.29, 6.98, 0.78, 574.32008
2016-03-03, 1, wei_ruo, 25.09, 22.68, 1.89, 22.26, 22.35, 23.55, 22.00, 136590.19, 311686578, 4.36, 6.96, 1.11, 819.92006
2016-03-04, 1, wei_ruo, 25.00, 21.77, -4.01, 22.68, 22.50, 23.05, 21.15, 98817.84, 219430349, 3.15, 8.38, 0.88, 742.63692
2016-03-07, 1, wei_ruo, 24.95, 22.28, 2.34, 21.77, 21.91, 22.73, 21.91, 57333.78, 128161583, 1.83, 3.77, 0.52, 4526.12495
2016-03-08, 1, wei_ruo, 24.87, 22.58, 1.35, 22.28, 22.00, 22.73, 21.26, 85336.12, 188577662, 2.72, 6.60, 0.90, 816.85305
2016-03-09, 1, wei_ruo, 24.79, 22.66, 0.35, 22.58, 22.05, 23.65, 21.80, 111780.68, 255984196, 3.56, 8.19, 1.16, 679.73018
2016-03-10, 1, wei_ruo, 24.72, 23.00, 1.50, 22.66, 22.88, 23.95, 22.70, 152018.68, 355223764, 4.85, 5.52, 1.55, 1790.308
2016-03-11, 1, wei_ruo, 24.66, 22.39, -2.65, 23.00, 22.67, 22.76, 22.00, 81984.38, 183407032, 2.61, 3.30, 0.81, 764.94002
2016-03-14, 1, wei_ruo, 24.61, 23.09, 3.13, 22.39, 22.75, 23.48, 22.68, 97154.8, 224978175, 3.10, 3.57, 0.99, 2530.54404
2016-03-15, 1, wei_ruo, 24.57, 23.27, 0.78, 23.09, 23.03, 23.50, 22.85, 96719.22, 224643163, 3.08, 2.82, 0.92, 658.50306
2016-03-16, 2, qing_du, 24.53, 22.94, -1.42, 23.27, 23.59, 23.70, 22.72, 69286.5, 160445995, 2.21, 4.21, 0.64, 680.41897
2016-03-17, 2, qing_du, 24.49, 23.53, 2.57, 22.94, 23.25, 23.66, 22.90, 119317.01, 278912860, 3.81, 3.31, 1.20, 1115.35501
2016-03-18, 2, qing_du, 24.48, 24.40, 3.70, 23.53, 23.72, 24.68, 23.70, 164903.93, 398640634, 5.26, 4.16, 1.78, 4328.05896
2016-03-21, 3, zhong_du, 24.53, 26.84, 10.00, 24.40, 25.00, 26.84, 24.99, 88350.23, 232287940, 2.82, 7.58, 0.81, 738.42597
2016-03-28, 3, zhong_du, 24.96, 27.62, 2.91, 26.84, 29.52, 29.52, 27.49, 373355.23, 1073523439, 11.91, 7.56, 3.47, 2806.48184
2016-03-29, 3, zhong_du, 25.05, 25.50, -7.68, 27.62, 27.37, 27.85, 25.00, 242850.05, 637203225, 7.74, 10.32, 1.49, 775.4159
2016-03-30, 3, zhong_du, 25.12, 26.66, 4.55, 25.50, 25.98, 26.88, 25.66, 159395.98, 418495878, 5.08, 4.78, 0.81, 1257.128
2016-03-31, 3, zhong_du, 25.19, 26.50, -0.60, 26.66, 26.61, 27.06, 26.05, 145599.86, 386960431, 4.64, 3.79, 0.71, 1017.066
2016-04-01, 3, zhong_du, 25.23, 26.31, -0.72, 26.50, 26.25, 26.97, 26.00, 109733.17, 290534202, 3.50, 3.66, 0.54, 2234.73907
2016-04-05, 3, zhong_du, 25.28, 26.66, 1.33, 26.31, 26.31, 26.75, 25.80, 125942.35, 332245577, 4.02, 3.61, 0.61, 641.86502
2016-04-06, 3, zhong_du, 25.33, 26.59, -0.26, 26.66, 26.44, 27.19, 26.28, 109641.26, 292819044, 3.50, 3.41, 0.70, 1014.76002
2016-04-07, 3, zhong_du, 25.35, 25.60, -3.72, 26.59, 26.66, 26.97, 25.52, 118345.13, 308443822, 3.77, 5.45, 0.91, 4307.54709
2016-04-08, 3, zhong_du, 25.36, 25.50, -0.39, 25.60, 25.20, 26.19, 24.90, 93816.14, 239312406, 2.99, 5.04, 0.77, 740.67903
2016-04-11, 3, zhong_du, 25.37, 25.67, 0.67, 25.50, 25.64, 26.20, 25.59, 70332.33, 181760131, 2.24, 2.39, 0.63, 2759.53507
2016-04-12, 3, zhong_du, 25.38, 25.86, 0.74, 25.67, 25.70, 26.20, 25.50, 76692.27, 198196741, 2.45, 2.73, 0.74, 2638.21292
2016-04-13, 3, zhong_du, 25.40, 25.98, 0.46, 25.86, 26.04, 26.40, 25.74, 109732.8, 285949028, 3.50, 2.55, 1.17, 741.44101
2016-04-14, 3, zhong_du, 25.42, 26.04, 0.23, 25.98, 26.12, 26.16, 25.80, 68068.98, 176757787, 2.17, 1.39, 0.73, 2771.3511
2016-04-15, 3, zhong_du, 25.46, 26.56, 2.00, 26.04, 26.03, 26.66, 25.71, 135987.5, 357659694, 4.34, 3.65, 1.62, 3063.85517
2016-04-18, 3, zhong_du, 25.47, 25.83, -2.75, 26.56, 26.07, 26.28, 25.81, 73680.41, 191341835, 2.35, 1.77, 0.80, 723.19412
2016-04-19, 3, zhong_du, 25.48, 26.09, 1.01, 25.83, 25.96, 26.25, 25.73, 72754.8, 189173366, 2.32, 2.01, 0.78, 813.28797
2016-04-20, 3, zhong_du, 25.45, 24.20, -7.24, 26.09, 26.12, 26.25, 23.60, 131505.61, 325739384, 4.19, 10.16, 1.43, 4513.49187
2016-04-21, 3, zhong_du, 25.42, 23.83, -1.53, 24.20, 24.18, 24.39, 23.69, 65388.45, 157785688, 2.09, 2.89, 0.68, 703.38392
2016-04-22, 3, zhong_du, 25.40, 23.95, 0.50, 23.83, 23.51, 24.00, 23.50, 42318.12, 100727257, 1.35, 2.10, 0.44, 901.49999
2016-04-25, 2, qing_du, 25.36, 24.64, 2.88, 23.95, 23.80, 25.58, 22.88, 117370.51, 284645236, 3.74, 11.27, 1.52, 674.70884
2016-04-26, 2, qing_du, 25.34, 24.41, -0.93, 24.64, 24.16, 24.58, 24.01, 56491.39, 137392761, 1.80, 2.31, 0.66, 422.84393
2016-04-27, 2, qing_du, 25.33, 25.26, 3.48, 24.41, 24.49, 25.68, 24.41, 131447.52, 330578985, 4.19, 5.20, 1.59, 2063.12299
2016-04-28, 2, qing_du, 25.34, 25.55, 1.15, 25.26, 25.33, 26.19, 25.03, 158178.23, 405701640, 5.04, 4.59, 1.91, 993.7861
2016-04-29, 3, zhong_du, 25.35, 25.34, -0.82, 25.55, 25.17, 26.00, 25.08, 70185.04, 178100739, 2.24, 3.60, 0.69, 5076.76387
2016-05-03, 3, zhong_du, 25.36, 26.06, 2.84, 25.34, 25.57, 26.09, 25.13, 93886, 241649223, 2.99, 3.79, 0.88, 1495.10908
2016-05-04, 3, zhong_du, 25.46, 26.64, 2.23, 26.06, 26.60, 27.90, 26.60, 193578.01, 525551303, 6.17, 4.99, 1.90, 772.83001
2016-05-05, 3, zhong_du, 25.53, 27.13, 1.84, 26.64, 26.38, 27.27, 26.21, 151467.8, 404918424, 4.83, 3.98, 1.17, 2564.19301
2016-05-06, 3, zhong_du, 25.69, 27.25, 0.44, 27.13, 27.40, 28.50, 26.10, 278645.69, 762836419, 8.89, 8.85, 2.09, 2461.8609
2016-05-09, 4, gao_du, 25.81, 27.18, -0.26, 27.25, 26.88, 27.95, 26.66, 250305.61, 684868469, 7.98, 4.73, 1.59, 632.59816
2016-05-10, 3, zhong_du, 25.80, 25.15, -7.47, 27.18, 26.80, 27.11, 24.60, 206093.58, 531343428, 6.57, 9.23, 1.06, 871.88482
2016-05-11, 3, zhong_du, 25.78, 24.93, -0.87, 25.15, 25.42, 25.49, 24.70, 95334.39, 239016159, 3.04, 3.14, 0.44, 896.65794
2016-05-12, 2, qing_du, 25.74, 24.99, 0.24, 24.93, 24.50, 25.18, 23.55, 87313.36, 211948043, 2.78, 6.54, 0.44, 793.80608
2016-05-13, 2, qing_du, 25.74, 25.70, 2.84, 24.99, 25.39, 26.18, 25.13, 124612.19, 320109074, 3.97, 4.20, 0.68, 2893.66317
2016-05-16, 2, qing_du, 25.75, 26.17, 1.83, 25.70, 25.40, 26.43, 25.40, 87075.77, 226652638, 1.39, 4.01, 0.57, 14552.88315
2016-05-17, 2, qing_du, 25.76, 25.95, -0.84, 26.17, 26.01, 26.73, 25.91, 98023.85, 256981491, 1.56, 3.13, 0.82, 2746.47593
2016-05-18, 2, qing_du, 25.74, 24.86, -4.20, 25.95, 25.73, 26.19, 24.36, 108702.04, 275619084, 1.73, 7.05, 1.10, 630.72991
2016-05-19, 2, qing_du, 12.86, 12.56, 1.13, 12.42, 12.60, 13.65, 12.46, 163203, 211840262, 2.60, 9.58, 1.61, 2174.01195
2016-05-20, 1, wei_ruo, 12.82, 12.16, -3.18, 12.56, 12.01, 12.30, 11.62, 275141.57, 329310930, 4.39, 5.41, 2.37, 936.33199
2016-05-23, 1, wei_ruo, 12.81, 12.64, 3.95, 12.16, 12.18, 12.78, 12.02, 216102.65, 267498443, 3.45, 6.25, 1.48, 2715.05594
2016-05-24, 1, wei_ruo, 12.80, 12.18, -3.64, 12.64, 12.62, 12.62, 12.06, 148893.13, 183579431, 2.37, 4.43, 0.86, 786.92198
2016-05-25, 1, wei_ruo, 12.78, 11.92, -2.13, 12.18, 12.28, 12.39, 11.85, 146879.14, 177547905, 2.34, 4.43, 0.85, 1030.07793
2016-05-26, 1, wei_ruo, 12.76, 11.87, -0.42, 11.92, 11.83, 12.09, 11.50, 169187.79, 198209844, 2.70, 4.95, 0.98, 516.24584
2016-05-27, 1, wei_ruo, 12.74, 11.98, 0.93, 11.87, 11.87, 12.39, 11.74, 178968.91, 215299770, 2.85, 5.48, 1.04, 2396.492
2016-05-30, 1, wei_ruo, 12.72, 12.05, 0.58, 11.98, 11.93, 12.40, 11.92, 147634.01, 179297321, 2.35, 4.01, 0.86, 402.75502
2016-05-31, 1, wei_ruo, 12.71, 12.70, 5.39, 12.05, 12.11, 12.79, 12.04, 287389.94, 358360524, 4.58, 6.22, 1.67, 2492.14005
2016-06-01, 1, wei_ruo, 12.73, 13.19, 3.86, 12.70, 12.70, 13.27, 12.61, 371456.27, 481204965, 5.92, 5.20, 2.16, 684.78489
2016-06-02, 2, qing_du, 12.73, 13.15, -0.30, 13.19, 13.18, 13.27, 12.92, 239154.41, 313452897, 3.81, 2.65, 1.39, 673.78306
2016-06-03, 2, qing_du, 12.79, 13.21, 0.46, 13.15, 13.20, 13.60, 13.14, 260578.65, 346259332, 3.99, 3.50, 1.51, 598.23394
2016-06-06, 3, zhong_du, 12.82, 13.29, 0.61, 13.21, 13.21, 13.66, 13.15, 282226.01, 377426379, 4.32, 3.86, 1.64, 643.80407
2016-06-07, 3, zhong_du, 12.82, 12.90, -2.93, 13.29, 13.17, 13.22, 12.71, 242950.1, 313457199, 3.72, 3.84, 1.41, 577.21496
2016-06-08, 3, zhong_du, 12.85, 13.39, 3.80, 12.90, 12.91, 13.48, 12.85, 347582.53, 458246646, 5.32, 4.88, 2.02, 630.27692
2016-06-13, 2, qing_du, 12.88, 12.71, -5.08, 13.39, 13.70, 14.27, 12.68, 605776.68, 822973733, 9.28, 11.87, 3.52, 678.83992
2016-06-14, 2, qing_du, 12.86, 12.55, -1.26, 12.71, 12.23, 12.59, 12.13, 279760.29, 344856437, 4.28, 3.62, 1.62, 619.94696
2016-06-15, 2, qing_du, 12.86, 13.17, 4.94, 12.55, 12.32, 13.21, 12.23, 316995.93, 408826215, 4.85, 7.81, 1.84, 3375.32115
2016-06-16, 2, qing_du, 12.85, 12.50, -5.09, 13.17, 13.00, 13.09, 12.32, 375750.76, 474175955, 5.75, 5.85, 2.18, 604.48718
2016-06-17, 2, qing_du, 12.83, 12.33, -1.36, 12.50, 12.40, 12.58, 12.14, 261563.48, 321703716, 4.01, 3.52, 1.52, 709.76996
2016-06-20, 1, wei_ruo, 12.81, 11.93, -3.24, 12.33, 12.29, 12.29, 11.80, 185824.95, 221739676, 2.85, 3.97, 1.08, 5910.36105
2016-06-21, 1, wei_ruo, 12.78, 11.82, -0.92, 11.93, 12.10, 12.19, 11.71, 162773.83, 194755025, 2.49, 4.02, 0.95, 533.65088
2016-06-22, 1, wei_ruo, 12.76, 11.86, 0.34, 11.82, 11.76, 11.87, 11.53, 145095.23, 169926073, 2.22, 2.88, 0.84, 1168.07795
2016-06-23, 1, wei_ruo, 12.74, 11.86, 0.00, 11.86, 11.87, 12.08, 11.67, 155869.54, 185398798, 2.39, 3.46, 0.90, 874.83096
2016-06-24, 1, wei_ruo, 12.70, 11.38, -4.05, 11.86, 11.80, 11.95, 10.91, 208476.37, 239321493, 3.19, 8.77, 1.21, 2560.38308
2016-06-27, 1, wei_ruo, 12.67, 11.47, 0.79, 11.38, 11.16, 11.60, 11.15, 116120.46, 132805642, 1.78, 3.95, 0.67, 1457.10707
2016-06-28, 1, wei_ruo, 12.64, 11.52, 0.44, 11.47, 11.38, 11.63, 11.31, 164237.42, 188508168, 2.52, 2.79, 0.95, 633.8129
2016-06-30, 1, wei_ruo, 12.59, 11.49, -1.88, 11.71, 11.60, 11.67, 11.45, 127818.07, 147350105, 1.96, 1.88, 0.74, 2692.31701
2016-07-01, 1, wei_ruo, 12.58, 11.41, -0.70, 11.49, 11.56, 11.59, 11.40, 75884.73, 87013830, 1.16, 1.65, 0.44, 492.59305
2016-07-04, 1, wei_ruo, 12.56, 11.48, 0.61, 11.41, 11.33, 11.51, 11.26, 115859.17, 132510269, 1.77, 2.19, 0.67, 1098.13309
2016-07-05, 1, wei_ruo, 12.54, 11.50, 0.17, 11.48, 11.50, 11.56, 11.45, 102777.83, 118120149, 1.57, 0.96, 0.60, 750.52691
2016-07-06, 1, wei_ruo, 12.52, 11.44, -0.52, 11.50, 11.50, 11.57, 11.40, 111493.05, 127820777, 1.71, 1.48, 0.65, 5227.33617
2016-07-07, 1, wei_ruo, 12.49, 11.26, -1.57, 11.44, 11.45, 11.48, 11.11, 165610.7, 186582556, 2.54, 3.23, 0.96, 2602.39506
2016-07-08, 1, wei_ruo, 12.47, 11.15, -0.98, 11.26, 11.28, 11.28, 11.10, 106963.73, 119453161, 1.64, 1.60, 0.62, 2997.14112
2016-07-11, 1, wei_ruo, 12.45, 11.10, -0.45, 11.15, 11.16, 11.25, 11.09, 104933.02, 117196075, 1.61, 1.43, 0.61, 1431.391
2016-07-12, 1, wei_ruo, 12.42, 11.12, 0.18, 11.10, 11.11, 11.15, 10.90, 126578.02, 139823604, 1.94, 2.25, 0.73, 18272.11499
2016-07-13, 1, wei_ruo, 12.39, 11.32, 1.80, 11.12, 11.17, 11.38, 11.08, 167555.24, 188996612, 2.57, 2.70, 0.97, 1864.28785
2016-07-14, 1, wei_ruo, 12.37, 11.25, -0.62, 11.32, 11.33, 11.33, 11.15, 99005.93, 111114757, 1.52, 1.59, 0.57, 765.75899
2016-07-15, 1, wei_ruo, 12.35, 11.33, 0.71, 11.25, 11.25, 11.37, 11.20, 125285.08, 141517851, 1.92, 1.51, 0.73, 1131.16097
2016-07-18, 1, wei_ruo, 12.34, 11.17, -1.41, 11.33, 11.30, 11.30, 11.10, 86441.4, 96556720, 1.32, 1.77, 0.50, 3241.42599
2016-07-19, 1, wei_ruo, 12.32, 11.09, -0.72, 11.17, 11.14, 11.16, 11.00, 85504.69, 94553896, 1.31, 1.43, 0.50, 2651.03006
2016-07-20, 1, wei_ruo, 12.32, 11.21, 1.08, 11.09, 11.10, 11.28, 11.09, 107991.77, 121232539, 1.65, 1.71, 0.63, 526.85618
2016-07-21, 1, wei_ruo, 12.26, 11.55, 3.13, 11.20, 11.24, 11.76, 11.21, 306750.59, 352803906, 4.70, 4.91, 1.78, 3061.07998
2016-07-22, 1, wei_ruo, 12.24, 11.27, -2.42, 11.55, 11.40, 11.57, 11.26, 175000.15, 199454800, 2.68, 2.68, 1.02, 1024.39785
2016-07-25, 1, wei_ruo, 12.22, 11.19, -0.71, 11.27, 11.33, 11.33, 11.10, 114095.6, 127871718, 1.75, 2.04, 0.66, 4739.42804
2016-07-26, 1, wei_ruo, 12.21, 11.26, 0.63, 11.19, 11.21, 11.28, 11.17, 76660.35, 86079276, 1.17, 0.98, 0.45, 1057.66821
2016-07-27, 1, wei_ruo, 12.17, 10.93, -2.93, 11.26, 11.27, 11.43, 10.35, 225595.99, 249943281, 3.45, 9.59, 1.31, 4549.37816
2016-07-28, 1, wei_ruo, 12.13, 10.63, -2.74, 10.93, 10.83, 10.94, 10.41, 136265.38, 145219632, 2.09, 4.85, 0.79, 641.92891
2016-07-29, 1, wei_ruo, 12.11, 10.39, -2.26, 10.63, 10.58, 10.69, 10.35, 96253.55, 100847456, 1.47, 3.20, 0.56, 14384.58419
2016-08-01, 1, wei_ruo, 12.07, 10.01, -3.66, 10.39, 10.21, 10.30, 9.96, 123970.42, 124617416, 1.90, 3.27, 0.72, 7835.34789
2016-08-02, 1, wei_ruo, 12.04, 10.25, 2.40, 10.01, 10.01, 10.36, 10.00, 94506.37, 96609387, 1.45, 3.60, 0.55, 15477.87905
2016-08-03, 1, wei_ruo, 12.02, 10.28, 0.29, 10.25, 10.18, 10.33, 10.15, 83514.76, 85713058, 1.28, 1.76, 0.49, 1334.64408
2016-08-04, 1, wei_ruo, 12.00, 10.21, -0.68, 10.28, 10.29, 10.29, 10.09, 75234.66, 76532419, 1.15, 1.95, 0.45, 14324.6491
2016-08-05, 1, wei_ruo, 11.98, 10.19, -0.20, 10.21, 10.22, 10.44, 10.14, 82459.69, 84914333, 1.26, 2.94, 0.55, 730.94606
2016-08-08, 1, wei_ruo, 11.96, 10.26, 0.69, 10.19, 10.19, 10.28, 10.11, 69495.13, 70993709, 1.06, 1.67, 0.63, 3400.16198
2016-08-09, 1, wei_ruo, 11.94, 10.32, 0.58, 10.26, 10.28, 10.34, 10.22, 79784.84, 82101997, 1.22, 1.17, 0.98, 18214.58197
2016-08-10, 1, wei_ruo, 11.92, 10.23, -0.87, 10.32, 10.29, 10.35, 10.21, 74686.3, 76691719, 1.14, 1.36, 0.96, 4761.43718
2016-08-11, 1, wei_ruo, 11.90, 10.10, -1.27, 10.23, 10.17, 10.28, 10.08, 60867, 61936683, 0.93, 1.96, 0.80, 1775.24877
2016-08-15, 1, wei_ruo, 11.84, 10.47, 3.25, 10.14, 10.14, 10.63, 10.11, 195567.8, 204996000, 2.99, 5.13, 2.77, 697.96395
2016-08-16, 1, wei_ruo, 11.81, 10.52, 0.48, 10.47, 10.50, 10.63, 10.39, 138351.13, 145109447, 2.12, 2.29, 1.44, 875.48208
2016-08-17, 1, wei_ruo, 11.79, 10.44, -0.76, 10.52, 10.48, 10.52, 10.36, 112499.95, 117346332, 1.72, 1.52, 1.05, 14379.83894
2016-08-18, 1, wei_ruo, 11.74, 10.98, 5.17, 10.44, 10.40, 11.45, 10.39, 351438.28, 384747483, 5.38, 10.15, 3.05, 15768.44096
2016-08-19, 1, wei_ruo, 11.71, 10.71, -2.46, 10.98, 10.88, 10.95, 10.60, 189307.92, 203726229, 2.90, 3.19, 1.09, 535.36892
2016-08-22, 1, wei_ruo, 11.70, 10.63, -0.75, 10.71, 10.71, 10.93, 10.60, 109578.69, 117726885, 1.68, 3.08, 0.55, 2740.00907
2016-08-23, 1, wei_ruo, 11.68, 10.66, 0.28, 10.63, 10.59, 10.83, 10.55, 95131.32, 101336923, 1.46, 2.63, 0.53, 2563.51209
2016-08-24, 1, wei_ruo, 11.67, 10.55, -1.03, 10.66, 10.64, 10.71, 10.52, 71886.11, 76183745, 1.10, 1.78, 0.42, 4882.39312
2016-08-25, 1, wei_ruo, 11.65, 10.30, -2.37, 10.55, 10.49, 10.49, 10.25, 85658.21, 88463861, 1.31, 2.27, 0.52, 1215.28721
2016-08-26, 1, wei_ruo, 11.64, 10.31, 0.10, 10.30, 10.29, 10.38, 10.28, 51017.58, 52709391, 0.78, 0.97, 0.46, 729.15006
2016-08-29, 1, wei_ruo, 11.63, 10.27, -0.39, 10.31, 10.24, 10.33, 10.23, 51256.5, 52593396, 0.78, 0.97, 0.62, 760.14113
2016-08-30, 1, wei_ruo, 11.62, 10.26, -0.10, 10.27, 10.22, 10.29, 10.21, 48320.35, 49518433, 0.74, 0.78, 0.68, 539.0439
2016-08-31, 1, wei_ruo, 11.61, 10.33, 0.68, 10.26, 10.28, 10.44, 10.28, 61558.37, 63594704, 0.94, 1.56, 1.00, 3842.25607
2016-09-01, 1, wei_ruo, 11.60, 10.32, 0.58, 10.26, 10.28, 10.44, 10.28, 20257.34, 20991650, 0.31, 1.56, 1.88, 3774.85013
2016-09-02, 1, wei_ruo, 11.60, 10.32, 0.58, 10.26, 10.28, 10.44, 10.28, 20257.34, 20991650, 0.31, 1.56, 1.88, 4053.06005
2016-09-05, 1, wei_ruo, 11.60, 10.14, -0.20, 10.16, 10.17, 10.22, 10.12, 46588.75, 47354003, 0.71, 0.98, 0.78, 599.4339
2016-09-06, 1, wei_ruo, 11.60, 10.26, 1.18, 10.14, 10.18, 10.30, 10.05, 78642.77, 79880309, 1.20, 2.47, 1.32, 9602.91314
2016-09-07, 1, wei_ruo, 11.60, 10.18, -0.78, 10.26, 10.23, 10.28, 10.16, 62665.7, 63971505, 0.96, 1.17, 1.05, 545.93801
2016-09-08, 1, wei_ruo, 11.60, 10.41, 2.26, 10.18, 10.15, 10.58, 10.13, 178379.04, 185464350, 2.73, 4.42, 2.99, 743.62993
2016-09-09, 1, wei_ruo, 11.60, 10.26, -1.44, 10.41, 10.34, 10.39, 10.22, 79471.75, 81687103, 1.22, 1.63, 1.33, 4766.25991
2016-09-12, 1, wei_ruo, 11.60, 10.32, 0.58, 10.26, 10.28, 10.44, 10.28, 20257.34, 20991650, 0.31, 1.56, 1.88, 1084.72514
2016-09-13, 1, wei_ruo, 11.60, 10.32, 0.58, 10.26, 10.28, 10.44, 10.28, 20257.34, 20991650, 0.31, 1.56, 1.88, 671.71216
2016-09-14, 1, wei_ruo, 11.60, 9.89, -1.30, 10.02, 10.00, 10.01, 9.86, 71291.16, 70614110, 1.09, 1.50, 1.20, 658.40697
2016-09-19, 1, wei_ruo, 11.60, 9.93, 0.40, 9.89, 9.89, 10.00, 9.89, 43199.77, 42900262, 0.66, 1.11, 0.73, 732.93304
2016-09-20, 1, wei_ruo, 11.60, 9.89, -0.40, 9.93, 9.95, 9.95, 9.86, 31765, 31411757, 0.49, 0.91, 0.53, 2547.26291
2016-09-21, 1, wei_ruo, 11.60, 9.91, 0.20, 9.89, 9.89, 9.93, 9.87, 48147.45, 47658898, 0.74, 0.61, 0.81, 460.04391
2016-09-22, 1, wei_ruo, 11.60, 9.97, 0.61, 9.91, 9.95, 9.98, 9.89, 65410.33, 64952021, 1.00, 0.91, 1.10, 848.92797
2016-09-23, 1, wei_ruo, 11.60, 9.91, -0.60, 9.97, 10.02, 10.02, 9.89, 44329.37, 43970912, 0.68, 1.30, 0.74, 5388.25989
2016-09-26, 1, wei_ruo, 11.60, 9.46, -4.44, 9.90, 9.86, 9.88, 9.45, 82793.99, 80299412, 1.27, 4.34, 1.39, 1465.24596
2016-09-27, 1, wei_ruo, 11.60, 9.39, -0.74, 9.46, 9.43, 9.54, 9.10, 99448.47, 92799540, 1.52, 4.65, 1.67, 637.37988
2016-09-28, 1, wei_ruo, 11.60, 9.25, -1.49, 9.39, 9.38, 9.38, 9.22, 50811.31, 47152440, 0.78, 1.70, 0.85, 590.71398
2016-09-29, 1, wei_ruo, 11.60, 9.21, -0.43, 9.25, 9.25, 9.32, 9.20, 51617.83, 47843813, 0.79, 1.30, 0.87, 1870.71395
2016-09-30, 1, wei_ruo, 11.60, 9.30, 0.98, 9.21, 9.21, 9.31, 9.18, 50942.05, 47121347, 0.78, 1.41, 0.86, 1711.95793
2016-10-10, 1, wei_ruo, 11.60, 9.42, 1.29, 9.30, 9.35, 9.42, 9.28, 61579.26, 57618494, 0.94, 1.51, 1.03, 657.07088
2016-10-11, 1, wei_ruo, 11.60, 9.46, 0.42, 9.42, 9.45, 9.47, 9.37, 59361.24, 55917988, 0.91, 1.06, 1.00, 863.72399
2016-10-12, 1, wei_ruo, 11.60, 9.44, -0.21, 9.46, 9.42, 9.53, 9.37, 54482.32, 51534046, 0.83, 1.69, 0.91, 431.59509
2016-10-13, 1, wei_ruo, 11.60, 9.42, -0.21, 9.44, 9.40, 9.55, 9.40, 54869.8, 51884198, 0.84, 1.59, 0.92, 17047.77789
2016-10-14, 1, wei_ruo, 11.21, 9.32, -1.06, 9.42, 9.39, 9.42, 9.28, 50723.24, 47320530, 0.78, 1.49, 0.85, 554.86393
2016-10-17, 1, wei_ruo, 11.20, 9.38, 0.64, 9.32, 9.28, 9.39, 9.28, 27345.04, 25571190, 0.42, 1.18, 0.92, 2752.39801
2016-10-18, 1, wei_ruo, 11.17, 9.36, 0.97, 9.27, 9.27, 9.38, 9.25, 81089.59, 75687380, 1.24, 1.40, 1.36, 473.52695
2016-10-19, 1, wei_ruo, 11.15, , , , , , , , , , , , 3939.55898
2016-10-20, 1, wei_ruo, 11.14, 9.43, 0.32, 9.40, 9.40, 9.44, 9.34, 66625.73, 62565498, 1.02, 1.06, 1.05, 2721.01283
2016-10-21, 1, wei_ruo, 11.12, 9.35, -0.85, 9.43, 9.43, 9.47, 9.31, 68748.47, 64483722, 1.05, 1.70, 1.04, 6642.699
2016-10-24, 1, wei_ruo, 11.10, 9.39, 0.43, 9.35, 9.38, 9.41, 9.31, 69856.85, 65460196, 1.07, 1.07, 0.99, 681.566
2016-10-25, 1, wei_ruo, 11.05, 9.57, 1.92, 9.39, 9.42, 9.84, 9.38, 205513.86, 197078370, 3.15, 4.90, 2.92, 4770.18189
2016-10-26, 1, wei_ruo, 11.02, 9.39, -1.88, 9.57, 9.48, 9.52, 9.37, 115121.66, 108464327, 1.76, 1.57, 1.64, 2511.70206
2016-10-27, 1, wei_ruo, 11.01, 9.35, -0.43, 9.39, 9.40, 9.40, 9.31, 58634.08, 54778870, 0.90, 0.96, 0.83, 649.4081
2016-10-28, 1, wei_ruo, 10.99, 9.27, -0.86, 9.35, 9.34, 9.38, 9.25, 66854.21, 62215418, 1.02, 1.39, 0.95, 12828.59802
2016-10-31, 1, wei_ruo, 10.97, 9.18, -0.97, 9.27, 9.27, 9.27, 9.13, 56518.14, 51824431, 0.87, 1.51, 0.81, 640.53702
2016-11-01, 1, wei_ruo, 10.96, 9.22, 0.44, 9.18, 9.17, 9.26, 9.16, 65945.06, 60679084, 1.01, 1.09, 0.94, 477.49901
2016-11-02, 1, wei_ruo, 10.93, 9.19, -0.33, 9.22, 9.24, 9.29, 9.16, 82788.56, 76283998, 1.27, 1.41, 1.18, 461.32922
2016-11-03, 1, wei_ruo, 10.91, 9.18, -0.11, 9.19, 9.15, 9.23, 9.12, 84867.49, 77851686, 1.30, 1.20, 1.21, 534.42502
2016-11-04, 1, wei_ruo, 10.89, 9.16, -0.22, 9.18, 9.18, 9.26, 9.14, 63175.38, 58067036, 0.97, 1.31, 0.90, 490.04006
2016-11-07, 1, wei_ruo, 10.88, 9.13, -0.33, 9.16, 9.18, 9.18, 9.11, 53349.61, 48707895, 0.82, 0.76, 0.76, 694.30518
2016-11-08, 1, wei_ruo, 10.86, 9.18, 0.55, 9.13, 9.16, 9.23, 9.12, 67810.84, 62190951, 1.04, 1.20, 0.96, 413.37705
2016-11-09, 1, wei_ruo, 10.83, 9.01, -1.85, 9.18, 9.16, 9.18, 8.88, 117739.92, 106384332, 1.80, 3.27, 1.67, 545.69888
2016-11-10, 1, wei_ruo, 10.79, 9.22, 2.33, 9.01, 9.10, 9.29, 9.01, 154245.26, 140993251, 2.36, 3.11, 2.20, 720.98088
2016-11-11, 1, wei_ruo, 10.73, 9.34, 1.30, 9.22, 9.19, 9.60, 9.13, 258725.45, 242042868, 3.96, 5.10, 3.68, 736.92393
2016-11-14, 1, wei_ruo, 10.70, 9.33, -0.11, 9.34, 9.29, 9.37, 9.22, 134066.67, 124547192, 2.05, 1.61, 1.90, 568.43615
2016-11-15, 1, wei_ruo, 10.68, 9.43, 1.07, 9.33, 9.35, 9.45, 9.29, 128331.57, 120208540, 1.97, 1.71, 1.83, 821.85698
2016-11-16, 1, wei_ruo, 10.65, 9.36, 0.32, 9.33, 9.35, 9.41, 9.29, 63588.7, 59453352, 0.97, 1.29, 1.81, 549.17097
2016-11-17, 1, wei_ruo, 10.61, 9.36, 0.32, 9.33, 9.35, 9.41, 9.29, 63588.7, 59453352, 0.97, 1.29, 1.81, 1371.44613
2016-11-18, 1, wei_ruo, 10.58, 9.36, 0.32, 9.33, 9.35, 9.41, 9.29, 63588.7, 59453352, 0.97, 1.29, 1.81, 1463.92012
2016-11-21, 1, wei_ruo, 10.55, 9.49, 0.32, 9.46, 9.43, 9.66, 9.40, 181898.54, 173457145, 2.79, 2.75, 2.58, 383.52299
2016-11-22, 1, wei_ruo, 10.50, 9.81, 3.37, 9.49, 9.51, 10.13, 9.46, 439601.64, 433362107, 6.73, 7.06, 6.25, 1857.24521
2016-11-23, 2, qing_du, 10.48, 9.63, -1.83, 9.81, 9.78, 9.87, 9.60, 219708.63, 213026352, 3.36, 2.75, 3.12, 523.25487
2016-11-24, 2, qing_du, 10.45, 9.47, -1.66, 9.63, 9.61, 9.68, 9.41, 140439.18, 133992386, 2.15, 2.80, 2.00, 462.18181
2016-11-25, 1, wei_ruo, 10.44, 9.41, -0.63, 9.47, 9.45, 9.46, 9.21, 100889.19, 94303908, 1.54, 2.64, 1.43, 591.16817
2016-11-28, 1, wei_ruo, 10.42, 9.42, 0.11, 9.41, 9.41, 9.57, 9.40, 94787.69, 89778017, 1.45, 1.81, 1.35, 477.67901
2016-11-29, 1, wei_ruo, 10.40, 9.21, -2.23, 9.42, 9.42, 9.42, 9.20, 117438.75, 109117143, 1.80, 2.34, 1.67, 351.85218
2016-11-30, 1, wei_ruo, 10.39, 9.18, -0.33, 9.21, 9.20, 9.24, 9.14, 84582.27, 77640763, 1.30, 1.09, 1.21, 791.26811
2016-12-01, 1, wei_ruo, 10.38, 9.21, 0.33, 9.18, 9.20, 9.24, 9.16, 50375.54, 46368677, 0.77, 0.87, 0.72, 821.25306
2016-12-02, 1, wei_ruo, 10.36, 9.10, -1.19, 9.21, 9.21, 9.23, 9.08, 73213.79, 66949851, 1.12, 1.63, 1.04, 2438.13801
2016-12-05, 1, wei_ruo, 10.36, 9.13, 0.33, 9.10, 9.04, 9.16, 8.98, 41696.08, 37870065, 0.64, 1.98, 0.59, 722.67485
2016-12-06, 1, wei_ruo, 10.35, 9.09, -0.44, 9.13, 9.16, 9.16, 9.08, 32339.1, 29473726, 0.50, 0.88, 0.46, 673.09093
2016-12-07, 1, wei_ruo, 10.34, 9.14, 0.55, 9.09, 9.13, 9.15, 9.05, 44141.04, 40155992, 0.68, 1.10, 0.63, 551.52917
2016-12-08, 1, wei_ruo, 10.33, 9.11, -0.33, 9.14, 9.14, 9.18, 9.11, 40755.84, 37235529, 0.62, 0.77, 0.58, 489.91799
2016-12-09, 1, wei_ruo, 10.32, 9.05, -0.66, 9.11, 9.14, 9.15, 9.02, 50431.12, 45809639, 0.77, 1.43, 0.72, 616.51492
2016-12-12, 1, wei_ruo, 10.29, 8.44, -6.74, 9.05, 9.05, 9.05, 8.40, 120597.42, 105565222, 1.85, 7.18, 1.71, 526.31807
2016-12-13, 1, wei_ruo, 10.27, 8.38, -0.71, 8.44, 8.44, 8.47, 8.26, 61370.97, 51335261, 0.94, 2.49, 0.87, 847.36109
2016-12-14, 1, wei_ruo, 10.23, 8.66, 3.34, 8.38, 8.39, 9.13, 8.26, 166177.94, 144761882, 2.54, 10.38, 2.36, 522.91894
2016-12-15, 1, wei_ruo, 10.20, 8.85, 2.19, 8.66, 8.51, 9.12, 8.50, 143066.79, 127121884, 2.19, 7.16, 2.03, 507.1671
2016-12-16, 1, wei_ruo, 10.18, 8.93, 0.90, 8.85, 8.73, 9.15, 8.73, 143099.16, 128760732, 2.19, 4.75, 2.03, 514.59813
2016-12-19, 1, wei_ruo, 10.16, 8.73, -2.24, 8.93, 8.86, 8.91, 8.69, 92243.53, 80870627, 1.41, 2.46, 1.31, 658.89287
2016-12-20, 1, wei_ruo, 10.14, 8.57, -1.83, 8.73, 8.73, 8.75, 8.47, 70739.8, 60544079, 1.08, 3.21, 1.01, 532.87888
2016-12-21, 1, wei_ruo, 10.11, 8.86, 3.38, 8.57, 8.55, 8.99, 8.53, 124928.81, 110395129, 1.91, 5.37, 1.78, 482.37801
2016-12-22, 1, wei_ruo, 10.06, 9.25, 4.40, 8.86, 8.83, 9.39, 8.76, 335629.07, 308321933, 5.14, 7.11, 4.77, 473.11902
2016-12-23, 1, wei_ruo, 10.03, 8.91, -3.68, 9.25, 9.15, 9.25, 8.90, 189373.72, 170995699, 2.90, 3.78, 2.69, 409.6899
2016-12-26, 1, wei_ruo, 10.02, 9.06, 1.68, 8.91, 8.90, 9.12, 8.73, 104827.21, 93811193, 1.61, 4.38, 1.49, 613.70897
2016-12-27, 1, wei_ruo, 10.00, 9.10, 0.44, 9.06, 9.03, 9.21, 8.96, 99163.83, 90013461, 1.52, 2.76, 1.41, 523.77796
2016-12-28, 1, wei_ruo, 9.99, 8.91, -2.09, 9.10, 9.07, 9.11, 8.90, 72058.02, 64832565, 1.10, 2.31, 1.02, 618.60299
2016-12-30, 1, wei_ruo, 9.96, 8.65, -0.80, 8.72, 8.76, 8.78, 8.58, 55253.5, 47861012, 0.85, 2.29, 0.79, 570.95981
2017-01-03, 1, wei_ruo, 9.96, 8.65, -0.80, 8.72, 8.76, 8.78, 8.58, 55253.5, 47861012, 0.85, 2.29, 0.79, 2544.75403
2017-01-04, 1, wei_ruo, 9.95, 8.79, 0.92, 8.71, 8.70, 8.80, 8.65, 51041.47, 44577906, 0.78, 1.72, 0.73, 570.961
2017-01-05, 1, wei_ruo, 9.93, 8.91, 1.37, 8.79, 8.78, 9.05, 8.72, 109521.98, 97321166, 1.68, 3.75, 1.56, 534.23309
2017-01-06, 1, wei_ruo, 9.91, 8.96, 0.56, 8.91, 8.87, 9.07, 8.85, 115471.74, 103415283, 1.77, 2.47, 1.64, 796.46015
2017-01-09, 1, wei_ruo, 9.90, 8.96, 0.00, 8.96, 8.90, 9.01, 8.86, 68797.13, 61424898, 1.05, 1.67, 0.98, 591.47406
2017-01-10, 1, wei_ruo, 9.89, 8.93, -0.33, 8.96, 8.89, 8.95, 8.89, 30174.87, 26892752, 0.46, 0.67, 0.86, 445.889
2017-01-11, 1, wei_ruo, 9.88, 8.70, -1.36, 8.82, 8.80, 8.86, 8.69, 49286.04, 43182927, 0.75, 1.93, 0.70, 557.35707
2017-01-13, 1, wei_ruo, 9.86, 8.71, 0.11, 8.70, 8.66, 8.89, 8.66, 80262.17, 70408835, 1.23, 2.64, 1.14, 761.99818
2017-01-16, 1, wei_ruo, 9.83, 8.18, -6.08, 8.71, 8.73, 8.76, 7.95, 103267.4, 86934087, 1.58, 9.30, 1.47, 583.19783
2017-01-17, 1, wei_ruo, 9.82, 8.93, -0.33, 8.96, 8.89, 8.95, 8.89, 30174.87, 26892752, 0.46, 0.67, 0.86, 598.92201
2017-01-18, 1, wei_ruo, 9.81, 8.93, -0.33, 8.96, 8.89, 8.95, 8.89, 30174.87, 26892752, 0.46, 0.67, 0.86, 2526.51715
2017-02-07, 1, wei_ruo, 9.72, 8.18, -1.09, 8.27, 8.26, 8.26, 8.16, 14866, 12185292, 0.23, 1.21, 0.48, 2999.47
2017-02-08, 1, wei_ruo, 9.72, 8.26, -0.12, 8.27, 8.26, 8.28, 8.16, 38776.85, 31900008, 0.59, 1.45, 0.55, 2621.96016
2017-02-09, 1, wei_ruo, 9.70, 8.30, 0.48, 8.26, 8.26, 8.34, 8.24, 41652.08, 34555576, 0.64, 1.21, 0.76, 512.19916
2017-02-10, 1, wei_ruo, 9.69, 8.23, -1.08, 8.32, 8.31, 8.32, 8.21, 59478.82, 49083389, 0.91, 1.32, 0.85, 837.47506
2017-02-13, 1, wei_ruo, 9.68, 8.24, 0.12, 8.23, 8.23, 8.28, 8.20, 66598.63, 54923458, 1.02, 0.97, 0.95, 4594.8081
2017-02-14, 1, wei_ruo, 9.64, 9.06, 9.95, 8.24, 8.26, 9.06, 8.23, 248524.24, 221426930, 3.81, 10.07, 3.53, 687.69503
2017-02-15, 1, wei_ruo, 9.65, 9.97, 10.04, 9.06, 9.25, 9.97, 9.20, 967873.99, 931400261, 14.82, 8.50, 13.75, 4731.73499
2017-02-16, 2, qing_du, 9.75, 10.97, 10.03, 9.97, 10.80, 10.97, 10.71, 519689.89, 565998858, 7.96, 2.61, 7.38, 766.71815
2017-02-17, 3, zhong_du, 10.21, 11.47, 4.56, 10.97, 11.00, 11.69, 10.86, 1888560.43, 2131042181, 28.92, 7.57, 26.83, 2555.11212
2017-02-20, 4, gao_du, 10.31, 10.91, -4.88, 11.47, 11.04, 11.11, 10.53, 1024936.01, 1111383418, 15.70, 5.06, 14.56, 590.26814
2017-02-21, 3, zhong_du, 10.38, 11.47, 4.56, 10.97, 11.00, 11.69, 10.86, 1888560.43, 2131042181, 28.92, 7.57, 26.83, 629.97198
2017-02-22, 3, zhong_du, 10.41, 10.59, -2.49, 10.86, 10.74, 10.97, 10.39, 808025.16, 857648510, 12.37, 5.34, 11.48, 4661.81397
2017-02-23, 3, zhong_du, 10.43, 10.66, 0.66, 10.59, 10.61, 10.69, 10.39, 571155.63, 602623532, 8.75, 2.83, 8.12, 4737.45394
2017-02-24, 3, zhong_du, 10.43, 10.43, -2.16, 10.66, 10.55, 10.66, 10.35, 457687.71, 480048892, 7.01, 2.91, 6.50, 1627.26712
2017-02-27, 3, zhong_du, 10.42, 10.55, -1.03, 10.66, 10.55, 10.64, 10.45, 91568.8, 96336942, 1.40, 1.78, 7.10, 1916.74805
2017-02-28, 3, zhong_du, 10.41, 10.37, 1.27, 10.24, 10.30, 10.39, 10.17, 367422.48, 377839177, 5.63, 2.15, 5.22, 560.26101
2017-03-01, 3, zhong_du, 10.41, 10.22, -1.45, 10.37, 10.37, 10.48, 10.17, 421405.14, 434828884, 6.45, 2.99, 5.99, 642.39693
2017-03-02, 3, zhong_du, 10.40, 10.29, 0.68, 10.22, 10.22, 10.56, 10.14, 565692.86, 588338513, 8.66, 4.11, 8.04, 900.08998
2017-03-03, 2, qing_du, 10.37, 9.86, -4.18, 10.29, 10.15, 10.17, 9.82, 478018.85, 475817447, 7.32, 3.40, 6.79, 4820.8611
2017-03-06, 2, qing_du, 10.35, 9.98, 1.22, 9.86, 9.84, 9.99, 9.82, 256675.96, 254053201, 3.93, 1.72, 3.65, 2524.30606
2017-03-07, 2, qing_du, 10.33, 9.96, 0.81, 9.88, 9.92, 9.99, 9.81, 119852.91, 118592231, 1.84, 1.82, 3.41, 777.79603
2017-03-08, 2, qing_du, 10.32, 10.04, 1.62, 9.88, 9.92, 10.10, 9.81, 297129.78, 296223572, 4.55, 2.94, 4.22, 2613.62386
2017-03-09, 2, qing_du, 10.30, 9.76, -2.79, 10.04, 10.01, 10.01, 9.66, 285873.25, 279979553, 4.38, 3.49, 4.06, 604.45714
2017-03-10, 2, qing_du, 10.28, 9.82, 0.61, 9.76, 9.83, 9.93, 9.71, 181118.08, 177786225, 2.77, 2.25, 2.57, 858.10208
2017-03-13, 2, qing_du, 10.27, 9.86, 0.41, 9.82, 9.79, 9.87, 9.61, 183841.54, 179142993, 2.82, 2.65, 2.61, 655.9
2017-03-14, 2, qing_du, 10.26, 9.87, 0.10, 9.86, 9.85, 9.97, 9.79, 195294.89, 192904747, 2.99, 1.83, 2.77, 677.71196
2017-03-15, 2, qing_du, 10.24, 10.02, 1.52, 9.87, 9.85, 10.08, 9.72, 284948.31, 282614178, 4.36, 3.65, 4.05, 2605.968
2017-03-16, 2, qing_du, 10.23, 10.04, 0.20, 10.02, 10.00, 10.11, 9.93, 309179.44, 309566686, 4.73, 1.80, 4.39, 577.76594
2017-03-17, 2, qing_du, 10.21, 9.70, -3.39, 10.04, 10.03, 10.04, 9.69, 294840.7, 291383870, 4.52, 3.49, 4.19, 573.78292
2017-03-20, 2, qing_du, 10.20, 9.74, 0.41, 9.70, 9.67, 9.77, 9.61, 168442.64, 163044210, 2.58, 1.65, 2.39, 596.35806
2017-03-21, 2, qing_du, 10.19, 9.86, 1.23, 9.74, 9.74, 9.89, 9.66, 194258.06, 190282333, 2.97, 2.36, 2.76, 660.53104
2017-03-22, 2, qing_du, 10.18, 9.72, -1.42, 9.86, 9.80, 9.84, 9.69, 154789.69, 150769253, 2.37, 1.52, 2.20, 612.87212
2017-03-23, 2, qing_du, 10.16, 9.55, -1.75, 9.72, 9.66, 9.74, 9.42, 197795.01, 189384585, 3.03, 3.29, 2.81, 594.18082
2017-03-24, 2, qing_du, 10.14, 9.80, 2.62, 9.55, 9.55, 9.85, 9.45, 238049.02, 229525099, 3.65, 4.19, 3.38, 662.56499
2017-03-27, 2, qing_du, 10.13, 10.01, 2.14, 9.80, 9.87, 10.25, 9.87, 573929.89, 578224872, 8.79, 3.88, 8.15, 630.80692
2017-03-28, 2, qing_du, 10.13, 9.98, -0.30, 10.01, 9.88, 10.14, 9.86, 251713.64, 251211418, 3.85, 2.80, 3.58, 654.93917
2017-03-29, 3, zhong_du, 10.12, 10.09, 1.10, 9.98, 10.03, 10.23, 9.85, 413619.2, 416583402, 6.33, 3.81, 5.88, 696.81716
2017-03-30, 3, zhong_du, 10.10, 9.43, -6.54, 10.09, 10.03, 10.06, 9.38, 355233.28, 346092140, 5.44, 6.74, 5.05, 540.869
2017-03-31, 3, zhong_du, 10.08, 9.39, -0.42, 9.43, 9.64, 9.65, 9.30, 210972.34, 199397250, 3.23, 3.71, 3.00, 574.33891
2017-04-05, 2, qing_du, 10.06, 9.62, 2.45, 9.39, 9.34, 9.71, 9.28, 184281.19, 175554928, 2.82, 4.58, 2.62, 643.69011
2017-04-06, 2, qing_du, 10.05, 9.53, -0.94, 9.62, 9.55, 9.65, 9.47, 146559.28, 139856878, 2.24, 1.87, 2.08, 2605.46184
2017-04-07, 1, wei_ruo, 10.03, 9.82, 3.04, 9.53, 9.53, 10.22, 9.39, 418769.43, 412606249, 6.41, 8.71, 5.95, 627.93088
2017-04-10, 1, wei_ruo, 10.02, 9.57, -2.55, 9.82, 9.70, 9.73, 9.45, 245075.36, 234321302, 3.75, 2.85, 3.48, 610.47196
2017-04-11, 1, wei_ruo, 10.00, 9.53, -0.42, 9.57, 9.49, 9.63, 9.32, 215606.42, 203850280, 3.30, 3.24, 3.06, 545.78209
2017-04-12, 1, wei_ruo, 10.00, 10.10, 5.98, 9.53, 9.50, 10.39, 9.41, 723742.74, 725483530, 11.08, 10.28, 10.28, 554.54206
2017-04-13, 1, wei_ruo, 10.00, 10.11, 0.10, 10.10, 10.00, 10.13, 9.86, 399889.48, 399207496, 6.12, 2.67, 5.68, 710.83403
2017-04-14, 1, wei_ruo, 9.98, 9.59, -5.14, 10.11, 9.97, 10.06, 9.52, 327319.11, 319385988, 5.01, 5.34, 4.65, 690.0568
2017-04-17, 1, wei_ruo, 9.95, 9.09, -5.21, 9.59, 9.50, 9.50, 9.05, 272755.63, 252544173, 4.18, 4.69, 3.88, 604.19011
2017-04-18, 1, wei_ruo, 9.91, 8.82, -2.97, 9.09, 9.08, 9.23, 8.70, 270169.84, 240894989, 4.14, 5.83, 3.84, 625.62013
2017-04-19, 1, wei_ruo, 9.87, 8.51, -3.51, 8.82, 8.72, 8.76, 8.40, 176376.02, 150795834, 2.70, 4.08, 2.51, 621.22607
2017-04-20, 1, wei_ruo, 9.85, 8.52, 0.12, 8.51, 8.49, 8.66, 8.45, 100116.03, 85453310, 1.53, 2.47, 1.42, 605.95918
2017-04-21, 1, wei_ruo, 9.83, 8.29, -2.70, 8.52, 8.51, 8.61, 8.28, 99510.23, 83676121, 1.52, 3.87, 1.41, 637.73203
2017-04-24, 1, wei_ruo, 9.81, 8.02, -3.26, 8.29, 8.30, 8.35, 8.00, 92405.02, 74783542, 1.42, 4.22, 1.31, 688.12418
2017-04-25, 1, wei_ruo, 9.79, 8.10, 1.00, 8.02, 8.06, 8.14, 8.01, 72827.6, 58893047, 1.12, 1.62, 1.03, 680.80115
2017-04-26, 1, wei_ruo, 9.77, 8.16, 0.74, 8.10, 8.09, 8.16, 8.03, 72177.33, 58529361, 1.11, 1.60, 1.03, 846.86494
2017-04-27, 1, wei_ruo, 9.70, 7.87, -3.55, 8.16, 8.14, 8.14, 7.50, 218909.63, 169215641, 3.35, 7.84, 3.11, 636.40904
2017-04-28, 1, wei_ruo, 9.67, 8.06, 2.41, 7.87, 7.84, 8.12, 7.73, 133189.37, 105765012, 2.04, 4.96, 1.89, 635.25486
2017-05-02, 1, wei_ruo, 9.64, 7.93, -1.61, 8.06, 8.00, 8.05, 7.81, 93437, 74195109, 1.43, 2.98, 1.33, 693.892
2017-05-03, 1, wei_ruo, 9.60, 8.12, 2.40, 7.93, 7.87, 8.23, 7.80, 169576.73, 136669389, 2.60, 5.42, 2.41, 1009.87315
2017-05-04, 1, wei_ruo, 9.58, 7.96, -1.97, 8.12, 8.03, 8.05, 7.92, 104069.66, 82995615, 1.59, 1.60, 1.48, 861.3441
2017-05-05, 1, wei_ruo, 9.56, 7.80, -2.01, 7.96, 7.94, 8.04, 7.79, 71989.02, 56976950, 1.10, 3.14, 1.02, 660.69078
2017-05-11, 1, wei_ruo, 9.45, 7.18, -3.49, 7.44, 7.40, 7.40, 6.90, 121921.35, 87319256, 1.87, 6.72, 1.73, 573.60291
2017-05-12, 1, wei_ruo, 9.42, 7.22, 0.56, 7.18, 7.16, 7.38, 7.07, 79617.43, 57436263, 1.22, 4.32, 1.13, 3625.3159
2017-05-15, 1, wei_ruo, 9.41, 7.14, -1.11, 7.22, 7.17, 7.28, 7.13, 50329.04, 36263507, 0.77, 2.08, 0.72, 604.84195
2017-05-17, 1, wei_ruo, 9.34, 7.37, 0.96, 7.30, 7.25, 7.48, 7.23, 113218.36, 83527501, 1.73, 3.42, 1.61, 659.79981
2017-05-18, 1, wei_ruo, 9.31, 7.42, 0.68, 7.37, 7.31, 7.50, 7.28, 103621.02, 76754927, 1.59, 2.99, 1.47, 679.79813
2017-05-19, 1, wei_ruo, 9.28, 7.39, -0.40, 7.42, 7.45, 7.55, 7.32, 89806.73, 66762874, 1.38, 3.10, 1.28, 632.17902
2017-05-22, 1, wei_ruo, 9.25, 7.07, -4.33, 7.39, 7.35, 7.38, 7.05, 93085, 67042840, 1.43, 4.47, 1.32, 614.89916
2017-05-23, 1, wei_ruo, 9.20, 6.55, -7.36, 7.07, 7.03, 7.07, 6.52, 131114.01, 89059847, 2.01, 7.78, 1.86, 866.83393
2017-05-24, 1, wei_ruo, 9.18, 6.62, 1.07, 6.55, 6.51, 6.64, 6.42, 53947.78, 35367811, 0.83, 3.36, 0.77, 647.35603
2017-05-25, 1, wei_ruo, 9.16, 6.71, 1.36, 6.62, 6.62, 6.77, 6.54, 66132, 43968878, 1.01, 3.47, 0.94, 2639.61291
2017-05-26, 1, wei_ruo, 9.14, 6.69, -0.30, 6.71, 6.71, 6.75, 6.67, 42378.04, 28407012, 0.65, 1.19, 0.60, 641.97707
2017-05-31, 1, wei_ruo, 9.12, 6.68, -0.15, 6.69, 6.78, 6.83, 6.66, 45113.04, 30392441, 0.69, 2.54, 0.64, 664.84904
2017-06-01, 1, wei_ruo, 9.10, 6.35, -4.94, 6.68, 6.67, 6.70, 6.35, 67496.79, 43679381, 1.03, 5.24, 0.96, 2666.27693
2017-06-02, 1, wei_ruo, 9.08, 6.44, 1.42, 6.35, 6.35, 6.48, 6.28, 47679, 30388316, 0.73, 3.15, 0.68, 751.62411
2017-06-05, 1, wei_ruo, 9.06, 6.52, 1.24, 6.44, 6.40, 6.57, 6.40, 48989.17, 31848489, 0.75, 2.64, 0.70, 8815.26613
2017-06-06, 1, wei_ruo, 9.04, 6.56, 0.61, 6.52, 6.48, 6.59, 6.48, 46649.08, 30548042, 0.71, 1.69, 0.66, 612.52308
2017-06-07, 1, wei_ruo, 9.01, 6.75, 2.90, 6.56, 6.56, 6.76, 6.56, 76919.25, 51434636, 1.18, 3.05, 1.09, 617.99693
2017-06-08, 1, wei_ruo, 8.99, 6.68, -1.04, 6.75, 6.74, 6.78, 6.66, 64972.1, 43591651, 0.99, 1.78, 0.92, 654.71697
2017-06-09, 1, wei_ruo, 8.82, 6.49, -2.84, 6.68, 6.50, 6.51, 6.01, 412827.53, 258077388, 6.32, 7.49, 5.87, 749.74179
2017-06-12, 1, wei_ruo, 8.75, 6.22, -4.16, 6.49, 6.17, 6.35, 6.10, 184954.79, 115986014, 2.83, 3.85, 2.63, 599.1919
2017-06-13, 1, wei_ruo, 8.67, 6.37, 2.41, 6.22, 6.16, 6.59, 6.14, 202390, 128820093, 3.10, 7.23, 2.88, 2638.3419
2017-06-14, 1, wei_ruo, 8.61, 6.43, 0.94, 6.37, 6.33, 6.56, 6.23, 193907.02, 124727866, 2.97, 5.18, 2.76, 599.84303
2017-06-15, 1, wei_ruo, 8.54, 6.58, 2.33, 6.43, 6.39, 6.62, 6.33, 212721.85, 138061986, 3.26, 4.51, 3.02, 599.31207
2017-06-16, 1, wei_ruo, 8.49, 6.58, 0.00, 6.58, 6.54, 6.72, 6.50, 167330.47, 110460243, 2.56, 3.34, 2.38, 509.69195
2017-06-19, 1, wei_ruo, 8.42, 6.86, 4.26, 6.58, 6.49, 7.24, 6.47, 288060.46, 198690789, 4.41, 11.70, 4.09, 743.78395
2017-06-20, 1, wei_ruo, 8.37, 6.79, -1.02, 6.86, 6.84, 6.90, 6.68, 186733.41, 126410450, 2.86, 3.21, 2.65, 607.98597
2017-06-21, 1, wei_ruo, 8.33, 6.81, 0.29, 6.79, 6.74, 6.98, 6.70, 176025.92, 120367591, 2.70, 4.12, 2.50, 832.85093
2017-06-22, 1, wei_ruo, 8.29, 6.57, -3.52, 6.81, 6.76, 6.90, 6.56, 155843, 104979062, 2.39, 4.99, 2.21, 657.54914
2017-06-23, 1, wei_ruo, 8.26, 6.49, -1.22, 6.57, 6.50, 6.55, 6.35, 119173.06, 76845860, 1.82, 3.04, 1.69, 802.12498
2017-06-26, 1, wei_ruo, 8.24, 6.54, 0.77, 6.49, 6.46, 6.56, 6.46, 62622.02, 40813155, 0.96, 1.54, 0.89, 3697.22319
2017-06-27, 1, wei_ruo, 8.19, 6.83, 4.43, 6.54, 6.56, 7.10, 6.56, 235981.84, 161607401, 3.61, 8.26, 3.35, 316.15019
2017-06-28, 1, wei_ruo, 8.16, 6.70, -1.90, 6.83, 6.83, 6.85, 6.67, 128709.18, 86401758, 1.97, 2.64, 1.83, 926.9011
2017-06-29, 1, wei_ruo, 8.14, 6.70, 0.00, 6.70, 6.74, 6.75, 6.67, 67176.53, 44970491, 1.03, 1.19, 0.95, 579.73099
2017-06-30, 1, wei_ruo, 8.12, 6.82, 1.79, 6.70, 6.68, 6.85, 6.68, 138727.68, 94414246, 2.12, 2.54, 1.97, 618.60108
2017-07-03, 1, wei_ruo, 8.10, 6.86, 0.59, 6.82, 6.81, 6.91, 6.76, 92339.9, 63256587, 1.41, 2.20, 1.31, 593.06407
2017-07-04, 1, wei_ruo, 8.08, 6.79, -1.02, 6.86, 6.84, 6.86, 6.75, 74024.78, 50295018, 1.13, 1.60, 1.05, 525.8832
2017-07-05, 1, wei_ruo, 8.06, 6.87, 1.18, 6.79, 6.82, 6.88, 6.77, 93256.04, 63726437, 1.43, 1.62, 1.33, 735.57115
2017-07-06, 1, wei_ruo, 8.05, 6.81, -0.87, 6.87, 6.85, 6.87, 6.76, 77637.1, 52830592, 1.19, 1.60, 1.10, 623.57283
2017-07-07, 1, wei_ruo, 8.03, 6.83, 0.29, 6.81, 6.80, 6.94, 6.76, 100698.78, 69081362, 1.54, 2.64, 1.43, 617.76495
2017-07-10, 1, wei_ruo, 8.01, 6.80, -0.44, 6.83, 6.78, 6.84, 6.71, 102157.1, 69140717, 1.56, 1.90, 1.45, 664.76011
2017-07-11, 1, wei_ruo, 8.00, 6.69, -1.62, 6.80, 6.79, 6.82, 6.68, 67595.83, 45699867, 1.04, 2.06, 0.96, 655.06196
2017-07-12, 1, wei_ruo, 7.98, 6.58, -1.64, 6.69, 6.67, 6.72, 6.50, 86707.04, 57088878, 1.33, 3.29, 1.23, 650.33698
2017-07-13, 1, wei_ruo, 7.97, 6.64, 0.91, 6.58, 6.57, 6.71, 6.55, 63937.7, 42483907, 0.98, 2.43, 0.91, 722.97096
2017-07-14, 1, wei_ruo, --, 6.49, -2.26, 6.64, 6.60, 6.66, 6.46, 58337.02, 38205670, 0.89, 3.01, 0.83, 586.82394
2017-07-17, 1, wei_ruo, --, 6.00, -7.55, 6.49, 6.40, 6.45, 5.86, 148140, 90317398, 2.27, 9.09, 2.10, 859.8659
2017-07-18, 1, wei_ruo, 7.90, 6.11, 1.83, 6.00, 5.95, 6.13, 5.95, 59819.94, 36337631, 0.92, 3.00, 0.85, 1590.44313
2017-07-19, 1, wei_ruo, --, 6.27, 2.62, 6.11, 6.12, 6.32, 6.10, 85514.43, 53296322, 1.31, 3.60, 1.22, 653.83816
2017-07-20, 1, wei_ruo, --, 6.27, 0.00, 6.27, 6.23, 6.36, 6.23, 53947.8, 33971445, 0.83, 2.07, 0.77, 521.93785
2017-07-21, 1, wei_ruo, --, 6.19, -1.28, 6.27, 6.11, 6.22, 6.11, 65579.4, 40430130, 1.00, 1.75, 0.93, 508.63695
2017-07-24, 1, wei_ruo, 7.82, 6.17, -0.32, 6.19, 6.16, 6.18, 6.06, 74839.13, 45809790, 1.15, 1.94, 1.06, 19621.59681
2017-07-25, 1, wei_ruo, --, 6.12, -0.81, 6.17, 6.16, 6.17, 6.10, 40981.56, 25088431, 0.63, 1.13, 0.58, 728.05095
2017-07-26, 1, wei_ruo, --, 6.07, -0.82, 6.12, 6.10, 6.14, 6.05, 47933.4, 29151004, 0.73, 1.47, 0.68, 781.68702
2017-07-27, 1, wei_ruo, 7.77, 6.20, 2.14, 6.07, 6.08, 6.30, 6.05, 103251.02, 64166924, 1.58, 4.12, 1.47, 810.49299
2017-07-28, 1, wei_ruo, 7.76, 6.18, -0.32, 6.20, 6.16, 6.25, 6.16, 72313.02, 44774712, 1.11, 1.45, 1.03, 709.56707
2017-07-31, 1, wei_ruo, 7.74, 6.23, 0.81, 6.18, 6.17, 6.24, 6.12, 81039.95, 50067170, 1.24, 1.94, 1.15, 929.48103
2017-08-01, 1, wei_ruo, 7.71, 6.85, 9.95, 6.23, 6.69, 6.85, 6.69, 178770.5, 122184997, 2.74, 2.57, 2.54, 727.40889
2017-08-02, 1, wei_ruo, 7.65, 7.03, 2.63, 6.85, 7.09, 7.27, 6.88, 660398.22, 466144942, 10.11, 5.69, 9.38, 658.31399
2017-08-03, 2, qing_du, 7.60, 6.81, -3.13, 7.03, 6.83, 6.89, 6.61, 329213.83, 222287959, 5.04, 3.98, 4.68, 677.96111
2017-08-04, 3, zhong_du, 7.57, 6.58, -3.38, 6.81, 6.73, 6.87, 6.57, 226229.3, 151673363, 3.46, 4.41, 3.21, 2291.50391
2017-08-07, 3, zhong_du, 7.55, 6.65, 1.06, 6.58, 6.52, 6.66, 6.51, 122144.26, 80215226, 1.87, 2.28, 1.74, 714.05482
2017-08-08, 2, qing_du, 7.53, 6.54, -1.65, 6.65, 6.61, 6.64, 6.50, 121981.62, 79911457, 1.87, 2.11, 1.73, 604.12908
2017-08-09, 2, qing_du, 7.51, 6.61, 1.07, 6.54, 6.53, 6.62, 6.44, 133252.52, 87015353, 2.04, 2.75, 1.89, 687.91008
2017-08-10, 2, qing_du, 7.49, 6.66, 0.76, 6.61, 6.55, 6.75, 6.51, 163097.03, 108066530, 2.50, 3.63, 2.32, 2086.128
2017-08-11, 2, qing_du, 7.47, 6.39, -4.05, 6.66, 6.60, 6.60, 6.38, 123415.26, 80062345, 1.89, 3.30, 1.75, 569.20004
2017-08-14, 2, qing_du, 7.46, 6.47, 1.25, 6.39, 6.40, 6.49, 6.39, 63141.12, 40783449, 0.97, 1.56, 0.90, 833.37998
2017-08-15, 2, qing_du, 7.45, 6.48, 0.15, 6.47, 6.47, 6.52, 6.44, 61266.02, 39611882, 0.94, 1.24, 0.87, 774.50514
2017-08-16, 2, qing_du, 7.44, 6.54, 0.93, 6.48, 6.48, 6.56, 6.44, 82790.76, 53813481, 1.27, 1.85, 1.18, 1046.10395
2017-08-17, 2, qing_du, 7.42, 6.66, 1.83, 6.54, 6.55, 6.74, 6.55, 170654.05, 113751343, 2.61, 2.91, 2.42, 3657.21297
2017-08-18, 2, qing_du, 7.40, 6.71, 0.75, 6.66, 6.61, 6.78, 6.55, 166676.79, 111659788, 2.55, 3.45, 2.37, 716.72297
2017-08-21, 2, qing_du, 7.39, 6.66, -0.75, 6.71, 6.72, 6.72, 6.60, 105459.9, 70102137, 1.61, 1.79, 1.50, 798.31815
2017-08-22, 2, qing_du, 7.38, 6.55, -1.65, 6.66, 6.64, 6.67, 6.53, 89873.6, 59154693, 1.38, 2.10, 1.28, 688.22193
2017-08-23, 2, qing_du, 7.37, 6.52, -0.46, 6.55, 6.56, 6.58, 6.49, 61616, 40228384, 0.94, 1.37, 0.88, 925.29106
2017-08-24, 2, qing_du, 7.35, 6.57, 0.77, 6.52, 6.50, 6.75, 6.45, 134415.56, 89118467, 2.06, 4.60, 1.91, 836.061
2017-08-25, 2, qing_du, 7.34, 6.58, 0.15, 6.57, 6.51, 6.58, 6.44, 102544.54, 66969186, 1.57, 2.13, 1.46, 1149.38998
2017-08-28, 2, qing_du, 7.33, 6.62, 0.61, 6.58, 6.57, 6.65, 6.56, 91394, 60388193, 1.40, 1.37, 1.30, 674.47305
2017-08-29, 2, qing_du, 7.32, 6.62, 0.00, 6.62, 6.64, 6.69, 6.58, 81442.02, 53981609, 1.25, 1.66, 1.16, 587.17585
2017-08-30, 2, qing_du, 7.31, 6.67, 0.76, 6.62, 6.80, 6.96, 6.66, 193273, 131017074, 2.96, 4.53, 2.75, 654.61898
2017-08-31, 2, qing_du, 7.29, 6.59, -1.20, 6.67, 6.60, 6.63, 6.54, 119967.04, 78930960, 1.84, 1.35, 1.70, 843.54305
2017-09-01, 2, qing_du, 7.28, 6.61, 0.30, 6.59, 6.61, 6.63, 6.55, 73221.26, 48235198, 1.12, 1.21, 1.04, 714.4711
2017-09-04, 2, qing_du, 7.28, 6.57, -1.50, 6.67, 6.60, 6.63, 6.56, 65597.02, 43211576, 1.00, 1.05, 1.86, 948.318
2017-09-05, 2, qing_du, 7.27, 6.57, -1.50, 6.67, 6.60, 6.63, 6.56, 65597.02, 43211576, 1.00, 1.05, 1.86, 708.15301
2017-09-06, 2, qing_du, 7.26, 6.51, -0.46, 6.54, 6.52, 6.53, 6.45, 79028.42, 51175992, 1.21, 1.22, 1.12, 684.87787
2017-09-07, 2, qing_du, 7.25, 6.48, -0.46, 6.51, 6.50, 6.55, 6.46, 60647.03, 39490123, 0.93, 1.38, 0.86, 774.6861
2017-09-08, 1, wei_ruo, 7.25, 6.49, 0.15, 6.48, 6.47, 6.54, 6.42, 58867.52, 38178300, 0.90, 1.85, 0.84, 670.96186
2017-09-11, 1, wei_ruo, 7.24, 6.57, -1.50, 6.67, 6.60, 6.63, 6.56, 65597.02, 43211576, 1.00, 1.05, 1.86, 666.05806
2017-09-12, 1, wei_ruo, 7.23, 6.48, -0.77, 6.53, 6.53, 6.55, 6.47, 66052.23, 42929721, 1.01, 1.23, 0.94, 760.90217
2017-09-13, 1, wei_ruo, 7.23, 6.49, 0.15, 6.48, 6.48, 6.50, 6.44, 45430.68, 29380991, 0.70, 0.93, 0.65, 732.62119
2017-09-14, 1, wei_ruo, 7.21, 6.60, 1.69, 6.49, 6.50, 6.75, 6.46, 179956.3, 119013147, 2.76, 4.47, 2.56, 1280.01308
2017-09-15, 1, wei_ruo, 7.20, 6.51, -1.36, 6.60, 6.56, 6.56, 6.48, 88873.29, 57854051, 1.36, 1.21, 1.26, 873.70205
2017-09-18, 1, wei_ruo, 7.19, 6.62, 1.69, 6.51, 6.51, 6.67, 6.46, 104552.07, 68635054, 1.60, 3.23, 1.49, 683.0039
2017-09-19, 1, wei_ruo, 7.17, 6.78, 2.42, 6.62, 6.58, 7.16, 6.55, 322503.26, 220597692, 4.94, 9.21, 4.58, 697.88599
2017-09-20, 1, wei_ruo, 7.16, 6.73, -0.74, 6.78, 6.72, 6.77, 6.62, 162058.68, 108147209, 2.48, 2.21, 2.30, 655.89905
2017-09-21, 1, wei_ruo, 7.15, 6.57, -2.38, 6.73, 6.73, 6.75, 6.55, 115634.65, 77032874, 1.77, 2.97, 1.64, 704.79608
2017-09-22, 1, wei_ruo, 7.12, 6.26, -4.72, 6.57, 6.36, 6.39, 6.22, 226280.33, 142062869, 3.47, 2.59, 3.22, 622.39504
2017-09-25, 1, wei_ruo, 7.11, 6.23, -0.48, 6.26, 6.23, 6.32, 6.20, 75612.78, 47247718, 1.16, 1.92, 1.07, 677.22201
2017-09-26, 1, wei_ruo, 7.11, 6.26, 0.48, 6.23, 6.26, 6.29, 6.22, 40691.38, 25438706, 0.62, 1.12, 0.58, 960.37102
2017-09-27, 1, wei_ruo, 7.10, 6.31, 0.80, 6.26, 6.26, 6.33, 6.23, 45557.62, 28665202, 0.70, 1.60, 0.65, 730.27015
2017-09-28, 1, wei_ruo, 7.09, 6.17, -2.22, 6.31, 6.26, 6.31, 6.12, 55096.02, 34431365, 0.84, 3.01, 0.78, 658.86593
2017-09-29, 1, wei_ruo, 7.09, 6.21, 0.65, 6.17, 6.13, 6.25, 6.13, 52119, 32291839, 0.80, 1.94, 0.74, 696.96498
2017-10-10, 1, wei_ruo, 7.07, 6.42, 1.58, 6.32, 6.32, 6.43, 6.26, 90117.74, 57365253, 1.38, 2.69, 1.28, 545.88318
2017-10-12, 1, wei_ruo, 7.04, 6.67, 0.76, 6.62, 6.58, 6.74, 6.55, 207461.19, 138636671, 3.18, 2.87, 2.95, 747.34402
2017-10-13, 1, wei_ruo, 7.03, 6.77, 1.50, 6.67, 6.73, 6.85, 6.64, 172295.39, 116556765, 2.64, 3.15, 2.45, 31270.76602
2017-10-16, 2, qing_du, 7.03, 6.62, -2.22, 6.77, 6.75, 6.79, 6.59, 110715, 73897959, 1.70, 2.95, 1.57, 701.14017
2017-10-17, 2, qing_du, 7.02, 6.84, 3.32, 6.62, 6.63, 6.93, 6.58, 239096.38, 162477366, 3.66, 5.29, 3.40, 496.53602
2017-10-18, 2, qing_du, 7.01, 6.84, 0.00, 6.84, 6.82, 6.88, 6.67, 108645.33, 73453906, 1.66, 3.07, 1.54, 707.40104
2017-10-19, 3, zhong_du, 7.01, 7.04, 2.92, 6.84, 6.91, 7.08, 6.75, 161200.56, 110977963, 2.47, 4.82, 2.29, 680.87983
2017-10-20, 3, zhong_du, 7.04, 7.20, 2.27, 7.04, 7.13, 7.49, 6.88, 949493.95, 677376113, 14.54, 8.66, 13.49, 590.04593
2017-10-23, 3, zhong_du, 7.02, 6.68, -7.22, 7.20, 6.95, 7.00, 6.65, 474114.76, 321958683, 7.26, 4.86, 6.74, 1134.75204
2017-10-24, 2, qing_du, 6.99, 6.42, -3.89, 6.68, 6.62, 6.65, 6.30, 330780.37, 212672534, 5.07, 5.24, 4.70, 698.07506
2017-10-25, 1, wei_ruo, 6.98, 6.43, 0.16, 6.42, 6.37, 6.49, 6.33, 150584.48, 96696702, 2.31, 2.49, 2.14, 2706.15005
2017-10-26, 1, wei_ruo, 6.96, 6.47, 0.62, 6.43, 6.41, 6.58, 6.37, 156401.97, 101288144, 2.40, 3.27, 2.22, 1077.67105
2017-10-27, 1, wei_ruo, 6.95, 6.35, -1.85, 6.47, 6.44, 6.45, 6.31, 135588.3, 86294413, 2.08, 2.16, 1.93, 683.49004
2017-10-30, 1, wei_ruo, 6.94, 6.16, -2.99, 6.35, 6.33, 6.33, 6.15, 125316.65, 77704228, 1.92, 2.83, 1.78, 798.85602
2017-10-31, 1, wei_ruo, 6.92, 6.40, 3.90, 6.16, 6.18, 6.45, 6.18, 161147.23, 102193588, 2.47, 4.38, 2.29, 581.16794
2017-11-01, 1, wei_ruo, 6.91, 6.35, -0.78, 6.40, 6.33, 6.37, 6.27, 95094, 59992402, 1.46, 1.56, 1.35, 676.29409
2017-11-02, 1, wei_ruo, 6.91, 6.26, -1.42, 6.35, 6.33, 6.33, 6.23, 67175.84, 42124957, 1.03, 1.57, 0.95, 793.18905
2017-11-03, 1, wei_ruo, 6.90, 6.20, -0.96, 6.26, 6.27, 6.29, 6.16, 71974.12, 44619860, 1.10, 2.08, 1.02, 708.15206
2017-11-06, 1, wei_ruo, 6.90, 6.23, 0.48, 6.20, 6.20, 6.25, 6.16, 46611, 28927744, 0.71, 1.45, 0.66, 2803.79891
2017-11-07, 1, wei_ruo, 6.89, 6.26, 0.48, 6.23, 6.23, 6.28, 6.21, 50384.59, 31460311, 0.77, 1.12, 0.72, 590.60121
2017-11-08, 1, wei_ruo, 6.89, 6.25, -0.16, 6.26, 6.23, 6.33, 6.21, 58917.2, 36895931, 0.90, 1.92, 0.84, 122856.00185
2017-11-09, 1, wei_ruo, 6.88, 6.26, 0.16, 6.25, 6.28, 6.29, 6.22, 50787.32, 31732399, 0.78, 1.12, 0.72, 242859.9
2017-11-10, 1, wei_ruo, 6.87, 6.26, 0.48, 6.23, 6.23, 6.28, 6.21, 27914.59, 17438547, 0.43, 1.12, 0.79, 858.66308
2017-11-13, 1, wei_ruo, 6.87, 6.25, 0.48, 6.22, 6.25, 6.29, 6.23, 56738, 35509596, 0.87, 0.96, 1.07, 614.17007
2017-11-14, 1, wei_ruo, 6.86, 6.18, -1.12, 6.25, 6.24, 6.24, 6.17, 59622.56, 36899357, 0.91, 1.12, 1.08, 2752.05684
2017-11-15, 1, wei_ruo, 6.85, 6.08, -1.62, 6.18, 6.16, 6.19, 6.06, 72533, 44297031, 1.11, 2.10, 1.27, 851.21107
2017-11-16, 1, wei_ruo, 6.85, 6.04, -0.66, 6.08, 6.09, 6.10, 6.02, 38327, 23250488, 0.59, 1.32, 0.64, 857.58591
2017-11-17, 1, wei_ruo, 6.84, 5.82, -3.64, 6.04, 6.03, 6.06, 5.81, 87189.73, 51456266, 1.34, 4.14, 1.52, 611.44304
2017-11-20, 1, wei_ruo, 6.83, 5.69, -2.23, 5.82, 5.80, 5.82, 5.31, 58339.28, 32613069, 0.89, 8.76, 0.93, 712.37898
2017-11-21, 1, wei_ruo, 6.82, 5.55, -2.46, 5.69, 5.67, 5.70, 5.51, 52891, 29588786, 0.81, 3.34, 0.84, 643.97907
2017-11-22, 1, wei_ruo, 6.80, 5.62, 1.26, 5.55, 5.52, 5.90, 5.52, 95889.64, 54660546, 1.47, 6.85, 1.55, 824.10502
2017-11-23, 1, wei_ruo, 6.79, 5.44, -3.20, 5.62, 5.61, 5.63, 5.42, 58766.21, 32457921, 0.90, 3.74, 0.88, 665.6692
2017-11-24, 1, wei_ruo, 6.78, 5.46, 0.37, 5.44, 5.42, 5.51, 5.42, 31994, 17521999, 0.49, 1.65, 0.45, 686.80096
2017-11-27, 1, wei_ruo, 6.78, 5.42, -0.73, 5.46, 5.43, 5.51, 5.41, 26375, 14400823, 0.40, 1.83, 0.44, 740.84783
2017-11-28, 1, wei_ruo, 6.77, 5.46, 0.74, 5.42, 5.40, 5.47, 5.37, 30682.03, 16624627, 0.47, 1.85, 0.58, 636.24811
2017-11-29, 1, wei_ruo, 6.76, 5.51, 0.92, 5.46, 5.47, 5.53, 5.42, 34186.84, 18717109, 0.52, 2.01, 0.70, 669.27886
2017-11-30, 1, wei_ruo, 6.76, 5.45, -1.09, 5.51, 5.51, 5.54, 5.44, 33192.84, 18229971, 0.51, 1.81, 0.91, 2717.15689
2017-12-01, 1, wei_ruo, 6.75, 5.47, 0.37, 5.45, 5.45, 5.50, 5.44, 24140.02, 13203997, 0.37, 1.10, 0.77, 628.51715
2017-12-04, 1, wei_ruo, 6.75, 5.43, -0.73, 5.47, 5.47, 5.50, 5.42, 26937.88, 14712726, 0.41, 1.46, 0.91, 960.38413
2017-12-05, 1, wei_ruo, 6.73, 5.20, -4.24, 5.43, 5.43, 5.47, 5.16, 50767.02, 26946102, 0.78, 5.71, 1.70, 779.06179
2017-12-06, 1, wei_ruo, 6.73, 5.24, 0.77, 5.20, 5.18, 5.25, 5.15, 21445.21, 11155426, 0.33, 1.92, 0.63, 1125.44799
2017-12-07, 1, wei_ruo, 6.72, 5.26, 0.38, 5.24, 5.24, 5.27, 5.21, 20813.71, 10908158, 0.32, 1.15, 0.67, 648.072
2017-12-08, 1, wei_ruo, 6.72, 5.30, 0.76, 5.26, 5.27, 5.30, 5.25, 25388.73, 13418379, 0.39, 0.95, 0.88, 760.96988
2017-12-11, 1, wei_ruo, 6.71, 5.34, 0.75, 5.30, 5.32, 5.34, 5.29, 23016, 12240031, 0.35, 0.94, 0.79, 633.52919
2017-12-12, 1, wei_ruo, 6.71, 5.23, -2.06, 5.34, 5.32, 5.33, 5.22, 23200.32, 12246557, 0.36, 2.06, 0.82, 704.48399
2017-12-13, 1, wei_ruo, 6.70, 5.27, 0.76, 5.23, 5.21, 5.31, 5.21, 20494.49, 10806892, 0.31, 1.91, 0.90, 1083.56595
2017-12-14, 1, wei_ruo, 6.70, 5.28, 0.19, 5.27, 5.26, 5.29, 5.23, 25872.1, 13587981, 0.40, 1.14, 1.15, 832.8371
2017-12-15, 1, wei_ruo, 6.69, 5.28, 0.00, 5.28, 5.28, 5.29, 5.22, 25205.19, 13243415, 0.39, 1.33, 1.07, 523.17715
2017-12-18, 1, wei_ruo, 6.69, 5.26, -0.38, 5.28, 5.28, 5.34, 5.22, 29915, 15831226, 0.46, 2.27, 1.27, 1117.92302
2017-12-19, 1, wei_ruo, 6.68, 5.28, 0.38, 5.26, 5.25, 5.30, 5.24, 21096, 11133497, 0.32, 1.14, 0.85, 941.18094
2017-12-20, 1, wei_ruo, 6.67, 5.12, -3.03, 5.28, 5.28, 5.29, 5.10, 44820, 23215816, 0.69, 3.60, 1.83, 699.10789
2017-12-21, 1, wei_ruo, 6.66, 5.12, 0.00, 5.12, 5.14, 5.16, 5.08, 31251, 16017259, 0.48, 1.56, 1.06, 2945.12892
2017-12-22, 1, wei_ruo, 6.66, 5.08, -0.78, 5.12, 5.15, 5.15, 5.07, 27652.06, 14120287, 0.42, 1.56, 0.91, 775.08116
2017-12-25, 1, wei_ruo, 6.64, 4.93, -2.95, 5.08, 5.05, 5.08, 4.92, 53882.02, 26755222, 0.83, 3.15, 1.74, 664.26992
2017-12-26, 1, wei_ruo, 6.63, 5.00, 1.42, 4.93, 4.97, 5.05, 4.93, 43184, 21572919, 0.66, 2.43, 1.21, 542.08398
2017-12-27, 1, wei_ruo, 6.62, 5.06, 1.20, 5.00, 5.00, 5.08, 5.00, 42276.02, 21347041, 0.65, 1.60, 1.05, 588.727
2017-12-29, 1, wei_ruo, 6.61, 5.13, 0.98, 5.08, 5.09, 5.16, 5.09, 40513.62, 20763222, 0.62, 1.38, 0.98, 745.67103
2018-01-03, 1, wei_ruo, 6.59, 5.18, 0.97, 5.13, 5.15, 5.21, 5.14, 44222.06, 22907076, 0.68, 1.36, 1.15, 891.31784
2018-01-04, 1, wei_ruo, 6.57, 5.40, 4.25, 5.18, 5.20, 5.49, 5.15, 79361.44, 41710958, 1.22, 6.56, 2.05, 1044.99483
2018-01-05, 1, wei_ruo, 6.56, 5.26, -2.59, 5.40, 5.30, 5.35, 5.23, 84107.91, 44440875, 1.29, 2.22, 1.82, 706.67005
2018-01-08, 1, wei_ruo, 6.55, 5.25, -0.19, 5.26, 5.25, 5.28, 5.18, 37489.94, 19574422, 0.57, 1.90, 0.66, 574.40996
2018-01-09, 1, wei_ruo, 6.54, 5.20, -0.95, 5.25, 5.26, 5.28, 5.18, 29726.49, 15480380, 0.46, 1.90, 0.52, 1158.37598
2018-01-10, 1, wei_ruo, 6.53, 5.12, -1.54, 5.20, 5.22, 5.23, 5.08, 37956, 19516439, 0.58, 2.88, 0.69, 690.38105
2018-01-11, 1, wei_ruo, 6.53, 5.14, 0.39, 5.12, 5.10, 5.18, 5.05, 30352.48, 15542736, 0.46, 2.54, 0.56, 608.06894
2018-01-12, 1, wei_ruo, 6.52, 5.14, 0.00, 5.14, 5.13, 5.18, 5.11, 27955, 14393547, 0.43, 1.36, 0.64, 680.70889
2018-01-15, 1, wei_ruo, 6.51, 4.99, -2.92, 5.14, 5.14, 5.15, 4.98, 46081.02, 23241662, 0.71, 3.31, 1.41, 544.50893
2018-01-16, 1, wei_ruo, 6.50, 5.09, 2.00, 4.99, 5.00, 5.18, 4.97, 47309.34, 24060182, 0.72, 4.21, 1.37, 553.80201
2018-01-17, 1, wei_ruo, 6.48, 5.20, 2.16, 5.09, 5.09, 5.30, 5.01, 80135.26, 41426417, 1.23, 5.70, 2.11, 714.44297
2018-01-18, 1, wei_ruo, 6.48, 5.13, -1.35, 5.20, 5.16, 5.18, 5.10, 39457.46, 20249716, 0.60, 1.54, 0.85, 479.4569
2018-01-19, 1, wei_ruo, 6.47, 5.08, -0.97, 5.13, 5.11, 5.14, 5.04, 46192.52, 23416803, 0.71, 1.95, 0.96, 488.39402
2018-01-22, 1, wei_ruo, 6.46, 5.07, -0.20, 5.08, 5.03, 5.09, 5.01, 34157.02, 17264415, 0.52, 1.57, 0.66, 654.02198
2018-01-23, 1, wei_ruo, 6.45, 5.05, -0.39, 5.07, 5.08, 5.09, 5.05, 31368.34, 15875282, 0.48, 0.79, 0.63, 655.267
2018-01-24, 1, wei_ruo, 6.44, 5.06, 0.20, 5.05, 5.05, 5.07, 5.02, 37589.19, 18960486, 0.58, 0.99, 0.81, 604.54512
2018-01-25, 1, wei_ruo, 6.43, 5.08, 0.40, 5.06, 5.05, 5.17, 5.03, 60330, 30778678, 0.92, 2.77, 1.60, 709.80501
2018-01-26, 1, wei_ruo, 6.41, 5.16, 1.57, 5.08, 5.08, 5.34, 5.04, 117531.94, 61095269, 1.80, 5.91, 2.80, 642.56597
2018-01-29, 1, wei_ruo, 6.39, 5.10, -1.16, 5.16, 5.20, 5.20, 5.05, 85671.02, 43802450, 1.31, 2.91, 1.52, 789.59107
2018-01-30, 1, wei_ruo, 6.37, 5.20, 1.96, 5.10, 5.08, 5.29, 5.06, 97007.46, 50272136, 1.49, 4.51, 1.46, 574.229
2018-01-31, 1, wei_ruo, 6.36, 5.11, -1.73, 5.20, 5.15, 5.23, 5.08, 82258.94, 42276346, 1.26, 2.88, 1.03, 680.14097
2018-02-01, 1, wei_ruo, 6.34, 4.81, -5.87, 5.11, 5.08, 5.09, 4.79, 98515.04, 48465141, 1.51, 5.87, 1.11, 575.9151
2018-02-02, 1, wei_ruo, 6.33, 4.72, -1.87, 4.81, 4.80, 4.80, 4.60, 40713.14, 19129673, 0.62, 4.16, 0.42, 854.42305
2018-02-05, 1, wei_ruo, 6.32, 4.72, 0.00, 4.72, 4.68, 4.78, 4.63, 30895.2, 14554022, 0.47, 3.18, 0.38, 786.77011
2018-02-06, 1, wei_ruo, 6.30, 4.30, -8.90, 4.72, 4.65, 4.66, 4.27, 57751.97, 26037182, 0.88, 8.26, 0.83, 564.06903
2018-02-07, 1, wei_ruo, 6.29, 4.35, 1.16, 4.30, 4.38, 4.48, 4.25, 35980.2, 15665715, 0.55, 5.35, 0.58, 790.50517
2018-02-08, 1, wei_ruo, 6.28, 4.50, 3.45, 4.35, 4.35, 4.68, 4.30, 55000.94, 24520004, 0.84, 8.74, 1.40, 722.33796
2018-02-09, 1, wei_ruo, 6.26, 4.32, -4.00, 4.50, 4.35, 4.46, 4.29, 45891.2, 20026015, 0.70, 3.78, 0.97, 797.3659
2018-02-12, 1, wei_ruo, 6.25, 4.49, 3.94, 4.32, 4.40, 4.55, 4.34, 36585.75, 16312896, 0.56, 4.86, 0.74, 2875.46802
2018-02-13, 1, wei_ruo, 6.24, 4.55, 1.34, 4.49, 4.64, 4.77, 4.54, 42718, 19720716, 0.65, 5.12, 1.06, 598.06895
2018-02-14, 1, wei_ruo, 6.24, 4.59, 0.88, 4.55, 4.59, 4.62, 4.52, 20356, 9328084, 0.31, 2.20, 0.51, 766.01386
