2015-08-20, 1, wei_ruo, 4.22, 4.55, -0.44, 4.57, 4.59, 4.61, 4.54, 2265574.75, 1036189274, 0.08, 1.53, 0.90, 820.77193
2015-08-21, 1, wei_ruo, 4.22, 4.54, -0.22, 4.55, 4.52, 4.62, 4.52, 3916046.82, 1788192559, 0.15, 2.20, 1.53, 2084.33914
2015-08-24, 1, wei_ruo, 4.22, 4.10, -9.69, 4.54, 4.48, 4.48, 4.09, 5275063.99, 2243120843, 0.20, 8.59, 1.75, 18681.74887
2015-08-25, 1, wei_ruo, 4.22, 3.89, -5.12, 4.10, 3.98, 4.21, 3.81, 5336077.96, 2138834881, 0.20, 9.76, 1.47, 1124.93181
2015-08-26, 1, wei_ruo, 4.22, 4.05, 4.11, 3.89, 3.97, 4.11, 3.81, 5961083.24, 2368997956, 0.22, 7.71, 1.48, 2894.75894
2015-08-27, 1, wei_ruo, 4.22, 4.24, 4.69, 4.05, 4.06, 4.25, 3.95, 5637205.63, 2303939003, 0.21, 7.41, 1.24, 1892.53306
2015-08-28, 1, wei_ruo, 4.22, 4.23, -0.24, 4.24, 4.22, 4.27, 4.16, 3682563.22, 1547716465, 0.14, 2.59, 0.70, 902.32396
2015-08-31, 1, wei_ruo, 4.22, 4.19, -0.95, 4.23, 4.18, 4.21, 4.11, 3002306.68, 1250690587, 0.11, 2.36, 0.58, 3082.60393
2015-09-01, 1, wei_ruo, 4.22, 4.50, 7.40, 4.19, 4.19, 4.53, 4.17, 10185412.33, 4491813878, 0.38, 8.59, 2.16, 994.87495
2015-09-02, 1, wei_ruo, 4.22, 4.95, 10.00, 4.50, 4.37, 4.95, 4.34, 13946057, 6542698024, 0.52, 13.56, 2.45, 1042.66191
2015-09-02, 1, wei_ruo, 4.22, 4.95, 10.00, 4.50, 4.37, 4.95, 4.34, 13946057, 6542698024, 0.52, 13.56, 2.45, 1062.86192
2015-09-02, 1, wei_ruo, 4.22, 4.95, 10.00, 4.50, 4.37, 4.95, 4.34, 13946057, 6542698024, 0.52, 13.56, 2.45, 1023.66209
2015-09-07, 1, wei_ruo, 4.23, 4.52, -8.69, 4.95, 4.73, 4.75, 4.49, 6485427.68, 2988526834, 0.24, 5.25, 0.89, 1138.95321
2015-09-08, 1, wei_ruo, 4.23, 4.50, -0.44, 4.52, 4.44, 4.54, 4.35, 4041994.01, 1800877175, 0.15, 4.20, 0.54, 1113.93094
2015-09-09, 1, wei_ruo, 4.23, 4.50, 0.00, 4.50, 4.45, 4.53, 4.42, 3662166.91, 1636333850, 0.14, 2.44, 0.49, 942.03305
2015-09-10, 1, wei_ruo, 4.23, 4.47, -0.67, 4.50, 4.46, 4.49, 4.43, 1844336.34, 822389651, 0.07, 1.33, 0.24, 848.6371
2015-09-11, 1, wei_ruo, 4.23, 4.43, -0.89, 4.47, 4.45, 4.47, 4.42, 1286084.36, 572234122, 0.05, 1.12, 0.21, 1103.00398
2015-09-14, 1, wei_ruo, 4.23, 4.52, 2.03, 4.43, 4.42, 4.60, 4.37, 4261499.32, 1920341379, 0.16, 5.19, 1.23, 981.64105
2015-09-15, 1, wei_ruo, 4.23, 4.54, 0.44, 4.52, 4.47, 4.58, 4.44, 3828414.76, 1729309198, 0.14, 3.10, 1.27, 1013.72814
2015-09-16, 1, wei_ruo, 4.23, 4.53, -0.22, 4.54, 4.48, 4.59, 4.44, 2388099.51, 1073991411, 0.09, 3.30, 0.80, 1547.29104
2015-09-17, 1, wei_ruo, 4.23, 4.52, -0.22, 4.53, 4.51, 4.58, 4.50, 2143631.52, 974248970, 0.08, 1.77, 0.79, 1095.35813
2015-09-18, 2, qing_du, 4.23, 4.45, -1.55, 4.52, 4.51, 4.53, 4.42, 1622829.89, 727310001, 0.06, 2.43, 0.58, 859.92718
2015-09-21, 2, qing_du, 4.23, 4.42, -0.67, 4.45, 4.42, 4.44, 4.36, 1645946.16, 723810623, 0.06, 1.80, 0.58, 1012.0461
2015-09-22, 2, qing_du, 4.23, 4.44, 0.45, 4.42, 4.42, 4.46, 4.40, 1359496.47, 602505616, 0.05, 1.36, 0.58, 1005.23806
2015-09-23, 2, qing_du, 4.23, 4.37, -1.58, 4.44, 4.41, 4.43, 4.36, 1107863.08, 486081047, 0.04, 1.58, 0.60, 829.26297
2015-09-24, 1, wei_ruo, 4.23, 4.37, 0.00, 4.37, 4.38, 4.40, 4.35, 775560.04, 339021038, 0.03, 1.14, 0.49, 994.45295
2015-09-25, 1, wei_ruo, 4.23, 4.45, 1.83, 4.37, 4.36, 4.47, 4.35, 1798789.57, 792278246, 0.07, 2.75, 1.38, 1036.30996
2015-09-28, 1, wei_ruo, 4.23, 4.38, -1.57, 4.45, 4.41, 4.44, 4.36, 937731.45, 410812147, 0.03, 1.80, 0.70, 1004.26602
2015-09-29, 1, wei_ruo, 4.23, 4.32, -1.37, 4.38, 4.36, 4.36, 4.31, 935858.42, 405256104, 0.03, 1.14, 0.78, 998.34681
2015-09-30, 1, wei_ruo, 4.23, 4.32, 0.00, 4.32, 4.33, 4.37, 4.32, 717159.72, 311465580, 0.03, 1.16, 0.65, 933.61497
2015-10-08, 1, wei_ruo, 4.23, 4.38, 1.39, 4.32, 4.40, 4.42, 4.37, 1207007.12, 530081589, 0.04, 1.16, 1.17, 765.54918
2015-10-14, 2, qing_du, 4.23, 4.43, -0.45, 4.45, 4.43, 4.45, 4.41, 884566.76, 391745032, 0.03, 0.90, 0.71, 967.41009
2015-10-15, 2, qing_du, 4.23, 4.49, 1.35, 4.43, 4.43, 4.49, 4.41, 1137609.95, 507596679, 0.04, 1.81, 0.89, 737.29014
2015-10-16, 2, qing_du, 4.23, 4.50, 0.22, 4.49, 4.50, 4.51, 4.48, 1379631.08, 620409291, 0.05, 0.67, 1.09, 1185.22191
2015-10-19, 2, qing_du, 4.23, 4.49, -0.22, 4.50, 4.50, 4.53, 4.48, 1269783.77, 571823910, 0.05, 1.11, 0.98, 1099.01595
2015-10-29, 3, zhong_du, 4.23, 4.58, -0.65, 4.61, 4.60, 4.62, 4.57, 1321768.2, 606674559, 0.05, 1.08, 0.69, 885.91599
2015-10-30, 3, zhong_du, 4.23, 4.57, -0.22, 4.58, 4.58, 4.60, 4.56, 1159875.39, 530913896, 0.04, 0.87, 0.70, 1053.23315
2015-11-02, 2, qing_du, 4.23, 4.52, -1.09, 4.57, 4.55, 4.60, 4.52, 1157456.33, 527258370, 0.04, 1.75, 0.78, 982.06806
2015-11-03, 2, qing_du, 4.23, 4.45, -1.55, 4.52, 4.52, 4.53, 4.44, 1378801.54, 616684723, 0.05, 1.99, 0.97, 2821.11883
2015-11-04, 2, qing_du, 4.23, 4.56, 2.47, 4.45, 4.44, 4.57, 4.43, 2156931.9, 972451983, 0.08, 3.15, 1.59, 1005.48482
2015-11-05, 2, qing_du, 4.23, 4.64, 1.75, 4.56, 4.53, 4.72, 4.52, 4509535.25, 2092087439, 0.17, 4.39, 3.14, 1357.06091
2015-11-06, 2, qing_du, 4.23, 4.65, 0.22, 4.64, 4.62, 4.65, 4.58, 2436452.22, 1123743123, 0.09, 1.51, 1.18, 1293.40196
2015-11-09, 2, qing_du, 4.23, 4.80, 3.23, 4.65, 4.69, 4.92, 4.66, 5248615.38, 2526205864, 0.19, 5.59, 2.25, 16761.57904
2015-11-10, 3, zhong_du, 4.24, 4.73, -1.46, 4.80, 4.76, 4.79, 4.70, 2619248, 1240401018, 0.10, 1.88, 0.83, 417.35196
2015-11-11, 3, zhong_du, 4.24, 4.70, -0.63, 4.73, 4.71, 4.72, 4.66, 1945743.16, 912946385, 0.07, 1.27, 0.57, 270.03503
2015-11-12, 3, zhong_du, 4.24, 4.65, -1.06, 4.70, 4.68, 4.70, 4.62, 1514351.82, 705887601, 0.06, 1.70, 0.45, 788.25092
2015-11-13, 3, zhong_du, 4.24, 4.60, -1.08, 4.65, 4.63, 4.65, 4.60, 1322840.93, 610780189, 0.05, 1.08, 0.48, 1150.11811
2015-11-16, 3, zhong_du, 4.24, 4.65, 1.09, 4.60, 4.57, 4.65, 4.56, 1609221.98, 742615289, 0.06, 1.96, 0.64, 949.76497
2015-11-17, 3, zhong_du, 4.24, 4.67, 0.43, 4.65, 4.65, 4.71, 4.63, 1829210.46, 855381585, 0.07, 1.72, 1.01, 1538.059
2015-11-18, 3, zhong_du, 4.24, 4.68, 0.21, 4.67, 4.66, 4.71, 4.63, 1670329.69, 780102614, 0.06, 1.71, 1.02, 1152.45008
2015-11-19, 3, zhong_du, 4.24, 4.68, 0.00, 4.68, 4.66, 4.69, 4.65, 1167166.86, 545087059, 0.04, 0.85, 0.73, 32220.35193
2015-11-20, 3, zhong_du, 4.24, 4.66, -0.43, 4.68, 4.67, 4.68, 4.64, 1400728.29, 651784438, 0.05, 0.85, 0.92, 16601.16315
2015-11-23, 3, zhong_du, 4.24, 4.65, -0.21, 4.66, 4.66, 4.66, 4.61, 1694883.8, 785636021, 0.06, 1.07, 1.10, 1090.05094
2015-11-24, 3, zhong_du, 4.24, 4.64, -0.22, 4.65, 4.64, 4.65, 4.59, 1908586.4, 881859994, 0.07, 1.29, 1.23, 1105.31878
2015-11-25, 3, zhong_du, 4.24, 4.66, 0.43, 4.64, 4.62, 4.67, 4.61, 1930521.12, 895611431, 0.07, 1.29, 1.23, 940.51099
2015-11-26, 3, zhong_du, 4.24, 4.68, 0.43, 4.66, 4.65, 4.69, 4.65, 1840041.27, 859312173, 0.07, 0.86, 1.14, 772.97902
2015-11-27, 2, qing_du, 4.24, 4.58, -2.14, 4.68, 4.66, 4.68, 4.54, 1567708.59, 722141108, 0.06, 2.99, 0.89, 766.53099
2015-11-30, 2, qing_du, 4.24, 4.62, 0.87, 4.58, 4.57, 4.63, 4.56, 2081528.48, 956407071, 0.08, 1.53, 1.16, 854.15196
2015-12-01, 2, qing_du, 4.24, 4.55, -1.52, 4.62, 4.59, 4.59, 4.52, 1890935.53, 858728002, 0.07, 1.52, 1.01, 1263.67807
2015-12-02, 2, qing_du, 4.24, 4.72, 3.74, 4.55, 4.54, 4.73, 4.53, 4011602.31, 1866487005, 0.15, 4.40, 2.15, 815.79304
2015-12-03, 2, qing_du, 4.24, 4.86, 2.97, 4.72, 4.68, 4.91, 4.65, 7021188.88, 3379124154, 0.26, 5.51, 3.08, 767.1392
2015-12-04, 3, zhong_du, 4.25, 4.69, -3.50, 4.86, 4.80, 4.81, 4.68, 2057772.83, 975947184, 0.08, 2.67, 0.62, 2530.29799
2015-12-07, 3, zhong_du, 4.25, 4.66, -0.64, 4.69, 4.70, 4.71, 4.63, 1259715.05, 586484752, 0.05, 1.71, 0.37, 4503.09086
2015-12-08, 3, zhong_du, 4.25, 4.62, -0.86, 4.66, 4.63, 4.68, 4.57, 1724150.66, 794501594, 0.06, 2.36, 0.53, 2688.71689
2015-12-09, 2, qing_du, 4.25, 4.66, 0.87, 4.62, 4.61, 4.67, 4.60, 906899.96, 420770340, 0.03, 1.52, 0.28, 552.11401
2015-12-10, 2, qing_du, 4.25, 4.61, -1.07, 4.66, 4.65, 4.70, 4.60, 1265449.75, 588094703, 0.05, 2.15, 0.49, 778.74088
2015-12-11, 2, qing_du, 4.25, 4.59, -0.43, 4.61, 4.60, 4.61, 4.56, 1119425.25, 512158197, 0.04, 1.08, 0.78, 908.61106
2015-12-14, 1, wei_ruo, 4.25, 4.65, 1.31, 4.59, 4.57, 4.65, 4.56, 1491839.83, 687866764, 0.06, 1.96, 1.19, 2060.09412
2015-12-15, 1, wei_ruo, 4.25, 4.60, -1.08, 4.65, 4.64, 4.65, 4.59, 900214.42, 415001735, 0.03, 1.29, 0.69, 842.0949
2015-12-16, 1, wei_ruo, 4.25, 4.59, -0.22, 4.60, 4.61, 4.62, 4.57, 838050.22, 384868814, 0.03, 1.09, 0.74, 821.41805
2015-12-17, 1, wei_ruo, 4.25, 4.62, 0.65, 4.59, 4.60, 4.64, 4.59, 925199.56, 427421361, 0.03, 1.09, 0.82, 776.62492
2015-12-18, 1, wei_ruo, 4.25, 4.62, 0.00, 4.62, 4.61, 4.71, 4.60, 1978368.99, 918940042, 0.07, 2.38, 1.88, 731.88305
2015-12-21, 1, wei_ruo, 4.25, 4.69, 1.52, 4.62, 4.60, 4.71, 4.59, 2500209.48, 1164770435, 0.09, 2.60, 2.04, 1093.82892
2015-12-22, 2, qing_du, 4.25, 4.67, -0.43, 4.69, 4.69, 4.72, 4.65, 1460028.53, 683260194, 0.05, 1.49, 1.02, 745.75901
2015-12-23, 2, qing_du, 4.25, 4.67, 0.00, 4.67, 4.66, 4.71, 4.64, 2369113.83, 1106403893, 0.09, 1.50, 1.54, 2677.47808
2015-12-24, 2, qing_du, 4.25, 4.65, -0.43, 4.67, 4.68, 4.68, 4.62, 1623466.93, 753829644, 0.06, 1.28, 0.88, 999.76492
2015-12-25, 1, wei_ruo, 4.25, 4.65, 0.00, 4.65, 4.65, 4.66, 4.64, 867766.33, 403425511, 0.03, 0.43, 0.44, 729.11501
2015-12-28, 1, wei_ruo, 4.25, 4.59, -1.29, 4.65, 4.65, 4.66, 4.59, 1466975.58, 678333541, 0.05, 1.51, 0.83, 915.4489
2015-12-29, 1, wei_ruo, 4.25, 4.61, 0.44, 4.59, 4.59, 4.61, 4.58, 1245650.23, 572319054, 0.05, 0.65, 0.80, 2795.3341
2015-12-30, 1, wei_ruo, 4.25, 4.61, 0.00, 4.61, 4.60, 4.62, 4.58, 824085.64, 378882612, 0.03, 0.87, 0.53, 2729.76017
2015-12-31, 1, wei_ruo, 4.25, 4.58, -0.65, 4.61, 4.60, 4.61, 4.58, 979252.07, 449656193, 0.04, 0.65, 0.63, 938.71379
2016-01-04, 1, wei_ruo, 4.25, 4.45, -2.84, 4.58, 4.58, 4.59, 4.44, 1475086.85, 669360275, 0.05, 3.28, 1.47, 4760.07509
2016-01-05, 1, wei_ruo, 4.25, 4.47, 0.45, 4.45, 4.42, 4.51, 4.38, 1606292.84, 715484718, 0.06, 2.92, 1.03, 789.70599
2016-01-06, 1, wei_ruo, 4.25, 4.51, 0.89, 4.47, 4.45, 4.52, 4.45, 1131772.63, 508161231, 0.04, 1.57, 0.73, 952.281
2016-01-07, 1, wei_ruo, 4.25, 4.43, -1.77, 4.51, 4.49, 4.50, 4.42, 344915.08, 153712624, 0.01, 1.77, 1.77, 701.22814
2016-01-08, 1, wei_ruo, 4.25, 4.46, 0.68, 4.43, 4.44, 4.49, 4.40, 1861344.74, 827886955, 0.07, 2.03, 1.20, 9798.81907
2016-01-11, 1, wei_ruo, 4.25, 4.32, -3.14, 4.46, 4.43, 4.43, 4.31, 1647020.51, 722038638, 0.06, 2.69, 1.06, 1006.74605
2016-01-12, 1, wei_ruo, 4.25, 4.32, 0.00, 4.32, 4.36, 4.38, 4.31, 1157543.35, 502307243, 0.04, 1.62, 0.74, 842.93294
2016-01-13, 1, wei_ruo, 4.25, 4.30, -0.46, 4.32, 4.35, 4.35, 4.29, 1015443.85, 439299085, 0.04, 1.39, 0.65, 955.67799
2016-01-14, 1, wei_ruo, 4.25, 4.31, 0.23, 4.30, 4.26, 4.31, 4.21, 1310475.47, 559263229, 0.05, 2.33, 0.84, 688.95984
2016-01-15, 1, wei_ruo, 4.25, 4.23, -1.86, 4.31, 4.29, 4.30, 4.21, 1011907.6, 430207041, 0.04, 2.09, 0.65, 941.05983
2016-01-18, 1, wei_ruo, 4.25, 4.19, -0.95, 4.23, 4.19, 4.25, 4.17, 1194841.35, 502408250, 0.04, 1.89, 0.77, 4408.02097
2016-01-19, 1, wei_ruo, 4.25, 4.25, 1.43, 4.19, 4.19, 4.27, 4.18, 981357.74, 415090802, 0.04, 2.15, 0.63, 777.23312
2016-01-20, 1, wei_ruo, 4.25, 4.22, -0.71, 4.25, 4.25, 4.25, 4.17, 1065847.38, 448627145, 0.04, 1.88, 0.68, 690.98306
2016-01-21, 1, wei_ruo, 4.25, 4.18, -0.95, 4.22, 4.20, 4.26, 4.18, 846015.8, 356768999, 0.03, 1.90, 0.54, 2683.96592
2016-01-22, 1, wei_ruo, 4.25, 4.22, 0.96, 4.18, 4.21, 4.22, 4.18, 846964.99, 355912034, 0.03, 0.96, 0.54, 2755.21207
2016-01-25, 1, wei_ruo, 4.25, 4.23, 0.24, 4.22, 4.22, 4.25, 4.20, 627689.98, 264870077, 0.02, 1.18, 0.40, 800.19498
2016-01-26, 1, wei_ruo, 4.25, 4.08, -3.55, 4.23, 4.21, 4.22, 4.05, 1123814.08, 464737013, 0.04, 4.02, 0.72, 632.50995
2016-01-27, 1, wei_ruo, 4.25, 4.11, 0.74, 4.08, 4.09, 4.15, 4.06, 1524786.45, 625439810, 0.06, 2.21, 0.98, 1721.97604
2016-01-28, 1, wei_ruo, 4.25, 4.05, -1.46, 4.11, 4.10, 4.10, 4.02, 901993.34, 366284746, 0.03, 1.95, 0.58, 3511.35015
2016-01-29, 1, wei_ruo, 4.25, 4.10, 1.23, 4.05, 4.04, 4.12, 4.03, 1375856.43, 561102779, 0.05, 2.22, 0.88, 955.20401
2016-02-01, 1, wei_ruo, 4.25, 4.03, -1.71, 4.10, 4.09, 4.09, 4.00, 1040283.1, 419801086, 0.04, 2.20, 0.67, 767.12203
2016-02-02, 1, wei_ruo, 4.25, 4.05, 0.50, 4.03, 4.02, 4.07, 4.00, 926455.8, 374582495, 0.03, 1.74, 0.59, 2867.37919
2016-02-03, 1, wei_ruo, 4.25, 4.01, -0.99, 4.05, 4.02, 4.03, 3.97, 779351.78, 311360878, 0.03, 1.48, 0.50, 1084.11312
2016-02-04, 1, wei_ruo, 4.25, 4.02, 0.25, 4.01, 4.02, 4.04, 4.00, 735629.43, 295717776, 0.03, 1.00, 0.47, 2842.10205
2016-02-05, 1, wei_ruo, 4.25, 4.01, -0.25, 4.02, 4.02, 4.03, 4.00, 712044.11, 285791576, 0.03, 0.75, 0.46, 815.57608
2016-02-15, 1, wei_ruo, 4.25, 3.97, -1.00, 4.01, 3.94, 3.99, 3.93, 582265.8, 230698475, 0.02, 1.50, 0.37, 884.75394
2016-02-16, 1, wei_ruo, 4.25, 4.05, 2.02, 3.97, 3.98, 4.06, 3.98, 853279.8, 344057239, 0.03, 2.02, 0.55, 1003.40509
2016-02-17, 1, wei_ruo, 4.25, 4.04, -0.25, 4.05, 4.04, 4.06, 4.02, 840846.58, 339602600, 0.03, 0.99, 0.54, 3013.94105
2016-02-18, 1, wei_ruo, 4.25, 4.06, 0.50, 4.04, 4.05, 4.07, 4.04, 884365.27, 358776063, 0.03, 0.74, 0.57, 941.58411
2016-02-19, 1, wei_ruo, 4.25, 4.03, -0.74, 4.06, 4.04, 4.05, 4.01, 695877.73, 280272036, 0.03, 0.99, 0.56, 189.36992
2016-02-22, 1, wei_ruo, 4.25, 4.08, 1.49, 4.02, 4.04, 4.11, 4.02, 1317208.94, 535540776, 0.05, 2.24, 1.61, 788.25402
2016-02-23, 1, wei_ruo, 4.24, 4.05, -0.74, 4.08, 4.08, 4.08, 4.03, 691483.56, 279795157, 0.03, 1.23, 0.71, 756.77919
2016-02-24, 1, wei_ruo, 4.24, 4.05, 0.00, 4.05, 4.04, 4.06, 4.02, 745897.77, 301650995, 0.03, 0.99, 0.80, 812.92391
2016-02-25, 1, wei_ruo, 4.24, 4.01, -0.99, 4.05, 4.05, 4.08, 4.00, 2212644.53, 894572070, 0.08, 1.98, 2.42, 253.17097
2016-02-26, 1, wei_ruo, 4.24, 4.02, 0.25, 4.01, 4.01, 4.05, 4.00, 1158265.17, 466096800, 0.04, 1.25, 0.98, 831.76684
2016-02-29, 1, wei_ruo, 4.24, 4.03, 0.25, 4.02, 4.01, 4.04, 3.89, 1832341.57, 726405802, 0.07, 3.73, 1.50, 1079.84996
2016-03-01, 1, wei_ruo, 4.24, 4.03, 0.00, 4.03, 4.02, 4.03, 3.98, 854620, 342399841, 0.03, 1.24, 0.64, 2796.95582
2016-03-02, 1, wei_ruo, 4.24, 4.11, 1.99, 4.03, 4.03, 4.12, 4.01, 2080788.9, 846513560, 0.08, 2.73, 1.53, 137.03203
2016-03-03, 1, wei_ruo, 4.24, 4.13, 0.49, 4.11, 4.10, 4.14, 4.08, 1497689.11, 614992535, 0.06, 1.46, 0.92, 2436.46288
2016-03-04, 1, wei_ruo, 4.24, 4.31, 4.36, 4.13, 4.12, 4.33, 4.09, 4093032.72, 1733236939, 0.15, 5.81, 2.76, 911.97014
2016-03-07, 1, wei_ruo, 4.24, 4.29, -0.46, 4.31, 4.27, 4.31, 4.24, 1353112.3, 578835420, 0.05, 1.62, 0.65, 4525.30885
2016-03-08, 2, qing_du, 4.24, 4.33, 0.93, 4.29, 4.26, 4.34, 4.21, 1694171.54, 724083081, 0.06, 3.03, 0.86, 415.95197
2016-03-09, 2, qing_du, 4.24, 4.41, 1.85, 4.33, 4.28, 4.42, 4.26, 1884682.01, 816785904, 0.07, 3.70, 0.88, 2589.54382
2016-03-10, 3, zhong_du, 4.24, 4.32, -2.04, 4.41, 4.36, 4.38, 4.32, 1050441.32, 456423449, 0.04, 1.36, 0.50, 545.46404
2016-03-11, 3, zhong_du, 4.24, 4.34, 0.46, 4.32, 4.30, 4.34, 4.26, 1003134.85, 430996925, 0.04, 1.85, 0.50, 688.85803
2016-03-14, 3, zhong_du, 4.24, 4.30, -0.92, 4.34, 4.34, 4.34, 4.29, 1999207.94, 861302499, 0.07, 1.15, 1.43, 511.39998
2016-03-15, 3, zhong_du, 4.24, 4.26, -0.93, 4.30, 4.29, 4.29, 4.22, 1552033.45, 659491381, 0.06, 1.63, 1.02, 553.94197
2016-03-16, 3, zhong_du, 4.24, 4.32, 1.41, 4.26, 4.24, 4.35, 4.23, 2904651.43, 1251693072, 0.11, 2.82, 1.94, 1912.16207
2016-03-17, 3, zhong_du, 4.24, 4.29, -0.69, 4.32, 4.30, 4.31, 4.26, 1560983.79, 668653062, 0.06, 1.16, 0.92, 731.96816
2016-03-18, 3, zhong_du, 4.24, 4.30, 0.23, 4.29, 4.30, 4.30, 4.24, 1652224.63, 707016425, 0.06, 1.40, 0.92, 887.94017
2016-03-21, 3, zhong_du, 4.24, 4.31, 0.23, 4.30, 4.30, 4.34, 4.28, 1353079.55, 584178796, 0.05, 1.40, 0.70, 599.51115
2016-03-22, 3, zhong_du, 4.24, 4.29, -0.46, 4.31, 4.31, 4.33, 4.28, 962656.66, 414085387, 0.04, 1.16, 0.53, 635.61296
2016-03-23, 3, zhong_du, 4.24, 4.30, 0.23, 4.29, 4.30, 4.33, 4.28, 984467.51, 424380969, 0.04, 1.17, 0.58, 579.53596
2016-03-24, 3, zhong_du, 4.24, 4.26, -0.93, 4.30, 4.30, 4.31, 4.25, 737964.9, 315119492, 0.03, 1.40, 0.57, 629.89593
2016-03-25, 3, zhong_du, 4.24, 4.28, 0.47, 4.26, 4.26, 4.28, 4.25, 373514, 159544356, 0.01, 0.70, 0.33, 2657.70411
2016-03-28, 3, zhong_du, 4.24, 4.30, 0.47, 4.28, 4.27, 4.30, 4.25, 767821.96, 328072867, 0.03, 1.17, 0.87, 482.06711
2016-03-29, 3, zhong_du, 4.24, 4.25, -1.16, 4.30, 4.28, 4.30, 4.25, 858684.39, 366811037, 0.03, 1.16, 1.12, 595.00098
2016-03-30, 3, zhong_du, 4.24, 4.32, 1.65, 4.25, 4.24, 4.33, 4.24, 1426748.79, 612563262, 0.05, 2.12, 1.92, 3204.61416
2016-03-31, 4, gao_du, 4.24, 4.29, -0.69, 4.32, 4.31, 4.33, 4.28, 918631.21, 394752224, 0.03, 1.16, 1.10, 950.69408
2016-04-01, 4, gao_du, 4.24, 4.30, 0.23, 4.29, 4.29, 4.31, 4.26, 921204.39, 394940493, 0.03, 1.17, 1.06, 590.95097
2016-04-05, 4, gao_du, 4.24, 4.32, 0.47, 4.30, 4.30, 4.33, 4.28, 1000995.66, 430893535, 0.04, 1.16, 1.02, 4387.68911
2016-04-06, 4, gao_du, 4.24, 4.29, -0.69, 4.32, 4.30, 4.31, 4.28, 705707.22, 303213647, 0.03, 0.69, 0.69, 2009.85384
2016-04-07, 4, gao_du, 4.24, 4.26, -0.70, 4.29, 4.30, 4.30, 4.26, 746379.85, 319392788, 0.03, 0.93, 0.75, 709.44309
2016-04-08, 4, gao_du, 4.24, 4.26, 0.00, 4.26, 4.25, 4.29, 4.25, 466834.54, 199218573, 0.02, 0.94, 0.54, 681.16212
2016-04-11, 4, gao_du, 4.24, 4.29, 0.70, 4.26, 4.26, 4.31, 4.26, 673744.07, 289293759, 0.02, 1.17, 0.88, 515.72919
2016-04-12, 4, gao_du, 4.24, 4.28, -0.23, 4.29, 4.29, 4.30, 4.28, 481950.29, 206670586, 0.02, 0.47, 0.67, 677.97804
2016-04-13, 5, qiang_lie, 4.24, 4.32, 0.93, 4.28, 4.29, 4.34, 4.29, 1534129.51, 662774061, 0.06, 1.17, 2.49, 608.17909
2016-04-14, 5, qiang_lie, 4.24, 4.31, -0.23, 4.32, 4.33, 4.33, 4.31, 440858.83, 190430882, 0.02, 0.46, 0.56, 4654.54102
2016-04-15, 5, qiang_lie, 4.24, 4.30, -0.23, 4.31, 4.33, 4.33, 4.29, 681583.57, 293723687, 0.03, 0.93, 0.95, 667.31
2016-04-18, 5, qiang_lie, 4.24, 4.29, -0.23, 4.30, 4.29, 4.30, 4.26, 932358.07, 398952652, 0.03, 0.93, 1.22, 698.88878
2016-04-19, 5, qiang_lie, 4.24, 4.29, 0.00, 4.29, 4.29, 4.30, 4.27, 417914.22, 179141441, 0.02, 0.70, 0.51, 1252.01797
2016-04-20, 5, qiang_lie, 4.24, 4.29, 0.00, 4.29, 4.29, 4.29, 4.22, 1449117.27, 616860486, 0.05, 1.63, 1.81, 629.95195
2016-04-21, 5, qiang_lie, 4.24, 4.30, 0.23, 4.29, 4.26, 4.31, 4.25, 809911.92, 346995818, 0.03, 1.40, 1.03, 667.77587
2016-04-22, 5, qiang_lie, 4.24, 4.28, -0.47, 4.30, 4.28, 4.30, 4.27, 573752.76, 245818747, 0.02, 0.70, 0.67, 2496.67692
2016-04-25, 4, gao_du, 4.24, 4.27, -0.23, 4.28, 4.27, 4.28, 4.25, 445591.76, 190074175, 0.02, 0.70, 0.53, 4511.4069
2016-04-26, 3, zhong_du, 4.24, 4.28, 0.23, 4.27, 4.27, 4.29, 4.26, 494553.25, 211470592, 0.02, 0.70, 0.67, 442.85297
2016-04-27, 3, zhong_du, 4.24, 4.28, 0.00, 4.28, 4.28, 4.28, 4.26, 317015.32, 135349084, 0.01, 0.47, 0.42, 2644.75799
2016-04-28, 3, zhong_du, 4.24, 4.28, 0.00, 4.28, 4.28, 4.28, 4.25, 509012.69, 217190683, 0.02, 0.70, 0.96, 702.43788
2016-04-29, 2, qing_du, 4.24, 4.26, -0.47, 4.28, 4.27, 4.27, 4.25, 460490.86, 196077297, 0.02, 0.47, 0.98, 2728.28388
2016-05-03, 2, qing_du, 4.24, 4.28, 0.47, 4.26, 4.26, 4.29, 4.24, 759714.78, 324449921, 0.03, 1.17, 1.71, 2573.33207
2016-05-04, 2, qing_du, 4.24, 4.27, -0.23, 4.28, 4.27, 4.28, 4.26, 403691.42, 172470706, 0.01, 0.47, 0.79, 480.51596
2016-05-05, 3, zhong_du, 4.24, 4.28, 0.23, 4.27, 4.27, 4.28, 4.26, 450220.8, 192148936, 0.02, 0.47, 0.92, 648.68498
2016-05-06, 2, qing_du, 4.24, 4.24, -0.93, 4.28, 4.28, 4.28, 4.23, 716572.33, 305011455, 0.03, 1.17, 1.39, 192.41595
2016-05-09, 2, qing_du, 4.24, 4.17, -1.65, 4.24, 4.23, 4.24, 4.16, 714398, 300202393, 0.03, 1.89, 1.28, 2518.01801
2016-05-10, 1, wei_ruo, 4.24, 4.16, -0.24, 4.17, 4.16, 4.18, 4.14, 599314.69, 249440935, 0.02, 0.96, 0.98, 901.618
2016-05-11, 1, wei_ruo, 4.24, 4.19, 0.72, 4.16, 4.17, 4.21, 4.15, 650896.97, 271739538, 0.02, 1.44, 1.13, 2154.64592
2016-05-12, 1, wei_ruo, 4.24, 4.18, -0.24, 4.19, 4.17, 4.20, 4.15, 530216.58, 221133234, 0.02, 1.19, 0.85, 2663.45811
2016-05-13, 1, wei_ruo, 4.24, 4.22, 0.96, 4.18, 4.18, 4.23, 4.17, 778678.87, 327611690, 0.03, 1.44, 1.21, 2733.74295
2016-05-16, 1, wei_ruo, 4.24, 4.25, 0.71, 4.22, 4.20, 4.26, 4.20, 580129.56, 245542612, 0.02, 1.42, 0.89, 14449.80407
2016-05-17, 2, qing_du, 4.24, 4.25, 0.00, 4.25, 4.24, 4.26, 4.23, 409294.31, 173829866, 0.02, 0.71, 0.65, 425.13919
2016-05-18, 2, qing_du, 4.24, 4.24, -0.24, 4.25, 4.25, 4.25, 4.18, 585260.23, 247269141, 0.02, 1.65, 0.99, 357.62286
2016-05-19, 3, zhong_du, 4.24, 4.24, 0.00, 4.24, 4.23, 4.26, 4.22, 527500.06, 223875779, 0.02, 0.94, 0.91, 2621.95492
2016-05-20, 3, zhong_du, 4.24, 4.25, 0.24, 4.24, 4.24, 4.26, 4.24, 434077.75, 184533482, 0.02, 0.47, 0.75, 604.83813
2016-05-23, 3, zhong_du, 4.24, 4.26, 0.24, 4.25, 4.26, 4.28, 4.25, 431135.03, 183896312, 0.02, 0.71, 0.85, 722.37802
2016-05-24, 3, zhong_du, 4.24, 4.26, 0.00, 4.26, 4.27, 4.27, 4.24, 484888.85, 206353082, 0.02, 0.70, 1.02, 451.58386
2016-05-25, 3, zhong_du, 4.24, 4.26, 0.00, 4.26, 4.27, 4.28, 4.26, 245237.33, 104636913, 0.01, 0.47, 0.51, 2642.3862
2016-05-26, 3, zhong_du, 4.24, 4.28, 0.47, 4.26, 4.26, 4.28, 4.26, 442473.09, 189094755, 0.02, 0.47, 0.93, 536.71885
2016-05-27, 3, zhong_du, 4.24, 4.29, 0.23, 4.28, 4.27, 4.29, 4.26, 322248.93, 137788562, 0.01, 0.70, 0.67, 352.81396
2016-05-30, 3, zhong_du, 4.24, 4.30, 0.23, 4.29, 4.29, 4.31, 4.27, 845166.63, 362512632, 0.03, 0.93, 1.77, 438.42196
2016-05-31, 4, gao_du, 4.24, 4.36, 1.40, 4.30, 4.29, 4.37, 4.29, 1047404.02, 454777896, 0.04, 1.86, 2.19, 501.86801
2016-06-01, 4, gao_du, 4.24, 4.34, -0.46, 4.36, 4.36, 4.36, 4.32, 634417.51, 275364944, 0.02, 0.92, 1.33, 518.9929
2016-06-02, 4, gao_du, 4.24, 4.34, 0.00, 4.34, 4.34, 4.35, 4.33, 296487.78, 128753309, 0.01, 0.46, 0.62, 545.39895
2016-06-03, 5, qiang_lie, 4.24, 4.37, 0.69, 4.34, 4.35, 4.37, 4.32, 482063.98, 209444067, 0.02, 1.15, 1.01, 1022.861
2016-06-06, 5, qiang_lie, 4.24, 4.38, 0.23, 4.37, 4.36, 4.39, 4.35, 592764.84, 258951633, 0.02, 0.92, 1.24, 1464.0491
2016-06-07, 5, qiang_lie, 4.24, 4.40, 0.46, 4.38, 4.38, 4.42, 4.37, 588534.93, 258882505, 0.02, 1.14, 1.23, 9546.06581
2016-06-08, 5, qiang_lie, 4.24, 4.39, -0.23, 4.40, 4.41, 4.41, 4.36, 578897.72, 254256447, 0.02, 1.14, 1.21, 583.87399
2016-06-13, 5, qiang_lie, 4.24, 4.37, -0.46, 4.39, 4.37, 4.40, 4.36, 665505.32, 291645424, 0.02, 0.91, 1.39, 983.66618
2016-06-14, 5, qiang_lie, 4.24, 4.40, 0.69, 4.37, 4.35, 4.42, 4.35, 695830.09, 306345717, 0.03, 1.60, 1.46, 7914.28518
2016-06-15, 5, qiang_lie, 4.24, 4.39, -0.23, 4.40, 4.39, 4.41, 4.37, 640108.09, 280556215, 0.02, 0.91, 1.34, 847.91994
2016-06-16, 5, qiang_lie, 4.24, 4.37, -0.46, 4.39, 4.37, 4.38, 4.35, 398897.3, 174160816, 0.01, 0.68, 0.84, 1727.89407
2016-06-17, 5, qiang_lie, 4.24, 4.37, 0.00, 4.37, 4.37, 4.40, 4.36, 374943.45, 164418728, 0.01, 0.92, 0.79, 666.31699
2016-06-20, 5, qiang_lie, 4.24, 4.39, 0.46, 4.37, 4.39, 4.40, 4.37, 364319.77, 160008927, 0.01, 0.69, 0.76, 2772.07208
2016-06-21, 5, qiang_lie, 4.24, 4.41, 0.46, 4.39, 4.40, 4.41, 4.38, 353589.22, 155559528, 0.01, 0.68, 0.74, 2810.28485
2016-06-22, 5, qiang_lie, 4.24, 4.44, 0.68, 4.41, 4.40, 4.46, 4.39, 564116.29, 250457516, 0.02, 1.59, 1.18, 764.7469
2016-06-23, 5, qiang_lie, 4.24, 4.44, 0.00, 4.44, 4.44, 4.46, 4.43, 254778.47, 113215027, 0.01, 0.68, 0.53, 817.17801
2016-06-24, 5, qiang_lie, 4.24, 4.40, -0.90, 4.44, 4.44, 4.46, 4.36, 444526.37, 196323322, 0.02, 2.25, 0.93, 533.04505
2016-06-27, 5, qiang_lie, 4.24, 4.41, 0.23, 4.40, 4.39, 4.42, 4.39, 313934.3, 138217637, 0.01, 0.68, 0.66, 751.29604
2016-06-28, 5, qiang_lie, 4.24, 4.42, 0.00, 4.42, 4.41, 4.43, 4.36, 643951.43, 282442800, 0.02, 1.58, 1.35, 2830.45316
2016-06-30, 5, qiang_lie, 4.24, 4.44, 0.45, 4.42, 4.42, 4.45, 4.40, 441206.61, 195605551, 0.02, 1.13, 0.92, 750.05293
2016-07-01, 5, qiang_lie, 4.24, 4.47, 0.68, 4.44, 4.45, 4.49, 4.44, 534527.8, 239064522, 0.02, 1.13, 1.12, 508.03685
2016-07-04, 5, qiang_lie, 4.24, 4.54, 1.57, 4.47, 4.47, 4.55, 4.47, 648720.69, 293563167, 0.02, 1.79, 1.36, 669.92307
2016-07-05, 5, qiang_lie, 4.24, 4.55, 0.22, 4.54, 4.54, 4.57, 4.51, 674749.26, 306304670, 0.03, 1.32, 1.41, 561.76901
2016-07-06, 5, qiang_lie, 4.24, 4.56, 0.22, 4.55, 4.54, 4.56, 4.49, 677269.87, 307025862, 0.03, 1.54, 1.42, 6599.88999
2016-07-07, 5, qiang_lie, 4.24, 4.59, 0.66, 4.56, 4.55, 4.60, 4.53, 1119897.06, 512053951, 0.04, 1.54, 2.35, 2391.07895
2016-07-08, 5, qiang_lie, 4.13, 4.29, -1.61, 4.36, 4.35, 4.35, 4.27, 1154007.88, 496377386, 0.04, 1.83, 2.42, 679.18992
2016-07-11, 5, qiang_lie, 4.13, 4.27, -0.47, 4.29, 4.28, 4.31, 4.26, 751037.55, 322028871, 0.03, 1.17, 1.57, 707.5429
2016-07-12, 5, qiang_lie, 4.13, 4.33, 1.41, 4.27, 4.27, 4.35, 4.26, 1409833.83, 607391594, 0.05, 2.11, 2.97, 14432.724
2016-07-13, 5, qiang_lie, 4.13, 4.35, 0.23, 4.34, 4.33, 4.37, 4.30, 1361688.7, 591082774, 0.05, 1.61, 2.85, 618.61897
2016-07-14, 5, qiang_lie, 4.13, 4.31, -0.92, 4.35, 4.35, 4.35, 4.30, 570440.41, 246123637, 0.02, 1.15, 1.19, 773.19598
2016-07-15, 5, qiang_lie, 4.13, 4.32, 0.23, 4.31, 4.31, 4.33, 4.30, 553052.34, 238627366, 0.02, 0.70, 1.16, 2758.37612
2016-07-18, 5, qiang_lie, 4.13, 4.35, 0.69, 4.32, 4.31, 4.35, 4.31, 573160.23, 248767358, 0.02, 0.93, 1.23, 822.62588
2016-07-19, 5, qiang_lie, 4.13, 4.30, -0.92, 4.34, 4.34, 4.35, 4.29, 836538.33, 360670789, 0.03, 1.38, 1.75, 512.079
2016-07-20, 5, qiang_lie, 4.13, 4.29, -0.23, 4.30, 4.30, 4.31, 4.27, 527171.57, 226059524, 0.02, 0.93, 1.11, 2582.5479
2016-07-21, 5, qiang_lie, 4.13, 4.28, 0.00, 4.28, 4.28, 4.30, 4.26, 746672.93, 319909889, 0.03, 0.93, 1.56, 820.081
2016-07-22, 5, qiang_lie, 4.13, 4.28, 0.00, 4.28, 4.28, 4.29, 4.24, 704453.57, 300284451, 0.03, 1.17, 1.48, 700.4168
2016-07-25, 5, qiang_lie, 4.13, 4.29, 0.23, 4.28, 4.26, 4.30, 4.26, 660197.87, 283002834, 0.02, 0.93, 1.38, 18257.13706
2016-07-26, 5, qiang_lie, 4.13, 4.31, 0.47, 4.29, 4.29, 4.32, 4.27, 598758.14, 257577499, 0.02, 1.17, 1.25, 720.94893
2016-07-27, 5, qiang_lie, 4.13, 4.31, 0.00, 4.31, 4.31, 4.32, 4.24, 1045700.68, 448543022, 0.04, 1.86, 2.19, 2549.92199
2016-07-28, 5, qiang_lie, 4.13, 4.29, -0.46, 4.31, 4.30, 4.31, 4.28, 579117.79, 248621817, 0.02, 0.70, 1.21, 700.18888
2016-07-29, 5, qiang_lie, 4.13, 4.30, 0.23, 4.29, 4.29, 4.30, 4.28, 350045.29, 150323737, 0.01, 0.47, 0.73, 14446.55108
2016-08-01, 5, qiang_lie, 4.13, 4.33, 0.70, 4.30, 4.30, 4.33, 4.29, 735728.77, 317506882, 0.03, 0.93, 1.54, 2859.30204
2016-08-02, 5, qiang_lie, 4.13, 4.34, 0.23, 4.33, 4.32, 4.34, 4.31, 452286.48, 195735431, 0.02, 0.69, 0.95, 14168.1962
2016-08-03, 5, qiang_lie, 4.13, 4.33, -0.23, 4.34, 4.33, 4.34, 4.32, 679413.62, 294318742, 0.03, 0.46, 1.40, 1199.476
2016-08-04, 5, qiang_lie, 4.13, 4.33, 0.00, 4.33, 4.32, 4.33, 4.31, 528861.53, 228364237, 0.02, 0.46, 1.05, 14236.71103
2016-08-05, 5, qiang_lie, 4.13, 4.33, 0.00, 4.33, 4.31, 4.33, 4.30, 584639.93, 252398294, 0.02, 0.69, 1.16, 512.09307
2016-08-08, 5, qiang_lie, 4.13, 4.34, 0.23, 4.33, 4.32, 4.35, 4.32, 479882.42, 208067038, 0.02, 0.69, 0.90, 996.47903
2016-08-09, 5, qiang_lie, 4.13, 4.37, 0.69, 4.34, 4.33, 4.37, 4.33, 908517.24, 395402689, 0.03, 0.92, 1.67, 2514.02903
2016-08-10, 5, qiang_lie, 4.13, 4.38, 0.23, 4.37, 4.37, 4.39, 4.35, 668932.88, 292771229, 0.02, 0.92, 1.05, 2594.93089
2016-08-11, 5, qiang_lie, 4.13, 4.42, 0.91, 4.38, 4.38, 4.47, 4.38, 1275449.75, 565050823, 0.05, 2.05, 2.01, 786.49712
2016-08-15, 5, qiang_lie, 4.13, 4.58, 1.78, 4.50, 4.51, 4.61, 4.48, 1907961.36, 869842020, 0.07, 2.89, 2.02, 528.47385
2016-08-16, 5, qiang_lie, 4.13, 4.44, -3.06, 4.58, 4.59, 4.59, 4.39, 3792026.26, 1690569282, 0.14, 4.37, 3.08, 564.12888
2016-08-17, 5, qiang_lie, 4.13, 4.44, 0.00, 4.44, 4.43, 4.45, 4.41, 1119537.77, 495822610, 0.04, 0.90, 0.62, 14555.52411
2016-08-18, 5, qiang_lie, 4.13, 4.43, -0.23, 4.44, 4.43, 4.46, 4.41, 1208028.07, 535750845, 0.04, 1.13, 0.64, 14322.25704
2016-08-19, 5, qiang_lie, 4.13, 4.44, 0.23, 4.43, 4.44, 4.44, 4.41, 772868.61, 341969334, 0.03, 0.68, 0.41, 577.16489
2016-08-22, 4, gao_du, 4.13, 4.47, 0.68, 4.44, 4.43, 4.49, 4.43, 1205349.17, 537380974, 0.04, 1.35, 0.68, 558.17819
2016-08-23, 4, gao_du, 4.13, 4.52, 1.12, 4.47, 4.47, 4.53, 4.46, 1405755.29, 633880193, 0.05, 1.57, 0.87, 548.56992
2016-08-24, 5, qiang_lie, 4.13, 4.52, 0.00, 4.52, 4.52, 4.53, 4.50, 960398.25, 433451686, 0.04, 0.66, 0.84, 1468.52708
2016-08-25, 5, qiang_lie, 4.13, 4.52, 0.00, 4.52, 4.51, 4.53, 4.48, 1271725.49, 573139608, 0.05, 1.11, 1.14, 566.98084
2016-08-26, 5, qiang_lie, 4.13, 4.50, -0.44, 4.52, 4.52, 4.52, 4.49, 663759.25, 298860433, 0.02, 0.66, 0.59, 511.96909
2016-08-29, 5, qiang_lie, 4.13, 4.49, -0.22, 4.50, 4.49, 4.50, 4.43, 853975.45, 381490378, 0.03, 1.56, 0.77, 824.20897
2016-08-30, 5, qiang_lie, 4.13, 4.51, 0.45, 4.49, 4.48, 4.51, 4.47, 734625.68, 329623638, 0.03, 0.89, 0.71, 540.23409
2016-08-31, 5, qiang_lie, 4.13, 4.53, 0.44, 4.51, 4.50, 4.53, 4.49, 622219.53, 280764471, 0.02, 0.89, 0.69, 945.30511
2016-09-01, 5, qiang_lie, 4.13, 4.50, -0.22, 4.51, 4.50, 4.51, 4.49, 149257, 67202154, 0.01, 0.44, 0.95, 1189.51106
2016-09-02, 5, qiang_lie, 4.13, 4.53, 0.22, 4.52, 4.51, 4.54, 4.51, 744719.58, 336919959, 0.03, 0.66, 0.90, 2856.40121
2016-09-05, 5, qiang_lie, 4.13, 4.50, -0.22, 4.51, 4.50, 4.51, 4.49, 149257, 67202154, 0.01, 0.44, 0.95, 572.72196
2016-09-06, 5, qiang_lie, 4.13, 4.50, -0.22, 4.51, 4.50, 4.51, 4.49, 149257, 67202154, 0.01, 0.44, 0.95, 3306.25796
2016-09-07, 5, qiang_lie, 4.13, 4.50, -0.22, 4.51, 4.50, 4.51, 4.49, 149257, 67202154, 0.01, 0.44, 0.95, 622.715
2016-09-08, 5, qiang_lie, 4.13, 4.50, -0.22, 4.51, 4.50, 4.51, 4.49, 149257, 67202154, 0.01, 0.44, 0.95, 662.20188
2016-09-09, 5, qiang_lie, 4.13, 4.50, -0.22, 4.51, 4.50, 4.51, 4.49, 149257, 67202154, 0.01, 0.44, 0.95, 2695.94502
2016-09-12, 5, qiang_lie, 4.13, 4.45, -0.67, 4.48, 4.45, 4.46, 4.42, 1124969.98, 499502233, 0.04, 0.89, 1.36, 1248.08097
2016-09-13, 4, gao_du, 4.13, 4.50, -0.22, 4.51, 4.50, 4.51, 4.49, 149257, 67202154, 0.01, 0.44, 0.95, 535.05611
2016-09-14, 4, gao_du, 4.13, 4.37, -1.35, 4.43, 4.42, 4.43, 4.35, 775428.21, 340057302, 0.03, 1.81, 0.94, 2703.31502
2016-09-19, 3, zhong_du, 4.13, 4.39, 0.46, 4.37, 4.37, 4.41, 4.36, 499284.23, 218796372, 0.02, 1.14, 0.60, 3178.092
2016-09-20, 3, zhong_du, 4.13, 4.40, 0.00, 4.40, 4.40, 4.40, 4.38, 448937.67, 196916269, 0.02, 0.45, 0.54, 5645.91002
2016-09-21, 3, zhong_du, 4.13, 4.41, 0.23, 4.40, 4.39, 4.42, 4.37, 643748.61, 282965372, 0.02, 1.14, 0.78, 425.27795
2016-09-22, 2, qing_du, 4.13, 4.44, 0.68, 4.41, 4.42, 4.45, 4.41, 757873.25, 335933667, 0.03, 0.91, 0.91, 491.21189
2016-09-23, 3, zhong_du, 4.13, 4.44, 0.00, 4.44, 4.44, 4.46, 4.43, 525771.08, 233745765, 0.02, 0.68, 0.63, 2514.47392
2016-09-26, 3, zhong_du, 4.13, 4.41, -0.68, 4.44, 4.44, 4.45, 4.41, 692877.12, 306947978, 0.03, 0.90, 0.84, 2693.10093
2016-09-27, 3, zhong_du, 4.13, 4.44, 0.68, 4.41, 4.41, 4.45, 4.39, 457160.57, 201943910, 0.02, 1.36, 0.55, 592.80705
2016-09-28, 2, qing_du, 4.13, chrome=1">
		<style>
			body { font-size: 14px; padding: 2% 0 30px; line-height: 1.5; color: #666; font-family: Hiragino Sans GB,  Microsoft YaHei,  SimHei,  Helvetica Neue,  Helvetica,  Arial,  sans-serif; }
			h1,  h2 { font-weight: normal; margin: 10px 0; line-height: 1.2; }
			h1 { font-size: 36px; color: #333; }
			h2 { font-size: 16px; }
			i { display: inline-block; vertical-align: middle; }
			strong { font-weight: normal; }
			.mb30 { margin-bottom: 30px; }
			.tac { text-align: center; }
			.b span { padding: 0 20px; }
			.b .hr { border-left: 1px dashed #ddd; border-right: 1px dashed #ddd; }
			.fl { float: left; display: inline; }
			.auto { margin-left: auto; margin-right: auto; }
			.fr { float: right; }
			.ms { list-style: none; }
			.db { display: block; }
			.m,  .n { display: inline-block; *display: inline; *zoom: 1; vertical-align: top; }
			.n { width: 166px; }
			.n-1 { border-top: 1px solid #4f71f6; border-bottom: 1px solid #4f71f6; height: 6px; margin: 45px 0; position: relative; }
			.n-1 span,  .n-1 i { position: absolute; height: 0; width: 0; }
			.n1-1,  .n1-1 i { border-top: 4px dashed transparent; border-right: 7px dashed transparent; }
			.n1-1 { top: -9px; right: 0; border-left: 7px solid #4f71f6; border-bottom: 4px solid #4f71f6; }
			.n1-1 i { left: -8px; top: -4px; border-left: 7px solid #fff; border-bottom: 4px solid #fff; }
			.n1-2, 30542.04893
2016-09-29, 2, qing_du, 4.13, 4.44, 0.23, 4.43, 4.43, 4.44, 4.42, 427133.18, 189275382, 0.02, 0.45, 0.52, 3405.88498
2016-09-30, 2, qing_du, 4.13, 4.43, -0.23, 4.44, 4.43, 4.44, 4.42, 260570.04, 115474513, 0.01, 0.45, 0.31, 1734.80511
2016-10-10, 2, qing_du, 4.13, 4.46, 0.68, 4.43, 4.43, 4.46, 4.43, 784849.66, 348472060, 0.03, 0.68, 0.95, 604.57802
2016-10-11, 2, qing_du, 4.13, 4.45, -0.22, 4.46, 4.46, 4.46, 4.44, 553426.8, 246098904, 0.02, 0.45, 0.67, 848.04916
2016-10-12, 2, qing_du, 4.13, 4.43, -0.45, 4.45, 4.44, 4.45, 4.42, 592443.98, 262766932, 0.02, 0.67, 0.71, 452.53301
2016-10-13, 2, qing_du, 4.13, 4.42, -0.23, 4.43, 4.43, 4.44, 4.41, 478884.41, 211778426, 0.02, 0.68, 0.58, 9240.798
2016-10-14, 2, qing_du, 4.13, 4.42, 0.00, 4.42, 4.41, 4.43, 4.39, 676621.49, 298373650, 0.03, 0.90, 0.82, 1580.07121
2016-10-17, 1, wei_ruo, 4.13, 4.41, -0.23, 4.42, 4.41, 4.42, 4.40, 163606.77, 72064206, 0.01, 0.45, 0.39, 1405.63703
2016-10-18, 1, wei_ruo, 4.13, 4.41, -0.23, 4.42, 4.41, 4.42, 4.40, 163606.77, 72064206, 0.01, 0.45, 0.39, 444.3202
2016-10-19, 1, wei_ruo, 4.13, , , , , , , , , , , , 490.59391
2016-10-20, 1, wei_ruo, 4.13, 4.39, -0.45, 4.41, 4.41, 4.41, 4.38, 503659.08, 221513311, 0.02, 0.68, 0.75, 643.88084
2016-10-21, 1, wei_ruo, 4.13, 4.41, 0.46, 4.39, 4.39, 4.41, 4.38, 335837.95, 147547919, 0.01, 0.68, 0.56, 2365.25893
2016-10-24, 1, wei_ruo, 4.13, 4.43, 0.45, 4.41, 4.40, 4.45, 4.39, 1479653.94, 655163378, 0.05, 1.36, 2.84, 2530.30205
2016-10-25, 1, wei_ruo, 4.13, 4.45, 0.45, 4.43, 4.43, 4.45, 4.42, 825033.39, 366389609, 0.03, 0.68, 1.58, 18545.19987
2016-10-26, 1, wei_ruo, 4.13, 4.42, -0.67, 4.45, 4.44, 4.44, 4.41, 814859.05, 360845493, 0.03, 0.67, 1.56, 2511.68799
2016-10-27, 1, wei_ruo, 4.13, 4.42, 0.00, 4.42, 4.41, 4.42, 4.39, 619899.26, 273349953, 0.02, 0.68, 1.19, 635.74791
2016-10-28, 1, wei_ruo, 4.13, 4.44, 0.45, 4.42, 4.41, 4.45, 4.40, 810031.13, 359216962, 0.03, 1.13, 1.55, 2529.49786
2016-10-31, 1, wei_ruo, 4.13, 4.43, -0.23, 4.44, 4.42, 4.44, 4.40, 676200.02, 298402976, 0.03, 0.90, 1.30, 1034.96885
2016-11-01, 1, wei_ruo, 4.13, 4.44, 0.23, 4.43, 4.42, 4.44, 4.41, 587765.79, 260365309, 0.02, 0.68, 1.14, 517.62605
2016-11-02, 1, wei_ruo, 4.13, 4.42, -0.45, 4.44, 4.42, 4.43, 4.40, 565266.05, 249580737, 0.02, 0.68, 1.08, 734.88784
2016-11-03, 1, wei_ruo, 4.13, 4.42, 0.00, 4.42, 4.42, 4.43, 4.40, 593173.74, 262246929, 0.02, 0.68, 1.14, 541.152
2016-11-04, 1, wei_ruo, 4.13, 4.40, -0.45, 4.42, 4.42, 4.42, 4.39, 922614.63, 406208204, 0.03, 0.68, 1.78, 528.04494
2016-11-07, 1, wei_ruo, 4.13, 4.41, 0.00, 4.41, 4.40, 4.41, 4.39, 577415.48, 254206681, 0.02, 0.45, 1.11, 587.55398
2016-11-08, 2, qing_du, 4.13, 4.44, 0.68, 4.41, 4.40, 4.45, 4.40, 1692727.38, 748965999, 0.06, 1.13, 3.25, 384.66692
2016-11-09, 2, qing_du, 4.13, 4.40, -0.90, 4.44, 4.42, 4.43, 4.38, 1271931.16, 560026597, 0.05, 1.13, 2.44, 593.41002
2016-11-10, 2, qing_du, 4.13, 4.42, 0.45, 4.40, 4.42, 4.43, 4.41, 727927.34, 322053446, 0.03, 0.45, 1.40, 726.71604
2016-11-11, 2, qing_du, 4.13, 4.41, -0.45, 4.43, 4.42, 4.43, 4.36, 1923675.18, 846656746, 0.07, 1.58, 3.69, 1229.36702
2016-11-14, 2, qing_du, 4.13, 4.40, -0.23, 4.41, 4.40, 4.41, 4.39, 1908409.86, 839357954, 0.07, 0.45, 3.66, 468.01996
2016-11-15, 2, qing_du, 4.13, 4.40, 0.00, 4.40, 4.40, 4.40, 4.39, 357694.49, 157249466, 0.01, 0.23, 1.37, 462.46505
2016-11-16, 1, wei_ruo, 4.13, 4.40, 0.00, 4.40, 4.40, 4.40, 4.39, 357694.49, 157249466, 0.01, 0.23, 1.37, 440.24992
2016-11-17, 1, wei_ruo, 4.13, 4.40, 0.00, 4.40, 4.40, 4.40, 4.39, 357694.49, 157249466, 0.01, 0.23, 1.37, 535.20107
2016-11-18, 1, wei_ruo, 4.13, 4.40, 0.00, 4.40, 4.40, 4.40, 4.39, 357361.77, 157064476, 0.01, 0.23, 1.37, 566.32185
2016-11-21, 1, wei_ruo, 4.13, 4.42, 0.68, 4.39, 4.39, 4.42, 4.39, 1253203.08, 552525537, 0.05, 0.68, 2.40, 368.66713
2016-11-22, 1, wei_ruo, 4.13, 4.43, 0.23, 4.42, 4.41, 4.44, 4.41, 2402788.89, 1061212372, 0.09, 0.68, 4.61, 780.96199
2016-11-23, 2, qing_du, 4.13, 4.45, 0.45, 4.43, 4.42, 4.47, 4.41, 2308285, 1026446847, 0.09, 1.35, 4.43, 542.6321
2016-11-24, 3, zhong_du, 4.14, 4.44, -0.22, 4.45, 4.44, 4.45, 4.43, 998598.05, 443125768, 0.04, 0.45, 1.92, 544.45791
2016-11-25, 3, zhong_du, 4.14, 4.50, 1.35, 4.44, 4.43, 4.50, 4.43, 2052591.29, 917049623, 0.08, 1.58, 3.94, 606.30202
2016-11-28, 4, gao_du, 4.14, 4.55, 1.11, 4.50, 4.50, 4.56, 4.50, 2421618.88, 1100237474, 0.09, 1.33, 4.65, 651.90792
2016-11-29, 4, gao_du, 4.14, 4.57, 0.44, 4.55, 4.55, 4.57, 4.53, 1460373.38, 664546500, 0.05, 0.88, 2.80, 367.84911
2016-11-30, 5, qiang_lie, 4.14, 4.52, -1.09, 4.57, 4.56, 4.56, 4.50, 1209794.47, 547850144, 0.04, 1.31, 2.33, 458.60004
2016-12-01, 5, qiang_lie, 4.14, 4.52, 0.00, 4.52, 4.52, 4.55, 4.50, 1090410.99, 493593121, 0.04, 1.11, 2.09, 398.4139
2016-12-02, 4, gao_du, 4.14, 4.52, 0.00, 4.52, 4.51, 4.54, 4.47, 1759550.35, 793611986, 0.07, 1.55, 3.38, 734.54809
2016-12-05, 4, gao_du, 4.14, 4.55, 0.66, 4.52, 4.50, 4.57, 4.49, 1822152.21, 827296295, 0.07, 1.77, 3.50, 695.47987
2016-12-06, 4, gao_du, 4.14, 4.54, -0.44, 4.56, 4.55, 4.58, 4.54, 1082827.24, 493575012, 0.04, 0.88, 2.08, 542.06204
2016-12-07, 5, qiang_lie, 4.14, 4.53, -0.22, 4.54, 4.54, 4.56, 4.52, 680711.44, 308635958, 0.03, 0.88, 1.31, 491.26291
2016-12-08, 5, qiang_lie, 4.14, 4.54, 0.22, 4.53, 4.54, 4.55, 4.51, 855392.88, 387851238, 0.03, 0.88, 1.64, 419.54803
2016-12-09, 5, qiang_lie, 4.14, 4.59, 1.10, 4.54, 4.54, 4.62, 4.53, 2430205.68, 1113653218, 0.09, 1.98, 4.66, 657.21202
2016-12-12, 5, qiang_lie, 4.14, 4.63, 0.87, 4.59, 4.59, 4.67, 4.57, 2679414.71, 1237222020, 0.10, 2.18, 5.14, 444.39697
2016-12-13, 5, qiang_lie, 4.14, 4.56, -1.51, 4.63, 4.60, 4.61, 4.55, 1173619.44, 536568981, 0.04, 1.30, 2.25, 722.32795
2016-12-14, 5, qiang_lie, 4.14, 4.57, 0.22, 4.56, 4.56, 4.60, 4.56, 740067.31, 338897632, 0.03, 0.88, 1.42, 604.89321
2016-12-15, 4, gao_du, 4.14, 4.46, -2.41, 4.57, 4.56, 4.57, 4.44, 1253545.73, 562236088, 0.05, 2.84, 2.41, 691.31899
2016-12-16, 3, zhong_du, 4.14, 4.43, -0.67, 4.46, 4.45, 4.46, 4.41, 1063819.72, 471566489, 0.04, 1.12, 2.04, 415.54594
2016-12-19, 2, qing_du, 4.14, 4.44, 0.23, 4.43, 4.43, 4.45, 4.41, 497662.89, 220655675, 0.02, 0.90, 0.95, 667.20986
2016-12-20, 2, qing_du, 4.14, 4.41, -0.68, 4.44, 4.44, 4.45, 4.37, 1029281.82, 452756023, 0.04, 1.80, 1.98, 568.62187
2016-12-21, 1, wei_ruo, 4.14, 4.42, 0.23, 4.41, 4.39, 4.43, 4.39, 735738.45, 324687352, 0.03, 0.91, 1.41, 499.1169
2016-12-22, 1, wei_ruo, 4.14, 4.40, -0.45, 4.42, 4.42, 4.43, 4.39, 608265.55, 268013232, 0.02, 0.90, 1.17, 393.94808
2016-12-23, 1, wei_ruo, 4.14, 4.40, 0.00, 4.40, 4.40, 4.41, 4.38, 600634.35, 263871387, 0.02, 0.68, 1.15, 395.77985
2016-12-26, 1, wei_ruo, 4.14, 4.41, 0.23, 4.40, 4.38, 4.41, 4.35, 890138.84, 389851608, 0.03, 1.36, 1.71, 547.71495
2016-12-27, 1, wei_ruo, 4.14, 4.39, -0.45, 4.41, 4.39, 4.41, 4.38, 486886.69, 214096549, 0.02, 0.68, 0.93, 583.87494
2016-12-28, 1, wei_ruo, 4.14, 4.37, -0.46, 4.39, 4.39, 4.39, 4.35, 928053.54, 405449448, 0.03, 0.91, 1.78, 547.91403
2016-12-30, 1, wei_ruo, 4.14, 4.41, 0.68, 4.38, 4.38, 4.41, 4.37, 876107.36, 384672848, 0.03, 0.91, 1.68, 528.50389
2017-01-03, 1, wei_ruo, 4.14, 4.41, 0.68, 4.38, 4.38, 4.41, 4.37, 876107.36, 384672848, 0.03, 0.91, 1.68, 2587.44884
2017-01-04, 1, wei_ruo, 4.14, 4.43, 0.00, 4.43, 4.42, 4.44, 4.41, 1189234.25, 526408823, 0.04, 0.68, 2.28, 497.10798
2017-01-05, 1, wei_ruo, 4.14, 4.44, 0.23, 4.43, 4.43, 4.45, 4.42, 873561.37, 387580728, 0.03, 0.68, 1.68, 504.06218
2017-01-06, 1, wei_ruo, 4.14, 4.44, 0.00, 4.44, 4.44, 4.45, 4.43, 870081.91, 386138117, 0.03, 0.45, 1.67, 804.06094
2017-01-09, 1, wei_ruo, 4.14, 4.46, 0.45, 4.44, 4.45, 4.48, 4.43, 1174540.94, 523539384, 0.04, 1.13, 2.25, 565.45091
2017-01-10, 1, wei_ruo, 4.14, 4.46, 0.00, 4.46, 4.45, 4.47, 4.44, 636632.57, 283646229, 0.02, 0.67, 1.22, 400.29001
2017-01-11, 1, wei_ruo, 4.14, 4.45, -0.22, 4.46, 4.45, 4.47, 4.44, 174806.91, 77833245, 0.01, 0.67, 0.67, 643.4598
2017-01-13, 1, wei_ruo, 4.14, 4.45, -0.22, 4.46, 4.45, 4.47, 4.44, 174806.91, 77833245, 0.01, 0.67, 0.67, 520.12897
2017-01-16, 2, qing_du, 4.14, 4.45, -0.22, 4.46, 4.45, 4.47, 4.44, 174806.91, 77833245, 0.01, 0.67, 0.67, 542.27805
2017-01-17, 2, qing_du, 4.14, 4.53, -0.44, 4.55, 4.52, 4.54, 4.51, 900222.91, 407014730, 0.03, 0.66, 1.73, 513.35192
2017-01-18, 2, qing_du, 4.14, 4.45, -0.22, 4.46, 4.45, 4.47, 4.44, 174806.91, 77833245, 0.01, 0.67, 0.67, 124841.89987
2017-02-07, 3, zhong_du, 4.14, 4.53, -0.44, 4.55, 4.55, 4.56, 4.51, 248541.82, 112636515, 0.01, 1.10, 1.10, 646.39616
2017-02-08, 3, zhong_du, 4.14, 4.56, 0.22, 4.55, 4.55, 4.56, 4.51, 555113.09, 251930028, 0.02, 1.10, 1.07, 548.40589
2017-02-09, 3, zhong_du, 4.14, 4.56, 0.00, 4.56, 4.55, 4.57, 4.54, 558541.23, 254815537, 0.02, 0.66, 1.38, 433.97498
2017-02-10, 3, zhong_du, 4.14, 4.59, 0.44, 4.57, 4.57, 4.59, 4.56, 597201.67, 273504007, 0.02, 0.66, 1.15, 810.84895
2017-02-14, 4, gao_du, 4.14, 4.62, 0.00, 4.62, 4.62, 4.64, 4.61, 806458.23, 372864457, 0.03, 0.65, 1.55, 614.23683
2017-02-15, 5, qiang_lie, 4.14, 4.68, 1.30, 4.62, 4.62, 4.69, 4.62, 1566788.68, 729898537, 0.06, 1.52, 3.01, 4621.3789
2017-02-16, 5, qiang_lie, 4.14, 4.68, 0.00, 4.68, 4.68, 4.72, 4.66, 1031725.34, 483137636, 0.04, 1.28, 1.98, 844.53011
2017-02-17, 5, qiang_lie, 4.14, 4.64, -0.85, 4.68, 4.70, 4.70, 4.62, 953769.37, 444519269, 0.04, 1.71, 1.83, 556.76293
2017-02-20, 5, qiang_lie, 4.14, 4.64, -0.85, 4.68, 4.70, 4.70, 4.62, 953769.37, 444519269, 0.04, 1.71, 1.83, 689.42094
2017-02-21, 5, qiang_lie, 4.14, 4.64, -0.85, 4.68, 4.70, 4.70, 4.62, 953769.37, 444519269, 0.04, 1.71, 1.83, 683.48408
2017-02-23, 5, qiang_lie, 4.14, 4.71, 0.21, 4.70, 4.70, 4.72, 4.69, 613090.86, 288149505, 0.02, 0.64, 1.18, 4678.31588
2017-02-24, 5, qiang_lie, 4.14, 4.70, -0.21, 4.71, 4.70, 4.70, 4.68, 542872.46, 254734807, 0.02, 0.42, 1.04, 1045.48383
2017-02-27, 5, qiang_lie, 4.14, 4.69, -0.21, 4.70, 4.68, 4.70, 4.67, 585053.2, 274228814, 0.02, 0.64, 1.12, 2457.4759
2017-02-28, 5, qiang_lie, 4.14, 4.70, -0.21, 4.71, 4.70, 4.70, 4.68, 171300.87, 80319028, 0.01, 0.42, 1.79, 2545.65692
2017-03-01, 5, qiang_lie, 4.14, 4.68, -0.21, 4.69, 4.68, 4.71, 4.65, 932991.43, 436965708, 0.03, 1.28, 1.79, 565.28306
2017-03-02, 5, qiang_lie, 4.14, 4.67, -0.21, 4.68, 4.68, 4.69, 4.67, 506363.15, 237114179, 0.02, 0.43, 0.97, 698.73095
2017-03-03, 5, qiang_lie, 4.14, 4.65, -0.43, 4.67, 4.66, 4.68, 4.65, 429397.26, 200181544, 0.02, 0.64, 0.82, 2802.4919
2017-03-06, 5, qiang_lie, 4.15, 4.64, -0.22, 4.65, 4.64, 4.68, 4.63, 954696.55, 444384940, 0.04, 1.08, 1.83, 473.75894
2017-03-07, 5, qiang_lie, 4.15, 4.68, 0.00, 4.68, 4.66, 4.69, 4.66, 252315.63, 118128978, 0.01, 0.64, 1.08, 4440.26184
2017-03-08, 5, qiang_lie, 4.15, 4.69, 0.21, 4.68, 4.66, 4.70, 4.66, 636302, 297861104, 0.02, 0.85, 1.22, 848.032
2017-03-09, 5, qiang_lie, 4.15, 4.70, 0.21, 4.69, 4.68, 4.72, 4.67, 1285470.07, 604436588, 0.05, 1.07, 2.47, 241146.62099
2017-03-10, 5, qiang_lie, 4.15, 4.71, 0.21, 4.70, 4.70, 4.71, 4.68, 523314.46, 245851158, 0.02, 0.64, 1.00, 630.46288
2017-03-13, 5, qiang_lie, 4.15, 4.73, 0.42, 4.71, 4.70, 4.73, 4.68, 674208.57, 317462710, 0.03, 1.06, 1.29, 603.22809
2017-03-14, 5, qiang_lie, 4.15, 4.76, 0.63, 4.73, 4.72, 4.77, 4.72, 697015.33, 330953825, 0.03, 1.06, 1.34, 543.36691
2017-03-15, 5, qiang_lie, 4.15, 4.75, -0.21, 4.76, 4.76, 4.76, 4.71, 583525.33, 276534270, 0.02, 1.05, 1.12, 2550.4992
2017-03-16, 5, qiang_lie, 4.15, 4.70, -1.05, 4.75, 4.74, 4.75, 4.69, 1182576.19, 559053138, 0.04, 1.26, 2.27, 631.77991
2017-03-17, 5, qiang_lie, 4.15, 4.69, -0.21, 4.70, 4.71, 4.72, 4.67, 812249.5, 381978603, 0.03, 1.06, 1.56, 120788.15818
2017-03-20, 5, qiang_lie, 4.15, 4.71, 0.43, 4.69, 4.70, 4.73, 4.69, 835807.78, 393812178, 0.03, 0.85, 1.60, 599.65515
2017-03-21, 5, qiang_lie, 4.15, 4.71, 0.00, 4.71, 4.70, 4.72, 4.69, 571113.12, 268888793, 0.02, 0.64, 1.10, 632.36117
2017-03-22, 5, qiang_lie, 4.15, 4.66, -1.06, 4.71, 4.71, 4.71, 4.65, 1129561.44, 528460211, 0.04, 1.27, 2.17, 531.39496
2017-03-23, 5, qiang_lie, 4.15, 4.67, 0.21, 4.66, 4.67, 4.69, 4.65, 891503.4, 416701715, 0.03, 0.86, 1.71, 606.73809
2017-03-24, 5, qiang_lie, 4.15, 4.69, 0.43, 4.67, 4.67, 4.69, 4.63, 969805.98, 452381998, 0.04, 1.28, 1.86, 607.54013
2017-03-27, 5, qiang_lie, 4.15, 4.75, 1.28, 4.69, 4.67, 4.76, 4.66, 1575337.41, 743929161, 0.06, 2.13, 3.02, 611.23013
2017-03-28, 5, qiang_lie, 4.15, 4.75, 0.00, 4.75, 4.75, 4.76, 4.72, 764140.39, 362490509, 0.03, 0.84, 1.47, 575.6681
2017-03-29, 5, qiang_lie, 4.15, 4.78, 0.63, 4.75, 4.74, 4.78, 4.73, 982220.12, 467762713, 0.04, 1.05, 1.88, 498.67606
2017-03-30, 5, qiang_lie, 4.15, 4.81, 0.63, 4.78, 4.77, 4.83, 4.73, 1276714.35, 607688496, 0.05, 2.09, 2.45, 522.61806
2017-03-31, 5, qiang_lie, 4.15, 4.84, 0.62, 4.81, 4.78, 4.88, 4.77, 1303543.57, 629464878, 0.05, 2.29, 2.50, 568.6388
2017-04-05, 5, qiang_lie, 4.15, 4.85, 0.21, 4.84, 4.84, 4.86, 4.81, 1094869.9, 529500135, 0.04, 1.03, 2.10, 616.20712
2017-04-06, 5, qiang_lie, 4.15, 4.83, -0.41, 4.85, 4.85, 4.86, 4.80, 629795.58, 303787354, 0.02, 1.24, 1.21, 120808.60496
2017-04-07, 5, qiang_lie, 4.15, 4.86, 0.62, 4.83, 4.82, 4.87, 4.81, 893351.04, 433073222, 0.03, 1.24, 1.71, 622.04909
2017-04-10, 5, qiang_lie, 4.15, 4.83, -0.62, 4.86, 4.86, 4.87, 4.81, 588556.66, 284177676, 0.02, 1.23, 1.13, 574.24498
2017-04-11, 5, qiang_lie, 4.15, 4.80, -0.62, 4.83, 4.81, 4.83, 4.78, 810136.54, 388871585, 0.03, 1.04, 1.55, 599.8621
2017-04-12, 5, qiang_lie, 4.15, 4.85, 1.04, 4.80, 4.79, 4.88, 4.78, 1138102.15, 548277448, 0.04, 2.08, 2.18, 634.11689
2017-04-13, 5, qiang_lie, 4.15, 4.81, -0.82, 4.85, 4.84, 4.84, 4.79, 799770.33, 385351338, 0.03, 1.03, 1.53, 556.57291
2017-04-14, 5, qiang_lie, 4.15, 4.81, 0.00, 4.81, 4.80, 4.82, 4.78, 450116.67, 216116057, 0.02, 0.83, 0.86, 708.529
2017-04-17, 5, qiang_lie, 4.15, 4.83, 0.42, 4.81, 4.79, 4.83, 4.75, 1129898.83, 540611451, 0.04, 1.66, 2.17, 585.4311
2017-04-18, 5, qiang_lie, 4.15, 4.79, -0.83, 4.83, 4.80, 4.81, 4.77, 610917.98, 292283671, 0.02, 0.83, 1.17, 545.64095
2017-04-19, 5, qiang_lie, 4.15, 4.74, -1.04, 4.79, 4.77, 4.79, 4.73, 897155.77, 426318391, 0.03, 1.25, 1.72, 519.22107
2017-04-20, 5, qiang_lie, 4.15, 4.73, -0.21, 4.74, 4.73, 4.77, 4.72, 641973.39, 304725880, 0.02, 1.05, 1.23, 700.25587
2017-04-21, 4, gao_du, 4.15, 4.81, 1.69, 4.73, 4.73, 4.83, 4.72, 1250026.44, 597576218, 0.05, 2.33, 2.40, 545.74418
2017-04-24, 4, gao_du, 4.15, 4.82, 0.21, 4.81, 4.79, 4.84, 4.78, 927292.93, 446364424, 0.03, 1.25, 1.78, 656.59308
2017-04-25, 5, qiang_lie, 4.15, 4.81, -0.21, 4.82, 4.82, 4.83, 4.80, 637458.27, 307119446, 0.02, 0.62, 1.22, 631.82688
2017-04-26, 5, qiang_lie, 4.15, 4.87, 1.25, 4.81, 4.82, 4.87, 4.81, 855232.83, 414075215, 0.03, 1.25, 1.64, 716.0511
2017-04-27, 5, qiang_lie, 4.15, 4.88, 0.21, 4.87, 4.86, 4.88, 4.83, 1030455.4, 500778726, 0.04, 1.03, 1.98, 643.73994
2017-04-28, 5, qiang_lie, 4.15, 4.88, 0.00, 4.88, 4.87, 4.88, 4.83, 660622.9, 320794707, 0.02, 1.02, 1.27, 639.28914
2017-05-02, 5, qiang_lie, 4.15, 4.82, -1.23, 4.88, 4.86, 4.87, 4.82, 423866.57, 205273096, 0.02, 1.02, 0.81, 647.73107
2017-05-03, 5, qiang_lie, 4.15, 4.81, -0.21, 4.82, 4.82, 4.83, 4.79, 768178.62, 369536251, 0.03, 0.83, 1.47, 685.22096
2017-05-04, 5, qiang_lie, 4.15, 4.81, 0.00, 4.81, 4.80, 4.82, 4.78, 717896.08, 344687610, 0.03, 0.83, 1.38, 645.11204
2017-05-05, 5, qiang_lie, 4.15, 4.86, 1.04, 4.81, 4.79, 4.87, 4.78, 1255875.15, 605112334, 0.05, 1.87, 2.41, 626.56999
2017-05-11, 5, qiang_lie, 4.15, 4.93, 0.61, 4.90, 4.90, 4.96, 4.90, 1062644.49, 524557064, 0.04, 1.22, 2.04, 2562.86001
2017-05-12, 5, qiang_lie, 4.16, 5.06, 2.64, 4.93, 4.92, 5.06, 4.91, 1651511.06, 826699747, 0.06, 3.04, 3.17, 585.92892
2017-05-15, 5, qiang_lie, 4.16, 5.10, 0.79, 5.06, 5.05, 5.12, 5.01, 1554190.12, 789661963, 0.06, 2.17, 2.98, 600.03185
2017-05-17, 5, qiang_lie, 4.16, 4.96, -0.80, 5.00, 4.99, 5.00, 4.94, 1182552.41, 586105486, 0.04, 1.20, 2.27, 590.97195
2017-05-18, 5, qiang_lie, 4.16, 5.00, 0.81, 4.96, 4.94, 5.02, 4.93, 707722, 352948738, 0.03, 1.81, 1.36, 551.48506
2017-05-19, 5, qiang_lie, 4.16, 4.98, -0.40, 5.00, 5.00, 5.01, 4.97, 449948.34, 224590420, 0.02, 0.80, 0.86, 650.59805
2017-05-22, 5, qiang_lie, 4.16, 5.03, 1.00, 4.98, 4.96, 5.05, 4.96, 1001145.61, 501217542, 0.04, 1.81, 1.92, 592.484
2017-05-23, 5, qiang_lie, 4.16, 5.10, 1.39, 5.03, 5.03, 5.12, 5.02, 1373902.9, 697930661, 0.05, 1.99, 2.64, 877.46191
2017-05-24, 5, qiang_lie, 4.16, 5.11, 0.20, 5.10, 5.10, 5.13, 5.05, 958078.53, 487960967, 0.04, 1.57, 1.84, 595.79182
2017-05-25, 5, qiang_lie, 4.16, 5.16, 0.98, 5.11, 5.11, 5.30, 5.09, 2512756.43, 1302498438, 0.09, 4.11, 4.82, 614.09688
2017-05-26, 5, qiang_lie, 4.16, 5.23, 1.36, 5.16, 5.13, 5.25, 5.13, 1120496.88, 582681277, 0.04, 2.33, 2.15, 644.15407
2017-05-31, 5, qiang_lie, 4.16, 5.25, 0.38, 5.23, 5.21, 5.29, 5.18, 1177073.54, 616451183, 0.04, 2.10, 2.26, 585.18004
2017-06-01, 5, qiang_lie, 4.16, 5.31, 1.14, 5.25, 5.24, 5.32, 5.22, 1144883.51, 602099063, 0.04, 1.90, 2.20, 866.48893
2017-06-02, 5, qiang_lie, 4.16, 5.30, -0.19, 5.31, 5.31, 5.40, 5.27, 1209501.01, 645472311, 0.04, 2.45, 2.32, 20184.88407
2017-06-05, 5, qiang_lie, 4.16, 5.14, -3.02, 5.30, 5.28, 5.28, 5.10, 3129404.49, 1613933715, 0.12, 3.40, 6.00, 581.37107
2017-06-06, 5, qiang_lie, 4.16, 5.14, 0.00, 5.14, 5.12, 5.15, 5.10, 1104253.38, 565692984, 0.04, 0.97, 2.12, 16930.88412
2017-06-07, 5, qiang_lie, 4.16, 5.16, 0.39, 5.14, 5.13, 5.21, 5.12, 1625087.06, 838740021, 0.06, 1.75, 3.12, 644.07611
2017-06-08, 5, qiang_lie, 4.16, 5.16, 0.00, 5.16, 5.15, 5.18, 5.12, 1424654.32, 733354026, 0.05, 1.16, 2.73, 484.16901
2017-06-09, 5, qiang_lie, 4.16, 5.16, 0.00, 5.16, 5.16, 5.23, 5.14, 2317802.37, 1199941141, 0.09, 1.74, 4.45, 1072.32308
2017-06-12, 5, qiang_lie, 4.17, 5.15, -0.19, 5.16, 5.16, 5.19, 5.13, 1606855.74, 830351448, 0.06, 1.16, 3.08, 15592.03982
2017-06-13, 5, qiang_lie, 4.17, 5.15, 0.00, 5.15, 5.15, 5.17, 5.12, 932434.86, 479603365, 0.03, 0.97, 1.79, 2555.68004
2017-06-14, 5, qiang_lie, 4.17, 5.15, 0.00, 5.15, 5.14, 5.16, 5.12, 734489.03, 377537388, 0.03, 0.78, 1.41, 1068.40181
2017-06-15, 4, gao_du, 4.17, 5.05, -1.94, 5.15, 5.14, 5.15, 5.03, 1976012.99, 1004445224, 0.07, 2.33, 3.79, 2069.74101
2017-06-16, 4, gao_du, 4.17, 5.04, -0.20, 5.05, 5.04, 5.06, 5.00, 1387724.83, 697851516, 0.05, 1.19, 2.66, 539.79397
2017-06-19, 3, zhong_du, 4.17, 5.00, -0.79, 5.04, 5.04, 5.06, 4.99, 2050782.02, 1028985301, 0.08, 1.39, 3.94, 702.15607
2017-06-20, 3, zhong_du, 4.17, 5.04, 0.80, 5.00, 5.00, 5.06, 4.98, 1969281.48, 989599825, 0.07, 1.60, 3.78, 613.04903
2017-06-21, 3, zhong_du, 4.17, 5.05, 0.20, 5.04, 5.05, 5.06, 5.01, 1149634.98, 579457178, 0.04, 0.99, 2.21, 840.18588
2017-06-22, 3, zhong_du, 4.17, 5.10, 0.99, 5.05, 5.05, 5.18, 5.04, 3121538.3, 1598284141, 0.12, 2.77, 5.99, 702.94905
2017-06-23, 3, zhong_du, 4.17, 5.14, 0.78, 5.10, 5.10, 5.15, 5.06, 1635916.43, 836120176, 0.06, 1.76, 3.14, 690.79185
2017-06-26, 3, zhong_du, 4.17, 5.11, -0.58, 5.14, 5.13, 5.24, 5.07, 3020392.58, 1554208978, 0.11, 3.31, 5.80, 574.06998
2017-06-27, 3, zhong_du, 4.17, 5.09, -0.39, 5.11, 5.10, 5.12, 5.06, 2101331.73, 1069298111, 0.08, 1.17, 4.03, 354.07901
2017-06-28, 3, zhong_du, 4.17, 5.07, -0.39, 5.09, 5.09, 5.15, 5.06, 2450792.11, 1252574020, 0.09, 1.77, 4.70, 1194.93604
2017-06-29, 3, zhong_du, 4.17, 5.18, 2.17, 5.07, 5.09, 5.19, 5.08, 1814934.51, 933437347, 0.07, 2.17, 3.48, 568.74204
2017-06-30, 3, zhong_du, 4.17, 5.25, 1.35, 5.18, 5.16, 5.25, 5.14, 2041933.64, 1066988996, 0.08, 2.12, 3.92, 568.27116
2017-07-03, 3, zhong_du, 4.17, 5.24, -0.19, 5.25, 5.24, 5.27, 5.22, 996615.65, 521850457, 0.04, 0.95, 1.91, 839.56003
2017-07-04, 4, gao_du, 4.18, 5.25, 0.19, 5.24, 5.24, 5.28, 5.18, 1357320.05, 709171868, 0.05, 1.91, 2.60, 537.64296
2017-07-05, 4, gao_du, 4.18, 5.23, -0.38, 5.25, 5.24, 5.25, 5.20, 1042581.99, 544623294, 0.04, 0.95, 2.00, 655.14207
2017-07-06, 4, gao_du, 4.18, 5.23, 0.00, 5.23, 5.21, 5.26, 5.21, 1074568.56, 562347817, 0.04, 0.96, 2.06, 3664.91199
2017-07-07, 4, gao_du, 4.18, 5.21, -0.38, 5.23, 5.23, 5.23, 5.19, 1621100.54, 844999124, 0.06, 0.76, 3.11, 645.85495
2017-07-10, 4, gao_du, 4.18, 5.23, 0.38, 5.21, 5.21, 5.24, 5.18, 1398790.18, 729039119, 0.05, 1.15, 2.68, 590.13414
2017-07-11, 3, zhong_du, 4.07, 5.06, 1.20, 5.00, 5.00, 5.08, 4.97, 2489282.84, 1249932391, 0.09, 2.20, 4.78, 549.37482
2017-07-12, 3, zhong_du, 4.07, 5.08, 0.40, 5.06, 5.06, 5.15, 5.05, 2198352.88, 1122631870, 0.08, 1.98, 4.22, 605.48091
2017-07-13, 3, zhong_du, 4.07, 5.16, 1.57, 5.08, 5.10, 5.19, 5.09, 2103647.1, 1080716841, 0.08, 1.97, 4.04, 688.58695
2017-07-14, 4, gao_du, --, 5.17, 0.19, 5.16, 5.17, 5.19, 5.14, 919067.57, 474780292, 0.03, 0.97, 1.76, 612.80417
2017-07-17, 5, qiang_lie, --, 5.34, 3.29, 5.17, 5.19, 5.37, 5.17, 3178882.85, 1679932657, 0.12, 3.87, 6.10, 762.59089
2017-07-18, 5, qiang_lie, 4.07, 5.28, -1.12, 5.34, 5.29, 5.38, 5.25, 1847372.54, 980266595, 0.07, 2.43, 3.54, 2811.05399
2017-07-19, 5, qiang_lie, --, 5.27, -0.19, 5.28, 5.27, 5.35, 5.23, 2407278.81, 1272124086, 0.09, 2.27, 4.62, 557.14107
2017-07-20, 5, qiang_lie, --, 5.29, 0.38, 5.27, 5.27, 5.30, 5.22, 1754804.9, 923684742, 0.07, 1.52, 3.37, 431.93793
2017-07-21, 5, qiang_lie, --, 5.33, 0.76, 5.29, 5.28, 5.36, 5.27, 1263381.83, 672091115, 0.05, 1.70, 2.42, 563.06696
2017-07-24, 5, qiang_lie, 4.08, 5.39, 1.13, 5.33, 5.32, 5.44, 5.32, 1711227.78, 923957625, 0.06, 2.25, 3.28, 1796.58008
2017-07-25, 5, qiang_lie, --, 5.48, 1.67, 5.39, 5.40, 5.58, 5.40, 2444556.84, 1343183304, 0.09, 3.34, 4.69, 755.65815
2017-07-26, 5, qiang_lie, --, 5.60, 2.19, 5.48, 5.48, 5.66, 5.46, 2244494, 1252080193, 0.08, 3.65, 4.31, 1685.73689
2017-07-27, 5, qiang_lie, 4.08, 5.53, -1.25, 5.60, 5.57, 5.59, 5.48, 1826523.26, 1009318855, 0.07, 1.96, 3.50, 1361.54985
2017-07-28, 5, qiang_lie, 4.08, 5.55, 0.36, 5.53, 5.51, 5.60, 5.42, 1472872.62, 813887749, 0.05, 3.25, 2.83, 698.92812
2017-07-31, 5, qiang_lie, 4.08, 5.51, -0.72, 5.55, 5.53, 5.59, 5.50, 1226221.28, 680532268, 0.05, 1.62, 2.35, 722.93997
2017-08-01, 5, qiang_lie, 4.08, 5.56, 0.91, 5.51, 5.51, 5.56, 5.51, 1391795.06, 770611801, 0.05, 0.91, 2.67, 727.46205
2017-08-02, 5, qiang_lie, 4.09, 5.70, 2.52, 5.56, 5.56, 5.70, 5.55, 2209630.54, 1251334053, 0.08, 2.70, 4.24, 726.64189
2017-08-03, 5, qiang_lie, 4.09, 5.66, -0.70, 5.70, 5.70, 5.78, 5.61, 1605672.6, 912529257, 0.06, 2.98, 3.08, 582.73983
2017-08-04, 5, qiang_lie, 4.09, 5.67, 0.18, 5.66, 5.63, 5.68, 5.61, 1136753.8, 642953154, 0.04, 1.24, 2.18, 906.57902
2017-08-07, 5, qiang_lie, 4.09, 5.66, -0.18, 5.67, 5.64, 5.68, 5.56, 1105536.83, 623270422, 0.04, 2.12, 2.12, 613.03902
2017-08-08, 5, qiang_lie, 4.09, 5.68, 0.35, 5.66, 5.63, 5.71, 5.56, 1182998.03, 667331920, 0.04, 2.65, 2.27, 366.85014
2017-08-09, 5, qiang_lie, 4.09, 5.54, -2.46, 5.68, 5.65, 5.67, 5.52, 1385637.3, 774263820, 0.05, 2.64, 2.66, 578.82094
2017-08-10, 5, qiang_lie, 4.09, 5.52, -0.36, 5.54, 5.54, 5.57, 5.43, 1556404.28, 854624699, 0.06, 2.53, 2.99, 1615.15403
2017-08-11, 5, qiang_lie, 4.09, 5.55, 0.54, 5.52, 5.46, 5.57, 5.39, 2225301.6, 1215122180, 0.08, 3.26, 4.27, 580.34301
2017-08-14, 5, qiang_lie, 4.09, 5.49, -1.08, 5.55, 5.50, 5.55, 5.44, 1462663.83, 802259124, 0.05, 1.98, 2.81, 861.43804
2017-08-15, 5, qiang_lie, 4.09, 5.61, 2.19, 5.49, 5.49, 5.70, 5.49, 2601863.92, 1465479916, 0.10, 3.83, 4.99, 767.90905
2017-08-16, 5, qiang_lie, 4.09, 5.63, 0.36, 5.61, 5.61, 5.70, 5.55, 1451720.1, 818380832, 0.05, 2.67, 2.79, 550.64607
2017-08-17, 5, qiang_lie, 4.09, 5.62, -0.18, 5.63, 5.63, 5.66, 5.58, 605671.3, 340043653, 0.02, 1.42, 1.16, 3886.01398
2017-08-18, 5, qiang_lie, 4.09, 5.62, 0.00, 5.62, 5.59, 5.66, 5.55, 915047.08, 512952158, 0.03, 1.96, 1.76, 2658.31304
2017-08-21, 5, qiang_lie, 4.10, 5.63, 0.18, 5.62, 5.59, 5.65, 5.56, 744644.83, 416956132, 0.03, 1.60, 1.43, 763.59701
2017-08-22, 5, qiang_lie, 4.10, 5.69, 1.07, 5.63, 5.62, 5.70, 5.60, 863190.66, 488014186, 0.03, 1.78, 1.66, 586.31492
2017-08-23, 5, qiang_lie, 4.10, 5.85, 2.81, 5.69, 5.68, 5.86, 5.67, 2021402.59, 1170020925, 0.07, 3.34, 3.88, 1929.85821
2017-08-24, 5, qiang_lie, 4.10, 5.92, 1.20, 5.85, 5.88, 5.95, 5.83, 1482163.36, 875386355, 0.05, 2.05, 2.84, 892.0002
2017-08-25, 5, qiang_lie, 4.10, 6.16, 4.05, 5.92, 5.90, 6.18, 5.90, 2713533.19, 1648923607, 0.10, 4.73, 5.21, 655.91002
2017-08-28, 5, qiang_lie, 4.10, 6.05, -1.79, 6.16, 6.14, 6.18, 6.00, 3507362.3, 2133696964, 0.13, 2.92, 6.73, 730.82113
2017-08-29, 5, qiang_lie, 4.10, 6.08, 0.50, 6.05, 6.03, 6.08, 5.98, 1712718.79, 1036639115, 0.06, 1.65, 3.29, 606.48894
2017-08-30, 5, qiang_lie, 4.11, 5.97, -1.81, 6.08, 6.08, 6.11, 5.89, 2629250.61, 1577121146, 0.10, 3.62, 5.05, 708.90808
2017-08-31, 5, qiang_lie, 4.11, 5.87, -1.68, 5.97, 5.95, 5.98, 5.84, 1944604.59, 1148130814, 0.07, 2.35, 7.46, 755.54895
2017-09-01, 5, qiang_lie, 4.11, 5.79, -1.86, 5.90, 5.86, 5.92, 5.76, 3399657.42, 1987960684, 0.13, 2.71, 6.52, 724.02716
2017-09-04, 5, qiang_lie, 4.11, 5.87, -1.68, 5.97, 5.95, 5.98, 5.84, 1944604.59, 1148130814, 0.07, 2.35, 7.46, 562.94394
2017-09-05, 5, qiang_lie, 4.11, 5.87, -1.68, 5.97, 5.95, 5.98, 5.84, 1944604.59, 1148130814, 0.07, 2.35, 7.46, 583.99415
2017-09-06, 5, qiang_lie, 4.11, 5.87, -1.68, 5.97, 5.95, 5.98, 5.84, 1944604.59, 1148130814, 0.07, 2.35, 7.46, 677.41609
2017-09-07, 5, qiang_lie, 4.11, 5.87, -1.68, 5.97, 5.95, 5.98, 5.84, 1944604.59, 1148130814, 0.07, 2.35, 7.46, 1329.83398
2017-09-08, 5, qiang_lie, 4.11, 5.90, 0.34, 5.88, 5.87, 5.94, 5.85, 1087328.18, 640112794, 0.04, 1.53, 2.09, 612.22601
2017-09-11, 5, qiang_lie, 4.12, 5.87, -1.68, 5.97, 5.95, 5.98, 5.84, 1944604.59, 1148130814, 0.07, 2.35, 7.46, 632.65705
2017-09-12, 5, qiang_lie, 4.12, 5.93, 0.68, 5.89, 5.88, 5.94, 5.83, 1446317.18, 849024158, 0.05, 1.87, 2.78, 552.24013
2017-09-13, 5, qiang_lie, 4.12, 5.93, 0.00, 5.93, 5.91, 5.96, 5.90, 1218444.98, 723510862, 0.05, 1.01, 2.34, 551.25904
2017-09-14, 5, qiang_lie, 4.12, 5.88, -0.84, 5.93, 5.92, 5.97, 5.86, 1762811.76, 1044554338, 0.07, 1.85, 3.38, 2983.42085
2017-09-15, 5, qiang_lie, 4.12, 5.77, -1.87, 5.88, 5.86, 5.86, 5.75, 2024035.42, 1172719620, 0.08, 1.87, 3.88, 777.15898
2017-09-18, 4, gao_du, 4.12, 5.76, -0.17, 5.77, 5.80, 5.81, 5.73, 1276890.33, 736307003, 0.05, 1.39, 2.45, 668.99991
2017-09-19, 4, gao_du, 4.12, 5.78, 0.35, 5.76, 5.75, 5.79, 5.67, 2126809.45, 1219244260, 0.08, 2.08, 4.08, 729.14004
2017-09-20, 3, zhong_du, 4.12, 5.79, 0.17, 5.78, 5.75, 5.81, 5.72, 1200302, 693451293, 0.04, 1.56, 2.30, 581.41804
2017-09-21, 3, zhong_du, 4.12, 5.95, 2.76, 5.79, 5.78, 5.96, 5.77, 2390301.48, 1410591951, 0.09, 3.28, 4.59, 961.71713
2017-09-22, 4, gao_du, 4.13, 5.98, 0.50, 5.95, 5.94, 6.05, 5.93, 1751785.47, 1049237628, 0.06, 2.02, 3.36, 646.29316
2017-09-25, 5, qiang_lie, 4.13, 6.11, 2.17, 5.98, 5.95, 6.14, 5.95, 2088885.84, 1262477863, 0.08, 3.18, 4.01, 543.05696
2017-09-26, 5, qiang_lie, 4.13, 6.07, -0.65, 6.11, 6.09, 6.13, 6.07, 1295644.18, 790098460, 0.05, 0.98, 2.49, 720.72101
2017-09-27, 5, qiang_lie, 4.13, 6.02, -0.82, 6.07, 6.05, 6.06, 5.98, 1702517.44, 1023715524, 0.06, 1.32, 3.27, 676.36204
2017-09-28, 5, qiang_lie, 4.13, 6.05, 0.50, 6.02, 6.00, 6.06, 5.95, 1408868, 845388054, 0.05, 1.83, 2.70, 513.72409
2017-09-29, 5, qiang_lie, 4.13, 6.00, -0.83, 6.05, 6.04, 6.06, 5.96, 1375295.92, 825599597, 0.05, 1.65, 2.64, 663.69605
2017-10-10, 5, qiang_lie, 4.14, 6.14, 0.66, 6.10, 6.09, 6.19, 5.99, 3160798.9, 1927549818, 0.12, 3.28, 6.07, 578.17006
2017-10-12, 5, qiang_lie, 4.14, 6.21, 0.16, 6.20, 6.18, 6.24, 6.17, 1295405.49, 803900184, 0.05, 1.13, 2.49, 788.02013
2017-10-13, 5, qiang_lie, 4.14, 6.14, -1.13, 6.21, 6.20, 6.22, 6.13, 1538436.98, 949335467, 0.06, 1.45, 2.95, 549.76082
2017-10-16, 5, qiang_lie, 4.14, 6.21, 1.14, 6.14, 6.12, 6.22, 6.10, 1799521.45, 1110111572, 0.07, 1.95, 3.45, 3010.3879
2017-10-17, 5, qiang_lie, 4.14, 6.15, -0.97, 6.21, 6.19, 6.22, 6.14, 1455143.8, 899597525, 0.05, 1.29, 2.79, 482.82194
2017-10-18, 5, qiang_lie, 4.15, 6.28, 2.11, 6.15, 6.17, 6.29, 6.13, 2598969.11, 1616782253, 0.10, 2.60, 4.99, 654.09303
2017-10-19, 5, qiang_lie, 4.15, 6.34, 0.96, 6.28, 6.25, 6.40, 6.24, 2255113.82, 1428684400, 0.08, 2.55, 4.33, 613.29603
2017-10-20, 5, qiang_lie, 4.15, 6.24, -1.58, 6.34, 6.32, 6.33, 6.23, 1441587.95, 903955406, 0.05, 1.58, 2.77, 566.17785
2017-10-23, 5, qiang_lie, 4.15, 6.19, -0.80, 6.24, 6.24, 6.29, 6.17, 1546878.48, 962512348, 0.06, 1.92, 2.97, 694.74602
2017-10-24, 5, qiang_lie, 4.15, 6.23, 0.65, 6.19, 6.19, 6.25, 6.18, 1563806.29, 972450630, 0.06, 1.13, 3.00, 639.15205
2017-10-25, 5, qiang_lie, 4.15, 6.16, -1.12, 6.23, 6.21, 6.23, 6.13, 1658666.36, 1022535463, 0.06, 1.61, 3.18, 643.85796
2017-10-26, 5, qiang_lie, 4.15, 6.05, -1.79, 6.16, 6.14, 6.15, 6.04, 3648832.04, 2217286009, 0.14, 1.79, 7.00, 697.87002
2017-10-27, 4, gao_du, 4.16, 6.19, 2.31, 6.05, 6.05, 6.26, 6.02, 4563964.56, 2808909770, 0.17, 3.97, 8.76, 670.61806
2017-10-30, 4, gao_du, 4.16, 6.25, 0.97, 6.19, 6.18, 6.28, 6.15, 2632339.02, 1641299660, 0.10, 2.10, 5.05, 2887.15005
2017-10-31, 4, gao_du, 4.16, 6.10, -2.40, 6.25, 6.24, 6.25, 6.09, 2028074.87, 1247662867, 0.08, 2.56, 3.89, 698.58813
2017-11-01, 4, gao_du, 4.16, 6.09, -0.16, 6.10, 6.11, 6.13, 6.06, 2090968.69, 1272339699, 0.08, 1.15, 4.01, 849.31397
2017-11-02, 4, gao_du, 4.16, 6.09, 0.00, 6.09, 6.09, 6.10, 5.99, 2049580.7, 1240297927, 0.08, 1.81, 3.93, 722.92995
2017-11-03, 4, gao_du, 4.17, 6.10, 0.16, 6.09, 6.07, 6.11, 6.01, 2102661.36, 1273814371, 0.08, 1.64, 4.03, 767.12799
2017-11-06, 4, gao_du, 4.17, 6.05, -0.82, 6.10, 6.06, 6.08, 6.00, 1596512.03, 963361047, 0.06, 1.31, 3.06, 2660.3229
2017-11-07, 3, zhong_du, 4.17, 6.05, 0.00, 6.05, 6.03, 6.08, 6.00, 1658426.23, 1000893159, 0.06, 1.32, 6.36, 2614.31098
2017-11-10, 3, zhong_du, 4.18, 5.82, -2.02, 5.94, 5.95, 5.95, 5.81, 4184662.73, 2449725064, 0.16, 2.36, 1.62, 981.17304
2017-11-13, 3, zhong_du, 4.18, 5.96, 2.41, 5.82, 5.84, 5.98, 5.83, 4065795.75, 2410240641, 0.15, 2.58, 1.35, 526.65496
2017-11-14, 2, qing_du, 4.18, 5.91, -0.84, 5.96, 5.96, 5.98, 5.88, 1911099.21, 1130754341, 0.07, 1.68, 0.55, 808.0132
2017-11-15, 2, qing_du, 4.18, 5.91, 0.00, 5.91, 5.88, 5.95, 5.86, 1693957.53, 1000239409, 0.06, 1.52, 0.53, 637.64405
2017-11-16, 2, qing_du, 4.18, 5.85, -1.02, 5.91, 5.89, 5.91, 5.82, 2146232.74, 1257739386, 0.08, 1.52, 0.74, 180713.52386
2017-11-17, 2, qing_du, 4.18, 6.03, 3.08, 5.85, 5.86, 6.04, 5.86, 4095053.67, 2447884551, 0.15, 3.08, 1.46, 639.29701
2017-11-20, 2, qing_du, 4.19, 6.11, 1.33, 6.03, 6.01, 6.14, 5.98, 3799938.25, 2305443629, 0.14, 2.65, 1.37, 576.96605
2017-11-21, 2, qing_du, 4.19, 6.12, 0.16, 6.11, 6.08, 6.17, 6.04, 4172912.09, 2549098893, 0.15, 2.13, 1.53, 647.74489
2017-11-22, 3, zhong_du, 4.19, 6.23, 1.80, 6.12, 6.14, 6.29, 6.14, 4318695.96, 2693415698, 0.16, 2.45, 1.36, 940.18602
2017-11-23, 3, zhong_du, 4.20, 6.12, -1.77, 6.23, 6.23, 6.31, 6.06, 3725663.9, 2305971060, 0.14, 4.01, 1.01, 711.69496
2017-11-24, 3, zhong_du, 4.20, 6.07, -0.82, 6.12, 6.11, 6.13, 5.98, 3064491.38, 1848711911, 0.11, 2.45, 0.76, 640.11598
2017-11-27, 3, zhong_du, 4.20, 5.98, -1.48, 6.07, 6.04, 6.04, 5.92, 3322823.32, 1982702596, 0.12, 1.98, 0.87, 594.30003
2017-11-28, 2, qing_du, 4.20, 5.92, -1.00, 5.98, 5.95, 5.97, 5.89, 1991047.27, 1177612540, 0.07, 1.34, 0.54, 568.19606
2017-11-29, 1, wei_ruo, 4.20, 5.92, 0.00, 5.92, 5.94, 5.99, 5.88, 1851999.03, 1097060365, 0.07, 1.86, 0.56, 765.81812
2017-11-30, 1, wei_ruo, 4.20, 5.92, 0.00, 5.92, 5.92, 5.93, 5.87, 1648187.56, 971396079, 0.06, 1.01, 0.59, 822.60895
2017-12-01, 1, wei_ruo, 4.20, 5.89, -0.51, 5.92, 5.91, 5.91, 5.86, 1634476.22, 960961441, 0.06, 0.84, 0.69, 804.70896
2017-12-04, 1, wei_ruo, 4.21, 5.89, 0.00, 5.89, 5.87, 5.92, 5.84, 1486331.25, 874427309, 0.06, 1.36, 0.71, 801.73302
2017-12-05, 1, wei_ruo, 4.21, 6.00, 1.87, 5.89, 5.89, 6.04, 5.87, 3648603.79, 2176145858, 0.14, 2.89, 2.12, 930.233
2017-12-06, 1, wei_ruo, 4.21, chrome=1">
		<style>
			body { font-size: 14px; padding: 2% 0 30px; line-height: 1.5; color: #666; font-family: Hiragino Sans GB,  Microsoft YaHei,  SimHei,  Helvetica Neue,  Helvetica,  Arial,  sans-serif; }
			h1,  h2 { font-weight: normal; margin: 10px 0; line-height: 1.2; }
			h1 { font-size: 36px; color: #333; }
			h2 { font-size: 16px; }
			i { display: inline-block; vertical-align: middle; }
			strong { font-weight: normal; }
			.mb30 { margin-bottom: 30px; }
			.tac { text-align: center; }
			.b span { padding: 0 20px; }
			.b .hr { border-left: 1px dashed #ddd; border-right: 1px dashed #ddd; }
			.fl { float: left; display: inline; }
			.auto { margin-left: auto; margin-right: auto; }
			.fr { float: right; }
			.ms { list-style: none; }
			.db { display: block; }
			.m,  .n { display: inline-block; *display: inline; *zoom: 1; vertical-align: top; }
			.n { width: 166px; }
			.n-1 { border-top: 1px solid #4f71f6; border-bottom: 1px solid #4f71f6; height: 6px; margin: 45px 0; position: relative; }
			.n-1 span,  .n-1 i { position: absolute; height: 0; width: 0; }
			.n1-1,  .n1-1 i { border-top: 4px dashed transparent; border-right: 7px dashed transparent; }
			.n1-1 { top: -9px; right: 0; border-left: 7px solid #4f71f6; border-bottom: 4px solid #4f71f6; }
			.n1-1 i { left: -8px; top: -4px; border-left: 7px solid #fff; border-bottom: 4px solid #fff; }
			.n1-2, 808.60305
2017-12-07, 1, wei_ruo, 4.21, 5.90, -1.17, 5.97, 5.94, 5.96, 5.85, 1646659.92, 969897035, 0.06, 1.84, 0.79, 719.17105
2017-12-08, 1, wei_ruo, 4.21, 5.88, -0.34, 5.90, 5.88, 5.90, 5.86, 1554173.4, 913295337, 0.06, 0.68, 0.74, 565.4552
2017-12-11, 1, wei_ruo, 4.21, 5.89, 0.17, 5.88, 5.88, 5.89, 5.82, 1753620.71, 1025706811, 0.07, 1.19, 0.84, 543.20812
2017-12-12, 1, wei_ruo, 4.21, 5.84, -0.85, 5.89, 5.88, 5.89, 5.83, 1227704.3, 719258690, 0.05, 1.02, 0.58, 614.59589
2017-12-13, 1, wei_ruo, 4.21, 5.90, 1.03, 5.84, 5.85, 5.91, 5.81, 1669401.95, 978478214, 0.06, 1.71, 1.01, 651.62492
2017-12-14, 1, wei_ruo, 4.22, 5.89, -0.17, 5.90, 5.90, 5.97, 5.88, 1469378.37, 870053895, 0.05, 1.53, 0.94, 726.46093
2017-12-15, 1, wei_ruo, 4.22, 5.85, -0.68, 5.89, 5.88, 5.89, 5.83, 1168481.54, 684416775, 0.04, 1.02, 0.76, 555.56297
2017-12-18, 1, wei_ruo, 4.22, 5.92, 1.20, 5.85, 5.86, 5.92, 5.85, 1670006.51, 983204991, 0.06, 1.20, 1.15, 532.21893
2017-12-19, 1, wei_ruo, 4.22, 5.98, 1.01, 5.92, 5.90, 6.00, 5.89, 2728215.69, 1628202576, 0.10, 1.86, 1.89, 668.7448
2017-12-20, 1, wei_ruo, 4.22, 5.97, -0.17, 5.98, 5.99, 6.03, 5.94, 1900410.16, 1136206448, 0.07, 1.51, 1.09, 2670.22085
2017-12-21, 1, wei_ruo, 4.22, 5.96, -0.17, 5.97, 5.97, 5.99, 5.94, 1465818.53, 874744841, 0.05, 0.84, 0.82, 2285.9261
2017-12-22, 1, wei_ruo, 4.22, 5.92, -0.67, 5.96, 5.97, 5.98, 5.92, 1186604.02, 704959350, 0.04, 1.01, 0.66, 689.31603
2017-12-25, 1, wei_ruo, 4.22, 6.00, 1.35, 5.92, 5.93, 6.03, 5.93, 2396364.48, 1437036003, 0.09, 1.69, 1.34, 1616.85586
2017-12-26, 1, wei_ruo, 4.22, 6.08, 1.33, 6.00, 6.00, 6.10, 5.98, 2165329.09, 1313822197, 0.08, 2.00, 1.12, 402.11201
2017-12-27, 1, wei_ruo, 4.23, 6.05, -0.49, 6.08, 6.09, 6.15, 6.02, 2151400.64, 1310856357, 0.08, 2.14, 1.18, 548.1348
2017-12-29, 2, qing_du, 4.23, 6.18, -0.32, 6.20, 6.19, 6.39, 6.11, 5374662.07, 3356778409, 0.20, 4.52, 2.45, 604.30598
2018-01-03, 2, qing_du, 4.24, 6.16, -0.32, 6.18, 6.18, 6.32, 6.12, 3493611.24, 2172614073, 0.13, 3.24, 1.25, 629.41313
2018-01-04, 2, qing_du, 4.24, 6.07, -1.46, 6.16, 6.18, 6.18, 6.06, 4351365.22, 2661279489, 0.16, 1.95, 1.42, 853.40309
2018-01-05, 2, qing_du, 4.24, 6.08, 0.16, 6.07, 6.09, 6.11, 6.06, 2817842.65, 1715071500, 0.10, 0.82, 0.81, 621.57607
2018-01-08, 1, wei_ruo, 4.24, 6.07, -0.16, 6.08, 6.09, 6.10, 6.04, 2184876.04, 1325134030, 0.08, 0.99, 0.60, 622.23196
2018-01-09, 1, wei_ruo, 4.24, 6.09, 0.33, 6.07, 6.07, 6.11, 6.04, 1671857.06, 1016901409, 0.06, 1.15, 0.46, 590.51704
2018-01-10, 1, wei_ruo, 4.25, 6.16, 1.15, 6.09, 6.08, 6.19, 6.06, 2487389.58, 1528503369, 0.09, 2.13, 0.86, 2523.59581
2018-01-11, 2, qing_du, 4.25, 6.21, 0.81, 6.16, 6.18, 6.24, 6.14, 1970473.06, 1220745187, 0.07, 1.62, 0.73, 594.13695
2018-01-12, 2, qing_du, 4.25, 6.25, 0.64, 6.21, 6.20, 6.30, 6.20, 2188517.99, 1367945833, 0.08, 1.61, 0.98, 668.50114
2018-01-15, 3, zhong_du, 4.25, 6.43, 2.88, 6.25, 6.24, 6.48, 6.24, 5302095, 3390801519, 0.20, 3.84, 2.52, 551.04303
2018-01-16, 3, zhong_du, 4.26, 6.59, 2.49, 6.43, 6.43, 6.59, 6.38, 3820653.05, 2477463823, 0.14, 3.27, 1.40, 695.30988
2018-01-17, 4, gao_du, 4.26, 6.72, 1.97, 6.59, 6.64, 6.99, 6.64, 5885365.73, 3985715090, 0.22, 5.31, 1.87, 561.02991
2018-01-18, 4, gao_du, 4.27, 7.13, 6.10, 6.72, 6.75, 7.15, 6.75, 5869909.42, 4082204721, 0.22, 5.95, 1.53, 675.39787
2018-01-19, 4, gao_du, 4.27, 7.12, -0.14, 7.13, 7.14, 7.20, 6.98, 4366550.41, 3090202754, 0.16, 3.09, 0.95, 695.12892
2018-01-22, 4, gao_du, 4.28, 7.17, 0.70, 7.12, 7.04, 7.35, 7.01, 4691221.4, 3361424941, 0.17, 4.78, 0.93, 601.90606
2018-01-23, 5, qiang_lie, 4.28, 7.49, 4.46, 7.17, 7.15, 7.53, 7.11, 6030551.04, 4451129294, 0.22, 5.86, 1.22, 555.13
2018-01-24, 5, qiang_lie, 4.29, 7.40, -1.20, 7.49, 7.49, 7.66, 7.30, 5003507.85, 3730795529, 0.19, 4.81, 0.93, 602.355
2018-01-25, 5, qiang_lie, 4.29, 7.35, -0.68, 7.40, 7.33, 7.42, 7.13, 3875393.65, 2825420229, 0.14, 3.92, 0.75, 781.07309
2018-01-26, 5, qiang_lie, 4.30, 7.37, 0.27, 7.35, 7.29, 7.55, 7.27, 4221498.23, 3128361719, 0.16, 3.81, 0.88, 642.54594
2018-01-29, 5, qiang_lie, 4.30, 7.43, 0.81, 7.37, 7.37, 7.69, 7.36, 3695341.82, 2770750386, 0.14, 4.48, 0.78, 758.1048
2018-01-30, 5, qiang_lie, 4.31, 7.28, -2.02, 7.43, 7.40, 7.42, 7.21, 2465403.67, 1800131407, 0.09, 2.83, 0.54, 419.49391
2018-01-31, 5, qiang_lie, 4.31, 7.48, 2.75, 7.28, 7.28, 7.50, 7.21, 3767759.32, 2761036083, 0.14, 3.98, 0.98, 791.54611
2018-02-01, 5, qiang_lie, 4.32, 7.68, 2.67, 7.48, 7.44, 7.70, 7.42, 4568140.17, 3463752676, 0.17, 3.74, 1.27, 701.53594
2018-02-02, 5, qiang_lie, 4.32, 7.60, -1.04, 7.68, 7.60, 7.67, 7.44, 3322599.56, 2512792373, 0.12, 2.99, 0.89, 642.47108
2018-02-05, 5, qiang_lie, 4.32, 7.75, 1.97, 7.60, 7.48, 7.77, 7.46, 4080189.69, 3129790805, 0.15, 4.08, 1.14, 690.91511
2018-02-06, 5, qiang_lie, 4.33, 7.57, -2.32, 7.75, 7.59, 7.65, 7.40, 6795771.75, 5121172363, 0.25, 3.23, 1.87, 617.20181
2018-02-07, 5, qiang_lie, 4.34, 7.13, -5.81, 7.57, 7.57, 7.67, 7.00, 6369817.42, 4666865512, 0.24, 8.85, 1.41, 856.88305
2018-02-08, 5, qiang_lie, 4.34, 6.82, -4.35, 7.13, 7.05, 7.08, 6.69, 5409203.79, 3715985911, 0.20, 5.47, 0.90, 697.02888
2018-02-09, 4, gao_du, 4.35, 6.68, -2.05, 6.82, 6.58, 6.72, 6.43, 6043811.55, 3985698498, 0.22, 4.25, 1.01, 709.42903
2018-02-12, 3, zhong_du, 4.35, 6.61, -1.05, 6.68, 6.64, 6.71, 6.52, 3544422.41, 2344434626, 0.13, 2.84, 0.61, 639.889
2018-02-13, 3, zhong_du, 4.36, 6.80, 2.87, 6.61, 6.66, 6.88, 6.64, 4239094.48, 2865744342, 0.16, 3.63, 0.93, 632.88999
2018-02-14, 3, zhong_du, 4.36, 6.88, 1.18, 6.80, 6.79, 6.90, 6.73, 1805734.19, 1234093936, 0.07, 2.50, 0.47, 709.62596
