2015-08-20, 2, qing_du, 15.45, 12.97, -3.93, 13.50, 13.40, 13.57, 12.91, 1221647.12, 1611020062, 0.71, 4.89, 0.49, 3845.57796
2015-08-21, 1, wei_ruo, 15.42, 12.40, -4.39, 12.97, 12.76, 13.12, 12.19, 1359090.72, 1715636555, 0.80, 7.17, 0.61, 2748.50321
2015-08-25, 1, wei_ruo, 15.34, 10.04, -10.04, 11.16, 10.04, 10.43, 10.04, 1508429.47, 1520184557, 0.88, 3.49, 0.84, 1184.46088
2015-08-26, 1, wei_ruo, 15.25, 9.04, -9.96, 10.04, 10.04, 10.26, 9.04, 2563986.12, 2451797029, 1.50, 12.15, 1.67, 2833.67705
2015-10-29, 3, zhong_du, 14.30, 12.33, -0.40, 12.38, 12.39, 12.58, 12.22, 744009.21, 920465148, 0.44, 2.91, 0.49, 21991.92286
2015-10-30, 3, zhong_du, 14.29, 12.31, -0.16, 12.33, 12.30, 12.54, 12.24, 759983.26, 943565895, 0.44, 2.43, 0.65, 1251.07694
2015-11-02, 3, zhong_du, 14.28, 12.34, 0.24, 12.31, 12.30, 12.68, 12.16, 895214.58, 1108831795, 0.52, 4.22, 0.89, 1308.96091
2015-11-03, 3, zhong_du, 14.27, 12.16, -1.46, 12.34, 12.29, 12.45, 12.09, 670299.59, 822643442, 0.39, 2.92, 0.73, 3010.71405
2015-11-04, 2, qing_du, 14.26, 12.69, 4.36, 12.16, 12.20, 12.78, 12.19, 1421337.84, 1778996773, 0.83, 4.85, 1.75, 1995.47791
2015-11-05, 3, zhong_du, 14.23, 13.26, 4.49, 12.69, 12.68, 13.90, 12.59, 3966507.08, 5309747943, 2.32, 10.32, 4.42, 1257.50995
2015-11-06, 3, zhong_du, 14.22, 13.31, 0.38, 13.26, 13.03, 13.55, 12.91, 2475580.21, 3263215604, 1.45, 4.83, 1.60, 1089.19215
2015-11-09, 3, zhong_du, 14.21, 13.32, 0.08, 13.31, 13.10, 13.67, 13.06, 2151661.99, 2886514973, 1.26, 4.58, 1.14, 1822.02792
2015-11-10, 3, zhong_du, 14.20, 13.08, -1.80, 13.32, 13.17, 13.29, 12.98, 1554836.21, 2034780817, 0.91, 2.33, 0.73, 433.76899
2015-11-11, 3, zhong_du, 14.20, 13.04, -0.38, 13.09, 13.10, 13.28, 12.92, 1269175.86, 1659290051, 0.74, 2.75, 0.55, 249.98617
2015-11-12, 3, zhong_du, 14.20, 12.87, -1.30, 13.04, 13.01, 13.09, 12.80, 1133916.11, 1463884810, 0.66, 2.22, 0.50, 933.33912
2015-11-13, 3, zhong_du, 14.19, 12.49, -2.95, 12.87, 12.75, 12.84, 12.46, 1067226.66, 1346355448, 0.62, 2.95, 0.62, 1384.06706
2015-11-16, 3, zhong_du, 14.18, 12.68, 1.52, 12.49, 12.30, 12.80, 12.22, 902063.09, 1130537992, 0.53, 4.64, 0.63, 866.19496
2015-11-17, 3, zhong_du, 14.17, 12.60, -0.63, 12.68, 12.75, 13.00, 12.55, 1173187.42, 1500684081, 0.69, 3.55, 0.99, 997.26295
2015-11-18, 3, zhong_du, 14.16, 12.35, -1.98, 12.60, 12.60, 12.68, 12.34, 775219.87, 966351119, 0.45, 2.70, 0.70, 1324.48792
2015-11-19, 3, zhong_du, 14.15, 12.47, 0.97, 12.35, 12.41, 12.50, 12.30, 631519.05, 783987750, 0.37, 1.62, 0.63, 16487.10513
2015-11-20, 3, zhong_du, 14.14, 12.65, 1.44, 12.47, 12.60, 12.93, 12.55, 1031760.28, 1312548630, 0.60, 3.05, 1.13, 16740.88597
2015-11-23, 3, zhong_du, 14.13, 12.67, 0.16, 12.65, 12.72, 13.00, 12.55, 1150176.42, 1469276122, 0.67, 3.56, 1.27, 32000.14615
2015-11-24, 3, zhong_du, 14.13, 12.48, -1.50, 12.67, 12.68, 12.69, 12.30, 726373.3, 903057356, 0.42, 3.08, 0.76, 1080.04689
2015-11-25, 3, zhong_du, 14.12, 12.44, -0.32, 12.48, 12.48, 12.48, 12.33, 680911.79, 843533877, 0.40, 1.20, 0.79, 962.01921
2015-11-26, 3, zhong_du, 14.11, 12.44, 0.00, 12.44, 12.67, 12.78, 12.40, 849919.84, 1069225263, 0.50, 3.05, 1.01, 857.57899
2015-11-27, 2, qing_du, 14.09, 11.44, -8.04, 12.44, 12.33, 12.37, 11.21, 1283345.72, 1526324301, 0.75, 9.32, 1.45, 870.29409
2015-11-30, 2, qing_du, 14.08, 11.18, -2.27, 11.44, 11.43, 11.59, 10.63, 966062.78, 1075614218, 0.57, 8.39, 1.03, 873.19899
2015-12-01, 1, wei_ruo, 14.06, 11.42, 2.15, 11.18, 11.27, 11.60, 11.07, 819705.97, 928142115, 0.48, 4.74, 0.91, 1113.24191
2015-12-02, 1, wei_ruo, 14.05, 11.67, 2.19, 11.42, 11.42, 11.80, 11.19, 921007.1, 1065616146, 0.54, 5.34, 1.00, 955.70421
2015-12-03, 1, wei_ruo, 14.05, 11.62, -0.43, 11.67, 11.56, 11.75, 11.42, 801117.78, 926100268, 0.47, 2.83, 0.83, 821.36011
2015-12-04, 1, wei_ruo, 14.04, 11.64, 0.17, 11.62, 11.80, 11.99, 11.53, 1016264.17, 1198186570, 0.59, 3.96, 1.06, 581.16293
2015-12-07, 1, wei_ruo, 14.03, 11.56, -0.69, 11.64, 11.55, 11.71, 11.42, 521666.8, 601864099, 0.31, 2.49, 0.58, 595.22295
2015-12-08, 1, wei_ruo, 14.02, 11.07, -4.24, 11.56, 11.48, 11.48, 11.02, 652829.9, 731214668, 0.38, 3.98, 0.80, 709.04803
2015-12-09, 1, wei_ruo, 14.01, 11.03, -0.36, 11.07, 11.05, 11.24, 10.97, 424971.94, 470177249, 0.25, 2.44, 0.54, 2556.0689
2015-12-10, 1, wei_ruo, 14.01, 10.93, -0.91, 11.03, 11.04, 11.17, 10.91, 432806.46, 476772946, 0.25, 2.36, 0.63, 798.97285
2015-12-11, 1, wei_ruo, 14.00, 10.81, -1.10, 10.93, 10.93, 10.93, 10.61, 505568.35, 543462000, 0.30, 2.93, 0.83, 3018.27407
2015-12-14, 1, wei_ruo, 13.98, 11.19, 3.52, 10.81, 10.68, 11.24, 10.60, 679087.84, 746304309, 0.40, 5.92, 1.34, 799.98398
2015-12-15, 1, wei_ruo, 13.98, 11.13, -0.54, 11.19, 11.20, 11.25, 11.08, 519824.11, 580329721, 0.30, 1.52, 0.96, 978.84607
2015-12-16, 1, wei_ruo, 13.97, 11.07, -0.54, 11.13, 11.13, 11.21, 11.06, 328670.6, 365556440, 0.19, 1.35, 0.64, 2812.8221
2015-12-17, 1, wei_ruo, 13.96, 11.24, 1.54, 11.07, 11.09, 11.36, 11.09, 648422.94, 727963628, 0.38, 2.44, 1.31, 4778.16701
2015-12-18, 1, wei_ruo, 13.94, 11.37, 1.16, 11.24, 11.56, 11.84, 11.35, 1047611.42, 1216388139, 0.61, 4.36, 1.95, 805.89008
2015-12-21, 1, wei_ruo, 13.93, 11.45, 0.70, 11.37, 11.38, 11.56, 11.28, 694616.7, 794231838, 0.41, 2.46, 1.08, 1024.59788
2015-12-22, 1, wei_ruo, 13.93, 11.31, -1.22, 11.45, 11.46, 11.50, 11.22, 568594.72, 642745072, 0.33, 2.45, 0.88, 760.9601
2015-12-23, 1, wei_ruo, 13.92, 11.23, -0.71, 11.31, 11.31, 11.37, 11.22, 606785.55, 685202181, 0.36, 1.33, 0.92, 1551.40519
2015-12-24, 1, wei_ruo, 13.91, 11.07, -1.42, 11.23, 11.21, 11.23, 11.01, 482007.73, 535472067, 0.28, 1.96, 0.68, 2037.15897
2015-12-25, 1, wei_ruo, 13.90, 11.12, 0.45, 11.07, 11.10, 11.18, 11.01, 390674.73, 433037969, 0.23, 1.54, 0.57, 780.06291
2015-12-28, 1, wei_ruo, 13.89, 10.81, -2.79, 11.12, 11.17, 11.20, 10.80, 571519.14, 627988143, 0.33, 3.60, 1.04, 2851.67503
2015-12-29, 1, wei_ruo, 13.89, 10.85, 0.37, 10.81, 10.81, 10.86, 10.75, 328981.42, 355328245, 0.19, 1.02, 0.63, 936.57994
2015-12-30, 1, wei_ruo, 13.88, 10.88, 0.28, 10.85, 10.90, 10.98, 10.82, 318494.82, 347014702, 0.19, 1.47, 0.61, 2808.96497
2015-12-31, 1, wei_ruo, 13.87, 10.92, 0.37, 10.88, 10.88, 11.14, 10.85, 442039.76, 485588193, 0.26, 2.67, 0.84, 917.78016
2016-01-04, 1, wei_ruo, 13.86, 9.90, -9.34, 10.92, 10.93, 10.97, 9.88, 430091.89, 450193549, 0.25, 9.98, 1.27, 1943.18295
2016-01-05, 1, wei_ruo, 13.85, 9.73, -1.72, 9.90, 9.63, 10.09, 9.35, 757660.17, 736362096, 0.44, 7.47, 1.45, 3235.33702
2016-01-06, 1, wei_ruo, 13.83, 9.97, 2.47, 9.73, 9.75, 10.04, 9.75, 511831.38, 505483785, 0.30, 2.98, 0.98, 985.0409
2016-01-07, 1, wei_ruo, 13.83, 9.22, -7.52, 9.97, 9.97, 9.97, 9.08, 154363.78, 148517564, 0.09, 8.93, 2.36, 2274.822
2016-01-08, 1, wei_ruo, 13.83, 9.30, 0.87, 9.22, 9.50, 9.59, 8.88, 731424.07, 681553952, 0.43, 7.70, 1.40, 5152.86303
2016-01-11, 1, wei_ruo, 14.00, 9.21, -0.97, 9.30, 9.14, 9.92, 8.98, 950747.79, 904356034, 0.56, 10.11, 1.81, 971.26317
2016-01-12, 1, wei_ruo, 13.98, 9.23, 0.22, 9.21, 9.32, 9.42, 9.01, 621017.5, 573220504, 0.36, 4.45, 1.19, 2819.63611
2016-01-13, 1, wei_ruo, 13.96, 8.81, -4.55, 9.23, 9.36, 9.38, 8.74, 572587.14, 519485901, 0.33, 6.93, 1.09, 867.36393
2016-01-14, 1, wei_ruo, 13.94, 8.95, 1.59, 8.81, 8.50, 9.01, 8.41, 583371.31, 508729884, 0.34, 6.81, 1.11, 807.69491
2016-01-15, 1, wei_ruo, 13.93, 8.39, -6.26, 8.95, 8.88, 8.91, 8.31, 604699.1, 519780895, 0.35, 6.70, 1.15, 913.89799
2016-01-18, 1, wei_ruo, 13.91, 8.47, 0.95, 8.39, 8.40, 8.65, 8.33, 488449.83, 415336943, 0.29, 3.81, 0.93, 4045.91489
2016-01-19, 1, wei_ruo, 13.86, 9.32, 10.04, 8.47, 8.47, 9.32, 8.36, 1581394.19, 1442976926, 0.93, 11.33, 3.02, 722.79501
2016-01-20, 1, wei_ruo, 13.82, 9.13, -2.04, 9.32, 9.26, 9.49, 9.05, 1670459.22, 1555593712, 0.98, 4.72, 3.19, 761.26409
2016-01-21, 1, wei_ruo, 13.79, 8.59, -5.91, 9.13, 8.88, 9.06, 8.55, 852409.13, 754494096, 0.50, 5.59, 1.63, 4352.12111
2016-01-22, 1, wei_ruo, 13.77, 8.88, 3.38, 8.59, 8.76, 9.03, 8.52, 754052.71, 665346767, 0.44, 5.94, 1.44, 2777.88186
2016-01-26, 1, wei_ruo, 13.73, 8.03, -8.96, 8.82, 8.70, 8.72, 8.00, 734492.55, 613025114, 0.43, 8.16, 1.40, 735.57281
2016-01-27, 1, wei_ruo, 13.71, 7.89, -1.74, 8.03, 8.09, 8.16, 7.48, 697447.59, 546215293, 0.41, 8.47, 1.33, 733.59203
2016-01-28, 1, wei_ruo, 13.69, 7.24, -8.24, 7.89, 7.80, 7.84, 7.22, 524116.74, 395494111, 0.31, 7.86, 1.00, 867.77997
2016-01-29, 1, wei_ruo, 13.66, 7.96, 9.94, 7.24, 7.24, 7.96, 7.24, 937736.13, 736361877, 0.55, 9.94, 1.79, 2920.09902
2016-02-01, 1, wei_ruo, 13.63, 7.66, -3.77, 7.96, 8.00, 8.05, 7.45, 871020.58, 673325885, 0.51, 7.54, 1.66, 764.46486
2016-02-02, 1, wei_ruo, 13.60, 7.81, 1.96, 7.66, 7.65, 7.99, 7.60, 715115.71, 559609439, 0.42, 5.09, 1.36, 2324.95785
2016-02-03, 1, wei_ruo, 13.59, 7.74, -0.90, 7.81, 7.72, 7.82, 7.52, 532645.88, 407079129, 0.31, 3.84, 1.02, 1166.74209
2016-02-04, 1, wei_ruo, 13.57, 7.82, 1.03, 7.74, 7.79, 7.92, 7.71, 542949.38, 425069268, 0.32, 2.71, 1.04, 2974.97487
2016-02-05, 1, wei_ruo, 13.55, 7.73, -1.15, 7.82, 7.83, 7.88, 7.69, 458097.96, 356324288, 0.27, 2.43, 0.87, 911.82399
2016-02-15, 1, wei_ruo, 13.54, 7.59, -1.81, 7.73, 7.47, 7.65, 7.33, 338035.15, 253987070, 0.20, 4.14, 0.65, 917.18197
2016-02-16, 1, wei_ruo, 13.52, 7.90, 4.08, 7.59, 7.60, 8.01, 7.60, 715816.83, 563214194, 0.42, 5.40, 1.37, 931.44584
2016-02-17, 1, wei_ruo, 13.48, 8.07, 2.15, 7.90, 8.00, 8.15, 7.88, 1093842.14, 881178706, 0.64, 3.42, 2.09, 1126.34397
2016-02-18, 1, wei_ruo, 13.46, 7.98, -1.12, 8.07, 8.10, 8.15, 7.94, 693359.63, 556817822, 0.41, 2.60, 1.32, 868.28399
2016-02-19, 1, wei_ruo, 13.45, 7.96, -0.25, 7.98, 8.00, 8.06, 7.92, 292967.69, 233976914, 0.17, 1.75, 0.71, 4633.17609
2016-02-22, 1, wei_ruo, 13.45, 8.21, 3.01, 7.97, 8.10, 8.24, 8.00, 923514.17, 751764443, 0.54, 3.01, 1.40, 4728.07693
2016-02-23, 1, wei_ruo, 13.42, 8.06, -1.83, 8.21, 8.23, 8.23, 7.95, 566461.97, 456961994, 0.33, 3.41, 0.73, 778.35107
2016-02-24, 1, wei_ruo, 13.38, 8.28, 2.73, 8.06, 8.04, 8.40, 8.00, 1149642.91, 941015690, 0.67, 4.96, 1.54, 2945.97101
2016-02-25, 1, wei_ruo, 13.34, 7.48, -9.66, 8.28, 8.20, 8.22, 7.45, 1210839.95, 948355009, 0.71, 9.30, 1.60, 677.92892
2016-02-26, 1, wei_ruo, 13.33, 7.54, 0.80, 7.48, 7.58, 7.63, 7.34, 492564.28, 370994437, 0.29, 3.88, 0.57, 1579.74815
2016-02-29, 1, wei_ruo, 13.31, 7.29, -3.32, 7.54, 7.53, 7.53, 7.01, 630209.25, 453785152, 0.37, 6.90, 0.73, 2950.804
2016-03-01, 1, wei_ruo, 13.29, 7.42, 1.78, 7.29, 7.31, 7.50, 7.21, 431321.88, 318489677, 0.25, 3.98, 0.53, 798.28191
2016-03-02, 1, wei_ruo, 13.26, 7.74, 4.31, 7.42, 7.49, 7.80, 7.40, 812351.38, 619583498, 0.48, 5.39, 1.04, 576.00689
2016-03-03, 1, wei_ruo, 13.24, 7.77, 0.39, 7.74, 7.71, 7.91, 7.66, 736767.99, 571501460, 0.43, 3.23, 1.03, 1377.84004
2016-03-04, 1, wei_ruo, 13.20, 7.95, 2.32, 7.77, 7.73, 7.98, 7.70, 1312956.64, 1031386947, 0.77, 3.60, 2.12, 2654.55103
2016-03-07, 1, wei_ruo, 13.18, 8.02, 0.88, 7.95, 8.30, 8.30, 7.90, 695151.71, 561265264, 0.41, 5.03, 0.89, 4515.95187
2016-03-08, 1, wei_ruo, 13.16, 8.09, 0.87, 8.02, 8.01, 8.10, 7.65, 588207.05, 461390642, 0.34, 5.61, 0.74, 1375.23985
2016-03-10, 1, wei_ruo, 13.13, 7.81, -3.46, 8.09, 8.00, 8.05, 7.80, 357104.9, 283398800, 0.21, 3.09, 0.46, 2506.30903
2016-03-14, 1, wei_ruo, 13.10, 8.03, 1.26, 7.93, 8.00, 8.15, 7.95, 667063.52, 538719448, 0.39, 2.52, 1.30, 693.22705
2016-03-15, 1, wei_ruo, 13.09, 7.98, -0.62, 8.03, 8.08, 8.08, 7.85, 418016.92, 332784535, 0.24, 2.86, 0.82, 2060.426
2016-03-16, 1, wei_ruo, 13.06, 8.07, 1.13, 7.98, 7.92, 8.10, 7.90, 856017.79, 689103201, 0.50, 2.51, 1.81, 693.1529
2016-03-17, 1, wei_ruo, 13.05, 8.09, 0.25, 8.07, 8.08, 8.16, 8.01, 606053.13, 490356589, 0.35, 1.86, 1.14, 753.60417
2016-03-18, 1, wei_ruo, 13.01, 8.19, 1.24, 8.09, 8.12, 8.29, 8.08, 1237563.85, 1012884245, 0.72, 2.60, 2.13, 2504.632
2016-03-21, 1, wei_ruo, 12.97, 8.42, 2.81, 8.19, 8.28, 8.70, 8.22, 1466398.33, 1235899850, 0.86, 5.86, 1.94, 4547.01996
2016-03-22, 2, qing_du, 12.95, 8.29, -1.54, 8.42, 8.39, 8.43, 8.25, 806598.04, 671174810, 0.47, 2.14, 0.88, 2597.77498
2016-03-23, 2, qing_du, 12.94, 8.25, -0.48, 8.29, 8.31, 8.35, 8.18, 493697.18, 407147337, 0.29, 2.05, 0.50, 698.37284
2016-03-24, 2, qing_du, 12.92, 8.11, -1.70, 8.25, 8.18, 8.37, 8.05, 651758.14, 532435361, 0.38, 3.88, 0.71, 736.01604
2016-03-25, 2, qing_du, 12.91, 8.13, 0.25, 8.11, 8.11, 8.19, 8.08, 380342.46, 309117637, 0.22, 1.36, 0.41, 4736.20391
2016-03-28, 2, qing_du, 12.90, 8.05, -0.98, 8.13, 8.14, 8.24, 8.02, 408649.17, 332401102, 0.24, 2.71, 0.54, 646.1401
2016-03-29, 2, qing_du, 12.88, 7.85, -2.48, 8.05, 8.05, 8.07, 7.80, 490071.52, 387463556, 0.29, 3.35, 0.89, 688.89189
2016-03-30, 2, qing_du, 12.87, 8.03, 2.29, 7.85, 7.91, 8.04, 7.90, 448920.97, 358177826, 0.26, 1.78, 0.93, 1147.94803
2016-03-31, 2, qing_du, 12.85, 8.05, 0.25, 8.03, 8.12, 8.18, 8.04, 494570.65, 400066992, 0.29, 1.74, 1.04, 933.02703
2016-04-01, 2, qing_du, 12.83, 8.21, 1.99, 8.05, 8.07, 8.22, 7.96, 729371.03, 591090479, 0.43, 3.23, 1.64, 2753.74913
2016-04-05, 2, qing_du, 12.81, 8.24, 0.37, 8.21, 8.13, 8.38, 8.11, 892290.01, 737459654, 0.52, 3.29, 1.73, 2122.33305
2016-04-06, 3, zhong_du, 12.80, 8.18, -0.73, 8.24, 8.21, 8.26, 8.12, 546962.33, 447923975, 0.32, 1.70, 0.90, 448.93909
2016-04-07, 3, zhong_du, 12.78, 8.06, -1.47, 8.18, 8.22, 8.25, 8.05, 464341.37, 377263253, 0.27, 2.44, 0.75, 2735.569
2016-04-08, 3, zhong_du, 12.77, 7.97, -1.12, 8.06, 8.03, 8.04, 7.90, 401007.39, 319830445, 0.23, 1.74, 0.64, 602.56481
2016-04-11, 3, zhong_du, 12.76, 8.10, 1.63, 7.97, 7.96, 8.17, 7.96, 421392.87, 341544158, 0.25, 2.63, 0.69, 2500.88716
2016-04-12, 3, zhong_du, 12.75, 8.04, -0.74, 8.10, 8.10, 8.10, 7.98, 322499.14, 259137433, 0.19, 1.48, 0.59, 2548.26689
2016-04-13, 3, zhong_du, 12.73, 8.18, 1.74, 8.04, 8.11, 8.29, 8.08, 867054.46, 710840891, 0.51, 2.61, 2.01, 998.62909
2016-04-14, 3, zhong_du, 12.71, 8.25, 0.86, 8.18, 8.27, 8.36, 8.16, 632906.51, 522433850, 0.37, 2.44, 1.28, 2625.95487
2016-04-15, 3, zhong_du, 12.70, 8.19, -0.73, 8.25, 8.26, 8.27, 8.15, 408580.76, 334704243, 0.24, 1.45, 0.77, 1998.46411
2016-04-18, 3, zhong_du, 12.69, 8.04, -1.83, 8.19, 8.16, 8.16, 8.00, 448367.01, 360980361, 0.26, 1.95, 0.85, 2580.49011
2016-04-19, 3, zhong_du, 12.68, 8.05, 0.12, 8.04, 8.12, 8.12, 8.00, 303228.43, 243947153, 0.18, 1.49, 0.57, 626.06978
2016-04-20, 3, zhong_du, 12.66, 7.82, -2.86, 8.05, 8.07, 8.08, 7.54, 827447.83, 643540368, 0.48, 6.71, 1.56, 201.22695
2016-04-21, 2, qing_du, 12.65, 7.69, -1.66, 7.82, 7.75, 7.83, 7.67, 324260.1, 251356576, 0.19, 2.05, 0.62, 692.03901
2016-04-22, 2, qing_du, 12.64, 7.68, -0.13, 7.69, 7.66, 7.72, 7.58, 261409.56, 199634593, 0.15, 1.82, 0.57, 558.27403
2016-04-25, 1, wei_ruo, 12.63, 7.62, -0.78, 7.68, 7.68, 7.68, 7.56, 180130.15, 137135498, 0.11, 1.56, 0.42, 1845.87789
2016-04-26, 1, wei_ruo, 12.63, 7.67, 0.66, 7.62, 7.65, 7.75, 7.60, 268154.34, 205376388, 0.16, 1.97, 0.71, 403.754
2016-04-27, 1, wei_ruo, 12.62, 7.59, -1.04, 7.67, 7.67, 7.68, 7.57, 222988.71, 169938476, 0.13, 1.43, 0.60, 2725.44408
2016-04-28, 1, wei_ruo, 12.61, 7.53, -0.79, 7.59, 7.63, 7.64, 7.45, 258204.54, 194384255, 0.15, 2.50, 1.03, 731.86684
2016-04-29, 1, wei_ruo, 12.61, 7.48, -0.66, 7.53, 7.50, 7.56, 7.46, 216223.46, 162145680, 0.13, 1.33, 0.91, 2668.87093
2016-05-03, 1, wei_ruo, 12.60, 7.63, 2.01, 7.48, 7.51, 7.64, 7.49, 289737.61, 219934500, 0.17, 2.01, 1.26, 4118.26587
2016-05-04, 1, wei_ruo, 12.59, 7.64, 0.13, 7.63, 7.64, 7.70, 7.55, 287780.01, 219420208, 0.17, 1.97, 1.15, 495.08691
2016-05-05, 1, wei_ruo, 12.58, 7.62, -0.26, 7.64, 7.63, 7.65, 7.57, 217210.92, 165238736, 0.13, 1.05, 0.85, 3569.72599
2016-05-06, 1, wei_ruo, 12.57, 7.37, -3.28, 7.62, 7.65, 7.66, 7.36, 423315.46, 317184397, 0.25, 3.94, 1.67, 2626.75095
2016-05-09, 1, wei_ruo, 12.56, 7.11, -3.53, 7.37, 7.31, 7.31, 7.07, 394981.1, 282607471, 0.23, 3.26, 1.38, 7126.47104
2016-05-10, 1, wei_ruo, 12.55, 7.21, 1.41, 7.11, 7.10, 7.30, 7.08, 345473.25, 248399035, 0.20, 3.09, 1.07, 2725.23689
2016-05-11, 1, wei_ruo, 12.53, 7.24, 0.42, 7.21, 7.22, 7.37, 7.09, 390631.27, 282575516, 0.23, 3.88, 1.17, 841.91799
2016-05-12, 1, wei_ruo, 12.53, 7.16, -1.10, 7.24, 7.12, 7.23, 7.06, 240937.76, 171955668, 0.14, 2.35, 0.68, 729.93398
2016-05-13, 1, wei_ruo, 12.52, 7.12, -0.56, 7.16, 7.16, 7.24, 7.09, 191879.9, 137244310, 0.11, 2.09, 0.53, 944.5889
2016-05-16, 1, wei_ruo, 12.51, 7.15, 0.42, 7.12, 7.10, 7.17, 7.06, 223202.86, 158847108, 0.13, 1.54, 0.71, 14573.7412
2016-05-17, 1, wei_ruo, 12.51, 7.14, -0.14, 7.15, 7.16, 7.18, 7.12, 210031.88, 150102526, 0.12, 0.84, 0.75, 2703.62902
2016-05-18, 1, wei_ruo, 12.50, 7.09, -0.70, 7.14, 7.09, 7.12, 7.01, 349534, 246857490, 0.20, 1.54, 1.39, 693.43901
2016-05-19, 1, wei_ruo, 12.49, 7.06, -0.42, 7.09, 7.09, 7.14, 7.05, 179858.41, 127565477, 0.11, 1.27, 0.74, 1093.7252
2016-05-20, 1, wei_ruo, 12.48, 7.07, 0.14, 7.06, 7.06, 7.07, 7.02, 193022.96, 136087425, 0.11, 0.71, 0.84, 2283.952
2016-05-23, 1, wei_ruo, 12.48, 7.09, 0.28, 7.07, 7.05, 7.11, 7.04, 226663.79, 160547069, 0.13, 0.99, 0.98, 712.82911
2016-05-24, 1, wei_ruo, 12.47, 7.04, -0.71, 7.09, 7.08, 7.08, 7.01, 205248.57, 144340681, 0.12, 0.99, 0.89, 1677.99997
2016-05-25, 1, wei_ruo, 12.46, 7.01, -0.43, 7.04, 7.07, 7.08, 7.01, 190662.19, 134217586, 0.11, 0.99, 0.82, 2206.67291
2016-05-26, 1, wei_ruo, 12.46, 6.97, -0.57, 7.01, 7.01, 7.06, 6.87, 280334.98, 194698651, 0.16, 2.71, 1.21, 569.3109
2016-05-27, 1, wei_ruo, 12.45, 6.95, -0.29, 6.97, 6.97, 7.00, 6.89, 179389.89, 124642833, 0.10, 1.58, 0.77, 456.5928
2016-05-30, 1, wei_ruo, 12.43, 7.09, 2.01, 6.95, 6.96, 7.17, 6.93, 483852.69, 343388821, 0.28, 3.45, 2.09, 423.81811
2016-05-31, 1, wei_ruo, 12.41, 7.25, 2.26, 7.09, 7.08, 7.26, 7.02, 637518.71, 458462754, 0.37, 3.39, 2.75, 2000.09203
2016-06-01, 1, wei_ruo, 12.40, 7.21, -0.55, 7.25, 7.25, 7.29, 7.18, 416438.59, 300386700, 0.24, 1.52, 1.80, 2016.37983
2016-06-02, 1, wei_ruo, 12.40, 7.21, 0.00, 7.21, 7.21, 7.25, 7.16, 326814.4, 235138090, 0.19, 1.25, 1.41, 612.64682
2016-06-03, 1, wei_ruo, 12.37, 7.19, -0.28, 7.21, 7.23, 7.25, 7.17, 247057.68, 177967653, 0.14, 1.11, 1.07, 700.50597
2016-06-06, 1, wei_ruo, 12.36, 7.16, -0.42, 7.19, 7.18, 7.24, 7.15, 225644.03, 161947177, 0.13, 1.25, 0.97, 2631.495
2016-06-07, 1, wei_ruo, 12.36, 7.13, -0.42, 7.16, 7.18, 7.19, 7.12, 186662.88, 133229142, 0.11, 0.98, 0.81, 2375.32997
2016-06-08, 1, wei_ruo, 12.35, 7.08, -0.70, 7.13, 7.13, 7.13, 7.06, 237007.42, 168017432, 0.14, 0.98, 1.02, 592.57317
2016-06-13, 1, wei_ruo, 12.33, 6.74, -4.80, 7.08, 6.95, 6.97, 6.73, 472622.82, 325793345, 0.28, 3.39, 2.04, 549.49784
2016-06-14, 1, wei_ruo, 12.32, 6.73, -0.15, 6.74, 6.71, 6.80, 6.70, 261548.11, 176176199, 0.15, 1.48, 1.13, 776.20912
2016-06-15, 1, wei_ruo, 12.31, 6.79, 0.89, 6.73, 6.63, 6.83, 6.63, 309713.07, 209182125, 0.18, 2.97, 1.34, 1776.47305
2016-06-16, 1, wei_ruo, 12.30, 6.75, -0.59, 6.79, 6.76, 6.86, 6.73, 307898.1, 208674250, 0.18, 1.91, 1.33, 2318.34221
2016-06-17, 1, wei_ruo, 12.30, 6.75, 0.00, 6.75, 6.79, 6.83, 6.73, 235900.02, 159954393, 0.14, 1.48, 1.02, 3851.24707
2016-06-20, 1, wei_ruo, 12.29, 6.75, 0.00, 6.75, 6.79, 6.83, 6.73, 235900.02, 159954393, 0.14, 1.48, 1.02, 2704.14305
2016-06-21, 1, wei_ruo, 12.28, 6.74, 0.00, 6.74, 6.77, 6.83, 6.73, 326847.15, 221418136, 0.19, 1.48, 1.41, 747.69497
2016-06-22, 1, wei_ruo, 12.27, 6.77, 0.45, 6.74, 6.73, 6.78, 6.71, 189748.05, 128070078, 0.11, 1.04, 0.82, 2481.12988
2016-06-23, 1, wei_ruo, 12.27, 6.76, -0.15, 6.77, 6.78, 6.80, 6.73, 188472.23, 127440998, 0.11, 1.03, 0.81, 838.05799
2016-06-24, 1, wei_ruo, 12.26, 6.59, -2.51, 6.76, 6.74, 6.79, 6.38, 411128.64, 272131342, 0.24, 6.07, 1.77, 686.95688
2016-06-27, 1, wei_ruo, 12.25, 6.63, 0.61, 6.59, 6.56, 6.64, 6.52, 248457.19, 164050031, 0.15, 1.82, 1.07, 700.16885
2016-06-28, 1, wei_ruo, 12.24, 6.65, 0.30, 6.63, 6.63, 6.66, 6.57, 284144.27, 187979024, 0.17, 1.36, 1.23, 2908.61607
2016-06-30, 1, wei_ruo, 12.19, 6.97, -1.27, 7.06, 7.08, 7.13, 6.91, 542439.69, 379411091, 0.32, 3.12, 2.34, 2025.92587
2016-07-01, 1, wei_ruo, 12.18, 6.93, -0.57, 6.97, 6.96, 7.01, 6.92, 276247.89, 192220973, 0.16, 1.29, 1.19, 640.78498
2016-07-04, 1, wei_ruo, 12.17, 7.02, 1.30, 6.93, 6.92, 7.05, 6.88, 380278.93, 265953753, 0.22, 2.45, 1.64, 2219.26904
2016-07-05, 2, qing_du, 12.14, 7.15, 1.85, 7.02, 7.02, 7.29, 7.02, 823739.09, 591080394, 0.48, 3.85, 3.55, 6462.19087
2016-07-06, 2, qing_du, 12.13, 7.05, -1.40, 7.15, 7.15, 7.15, 7.01, 387978.27, 273518838, 0.23, 1.96, 1.67, 4932.05619
2016-07-07, 2, qing_du, 12.12, 7.01, -0.57, 7.05, 7.05, 7.06, 6.96, 319387.82, 223779197, 0.19, 1.42, 1.38, 2046.7279
2016-07-08, 2, qing_du, 12.11, 6.99, -0.29, 7.01, 7.01, 7.05, 6.98, 264661.92, 185530992, 0.15, 1.00, 1.14, 632.21908
2016-07-11, 2, qing_du, 12.10, 6.99, 0.00, 6.99, 6.99, 7.05, 6.97, 320088.08, 224655041, 0.19, 1.14, 1.38, 2811.42497
2016-07-12, 2, qing_du, 12.09, 7.12, 1.86, 6.99, 6.99, 7.13, 6.95, 555089.93, 391823709, 0.30, 2.58, 2.40, 14529.01506
2016-07-13, 3, zhong_du, 12.07, 7.19, 0.98, 7.12, 7.13, 7.27, 7.11, 748303.65, 538752515, 0.41, 2.25, 3.23, 31617.4171
2016-07-14, 3, zhong_du, 12.05, 7.09, -1.39, 7.19, 7.19, 7.20, 7.03, 641693.3, 454726701, 0.35, 2.36, 2.77, 870.24593
2016-07-15, 3, zhong_du, 12.04, 7.07, -0.28, 7.09, 7.09, 7.13, 7.06, 334132.48, 236751986, 0.18, 0.99, 1.44, 1669.73495
2016-07-18, 3, zhong_du, 12.02, 6.97, -1.41, 7.07, 7.08, 7.08, 6.92, 504980.14, 353245741, 0.28, 2.26, 2.18, 2731.36806
2016-07-19, 3, zhong_du, 12.02, 7.00, 0.43, 6.97, 6.95, 7.02, 6.92, 327354.33, 228014213, 0.18, 1.43, 1.41, 1763.02004
2016-07-20, 3, zhong_du, 12.02, 6.97, -0.43, 7.00, 6.98, 7.01, 6.93, 227497.69, 158520128, 0.12, 1.14, 0.99, 507.69305
2016-07-21, 3, zhong_du, 11.98, 6.99, 0.43, 6.96, 7.02, 7.04, 6.94, 390114.63, 272934540, 0.21, 1.44, 1.68, 2803.00188
2016-07-22, 3, zhong_du, 11.97, 6.93, -0.86, 6.99, 6.96, 6.98, 6.90, 305523.13, 211828822, 0.17, 1.14, 1.32, 4219.58303
2016-07-25, 3, zhong_du, 11.97, 6.90, -0.43, 6.93, 6.92, 6.93, 6.87, 212919.64, 146810147, 0.12, 0.87, 0.92, 18121.29998
2016-07-26, 3, zhong_du, 11.96, 6.93, 0.43, 6.90, 6.90, 6.94, 6.86, 219569.05, 151763366, 0.12, 1.16, 0.95, 710.93392
2016-07-27, 3, zhong_du, 11.95, 6.88, -0.72, 6.93, 6.95, 7.00, 6.67, 559048.62, 383235938, 0.31, 4.76, 2.41, 20025.44284
2016-07-28, 3, zhong_du, 11.94, 6.84, -0.58, 6.88, 6.81, 6.91, 6.78, 296894.76, 203089931, 0.16, 1.89, 1.28, 18382.00402
2016-07-29, 3, zhong_du, 11.93, 6.84, 0.00, 6.84, 6.84, 6.90, 6.81, 256629.26, 175865296, 0.14, 1.32, 1.11, 14370.33486
2016-08-01, 2, qing_du, 11.92, 6.82, -0.29, 6.84, 6.89, 6.89, 6.78, 253478.55, 173386156, 0.14, 1.61, 1.09, 2580.06406
2016-08-02, 2, qing_du, 11.92, 6.84, 0.29, 6.82, 6.83, 6.86, 6.80, 141915.04, 96807100, 0.08, 0.88, 0.61, 14294.35992
2016-08-03, 2, qing_du, 11.92, 6.81, -0.44, 6.84, 6.78, 6.84, 6.78, 142982.19, 97394138, 0.08, 0.88, 0.66, 4231.02307
2016-08-04, 2, qing_du, 11.91, 6.79, -0.29, 6.81, 6.82, 6.82, 6.76, 159990.35, 108624215, 0.09, 0.88, 0.90, 14473.65212
2016-08-05, 2, qing_du, 11.91, 6.81, 0.29, 6.79, 6.79, 6.84, 6.79, 183014.47, 124866693, 0.10, 0.74, 1.06, 811.58304
2016-08-08, 3, zhong_du, 11.90, 6.87, 0.88, 6.81, 6.80, 6.88, 6.76, 192425.68, 131300833, 0.10, 1.76, 1.13, 558.65693
2016-08-09, 3, zhong_du, 11.89, 7.00, 1.89, 6.87, 6.89, 7.03, 6.88, 522983.94, 364934765, 0.29, 2.18, 3.19, 18035.66909
2016-08-10, 3, zhong_du, 11.88, 6.96, -0.57, 7.00, 7.04, 7.04, 6.95, 225803.7, 157590676, 0.12, 1.29, 0.94, 18273.40698
2016-08-11, 3, zhong_du, 11.88, 6.91, -0.72, 6.96, 6.95, 6.99, 6.90, 208357.44, 144706326, 0.11, 1.29, 0.81, 1488.97505
2016-08-15, 4, gao_du, 11.68, 7.17, 2.87, 6.97, 6.96, 7.23, 6.93, 1185763.54, 845506377, 0.65, 4.30, 3.74, 680.58109
2016-08-16, 4, gao_du, 11.66, 7.16, -0.28, 7.18, 7.18, 7.38, 7.15, 941636.3, 682831845, 0.51, 3.20, 1.81, 2629.60482
2016-08-17, 5, qiang_lie, 11.64, 7.21, 0.70, 7.16, 7.16, 7.30, 7.10, 556438.06, 400343931, 0.30, 2.79, 0.92, 14298.5549
2016-08-18, 5, qiang_lie, 11.62, 7.25, 0.55, 7.21, 7.36, 7.47, 7.21, 964480.07, 708120535, 0.53, 3.61, 1.44, 14345.91699
2016-08-19, 5, qiang_lie, 11.56, 7.98, 10.07, 7.25, 7.24, 7.98, 7.22, 2579550.69, 1979744015, 1.41, 10.48, 3.15, 504.30393
2016-08-22, 5, qiang_lie, 11.50, 7.85, -1.63, 7.98, 8.20, 8.35, 7.82, 3311176.11, 2686276522, 1.81, 6.64, 2.65, 670.83001
2016-08-23, 5, qiang_lie, 11.47, 7.76, -1.15, 7.85, 7.71, 7.94, 7.67, 1369916.16, 1067404766, 0.75, 3.44, 0.82, 625.07701
2016-08-24, 5, qiang_lie, 11.45, 7.66, -1.29, 7.76, 7.75, 7.87, 7.61, 1209950, 932944624, 0.66, 3.35, 0.69, 689.36992
2016-08-25, 4, gao_du, 11.43, 7.44, -2.87, 7.66, 7.52, 7.54, 7.38, 921386.55, 686665762, 0.50, 2.09, 0.49, 734.42221
2016-08-26, 3, zhong_du, 11.41, 7.47, 0.40, 7.44, 7.48, 7.65, 7.42, 842011.64, 633922367, 0.46, 3.09, 0.45, 665.04407
2016-08-29, 3, zhong_du, 11.39, 7.58, 1.47, 7.47, 7.45, 7.73, 7.40, 845192.76, 640802341, 0.46, 4.42, 0.55, 715.85321
2016-08-30, 3, zhong_du, 11.38, 7.48, -1.32, 7.58, 7.59, 7.63, 7.44, 615192.74, 461487992, 0.34, 2.51, 0.59, 1799.70503
2016-08-31, 3, zhong_du, 11.37, 7.43, -0.67, 7.48, 7.53, 7.54, 7.40, 140202.12, 104460944, 0.08, 1.87, 0.90, 639.20116
2016-09-01, 3, zhong_du, 11.36, 7.45, -0.13, 7.46, 7.47, 7.63, 7.40, 712501.79, 536733752, 0.39, 3.08, 0.98, 580.06096
2016-09-02, 3, zhong_du, 11.36, 7.60, 2.01, 7.45, 7.40, 7.62, 7.40, 904579.71, 681627376, 0.49, 2.95, 1.24, 700.86908
2016-09-05, 3, zhong_du, 11.36, 7.52, -1.05, 7.60, 7.62, 7.62, 7.48, 604126.89, 455821817, 0.33, 1.84, 0.83, 636.86299
2016-09-06, 3, zhong_du, 11.36, 7.57, 0.66, 7.52, 7.48, 7.58, 7.41, 496299.71, 371596833, 0.27, 2.26, 0.68, 1748.37303
2016-09-07, 3, zhong_du, 11.36, 7.61, 0.53, 7.57, 7.57, 7.77, 7.53, 941240.98, 723337570, 0.51, 3.17, 1.29, 562.23488
2016-09-08, 3, zhong_du, 11.36, 7.43, -0.67, 7.48, 7.53, 7.54, 7.40, 140202.12, 104460944, 0.08, 1.87, 0.90, 2638.45491
2016-09-09, 3, zhong_du, 11.36, 7.43, -0.67, 7.48, 7.53, 7.54, 7.40, 140202.12, 104460944, 0.08, 1.87, 0.90, 2684.5479
2016-09-12, 3, zhong_du, 11.36, 7.43, -0.67, 7.48, 7.53, 7.54, 7.40, 140202.12, 104460944, 0.08, 1.87, 0.90, 624.37892
2016-09-13, 3, zhong_du, 11.36, 7.43, -0.67, 7.48, 7.53, 7.54, 7.40, 140202.12, 104460944, 0.08, 1.87, 0.90, 18100.11482
2016-09-14, 3, zhong_du, 11.36, 7.43, -0.67, 7.48, 7.53, 7.54, 7.40, 140202.12, 104460944, 0.08, 1.87, 0.90, 1754.41194
2016-09-19, 3, zhong_du, 11.36, 7.31, 0.14, 7.30, 7.31, 7.38, 7.30, 231979.66, 170031590, 0.13, 1.10, 0.32, 753.4461
2016-09-20, 2, qing_du, 11.36, 7.27, -0.82, 7.33, 7.33, 7.35, 7.25, 233180.69, 169834191, 0.13, 1.36, 0.32, 1648.458
2016-09-21, 2, qing_du, 11.36, 7.26, -0.14, 7.27, 7.26, 7.31, 7.25, 201115.75, 146292147, 0.11, 0.83, 0.28, 1508.71015
2016-09-22, 2, qing_du, 11.36, 7.31, 0.55, 7.27, 7.34, 7.38, 7.30, 289785.27, 212623159, 0.16, 1.10, 0.40, 548.04611
2016-09-23, 2, qing_du, 11.36, 7.28, -0.41, 7.31, 7.30, 7.36, 7.26, 249459.53, 182237012, 0.14, 1.37, 0.34, 640.68484
2016-09-26, 2, qing_du, 11.36, 7.09, -2.61, 7.28, 7.26, 7.27, 7.08, 353828.74, 253673357, 0.19, 2.61, 0.49, 653.04804
2016-09-27, 2, qing_du, 11.36, 7.09, 0.00, 7.09, 7.08, 7.12, 6.98, 307612.51, 216821478, 0.17, 1.97, 0.42, 718.95003
2016-09-28, 1, wei_ruo, 11.36, 7.02, -0.99, 7.09, 7.10, 7.11, 7.01, 169669.18, 119426998, 0.09, 1.41, 0.23, 622.83897
2016-09-29, 1, wei_ruo, 11.36, 7.03, 0.14, 7.02, 7.05, 7.08, 7.02, 158531.59, 111696363, 0.09, 0.85, 0.22, 3624.53413
2016-09-30, 1, wei_ruo, 11.36, 7.06, 0.43, 7.03, 7.04, 7.07, 7.02, 139981.14, 98603607, 0.08, 0.71, 0.19, 3133.48603
2016-10-10, 1, wei_ruo, 11.36, 7.19, 1.84, 7.06, 7.10, 7.20, 7.09, 271402.82, 194217846, 0.15, 1.56, 0.37, 594.48195
2016-10-11, 1, wei_ruo, 11.36, 7.24, 0.70, 7.19, 7.20, 7.26, 7.17, 260061.03, 188016227, 0.14, 1.25, 0.36, 907.1579
2016-10-12, 1, wei_ruo, 11.36, 7.20, -0.55, 7.24, 7.20, 7.23, 7.17, 203068.58, 146160856, 0.11, 0.83, 0.28, 1238.14797
2016-10-13, 1, wei_ruo, 11.36, 7.53, 4.58, 7.20, 7.20, 7.55, 7.16, 874511.96, 644386235, 0.48, 5.42, 1.20, 1431.10299
2016-10-14, 1, wei_ruo, 11.12, 7.84, 4.12, 7.53, 7.45, 7.98, 7.43, 2004681.34, 1550517025, 1.09, 7.30, 2.75, 4970.788
2016-10-17, 2, qing_du, 11.09, 8.02, 2.30, 7.84, 7.80, 8.09, 7.64, 836964.99, 658709077, 0.46, 5.74, 2.30, 703.23801
2016-10-18, 2, qing_du, 11.04, 8.02, 2.30, 7.84, 7.80, 8.09, 7.64, 836964.99, 658709077, 0.46, 5.74, 2.30, 421.40198
2016-10-19, 3, zhong_du, 10.99, , , , , , , , , , , , 2426.86796
2016-10-20, 4, gao_du, 10.98, 8.75, 0.00, 8.75, 8.67, 8.84, 8.61, 1548045.69, 1352355769, 0.84, 2.63, 0.90, 527.35996
2016-10-21, 4, gao_du, 10.95, 9.01, 2.97, 8.75, 8.69, 9.31, 8.68, 2523251.73, 2282489900, 1.38, 7.20, 1.38, 4327.72708
2016-10-24, 4, gao_du, 10.93, 9.01, 0.00, 9.01, 8.93, 9.15, 8.90, 1761161.91, 1588759677, 0.96, 2.77, 0.79, 679.1079
2016-10-25, 4, gao_du, 10.91, 8.71, -3.33, 9.01, 8.99, 9.01, 8.62, 1909616.2, 1667478099, 1.04, 4.33, 0.85, 843.32395
2016-10-26, 4, gao_du, 10.89, 8.65, -0.69, 8.71, 8.68, 8.78, 8.56, 1241327.42, 1073488339, 0.68, 2.53, 0.55, 501.24812
2016-10-27, 4, gao_du, 10.88, 8.67, 0.23, 8.65, 8.65, 8.71, 8.53, 1002371.81, 864846203, 0.55, 2.08, 0.45, 637.62903
2016-10-28, 3, zhong_du, 10.86, 8.32, -4.04, 8.67, 8.65, 8.68, 8.30, 1073283.57, 910325136, 0.59, 4.38, 0.48, 4592.8669
2016-10-31, 3, zhong_du, 10.86, 8.41, 1.08, 8.32, 8.35, 8.48, 8.28, 651110.22, 545488373, 0.36, 2.40, 0.29, 592.68904
2016-11-01, 3, zhong_du, 10.84, 8.59, 2.14, 8.41, 8.41, 8.65, 8.40, 889925.57, 760784932, 0.49, 2.97, 0.40, 429.94809
2016-11-02, 3, zhong_du, 10.84, 8.43, -1.86, 8.59, 8.59, 8.59, 8.36, 589842.55, 497563867, 0.32, 2.68, 0.26, 450.55699
2016-11-03, 3, zhong_du, 10.81, 8.86, 5.10, 8.43, 8.43, 9.17, 8.38, 2223908.88, 1957373970, 1.21, 9.37, 0.99, 560.37998
2016-11-04, 3, zhong_du, 10.80, 8.70, -1.81, 8.86, 8.80, 8.91, 8.60, 1368994.25, 1196503910, 0.75, 3.50, 0.61, 452.19803
2016-11-07, 3, zhong_du, 10.79, 8.69, -0.11, 8.70, 8.71, 8.76, 8.50, 773856.58, 668462951, 0.42, 2.99, 0.34, 519.21916
2016-11-08, 4, gao_du, 10.77, 8.76, 0.81, 8.69, 8.75, 9.05, 8.56, 1256514.4, 1105655345, 0.69, 5.64, 0.56, 407.94992
2016-11-09, 4, gao_du, 10.76, 8.61, -1.71, 8.76, 8.69, 8.83, 8.41, 1217559.63, 1049755979, 0.66, 4.79, 0.54, 1971.04907
2016-11-10, 4, gao_du, 10.74, 8.72, 1.28, 8.61, 8.72, 9.08, 8.71, 1523599.26, 1350149856, 0.83, 4.30, 0.68, 703.04203
2016-11-11, 4, gao_du, 10.71, 8.89, 1.95, 8.72, 8.63, 9.15, 8.63, 3063891.59, 2748206612, 1.67, 5.96, 1.36, 690.45615
2016-11-14, 4, gao_du, 10.69, 9.61, 8.10, 8.89, 8.84, 9.69, 8.84, 3622896.12, 3385593875, 1.98, 9.56, 1.61, 463.38677
2016-11-15, 5, qiang_lie, 10.67, 9.40, -2.19, 9.61, 9.58, 9.59, 9.34, 1099170.94, 1036036051, 0.60, 2.60, 0.98, 589.00309
2016-11-16, 5, qiang_lie, 10.66, 9.29, -2.00, 9.48, 9.42, 9.53, 9.25, 820878.2, 771449869, 0.45, 2.95, 0.73, 404.35505
2016-11-17, 5, qiang_lie, 10.66, 9.40, -2.19, 9.61, 9.58, 9.59, 9.34, 1099170.94, 1036036051, 0.60, 2.60, 0.98, 537.58907
2016-11-18, 5, qiang_lie, 10.65, 9.29, -2.00, 9.48, 9.42, 9.53, 9.25, 820878.2, 771449869, 0.45, 2.95, 0.73, 491.76908
2016-11-21, 5, qiang_lie, 10.64, 9.30, 0.87, 9.22, 9.18, 9.51, 9.13, 1343028.49, 1255301982, 0.73, 4.12, 0.60, 339.96606
2016-11-22, 5, qiang_lie, 10.63, 9.30, 0.00, 9.30, 9.30, 9.41, 9.23, 1009905.15, 940130931, 0.55, 1.94, 0.45, 2862.17284
2016-11-23, 5, qiang_lie, 10.62, 9.30, 0.00, 9.30, 9.36, 9.60, 9.25, 1187753.28, 1118217208, 0.65, 3.76, 0.53, 488.31606
2016-11-24, 5, qiang_lie, 10.62, 9.28, -0.22, 9.30, 9.28, 9.35, 9.16, 892317.15, 823066488, 0.49, 2.04, 0.40, 2661.40604
2016-11-25, 5, qiang_lie, 10.61, 9.46, 1.94, 9.28, 9.28, 9.51, 9.11, 1465009.71, 1368448327, 0.80, 4.31, 0.65, 735.87799
2016-11-28, 5, qiang_lie, 10.59, 9.84, 4.02, 9.46, 9.53, 10.07, 9.40, 3006740.11, 2927330104, 1.64, 7.08, 1.34, 1844.80906
2016-11-29, 5, qiang_lie, 10.58, 10.24, 4.07, 9.84, 9.80, 10.63, 9.68, 3449927.44, 3497003596, 1.88, 9.65, 1.53, 257.81798
2016-11-30, 5, qiang_lie, 10.58, 9.81, -4.20, 10.24, 10.10, 10.25, 9.72, 2093069.1, 2073047998, 1.14, 5.18, 0.93, 449.73612
2016-12-01, 5, qiang_lie, 10.57, 9.73, -0.71, 9.80, 9.77, 9.97, 9.60, 1316839.7, 1283751298, 0.72, 3.78, 0.59, 350.77381
2016-12-05, 5, qiang_lie, 10.55, 9.07, -8.94, 9.96, 9.68, 9.69, 9.00, 2216814.25, 2059213647, 1.21, 6.93, 0.99, 769.35983
2016-12-06, 5, qiang_lie, 10.54, 9.04, -0.22, 9.06, 9.01, 9.21, 8.95, 919476.82, 834633097, 0.50, 2.87, 0.41, 636.18112
2016-12-07, 4, gao_du, 10.53, 9.07, 0.33, 9.04, 9.04, 9.08, 8.83, 805680.31, 723040291, 0.44, 2.77, 0.36, 482.11908
2016-12-08, 3, zhong_du, 10.53, 8.91, -1.76, 9.07, 9.07, 9.07, 8.90, 530899.37, 475261006, 0.29, 1.87, 0.24, 496.75989
2016-12-09, 3, zhong_du, 10.52, 9.11, 2.24, 8.91, 8.89, 9.25, 8.83, 1178801.92, 1071097896, 0.64, 4.71, 0.52, 674.58415
2016-12-12, 2, qing_du, 10.51, 8.81, -3.29, 9.11, 9.03, 9.03, 8.61, 1206704.75, 1064600350, 0.66, 4.61, 0.54, 434.80492
2016-12-13, 2, qing_du, 10.50, 8.73, -0.91, 8.81, 8.73, 8.92, 8.64, 742754.93, 650087862, 0.41, 3.18, 0.33, 790.69901
2016-12-14, 2, qing_du, 10.49, 8.39, -3.89, 8.73, 8.70, 8.78, 8.35, 1014147.09, 859796171, 0.55, 4.93, 0.45, 447.61705
2017-02-07, 1, wei_ruo, 10.34, 8.80, -1.12, 8.90, 8.87, 8.89, 8.79, 150624.14, 132866383, 0.08, 1.12, 0.14, 2447.16907
2017-02-08, 1, wei_ruo, 10.34, 8.90, 0.00, 8.90, 8.87, 8.91, 8.79, 321168.42, 284181355, 0.18, 1.35, 0.14, 446.29312
2017-02-09, 2, qing_du, 10.33, 9.14, 2.70, 8.90, 8.88, 9.19, 8.87, 1330028.46, 1210084601, 0.73, 3.60, 0.59, 529.63495
2017-02-10, 2, qing_du, 10.32, 9.28, 1.53, 9.14, 9.14, 9.50, 9.10, 1705571.63, 1594692588, 0.93, 4.38, 0.76, 528.22018
2017-02-13, 3, zhong_du, 10.32, 9.22, -0.65, 9.28, 9.24, 9.45, 9.13, 1383998.71, 1279263451, 0.76, 3.45, 0.62, 4573.81201
2017-02-14, 3, zhong_du, 10.31, 9.29, 0.76, 9.22, 9.22, 9.30, 9.15, 916357.75, 845640110, 0.50, 1.63, 0.41, 624.32599
2017-02-15, 3, zhong_du, 10.30, 9.13, -1.72, 9.29, 9.31, 9.38, 9.10, 1137067.44, 1051063718, 0.62, 3.01, 0.51, 2492.11097
2017-02-16, 3, zhong_du, 10.30, 9.15, 0.22, 9.13, 9.09, 9.20, 9.08, 747960.31, 683134707, 0.41, 1.31, 0.33, 641.77394
2017-02-17, 3, zhong_du, 10.29, 9.03, -1.31, 9.15, 9.12, 9.16, 9.00, 706846.6, 641521901, 0.39, 1.75, 0.31, 499.82691
2017-02-20, 3, zhong_du, 10.29, 9.13, 1.11, 9.03, 9.05, 9.19, 9.05, 898459.62, 818522860, 0.49, 1.55, 0.40, 843.45913
2017-02-21, 3, zhong_du, 10.28, 9.11, -0.22, 9.13, 9.15, 9.17, 9.08, 657320.04, 599011654, 0.36, 0.99, 0.29, 1190.9492
2017-02-22, 3, zhong_du, 10.28, 9.12, 0.11, 9.11, 9.12, 9.14, 9.03, 568295.09, 516512242, 0.31, 1.21, 0.25, 4660.98213
2017-02-23, 3, zhong_du, 10.28, 9.10, -0.22, 9.12, 9.12, 9.15, 9.03, 558920.51, 507700931, 0.30, 1.32, 0.25, 931.32091
2017-02-24, 3, zhong_du, 10.27, 9.04, -0.66, 9.10, 9.05, 9.08, 9.02, 107724.57, 97368205, 0.06, 0.66, 0.26, 1273.211
2017-02-27, 3, zhong_du, 10.27, 8.96, -1.32, 9.08, 8.99, 9.12, 8.94, 558176.04, 503523078, 0.30, 1.98, 0.25, 490.07893
2017-02-28, 3, zhong_du, 10.27, 9.04, 0.89, 8.96, 8.96, 9.05, 8.95, 457320.71, 411811022, 0.25, 1.12, 0.20, 599.06912
2017-03-01, 2, qing_du, 10.26, 9.03, -0.11, 9.04, 9.04, 9.12, 9.00, 686111.62, 622275021, 0.37, 1.33, 0.31, 603.04022
2017-03-02, 2, qing_du, 10.26, 8.87, -1.77, 9.03, 9.08, 9.09, 8.85, 677532.01, 606556878, 0.37, 2.66, 0.30, 615.13901
2017-03-03, 2, qing_du, 10.25, 8.87, 0.00, 8.87, 8.83, 8.88, 8.72, 591398.96, 520219632, 0.32, 1.80, 0.26, 2668.34521
2017-03-06, 2, qing_du, 10.25, 8.85, -0.23, 8.87, 8.90, 8.91, 8.80, 325335.9, 287516712, 0.18, 1.24, 0.14, 1504.55117
2017-03-07, 2, qing_du, 10.25, 8.87, 0.80, 8.80, 8.80, 8.92, 8.78, 260573.53, 230898327, 0.14, 1.59, 0.23, 1045.1479
2017-03-08, 2, qing_du, 10.24, 8.84, 0.45, 8.80, 8.80, 8.92, 8.78, 379527.08, 336026566, 0.21, 1.59, 0.17, 1312.567
2017-03-09, 1, wei_ruo, 10.24, 8.80, -0.45, 8.84, 8.80, 8.83, 8.70, 458327.09, 400682734, 0.25, 1.47, 0.20, 2609.22313
2017-03-10, 1, wei_ruo, 10.24, 8.70, -1.14, 8.80, 8.75, 8.79, 8.70, 258283.69, 225405232, 0.14, 1.02, 0.11, 640.24401
2017-03-13, 1, wei_ruo, 10.23, 8.72, 0.23, 8.70, 8.69, 8.74, 8.61, 357894.43, 310787533, 0.20, 1.49, 0.16, 625.38695
2017-03-14, 1, wei_ruo, 10.23, 8.71, -0.11, 8.72, 8.71, 8.75, 8.67, 306980.51, 267453447, 0.17, 0.92, 0.14, 613.35778
2017-03-15, 1, wei_ruo, 10.23, 8.73, 0.23, 8.71, 8.69, 8.78, 8.63, 386262.97, 336448164, 0.21, 1.72, 0.17, 692.28315
2017-03-16, 1, wei_ruo, 10.23, 8.79, 0.69, 8.73, 8.74, 8.81, 8.74, 378250.33, 331846390, 0.21, 0.80, 0.17, 2511.22499
2017-03-17, 1, wei_ruo, 10.22, 8.75, -0.46, 8.79, 8.81, 8.87, 8.70, 494213.58, 435289880, 0.27, 1.93, 0.22, 584.16009
2017-03-20, 1, wei_ruo, 10.22, 8.83, 0.91, 8.75, 8.75, 8.86, 8.72, 474733.62, 418685989, 0.26, 1.60, 0.21, 581.49695
2017-03-21, 1, wei_ruo, 10.21, 8.93, 1.13, 8.83, 8.83, 8.98, 8.81, 740896.83, 660618263, 0.40, 1.93, 0.33, 618.29591
2017-03-22, 1, wei_ruo, 10.21, 8.98, 0.56, 8.93, 8.91, 9.10, 8.86, 875307.5, 787667128, 0.48, 2.69, 0.39, 493.36219
2017-03-23, 1, wei_ruo, 10.20, 8.94, -0.45, 8.98, 8.98, 9.01, 8.83, 565365.7, 504470657, 0.31, 2.00, 0.25, 616.71281
2017-03-24, 2, qing_du, 10.19, 9.15, 2.35, 8.94, 8.93, 9.34, 8.88, 2002313.03, 1828236582, 1.09, 5.15, 0.89, 575.86193
2017-03-27, 2, qing_du, 10.19, 9.05, -1.09, 9.15, 9.14, 9.22, 9.04, 920691.27, 839551676, 0.50, 1.97, 0.41, 602.26488
2017-03-28, 2, qing_du, 10.18, 8.99, -0.66, 9.05, 9.05, 9.11, 8.95, 595032.8, 536811268, 0.32, 1.77, 0.26, 586.62581
2017-03-29, 2, qing_du, 10.18, 9.06, 0.78, 8.99, 9.00, 9.17, 8.96, 892719.1, 811863659, 0.49, 2.34, 0.40, 635.84805
2017-03-30, 2, qing_du, 10.17, 9.06, 0.00, 9.06, 9.05, 9.15, 8.91, 970683.89, 879600280, 0.53, 2.65, 0.43, 527.04501
2017-03-31, 2, qing_du, 10.16, 8.81, -2.76, 9.06, 9.00, 9.04, 8.77, 857620.33, 760037792, 0.47, 2.98, 0.38, 560.73594
2017-04-05, 2, qing_du, 10.15, 9.20, 4.43, 8.81, 8.99, 9.29, 8.93, 2164944.43, 1979121332, 1.18, 4.09, 0.96, 538.80692
2017-04-06, 2, qing_du, 10.14, 9.69, 5.33, 9.20, 9.28, 9.97, 9.16, 3078158.21, 2928848667, 1.68, 8.80, 1.37, 614.41302
2017-04-07, 3, zhong_du, 10.14, 9.55, -1.44, 9.69, 9.68, 9.68, 9.42, 2070300.24, 1972184202, 1.13, 2.68, 0.92, 516.07919
2017-04-10, 3, zhong_du, 10.13, 9.55, 0.00, 9.55, 9.57, 9.76, 9.44, 1814621.97, 1741937161, 0.99, 3.35, 0.81, 601.50695
2017-04-11, 3, zhong_du, 10.12, 9.65, 1.05, 9.55, 9.51, 9.75, 9.35, 2479005.49, 2364381446, 1.35, 4.19, 1.10, 584.79595
2017-04-12, 3, zhong_du, 10.12, 9.39, -2.69, 9.65, 9.54, 9.54, 9.30, 1450531.25, 1365899208, 0.79, 2.49, 0.65, 862.90884
2017-04-13, 3, zhong_du, 10.11, 9.28, -1.17, 9.39, 9.36, 9.38, 9.24, 949542.2, 882939715, 0.52, 1.49, 0.42, 586.68494
2017-04-14, 2, qing_du, 10.11, 9.17, -1.19, 9.28, 9.27, 9.36, 9.11, 1170294.32, 1077113332, 0.64, 2.69, 0.52, 600.03209
2017-04-17, 2, qing_du, 10.10, 9.22, 0.55, 9.17, 9.19, 9.30, 9.14, 856820.54, 790554807, 0.47, 1.74, 0.38, 632.22098
2017-04-18, 2, qing_du, 10.10, 9.24, 0.22, 9.22, 9.29, 9.37, 9.19, 1062364.73, 986391990, 0.58, 1.95, 0.47, 608.35695
2017-04-19, 2, qing_du, 10.09, 9.22, -0.22, 9.24, 9.19, 9.28, 8.98, 1246720.15, 1141036870, 0.68, 3.25, 0.55, 540.5879
2017-04-20, 2, qing_du, 10.09, 9.30, 0.87, 9.22, 9.19, 9.34, 9.12, 1150425.14, 1062641014, 0.63, 2.39, 0.51, 738.04402
2017-04-21, 2, qing_du, 10.08, 9.29, -0.11, 9.30, 9.32, 9.37, 9.12, 1093827.44, 1011800452, 0.60, 2.69, 0.49, 679.12412
2017-04-24, 2, qing_du, 10.07, 9.08, -2.26, 9.29, 9.24, 9.24, 8.76, 1530035.56, 1369140617, 0.83, 5.17, 0.68, 588.34887
2017-04-25, 1, wei_ruo, 10.07, 8.86, -2.42, 9.08, 8.95, 9.04, 8.85, 643834.81, 573446271, 0.35, 2.09, 0.29, 810.93502
2017-04-26, 1, wei_ruo, 10.07, 8.79, -0.79, 8.86, 8.86, 8.93, 8.78, 518187.51, 457681471, 0.28, 1.69, 0.23, 831.24089
2017-04-27, 1, wei_ruo, 10.06, 8.79, 0.00, 8.79, 8.75, 8.82, 8.45, 989620.36, 855612428, 0.54, 4.21, 0.44, 759.29213
2017-04-28, 1, wei_ruo, 10.05, 8.78, -0.11, 8.79, 8.72, 8.79, 8.65, 556698.9, 485616761, 0.30, 1.59, 0.25, 604.66194
2017-05-02, 1, wei_ruo, 10.05, 8.84, 0.68, 8.78, 8.80, 8.95, 8.76, 448287.64, 397496038, 0.24, 2.16, 0.20, 852.60487
2017-05-03, 1, wei_ruo, 10.05, 8.79, -0.57, 8.84, 8.86, 8.90, 8.73, 404856.14, 356789469, 0.22, 1.92, 0.18, 772.08996
2017-05-04, 1, wei_ruo, 10.04, 8.87, 0.91, 8.79, 8.75, 9.02, 8.62, 749052.8, 663226601, 0.41, 4.55, 0.33, 533.36596
2017-05-05, 1, wei_ruo, 10.04, 8.89, 0.23, 8.87, 8.81, 8.90, 8.71, 744954.2, 658081358, 0.41, 2.14, 0.33, 577.89302
2017-05-11, 1, wei_ruo, 10.02, 8.86, 1.03, 8.77, 8.68, 8.92, 8.62, 777443.39, 683735861, 0.42, 3.42, 0.35, 652.36998
2017-05-12, 1, wei_ruo, 10.02, 8.86, 0.00, 8.86, 8.85, 8.95, 8.80, 472505.6, 418905991, 0.26, 1.69, 0.21, 673.5878
2017-05-15, 1, wei_ruo, 10.01, 8.81, -0.56, 8.86, 8.88, 9.02, 8.81, 522237.4, 463523945, 0.28, 2.37, 0.23, 639.81605
2017-05-17, 1, wei_ruo, 10.00, 8.62, -0.46, 8.66, 8.64, 8.67, 8.56, 404332.83, 348808047, 0.22, 1.27, 0.18, 578.50981
2017-05-18, 1, wei_ruo, 10.00, 8.58, -0.46, 8.62, 8.51, 8.63, 8.50, 398521.09, 340548675, 0.22, 1.51, 0.18, 544.98696
2017-05-19, 1, wei_ruo, 10.00, 8.53, -0.58, 8.58, 8.56, 8.59, 8.48, 285008.27, 242673630, 0.16, 1.28, 0.13, 2863.87801
2017-05-22, 1, wei_ruo, 9.99, 8.60, 0.82, 8.53, 8.57, 8.62, 8.40, 532955.23, 454044079, 0.29, 2.58, 0.24, 531.79693
2017-05-23, 1, wei_ruo, 9.99, 8.71, 1.28, 8.60, 8.56, 8.72, 8.43, 678525.37, 584345577, 0.37, 3.37, 0.30, 777.17614
2017-05-24, 1, wei_ruo, 9.99, 8.73, 0.23, 8.71, 8.66, 8.74, 8.57, 397462, 344122950, 0.22, 1.95, 0.18, 616.26101
2017-05-25, 1, wei_ruo, 9.98, 8.77, 0.46, 8.73, 8.70, 8.82, 8.67, 396195.36, 346870623, 0.22, 1.72, 0.18, 665.00401
2017-05-26, 1, wei_ruo, 9.98, 8.80, 0.34, 8.77, 8.77, 8.85, 8.76, 363060.46, 319431059, 0.20, 1.03, 0.16, 552.87218
2017-05-31, 1, wei_ruo, 9.98, 8.91, 1.25, 8.80, 8.81, 8.94, 8.76, 575111.42, 509030903, 0.31, 2.05, 0.26, 835.16192
2017-06-01, 1, wei_ruo, 9.97, 9.02, 1.23, 8.91, 8.86, 9.05, 8.81, 846075, 758371464, 0.46, 2.69, 0.38, 519.10281
2017-06-02, 1, wei_ruo, 9.97, 8.96, -0.67, 9.02, 9.00, 9.05, 8.92, 386079.22, 347314721, 0.21, 1.44, 0.17, 606.06718
2017-06-05, 1, wei_ruo, 9.97, 8.89, -0.78, 8.96, 8.93, 8.98, 8.87, 257984.12, 229630674, 0.14, 1.23, 0.11, 61721.9131
2017-06-06, 1, wei_ruo, 9.97, 8.91, 0.22, 8.89, 8.89, 8.94, 8.86, 211440.66, 188229667, 0.12, 0.90, 0.09, 1045.58992
2017-06-07, 1, wei_ruo, 9.97, 8.95, 0.45, 8.91, 8.91, 8.98, 8.88, 264296.72, 236331021, 0.14, 1.12, 0.12, 602.51093
2017-06-08, 1, wei_ruo, 9.97, 8.89, -0.67, 8.95, 8.95, 8.95, 8.87, 227659.05, 202582564, 0.12, 0.89, 0.10, 639.31823
2017-06-09, 1, wei_ruo, 9.96, 9.03, 1.57, 8.89, 8.94, 9.05, 8.88, 620834.4, 558858663, 0.34, 1.91, 0.28, 810.90212
2017-06-12, 2, qing_du, 9.96, 8.96, -0.78, 9.03, 9.02, 9.03, 8.90, 355502.72, 318709388, 0.19, 1.44, 0.16, 533.96297
2017-06-13, 2, qing_du, 9.96, 8.89, -0.78, 8.96, 8.91, 8.92, 8.83, 271698.73, 241039199, 0.15, 1.00, 0.12, 609.93695
2017-06-14, 1, wei_ruo, 9.96, 8.73, -1.80, 8.89, 8.85, 8.88, 8.72, 359147.47, 315461151, 0.20, 1.80, 0.16, 587.09288
2017-06-15, 1, wei_ruo, 9.95, 8.78, 0.57, 8.73, 8.71, 8.79, 8.70, 233902.52, 204910490, 0.13, 1.03, 0.10, 571.41805
2017-06-16, 1, wei_ruo, 9.95, 8.71, -0.80, 8.78, 8.79, 8.81, 8.70, 238552.94, 208340261, 0.13, 1.25, 0.11, 673.01917
2017-06-19, 1, wei_ruo, 9.95, 8.75, 0.46, 8.71, 8.71, 8.77, 8.71, 193817.32, 169497548, 0.11, 0.69, 0.09, 824.76306
2017-06-20, 1, wei_ruo, 9.95, 8.72, -0.34, 8.75, 8.76, 8.77, 8.71, 203939.13, 177968429, 0.11, 0.69, 0.09, 694.62204
2017-06-21, 2, qing_du, 9.95, 8.74, 0.23, 8.72, 8.75, 8.79, 8.71, 243072.9, 212625715, 0.13, 0.92, 0.11, 772.94302
2017-06-22, 2, qing_du, 9.95, 8.75, 0.11, 8.74, 8.73, 8.83, 8.71, 411500.75, 361171436, 0.22, 1.37, 0.18, 638.77511
2017-06-23, 2, qing_du, 9.94, 8.67, -0.91, 8.75, 8.73, 8.74, 8.60, 348659.29, 301921000, 0.19, 1.60, 0.16, 795.6748
2017-06-26, 2, qing_du, 9.94, 8.75, 0.92, 8.67, 8.67, 8.77, 8.65, 267958.67, 233926808, 0.15, 1.38, 0.12, 550.27699
2017-06-27, 2, qing_du, 9.94, 8.78, 0.34, 8.75, 8.75, 8.79, 8.72, 304987.18, 267135334, 0.17, 0.80, 0.14, 311.81192
2017-06-28, 2, qing_du, 9.94, 8.73, -0.57, 8.78, 8.74, 8.81, 8.72, 271946.63, 238212841, 0.15, 1.03, 0.12, 778.17011
2017-06-29, 2, qing_du, 9.94, 8.73, 0.00, 8.73, 8.74, 8.77, 8.71, 245612.88, 214344054, 0.13, 0.69, 0.11, 659.09314
2017-06-30, 2, qing_du, 9.93, 8.67, -0.69, 8.73, 8.70, 8.71, 8.65, 191801.84, 166342781, 0.10, 0.69, 0.09, 2621.86599
2017-07-03, 2, qing_du, 9.93, 8.69, 0.23, 8.67, 8.67, 8.69, 8.64, 171959.77, 148963748, 0.09, 0.58, 0.08, 2686.63907
2017-07-04, 1, wei_ruo, 9.93, 8.68, -0.12, 8.69, 8.70, 8.76, 8.67, 208843.44, 181972434, 0.11, 1.04, 0.09, 2474.19882
2017-07-05, 1, wei_ruo, 9.93, 8.70, 0.23, 8.68, 8.68, 8.71, 8.65, 161004.55, 139737234, 0.09, 0.69, 0.07, 738.58714
2017-07-06, 1, wei_ruo, 9.93, 8.66, -0.46, 8.70, 8.70, 8.71, 8.63, 224482.09, 194421330, 0.12, 0.92, 0.10, 1026.77202
2017-07-07, 1, wei_ruo, 9.93, 8.64, -0.23, 8.66, 8.66, 8.67, 8.61, 171163.98, 147886150, 0.09, 0.69, 0.08, 622.48492
2017-07-10, 1, wei_ruo, 9.93, 8.70, 0.69, 8.64, 8.66, 8.74, 8.61, 323862.32, 281236977, 0.18, 1.50, 0.14, 595.94798
2017-07-11, 1, wei_ruo, 9.92, 8.65, -0.57, 8.70, 8.69, 8.71, 8.63, 237316.8, 205609695, 0.13, 0.92, 0.11, 751.07503
2017-07-12, 1, wei_ruo, 9.92, 8.66, 0.12, 8.65, 8.64, 8.70, 8.60, 321720.42, 278264252, 0.18, 1.16, 0.14, 633.48293
2017-07-13, 2, qing_du, 9.92, 8.80, 1.62, 8.66, 8.65, 8.85, 8.63, 781322.78, 686835112, 0.43, 2.54, 0.35, 671.09299
2017-07-14, 2, qing_du, --, 8.82, 0.23, 8.80, 8.81, 8.93, 8.79, 554550.16, 491024275, 0.30, 1.59, 0.25, 940.52601
2017-07-17, 2, qing_du, --, 8.72, -1.13, 8.82, 8.84, 8.89, 8.56, 576590.94, 504693789, 0.31, 3.74, 0.26, 779.01411
2017-07-18, 2, qing_du, 9.91, 8.98, 2.98, 8.72, 8.72, 8.99, 8.70, 838749.17, 744172575, 0.46, 3.33, 0.37, 2532.55606
2017-07-19, 3, zhong_du, --, 9.00, 0.22, 8.98, 8.99, 9.13, 8.96, 1077317.27, 973527216, 0.59, 1.89, 0.48, 609.24196
2017-07-20, 3, zhong_du, --, 9.08, 0.89, 9.00, 8.99, 9.17, 8.95, 779600.12, 708480517, 0.43, 2.44, 0.35, 430.78613
2017-07-21, 4, gao_du, --, 9.00, -0.88, 9.08, 9.07, 9.17, 8.97, 582333.46, 527305986, 0.32, 2.20, 0.26, 357.08499
2017-07-24, 4, gao_du, 9.89, 8.98, -0.22, 9.00, 8.99, 9.09, 8.88, 429544.35, 386118229, 0.23, 2.33, 0.19, 622.93005
2017-07-25, 3, zhong_du, --, 8.87, -1.22, 8.98, 8.96, 8.99, 8.82, 419047.34, 372129303, 0.23, 1.89, 0.19, 344.03992
2017-07-26, 3, zhong_du, --, 8.89, 0.23, 8.87, 8.88, 8.90, 8.80, 351224.97, 310964045, 0.19, 1.13, 0.16, 675.23098
2017-07-27, 3, zhong_du, 9.89, 8.86, -0.34, 8.89, 8.84, 8.88, 8.78, 317953.7, 280613893, 0.17, 1.12, 0.14, 697.75391
2017-07-28, 3, zhong_du, 9.89, 8.86, 0.00, 8.86, 8.85, 8.89, 8.81, 229790.27, 203625488, 0.13, 0.90, 0.10, 648.46087
2017-07-31, 2, qing_du, 9.88, 8.86, 0.00, 8.86, 8.86, 8.90, 8.80, 273921.72, 242340571, 0.15, 1.13, 0.12, 797.10603
2017-08-01, 2, qing_du, 9.88, 8.89, 0.34, 8.86, 8.86, 8.93, 8.82, 380908.74, 338152124, 0.21, 1.24, 0.17, 727.53596
2017-08-02, 2, qing_du, 9.88, 8.73, -1.80, 8.89, 8.89, 8.90, 8.70, 572737.13, 502394466, 0.31, 2.25, 0.25, 1828.21083
2017-08-03, 2, qing_du, 9.88, 8.68, -0.57, 8.73, 8.71, 8.75, 8.67, 367261.53, 319360924, 0.20, 0.92, 0.16, 697.23892
2017-08-04, 1, wei_ruo, 9.77, 8.63, 0.47, 8.59, 8.62, 8.67, 8.61, 233822.46, 202010353, 0.13, 0.70, 0.10, 692.6291
2017-08-07, 1, wei_ruo, 9.77, 8.63, 0.00, 8.63, 8.64, 8.67, 8.61, 238383.95, 205837471, 0.13, 0.70, 0.11, 631.95109
2017-08-08, 1, wei_ruo, 9.77, 8.65, 0.23, 8.63, 8.64, 8.67, 8.61, 300735.05, 259686462, 0.16, 0.70, 0.13, 737.94508
2017-08-09, 1, wei_ruo, 9.77, 8.58, -0.81, 8.65, 8.64, 8.64, 8.56, 332794.15, 285467871, 0.18, 0.92, 0.15, 2014.63985
2017-08-10, 1, wei_ruo, 9.76, 8.53, -0.58, 8.58, 8.58, 8.61, 8.51, 323807.8, 276805749, 0.18, 1.17, 0.14, 605.32808
2017-08-11, 1, wei_ruo, 9.76, 8.43, -1.17, 8.53, 8.50, 8.52, 8.42, 324271.03, 274417138, 0.18, 1.17, 0.14, 615.09705
2017-08-14, 1, wei_ruo, 9.76, 8.52, 1.07, 8.43, 8.43, 8.54, 8.41, 229875.28, 195255706, 0.13, 1.54, 0.10, 804.26598
2017-08-15, 1, wei_ruo, 9.76, 8.49, -0.35, 8.52, 8.52, 8.55, 8.43, 243214.66, 206146743, 0.13, 1.41, 0.11, 717.81707
2017-08-16, 1, wei_ruo, 9.76, 8.46, -0.35, 8.49, 8.46, 8.48, 8.43, 169047.24, 142888853, 0.09, 0.59, 0.08, 686.30004
2017-08-17, 1, wei_ruo, 9.76, 8.58, 1.42, 8.46, 8.50, 8.63, 8.48, 359025.15, 307876548, 0.20, 1.77, 0.16, 14529.03104
2017-08-18, 1, wei_ruo, 9.75, 8.55, -0.35, 8.58, 8.55, 8.59, 8.51, 267406.05, 228379444, 0.15, 0.93, 0.12, 646.22903
2017-08-21, 1, wei_ruo, 9.75, 8.57, 0.23, 8.55, 8.58, 8.60, 8.53, 197878.08, 169295510, 0.11, 0.82, 0.09, 2861.18293
2017-08-22, 1, wei_ruo, 9.75, 8.54, -0.35, 8.57, 8.57, 8.57, 8.52, 171391.39, 146376101, 0.09, 0.58, 0.08, 610.09312
2017-08-23, 1, wei_ruo, 9.75, 8.52, -0.23, 8.54, 8.54, 8.54, 8.49, 170279.86, 145001478, 0.09, 0.59, 0.08, 857.66315
2017-08-24, 1, wei_ruo, 9.75, 8.48, -0.47, 8.52, 8.53, 8.54, 8.47, 152563.98, 129687571, 0.08, 0.82, 0.07, 663.5282
2017-08-25, 1, wei_ruo, 9.75, 8.61, 1.53, 8.48, 8.48, 8.65, 8.48, 412521.96, 353519093, 0.23, 2.00, 0.18, 760.06103
2017-08-28, 1, wei_ruo, 9.74, 8.72, 1.28, 8.61, 8.65, 8.77, 8.62, 639068.41, 556706218, 0.35, 1.74, 0.28, 724.27106
2017-08-29, 1, wei_ruo, 9.74, 8.66, -0.69, 8.72, 8.70, 8.73, 8.64, 261640.44, 226942922, 0.14, 1.03, 0.12, 542.4149
2017-08-30, 1, wei_ruo, 9.74, 8.73, 0.81, 8.66, 8.67, 8.75, 8.63, 310974.08, 270124197, 0.17, 1.39, 0.14, 676.68009
2017-08-31, 1, wei_ruo, 9.74, 8.79, 0.69, 8.73, 8.79, 8.96, 8.78, 385875.31, 341754014, 0.21, 2.06, 0.34, 696.244
2017-09-01, 1, wei_ruo, 9.73, 8.77, -0.45, 8.81, 8.82, 8.90, 8.72, 465831.42, 410212542, 0.25, 2.04, 0.21, 2631.9499
2017-09-04, 2, qing_du, 9.73, 8.82, 0.57, 8.77, 8.76, 8.85, 8.73, 359656.95, 316885946, 0.20, 1.37, 0.16, 1541.14103
2017-09-05, 2, qing_du, 9.73, 8.81, -0.11, 8.82, 8.82, 8.87, 8.78, 272526.42, 240216312, 0.15, 1.02, 0.12, 584.59997
2017-09-06, 2, qing_du, 9.73, 8.79, 0.69, 8.73, 8.79, 8.96, 8.78, 385875.31, 341754014, 0.21, 2.06, 0.34, 574.20111
2017-09-07, 2, qing_du, 9.72, 8.79, 0.69, 8.73, 8.79, 8.96, 8.78, 385875.31, 341754014, 0.21, 2.06, 0.34, 2677.53601
2017-09-08, 2, qing_du, 9.72, 8.83, 0.11, 8.82, 8.80, 8.88, 8.80, 261046.91, 230672994, 0.14, 0.91, 0.12, 2163.88702
2017-09-11, 2, qing_du, 9.72, 8.84, 0.11, 8.83, 8.88, 8.91, 8.80, 253545.34, 224226240, 0.14, 1.25, 0.11, 567.56806
2017-09-12, 2, qing_du, 9.72, 8.79, -0.57, 8.84, 8.84, 8.86, 8.75, 301829.03, 265691076, 0.16, 1.24, 0.13, 659.25384
2017-09-13, 2, qing_du, 9.72, 8.89, 1.14, 8.79, 8.79, 8.94, 8.75, 379237.64, 336300705, 0.21, 2.16, 0.17, 694.942
2017-09-14, 2, qing_du, 9.72, 8.87, -0.22, 8.89, 8.90, 8.99, 8.84, 304734.03, 271847279, 0.17, 1.69, 0.14, 532.10998
2017-09-15, 2, qing_du, 9.71, 8.85, -0.23, 8.87, 8.86, 8.96, 8.80, 306242.76, 271890192, 0.17, 1.80, 0.14, 965.43813
2017-09-18, 2, qing_du, 9.71, 8.97, 1.36, 8.85, 8.90, 8.97, 8.86, 450890.14, 403317940, 0.25, 1.24, 0.20, 705.96099
2017-09-19, 2, qing_du, 9.71, 8.87, -1.11, 8.97, 8.99, 8.99, 8.86, 261122.21, 233116981, 0.14, 1.45, 0.12, 2792.15312
2017-09-20, 3, zhong_du, 9.71, 8.87, 0.00, 8.87, 8.86, 8.89, 8.81, 218515.01, 193537413, 0.12, 0.90, 0.10, 626.97887
2017-09-21, 3, zhong_du, 9.71, 8.87, 0.00, 8.87, 8.86, 8.97, 8.84, 235148.54, 209379904, 0.13, 1.47, 0.10, 654.82211
2017-09-22, 2, qing_du, 9.71, 8.71, -1.80, 8.87, 8.84, 8.89, 8.71, 317346.02, 278079098, 0.17, 2.03, 0.14, 562.79922
2017-09-25, 2, qing_du, 9.71, 8.62, -1.03, 8.71, 8.68, 8.73, 8.61, 173099.69, 150300980, 0.09, 1.38, 0.08, 669.62814
2017-09-26, 2, qing_du, 9.71, 8.70, 0.93, 8.62, 8.61, 8.73, 8.60, 157896.28, 137012618, 0.09, 1.51, 0.07, 627.51198
2017-09-27, 1, wei_ruo, 9.70, 8.65, -0.57, 8.70, 8.73, 8.78, 8.64, 269951.36, 234672047, 0.15, 1.61, 0.12, 848.09303
2017-09-28, 1, wei_ruo, 9.70, 8.65, 0.00, 8.65, 8.66, 8.71, 8.58, 247296.21, 213492932, 0.13, 1.50, 0.11, 2603.24502
2017-09-29, 1, wei_ruo, 9.70, 8.65, 0.00, 8.65, 8.67, 8.67, 8.61, 173709.19, 150109887, 0.09, 0.69, 0.08, 622.64299
2017-10-10, 1, wei_ruo, 9.70, 8.74, 0.34, 8.71, 8.70, 8.75, 8.68, 171622.99, 149806898, 0.09, 0.80, 0.08, 887.59398
2017-10-12, 1, wei_ruo, 9.70, 8.70, -0.57, 8.75, 8.75, 8.75, 8.68, 154341.89, 134348033, 0.08, 0.80, 0.07, 642.26794
2017-10-13, 1, wei_ruo, 9.70, 8.68, -0.23, 8.70, 8.68, 8.72, 8.67, 146039.67, 126864542, 0.08, 0.57, 0.06, 606.10509
2017-10-16, 1, wei_ruo, 9.70, 8.78, 1.15, 8.68, 8.70, 8.88, 8.68, 466183.58, 410315275, 0.25, 2.30, 0.21, 720.80994
2017-10-17, 2, qing_du, 9.69, 8.82, 0.46, 8.78, 8.76, 8.87, 8.75, 300943.78, 265418312, 0.16, 1.37, 0.13, 517.50588
2017-10-18, 2, qing_du, 9.69, 8.77, -0.57, 8.82, 8.85, 8.87, 8.76, 220177.54, 193670510, 0.12, 1.25, 0.10, 719.16914
2017-10-19, 2, qing_du, 9.69, 8.59, -2.05, 8.77, 8.79, 8.80, 8.58, 325885.1, 281841917, 0.18, 2.51, 0.14, 2734.55501
2017-10-20, 1, wei_ruo, 9.69, 8.59, 0.00, 8.59, 8.57, 8.63, 8.54, 171557.63, 147285830, 0.09, 1.05, 0.08, 648.95415
2017-10-23, 1, wei_ruo, 9.69, 8.57, -0.23, 8.59, 8.59, 8.61, 8.55, 176991.33, 151642686, 0.10, 0.70, 0.08, 711.15398
2017-10-24, 1, wei_ruo, 9.69, 8.78, 2.45, 8.57, 8.57, 8.81, 8.55, 515148.51, 448821621, 0.28, 3.03, 0.23, 726.85099
2017-10-25, 1, wei_ruo, 9.68, 8.78, 0.00, 8.78, 8.80, 8.86, 8.76, 419144.59, 369484351, 0.23, 1.14, 0.19, 1294.81912
2017-10-26, 1, wei_ruo, 9.68, 9.08, 3.42, 8.78, 8.80, 9.17, 8.74, 1744153.51, 1577252581, 0.95, 4.90, 0.78, 360.10098
2017-10-27, 2, qing_du, 9.67, 8.98, -1.10, 9.08, 9.05, 9.15, 8.95, 779030.33, 703481889, 0.43, 2.20, 0.35, 646.52896
2017-10-30, 3, zhong_du, 9.67, 9.03, 0.56, 8.98, 8.99, 9.19, 8.90, 1186927.98, 1073210751, 0.65, 3.23, 0.53, 870.07403
2017-10-31, 3, zhong_du, 9.67, 8.95, -0.89, 9.03, 8.96, 9.06, 8.87, 863781.95, 773344135, 0.47, 2.10, 0.38, 767.78889
2017-11-01, 3, zhong_du, 9.66, 9.28, 3.69, 8.95, 8.92, 9.34, 8.90, 2073612.09, 1902992513, 1.13, 4.92, 0.92, 588.60397
2017-11-02, 4, gao_du, 9.66, 9.30, 0.22, 9.28, 9.23, 9.31, 9.12, 1470085.06, 1357661065, 0.80, 2.05, 0.65, 1074.97287
2017-11-03, 4, gao_du, 9.65, 9.25, -0.54, 9.30, 9.25, 9.32, 9.01, 1425010, 1303967960, 0.78, 3.33, 0.63, 847.38493
2017-11-06, 4, gao_du, 9.65, 9.07, 0.00, 9.07, 9.05, 9.12, 9.01, 131415.38, 119043972, 0.07, 1.21, 0.47, 685.10008
2017-11-07, 4, gao_du, 9.65, 9.07, 0.00, 9.07, 9.05, 9.20, 9.01, 591472.47, 539049009, 0.32, 2.09, 0.53, 2704.96106
2017-11-08, 3, zhong_du, 9.65, 8.99, -0.44, 9.03, 9.00, 9.01, 8.96, 81621.56, 73335621, 0.04, 0.55, 0.32, 60707.25894
2017-11-09, 3, zhong_du, 9.64, 8.89, -1.77, 9.05, 9.00, 9.02, 8.89, 244651.03, 218844403, 0.13, 1.44, 1.48, 598.85502
2017-11-10, 3, zhong_du, 9.64, 8.80, -2.76, 9.05, 9.00, 9.02, 8.78, 1096163.67, 971507283, 0.60, 2.65, 1.19, 787.81486
2017-11-13, 2, qing_du, 9.64, 8.68, -1.36, 8.80, 8.75, 8.82, 8.65, 787075.15, 685119436, 0.43, 1.93, 0.92, 496.61899
2017-11-14, 1, wei_ruo, 9.63, 8.62, -0.69, 8.68, 8.68, 8.73, 8.61, 493895.43, 427402579, 0.27, 1.38, 0.58, 687.02912
2017-11-15, 1, wei_ruo, 9.63, 8.63, 0.12, 8.62, 8.61, 8.69, 8.58, 381244.28, 329379252, 0.21, 1.28, 0.51, 691.55598
2017-11-16, 1, wei_ruo, 9.63, 8.51, -1.39, 8.63, 8.67, 8.68, 8.50, 530330.49, 455584654, 0.29, 2.09, 0.79, 543.53094
2017-11-17, 1, wei_ruo, 9.62, 8.73, 2.59, 8.51, 8.47, 8.76, 8.40, 1159476, 996673210, 0.63, 4.23, 1.76, 1656.60691
2017-11-20, 1, wei_ruo, 9.62, 8.69, -0.46, 8.73, 8.67, 8.74, 8.59, 424637.09, 368275602, 0.23, 1.72, 0.63, 659.17206
2017-11-21, 1, wei_ruo, 9.62, 8.71, 0.23, 8.69, 8.65, 8.83, 8.65, 496077.18, 433741838, 0.27, 2.07, 0.83, 628.92389
2017-11-22, 1, wei_ruo, 9.61, 8.92, 2.41, 8.71, 8.70, 9.02, 8.69, 1110662.82, 986347349, 0.61, 3.79, 1.86, 1033.00095
2017-11-23, 1, wei_ruo, 9.61, 8.65, -3.03, 8.92, 8.96, 8.99, 8.60, 824033.24, 724259671, 0.45, 4.37, 1.11, 724.12801
2017-11-24, 1, wei_ruo, 9.61, 8.67, 0.23, 8.65, 8.59, 8.74, 8.50, 427490.01, 369166469, 0.23, 2.77, 0.53, 649.26195
2017-11-27, 1, wei_ruo, 9.60, 8.69, 0.23, 8.67, 8.69, 8.91, 8.65, 509642.83, 446938747, 0.28, 3.00, 0.78, 561.939
2017-11-28, 1, wei_ruo, 9.60, 8.65, -0.46, 8.69, 8.69, 8.69, 8.53, 299027.05, 257264714, 0.16, 1.84, 0.44, 2805.77517
2017-11-29, 1, wei_ruo, 9.60, 8.65, 0.00, 8.65, 8.64, 8.70, 8.53, 354581, 304889034, 0.19, 1.97, 0.56, 1475.50702
2017-11-30, 1, wei_ruo, 9.60, 8.65, 0.00, 8.65, 8.61, 8.75, 8.60, 330217.07, 286385055, 0.18, 1.73, 0.68, 505.76401
2017-12-01, 1, wei_ruo, 9.60, 8.65, 0.00, 8.65, 8.67, 8.68, 8.54, 310481.79, 267428224, 0.17, 1.62, 0.81, 628.27301
2017-12-04, 1, wei_ruo, 9.60, 8.66, 0.12, 8.65, 8.59, 8.69, 8.57, 256959.4, 221739894, 0.14, 1.39, 0.71, 703.83692
2017-12-05, 1, wei_ruo, 9.59, 8.85, 2.19, 8.66, 8.66, 8.92, 8.62, 1144505.24, 1007600198, 0.62, 3.46, 3.69, 679.73804
2017-12-06, 1, wei_ruo, 9.59, 8.80, -0.56, 8.85, 8.83, 8.88, 8.75, 405414.26, 356600716, 0.22, 1.47, 0.85, 525.84291
2017-12-07, 1, wei_ruo, 9.59, 8.80, 0.00, 8.80, 8.77, 8.88, 8.70, 379128.65, 333221657, 0.21, 2.05, 0.77, 692.54613
2017-12-08, 1, wei_ruo, 9.59, 8.72, -0.91, 8.80, 8.78, 8.80, 8.68, 395206.52, 344816579, 0.22, 1.36, 0.79, 621.08994
2017-12-11, 1, wei_ruo, 9.58, 8.68, -0.46, 8.72, 8.71, 8.72, 8.63, 319667.84, 276821960, 0.17, 1.03, 0.62, 2746.61779
2017-12-12, 1, wei_ruo, 9.58, 8.62, -0.69, 8.68, 8.67, 8.69, 8.57, 253279.55, 218272878, 0.14, 1.38, 0.48, 732.67603
2017-12-13, 1, wei_ruo, 9.58, 8.63, 0.12, 8.62, 8.62, 8.65, 8.59, 143271.13, 123543200, 0.08, 0.70, 0.41, 561.72419
2017-12-14, 1, wei_ruo, 9.58, 8.56, -0.81, 8.63, 8.66, 8.68, 8.55, 226605.53, 194461465, 0.12, 1.51, 0.76, 2558.79593
2017-12-15, 1, wei_ruo, 9.58, 8.53, -0.35, 8.56, 8.56, 8.59, 8.45, 307526.82, 261942282, 0.17, 1.64, 1.15, 1284.08504
2017-12-18, 1, wei_ruo, 9.58, 8.55, 0.23, 8.53, 8.55, 8.56, 8.47, 164717.07, 140252271, 0.09, 1.06, 0.66, 511.98483
2017-12-19, 1, wei_ruo, 9.58, 8.55, 0.00, 8.55, 8.56, 8.58, 8.52, 138164.94, 118010678, 0.08, 0.70, 0.63, 607.58996
2017-12-20, 1, wei_ruo, 9.58, 8.59, 0.47, 8.55, 8.59, 8.64, 8.55, 263967.61, 226711982, 0.14, 1.05, 1.35, 600.27289
2017-12-21, 1, wei_ruo, 9.57, 8.53, -0.70, 8.59, 8.55, 8.57, 8.46, 224950.45, 191623463, 0.12, 1.28, 1.02, 1683.57086
2017-12-22, 1, wei_ruo, 9.57, 8.52, -0.12, 8.53, 8.53, 8.56, 8.51, 122893.02, 104858770, 0.07, 0.59, 0.56, 668.27607
2017-12-25, 1, wei_ruo, 9.57, 8.52, 0.00, 8.52, 8.52, 8.59, 8.48, 163349.82, 139273294, 0.09, 1.29, 0.89, 895.57886
2017-12-26, 1, wei_ruo, 9.57, 8.55, 0.35, 8.52, 8.50, 8.57, 8.46, 246524.75, 209860810, 0.13, 1.29, 1.35, 544.46816
2017-12-27, 1, wei_ruo, 9.57, 8.48, -0.82, 8.55, 8.52, 8.53, 8.45, 262666.23, 222771691, 0.14, 0.94, 1.29, 562.14118
2017-12-29, 1, wei_ruo, 9.57, 8.51, 1.43, 8.39, 8.41, 8.54, 8.41, 299596.99, 254641356, 0.16, 1.55, 1.31, 827.62814
2018-01-03, 1, wei_ruo, 9.56, 8.56, 0.59, 8.51, 8.52, 8.58, 8.51, 298722.19, 255532672, 0.16, 0.82, 1.16, 654.27995
2018-01-04, 1, wei_ruo, 9.56, 8.51, -0.58, 8.56, 8.58, 8.58, 8.48, 305586.76, 260068744, 0.17, 1.17, 1.14, 642.7989
2018-01-05, 1, wei_ruo, 9.56, 8.63, 1.41, 8.51, 8.52, 8.65, 8.50, 525939.79, 452611629, 0.29, 1.76, 1.91, 496.84596
2018-01-08, 1, wei_ruo, 9.56, 8.61, -0.23, 8.63, 8.65, 8.66, 8.55, 321496.05, 276306986, 0.18, 1.27, 1.00, 663.40899
2018-01-09, 1, wei_ruo, 9.56, 8.55, -0.70, 8.61, 8.59, 8.61, 8.52, 286795.55, 245333561, 0.16, 1.05, 0.82, 653.60093
2018-01-10, 1, wei_ruo, 9.55, 8.58, 0.35, 8.55, 8.56, 8.64, 8.53, 325551.88, 279164453, 0.18, 1.29, 0.94, 670.80402
2018-01-11, 1, wei_ruo, 9.55, 8.57, -0.12, 8.58, 8.58, 8.62, 8.55, 252974.74, 216928968, 0.14, 0.82, 0.72, 581.8131
2018-01-12, 1, wei_ruo, 9.55, 8.49, -0.93, 8.57, 8.56, 8.57, 8.48, 241940.46, 205891838, 0.13, 1.05, 0.71, 778.54109
2018-01-15, 1, wei_ruo, 9.55, 8.40, -1.06, 8.49, 8.49, 8.50, 8.39, 313395.89, 263799789, 0.17, 1.30, 1.10, 659.69396
2018-01-16, 1, wei_ruo, 9.55, 8.46, 0.71, 8.40, 8.39, 8.47, 8.38, 233368.06, 196410671, 0.13, 1.07, 0.82, 652.94909
2018-01-17, 1, wei_ruo, 9.55, 8.53, 0.83, 8.46, 8.46, 8.61, 8.46, 460018.55, 393580029, 0.25, 1.77, 1.68, 662.91523
2018-01-18, 1, wei_ruo, 9.54, 8.73, 2.34, 8.53, 8.51, 8.79, 8.47, 1026849.94, 890704563, 0.56, 3.75, 3.42, 496.41585
2018-01-19, 1, wei_ruo, 9.54, 8.67, -0.69, 8.73, 8.70, 8.73, 8.61, 580437.97, 502512745, 0.32, 1.37, 1.28, 506.23488
2018-01-22, 1, wei_ruo, 9.54, 8.68, 0.12, 8.67, 8.66, 8.70, 8.61, 352779.04, 305011151, 0.19, 1.04, 0.67, 562.45089
2018-01-23, 1, wei_ruo, 9.53, 8.69, 0.12, 8.68, 8.64, 8.70, 8.58, 529457.49, 457649482, 0.29, 1.38, 1.00, 755.49316
2018-01-24, 2, qing_du, 9.53, 8.78, 1.04, 8.69, 8.72, 8.90, 8.70, 824948.84, 724729327, 0.45, 2.30, 1.40, 576.16496
2018-01-25, 2, qing_du, 9.53, 8.71, -0.80, 8.78, 8.79, 8.82, 8.68, 540036.6, 471723693, 0.29, 1.59, 0.81, 828.28999
2018-01-26, 2, qing_du, 9.53, 8.77, 0.69, 8.71, 8.72, 8.84, 8.69, 589609.69, 516874119, 0.32, 1.72, 1.04, 613.07693
2018-01-29, 2, qing_du, 9.52, 8.70, -0.80, 8.77, 8.77, 8.86, 8.68, 510991.83, 447798464, 0.28, 2.05, 0.90, 755.86796
2018-01-30, 2, qing_du, 9.52, 8.57, -1.49, 8.70, 8.70, 8.76, 8.56, 374735.28, 323855784, 0.20, 2.30, 0.63, 511.0209
2018-01-31, 1, wei_ruo, 9.52, 8.49, -0.93, 8.57, 8.54, 8.57, 8.45, 360720.32, 306670624, 0.20, 1.40, 0.63, 771.14701
2018-02-01, 1, wei_ruo, 9.52, 8.62, 1.53, 8.49, 8.50, 8.63, 8.45, 565659.68, 482631736, 0.31, 2.12, 1.19, 765.96308
2018-02-02, 1, wei_ruo, 9.52, 8.59, -0.35, 8.62, 8.56, 8.63, 8.50, 330630.12, 283112731, 0.18, 1.51, 0.69, 708.39787
2018-02-05, 1, wei_ruo, 9.51, 8.66, 0.81, 8.59, 8.50, 8.67, 8.48, 380906.86, 327691175, 0.21, 2.21, 0.89, 892.74883
2018-02-06, 1, wei_ruo, 9.51, 8.66, 0.00, 8.66, 8.56, 8.88, 8.52, 1304408.15, 1140332074, 0.71, 4.16, 3.24, 621.32406
2018-02-07, 2, qing_du, 9.50, 8.72, 0.69, 8.66, 8.76, 8.86, 8.59, 1225831.2, 1072526145, 0.67, 3.12, 2.08, 747.7231
2018-02-08, 2, qing_du, 9.49, 8.16, -6.42, 8.72, 8.65, 8.82, 7.91, 1575042.56, 1319110511, 0.86, 10.44, 1.47, 786.01599
2018-02-09, 1, wei_ruo, 9.48, 7.69, -5.76, 8.16, 7.80, 7.80, 7.34, 1391655.31, 1044544699, 0.76, 5.64, 1.02, 630.69391
2018-02-12, 1, wei_ruo, 9.47, 7.52, -2.21, 7.69, 7.56, 7.66, 7.41, 515895.32, 388849579, 0.28, 3.25, 0.36, 719.18702
2018-02-13, 1, wei_ruo, 9.47, 7.50, -0.27, 7.52, 7.60, 7.64, 7.49, 380025.13, 287329135, 0.21, 1.99, 0.44, 2631.95109
2018-02-14, 1, wei_ruo, 9.47, 7.46, -0.53, 7.50, 7.52, 7.54, 7.43, 247819.77, 185238763, 0.14, 1.47, 0.54, 704.36811
