2015-08-20, 1, wei_ruo, 15.69, 14.55, -0.27, 14.59, 14.30, 15.14, 14.20, 365302.38, 538786960, 2.35, 6.44, 0.74, 803.67804
2015-08-21, 1, wei_ruo, 15.65, 13.97, -3.99, 14.55, 14.14, 14.54, 13.39, 342812.61, 477543196, 2.20, 7.90, 0.71, 1191.29705
2015-08-24, 1, wei_ruo, 15.61, 12.57, -10.02, 13.97, 13.28, 13.28, 12.57, 246352.84, 312369561, 1.58, 5.08, 0.56, 4860.46004
2015-08-25, 1, wei_ruo, 15.51, 11.31, -10.02, 12.57, 11.31, 11.80, 11.31, 373760.48, 426015399, 2.40, 3.90, 0.93, 1232.32889
2015-08-26, 1, wei_ruo, 15.30, 10.18, -9.99, 11.31, 11.31, 11.60, 10.18, 657508.73, 709272801, 4.23, 12.56, 1.86, 1005.87201
2015-08-27, 1, wei_ruo, 15.16, 10.55, 3.63, 10.18, 10.48, 10.67, 9.57, 450492.86, 461979549, 2.90, 10.81, 1.13, 1071.49005
2015-08-28, 1, wei_ruo, 15.02, 11.36, 7.68, 10.55, 10.65, 11.51, 10.51, 554430.23, 602989250, 3.56, 9.48, 1.34, 2001.85299
2015-08-31, 1, wei_ruo, 14.89, 11.04, -2.82, 11.36, 11.00, 11.15, 10.61, 475756.06, 520171352, 3.06, 4.75, 1.04, 1189.50605
2015-10-29, 3, zhong_du, 6.58, 6.07, 0.83, 6.02, 6.06, 6.11, 5.97, 407461.82, 246227047, 1.31, 2.33, 0.64, 1057.78098
2015-10-30, 3, zhong_du, 6.57, 6.07, 0.00, 6.07, 6.06, 6.18, 5.96, 515077.39, 313499713, 1.66, 3.62, 0.85, 1074.05281
2015-11-02, 3, zhong_du, 6.56, 5.89, -2.97, 6.07, 5.98, 6.07, 5.88, 387980.72, 231865060, 1.25, 3.13, 0.65, 1484.71999
2015-11-03, 3, zhong_du, 6.55, 5.82, -1.19, 5.89, 5.92, 5.95, 5.76, 367859.06, 215087356, 1.18, 3.23, 0.66, 1122.67804
2015-11-04, 3, zhong_du, 6.54, 6.06, 4.12, 5.82, 5.84, 6.07, 5.83, 656781.36, 391875535, 2.11, 4.12, 1.46, 1080.70493
2015-11-05, 3, zhong_du, 6.53, 6.16, 1.65, 6.06, 6.12, 6.25, 6.02, 1144483.9, 703200297, 3.68, 3.80, 2.45, 1338.07802
2015-11-06, 3, zhong_du, 6.52, 6.33, 2.76, 6.16, 6.14, 6.44, 6.13, 1053159.8, 661278633, 3.39, 5.03, 1.71, 1237.34093
2015-11-09, 4, gao_du, 6.51, 6.29, -0.63, 6.33, 6.24, 6.36, 6.20, 856429.27, 538708439, 2.75, 2.53, 1.19, 1355.92985
2015-11-10, 5, qiang_lie, 6.51, 6.44, 2.38, 6.29, 6.30, 6.56, 6.26, 1028181.01, 660419384, 3.31, 4.77, 1.26, 423.27809
2015-11-11, 5, qiang_lie, 6.51, 6.63, 2.95, 6.44, 6.42, 6.68, 6.35, 1011569.97, 656983600, 3.25, 5.12, 1.07, 287.34803
2015-11-12, 5, qiang_lie, 6.51, 6.55, -1.21, 6.63, 6.58, 6.64, 6.43, 821385.32, 536479517, 2.64, 3.17, 0.81, 830.39808
2015-11-13, 5, qiang_lie, 6.51, 6.46, -1.37, 6.55, 6.50, 6.67, 6.37, 753285.47, 491558693, 2.42, 4.58, 0.79, 1290.97319
2015-11-16, 5, qiang_lie, 6.51, 6.69, 3.56, 6.46, 6.31, 6.73, 6.31, 676935.7, 439865714, 2.18, 6.50, 0.76, 959.68008
2015-11-17, 5, qiang_lie, 6.52, 6.51, -2.69, 6.69, 6.75, 6.78, 6.47, 741042.08, 491891352, 2.38, 4.63, 0.86, 1059.74102
2015-11-18, 5, qiang_lie, 6.51, 6.41, -1.54, 6.51, 6.51, 6.58, 6.40, 457739.6, 296281193, 1.47, 2.76, 0.57, 1238.95383
2015-11-19, 5, qiang_lie, 6.52, 6.66, 3.90, 6.41, 6.41, 6.69, 6.40, 838251.37, 551114077, 2.69, 4.52, 1.21, 32538.09285
2015-11-20, 5, qiang_lie, 6.53, 6.99, 4.95, 6.66, 6.67, 7.19, 6.61, 1387127.48, 963184026, 4.46, 8.71, 2.00, 32645.74099
2015-11-23, 5, qiang_lie, 6.55, 7.06, 1.00, 6.99, 6.97, 7.22, 6.86, 1096272.81, 773356610, 3.52, 5.15, 1.34, 1041.0459
2015-11-24, 5, qiang_lie, 6.56, 7.08, 0.28, 7.06, 7.10, 7.13, 6.91, 593941.84, 416181273, 1.91, 3.12, 0.66, 1048.91586
2015-11-25, 5, qiang_lie, 6.57, 7.17, 1.27, 7.08, 7.08, 7.22, 7.01, 653421.14, 466179569, 2.10, 2.97, 0.75, 1049.18003
2015-11-26, 5, qiang_lie, 6.59, 7.02, -2.09, 7.17, 7.39, 7.43, 7.01, 679338.07, 486633085, 2.18, 5.86, 0.74, 847.38398
2015-11-27, 5, qiang_lie, 6.59, 6.34, -9.69, 7.02, 6.95, 6.98, 6.32, 859269.01, 572037232, 2.76, 9.40, 0.97, 850.2481
2015-11-30, 5, qiang_lie, 6.58, 6.39, 0.79, 6.34, 6.39, 6.48, 6.07, 531273.5, 336372579, 1.71, 6.47, 0.68, 845.30878
2015-12-01, 4, gao_du, 6.58, 6.46, 1.10, 6.39, 6.38, 6.55, 6.30, 425605.63, 274126513, 1.37, 3.91, 0.64, 1063.27415
2015-12-02, 3, zhong_du, 6.58, 6.50, 0.62, 6.46, 6.53, 6.62, 6.26, 503231.73, 324538208, 1.62, 5.57, 0.80, 1002.49004
2015-12-03, 3, zhong_du, 6.58, 6.59, 1.38, 6.50, 6.54, 6.60, 6.47, 446589.19, 291858880, 1.44, 2.00, 0.74, 863.45696
2015-12-04, 3, zhong_du, 6.59, 6.41, -2.73, 6.59, 6.53, 6.58, 6.38, 458163.75, 297000086, 1.47, 3.03, 0.83, 2549.6521
2015-12-07, 3, zhong_du, 6.58, 6.51, 1.56, 6.41, 6.43, 6.57, 6.37, 426957, 277380910, 1.37, 3.12, 0.90, 781.10695
2015-12-08, 3, zhong_du, 6.58, 6.30, -3.23, 6.51, 6.45, 6.48, 6.26, 433312.91, 275013771, 1.39, 3.38, 0.96, 784.79815
2015-12-09, 3, zhong_du, 6.58, 6.28, -0.32, 6.30, 6.25, 6.39, 6.22, 293380.22, 184850703, 0.94, 2.70, 0.65, 635.24604
2015-12-10, 3, zhong_du, 6.58, 6.23, -0.80, 6.28, 6.28, 6.34, 6.22, 276589.75, 173550362, 0.89, 1.91, 0.67, 856.87304
2015-12-11, 2, qing_du, 6.57, 6.21, -0.32, 6.23, 6.23, 6.24, 6.11, 320107.42, 197095900, 1.03, 2.09, 0.85, 1077.88801
2015-12-14, 2, qing_du, 6.57, 6.31, 1.61, 6.21, 6.12, 6.32, 6.12, 281055.8, 174821882, 0.90, 3.22, 0.80, 852.28801
2015-12-15, 2, qing_du, 6.57, 6.30, -0.16, 6.31, 6.33, 6.43, 6.28, 306541.73, 194366430, 0.99, 2.38, 0.96, 1075.40607
2015-12-16, 2, qing_du, 6.56, 6.34, 0.63, 6.30, 6.38, 6.43, 6.32, 298184.61, 190025308, 0.96, 1.75, 1.01, 5819.47088
2015-12-17, 2, qing_du, 6.56, 6.48, 2.21, 6.34, 6.38, 6.49, 6.35, 441572.21, 284302526, 1.42, 2.21, 1.49, 799.31593
2015-12-18, 2, qing_du, 6.56, 6.38, -1.54, 6.48, 6.46, 6.49, 6.35, 343073.95, 219391418, 1.10, 2.16, 1.04, 854.78687
2015-12-21, 2, qing_du, 6.56, 6.43, 0.78, 6.38, 6.35, 6.44, 6.32, 405570.18, 259445668, 1.30, 1.88, 1.21, 3064.59308
2015-12-22, 2, qing_du, 6.56, 6.44, 0.16, 6.43, 6.44, 6.48, 6.37, 349029.35, 224338634, 1.12, 1.71, 0.97, 845.54911
2015-12-23, 2, qing_du, 6.56, 6.49, 0.78, 6.44, 6.44, 6.61, 6.39, 742239.49, 483197889, 2.39, 3.42, 2.02, 881.17194
2015-12-24, 2, qing_du, 6.55, 6.48, -0.15, 6.49, 6.49, 6.53, 6.40, 425351.36, 274719751, 1.37, 2.00, 0.93, 2725.90899
2015-12-25, 2, qing_du, 6.55, 6.52, 0.62, 6.48, 6.49, 6.54, 6.46, 337183.32, 219277922, 1.08, 1.23, 0.74, 817.04712
2015-12-28, 1, wei_ruo, 6.55, 6.27, -3.83, 6.52, 6.52, 6.56, 6.24, 504494.14, 325404352, 1.62, 4.91, 1.12, 2055.66001
2015-12-29, 1, wei_ruo, 6.55, 6.31, 0.64, 6.27, 6.22, 6.33, 6.22, 265479.96, 166723060, 0.85, 1.75, 0.56, 1218.76621
2015-12-30, 1, wei_ruo, 6.54, 6.26, -0.79, 6.31, 6.32, 6.32, 6.20, 537105.55, 335863361, 1.73, 1.90, 1.14, 2810.9951
2015-12-31, 1, wei_ruo, 6.54, 6.18, -1.28, 6.26, 6.27, 6.30, 6.16, 295979.99, 184344186, 0.95, 2.24, 0.63, 962.73303
2016-01-04, 1, wei_ruo, 6.53, 5.59, -9.55, 6.18, 6.18, 6.20, 5.58, 334317.13, 198997293, 1.07, 10.03, 1.10, 948.69208
2016-01-05, 1, wei_ruo, 6.52, 5.54, -0.89, 5.59, 5.45, 5.67, 5.27, 366009, 201487913, 1.18, 7.16, 0.78, 1295.60208
2016-01-06, 1, wei_ruo, 6.51, 5.65, 1.99, 5.54, 5.56, 5.66, 5.54, 474683.06, 266030400, 1.53, 2.17, 1.01, 909.29198
2016-01-07, 1, wei_ruo, 6.50, 5.12, -9.38, 5.65, 5.56, 5.56, 5.09, 89547.94, 47641795, 0.29, 8.32, 1.52, 837.67915
2016-01-08, 1, wei_ruo, 6.50, 5.16, 0.78, 5.12, 5.26, 5.32, 4.91, 389681.28, 202064924, 1.25, 8.01, 0.83, 10047.36996
2016-01-11, 1, wei_ruo, 6.49, 4.76, -7.75, 5.16, 5.10, 5.11, 4.71, 437281.57, 216738972, 1.41, 7.75, 0.93, 937.87479
2016-01-12, 1, wei_ruo, 6.47, 4.80, 0.84, 4.76, 4.80, 4.88, 4.67, 245958.85, 117902677, 0.79, 4.41, 0.52, 791.46695
2016-01-13, 1, wei_ruo, 6.46, 4.61, -3.96, 4.80, 4.85, 4.88, 4.60, 286893.71, 137141098, 0.92, 5.83, 0.61, 1344.49816
2016-01-14, 1, wei_ruo, 6.44, 4.73, 2.60, 4.61, 4.50, 4.78, 4.42, 322520.56, 148820112, 1.04, 7.81, 0.68, 817.39593
2016-01-15, 1, wei_ruo, 6.42, 4.47, -5.50, 4.73, 4.68, 4.73, 4.42, 276676.39, 126556663, 0.89, 6.55, 0.59, 972.2352
2016-01-18, 1, wei_ruo, 6.40, 4.49, 0.45, 4.47, 4.30, 4.57, 4.30, 265505.75, 118499149, 0.85, 6.04, 0.56, 1033.02288
2016-01-19, 1, wei_ruo, 6.38, 4.68, 4.23, 4.49, 4.47, 4.72, 4.45, 352792.63, 161969648, 1.13, 6.01, 0.75, 2094.72799
2016-01-20, 1, wei_ruo, 6.37, 4.64, -0.85, 4.68, 4.65, 4.71, 4.54, 268069.56, 124376899, 0.86, 3.63, 0.57, 1907.52101
2016-01-21, 1, wei_ruo, 6.36, 4.45, -4.09, 4.64, 4.56, 4.68, 4.44, 217806.02, 99762619, 0.70, 5.17, 0.46, 2707.73721
2016-01-22, 1, wei_ruo, 6.35, 4.52, 1.57, 4.45, 4.50, 4.55, 4.39, 186815.92, 83719068, 0.60, 3.60, 0.40, 863.4491
2016-01-25, 1, wei_ruo, 6.34, 4.55, 0.66, 4.52, 4.56, 4.59, 4.51, 174354.48, 79362856, 0.56, 1.77, 0.37, 4888.50999
2016-01-26, 1, wei_ruo, 6.32, 4.11, -9.67, 4.55, 4.50, 4.51, 4.10, 297398.52, 127854072, 0.96, 9.01, 0.63, 1425.62819
2016-01-27, 1, wei_ruo, 6.29, 4.00, -2.68, 4.11, 4.15, 4.18, 3.88, 333116.83, 133651713, 1.07, 7.30, 0.71, 932.35493
2016-01-28, 1, wei_ruo, 6.26, 3.79, -5.25, 4.00, 3.98, 4.03, 3.76, 438032.59, 170708668, 1.41, 6.75, 0.93, 4704.355
2016-01-29, 1, wei_ruo, 6.23, 3.95, 4.22, 3.79, 3.80, 3.99, 3.78, 292518.52, 114093884, 0.94, 5.54, 0.62, 2987.54501
2016-02-01, 1, wei_ruo, 6.22, 3.91, -1.01, 3.95, 3.98, 3.98, 3.86, 220253.54, 86622008, 0.71, 3.04, 0.47, 2806.97703
2016-02-02, 1, wei_ruo, 6.20, 4.04, 3.32, 3.91, 3.91, 4.07, 3.90, 245545.23, 98404283, 0.79, 4.35, 0.52, 975.7731
2016-02-03, 1, wei_ruo, 6.19, 4.04, 0.00, 4.04, 3.98, 4.07, 3.94, 198492.88, 79255318, 0.64, 3.22, 0.42, 1180.53389
2016-02-04, 1, wei_ruo, 6.17, 4.11, 1.73, 4.04, 4.08, 4.14, 4.05, 252555.24, 103541259, 0.81, 2.23, 0.54, 989.995
2016-02-05, 1, wei_ruo, 6.15, 4.08, -0.73, 4.11, 4.11, 4.14, 4.07, 225501.82, 92611297, 0.72, 1.70, 0.48, 2846.05098
2016-02-15, 1, wei_ruo, 6.14, 4.06, -0.49, 4.08, 3.92, 4.07, 3.92, 166041.84, 66397290, 0.53, 3.68, 0.35, 928.69616
2016-02-16, 1, wei_ruo, 6.12, 4.25, 4.68, 4.06, 4.07, 4.25, 4.07, 350377, 146513961, 1.13, 4.43, 0.74, 1037.37903
2016-02-17, 1, wei_ruo, 6.10, 4.36, 2.59, 4.25, 4.20, 4.44, 4.18, 436175.95, 186207452, 1.40, 6.12, 0.92, 1263.19098
2016-02-18, 1, wei_ruo, 6.08, 4.31, -1.15, 4.36, 4.35, 4.38, 4.30, 348216.98, 151085497, 1.12, 1.83, 0.74, 4437.39319
2016-02-19, 1, wei_ruo, 6.07, 4.32, 0.23, 4.31, 4.32, 4.34, 4.27, 174976.11, 75264014, 0.56, 1.62, 0.47, 2204.59199
2016-02-22, 1, wei_ruo, 6.07, 4.47, 3.71, 4.31, 4.35, 4.54, 4.33, 482255.09, 213558757, 1.55, 4.87, 1.58, 1017.47704
2016-02-23, 1, wei_ruo, 6.01, 4.42, -1.12, 4.47, 4.44, 4.53, 4.34, 414043.39, 183668598, 1.33, 4.25, 1.13, 802.63996
2016-02-24, 1, wei_ruo, 5.99, 4.43, 0.23, 4.42, 4.39, 4.45, 4.31, 256833.44, 112683393, 0.83, 3.17, 0.67, 846.62294
2016-02-25, 1, wei_ruo, 5.97, 3.99, -9.93, 4.43, 4.40, 4.40, 3.99, 391072.33, 162989689, 1.26, 9.26, 1.13, 927.068
2016-02-26, 1, wei_ruo, 5.96, 4.03, 1.00, 3.99, 4.04, 4.07, 3.92, 227056.85, 91346839, 0.73, 3.76, 0.64, 2716.07184
2016-02-29, 1, wei_ruo, 5.94, 3.87, -3.97, 4.03, 4.03, 4.03, 3.73, 282121.84, 108186870, 0.91, 7.44, 0.80, 1057.65104
2016-03-01, 1, wei_ruo, 5.92, 3.94, 1.81, 3.87, 3.88, 3.97, 3.82, 277126.24, 108121143, 0.89, 3.88, 0.88, 2786.91888
2016-03-02, 1, wei_ruo, 5.90, 4.13, 4.82, 3.94, 3.94, 4.15, 3.91, 343701.5, 139014089, 1.10, 6.09, 1.20, 602.54598
2016-03-03, 1, wei_ruo, 5.87, 4.34, 5.08, 4.13, 4.13, 4.43, 4.10, 594367.9, 253147335, 1.91, 7.99, 1.95, 2552.20318
2016-03-04, 1, wei_ruo, 5.84, 4.25, -2.07, 4.34, 4.27, 4.32, 4.10, 508132.87, 215746953, 1.63, 5.07, 1.47, 732.12695
2016-03-07, 1, wei_ruo, 5.82, 4.35, 2.35, 4.25, 4.26, 4.42, 4.26, 359989.93, 156148468, 1.16, 3.76, 0.90, 1690.13619
2016-03-08, 1, wei_ruo, 5.80, 4.44, 2.07, 4.35, 4.32, 4.45, 4.12, 411351.65, 175946181, 1.32, 7.59, 0.99, 2914.52694
2016-03-09, 1, wei_ruo, 5.79, 4.32, -2.70, 4.44, 4.31, 4.34, 4.23, 333485.22, 142963094, 1.07, 2.48, 0.75, 2189.327
2016-03-10, 1, wei_ruo, 5.77, 4.14, -4.17, 4.32, 4.29, 4.33, 4.13, 264809.21, 111771941, 0.85, 4.63, 0.60, 589.16306
2016-03-11, 1, wei_ruo, 5.77, 4.13, -0.24, 4.14, 4.08, 4.16, 4.06, 155153.8, 63753586, 0.50, 2.42, 0.41, 1276.27993
2016-03-14, 1, wei_ruo, 5.75, 4.26, 3.15, 4.13, 4.18, 4.32, 4.16, 300383.85, 127921917, 0.97, 3.87, 0.99, 1821.7082
2016-03-15, 1, wei_ruo, 5.74, 4.20, -1.41, 4.26, 4.25, 4.27, 4.11, 248343.23, 104104395, 0.80, 3.76, 0.85, 2259.59301
2016-03-16, 1, wei_ruo, 5.73, 4.21, 0.24, 4.20, 4.21, 4.24, 4.17, 259543.65, 109397223, 0.83, 1.67, 1.00, 1017.79103
2016-03-17, 1, wei_ruo, 5.71, 4.31, 2.38, 4.21, 4.27, 4.33, 4.21, 322438.15, 138263577, 1.04, 2.85, 1.31, 1379.74119
2016-03-18, 1, wei_ruo, 5.67, 4.65, 7.89, 4.31, 4.30, 4.74, 4.30, 1039803.26, 473326203, 3.34, 10.21, 4.04, 3636.63292
2016-03-21, 2, qing_du, 5.64, 4.68, 0.65, 4.65, 4.70, 4.76, 4.58, 929543.79, 433390923, 2.99, 3.87, 2.14, 2041.45384
2016-03-22, 3, zhong_du, 5.62, 4.70, 0.43, 4.68, 4.64, 4.90, 4.56, 853063.96, 405777537, 2.74, 7.26, 1.52, 3178.18499
2016-03-23, 3, zhong_du, 5.60, 4.68, -0.43, 4.70, 4.67, 4.72, 4.59, 401068.12, 186392034, 1.29, 2.77, 0.59, 2845.48187
2016-03-24, 3, zhong_du, 5.58, 4.71, 0.64, 4.68, 4.72, 4.88, 4.62, 728100.99, 346499407, 2.34, 5.56, 1.03, 1825.94705
2016-03-25, 3, zhong_du, 5.57, 4.79, 1.70, 4.71, 4.68, 4.83, 4.65, 455748.82, 217260646, 1.47, 3.82, 0.58, 1131.01602
2016-03-28, 3, zhong_du, 5.56, 4.73, -1.25, 4.79, 4.88, 4.96, 4.70, 468437.86, 225721766, 1.51, 5.43, 0.70, 990.031
2016-03-29, 3, zhong_du, 5.55, 4.55, -3.81, 4.73, 4.70, 4.72, 4.48, 374540.79, 171962916, 1.20, 5.07, 0.64, 1247.62392
2016-03-30, 3, zhong_du, 5.54, 4.70, 3.30, 4.55, 4.59, 4.70, 4.58, 302923.48, 140423238, 0.97, 2.64, 0.62, 1413.33103
2016-03-31, 3, zhong_du, 5.53, 4.67, -0.64, 4.70, 4.70, 4.75, 4.65, 313842.02, 147411511, 1.01, 2.13, 0.67, 1056.33497
2016-04-01, 3, zhong_du, 5.52, 4.64, -0.64, 4.67, 4.66, 4.66, 4.52, 274805.35, 125969598, 0.88, 3.00, 0.72, 1270.50185
2016-04-05, 3, zhong_du, 5.51, 4.71, 1.51, 4.64, 4.65, 4.73, 4.57, 380039.12, 177766575, 1.22, 3.45, 1.10, 2516.34097
2016-04-06, 4, gao_du, 5.50, 4.70, -0.21, 4.71, 4.71, 4.77, 4.66, 350052.62, 164943059, 1.13, 2.34, 1.06, 2543.95509
2016-04-07, 4, gao_du, 5.50, 4.60, -2.13, 4.70, 4.72, 4.73, 4.58, 282478.41, 131379785, 0.91, 3.19, 0.87, 799.7911
2016-04-08, 4, gao_du, 5.49, 4.54, -1.30, 4.60, 4.56, 4.59, 4.48, 234688.86, 106473330, 0.75, 2.39, 0.73, 835.11782
2016-04-11, 4, gao_du, 5.48, 4.64, 2.20, 4.54, 4.55, 4.69, 4.55, 247910.06, 114729752, 0.80, 3.08, 0.81, 581.03085
2016-04-12, 4, gao_du, 5.48, 4.57, -1.51, 4.64, 4.62, 4.64, 4.53, 197287.67, 90208638, 0.63, 2.37, 0.66, 621.60206
2016-04-13, 4, gao_du, 5.46, 4.68, 2.41, 4.57, 4.59, 4.71, 4.57, 437007, 204286229, 1.40, 3.06, 1.66, 867.60211
2016-04-14, 4, gao_du, 5.46, 4.73, 1.07, 4.68, 4.69, 4.74, 4.65, 347061.09, 163354050, 1.12, 1.92, 1.24, 270.31016
2016-04-15, 4, gao_du, 5.45, 4.67, -1.27, 4.73, 4.72, 4.73, 4.64, 234932.33, 109882322, 0.76, 1.90, 0.80, 2694.0279
2016-04-18, 5, qiang_lie, 5.45, 4.59, -1.71, 4.67, 4.66, 4.66, 4.55, 193486.91, 88776573, 0.62, 2.36, 0.66, 1378.81899
2016-04-19, 5, qiang_lie, 5.44, 4.59, 0.00, 4.59, 4.60, 4.67, 4.55, 178730.47, 82244949, 0.57, 2.61, 0.63, 2559.38697
2016-04-20, 4, gao_du, 5.43, 4.36, -5.01, 4.59, 4.61, 4.62, 4.20, 388417.2, 170606122, 1.25, 9.15, 1.40, 2170.34793
2016-04-21, 3, zhong_du, 5.42, 4.28, -1.83, 4.36, 4.30, 4.37, 4.27, 179625.67, 77682039, 0.58, 2.29, 0.67, 2332.21483
2016-04-22, 3, zhong_du, 5.42, 4.31, 0.70, 4.28, 4.27, 4.32, 4.22, 112266, 48117484, 0.36, 2.34, 0.48, 547.37496
2016-04-25, 2, qing_du, 5.41, 4.32, 0.23, 4.31, 4.33, 4.33, 4.23, 127162.47, 54397072, 0.41, 2.32, 0.60, 4107.49602
2016-04-26, 2, qing_du, 5.41, 4.34, 0.46, 4.32, 4.30, 4.35, 4.25, 106080.36, 45737699, 0.34, 2.31, 0.54, 423.63286
2016-04-27, 2, qing_du, 5.40, 4.30, -0.92, 4.34, 4.37, 4.37, 4.27, 124670.38, 53843731, 0.40, 2.30, 0.68, 2681.30708
2016-04-28, 2, qing_du, 5.39, 4.22, -1.86, 4.30, 4.29, 4.30, 4.13, 233484.86, 98105734, 0.75, 3.95, 1.80, 2791.98909
2016-04-29, 2, qing_du, 5.39, 4.18, -0.95, 4.22, 4.18, 4.24, 4.17, 139362.95, 58543317, 0.45, 1.66, 0.99, 4698.66991
2016-05-03, 1, wei_ruo, 5.38, 4.31, 3.11, 4.18, 4.18, 4.32, 4.16, 209561.59, 89583287, 0.67, 3.83, 1.43, 4493.34097
2016-05-04, 1, wei_ruo, 5.38, 4.32, 0.23, 4.31, 4.32, 4.35, 4.28, 156057.38, 67437173, 0.50, 1.62, 0.96, 488.63578
2016-05-05, 1, wei_ruo, 5.37, 4.35, 0.69, 4.32, 4.32, 4.36, 4.27, 159591.22, 68787359, 0.51, 2.08, 0.92, 616.24718
2016-05-06, 1, wei_ruo, 5.35, 4.30, -1.15, 4.35, 4.42, 4.55, 4.28, 553417.51, 245166887, 1.78, 6.21, 3.08, 2605.07894
2016-05-09, 1, wei_ruo, 5.34, 4.08, -5.12, 4.30, 4.21, 4.22, 4.07, 288530.73, 119295717, 0.93, 3.49, 1.18, 1477.55194
2016-05-10, 1, wei_ruo, 5.34, 4.07, -0.25, 4.08, 4.09, 4.14, 4.04, 154042.65, 62808141, 0.50, 2.45, 0.56, 2361.28211
2016-05-11, 1, wei_ruo, 5.33, 4.06, -0.25, 4.07, 4.10, 4.12, 4.03, 116297.96, 47389780, 0.37, 2.21, 0.44, 889.11104
2016-05-12, 1, wei_ruo, 5.33, 4.03, -0.74, 4.06, 4.03, 4.05, 3.93, 124833.54, 49873345, 0.40, 2.96, 0.49, 1259.25994
2016-05-13, 1, wei_ruo, 5.32, 4.00, -0.74, 4.03, 4.02, 4.07, 3.97, 122986.39, 49319147, 0.40, 2.48, 0.50, 947.20912
2016-05-16, 1, wei_ruo, 5.32, 4.06, 1.50, 4.00, 4.00, 4.06, 3.95, 102519.59, 41147333, 0.33, 2.75, 0.64, 14527.04597
2016-05-17, 1, wei_ruo, 5.31, 4.10, 0.99, 4.06, 4.05, 4.12, 4.04, 185004.72, 75576497, 0.59, 1.97, 1.49, 487.85806
2016-05-18, 1, wei_ruo, 5.30, 4.04, -1.46, 4.10, 4.12, 4.12, 3.98, 179728.42, 72583343, 0.58, 3.41, 1.38, 776.09301
2016-05-19, 1, wei_ruo, 5.30, 4.03, -0.25, 4.04, 4.03, 4.08, 4.01, 120336.39, 48727805, 0.39, 1.73, 0.84, 2748.77286
2016-05-20, 1, wei_ruo, 5.29, 4.05, 0.50, 4.03, 4.00, 4.05, 3.96, 93273.96, 37533728, 0.30, 2.23, 0.66, 1694.75198
2016-05-23, 1, wei_ruo, 5.29, 4.09, 0.99, 4.05, 4.10, 4.14, 4.07, 152522.1, 62635948, 0.49, 1.73, 1.12, 727.79703
2016-05-24, 1, wei_ruo, 5.28, 4.06, -0.73, 4.09, 4.08, 4.08, 4.01, 118714.89, 47971984, 0.38, 1.71, 0.81, 2426.42999
2016-05-25, 1, wei_ruo, 5.28, 4.05, -0.25, 4.06, 4.07, 4.11, 4.03, 101924.7, 41490237, 0.33, 1.97, 0.70, 660.90298
2016-05-26, 1, wei_ruo, 5.27, 4.04, -0.25, 4.05, 4.02, 4.06, 3.96, 139949.14, 56090596, 0.45, 2.47, 0.96, 723.35577
2016-05-27, 1, wei_ruo, 5.27, 4.05, 0.25, 4.04, 4.02, 4.07, 4.01, 115324.95, 46669436, 0.37, 1.49, 0.79, 3303.38693
2016-05-30, 1, wei_ruo, 5.26, 4.02, -0.74, 4.05, 4.03, 4.06, 3.99, 99330.59, 39929187, 0.32, 1.73, 0.68, 834.33986
2016-05-31, 1, wei_ruo, 5.25, 4.16, 3.48, 4.02, 4.02, 4.17, 4.01, 319142.43, 131198913, 1.03, 3.98, 2.18, 467.27395
2016-06-01, 1, wei_ruo, 5.25, 4.14, -0.48, 4.16, 4.15, 4.18, 4.13, 214335.45, 88981306, 0.69, 1.20, 1.47, 571.89202
2016-06-02, 1, wei_ruo, 5.25, 4.17, 0.72, 4.14, 4.12, 4.17, 4.11, 176888.52, 73287051, 0.57, 1.45, 1.21, 566.10107
2016-06-03, 1, wei_ruo, 5.23, 4.18, 0.24, 4.17, 4.17, 4.19, 4.14, 188751.44, 78649612, 0.61, 1.20, 1.29, 678.73597
2016-06-06, 1, wei_ruo, 5.23, 4.14, -0.96, 4.18, 4.18, 4.19, 4.12, 170098.62, 70544650, 0.55, 1.67, 1.16, 1146.14105
2016-06-07, 1, wei_ruo, 5.22, 4.13, -0.24, 4.14, 4.13, 4.15, 4.10, 160922.41, 66327272, 0.52, 1.21, 1.10, 2688.73882
2016-06-08, 1, wei_ruo, 5.22, 4.11, -0.48, 4.13, 4.13, 4.14, 4.06, 155722.91, 63753688, 0.50, 1.94, 1.07, 554.76403
2016-06-13, 1, wei_ruo, 5.21, 3.95, -3.89, 4.11, 4.05, 4.06, 3.95, 197377.36, 79188987, 0.63, 2.68, 1.35, 670.85695
2016-06-14, 1, wei_ruo, 5.20, 3.97, 0.51, 3.95, 3.93, 3.97, 3.93, 126613.56, 50035169, 0.41, 1.01, 0.87, 2672.97292
2016-06-15, 1, wei_ruo, 5.17, 4.02, 1.77, 3.95, 3.93, 4.06, 3.91, 165241.51, 66153424, 0.53, 3.80, 1.13, 2730.38101
2016-06-16, 1, wei_ruo, 5.16, 3.98, -1.00, 4.02, 4.02, 4.02, 3.95, 121928, 48574203, 0.39, 1.74, 0.83, 601.825
2016-06-17, 1, wei_ruo, 5.16, 3.99, 0.25, 3.98, 3.99, 4.03, 3.98, 145250.89, 58164956, 0.47, 1.26, 0.99, 1402.10915
2016-06-20, 1, wei_ruo, 5.16, 3.99, 0.25, 3.98, 3.99, 4.03, 3.98, 145250.89, 58164956, 0.47, 1.26, 0.99, 1268.87608
2016-06-21, 1, wei_ruo, 5.15, 3.98, 0.00, 3.98, 3.99, 4.04, 3.96, 151944.08, 60949744, 0.49, 2.01, 1.04, 4678.19309
2016-06-22, 1, wei_ruo, 5.15, 4.02, 1.01, 3.98, 3.98, 4.03, 3.96, 108053.1, 43146559, 0.35, 1.76, 0.74, 3353.04308
2016-06-23, 1, wei_ruo, 5.14, 4.00, -0.50, 4.02, 4.02, 4.02, 3.98, 98706.26, 39478254, 0.32, 1.00, 0.68, 1398.92101
2016-06-24, 1, wei_ruo, 5.13, 3.93, -1.75, 4.00, 4.01, 4.02, 3.87, 190699.41, 75363129, 0.61, 3.75, 1.30, 1602.97298
2016-06-27, 1, wei_ruo, 5.13, 3.98, 1.27, 3.93, 3.91, 3.99, 3.91, 146962.14, 58156109, 0.47, 2.04, 1.01, 1209.03587
2016-06-28, 1, wei_ruo, 5.12, 4.01, 0.75, 3.98, 3.96, 4.01, 3.94, 178769.12, 71067882, 0.57, 1.76, 1.22, 975.09694
2016-06-30, 1, wei_ruo, 5.11, 4.03, 0.00, 4.03, 4.04, 4.06, 4.01, 133779.71, 53986333, 0.43, 1.24, 0.92, 618.24417
2016-07-01, 1, wei_ruo, 5.10, 4.04, 0.25, 4.03, 4.04, 4.10, 4.03, 182252.29, 74081928, 0.59, 1.74, 1.25, 793.17188
2016-07-04, 1, wei_ruo, 5.10, 4.10, 1.49, 4.04, 4.03, 4.11, 4.01, 213312.23, 87055140, 0.69, 2.48, 1.46, 779.96302
2016-07-05, 2, qing_du, 5.09, 4.13, 0.73, 4.10, 4.09, 4.13, 4.08, 227326.32, 93427362, 0.73, 1.22, 1.56, 645.52402
2016-07-06, 2, qing_du, 5.08, 4.15, 0.48, 4.13, 4.11, 4.17, 4.08, 231966.22, 95795161, 0.75, 2.18, 1.59, 5838.12213
2016-07-07, 3, zhong_du, 5.08, 4.13, -0.48, 4.15, 4.13, 4.16, 4.09, 200604.74, 82787337, 0.64, 1.69, 1.37, 925.16804
2016-07-08, 3, zhong_du, 5.07, 4.11, -0.48, 4.13, 4.12, 4.14, 4.10, 137931.65, 56795101, 0.44, 0.97, 0.94, 2070.54996
2016-07-11, 3, zhong_du, 5.07, 4.12, 0.24, 4.11, 4.13, 4.16, 4.11, 190040.08, 78576351, 0.61, 1.22, 1.30, 2897.20201
2016-07-12, 3, zhong_du, 5.06, 4.18, 1.46, 4.12, 4.11, 4.18, 4.09, 254531.02, 105257306, 0.82, 2.18, 1.74, 14747.87498
2016-07-13, 3, zhong_du, 5.05, 4.27, 2.15, 4.18, 4.20, 4.30, 4.17, 438692.46, 186225560, 1.41, 3.11, 3.00, 2783.79107
2016-07-14, 4, gao_du, 5.04, 4.33, 1.41, 4.27, 4.25, 4.35, 4.24, 349916.66, 149960834, 1.12, 2.58, 2.39, 925.13895
2016-07-15, 4, gao_du, 5.03, 4.28, -1.15, 4.33, 4.34, 4.36, 4.26, 256861.5, 110385495, 0.83, 2.31, 1.76, 2782.25112
2016-07-18, 4, gao_du, 5.03, 4.24, -0.93, 4.28, 4.22, 4.27, 4.20, 186155.9, 78907706, 0.60, 1.64, 1.30, 1727.53716
2016-07-19, 4, gao_du, 5.02, 4.32, 1.65, 4.25, 4.24, 4.33, 4.23, 220416.61, 94206910, 0.71, 2.35, 1.51, 840.50202
2016-07-20, 4, gao_du, 5.02, 4.28, -0.93, 4.32, 4.34, 4.36, 4.27, 194025.18, 83362902, 0.62, 2.08, 1.33, 869.58313
2016-07-21, 4, gao_du, 5.01, 4.30, 0.47, 4.28, 4.26, 4.34, 4.25, 201455.07, 86747735, 0.65, 2.10, 1.38, 1400.26379
2016-07-22, 4, gao_du, 5.01, 4.28, -0.47, 4.30, 4.28, 4.30, 4.26, 164951.28, 70588235, 0.53, 0.93, 1.13, 2692.10005
2016-07-25, 4, gao_du, 5.01, 4.33, 1.17, 4.28, 4.27, 4.34, 4.26, 225152.74, 96879273, 0.72, 1.87, 1.54, 4835.02889
2016-07-26, 5, qiang_lie, 5.00, 4.34, 0.23, 4.33, 4.34, 4.35, 4.30, 194625.27, 84156735, 0.63, 1.15, 1.33, 903.74494
2016-07-27, 5, qiang_lie, 4.99, 4.16, -4.15, 4.34, 4.34, 4.38, 4.13, 394727.61, 167618971, 1.27, 5.76, 2.70, 6551.05615
2016-07-28, 4, gao_du, 4.99, 4.18, 0.48, 4.16, 4.16, 4.23, 4.14, 221660.96, 92683956, 0.71, 2.16, 1.52, 18348.7041
2016-07-29, 4, gao_du, 4.98, 4.15, -0.72, 4.18, 4.16, 4.20, 4.12, 134346.75, 55916865, 0.43, 1.91, 0.92, 14603.90592
2016-08-01, 3, zhong_du, 4.98, 4.10, -1.20, 4.15, 4.15, 4.16, 4.05, 150062.56, 61491866, 0.48, 2.65, 1.03, 6537.73594
2016-08-02, 3, zhong_du, 4.98, 4.11, 0.24, 4.10, 4.09, 4.13, 4.08, 83302.26, 34190941, 0.27, 1.22, 0.57, 14546.60892
2016-08-03, 3, zhong_du, 4.97, 4.12, 0.24, 4.11, 4.11, 4.14, 4.09, 82916.71, 34150453, 0.27, 1.22, 0.66, 1537.72593
2016-08-04, 3, zhong_du, 4.97, 4.11, -0.24, 4.12, 4.12, 4.12, 4.08, 78850.12, 32334776, 0.25, 0.97, 0.74, 14408.64897
2016-08-05, 3, zhong_du, 4.97, 4.11, 0.00, 4.11, 4.12, 4.13, 4.10, 72166, 29677248, 0.23, 0.73, 0.74, 838.96899
2016-08-08, 3, zhong_du, 4.97, 4.16, 1.22, 4.11, 4.10, 4.16, 4.07, 120292.65, 49509516, 0.39, 2.19, 1.28, 5014.58907
2016-08-09, 3, zhong_du, 4.96, 4.17, 0.24, 4.16, 4.15, 4.17, 4.14, 116880.79, 48587216, 0.38, 0.72, 1.34, 4639.76002
2016-08-10, 3, zhong_du, 4.96, 4.17, 0.00, 4.17, 4.16, 4.19, 4.16, 131499.11, 54870700, 0.42, 0.72, 1.40, 4293.86902
2016-08-11, 3, zhong_du, 4.96, 4.10, -1.44, 4.16, 4.15, 4.16, 4.10, 128758.96, 53203694, 0.41, 1.44, 1.24, 2442.87491
2016-08-15, 3, zhong_du, 4.94, 4.25, 2.16, 4.16, 4.15, 4.28, 4.15, 351628.78, 148461394, 1.13, 3.13, 2.78, 633.96311
2016-08-16, 4, gao_du, 4.94, 4.26, 0.24, 4.25, 4.25, 4.29, 4.24, 199892.45, 85160967, 0.64, 1.18, 1.16, 1951.48706
2016-08-17, 4, gao_du, 4.93, 4.29, 0.70, 4.26, 4.26, 4.33, 4.23, 245635.64, 105283421, 0.79, 2.35, 1.30, 14423.50888
2016-08-18, 5, qiang_lie, 4.93, 4.29, 0.00, 4.29, 4.30, 4.32, 4.26, 274775.8, 118053571, 0.88, 1.40, 1.30, 14518.78405
2016-08-19, 5, qiang_lie, 4.93, 4.29, 0.00, 4.29, 4.28, 4.31, 4.25, 167858.36, 71821480, 0.54, 1.40, 0.70, 913.81121
2016-08-22, 5, qiang_lie, 4.92, 4.29, 0.00, 4.29, 4.29, 4.36, 4.25, 252536.39, 108498662, 0.81, 2.56, 1.02, 654.85406
2016-08-23, 5, qiang_lie, 4.90, 4.53, 5.59, 4.29, 4.29, 4.71, 4.28, 1211694.71, 547283375, 3.90, 10.02, 5.31, 1921.78607
2016-08-24, 5, qiang_lie, 4.89, 4.40, -2.87, 4.53, 4.50, 4.52, 4.35, 681918.45, 301982552, 2.19, 3.75, 1.58, 2629.2789
2016-08-25, 4, gao_du, 4.88, 4.42, 0.45, 4.40, 4.37, 4.45, 4.26, 579878.18, 251962495, 1.86, 4.32, 1.12, 18069.52596
2016-08-26, 4, gao_du, 4.87, 4.68, 5.88, 4.42, 4.41, 4.82, 4.41, 1343160.13, 623021556, 4.32, 9.28, 2.32, 497.10202
2016-08-29, 4, gao_du, 4.87, 4.78, 2.14, 4.68, 4.65, 4.79, 4.57, 705353.19, 330128049, 2.27, 4.70, 0.87, 748.70896
2016-08-30, 5, qiang_lie, 4.87, 4.65, -2.72, 4.78, 4.73, 4.80, 4.62, 414045.78, 194662918, 1.33, 3.77, 0.46, 2416.28194
2016-08-31, 5, qiang_lie, 4.87, 4.66, 0.22, 4.65, 4.66, 4.70, 4.56, 276134.11, 127380620, 0.89, 3.01, 0.37, 788.306
2016-09-01, 5, qiang_lie, 4.86, 4.59, -1.50, 4.66, 4.65, 4.77, 4.57, 378317.68, 177363974, 1.22, 4.29, 0.57, 696.63191
2016-09-02, 5, qiang_lie, 4.86, 4.59, -1.29, 4.65, 4.66, 4.70, 4.56, 88146.5, 40569019, 0.28, 3.01, 0.68, 4814.83102
2016-09-05, 5, qiang_lie, 4.86, 4.85, 1.46, 4.78, 4.77, 4.93, 4.70, 778026.29, 378217097, 2.50, 4.81, 1.17, 633.74591
2016-09-06, 5, qiang_lie, 4.86, 5.06, 4.33, 4.85, 4.82, 5.08, 4.81, 823319.03, 411061596, 2.65, 5.57, 1.24, 1492.92707
2016-09-07, 5, qiang_lie, 4.86, 4.59, -1.29, 4.65, 4.66, 4.70, 4.56, 88146.5, 40569019, 0.28, 3.01, 0.68, 552.00291
2016-09-08, 5, qiang_lie, 4.86, 4.59, -1.29, 4.65, 4.66, 4.70, 4.56, 88146.5, 40569019, 0.28, 3.01, 0.68, 705.9679
2016-09-09, 5, qiang_lie, 4.86, 4.94, -0.20, 4.95, 4.96, 5.02, 4.89, 339485.71, 167862666, 1.09, 2.63, 0.51, 2889.39786
2016-09-12, 5, qiang_lie, 4.86, 4.69, -5.06, 4.94, 4.83, 4.84, 4.66, 455809.7, 216265590, 1.47, 3.64, 0.69, 676.73802
2016-09-13, 5, qiang_lie, 4.86, 4.73, 0.85, 4.69, 4.71, 4.78, 4.65, 250839.4, 118022693, 0.81, 2.77, 0.38, 928.82204
2016-09-14, 4, gao_du, 4.86, 4.59, -1.29, 4.65, 4.66, 4.70, 4.56, 88146.5, 40569019, 0.28, 3.01, 0.68, 630.49817
2016-09-19, 4, gao_du, 4.86, 4.62, 0.43, 4.60, 4.60, 4.67, 4.59, 180804.3, 83663146, 0.58, 1.74, 0.27, 786.38005
2016-09-20, 3, zhong_du, 4.86, 4.54, -1.52, 4.61, 4.64, 4.64, 4.53, 235237.47, 107389578, 0.76, 2.39, 0.35, 2538.90705
2016-09-21, 3, zhong_du, 4.86, 4.57, 0.66, 4.54, 4.55, 4.58, 4.51, 211542.97, 96234852, 0.68, 1.54, 0.32, 463.70888
2016-09-22, 3, zhong_du, 4.86, 4.59, 0.44, 4.57, 4.59, 4.61, 4.57, 202764.68, 93009794, 0.65, 0.88, 0.31, 533.25105
2016-09-23, 3, zhong_du, 4.86, 4.52, -1.53, 4.59, 4.58, 4.60, 4.51, 157286.3, 71404552, 0.51, 1.96, 0.24, 2581.10213
2016-09-26, 3, zhong_du, 4.86, 4.48, -0.88, 4.52, 4.60, 4.60, 4.47, 275435, 125421882, 0.89, 2.88, 0.41, 686.5859
2016-09-27, 3, zhong_du, 4.86, 4.47, -0.22, 4.48, 4.41, 4.48, 4.41, 209688.56, 93213303, 0.67, 1.56, 0.32, 1079.02408
2016-09-28, 3, zhong_du, 4.86, 4.43, -0.89, 4.47, 4.49, 4.49, 4.41, 217263.49, 96571314, 0.70, 1.79, 0.33, 627.63
2016-09-29, 3, zhong_du, 4.86, 4.46, 0.68, 4.43, 4.44, 4.50, 4.42, 161327.88, 72171209, 0.52, 1.81, 0.24, 3734.69496
2016-09-30, 2, qing_du, 4.86, 4.49, 0.67, 4.46, 4.45, 4.50, 4.43, 125705.47, 56231076, 0.40, 1.57, 0.19, 2673.10119
2016-10-10, 3, zhong_du, 4.86, 4.71, 4.90, 4.49, 4.57, 4.73, 4.53, 362843.16, 168699745, 1.17, 4.45, 0.55, 622.998
2016-10-11, 3, zhong_du, 4.86, 4.66, -1.06, 4.71, 4.74, 4.74, 4.62, 309538.33, 144035546, 1.00, 2.55, 0.47, 908.64301
2016-10-12, 3, zhong_du, 4.86, 4.63, -0.64, 4.66, 4.64, 4.65, 4.59, 227804.71, 105184750, 0.73, 1.29, 0.34, 820.47105
2016-10-13, 3, zhong_du, 4.86, 4.62, -0.22, 4.63, 4.62, 4.64, 4.59, 180975.45, 83440518, 0.58, 1.08, 0.27, 3979.913
2016-10-14, 3, zhong_du, 4.83, 4.58, -0.87, 4.62, 4.61, 4.61, 4.51, 159672.06, 72951124, 0.51, 2.16, 0.24, 2563.10797
2016-10-17, 3, zhong_du, 4.83, 4.56, -0.44, 4.58, 4.58, 4.60, 4.54, 77147.63, 35166343, 0.25, 1.31, 0.23, 3961.38883
2016-10-18, 2, qing_du, 4.83, 4.58, 1.33, 4.52, 4.53, 4.58, 4.50, 306188.06, 138790399, 0.98, 1.77, 0.46, 2432.21784
2016-10-19, 2, qing_du, 4.83, , , , , , , , , , , , 5454.76794
2016-10-20, 2, qing_du, 4.82, 4.57, 0.66, 4.54, 4.54, 4.57, 4.49, 174789.71, 79209390, 0.56, 1.76, 0.46, 2707.97396
2016-10-21, 2, qing_du, 4.82, 4.53, -0.88, 4.57, 4.55, 4.55, 4.50, 128902.72, 58321301, 0.41, 1.09, 0.48, 4423.6958
2016-10-24, 2, qing_du, 4.82, 4.58, 0.88, 4.54, 4.52, 4.59, 4.52, 218952.79, 99874524, 0.70, 1.54, 1.01, 2592.67807
2016-10-25, 2, qing_du, 4.82, 4.59, 0.22, 4.58, 4.58, 4.62, 4.56, 177402.62, 81295611, 0.57, 1.31, 0.82, 4792.11998
2016-10-26, 1, wei_ruo, 4.82, 4.51, -1.74, 4.59, 4.59, 4.59, 4.49, 264688.23, 119716549, 0.85, 2.18, 1.22, 16231.98891
2016-10-27, 1, wei_ruo, 4.82, 4.46, -1.11, 4.51, 4.50, 4.50, 4.45, 177441.68, 79294167, 0.57, 1.11, 0.82, 2668.62202
2016-10-28, 1, wei_ruo, 4.81, 4.43, -0.67, 4.46, 4.46, 4.48, 4.42, 183593.82, 81682577, 0.59, 1.35, 0.85, 4587.60405
2016-10-31, 1, wei_ruo, 4.81, 4.43, 0.00, 4.43, 4.40, 4.45, 4.40, 128550.21, 56872356, 0.41, 1.13, 0.59, 845.93892
2016-11-01, 1, wei_ruo, 4.81, 4.65, 4.97, 4.43, 4.44, 4.86, 4.42, 545350.71, 253221876, 1.75, 9.93, 2.54, 513.43989
2016-11-02, 1, wei_ruo, 4.81, 4.56, -1.94, 4.65, 4.61, 4.69, 4.51, 408495.35, 187580399, 1.31, 3.87, 1.89, 517.89188
2016-11-03, 1, wei_ruo, 4.80, 4.56, 0.22, 4.55, 4.53, 4.62, 4.52, 266364.31, 121811505, 0.86, 2.20, 1.23, 557.14297
2016-11-04, 1, wei_ruo, 4.80, 4.54, -0.44, 4.56, 4.55, 4.61, 4.53, 157270.3, 71818869, 0.51, 1.75, 0.73, 636.54017
2016-11-07, 1, wei_ruo, 4.80, 4.57, 0.44, 4.55, 4.55, 4.59, 4.54, 123450.52, 56371725, 0.40, 1.10, 0.57, 683.19201
2016-11-08, 1, wei_ruo, 4.80, 4.61, 0.88, 4.57, 4.58, 4.64, 4.56, 208765.61, 96153602, 0.67, 1.75, 0.97, 63853.94788
2016-11-09, 1, wei_ruo, 4.80, 4.53, -1.74, 4.61, 4.61, 4.62, 4.50, 197797.69, 89931492, 0.64, 2.60, 0.92, 605.4039
2016-11-10, 1, wei_ruo, 4.80, 4.59, 1.32, 4.53, 4.55, 4.61, 4.55, 204056.69, 93490381, 0.66, 1.32, 0.95, 8605.98803
2016-11-11, 1, wei_ruo, 4.80, 4.62, 0.65, 4.59, 4.59, 4.63, 4.56, 284079.16, 130571386, 0.91, 1.53, 1.31, 799.11804
2016-11-14, 1, wei_ruo, 4.79, 4.65, 0.65, 4.62, 4.62, 4.67, 4.60, 278994.89, 129391938, 0.90, 1.52, 1.29, 463.52005
2016-11-15, 1, wei_ruo, 4.79, 4.59, -1.29, 4.65, 4.65, 4.65, 4.59, 140298.41, 64784152, 0.45, 1.29, 1.30, 764.93096
2016-11-16, 1, wei_ruo, 4.79, 4.59, -1.29, 4.65, 4.65, 4.65, 4.59, 140298.41, 64784152, 0.45, 1.29, 1.30, 459.82409
2016-11-17, 2, qing_du, 4.79, 4.59, -1.29, 4.65, 4.65, 4.65, 4.59, 140298.41, 64784152, 0.45, 1.29, 1.30, 2135.71811
2016-11-18, 2, qing_du, 4.79, 4.59, -1.29, 4.65, 4.65, 4.65, 4.59, 140298.41, 64784152, 0.45, 1.29, 1.30, 795.63618
2016-11-21, 2, qing_du, 4.79, 4.68, 1.08, 4.63, 4.64, 4.72, 4.63, 199653.26, 93479034, 0.64, 1.94, 0.92, 402.09198
2016-11-22, 2, qing_du, 4.79, 4.70, 0.43, 4.68, 4.70, 4.71, 4.64, 332295.2, 155121088, 1.07, 1.50, 1.54, 6755.42307
2016-11-23, 2, qing_du, 4.79, 4.64, -1.28, 4.70, 4.68, 4.71, 4.61, 269708.84, 125614225, 0.87, 2.13, 1.25, 488.22713
2016-11-24, 2, qing_du, 4.78, 4.58, -1.29, 4.64, 4.62, 4.64, 4.56, 246428, 113487628, 0.79, 1.72, 1.14, 495.60118
2016-11-25, 2, qing_du, 4.78, 4.56, -0.22, 4.57, 4.57, 4.59, 4.50, 228345.25, 103698185, 0.73, 1.97, 1.06, 606.91786
2016-11-28, 1, wei_ruo, 4.78, 4.57, 0.22, 4.56, 4.57, 4.60, 4.55, 192199.03, 87864476, 0.62, 1.10, 0.89, 509.72891
2016-11-29, 1, wei_ruo, 4.78, 4.53, -0.88, 4.57, 4.57, 4.58, 4.52, 221014.97, 100480540, 0.71, 1.31, 1.02, 394.07015
2016-11-30, 1, wei_ruo, 4.78, 4.51, -0.44, 4.53, 4.53, 4.56, 4.50, 167574.88, 75820029, 0.54, 1.32, 0.78, 477.51307
2016-12-01, 1, wei_ruo, 4.78, 4.56, 0.88, 4.52, 4.52, 4.56, 4.51, 157928.84, 71729378, 0.51, 1.11, 0.73, 438.86995
2016-12-02, 1, wei_ruo, 4.77, 4.45, -2.41, 4.56, 4.56, 4.58, 4.44, 255126.06, 114607170, 0.82, 3.07, 1.18, 2582.17597
2016-12-05, 1, wei_ruo, 4.77, 4.42, -0.67, 4.45, 4.43, 4.46, 4.40, 163367.65, 72329145, 0.53, 1.35, 0.76, 956.05206
2016-12-06, 1, wei_ruo, 4.77, 4.42, 0.00, 4.42, 4.43, 4.46, 4.42, 121613.83, 53932166, 0.39, 0.90, 0.56, 742.32411
2016-12-07, 1, wei_ruo, 4.77, 4.46, 0.90, 4.42, 4.41, 4.46, 4.41, 151979.59, 67388522, 0.49, 1.13, 0.70, 583.66799
2016-12-08, 1, wei_ruo, 4.77, 4.41, -1.12, 4.46, 4.45, 4.46, 4.41, 127667.37, 56656799, 0.41, 1.12, 0.59, 522.33696
2016-12-09, 1, wei_ruo, 4.77, 4.46, 1.13, 4.41, 4.44, 4.46, 4.42, 141945.61, 63049346, 0.46, 0.91, 0.66, 610.33416
2016-12-12, 1, wei_ruo, 4.76, 4.18, -6.28, 4.46, 4.46, 4.46, 4.18, 327634.94, 140597728, 1.05, 6.28, 1.52, 537.67896
2016-12-13, 1, wei_ruo, 4.76, 4.21, 0.72, 4.18, 4.18, 4.25, 4.15, 130153.1, 54642295, 0.42, 2.39, 0.60, 812.42299
2016-12-14, 1, wei_ruo, 4.76, 4.15, -1.43, 4.21, 4.20, 4.21, 4.15, 161150.91, 67272129, 0.52, 1.43, 0.75, 497.41197
2016-12-15, 1, wei_ruo, 4.75, 4.16, 0.24, 4.15, 4.15, 4.20, 4.10, 181048.83, 75227288, 0.58, 2.41, 0.84, 588.81807
2016-12-16, 1, wei_ruo, 4.75, 4.19, 0.72, 4.16, 4.16, 4.22, 4.15, 127868.85, 53557054, 0.41, 1.68, 0.59, 556.74195
2016-12-19, 1, wei_ruo, 4.75, 4.21, 0.48, 4.19, 4.20, 4.22, 4.17, 115638.65, 48555564, 0.37, 1.19, 0.53, 832.78584
2016-12-20, 1, wei_ruo, 4.75, 4.19, -0.48, 4.21, 4.20, 4.21, 4.16, 112907.51, 47188153, 0.36, 1.19, 0.52, 933.55107
2016-12-21, 1, wei_ruo, 4.74, 4.24, 1.19, 4.19, 4.19, 4.26, 4.18, 174417.25, 73825566, 0.56, 1.91, 0.81, 498.142
2016-12-22, 1, wei_ruo, 4.74, 4.24, 0.00, 4.24, 4.25, 4.25, 4.21, 96927.09, 40991570, 0.31, 0.94, 0.45, 765.80095
2016-12-23, 1, wei_ruo, 4.74, 4.18, -1.42, 4.24, 4.24, 4.25, 4.17, 104298.32, 43897392, 0.34, 1.89, 0.48, 439.68892
2016-12-26, 1, wei_ruo, 4.74, 4.20, 0.48, 4.18, 4.17, 4.20, 4.13, 127735.16, 53167473, 0.41, 1.67, 0.59, 602.84901
2016-12-27, 1, wei_ruo, 4.74, 4.20, 0.00, 4.20, 4.19, 4.21, 4.17, 90552.87, 37951639, 0.29, 0.95, 0.42, 484.63702
2016-12-28, 1, wei_ruo, 4.74, 4.16, -0.95, 4.20, 4.19, 4.20, 4.16, 69603.35, 29069818, 0.22, 0.95, 0.32, 553.82705
2016-12-30, 1, wei_ruo, 4.73, 4.19, 0.96, 4.15, 4.15, 4.20, 4.14, 136160.66, 56713891, 0.44, 1.45, 0.63, 620.34678
2017-01-04, 1, wei_ruo, 4.73, 4.24, 0.71, 4.21, 4.21, 4.24, 4.18, 140415.67, 59228544, 0.45, 1.43, 0.65, 541.89587
2017-01-05, 1, wei_ruo, 4.72, 4.22, -0.47, 4.24, 4.24, 4.26, 4.21, 142717.89, 60529262, 0.46, 1.18, 0.66, 541.07118
2017-01-06, 1, wei_ruo, 4.72, 4.24, 0.47, 4.22, 4.23, 4.26, 4.21, 115360.47, 48866704, 0.37, 1.18, 0.53, 789.7172
2017-01-09, 1, wei_ruo, 4.72, 4.27, 0.71, 4.24, 4.23, 4.28, 4.23, 143034.58, 60903323, 0.46, 1.18, 0.66, 608.90913
2017-01-10, 1, wei_ruo, 4.72, 4.24, -0.70, 4.27, 4.27, 4.28, 4.24, 96098.89, 40894032, 0.31, 0.94, 0.44, 501.73807
2017-01-11, 1, wei_ruo, 4.72, 4.20, -0.94, 4.24, 4.24, 4.26, 4.20, 114986.16, 48593637, 0.37, 1.42, 0.53, 2572.82209
2017-01-13, 1, wei_ruo, 4.71, 4.18, -0.24, 4.19, 4.19, 4.20, 4.15, 167598.63, 70017384, 0.54, 1.19, 0.78, 495.7552
2017-01-16, 1, wei_ruo, 4.71, 4.05, -3.11, 4.18, 4.17, 4.18, 3.96, 226988.68, 92446475, 0.73, 5.26, 1.05, 555.06897
2017-01-17, 1, wei_ruo, 4.71, 4.08, 0.74, 4.05, 4.04, 4.10, 4.01, 109342.38, 44342283, 0.35, 2.22, 0.51, 638.44705
2017-01-18, 1, wei_ruo, 4.70, 4.07, -0.25, 4.08, 4.08, 4.08, 4.05, 71504.92, 29073072, 0.23, 0.74, 0.33, 4784.71589
2017-02-07, 1, wei_ruo, 4.69, 4.08, -0.73, 4.11, 4.10, 4.11, 4.08, 50097.98, 20482723, 0.16, 0.73, 0.52, 2792.58704
2017-02-08, 1, wei_ruo, 4.68, 4.14, 0.73, 4.11, 4.10, 4.14, 4.08, 154398.46, 63446952, 0.50, 1.46, 0.71, 124631.70815
2017-02-09, 1, wei_ruo, 4.68, 4.14, 0.00, 4.14, 4.13, 4.17, 4.12, 113773.96, 47223925, 0.37, 1.21, 0.68, 616.92715
2017-02-10, 1, wei_ruo, 4.68, 4.19, 0.48, 4.17, 4.17, 4.21, 4.14, 221576.48, 92598335, 0.71, 1.68, 1.03, 2608.76489
2017-02-13, 2, qing_du, 4.68, 4.21, 0.48, 4.19, 4.19, 4.25, 4.18, 165252.91, 69743187, 0.53, 1.67, 0.76, 4700.69194
2017-02-14, 2, qing_du, 4.67, 4.19, -0.48, 4.21, 4.22, 4.23, 4.17, 134760.76, 56512395, 0.43, 1.43, 0.62, 666.65006
2017-02-15, 2, qing_du, 4.67, 4.19, 0.00, 4.19, 4.19, 4.23, 4.18, 161302.07, 67886549, 0.52, 1.19, 0.75, 4763.04889
2017-02-16, 3, zhong_du, 4.67, 4.25, 1.43, 4.19, 4.19, 4.25, 4.17, 214576.35, 90502553, 0.69, 1.91, 0.99, 821.48504
2017-02-17, 3, zhong_du, 4.66, 4.19, -1.41, 4.25, 4.26, 4.26, 4.18, 207316.2, 87321867, 0.67, 1.88, 0.96, 2520.2179
2017-02-20, 3, zhong_du, 4.66, 4.19, -1.41, 4.25, 4.26, 4.26, 4.18, 207316.2, 87321867, 0.67, 1.88, 0.96, 596.40598
2017-02-21, 3, zhong_du, 4.66, 4.19, -1.41, 4.25, 4.26, 4.26, 4.18, 207316.2, 87321867, 0.67, 1.88, 0.96, 738.92999
2017-02-22, 3, zhong_du, 4.66, 4.28, 0.47, 4.26, 4.25, 4.32, 4.24, 201967.27, 86507643, 0.65, 1.88, 0.93, 605074.7261
2017-02-23, 4, gao_du, 4.66, 4.26, -0.47, 4.28, 4.28, 4.28, 4.22, 158612.87, 67375378, 0.51, 1.40, 0.73, 4764.41193
2017-02-24, 4, gao_du, 4.65, 4.27, 0.23, 4.26, 4.25, 4.27, 4.24, 93241.1, 39654327, 0.30, 0.70, 0.43, 1115.67497
2017-02-27, 4, gao_du, 4.65, 4.25, -0.23, 4.26, 4.25, 4.26, 4.24, 15690.04, 6666540, 0.05, 0.47, 0.40, 2475.59905
2017-02-28, 4, gao_du, 4.65, 4.25, 0.47, 4.23, 4.22, 4.26, 4.22, 96187.34, 40801900, 0.31, 0.95, 0.44, 64147.03298
2017-03-01, 4, gao_du, 4.65, 4.25, 0.00, 4.25, 4.26, 4.29, 4.24, 121731.26, 51886487, 0.39, 1.18, 0.56, 798.36917
2017-03-02, 4, gao_du, 4.65, 4.24, -0.24, 4.25, 4.26, 4.27, 4.22, 116085.93, 49276139, 0.37, 1.18, 0.54, 593.60909
2017-03-03, 4, gao_du, 4.65, 4.21, -0.71, 4.24, 4.23, 4.23, 4.20, 109019.58, 45903255, 0.35, 0.71, 0.50, 4998.1761
2017-03-06, 4, gao_du, 4.65, 4.25, 0.95, 4.21, 4.21, 4.25, 4.20, 136529.37, 57702616, 0.44, 1.19, 0.63, 2575.66786
2017-03-07, 4, gao_du, 4.64, 4.25, -0.23, 4.26, 4.26, 4.27, 4.23, 49481.64, 21008087, 0.16, 0.94, 0.46, 852.50998
2017-03-08, 4, gao_du, 4.64, 4.25, -0.23, 4.26, 4.26, 4.27, 4.22, 119924.71, 50873368, 0.39, 1.17, 0.55, 773.78583
2017-03-09, 4, gao_du, 4.64, 4.19, -1.41, 4.25, 4.24, 4.25, 4.18, 160358.25, 67420685, 0.52, 1.65, 0.74, 821.33889
2017-03-10, 4, gao_du, 4.64, 4.17, -0.48, 4.19, 4.19, 4.21, 4.17, 96487.4, 40360405, 0.31, 0.95, 0.45, 689.09502
2017-03-13, 4, gao_du, 4.64, 4.20, 0.72, 4.17, 4.17, 4.20, 4.15, 108275.41, 45284378, 0.35, 1.20, 0.50, 697.07298
2017-03-14, 3, zhong_du, 4.64, 4.19, -0.24, 4.20, 4.19, 4.20, 4.17, 74115.01, 31025226, 0.24, 0.71, 0.34, 2610.01611
2017-03-15, 3, zhong_du, 4.63, 4.17, -0.48, 4.19, 4.18, 4.19, 4.16, 107442.27, 44777106, 0.35, 0.72, 0.50, 2565.27209
2017-03-16, 3, zhong_du, 4.63, 4.21, 0.96, 4.17, 4.17, 4.21, 4.17, 163153.71, 68491877, 0.52, 0.96, 0.75, 3487.38003
2017-03-17, 3, zhong_du, 4.63, 4.16, -1.19, 4.21, 4.21, 4.22, 4.15, 155216.61, 64992637, 0.50, 1.66, 0.72, 648.10801
2017-03-20, 3, zhong_du, 4.63, 4.17, 0.24, 4.16, 4.15, 4.18, 4.13, 124432.45, 51764195, 0.40, 1.20, 0.58, 625.51212
2017-03-21, 3, zhong_du, 4.63, 4.15, -0.48, 4.17, 4.16, 4.17, 4.13, 127490.14, 52863878, 0.41, 0.96, 0.59, 649.13011
2017-03-22, 2, qing_du, 4.62, 4.09, -1.45, 4.15, 4.13, 4.14, 4.05, 185308.52, 75856020, 0.60, 2.17, 0.86, 587.72993
2017-03-23, 2, qing_du, 4.62, 4.07, -0.49, 4.09, 4.08, 4.11, 4.05, 132975.49, 54273839, 0.43, 1.47, 0.62, 590.99913
2017-03-24, 1, wei_ruo, 4.62, 4.10, 0.74, 4.07, 4.07, 4.10, 4.06, 114563.52, 46713699, 0.37, 0.98, 0.53, 637.76183
2017-03-27, 1, wei_ruo, 4.62, 4.09, -0.24, 4.10, 4.09, 4.12, 4.07, 132553.08, 54277384, 0.43, 1.22, 0.61, 638.95392
2017-03-28, 1, wei_ruo, 4.61, 4.08, -0.24, 4.09, 4.08, 4.09, 4.06, 89848.08, 36616854, 0.29, 0.73, 0.42, 677.25205
2017-03-29, 1, wei_ruo, 4.61, 4.07, -0.25, 4.08, 4.08, 4.09, 4.04, 138224.32, 56177327, 0.44, 1.23, 0.64, 606.30202
2017-03-30, 1, wei_ruo, 4.61, 4.05, -0.49, 4.07, 4.08, 4.09, 4.02, 158750.19, 64427820, 0.51, 1.72, 0.73, 627.3911
2017-03-31, 1, wei_ruo, 4.61, 4.06, 0.25, 4.05, 4.05, 4.07, 4.03, 119035.4, 48216883, 0.38, 0.99, 0.55, 596.71712
2017-04-05, 1, wei_ruo, 4.60, 4.13, 1.72, 4.06, 4.06, 4.13, 4.05, 176780.34, 72502133, 0.57, 1.97, 0.82, 628.02291
2017-04-06, 1, wei_ruo, 4.60, 4.12, -0.24, 4.13, 4.12, 4.13, 4.10, 130063.25, 53499798, 0.42, 0.73, 0.60, 661113.53397
2017-04-07, 1, wei_ruo, 4.60, 4.12, 0.00, 4.12, 4.12, 4.14, 4.10, 111038.65, 45794341, 0.36, 0.97, 0.51, 689.67891
2017-04-10, 1, wei_ruo, 4.60, 4.09, -0.73, 4.12, 4.13, 4.13, 4.08, 105638.63, 43359598, 0.34, 1.21, 0.49, 639.41002
2017-04-11, 1, wei_ruo, 4.60, 4.13, 0.98, 4.09, 4.10, 4.13, 4.06, 156357.88, 63945164, 0.50, 1.71, 0.72, 588.45091
2017-04-12, 1, wei_ruo, 4.59, 4.10, -0.73, 4.13, 4.12, 4.12, 4.09, 131334.83, 53922391, 0.42, 0.73, 0.61, 706.77209
2017-04-13, 1, wei_ruo, 4.59, 4.16, 1.46, 4.10, 4.09, 4.30, 4.08, 456709.62, 190658205, 1.47, 5.37, 2.11, 657.27782
2017-04-14, 1, wei_ruo, 4.58, 4.10, -1.44, 4.16, 4.14, 4.15, 4.09, 258062.43, 106098245, 0.83, 1.44, 1.19, 667.31501
2017-04-17, 1, wei_ruo, 4.58, 4.08, -0.49, 4.10, 4.09, 4.12, 4.05, 161978.3, 66073131, 0.52, 1.71, 0.75, 657.89008
2017-04-18, 1, wei_ruo, 4.58, 4.04, -0.98, 4.08, 4.08, 4.10, 4.04, 122292, 49734450, 0.39, 1.47, 0.57, 675.04215
2017-04-19, 1, wei_ruo, 4.58, 3.97, -1.73, 4.04, 4.03, 4.05, 3.92, 209767.45, 83386894, 0.67, 3.22, 0.97, 507.68018
2017-04-20, 1, wei_ruo, 4.57, 3.96, -0.25, 3.97, 3.97, 3.99, 3.94, 115533.47, 45793021, 0.37, 1.26, 0.53, 1146.13295
2017-04-21, 1, wei_ruo, 4.57, 3.97, 0.25, 3.96, 3.98, 3.98, 3.95, 75402.31, 29910244, 0.24, 0.76, 0.35, 690.92798
2017-04-24, 1, wei_ruo, 4.57, 3.85, -3.02, 3.97, 3.97, 3.97, 3.85, 149457.03, 58117023, 0.48, 3.02, 0.69, 350.37208
2017-04-25, 1, wei_ruo, 4.57, 3.86, 0.26, 3.85, 3.85, 3.88, 3.85, 75623.87, 29230090, 0.24, 0.78, 0.35, 892.72618
2017-04-26, 1, wei_ruo, 4.56, 3.85, -0.26, 3.86, 3.86, 3.88, 3.83, 82323.14, 31752753, 0.26, 1.30, 0.38, 1066.37812
2017-04-27, 1, wei_ruo, 4.56, 3.82, -0.78, 3.85, 3.84, 3.85, 3.72, 155305.81, 58847606, 0.50, 3.38, 0.72, 687.61516
2017-04-28, 1, wei_ruo, 4.56, 3.81, -0.26, 3.82, 3.80, 3.81, 3.77, 80649.1, 30557211, 0.26, 1.05, 0.37, 716.97783
2017-05-02, 1, wei_ruo, 4.56, 3.81, 0.00, 3.81, 3.81, 3.81, 3.79, 70688.87, 26859780, 0.23, 0.52, 0.33, 1100.20781
2017-05-03, 1, wei_ruo, 4.56, 3.78, -0.79, 3.81, 3.80, 3.81, 3.77, 83430.12, 31601445, 0.27, 1.05, 0.39, 694.24391
2017-05-04, 1, wei_ruo, 4.55, 3.76, -0.53, 3.78, 3.79, 3.81, 3.75, 107876.85, 40802533, 0.35, 1.59, 0.50, 670.85314
2017-05-05, 1, wei_ruo, 4.55, 3.72, -1.06, 3.76, 3.76, 3.76, 3.71, 101185.24, 37841502, 0.33, 1.33, 0.47, 670.03798
2017-05-11, 1, wei_ruo, 4.53, 3.55, -2.20, 3.63, 3.61, 3.63, 3.41, 224580.09, 79517703, 0.72, 6.06, 1.04, 585.76512
2017-05-12, 1, wei_ruo, 4.53, 3.52, -0.85, 3.55, 3.52, 3.55, 3.49, 95995.56, 33810855, 0.31, 1.69, 0.44, 655.66993
2017-05-15, 1, wei_ruo, 4.53, 3.54, 0.57, 3.52, 3.52, 3.55, 3.52, 48547.37, 17177993, 0.16, 0.85, 0.22, 648.73195
2017-05-17, 1, wei_ruo, 4.52, 3.59, 0.00, 3.59, 3.60, 3.62, 3.58, 73863.28, 26579010, 0.24, 1.11, 0.34, 3917.75012
2017-05-18, 1, wei_ruo, 4.52, 3.55, -1.11, 3.59, 3.56, 3.59, 3.53, 64626.98, 22995000, 0.21, 1.67, 0.30, 788.24615
2017-05-19, 1, wei_ruo, 4.52, 3.57, 0.56, 3.55, 3.54, 3.59, 3.54, 68178.15, 24300474, 0.22, 1.41, 0.32, 653.34988
2017-05-22, 1, wei_ruo, 4.52, 3.51, -1.68, 3.57, 3.56, 3.58, 3.48, 97425.81, 34406295, 0.31, 2.80, 0.45, 655.77888
2017-05-23, 1, wei_ruo, 4.51, 3.45, -1.71, 3.51, 3.50, 3.51, 3.44, 103209.4, 35873103, 0.33, 1.99, 0.48, 922.49203
2017-05-24, 1, wei_ruo, 4.51, 3.43, -0.58, 3.45, 3.44, 3.45, 3.36, 151668.27, 51506958, 0.49, 2.61, 0.70, 687.28709
2017-05-25, 1, wei_ruo, 4.50, 3.46, 0.87, 3.43, 3.42, 3.46, 3.37, 160123.5, 54747852, 0.51, 2.62, 0.74, 671.25201
2017-05-26, 1, wei_ruo, 4.50, 3.44, -0.58, 3.46, 3.44, 3.47, 3.42, 96896.62, 33395703, 0.31, 1.45, 0.45, 758.15701
2017-05-31, 1, wei_ruo, 4.50, 3.44, 0.00, 3.44, 3.46, 3.49, 3.44, 100576.94, 34856310, 0.32, 1.45, 0.47, 696.39897
2017-06-01, 1, wei_ruo, 4.49, 3.38, -1.74, 3.44, 3.44, 3.44, 3.37, 110639.19, 37768722, 0.36, 2.03, 0.51, 642.5581
2017-06-02, 1, wei_ruo, 4.49, 3.42, 1.18, 3.38, 3.38, 3.43, 3.34, 97531.43, 32993351, 0.31, 2.66, 0.45, 1296.89193
2017-06-05, 1, wei_ruo, 4.49, 3.45, 0.88, 3.42, 3.43, 3.46, 3.42, 78635.79, 27091687, 0.25, 1.17, 0.36, 2541.51607
2017-06-06, 1, wei_ruo, 4.48, 3.47, 0.58, 3.45, 3.46, 3.47, 3.42, 69344.83, 23887086, 0.22, 1.45, 0.32, 15839.24699
2017-06-07, 1, wei_ruo, 4.48, 3.52, 1.44, 3.47, 3.46, 3.52, 3.45, 238475.76, 83256763, 0.77, 2.02, 1.10, 610.61692
2017-06-08, 1, wei_ruo, 4.47, 3.51, -0.28, 3.52, 3.50, 3.52, 3.49, 110773.48, 38827309, 0.36, 0.85, 0.51, 658.29682
2017-06-09, 1, wei_ruo, 4.47, 3.49, -0.57, 3.51, 3.50, 3.51, 3.45, 173544.79, 60273895, 0.56, 1.71, 0.80, 809.11589
2017-06-12, 1, wei_ruo, 4.46, 3.40, -2.58, 3.49, 3.47, 3.48, 3.39, 166550.35, 57031136, 0.54, 2.58, 0.77, 1430.7909
2017-06-13, 1, wei_ruo, 4.46, 3.43, 0.88, 3.40, 3.39, 3.44, 3.38, 183383.18, 62651746, 0.59, 1.76, 0.85, 735.62789
2017-06-14, 1, wei_ruo, 4.45, 3.41, -0.58, 3.43, 3.43, 3.43, 3.40, 131315.35, 44790137, 0.42, 0.87, 0.61, 592.33689
2017-06-15, 1, wei_ruo, 4.44, 3.46, 1.47, 3.41, 3.42, 3.47, 3.40, 244718.03, 84278859, 0.79, 2.05, 1.13, 684.22794
2017-06-16, 1, wei_ruo, 4.44, 3.43, -0.87, 3.46, 3.46, 3.47, 3.43, 131267.79, 45195744, 0.42, 1.16, 0.61, 649.50085
2017-06-19, 1, wei_ruo, 4.43, 3.48, 1.46, 3.43, 3.43, 3.48, 3.43, 155773.73, 53925365, 0.50, 1.46, 0.72, 747.52498
2017-06-20, 1, wei_ruo, 4.43, 3.47, -0.29, 3.48, 3.48, 3.51, 3.46, 140070.96, 48746859, 0.45, 1.44, 0.65, 642.99989
2017-06-21, 1, wei_ruo, 4.43, 3.48, 0.29, 3.47, 3.48, 3.49, 3.45, 127756.4, 44344241, 0.41, 1.15, 0.59, 865.60392
2017-06-22, 1, wei_ruo, 4.42, 3.44, -1.15, 3.48, 3.47, 3.49, 3.44, 150496.45, 52221740, 0.48, 1.44, 0.70, 687.24799
2017-06-23, 1, wei_ruo, 4.42, 3.42, -0.58, 3.44, 3.44, 3.45, 3.39, 173733.04, 59354022, 0.56, 1.74, 0.80, 713.341
2017-06-26, 1, wei_ruo, 4.41, 3.46, 1.17, 3.42, 3.41, 3.46, 3.40, 227458.59, 78000691, 0.73, 1.75, 1.05, 3689.85915
2017-06-27, 1, wei_ruo, 4.40, 3.45, -0.29, 3.46, 3.45, 3.45, 3.42, 187498.03, 64481528, 0.60, 0.87, 0.87, 359.74598
2017-06-28, 1, wei_ruo, 4.40, 3.41, -1.16, 3.45, 3.44, 3.44, 3.40, 115938, 39648496, 0.37, 1.16, 0.54, 742.34295
2017-06-29, 1, wei_ruo, 4.40, 3.43, 0.59, 3.41, 3.41, 3.44, 3.41, 104939.78, 35979682, 0.34, 0.88, 0.49, 1210.89387
2017-06-30, 1, wei_ruo, 4.39, 3.46, 0.87, 3.43, 3.43, 3.46, 3.42, 131908.03, 45359020, 0.42, 1.17, 0.61, 567.487
2017-07-03, 1, wei_ruo, 4.39, 3.47, 0.29, 3.46, 3.45, 3.47, 3.43, 173992.86, 60076120, 0.56, 1.16, 0.80, 646.82889
2017-07-04, 1, wei_ruo, 4.38, 3.45, -0.58, 3.47, 3.46, 3.47, 3.44, 116716.01, 40269464, 0.38, 0.86, 0.54, 611.39703
2017-07-05, 1, wei_ruo, 4.38, 3.47, 0.58, 3.45, 3.44, 3.49, 3.44, 183392.63, 63507818, 0.59, 1.45, 0.85, 766.28685
2017-07-06, 1, wei_ruo, 4.37, 3.47, 0.00, 3.47, 3.47, 3.49, 3.44, 165160, 57305766, 0.53, 1.44, 0.76, 685.58502
2017-07-07, 1, wei_ruo, 4.37, 3.48, 0.29, 3.47, 3.47, 3.49, 3.45, 113517.01, 39352200, 0.36, 1.15, 0.53, 606.82106
2017-07-10, 1, wei_ruo, 4.36, 3.51, 0.86, 3.48, 3.48, 3.51, 3.47, 221334.8, 77321674, 0.71, 1.15, 1.02, 665.58003
2017-07-11, 1, wei_ruo, 4.36, 3.46, -1.42, 3.51, 3.50, 3.51, 3.46, 153695, 53559400, 0.49, 1.42, 0.71, 768.51988
2017-07-12, 1, wei_ruo, 4.35, 3.44, -0.58, 3.46, 3.46, 3.48, 3.41, 146193.6, 50299155, 0.47, 2.02, 0.68, 666.02707
2017-07-13, 1, wei_ruo, 4.33, 3.44, 0.58, 3.42, 3.42, 3.45, 3.42, 114328.24, 39228507, 0.37, 0.88, 0.53, 653.72896
2017-07-14, 1, wei_ruo, --, 3.43, -0.29, 3.44, 3.44, 3.45, 3.42, 101778.91, 34887771, 0.33, 0.87, 0.47, 660.23612
2017-07-17, 1, wei_ruo, --, 3.25, -5.25, 3.43, 3.43, 3.43, 3.24, 281715.31, 93035237, 0.91, 5.54, 1.30, 1071.86007
2017-07-18, 1, wei_ruo, 4.31, 3.27, 0.62, 3.25, 3.25, 3.28, 3.22, 146290.48, 47516358, 0.47, 1.85, 0.68, 3595.31808
2017-07-19, 1, wei_ruo, --, 3.31, 1.22, 3.27, 3.26, 3.32, 3.24, 137977.89, 45331272, 0.44, 2.45, 0.64, 4871.32692
2017-07-20, 1, wei_ruo, --, 3.31, 0.00, 3.31, 3.31, 3.34, 3.30, 113608.47, 37724672, 0.37, 1.21, 0.53, 829.78511
2017-07-21, 1, wei_ruo, --, 3.33, 0.60, 3.31, 3.31, 3.34, 3.31, 118620.75, 39445347, 0.38, 0.91, 0.55, 535.05588
2017-07-24, 1, wei_ruo, 4.29, 3.35, 0.60, 3.33, 3.33, 3.36, 3.31, 154621.18, 51587406, 0.50, 1.50, 0.72, 17603.28603
2017-07-25, 1, wei_ruo, --, 3.35, 0.00, 3.35, 3.35, 3.36, 3.31, 121940.71, 40678699, 0.39, 1.49, 0.56, 830.68705
2017-07-26, 1, wei_ruo, --, 3.33, -0.60, 3.35, 3.34, 3.34, 3.31, 108560.54, 36068717, 0.35, 0.90, 0.50, 1789.61182
2017-07-27, 1, wei_ruo, 4.28, 3.39, 1.80, 3.33, 3.32, 3.40, 3.31, 205681.24, 69234046, 0.66, 2.70, 0.95, 688.40599
2017-07-28, 1, wei_ruo, 4.27, 3.39, 0.00, 3.39, 3.38, 3.41, 3.37, 129198.63, 43845902, 0.42, 1.18, 0.60, 701.55907
2017-07-31, 2, qing_du, 4.27, 3.42, 0.88, 3.39, 3.39, 3.42, 3.37, 144112.6, 49098412, 0.46, 1.47, 0.67, 860.01396
2017-08-01, 2, qing_du, 4.27, 3.42, 0.00, 3.42, 3.40, 3.43, 3.39, 136764.97, 46621018, 0.44, 1.17, 0.63, 711.21383
2017-08-02, 3, zhong_du, 4.26, 3.40, -0.58, 3.42, 3.41, 3.43, 3.39, 126835.85, 43172468, 0.41, 1.17, 0.59, 551.62501
2017-08-03, 3, zhong_du, 4.25, 3.50, 2.94, 3.40, 3.40, 3.51, 3.38, 480381.18, 166695238, 1.54, 3.82, 2.22, 624.41206
2017-08-04, 3, zhong_du, 4.25, 3.45, -1.43, 3.50, 3.48, 3.53, 3.45, 219055, 76267747, 0.70, 2.29, 1.01, 788.64598
2017-08-07, 4, gao_du, 4.24, 3.47, 0.58, 3.45, 3.46, 3.48, 3.45, 110420.48, 38329956, 0.35, 0.87, 0.51, 761.48009
2017-08-08, 4, gao_du, 4.24, 3.50, 0.86, 3.47, 3.47, 3.51, 3.47, 158570.89, 55432291, 0.51, 1.15, 0.73, 1167.73987
2017-08-09, 4, gao_du, 4.24, 3.52, 0.57, 3.50, 3.49, 3.55, 3.49, 159250.14, 56145251, 0.51, 1.71, 0.74, 659.21211
2017-08-10, 4, gao_du, 4.23, 3.47, -1.42, 3.52, 3.52, 3.53, 3.44, 148539.22, 51751749, 0.48, 2.56, 0.69, 2699.57185
2017-08-11, 4, gao_du, 4.23, 3.38, -2.59, 3.47, 3.46, 3.46, 3.38, 130653, 44723499, 0.42, 2.31, 0.60, 592.74888
2017-08-14, 4, gao_du, 4.23, 3.44, 1.78, 3.38, 3.38, 3.45, 3.37, 72051.73, 24706569, 0.23, 2.37, 0.33, 848.33598
2017-08-15, 3, zhong_du, 4.22, 3.47, 0.87, 3.44, 3.45, 3.48, 3.44, 100259.01, 34701471, 0.32, 1.16, 0.46, 856.87685
2017-08-16, 3, zhong_du, 4.22, 3.51, 1.15, 3.47, 3.47, 3.53, 3.46, 173773.87, 60862682, 0.56, 2.02, 0.80, 1849.8919
2017-08-17, 4, gao_du, 4.22, 3.51, 0.00, 3.51, 3.51, 3.52, 3.48, 93972.61, 32858150, 0.30, 1.14, 0.43, 5785.54916
2017-08-18, 5, qiang_lie, 4.22, 3.50, -0.28, 3.51, 3.49, 3.51, 3.48, 99105.25, 34630875, 0.32, 0.85, 0.46, 823.34399
2017-08-21, 5, qiang_lie, 4.21, 3.50, 0.00, 3.50, 3.50, 3.52, 3.49, 105767, 37078884, 0.34, 0.86, 0.49, 867.48385
2017-08-22, 5, qiang_lie, 4.21, 3.47, -0.86, 3.50, 3.50, 3.51, 3.46, 150957.45, 52388565, 0.49, 1.43, 0.70, 739.80188
2017-08-23, 5, qiang_lie, 4.21, 3.45, -0.58, 3.47, 3.47, 3.48, 3.44, 95183.38, 32825390, 0.31, 1.15, 0.44, 855.90816
2017-08-24, 4, gao_du, 4.20, 3.41, -1.16, 3.45, 3.44, 3.46, 3.40, 101610.35, 34842089, 0.33, 1.74, 0.47, 627.07901
2017-08-25, 4, gao_du, 4.20, 3.46, 1.47, 3.41, 3.41, 3.46, 3.40, 94596.62, 32557144, 0.30, 1.76, 0.44, 765.56301
2017-08-28, 4, gao_du, 4.20, 3.50, 1.16, 3.46, 3.47, 3.52, 3.44, 168103.96, 58651110, 0.54, 2.31, 0.78, 723.94705
2017-08-29, 4, gao_du, 4.20, 3.48, -0.57, 3.50, 3.50, 3.52, 3.47, 99647.36, 34840720, 0.32, 1.43, 0.46, 618.63995
2017-08-30, 5, qiang_lie, 4.19, 3.49, 0.29, 3.48, 3.48, 3.53, 3.47, 138360.8, 48470341, 0.44, 1.72, 0.64, 715.32607
2017-08-31, 5, qiang_lie, 4.19, 3.49, 0.00, 3.49, 3.49, 3.50, 3.48, 45023, 15692892, 0.14, 0.57, 0.42, 1258.67891
2017-09-01, 5, qiang_lie, 4.19, 3.54, 0.57, 3.52, 3.52, 3.57, 3.49, 195859.49, 69013880, 0.63, 2.27, 0.91, 678.71904
2017-09-04, 5, qiang_lie, 4.18, 3.52, -0.56, 3.54, 3.53, 3.56, 3.50, 195527.97, 68816142, 0.63, 1.69, 0.90, 549.17979
2017-09-05, 5, qiang_lie, 4.18, 3.51, -0.28, 3.52, 3.51, 3.53, 3.50, 97986.34, 34421014, 0.31, 0.85, 0.45, 783.14805
2017-09-06, 5, qiang_lie, 4.18, 3.54, 0.85, 3.51, 3.51, 3.55, 3.50, 213527.37, 75438871, 0.69, 1.42, 0.99, 950.665
2017-09-07, 5, qiang_lie, 4.17, 3.57, 0.85, 3.54, 3.55, 3.58, 3.53, 217156.04, 77105440, 0.70, 1.41, 1.00, 704.5629
2017-09-08, 5, qiang_lie, 4.17, 3.53, -1.12, 3.57, 3.56, 3.57, 3.51, 145911.12, 51671487, 0.47, 1.68, 0.67, 653.44501
2017-09-11, 5, qiang_lie, 4.17, 3.49, 0.00, 3.49, 3.49, 3.50, 3.48, 45023, 15692892, 0.14, 0.57, 0.42, 774.14083
2017-09-12, 5, qiang_lie, 4.16, 3.53, -0.56, 3.55, 3.55, 3.55, 3.52, 106471.2, 37633420, 0.34, 0.85, 0.49, 648.36192
2017-09-13, 5, qiang_lie, 4.16, 3.52, -0.28, 3.53, 3.52, 3.53, 3.50, 77639.57, 27301320, 0.25, 0.85, 0.36, 624.5501
2017-09-14, 5, qiang_lie, 4.16, 3.52, 0.00, 3.52, 3.52, 3.53, 3.50, 78671.8, 27652884, 0.25, 0.85, 0.36, 581.67791
2017-09-15, 5, qiang_lie, 4.16, 3.48, -1.14, 3.52, 3.52, 3.52, 3.48, 109248.39, 38229544, 0.35, 1.14, 0.51, 1123.30508
2017-09-18, 5, qiang_lie, 4.16, 3.50, 0.57, 3.48, 3.48, 3.51, 3.48, 71105.88, 24838526, 0.23, 0.86, 0.33, 1148.29803
2017-09-19, 5, qiang_lie, 4.15, 3.50, 0.00, 3.50, 3.50, 3.51, 3.47, 87163.26, 30428399, 0.28, 1.14, 0.40, 859.03597
2017-09-20, 4, gao_du, 4.15, 3.51, 0.29, 3.50, 3.49, 3.51, 3.47, 89689.79, 31340129, 0.29, 1.14, 0.41, 626.95003
2017-09-21, 4, gao_du, 4.15, 3.47, -1.14, 3.51, 3.51, 3.51, 3.47, 119154, 41571444, 0.38, 1.14, 0.55, 805.27186
2017-09-22, 4, gao_du, 4.15, 3.43, -1.15, 3.47, 3.48, 3.48, 3.41, 158002.65, 54272445, 0.51, 2.02, 0.73, 566.52188
2017-09-25, 3, zhong_du, 4.14, 3.38, -1.46, 3.43, 3.43, 3.43, 3.38, 94881, 32309552, 0.31, 1.46, 0.44, 676.93901
2017-09-26, 2, qing_du, 4.14, 3.37, -0.30, 3.38, 3.39, 3.41, 3.34, 176919.94, 59609406, 0.57, 2.07, 0.82, 707.84903
2017-09-27, 1, wei_ruo, 4.14, 3.37, 0.00, 3.37, 3.36, 3.38, 3.35, 81819.12, 27552815, 0.26, 0.89, 0.38, 581.43282
2017-09-28, 1, wei_ruo, 4.14, 3.35, -0.59, 3.37, 3.37, 3.38, 3.34, 103542, 34749540, 0.33, 1.19, 0.48, 686.47408
2017-09-29, 1, wei_ruo, 4.13, 3.38, 0.90, 3.35, 3.35, 3.39, 3.35, 113671.51, 38390993, 0.37, 1.19, 0.53, 768.84103
2017-10-10, 1, wei_ruo, 4.13, 3.45, 1.17, 3.41, 3.41, 3.45, 3.40, 118363.37, 40556973, 0.38, 1.47, 0.55, 2405.67207
2017-10-12, 2, qing_du, 4.12, 3.46, 0.00, 3.46, 3.45, 3.46, 3.42, 108327.38, 37260343, 0.35, 1.16, 0.50, 734.21812
2017-10-13, 3, zhong_du, 4.12, 3.45, -0.29, 3.46, 3.45, 3.47, 3.43, 86340.61, 29786969, 0.28, 1.16, 0.40, 708.34899
2017-10-16, 3, zhong_du, 4.12, 3.40, -1.45, 3.45, 3.45, 3.46, 3.40, 126287.16, 43320972, 0.41, 1.74, 0.58, 743.21222
2017-10-17, 2, qing_du, 4.12, 3.40, 0.00, 3.40, 3.39, 3.41, 3.37, 87571.78, 29700402, 0.28, 1.18, 0.41, 457.23605
2017-10-18, 2, qing_du, 4.11, 3.40, 0.00, 3.40, 3.40, 3.43, 3.38, 106044, 36084776, 0.34, 1.47, 0.49, 658.31614
2017-10-19, 1, wei_ruo, 4.11, 3.33, -2.06, 3.40, 3.39, 3.39, 3.32, 145200.97, 48576871, 0.47, 2.06, 0.67, 716.44998
2017-10-20, 1, wei_ruo, 4.11, 3.36, 0.90, 3.33, 3.33, 3.36, 3.30, 74982.54, 25019345, 0.24, 1.80, 0.35, 735.39209
2017-10-23, 1, wei_ruo, 4.11, 3.36, 0.00, 3.36, 3.35, 3.37, 3.34, 80511.47, 27012877, 0.26, 0.89, 0.37, 790.07888
2017-10-24, 1, wei_ruo, 4.10, 3.35, -0.30, 3.36, 3.37, 3.37, 3.33, 60979.73, 20411020, 0.20, 1.19, 0.28, 785.12502
2017-10-25, 1, wei_ruo, 4.10, 3.35, 0.00, 3.35, 3.35, 3.36, 3.33, 72836.63, 24378730, 0.23, 0.90, 0.34, 713.56893
2017-10-26, 1, wei_ruo, 4.10, 3.38, 0.90, 3.35, 3.35, 3.38, 3.34, 80228.1, 26960536, 0.26, 1.19, 0.37, 729.91085
2017-10-27, 1, wei_ruo, 4.10, 3.35, -0.89, 3.38, 3.38, 3.39, 3.35, 83873, 28222836, 0.27, 1.18, 0.39, 701.41196
2017-10-30, 1, wei_ruo, 4.10, 3.28, -2.09, 3.35, 3.36, 3.36, 3.27, 122935.57, 40511706, 0.40, 2.69, 0.57, 731.01306
2017-10-31, 1, wei_ruo, 4.09, 3.30, 0.61, 3.28, 3.27, 3.30, 3.27, 70943.24, 23309577, 0.23, 0.91, 0.33, 607.98407
2017-11-01, 1, wei_ruo, 4.09, 3.28, -0.61, 3.30, 3.29, 3.30, 3.27, 76897, 25292844, 0.25, 0.91, 0.36, 761.4789
2017-11-02, 1, wei_ruo, 4.09, 3.24, -1.22, 3.28, 3.28, 3.29, 3.23, 95626.49, 31116451, 0.31, 1.83, 0.44, 755.56588
2017-11-03, 1, wei_ruo, 4.09, 3.27, 0.93, 3.24, 3.25, 3.29, 3.23, 126015.64, 41078664, 0.41, 1.85, 0.58, 771.14487
2017-11-06, 1, wei_ruo, 4.08, 3.29, 0.61, 3.27, 3.26, 3.29, 3.24, 80144.32, 26194902, 0.26, 1.53, 0.37, 2641.38818
2017-11-07, 1, wei_ruo, 4.08, 3.27, -0.61, 3.29, 3.29, 3.29, 3.26, 45756.1, 14995757, 0.15, 0.91, 0.43, 60481.86183
2017-11-10, 1, wei_ruo, 4.07, 3.29, -0.60, 3.31, 3.29, 3.30, 3.27, 103056.84, 33820515, 0.33, 0.91, 1.06, 1248.73209
2017-11-13, 1, wei_ruo, 4.07, 3.27, -0.61, 3.29, 3.29, 3.29, 3.26, 80644, 26371181, 0.26, 0.91, 0.87, 614.20703
2017-11-14, 1, wei_ruo, 4.07, 3.24, -0.92, 3.27, 3.27, 3.28, 3.23, 102429.85, 33291378, 0.33, 1.53, 1.10, 853.71995
2017-11-15, 1, wei_ruo, 4.07, 3.24, 0.00, 3.24, 3.23, 3.26, 3.23, 66420, 21545560, 0.21, 0.93, 0.69, 1049.20006
2017-11-16, 1, wei_ruo, 4.07, 3.25, 0.31, 3.24, 3.23, 3.26, 3.23, 67171.01, 21800992, 0.22, 0.93, 0.77, 783.72693
2017-11-17, 1, wei_ruo, 4.06, 3.13, -3.69, 3.25, 3.25, 3.25, 3.11, 218274.38, 69100102, 0.70, 4.31, 2.60, 695.68086
2017-11-20, 1, wei_ruo, 4.05, 3.08, -1.60, 3.13, 3.11, 3.13, 3.04, 175274.14, 53675590, 0.56, 2.88, 1.64, 637.78996
2017-11-21, 1, wei_ruo, 4.05, 3.07, -0.32, 3.08, 3.08, 3.09, 3.05, 150575.43, 46152148, 0.48, 1.30, 1.20, 937.92987
2017-11-22, 1, wei_ruo, 4.04, 3.05, -0.65, 3.07, 3.07, 3.08, 3.03, 178305.52, 54431158, 0.57, 1.63, 1.32, 2701.88999
2017-11-23, 1, wei_ruo, 4.04, 3.01, -1.31, 3.05, 3.05, 3.06, 3.01, 141079.05, 42814874, 0.45, 1.64, 0.89, 2757.96103
2017-11-24, 1, wei_ruo, 4.04, 3.02, 0.33, 3.01, 3.01, 3.02, 2.99, 98443.92, 29608969, 0.32, 1.00, 0.57, 835.89005
2017-11-27, 1, wei_ruo, 4.03, 3.02, 0.00, 3.02, 3.02, 3.04, 3.00, 103238.8, 31145602, 0.33, 1.32, 0.69, 766.22081
2017-11-28, 1, wei_ruo, 4.03, 3.03, 0.33, 3.02, 3.01, 3.04, 3.01, 71970.16, 21763946, 0.23, 0.99, 0.54, 644.64283
2017-11-29, 1, wei_ruo, 4.03, 3.03, 0.00, 3.03, 3.03, 3.04, 3.00, 98869.32, 29817480, 0.32, 1.32, 0.83, 732.38516
2017-11-30, 1, wei_ruo, 4.02, 3.03, 0.00, 3.03, 3.02, 3.04, 3.01, 95864.48, 28995191, 0.31, 0.99, 0.93, 3731.28891
2017-12-01, 1, wei_ruo, 4.02, 3.06, 0.99, 3.03, 3.02, 3.07, 3.01, 143532.12, 43739447, 0.46, 1.98, 1.53, 2839.44297
2017-12-04, 1, wei_ruo, 4.02, 3.02, -1.31, 3.06, 3.05, 3.06, 3.01, 109660, 33220891, 0.35, 1.63, 1.07, 1486.35387
2017-12-05, 1, wei_ruo, 4.01, 2.94, -2.65, 3.02, 3.01, 3.02, 2.91, 202719, 60123388, 0.65, 3.64, 1.95, 889.66298
2017-12-06, 1, wei_ruo, 4.00, 2.95, 0.34, 2.94, 2.93, 2.95, 2.91, 104360, 30579690, 0.34, 1.36, 0.80, 680.23992
2017-12-07, 1, wei_ruo, 4.00, 2.93, -0.68, 2.95, 2.94, 2.95, 2.92, 108967.58, 31974775, 0.35, 1.02, 0.83, 585.62088
2017-12-08, 1, wei_ruo, 4.00, 2.95, 0.68, 2.93, 2.93, 2.96, 2.92, 116482.75, 34276729, 0.37, 1.37, 0.87, 639.79483
2017-12-11, 1, wei_ruo, 3.99, 2.98, 1.02, 2.95, 2.94, 2.98, 2.94, 84176.59, 24920932, 0.27, 1.36, 0.66, 1007.66993
2017-12-12, 1, wei_ruo, 3.99, 2.93, -1.68, 2.98, 2.97, 2.97, 2.93, 84835, 25041973, 0.27, 1.34, 0.69, 2726.45712
2017-12-13, 1, wei_ruo, 3.99, 2.96, 1.02, 2.93, 2.93, 2.96, 2.93, 57406.37, 16909027, 0.18, 1.02, 0.58, 2872.74098
2017-12-14, 1, wei_ruo, 3.99, 2.95, -0.34, 2.96, 2.95, 2.96, 2.93, 75249.37, 22168768, 0.24, 1.01, 0.83, 766.52789
2017-12-15, 1, wei_ruo, 3.98, 2.96, 0.34, 2.95, 2.95, 2.98, 2.94, 122452.05, 36262015, 0.39, 1.36, 1.46, 580.08289
2017-12-18, 1, wei_ruo, 3.98, 2.98, 0.68, 2.96, 2.96, 2.99, 2.95, 87887.31, 26093779, 0.28, 1.35, 1.04, 1962.52894
2017-12-19, 1, wei_ruo, 3.98, 2.98, 0.00, 2.98, 2.97, 2.98, 2.96, 61935, 18428606, 0.20, 0.67, 0.72, 779.09493
2017-12-20, 1, wei_ruo, 3.98, 2.94, -1.34, 2.98, 2.98, 2.98, 2.93, 70807, 20915630, 0.23, 1.68, 0.87, 2694.01097
2017-12-21, 1, wei_ruo, 3.97, 2.95, 0.34, 2.94, 2.94, 2.95, 2.92, 65636.32, 19263991, 0.21, 1.02, 0.78, 667.5632
2017-12-22, 1, wei_ruo, 3.97, 2.94, -0.34, 2.95, 2.95, 2.95, 2.93, 39837.02, 11716196, 0.13, 0.68, 0.49, 705.71399
2017-12-25, 1, wei_ruo, 3.97, 2.93, -0.34, 2.94, 2.95, 2.96, 2.92, 88271.7, 25955729, 0.28, 1.36, 1.35, 2692.22307
2017-12-26, 1, wei_ruo, 3.97, 2.94, 0.34, 2.93, 2.94, 2.96, 2.92, 85649.74, 25179734, 0.28, 1.37, 1.31, 503.28302
2017-12-27, 1, wei_ruo, 3.96, 2.93, -0.34, 2.94, 2.94, 2.95, 2.92, 96145, 28233828, 0.31, 1.02, 1.37, 697.12996
2017-12-29, 1, wei_ruo, 3.96, 2.98, 0.68, 2.96, 2.96, 2.99, 2.95, 116499.02, 34642815, 0.37, 1.35, 1.29, 655.66778
2018-01-03, 1, wei_ruo, 3.95, 3.03, 1.68, 2.98, 2.98, 3.04, 2.97, 207480.01, 62528403, 0.67, 2.35, 2.16, 689.72683
2018-01-04, 1, wei_ruo, 3.94, 3.01, -0.66, 3.03, 3.03, 3.03, 3.00, 96332.4, 29055418, 0.31, 0.99, 0.80, 684.88407
2018-01-05, 1, wei_ruo, 3.94, 3.03, 0.66, 3.01, 3.01, 3.04, 3.01, 140312.98, 42451116, 0.45, 1.00, 1.17, 888.062
2018-01-08, 1, wei_ruo, 3.94, 3.05, 0.66, 3.03, 3.03, 3.06, 3.01, 116184.28, 35271958, 0.37, 1.65, 0.91, 692.21902
2018-01-09, 1, wei_ruo, 3.93, 3.02, -0.98, 3.05, 3.05, 3.05, 3.01, 88609.05, 26832054, 0.28, 1.31, 0.65, 735.37302
2018-01-10, 1, wei_ruo, 3.93, 3.01, -0.33, 3.02, 3.03, 3.03, 2.98, 135887.98, 40813505, 0.44, 1.66, 1.05, 768.5461
2018-01-11, 1, wei_ruo, 3.93, 3.02, 0.33, 3.01, 3.01, 3.03, 2.98, 81658.92, 24560550, 0.26, 1.66, 0.71, 642.5519
2018-01-12, 1, wei_ruo, 3.93, 3.02, 0.00, 3.02, 3.03, 3.04, 3.01, 72458.73, 21888587, 0.23, 0.99, 0.64, 792.85312
2018-01-15, 1, wei_ruo, 3.92, 2.94, -2.65, 3.02, 3.02, 3.02, 2.93, 140559, 41791368, 0.45, 2.98, 1.42, 602.09584
2018-01-16, 1, wei_ruo, 3.92, 2.95, 0.34, 2.94, 2.93, 2.96, 2.93, 105604.56, 31101261, 0.34, 1.02, 1.02, 656.97789
2018-01-17, 1, wei_ruo, 3.91, 2.97, 0.68, 2.95, 2.95, 2.99, 2.93, 166293.22, 49170927, 0.53, 2.03, 1.55, 879.01998
2018-01-18, 1, wei_ruo, 3.91, 2.99, 0.67, 2.97, 2.96, 3.00, 2.96, 124754.64, 37146170, 0.40, 1.35, 1.10, 488.29293
2018-01-19, 1, wei_ruo, 3.91, 2.97, -0.67, 2.99, 2.99, 2.99, 2.96, 106927.74, 31813499, 0.34, 1.00, 0.88, 604.15196
2018-01-22, 1, wei_ruo, 3.90, 3.02, 1.68, 2.97, 2.97, 3.02, 2.95, 170872, 51145712, 0.55, 2.36, 1.33, 786.31902
2018-01-23, 1, wei_ruo, 3.90, 3.01, -0.33, 3.02, 3.01, 3.02, 2.98, 113050.98, 33925920, 0.36, 1.32, 0.84, 729.40207
2018-01-24, 2, qing_du, 3.89, 3.08, 2.33, 3.01, 3.00, 3.09, 3.00, 347102.51, 106219913, 1.12, 2.99, 2.55, 604.62809
2018-01-25, 2, qing_du, 3.88, 3.07, -0.32, 3.08, 3.07, 3.15, 3.06, 248574.12, 76847017, 0.80, 2.92, 1.44, 868.41798
2018-01-26, 3, zhong_du, 3.88, 3.05, -0.65, 3.07, 3.07, 3.07, 3.04, 105945.08, 32356022, 0.34, 0.98, 0.54, 633.01396
2018-01-29, 2, qing_du, 3.88, 3.03, -0.66, 3.05, 3.05, 3.07, 3.01, 92049.06, 27955214, 0.30, 1.97, 0.47, 701.22695
2018-01-30, 2, qing_du, 3.87, 3.04, 0.33, 3.03, 3.02, 3.06, 3.02, 79483.67, 24153140, 0.26, 1.32, 0.44, 549.52502
2018-01-31, 1, wei_ruo, 3.87, 2.97, -2.30, 3.04, 3.03, 3.03, 2.96, 124864.45, 37331740, 0.40, 2.30, 0.72, 917.6929
2018-02-01, 1, wei_ruo, 3.86, 2.81, -5.39, 2.97, 2.97, 2.98, 2.80, 266505.75, 76613970, 0.86, 6.06, 2.05, 633.42905
2018-02-02, 1, wei_ruo, 3.86, 2.77, -1.42, 2.81, 2.80, 2.82, 2.71, 128896.17, 35787860, 0.41, 3.91, 0.96, 789.47496
2018-02-05, 1, wei_ruo, 3.85, 2.76, -0.36, 2.77, 2.74, 2.79, 2.72, 106536.53, 29419361, 0.34, 2.53, 0.77, 957.91411
2018-02-06, 1, wei_ruo, 3.85, 2.69, -2.54, 2.76, 2.75, 2.80, 2.68, 156300.33, 42846535, 0.50, 4.35, 1.11, 602.43702
2018-02-07, 1, wei_ruo, 3.84, 2.71, 0.74, 2.69, 2.73, 2.75, 2.66, 131817.5, 35747123, 0.42, 3.35, 0.84, 890.45906
2018-02-08, 1, wei_ruo, 3.84, 2.77, 2.21, 2.71, 2.71, 2.79, 2.71, 149916.85, 41418628, 0.48, 2.95, 1.14, 855.51596
2018-02-09, 1, wei_ruo, 3.83, 2.70, -2.53, 2.77, 2.73, 2.76, 2.66, 160178, 43488947, 0.51, 3.61, 1.12, 772.228
2018-02-12, 1, wei_ruo, 3.83, 2.76, 2.22, 2.70, 2.71, 2.79, 2.69, 181880.35, 49976528, 0.58, 3.70, 1.17, 962.01301
2018-02-13, 1, wei_ruo, 3.82, 2.75, -0.36, 2.76, 2.77, 2.77, 2.74, 102018.15, 28086809, 0.33, 1.09, 0.59, 2691.34998
2018-02-14, 1, wei_ruo, 3.82, 2.75, 0.00, 2.75, 2.74, 2.76, 2.71, 75669.96, 20681272, 0.24, 1.82, 0.56, 2716.02798
