2015-08-20, 3, zhong_du, 14.36, 13.51, -9.02, 14.85, 14.38, 14.56, 13.41, 5020442.81, 7065743151, 2.80, 7.74, 0.66, 786.26204
2015-08-21, 3, zhong_du, 14.33, 13.61, 0.74, 13.51, 13.18, 14.22, 12.85, 6123639.49, 8364772111, 3.41, 10.14, 0.91, 1010.79297
2015-08-24, 3, zhong_du, 14.29, 12.25, -9.99, 13.61, 13.00, 13.33, 12.25, 5006514.9, 6223085825, 2.79, 7.94, 0.77, 953.79305
2015-08-25, 2, qing_du, 14.20, 11.03, -9.96, 12.25, 11.03, 11.34, 11.03, 4828870.69, 5356810656, 2.69, 2.53, 0.77, 1082.07297
2015-08-26, 2, qing_du, 14.05, 9.93, -9.97, 11.03, 11.02, 11.46, 9.93, 7373248.03, 7869667385, 4.11, 13.87, 1.30, 2861.06682
2015-08-27, 1, wei_ruo, 13.88, 10.92, 9.97, 9.93, 10.33, 10.92, 10.18, 9097197.2, 9778403748, 5.07, 7.45, 1.60, 924.36004
2015-08-28, 1, wei_ruo, 13.77, 12.01, 9.98, 10.92, 11.15, 12.01, 11.00, 8827810.61, 10251714197, 4.92, 9.25, 1.36, 837.54396
2015-08-31, 1, wei_ruo, 13.69, 12.40, 3.25, 12.01, 12.18, 12.48, 11.39, 8749091.24, 10490240389, 4.87, 9.08, 1.25, 1114.08687
2015-09-01, 1, wei_ruo, 13.61, 11.81, -4.76, 12.40, 12.22, 12.22, 11.20, 6871840.76, 7998435511, 3.83, 8.23, 0.88, 3024.99104
2015-09-02, 1, wei_ruo, 13.54, 11.38, -3.64, 11.81, 11.00, 12.06, 10.83, 5707391.14, 6528293845, 3.18, 10.41, 0.70, 1152.83799
2015-09-02, 1, wei_ruo, 13.54, 11.38, -3.64, 11.81, 11.00, 12.06, 10.83, 5707391.14, 6528293845, 3.18, 10.41, 0.70, 1036.77702
2015-09-02, 1, wei_ruo, 13.54, 11.38, -3.64, 11.81, 11.00, 12.06, 10.83, 5707391.14, 6528293845, 3.18, 10.41, 0.70, 964.74695
2015-09-07, 1, wei_ruo, 13.46, 10.74, -5.62, 11.38, 11.65, 12.12, 10.70, 6320044.9, 7182921519, 3.52, 12.48, 0.81, 1078.73106
2015-09-08, 1, wei_ruo, 13.39, 10.98, 2.23, 10.74, 10.45, 11.17, 9.75, 4686415.98, 4860338219, 2.61, 13.22, 0.64, 1121.06586
2015-09-09, 1, wei_ruo, 13.25, 10.79, -1.73, 10.98, 11.09, 11.52, 10.60, 10053580.22, 11048842630, 5.60, 8.38, 1.55, 237.76293
2015-09-10, 1, wei_ruo, 13.16, 11.01, 2.04, 10.79, 10.56, 11.37, 10.41, 6989548.29, 7707909268, 3.89, 8.90, 1.04, 828.95803
2015-09-11, 1, wei_ruo, 13.11, 10.83, -1.63, 11.01, 10.90, 11.08, 10.61, 4090816.56, 4425585398, 2.28, 4.27, 0.61, 1100.94285
2015-09-14, 1, wei_ruo, 13.02, 10.74, -0.83, 10.83, 11.26, 11.34, 9.86, 6715361.05, 7155407337, 3.74, 13.67, 1.04, 928.74908
2015-09-15, 1, wei_ruo, 12.95, 9.67, -9.96, 10.74, 10.30, 10.52, 9.67, 3993726.67, 4021254943, 2.22, 7.91, 0.61, 1075.56796
2015-09-16, 1, wei_ruo, 12.87, 10.64, 10.03, 9.67, 9.60, 10.64, 9.56, 5139126.2, 5178889676, 2.86, 11.17, 0.81, 1017.58504
2015-09-17, 1, wei_ruo, 12.79, 10.28, -3.38, 10.64, 10.63, 10.98, 10.26, 5928290.22, 6298969526, 3.30, 6.77, 1.10, 1042.59896
2015-09-18, 1, wei_ruo, 12.75, 10.35, 0.68, 10.28, 10.37, 10.59, 10.10, 3160828.31, 3266143454, 1.76, 4.77, 0.61, 886.69705
2015-09-21, 1, wei_ruo, 12.70, 10.74, 3.77, 10.35, 10.27, 10.80, 10.17, 4038640.44, 4284975101, 2.25, 6.09, 0.81, 935.08601
2015-09-22, 1, wei_ruo, 12.65, 10.65, -0.84, 10.74, 10.74, 10.85, 10.49, 4042400.79, 4311871920, 2.25, 3.35, 0.91, 956.38919
2015-09-23, 1, wei_ruo, 12.62, 10.33, -3.00, 10.65, 10.38, 10.57, 10.25, 2691015.59, 2801231495, 1.50, 3.00, 0.60, 1035.55918
2015-09-24, 1, wei_ruo, 12.59, 10.43, 0.97, 10.33, 10.44, 10.55, 10.28, 2224624.27, 2316422841, 1.24, 2.61, 0.56, 1021.837
2015-09-25, 1, wei_ruo, 12.56, 10.21, -2.11, 10.43, 10.37, 10.68, 10.10, 2852580.93, 2966259706, 1.59, 5.56, 0.88, 1015.19084
2015-09-28, 1, wei_ruo, 12.53, 10.14, -0.69, 10.21, 10.17, 10.26, 9.78, 1881128.74, 1887296962, 1.05, 4.70, 0.59, 1016.14785
2015-09-29, 1, wei_ruo, 12.50, 9.75, -3.85, 10.14, 9.93, 9.98, 9.70, 1997343.23, 1963431084, 1.11, 2.76, 0.73, 1136.08599
2015-09-30, 1, wei_ruo, 12.47, 10.01, 2.67, 9.75, 9.95, 10.24, 9.80, 2280088.38, 2283348045, 1.27, 4.51, 0.98, 927.30808
2015-10-08, 1, wei_ruo, 12.44, 10.32, 3.10, 10.01, 10.40, 10.47, 10.28, 2842836.28, 2950012788, 1.58, 1.90, 1.27, 288.18607
2015-10-09, 1, wei_ruo, 12.40, 10.43, 1.07, 10.32, 10.34, 10.61, 10.20, 2834085.77, 2962684585, 1.58, 3.97, 1.20, 1376.80292
2015-10-12, 1, wei_ruo, 12.37, 11.47, 9.97, 10.43, 10.44, 11.47, 10.44, 5179099.8, 5760120324, 2.88, 9.88, 2.19, 1296.66281
2015-10-13, 1, wei_ruo, 12.34, 11.45, -0.17, 11.47, 11.38, 11.70, 11.26, 5168360.82, 5919857014, 2.88, 3.84, 1.71, 1093.99819
2015-10-14, 1, wei_ruo, 12.32, 11.08, -3.23, 11.45, 11.48, 11.64, 11.07, 3754938.61, 4243528499, 2.09, 4.98, 1.03, 751.2691
2015-10-15, 1, wei_ruo, 12.29, 11.40, 2.89, 11.08, 10.97, 11.55, 10.97, 4568653.47, 5162745988, 2.54, 5.23, 1.15, 822.91007
2015-10-16, 1, wei_ruo, 12.26, 11.52, 1.05, 11.40, 11.54, 11.59, 11.11, 6015932.7, 6866037434, 3.35, 4.21, 1.40, 1207.35097
2015-10-19, 1, wei_ruo, 12.24, 11.33, -1.65, 11.52, 11.50, 11.50, 11.11, 4304093.75, 4867403435, 2.40, 3.39, 0.87, 1110.17609
2015-10-29, 2, qing_du, 12.05, 11.25, -0.09, 11.26, 11.35, 11.52, 11.10, 3269107.34, 3681204943, 1.82, 3.73, 0.59, 930.92608
2015-10-30, 2, qing_du, 12.04, 11.06, -1.69, 11.25, 11.23, 11.29, 10.93, 2466214.34, 2737955090, 1.37, 3.20, 0.46, 1114.23206
2015-11-02, 2, qing_du, 12.01, 10.50, -5.06, 11.06, 10.80, 10.90, 10.47, 3231156.81, 3456568253, 1.80, 3.89, 0.62, 1101.12
2015-11-03, 1, wei_ruo, 12.00, 10.47, -0.29, 10.50, 10.57, 10.67, 10.35, 1698611.24, 1785225571, 0.95, 3.05, 0.33, 1047.65296
2015-11-04, 1, wei_ruo, 11.98, 10.95, 4.58, 10.47, 10.52, 11.06, 10.48, 2983036.95, 3222359976, 1.66, 5.54, 0.85, 1147.77112
2015-11-05, 1, wei_ruo, 11.95, 11.25, 2.74, 10.95, 10.93, 11.78, 10.82, 6908255.02, 7839413578, 3.85, 8.77, 2.53, 1233.50191
2015-11-06, 1, wei_ruo, 11.94, 11.38, 1.16, 11.25, 11.20, 11.60, 11.11, 4987467.94, 5654421723, 2.78, 4.36, 1.44, 1290.81988
2015-11-09, 2, qing_du, 11.93, 11.66, 2.46, 11.38, 11.28, 12.20, 11.23, 7636074.17, 8897608352, 4.25, 8.52, 1.93, 1194.92197
2015-11-10, 3, zhong_du, 11.92, 11.65, -0.09, 11.66, 11.52, 11.91, 11.47, 5077414.54, 5922406581, 2.83, 3.77, 1.05, 431.96297
2015-11-11, 3, zhong_du, 11.92, 11.71, 0.43, 11.66, 11.61, 11.86, 11.55, 3695859.84, 4322695879, 2.06, 2.66, 0.67, 308.60519
2015-11-12, 3, zhong_du, 11.92, 11.51, -1.71, 11.71, 11.68, 11.79, 11.50, 3567726.05, 4151732652, 1.99, 2.48, 0.63, 836.061
2015-11-13, 3, zhong_du, 11.90, 11.01, -4.34, 11.51, 11.38, 11.49, 10.95, 3967001.13, 4430148023, 2.21, 4.69, 0.79, 3171.3109
2015-11-16, 3, zhong_du, 11.89, 11.14, 1.18, 11.01, 10.80, 11.15, 10.78, 2211349.44, 2432943975, 1.23, 3.36, 0.46, 1741.72592
2015-11-17, 2, qing_du, 11.88, 11.16, 0.18, 11.14, 11.20, 11.47, 11.10, 3428267.53, 3875415058, 1.91, 3.32, 0.93, 895.8509
2015-11-18, 2, qing_du, 11.87, 10.91, -2.24, 11.16, 11.14, 11.20, 10.88, 2199471.02, 2416153250, 1.22, 2.87, 0.65, 1229.07209
2015-11-19, 2, qing_du, 11.86, 11.04, 1.19, 10.91, 10.92, 11.08, 10.84, 2133183.17, 2340943032, 1.19, 2.20, 0.69, 32207.72886
2015-11-20, 2, qing_du, 11.85, 11.07, 0.27, 11.04, 11.14, 11.29, 11.02, 2542831.2, 2833313168, 1.42, 2.45, 0.91, 1262.92491
2015-11-23, 2, qing_du, 11.83, 10.95, -1.08, 11.07, 11.09, 11.18, 10.90, 2209891.67, 2435348526, 1.23, 2.53, 0.88, 17121.35696
2015-11-24, 2, qing_du, 11.82, 10.85, -0.91, 10.95, 10.88, 10.94, 10.62, 2208258.13, 2376606018, 1.23, 2.92, 0.88, 531.76498
2015-11-25, 2, qing_du, 11.81, 11.01, 1.47, 10.85, 11.10, 11.15, 10.94, 2353086.3, 2594557328, 1.31, 1.94, 1.04, 2869.02595
2015-11-26, 2, qing_du, 11.80, 11.09, 0.73, 11.01, 10.98, 11.30, 10.88, 2966845.84, 3286448913, 1.65, 3.81, 1.30, 915.47894
2015-11-27, 2, qing_du, 11.78, 10.32, -6.94, 11.09, 11.09, 11.26, 10.10, 3461585.58, 3746843092, 1.93, 10.46, 1.41, 1214.65993
2015-11-30, 1, wei_ruo, 11.75, 10.06, -2.52, 10.32, 10.25, 10.39, 9.64, 2670495.94, 2682336153, 1.49, 7.27, 1.01, 884.90486
2015-12-01, 1, wei_ruo, 11.73, 10.16, 0.99, 10.06, 10.08, 10.26, 9.85, 1760129.46, 1767469624, 0.98, 4.08, 0.64, 1028.23615
2015-12-02, 1, wei_ruo, 11.72, 10.34, 1.77, 10.16, 10.08, 10.36, 10.00, 2149695.4, 2188710561, 1.20, 3.54, 0.81, 892.38405
2015-12-03, 1, wei_ruo, 11.72, 10.36, 0.19, 10.34, 10.28, 10.38, 10.18, 1694920.72, 1741291138, 0.94, 1.93, 0.65, 805.23396
2015-12-04, 1, wei_ruo, 11.70, 10.12, -2.32, 10.36, 10.28, 10.30, 10.06, 1691718.97, 1719948133, 0.94, 2.32, 0.72, 1507.14898
2015-12-07, 1, wei_ruo, 11.69, 10.09, -0.30, 10.12, 10.15, 10.25, 10.02, 1024577.89, 1033375040, 0.57, 2.27, 0.51, 663.131
2015-12-08, 1, wei_ruo, 11.67, 9.80, -2.87, 10.09, 10.04, 10.05, 9.77, 1715746.75, 1693558994, 0.96, 2.78, 1.03, 885.3488
2015-12-09, 1, wei_ruo, 11.66, 9.75, -0.51, 9.80, 9.79, 9.89, 9.67, 1255127.51, 1227031842, 0.70, 2.24, 0.76, 639.58693
2015-12-10, 1, wei_ruo, 11.63, 9.47, -2.87, 9.75, 9.75, 9.80, 9.35, 2280636.18, 2189314569, 1.27, 4.62, 1.54, 1724.18404
2015-12-11, 1, wei_ruo, 11.61, 9.41, -0.63, 9.47, 9.46, 9.62, 9.37, 1815107.89, 1721008452, 1.01, 2.64, 1.14, 1779.05512
2015-12-14, 1, wei_ruo, 11.58, 9.90, 5.21, 9.41, 9.45, 9.97, 9.29, 2835330.7, 2742274318, 1.58, 7.23, 1.75, 792.36698
2015-12-15, 1, wei_ruo, 11.56, 9.88, -0.20, 9.90, 9.80, 10.15, 9.74, 2238956.69, 2219822785, 1.25, 4.14, 1.13, 2899.7581
2015-12-16, 1, wei_ruo, 11.55, 9.74, -1.42, 9.88, 9.88, 9.95, 9.70, 1147516, 1125401121, 0.64, 2.53, 0.55, 853.58715
2015-12-17, 1, wei_ruo, 11.53, 9.88, 1.44, 9.74, 9.77, 9.95, 9.76, 1557327.46, 1534000889, 0.87, 1.95, 0.75, 2881.57201
2015-12-18, 1, wei_ruo, 11.52, 9.83, -0.51, 9.88, 9.84, 9.94, 9.79, 1297282.07, 1278301040, 0.72, 1.52, 0.68, 779.423
2015-12-21, 1, wei_ruo, 11.50, 10.04, 2.14, 9.83, 9.83, 10.17, 9.79, 2603287, 2602015390, 1.45, 3.87, 1.43, 927.845
2015-12-22, 1, wei_ruo, 11.49, 9.96, -0.80, 10.04, 9.99, 10.04, 9.86, 1338743.18, 1332252460, 0.75, 1.79, 0.76, 2079.71787
2015-12-23, 1, wei_ruo, 11.48, 9.83, -1.31, 9.96, 9.98, 9.98, 9.79, 1450442.88, 1431630566, 0.81, 1.91, 0.91, 1074.20111
2015-12-24, 1, wei_ruo, 11.46, 9.64, -1.93, 9.83, 9.81, 9.85, 9.56, 1235558.66, 1195098359, 0.69, 2.95, 0.75, 2802.18196
2015-12-25, 1, wei_ruo, 11.45, 9.73, 0.93, 9.64, 9.65, 9.82, 9.52, 1620136.07, 1566772238, 0.90, 3.11, 1.02, 882.04312
2015-12-28, 1, wei_ruo, 11.43, 9.42, -3.19, 9.73, 9.72, 9.73, 9.40, 1436506.83, 1375802662, 0.80, 3.39, 0.87, 2842.90791
2015-12-29, 1, wei_ruo, 11.42, 9.47, 0.53, 9.42, 9.39, 9.48, 9.34, 870641.92, 818864918, 0.48, 1.49, 0.61, 2121.62685
2015-12-30, 1, wei_ruo, 11.41, 9.48, 0.11, 9.47, 9.48, 9.53, 9.32, 1095269.97, 1032752028, 0.61, 2.22, 0.77, 3596.67277
2015-12-31, 1, wei_ruo, 11.40, 9.40, -0.84, 9.48, 9.48, 9.50, 9.38, 805322.15, 759895684, 0.45, 1.27, 0.57, 1903.29289
2016-01-04, 1, wei_ruo, 11.37, 8.71, -7.34, 9.40, 9.87, 9.95, 8.60, 2235131.08, 2151155370, 1.24, 14.36, 2.44, 1548.51508
2016-01-05, 1, wei_ruo, 11.33, 9.33, 7.12, 8.71, 8.53, 9.47, 8.35, 3516167.74, 3193735449, 1.96, 12.86, 2.48, 855.44515
2016-01-06, 1, wei_ruo, 11.30, 9.40, 0.75, 9.33, 9.29, 9.48, 9.13, 2200044.9, 2053354992, 1.23, 3.75, 1.55, 990.91911
2016-01-07, 1, wei_ruo, 11.29, 8.48, -9.79, 9.40, 9.20, 9.23, 8.46, 692090.79, 608960743, 0.39, 8.19, 3.91, 783.42605
2016-01-08, 1, wei_ruo, 11.29, 8.57, 1.06, 8.48, 8.80, 8.88, 8.05, 2333130.9, 2008025676, 1.30, 9.79, 1.65, 853.00398
2016-01-11, 1, wei_ruo, 11.25, 8.00, -6.65, 8.57, 8.47, 8.73, 7.95, 2202074.65, 1831000272, 1.23, 9.10, 1.55, 999.35889
2016-01-12, 1, wei_ruo, 11.21, 8.24, 3.00, 8.00, 8.10, 8.48, 7.89, 2282254.17, 1862685585, 1.27, 7.38, 1.61, 2103.19185
2016-01-13, 1, wei_ruo, 11.18, 7.90, -4.13, 8.24, 8.24, 8.28, 7.85, 1620357.05, 1309608079, 0.90, 5.22, 1.14, 889.29582
2016-01-14, 1, wei_ruo, 11.14, 8.16, 3.29, 7.90, 7.64, 8.18, 7.51, 1939956.66, 1529192830, 1.08, 8.48, 1.37, 797.28699
2016-01-15, 1, wei_ruo, 11.11, 7.86, -3.68, 8.16, 8.15, 8.32, 7.81, 1800556.16, 1452876388, 1.00, 6.25, 1.27, 1011.89518
2016-01-18, 1, wei_ruo, 11.09, 7.91, 0.64, 7.86, 7.63, 8.06, 7.61, 1371429.12, 1081645169, 0.76, 5.73, 0.97, 3145.09392
2016-01-19, 1, wei_ruo, 11.05, 8.23, 4.05, 7.91, 7.91, 8.35, 7.85, 2013169.26, 1639310939, 1.12, 6.32, 1.42, 2755.86891
2016-01-20, 1, wei_ruo, 11.01, 7.93, -3.65, 8.23, 8.15, 8.21, 7.88, 2300600.53, 1852752485, 1.28, 4.01, 1.62, 801.60308
2016-01-21, 1, wei_ruo, 10.97, 8.00, 0.88, 7.93, 7.80, 8.50, 7.72, 3020351.21, 2468298846, 1.68, 9.84, 2.13, 703.81904
2016-01-22, 1, wei_ruo, 10.93, 7.87, -1.63, 8.00, 7.80, 8.00, 7.70, 2291957.44, 1796936031, 1.28, 3.75, 1.62, 1569.86284
2016-01-25, 1, wei_ruo, 10.89, 7.75, -1.52, 7.87, 7.88, 7.92, 7.67, 1863540.55, 1448050629, 1.04, 3.18, 1.32, 789.09612
2016-01-26, 1, wei_ruo, 10.84, 6.98, -9.94, 7.75, 7.59, 7.67, 6.98, 2669785.15, 1939670883, 1.49, 8.90, 1.89, 789.25705
2016-01-27, 1, wei_ruo, 10.79, 6.69, -4.15, 6.98, 6.99, 7.10, 6.40, 2290543.37, 1540711801, 1.28, 10.03, 1.62, 5614.20488
2016-01-28, 1, wei_ruo, 10.73, 6.02, -10.01, 6.69, 6.58, 6.60, 6.02, 2221447.54, 1398244611, 1.24, 8.67, 1.57, 1229.09689
2016-01-29, 1, wei_ruo, 10.66, 6.19, 2.82, 6.02, 6.02, 6.30, 5.83, 2529833.87, 1547807980, 1.41, 7.81, 1.79, 1030.94721
2016-02-01, 1, wei_ruo, 10.60, 5.86, -5.33, 6.19, 6.14, 6.17, 5.67, 2290623.92, 1353348421, 1.28, 8.08, 1.62, 804.57091
2016-02-02, 1, wei_ruo, 10.55, 6.04, 3.07, 5.86, 5.86, 6.19, 5.81, 2109646.4, 1272170139, 1.17, 6.48, 1.49, 1039.97803
2016-02-03, 1, wei_ruo, 10.51, 6.06, 0.33, 6.04, 5.90, 6.08, 5.85, 1562890.75, 930713914, 0.87, 3.81, 1.10, 1105.07917
2016-02-04, 1, wei_ruo, 10.45, 6.21, 2.48, 6.06, 6.10, 6.40, 6.07, 2418109.04, 1508861350, 1.35, 5.45, 1.71, 2970.22605
2016-02-05, 1, wei_ruo, 10.42, 6.13, -1.29, 6.21, 6.20, 6.29, 6.11, 1526394.79, 947566846, 0.85, 2.90, 1.08, 1784.37901
2016-02-15, 1, wei_ruo, 10.39, 6.08, -0.82, 6.13, 5.94, 6.13, 5.89, 1058895.22, 636194287, 0.59, 3.92, 0.75, 921.29016
2016-02-16, 1, wei_ruo, 10.34, 6.41, 5.43, 6.08, 6.18, 6.54, 6.13, 2384542.29, 1509839216, 1.33, 6.74, 1.68, 1026.052
2016-02-17, 1, wei_ruo, 10.28, 6.61, 3.12, 6.41, 6.34, 6.79, 6.32, 2928136.53, 1931163106, 1.63, 7.33, 2.07, 1967.25106
2016-02-18, 1, wei_ruo, 10.24, 6.52, -1.36, 6.61, 6.58, 6.64, 6.49, 1727704.59, 1133654976, 0.96, 2.27, 1.22, 1045.50099
2016-02-19, 1, wei_ruo, 10.21, 6.54, 0.31, 6.52, 6.60, 6.71, 6.50, 1207051.63, 798308081, 0.67, 3.22, 1.08, 2720.28494
2016-02-22, 1, wei_ruo, 10.21, 6.70, 1.98, 6.57, 6.67, 6.74, 6.57, 1823515.99, 1216069757, 1.02, 2.59, 0.95, 901.38078
2016-02-23, 1, wei_ruo, 10.20, 6.59, -1.64, 6.70, 6.69, 6.70, 6.47, 1462021.9, 963397137, 0.81, 3.43, 0.70, 767.066
2016-02-24, 1, wei_ruo, 10.15, 6.79, 3.03, 6.59, 6.56, 6.85, 6.53, 2323801.61, 1565598759, 1.29, 4.86, 1.23, 861.94706
2016-02-25, 1, wei_ruo, 10.09, 6.11, -10.01, 6.79, 6.76, 6.76, 6.11, 2640406.81, 1691665728, 1.47, 9.57, 1.49, 2769.99092
2016-02-26, 1, wei_ruo, 10.06, 6.11, 0.00, 6.11, 6.18, 6.25, 5.92, 1588579.42, 971976606, 0.88, 5.40, 0.81, 2833.20689
2016-02-29, 1, wei_ruo, 10.02, 5.83, -4.58, 6.11, 6.11, 6.12, 5.66, 1741403.18, 1009279096, 0.97, 7.53, 0.89, 1121.85502
2016-03-01, 1, wei_ruo, 9.98, 6.08, 4.29, 5.83, 5.86, 6.19, 5.80, 1685585.14, 1010451343, 0.94, 6.69, 0.86, 758.95882
2016-03-02, 1, wei_ruo, 9.94, 6.41, 5.43, 6.08, 6.12, 6.46, 6.04, 2124922.27, 1334730292, 1.18, 6.91, 1.06, 2568.645
2016-03-03, 1, wei_ruo, 9.90, 6.38, -0.47, 6.41, 6.41, 6.63, 6.36, 1982748.63, 1281640473, 1.10, 4.21, 1.01, 1440.03105
2016-03-04, 1, wei_ruo, 9.85, 6.48, 1.57, 6.38, 6.38, 6.72, 6.30, 2809025.22, 1833095059, 1.56, 6.58, 1.54, 774.50204
2016-03-07, 1, wei_ruo, 9.81, 6.60, 1.85, 6.48, 6.55, 6.70, 6.42, 2027066.26, 1330926503, 1.13, 4.32, 0.98, 769.25588
2016-03-08, 1, wei_ruo, 9.77, 6.50, -1.52, 6.60, 6.51, 6.57, 6.18, 2002693.44, 1275328564, 1.12, 5.91, 0.94, 1038.50508
2016-03-09, 1, wei_ruo, 9.75, 6.26, -3.69, 6.50, 6.33, 6.42, 6.25, 1226823.59, 775055942, 0.68, 2.62, 0.56, 3348.55223
2016-03-10, 1, wei_ruo, 9.73, 6.16, -1.60, 6.26, 6.26, 6.35, 6.15, 923886.34, 577125420, 0.51, 3.19, 0.46, 2403.64313
2016-03-11, 1, wei_ruo, 9.71, 6.10, -0.97, 6.16, 6.12, 6.20, 6.06, 1065307.54, 651015135, 0.59, 2.27, 0.59, 833.16708
2016-03-14, 1, wei_ruo, 9.68, 6.32, 3.61, 6.10, 6.18, 6.40, 6.16, 1424352.57, 899355487, 0.79, 3.93, 0.98, 1048.25282
2016-03-15, 1, wei_ruo, 9.64, 6.52, 3.16, 6.32, 6.27, 6.65, 6.20, 2395508.47, 1539088722, 1.33, 7.12, 1.80, 3768.9662
2016-03-16, 1, wei_ruo, 9.61, 6.36, -2.45, 6.52, 6.47, 6.65, 6.35, 1690984.59, 1096206443, 0.94, 4.60, 1.20, 541.64505
2016-03-17, 1, wei_ruo, 9.58, 6.50, 2.20, 6.36, 6.41, 6.58, 6.39, 1662576.35, 1078368554, 0.93, 2.99, 1.11, 2494.7381
2016-03-18, 1, wei_ruo, 9.53, 6.64, 2.15, 6.50, 6.55, 6.76, 6.48, 3285325.71, 2178486183, 1.83, 4.31, 1.99, 2587.49318
2016-03-21, 1, wei_ruo, 9.47, 6.90, 3.92, 6.64, 6.69, 6.95, 6.62, 3522103.67, 2396018907, 1.96, 4.97, 1.68, 726.07493
2016-03-22, 1, wei_ruo, 9.39, 7.47, 8.26, 6.90, 6.82, 7.58, 6.78, 6675309.25, 4847087700, 3.72, 11.59, 2.66, 615.46111
2016-03-23, 2, qing_du, 9.35, 7.26, -2.81, 7.47, 7.30, 7.39, 7.11, 3007638.05, 2182002656, 1.67, 3.75, 0.89, 839.57505
2016-03-24, 2, qing_du, 9.32, 7.27, 0.14, 7.26, 7.21, 7.68, 7.07, 3096361.99, 2288933856, 1.72, 8.40, 0.85, 962.49485
2016-03-25, 3, zhong_du, 9.30, 7.21, -0.83, 7.27, 7.25, 7.36, 7.07, 1611292.27, 1160117663, 0.90, 3.99, 0.41, 1713.22989
2016-03-28, 3, zhong_du, 9.28, 7.15, -0.83, 7.21, 7.30, 7.48, 7.08, 1674808.85, 1218403643, 0.93, 5.55, 0.47, 205.27506
2016-03-29, 3, zhong_du, 9.26, 6.95, -2.80, 7.15, 7.18, 7.20, 6.89, 1435008.06, 1007874210, 0.80, 4.34, 0.45, 2729.03585
2016-03-30, 3, zhong_du, 9.25, 7.13, 2.59, 6.95, 7.04, 7.14, 6.98, 1272284.95, 900452744, 0.71, 2.30, 0.59, 1280.27511
2016-03-31, 3, zhong_du, 9.23, 7.19, 0.84, 7.13, 7.15, 7.30, 7.10, 1562752.56, 1125198438, 0.87, 2.81, 0.86, 2966.05206
2016-04-01, 3, zhong_du, 9.22, 7.11, -1.11, 7.19, 7.12, 7.23, 7.00, 1144511.79, 811725936, 0.64, 3.20, 0.76, 1114.76707
2016-04-05, 3, zhong_du, 9.20, 7.25, 1.97, 7.11, 7.11, 7.33, 7.06, 1522284.4, 1099600598, 0.85, 3.80, 1.07, 572.98708
2016-04-06, 3, zhong_du, 9.19, 7.16, -1.24, 7.25, 7.19, 7.26, 7.10, 1297741.03, 931996209, 0.72, 2.21, 0.94, 586.07006
2016-04-07, 3, zhong_du, 9.17, 7.03, -1.82, 7.16, 7.18, 7.21, 7.01, 1135374.67, 804605094, 0.63, 2.79, 0.83, 2654.23012
2016-04-08, 3, zhong_du, 9.15, 6.88, -2.13, 7.03, 6.98, 6.98, 6.76, 1534295.61, 1052479474, 0.85, 3.13, 1.15, 959.5449
2016-04-11, 3, zhong_du, 9.14, 6.97, 1.31, 6.88, 6.92, 7.04, 6.92, 1007929.92, 704701403, 0.56, 1.74, 0.76, 729.86293
2016-04-12, 3, zhong_du, 9.13, 6.90, -1.00, 6.97, 6.98, 7.00, 6.83, 786358.8, 541593706, 0.44, 2.44, 0.61, 646.09313
2016-04-13, 3, zhong_du, 9.10, 6.95, 0.72, 6.90, 6.95, 7.12, 6.92, 2268104.66, 1592731209, 1.26, 2.90, 1.97, 777.62794
2016-04-14, 3, zhong_du, 9.09, 7.00, 0.72, 6.95, 7.00, 7.04, 6.94, 1112646.65, 778008151, 0.62, 1.44, 0.83, 1276.13378
2016-04-15, 3, zhong_du, 9.08, 7.05, 0.71, 7.00, 7.01, 7.13, 7.01, 1270533.01, 897153409, 0.71, 1.71, 0.95, 667.80901
2016-04-18, 3, zhong_du, 9.06, 6.88, -2.41, 7.05, 7.00, 7.00, 6.86, 929358.09, 640596725, 0.52, 1.99, 0.72, 657.23515
2016-04-19, 3, zhong_du, 9.06, 6.89, 0.15, 6.88, 6.92, 6.96, 6.82, 728436.14, 500846344, 0.41, 2.03, 0.57, 3410.52103
2016-04-20, 3, zhong_du, 9.03, 6.50, -5.66, 6.89, 6.90, 6.95, 6.33, 1751733.62, 1160491241, 0.98, 9.00, 1.39, 2875.669
2016-04-21, 2, qing_du, 9.02, 6.41, -1.38, 6.50, 6.47, 6.53, 6.38, 910738.65, 588412131, 0.51, 2.31, 0.79, 363.72805
2016-04-22, 2, qing_du, 9.01, 6.43, 0.31, 6.41, 6.37, 6.46, 6.33, 597014.73, 382089618, 0.33, 2.03, 0.53, 2741.75406
2016-04-25, 1, wei_ruo, 9.00, 6.34, -1.40, 6.43, 6.40, 6.41, 6.27, 664421.13, 420111252, 0.37, 2.18, 0.68, 577.38805
2016-04-26, 1, wei_ruo, 8.99, 6.42, 1.26, 6.34, 6.35, 6.43, 6.31, 642698.85, 408994427, 0.36, 1.89, 0.69, 443.16101
2016-04-27, 1, wei_ruo, 8.98, 6.35, -1.09, 6.42, 6.43, 6.44, 6.32, 513514.28, 327395363, 0.29, 1.87, 0.56, 748.37613
2016-04-28, 1, wei_ruo, 8.97, 6.34, -0.16, 6.35, 6.34, 6.38, 6.30, 649634.74, 411239798, 0.36, 1.26, 0.98, 965.35015
2016-04-29, 1, wei_ruo, 8.97, 6.30, -0.63, 6.34, 6.33, 6.34, 6.29, 534754.91, 337616080, 0.30, 0.79, 0.87, 751.652
2016-05-03, 1, wei_ruo, 8.95, 6.43, 2.06, 6.30, 6.31, 6.44, 6.28, 844052.28, 538296023, 0.47, 2.54, 1.40, 2533.81896
2016-05-04, 1, wei_ruo, 8.94, 6.50, 1.09, 6.43, 6.40, 6.58, 6.37, 1032270.81, 668178301, 0.57, 3.27, 1.62, 574.06402
2016-05-05, 1, wei_ruo, 8.93, 6.49, -0.15, 6.50, 6.47, 6.55, 6.43, 666751.08, 431874383, 0.37, 1.85, 0.93, 1287.45294
2016-05-06, 1, wei_ruo, 8.92, 6.22, -4.16, 6.49, 6.48, 6.50, 6.21, 1059803.6, 671431506, 0.59, 4.47, 1.42, 550.42386
2016-05-09, 1, wei_ruo, 8.90, 5.99, -3.70, 6.22, 6.20, 6.20, 5.95, 1006230.31, 607582205, 0.56, 4.02, 1.22, 573.45605
2016-05-10, 1, wei_ruo, 8.88, 6.07, 1.34, 5.99, 6.00, 6.24, 5.94, 980904.38, 593917197, 0.55, 5.01, 1.06, 915.85398
2016-05-11, 1, wei_ruo, 8.87, 6.03, -0.66, 6.07, 6.09, 6.12, 5.97, 747086.4, 450779904, 0.42, 2.47, 0.79, 860.59809
2016-05-12, 1, wei_ruo, 8.86, 6.06, 0.50, 6.03, 5.98, 6.08, 5.85, 731518.36, 437317783, 0.41, 3.81, 0.82, 837.10098
2016-05-13, 1, wei_ruo, 8.85, 6.04, -0.33, 6.06, 6.07, 6.12, 6.02, 558435.03, 338359299, 0.31, 1.65, 0.62, 2915.07006
2016-05-16, 1, wei_ruo, 8.84, 6.10, 0.99, 6.04, 6.02, 6.14, 5.99, 696315.95, 422550103, 0.39, 2.48, 0.87, 14529.96802
2016-05-17, 1, wei_ruo, 8.83, 6.03, -1.15, 6.10, 6.08, 6.10, 6.00, 633267.98, 382505732, 0.35, 1.64, 0.85, 554.77095
2016-05-18, 1, wei_ruo, 8.82, 5.85, -2.99, 6.03, 5.97, 5.99, 5.81, 871099.97, 512972145, 0.49, 2.99, 1.29, 927.55389
2016-05-19, 1, wei_ruo, 8.81, 5.86, 0.17, 5.85, 5.90, 5.93, 5.85, 494559.17, 291372616, 0.28, 1.37, 0.71, 1517.06219
2016-05-20, 1, wei_ruo, 8.80, 5.96, 1.71, 5.86, 5.81, 6.05, 5.80, 762612.25, 452927301, 0.42, 4.27, 1.17, 2570.0891
2016-05-23, 1, wei_ruo, 8.79, 6.01, 0.84, 5.96, 6.05, 6.07, 5.97, 685739.07, 412595153, 0.38, 1.68, 0.99, 708.18305
2016-05-24, 1, wei_ruo, 8.78, 5.92, -1.50, 6.01, 6.00, 6.00, 5.89, 609983.55, 361620799, 0.34, 1.83, 0.88, 422.49894
2016-05-25, 1, wei_ruo, 8.77, 5.91, -0.17, 5.92, 5.95, 6.01, 5.90, 477797.89, 284272520, 0.27, 1.86, 0.69, 704.96798
2016-05-26, 1, wei_ruo, 8.76, 5.93, 0.34, 5.91, 5.91, 5.97, 5.83, 536990.05, 316483604, 0.30, 2.37, 0.78, 446.23494
2016-05-27, 1, wei_ruo, 8.75, 5.94, 0.17, 5.93, 5.94, 5.99, 5.89, 568424.03, 337699479, 0.32, 1.69, 0.82, 2831.75397
2016-05-30, 1, wei_ruo, 8.74, 5.94, 0.00, 5.94, 5.90, 5.97, 5.85, 542146.8, 321277990, 0.30, 2.02, 0.79, 429.9469
2016-05-31, 1, wei_ruo, 8.72, 6.15, 3.54, 5.94, 5.95, 6.17, 5.93, 1446601.97, 882936505, 0.81, 4.04, 2.10, 450.43397
2016-06-01, 1, wei_ruo, 8.71, 6.16, 0.16, 6.15, 6.15, 6.20, 6.11, 1056888.43, 651326797, 0.59, 1.46, 1.53, 649.55401
2016-06-02, 1, wei_ruo, 8.71, 6.15, -0.16, 6.16, 6.14, 6.16, 6.09, 716264.86, 438179657, 0.40, 1.14, 1.04, 567.84701
2016-06-03, 1, wei_ruo, 8.68, 6.17, 0.33, 6.15, 6.21, 6.28, 6.15, 1182200.72, 734138559, 0.66, 2.11, 1.71, 715.40904
2016-06-30, 1, wei_ruo, 8.63, 6.33, -1.40, 6.42, 6.36, 6.43, 6.28, 1013528.39, 641467487, 0.56, 2.34, 1.47, 822.6862
2016-07-01, 1, wei_ruo, 8.62, 6.37, 0.63, 6.33, 6.33, 6.47, 6.30, 1002379.34, 640262865, 0.56, 2.69, 1.45, 668.221
2016-07-04, 1, wei_ruo, 8.59, 6.65, 4.40, 6.37, 6.34, 6.72, 6.31, 2463595.34, 1621802295, 1.37, 6.44, 3.57, 694.72098
2016-07-05, 1, wei_ruo, 8.55, 7.01, 5.41, 6.65, 6.68, 7.30, 6.65, 4324886, 3021246675, 2.41, 9.77, 6.27, 4487.10585
2016-07-06, 2, qing_du, 8.53, 6.89, -1.71, 7.01, 6.90, 6.99, 6.81, 1919158.96, 1319584659, 1.07, 2.57, 2.78, 4885.99396
2016-07-07, 2, qing_du, 8.52, 6.84, -0.73, 6.89, 6.87, 6.88, 6.76, 1222857.74, 833779005, 0.68, 1.74, 1.77, 891.18314
2016-07-08, 2, qing_du, 8.51, 6.91, 1.02, 6.84, 6.82, 6.96, 6.81, 1471099.8, 1017728288, 0.82, 2.19, 2.13, 1718.97507
2016-07-11, 2, qing_du, 8.49, 7.16, 3.62, 6.91, 7.09, 7.29, 7.07, 3054228.85, 2192633933, 1.70, 3.18, 4.43, 822.78109
2016-07-12, 3, zhong_du, 8.47, 7.20, 0.56, 7.16, 7.18, 7.25, 7.05, 2292777.31, 1640021893, 1.28, 2.79, 3.33, 14564.47697
2016-07-13, 3, zhong_du, 8.45, 7.23, 0.42, 7.20, 7.29, 7.47, 7.13, 2355590.34, 1719645093, 1.31, 4.72, 3.42, 747.78295
2016-07-14, 3, zhong_du, 8.44, 7.22, -0.14, 7.23, 7.15, 7.33, 7.08, 1534730.69, 1103899445, 0.85, 3.46, 2.23, 3208.20403
2016-07-15, 3, zhong_du, 8.44, 7.14, -1.11, 7.22, 7.35, 7.40, 7.12, 1170099.02, 842781721, 0.65, 3.88, 1.70, 18225.62385
2016-07-18, 3, zhong_du, 8.43, 7.01, -1.82, 7.14, 7.15, 7.17, 6.99, 1198732.07, 846075244, 0.67, 2.52, 1.74, 887.93898
2016-07-19, 3, zhong_du, 8.42, 7.00, -0.14, 7.01, 6.99, 7.07, 6.93, 771569.36, 538903747, 0.43, 2.00, 1.12, 582.27301
2016-07-20, 3, zhong_du, 8.42, 6.94, -0.86, 7.00, 6.99, 7.02, 6.93, 575778.51, 400908437, 0.32, 1.29, 0.84, 611.02104
2016-07-21, 3, zhong_du, 8.41, 6.89, -0.72, 6.94, 6.95, 7.03, 6.86, 1066315.64, 740908314, 0.59, 2.45, 1.55, 2797.85705
2016-07-22, 3, zhong_du, 8.40, 6.87, -0.29, 6.89, 6.94, 7.02, 6.83, 1029265.05, 712710903, 0.57, 2.76, 1.49, 702.75092
2016-07-25, 3, zhong_du, 8.39, 6.84, -0.44, 6.87, 6.85, 6.91, 6.81, 541134.65, 370827927, 0.30, 1.46, 0.78, 18294.59906
2016-07-26, 3, zhong_du, 8.39, 6.92, 1.17, 6.84, 6.84, 6.93, 6.82, 569942.34, 392303984, 0.32, 1.61, 0.83, 1127.72202
2016-07-27, 3, zhong_du, 8.38, 6.63, -4.19, 6.92, 6.93, 6.97, 6.44, 1436563.99, 966812906, 0.80, 7.66, 2.08, 616.47797
2016-07-28, 3, zhong_du, 8.37, 6.68, 0.75, 6.63, 6.64, 6.75, 6.56, 761541.96, 507460269, 0.42, 2.87, 1.10, 2646.29102
2016-07-29, 3, zhong_du, 8.36, 6.63, -0.75, 6.68, 6.63, 6.67, 6.57, 482474.26, 319123636, 0.27, 1.50, 0.70, 14211.09295
2016-08-01, 2, qing_du, 8.36, 6.49, -2.11, 6.63, 6.58, 6.62, 6.46, 604613.39, 393521694, 0.34, 2.41, 0.88, 4104.51412
2016-08-02, 2, qing_du, 8.35, 6.54, 0.77, 6.49, 6.49, 6.55, 6.46, 412063.59, 268343549, 0.23, 1.39, 0.60, 14171.36097
2016-08-03, 2, qing_du, 8.35, 6.55, 0.15, 6.54, 6.49, 6.60, 6.45, 658935.27, 430655879, 0.37, 2.29, 1.02, 4749.35198
2016-08-04, 2, qing_du, 8.34, 6.54, -0.15, 6.55, 6.52, 6.55, 6.47, 477101.42, 310399077, 0.27, 1.22, 0.79, 14272.55583
2016-08-05, 2, qing_du, 8.34, 6.50, -0.61, 6.54, 6.52, 6.55, 6.49, 377050.63, 245617070, 0.21, 0.92, 0.63, 518.32294
2016-08-08, 2, qing_du, 8.33, 6.68, 2.77, 6.50, 6.50, 6.69, 6.45, 813389.73, 534835499, 0.45, 3.69, 1.56, 597.00298
2016-08-09, 2, qing_du, 8.32, 6.68, 0.00, 6.68, 6.63, 6.68, 6.61, 595190.27, 395965824, 0.33, 1.05, 1.09, 4448.31014
2016-08-10, 3, zhong_du, 8.32, 6.67, -0.15, 6.68, 6.69, 6.77, 6.66, 569973, 382628346, 0.32, 1.65, 0.98, 484.73096
2016-08-11, 3, zhong_du, 8.31, 6.62, -0.75, 6.67, 6.66, 6.68, 6.58, 504167.89, 333989872, 0.28, 1.50, 0.89, 503.4008
2016-08-15, 3, zhong_du, 8.30, 6.83, 2.40, 6.67, 6.68, 6.88, 6.64, 1219597.92, 828401829, 0.68, 3.60, 2.06, 560.98294
2016-08-16, 3, zhong_du, 8.29, 6.83, 0.00, 6.83, 6.88, 6.89, 6.80, 901671.46, 617301993, 0.50, 1.32, 1.34, 766.23702
2016-08-17, 3, zhong_du, 8.28, 6.92, 1.32, 6.83, 6.85, 7.00, 6.80, 1144221.22, 792363512, 0.64, 2.93, 1.56, 14697.81399
2016-08-18, 3, zhong_du, 8.28, 6.88, -0.58, 6.92, 6.88, 6.97, 6.85, 680229.52, 468536068, 0.38, 1.73, 0.80, 14425.48084
2016-08-19, 3, zhong_du, 8.27, 6.88, 0.00, 6.88, 6.87, 6.92, 6.77, 714764.05, 489175986, 0.40, 2.18, 0.81, 499.60399
2016-08-22, 3, zhong_du, 8.27, 6.74, -2.03, 6.88, 6.87, 6.88, 6.73, 488916.87, 332426767, 0.27, 2.18, 0.52, 2433.48598
2016-08-23, 2, qing_du, 8.26, 6.75, 0.15, 6.74, 6.74, 6.81, 6.71, 427484.21, 288994872, 0.24, 1.48, 0.54, 511.94406
2016-08-24, 2, qing_du, 8.26, 6.74, -0.15, 6.75, 6.76, 6.79, 6.72, 341204.25, 230310683, 0.19, 1.04, 0.49, 690.238
2016-08-25, 1, wei_ruo, 8.26, 6.64, -1.48, 6.74, 6.71, 6.72, 6.60, 504000.44, 334608001, 0.28, 1.78, 0.95, 468.65392
2016-08-26, 1, wei_ruo, 8.25, 6.65, 0.15, 6.64, 6.67, 6.71, 6.64, 356120.27, 237696086, 0.20, 1.05, 0.72, 924.91508
2016-08-29, 1, wei_ruo, 8.25, 6.66, 0.15, 6.65, 6.68, 6.71, 6.65, 359729.82, 240125888, 0.20, 0.90, 0.85, 635.55717
2016-08-30, 1, wei_ruo, 8.25, 6.71, 0.75, 6.66, 6.66, 6.76, 6.66, 435799.62, 292127185, 0.24, 1.50, 1.10, 460.93583
2016-08-31, 1, wei_ruo, 8.24, 6.73, 0.30, 6.71, 6.75, 6.77, 6.69, 466060.89, 313920351, 0.26, 1.19, 1.17, 470.18909
2016-09-01, 1, wei_ruo, 8.24, 6.63, -1.49, 6.73, 6.73, 6.74, 6.63, 419732.57, 280544046, 0.23, 1.63, 0.99, 513.29494
2016-09-02, 1, wei_ruo, 8.24, 6.54, -1.36, 6.63, 6.61, 6.66, 6.51, 592732.64, 389949192, 0.33, 2.26, 1.40, 639.18304
2016-09-05, 1, wei_ruo, 8.24, 6.56, 0.31, 6.54, 6.57, 6.62, 6.54, 329050.61, 216652131, 0.18, 1.22, 0.78, 579.40507
2016-09-06, 1, wei_ruo, 8.24, 6.71, 0.00, 6.71, 6.75, 6.77, 6.69, 158818.88, 106993858, 0.09, 1.19, 2.27, 495.91398
2016-09-07, 1, wei_ruo, 8.24, 6.71, 0.00, 6.71, 6.75, 6.77, 6.69, 158818.88, 106993858, 0.09, 1.19, 2.27, 2589.26892
2016-09-08, 1, wei_ruo, 8.24, 6.65, 0.00, 6.65, 6.65, 6.68, 6.61, 356401.74, 236429436, 0.20, 1.05, 0.84, 649.34802
2016-09-09, 1, wei_ruo, 8.24, 6.71, 0.00, 6.71, 6.75, 6.77, 6.69, 158818.88, 106993858, 0.09, 1.19, 2.27, 4794.30413
2016-09-12, 1, wei_ruo, 8.24, 6.42, -2.87, 6.61, 6.50, 6.53, 6.39, 806416.82, 520045875, 0.45, 2.12, 1.90, 618.56985
2016-09-13, 1, wei_ruo, 8.24, 6.71, 0.00, 6.71, 6.75, 6.77, 6.69, 158818.88, 106993858, 0.09, 1.19, 2.27, 787.9858
2016-09-14, 1, wei_ruo, 8.24, 6.71, 0.00, 6.71, 6.75, 6.77, 6.69, 158818.88, 106993858, 0.09, 1.19, 2.27, 594.05303
2016-09-19, 1, wei_ruo, 8.24, 6.35, 0.63, 6.31, 6.31, 6.45, 6.31, 459234.36, 293111514, 0.26, 2.22, 1.08, 744.48705
2016-09-20, 1, wei_ruo, 8.24, 6.28, -1.10, 6.35, 6.35, 6.36, 6.27, 440324.12, 277735941, 0.25, 1.42, 1.04, 4527.20404
2016-09-21, 1, wei_ruo, 8.24, 6.31, 0.48, 6.28, 6.30, 6.33, 6.28, 302640.9, 191031192, 0.17, 0.80, 0.71, 537.48298
2016-09-22, 1, wei_ruo, 8.24, 6.33, 0.32, 6.31, 6.35, 6.37, 6.31, 366124.78, 231842536, 0.20, 0.95, 0.86, 541.82601
2016-09-23, 1, wei_ruo, 8.24, 6.30, -0.47, 6.33, 6.34, 6.35, 6.28, 325258.53, 205151646, 0.18, 1.11, 0.77, 1492.22207
2016-09-26, 1, wei_ruo, 8.24, 6.14, -2.54, 6.30, 6.29, 6.29, 6.12, 592780.9, 367051962, 0.33, 2.70, 1.40, 749.20988
2016-09-27, 1, wei_ruo, 8.24, 6.19, 0.81, 6.14, 6.10, 6.19, 6.10, 411442.79, 252847015, 0.23, 1.47, 0.97, 677.04415
2016-09-28, 1, wei_ruo, 8.24, 6.18, -0.16, 6.19, 6.19, 6.21, 6.16, 303002.28, 187463857, 0.17, 0.81, 0.71, 709.82599
2016-09-29, 1, wei_ruo, 8.24, 6.19, 0.16, 6.18, 6.20, 6.22, 6.18, 320004.65, 198474702, 0.18, 0.65, 0.75, 3591.91513
2016-09-30, 1, wei_ruo, 8.24, 6.20, 0.16, 6.19, 6.19, 6.23, 6.19, 239804.3, 148773933, 0.13, 0.65, 0.57, 733.70314
2016-10-10, 1, wei_ruo, 8.24, 6.34, 2.26, 6.20, 6.23, 6.35, 6.23, 491317.08, 309889381, 0.27, 1.94, 1.16, 668.45608
2016-10-11, 1, wei_ruo, 8.24, 6.66, 5.05, 6.34, 6.41, 6.73, 6.40, 1636940.73, 1083836741, 0.91, 5.21, 3.86, 830.04594
2016-10-12, 1, wei_ruo, 8.24, 6.58, -1.20, 6.66, 6.62, 6.62, 6.51, 851127.25, 559006607, 0.47, 1.65, 2.01, 884.50003
2016-10-13, 1, wei_ruo, 8.24, 6.73, 2.28, 6.58, 6.57, 6.84, 6.54, 1563844.06, 1054697065, 0.87, 4.56, 3.69, 4605.73506
2016-10-14, 1, wei_ruo, 8.11, 6.71, -0.30, 6.73, 6.69, 6.73, 6.59, 857928.87, 570710033, 0.48, 2.08, 2.02, 2586.55596
2016-10-17, 2, qing_du, 8.11, 6.71, 0.00, 6.71, 6.72, 6.84, 6.69, 488139.29, 329520925, 0.27, 2.24, 2.30, 2831.70295
2016-10-18, 2, qing_du, 8.10, 6.71, 0.00, 6.71, 6.72, 6.84, 6.69, 488139.29, 329520925, 0.27, 2.24, 2.30, 2206.84886
2016-10-19, 2, qing_du, 8.09, , , , , , , , , , , , 520.71285
2016-10-20, 2, qing_du, 8.08, 6.68, -0.45, 6.71, 6.73, 6.80, 6.67, 806041.9, 542508692, 0.45, 1.94, 1.19, 751.544
2016-10-21, 3, zhong_du, 8.07, 6.80, 1.80, 6.68, 6.66, 6.86, 6.63, 1838655.25, 1245606449, 1.02, 3.44, 2.40, 1451.54405
2016-10-24, 3, zhong_du, 8.06, 6.86, 0.88, 6.80, 6.81, 6.94, 6.76, 1893057.28, 1299464449, 1.05, 2.65, 1.82, 738.84916
2016-10-25, 3, zhong_du, 8.05, 6.75, -1.60, 6.86, 6.84, 6.85, 6.72, 1176826.64, 796401521, 0.66, 1.90, 1.12, 2733.01792
2016-10-26, 3, zhong_du, 8.04, 6.69, -0.89, 6.75, 6.75, 6.76, 6.67, 800610.92, 537074527, 0.45, 1.33, 0.76, 570.50085
2016-10-27, 3, zhong_du, 8.04, 6.69, 0.00, 6.69, 6.69, 6.72, 6.63, 526996.4, 351516234, 0.29, 1.35, 0.50, 742.79118
2016-10-28, 3, zhong_du, 8.03, 6.64, -0.75, 6.69, 6.74, 6.79, 6.62, 1025204.72, 687693583, 0.57, 2.54, 0.98, 2728.18017
2016-10-31, 3, zhong_du, 8.02, 6.52, -1.81, 6.64, 6.60, 6.63, 6.47, 727598.32, 475294175, 0.41, 2.41, 0.70, 579.83398
2016-11-01, 2, qing_du, 8.02, 6.57, 0.77, 6.52, 6.54, 6.58, 6.52, 451409.5, 295846831, 0.25, 0.92, 0.43, 1126.90592
2016-11-02, 2, qing_du, 8.01, 6.47, -1.52, 6.57, 6.56, 6.57, 6.45, 619291.54, 402317524, 0.34, 1.83, 0.59, 836.08294
2016-11-03, 2, qing_du, 8.01, 6.55, 1.39, 6.46, 6.45, 6.65, 6.42, 973061.95, 637852258, 0.54, 3.56, 0.93, 684.33905
2016-11-04, 2, qing_du, 8.00, 6.50, -0.76, 6.55, 6.50, 6.58, 6.50, 566811.72, 369903410, 0.32, 1.22, 0.54, 539.40892
2016-11-07, 2, qing_du, 8.00, 6.50, 0.00, 6.50, 6.50, 6.55, 6.46, 469475.21, 305409456, 0.26, 1.38, 0.45, 670.28594
2016-11-08, 2, qing_du, 7.99, 6.54, 0.62, 6.50, 6.53, 6.57, 6.51, 507778.35, 332079056, 0.28, 0.92, 0.49, 427.99711
2016-11-09, 2, qing_du, 7.99, 6.42, -1.98, 6.55, 6.54, 6.55, 6.35, 1004348.74, 645850833, 0.56, 3.05, 0.96, 913.29908
2016-11-10, 2, qing_du, 7.98, 6.53, 1.71, 6.42, 6.48, 6.55, 6.46, 871376.2, 567171560, 0.49, 1.40, 0.83, 3105.08919
2016-11-11, 2, qing_du, 7.96, 6.67, 1.99, 6.54, 6.52, 6.75, 6.47, 1871818.08, 1238603021, 1.04, 4.28, 1.79, 746.74201
2016-11-14, 2, qing_du, 7.95, 6.75, 1.20, 6.67, 6.64, 6.84, 6.61, 2045391.48, 1380578341, 1.14, 3.45, 1.95, 482.22399
2016-11-15, 3, zhong_du, 7.94, 6.80, 0.59, 6.76, 6.75, 6.92, 6.73, 1579552.14, 1076424653, 0.88, 2.81, 1.52, 573.46392
2016-11-16, 4, gao_du, 7.93, 6.80, 0.59, 6.76, 6.75, 6.92, 6.73, 962677.11, 656688696, 0.54, 2.81, 1.84, 482.97381
2016-11-17, 4, gao_du, 7.92, 6.80, 0.59, 6.76, 6.75, 6.92, 6.73, 962677.11, 656688696, 0.54, 2.81, 1.84, 648.61488
2016-11-18, 5, qiang_lie, 7.91, 6.75, -0.74, 6.80, 6.81, 6.85, 6.72, 588151.95, 397974137, 0.33, 1.91, 1.12, 666.97907
2016-11-21, 5, qiang_lie, 7.89, 7.00, 2.19, 6.85, 6.83, 7.19, 6.81, 2676434.67, 1884144458, 1.49, 5.55, 2.56, 337.0719
2016-11-22, 5, qiang_lie, 7.88, 7.02, 0.29, 7.00, 6.98, 7.18, 6.94, 2220199.91, 1563681273, 1.24, 3.43, 2.12, 965.67702
2016-11-23, 5, qiang_lie, 7.87, 6.95, -1.00, 7.02, 7.04, 7.12, 6.92, 1690790.11, 1185566470, 0.94, 2.85, 1.62, 534.34205
2016-11-24, 5, qiang_lie, 7.87, 6.87, -1.29, 6.96, 6.93, 6.98, 6.83, 1454438.68, 1002751656, 0.81, 2.16, 1.39, 867.07711
2016-11-25, 5, qiang_lie, 7.86, 6.93, 0.87, 6.87, 6.87, 6.95, 6.76, 1441211.74, 987684855, 0.80, 2.77, 1.38, 606.79889
2016-11-28, 5, qiang_lie, 7.85, 7.02, 1.15, 6.94, 6.93, 7.08, 6.91, 1842198.99, 1291921922, 1.03, 2.45, 1.76, 549.86
2016-11-29, 5, qiang_lie, 7.83, 7.31, 4.13, 7.02, 7.00, 7.50, 6.96, 5557234.74, 4025388605, 3.09, 7.69, 5.31, 346.23814
2016-11-30, 5, qiang_lie, 7.82, 7.20, -1.50, 7.31, 7.20, 7.33, 7.09, 2830220.33, 2036478101, 1.58, 3.28, 2.72, 438.96914
2016-12-01, 5, qiang_lie, 7.81, 7.61, 5.55, 7.21, 7.17, 7.88, 7.16, 5790657.17, 4375929877, 3.22, 9.99, 5.53, 389.10198
2016-12-02, 5, qiang_lie, 7.80, 7.44, -2.23, 7.61, 7.62, 7.81, 7.40, 4821372.01, 3658274264, 2.68, 5.39, 4.61, 2552.80805
2016-12-05, 5, qiang_lie, 7.79, 7.37, -0.94, 7.44, 7.15, 7.85, 7.15, 5302156.1, 3982084345, 2.95, 9.41, 5.07, 711.0281
2016-12-06, 5, qiang_lie, 7.79, 7.49, 1.63, 7.37, 7.30, 7.68, 7.29, 3274914.73, 2454019248, 1.82, 5.29, 3.13, 717.97514
2016-12-07, 5, qiang_lie, 7.79, 7.63, 1.87, 7.49, 7.44, 7.65, 7.42, 3193496.64, 2415634719, 1.78, 3.07, 3.06, 527.61292
2016-12-08, 5, qiang_lie, 7.78, 7.49, -2.09, 7.65, 7.62, 7.73, 7.44, 2996677.03, 2271175207, 1.67, 3.79, 2.86, 440.95087
2016-12-09, 5, qiang_lie, 7.78, 7.47, -0.27, 7.49, 7.45, 7.48, 7.25, 2418467.49, 1779088951, 1.35, 3.07, 2.31, 699.09787
2016-12-12, 5, qiang_lie, 7.77, 7.09, -5.09, 7.47, 7.41, 7.53, 7.01, 3051094.32, 2220428777, 1.70, 6.96, 2.91, 636.24787
2016-12-13, 4, gao_du, 7.76, 7.35, 3.67, 7.09, 7.04, 7.46, 7.01, 3332223.58, 2420860384, 1.86, 6.35, 3.18, 957.1209
2016-12-14, 4, gao_du, 7.75, 7.26, -1.22, 7.35, 7.33, 7.46, 7.24, 2955210.4, 2174836873, 1.65, 2.99, 2.82, 474.60103
2016-12-15, 4, gao_du, 7.74, 7.33, 0.96, 7.26, 7.21, 7.54, 7.18, 3096415.05, 2273445670, 1.72, 4.96, 2.96, 569.53597
2016-12-16, 4, gao_du, 7.74, 7.15, -2.46, 7.33, 7.23, 7.33, 7.11, 2105308.38, 1515074015, 1.17, 3.00, 2.01, 660.08711
2016-12-19, 3, zhong_du, 7.73, 7.07, -1.12, 7.15, 7.15, 7.24, 7.00, 1793271.05, 1273354993, 1.00, 3.36, 1.71, 667.06586
2016-12-20, 3, zhong_du, 7.72, 6.92, -2.12, 7.07, 7.06, 7.09, 6.85, 1839294.56, 1273744615, 1.02, 3.39, 1.76, 594.25712
2016-12-21, 3, zhong_du, 7.71, 7.20, 4.05, 6.92, 6.95, 7.29, 6.93, 3170719.18, 2256873997, 1.77, 5.20, 3.03, 475.07811
2016-12-22, 3, zhong_du, 7.71, 7.28, 1.11, 7.20, 7.15, 7.35, 7.14, 2532592.69, 1832288644, 1.41, 2.92, 2.42, 531.98886
2016-12-23, 3, zhong_du, 7.70, 7.21, -0.96, 7.28, 7.25, 7.32, 7.19, 1968478.45, 1429639611, 1.10, 1.79, 1.88, 445.13106
2016-12-26, 3, zhong_du, 7.70, 7.41, 2.77, 7.21, 7.16, 7.44, 7.12, 2209895.82, 1605376702, 1.23, 4.44, 2.11, 458.04691
2016-12-27, 4, gao_du, 7.69, 7.40, -0.13, 7.41, 7.37, 7.53, 7.31, 2059019.92, 1525734568, 1.15, 2.97, 1.97, 522.62688
2016-12-28, 4, gao_du, 7.69, 7.29, -1.49, 7.40, 7.38, 7.47, 7.28, 1565943.16, 1153322557, 0.87, 2.57, 1.50, 487.5741
2016-12-30, 3, zhong_du, 7.68, 7.09, -0.98, 7.16, 7.15, 7.26, 7.05, 1338455.11, 957935857, 0.75, 2.93, 1.28, 571.66409
2017-01-03, 3, zhong_du, 7.68, 7.09, -0.98, 7.16, 7.15, 7.26, 7.05, 1338455.11, 957935857, 0.75, 2.93, 1.28, 2552.28591
2017-01-04, 3, zhong_du, 7.67, 7.37, 0.41, 7.34, 7.30, 7.41, 7.30, 2087512.52, 1537834174, 1.16, 1.50, 1.99, 623.82102
2017-01-05, 3, zhong_du, 7.67, 7.48, 1.49, 7.37, 7.34, 7.52, 7.34, 2261599.9, 1682556668, 1.26, 2.44, 2.16, 651.11184
2017-01-06, 3, zhong_du, 7.67, 7.44, -0.53, 7.48, 7.47, 7.57, 7.39, 2148488.87, 1607622497, 1.20, 2.41, 2.05, 902.95196
2017-01-09, 4, gao_du, 7.67, 7.76, 4.30, 7.44, 7.43, 7.80, 7.40, 4222830.51, 3235708198, 2.35, 5.38, 4.03, 624.90106
2017-01-10, 4, gao_du, 7.67, 7.58, -2.32, 7.76, 7.74, 7.75, 7.57, 2469972.75, 1892406441, 1.38, 2.32, 2.36, 554.62408
2017-01-11, 5, qiang_lie, 7.67, 7.67, -1.16, 7.76, 7.74, 7.75, 7.63, 1419113.53, 1089754139, 0.79, 1.55, 2.71, 559.38005
2017-01-13, 5, qiang_lie, 7.67, 7.52, -1.70, 7.65, 7.60, 7.68, 7.45, 2245698.57, 1694478806, 1.25, 3.01, 2.15, 564.87012
2017-01-16, 4, gao_du, 7.66, 7.38, -1.86, 7.52, 7.44, 7.46, 7.15, 3067051.51, 2238035106, 1.67, 4.12, 2.93, 122792.87887
2017-01-17, 4, gao_du, 7.66, 7.67, -1.16, 7.76, 7.74, 7.75, 7.63, 1419113.53, 1089754139, 0.79, 1.55, 2.71, 677.13904
2017-01-18, 3, zhong_du, 7.66, 7.67, -1.16, 7.76, 7.74, 7.75, 7.63, 1419113.53, 1089754139, 0.79, 1.55, 2.71, 808.33697
2017-02-07, 4, gao_du, 7.65, 7.76, 1.84, 7.62, 7.59, 7.78, 7.56, 1102297.41, 845779341, 0.60, 2.89, 2.43, 616.64319
2017-02-08, 5, qiang_lie, 7.65, 7.84, 2.89, 7.62, 7.59, 7.88, 7.56, 3215722.81, 2497758946, 1.75, 4.20, 3.07, 614.30812
2017-02-09, 5, qiang_lie, 7.66, 7.84, 0.00, 7.84, 7.92, 7.96, 7.77, 2332645.03, 1834041127, 1.27, 2.42, 2.86, 488.29794
2017-02-10, 5, qiang_lie, 7.66, 8.04, 1.77, 7.90, 7.86, 8.13, 7.82, 3536680.3, 2823046938, 1.93, 3.92, 3.38, 664.50906
2017-02-13, 5, qiang_lie, 7.67, 8.02, -0.25, 8.04, 8.00, 8.07, 7.93, 2075662.97, 1658688649, 1.13, 1.74, 1.98, 64741.75811
2017-02-14, 5, qiang_lie, 7.67, 7.91, -1.37, 8.02, 8.01, 8.07, 7.88, 1989454.43, 1581274272, 1.08, 2.37, 1.90, 639.61101
2017-02-15, 5, qiang_lie, 7.67, 7.69, -2.78, 7.91, 7.80, 7.83, 7.64, 3282198.58, 2535570066, 1.79, 2.40, 3.14, 4688.972
2017-02-16, 5, qiang_lie, 7.67, 7.73, 0.52, 7.69, 7.65, 7.74, 7.62, 1317292.62, 1014044008, 0.72, 1.56, 1.26, 839.55312
2017-02-17, 4, gao_du, 7.67, 7.74, 0.13, 7.73, 7.71, 7.81, 7.64, 2180786.83, 1686808979, 1.19, 2.20, 2.08, 697.41797
2017-02-20, 4, gao_du, 7.67, 7.74, 0.13, 7.73, 7.71, 7.81, 7.64, 2180786.83, 1686808979, 1.19, 2.20, 2.08, 639.05096
2017-02-21, 4, gao_du, 7.67, 7.76, -0.26, 7.78, 7.77, 7.78, 7.69, 1288539.07, 995855986, 0.70, 1.16, 1.23, 784.70588
2017-02-22, 4, gao_du, 7.67, 7.71, -0.64, 7.76, 7.74, 7.76, 7.68, 1293725.26, 997266314, 0.70, 1.03, 1.24, 2738.28197
2017-02-24, 4, gao_du, 7.67, 7.65, 0.26, 7.63, 7.61, 7.69, 7.60, 290024.54, 222137322, 0.16, 1.18, 1.51, 889.69421
2017-02-27, 4, gao_du, 7.67, 7.65, 0.26, 7.63, 7.61, 7.69, 7.60, 290024.54, 222137322, 0.16, 1.18, 1.51, 934.60798
2017-02-28, 3, zhong_du, 7.67, 7.65, 0.26, 7.63, 7.61, 7.69, 7.60, 290024.54, 222137322, 0.16, 1.18, 1.51, 761.86109
2017-03-01, 3, zhong_du, 7.67, 7.74, 0.78, 7.68, 7.66, 7.79, 7.65, 1401246.48, 1085440381, 0.76, 1.82, 1.34, 704.6802
2017-03-02, 3, zhong_du, 7.67, 7.60, -1.81, 7.74, 7.74, 7.76, 7.58, 1305993.09, 1000182446, 0.71, 2.33, 1.25, 1391.44397
2017-03-03, 3, zhong_du, 7.67, 7.58, -0.26, 7.60, 7.56, 7.64, 7.53, 901682.64, 683241019, 0.49, 1.45, 0.86, 2797.27697
2017-03-06, 3, zhong_du, 7.67, 7.61, 0.40, 7.58, 7.55, 7.62, 7.53, 830041.93, 629171331, 0.45, 1.19, 0.79, 123380.26309
2017-03-07, 3, zhong_du, 7.67, 7.57, 0.53, 7.53, 7.54, 7.61, 7.51, 572164.91, 433345274, 0.31, 1.33, 1.21, 124626.76907
2017-03-08, 3, zhong_du, 7.67, 7.55, 0.27, 7.53, 7.54, 7.61, 7.51, 965375.39, 730558862, 0.53, 1.33, 0.92, 798.93684
2017-03-09, 2, qing_du, 7.67, 7.36, -2.52, 7.55, 7.53, 7.53, 7.35, 1462172.06, 1080983489, 0.80, 2.38, 1.40, 2856.92382
2017-03-10, 2, qing_du, 7.67, 7.31, -0.68, 7.36, 7.36, 7.40, 7.30, 751689.37, 551691491, 0.41, 1.36, 0.72, 637.32409
2017-03-13, 1, wei_ruo, 7.67, 7.34, 0.41, 7.31, 7.32, 7.37, 7.25, 803529.7, 588544054, 0.44, 1.64, 0.77, 710.23083
2017-03-14, 1, wei_ruo, 7.66, 7.38, 0.54, 7.34, 7.35, 7.45, 7.34, 986523.47, 730476237, 0.54, 1.50, 0.94, 585.2809
2017-03-15, 1, wei_ruo, 7.66, 7.33, -0.68, 7.38, 7.38, 7.38, 7.30, 692161.2, 506829946, 0.38, 1.08, 0.66, 2624.54891
2017-03-16, 1, wei_ruo, 7.66, 7.40, 0.95, 7.33, 7.33, 7.40, 7.33, 814808.29, 601239626, 0.44, 0.95, 0.78, 605.57699
2017-03-17, 1, wei_ruo, 7.66, 7.28, -1.62, 7.40, 7.41, 7.43, 7.27, 882563.53, 647681259, 0.48, 2.16, 0.84, 609.27486
2017-03-20, 1, wei_ruo, 7.66, 7.28, 0.00, 7.28, 7.29, 7.34, 7.23, 698382.41, 507607955, 0.38, 1.51, 0.67, 879.52995
2017-03-21, 1, wei_ruo, 7.66, 7.29, 0.14, 7.28, 7.29, 7.31, 7.25, 652600.15, 474664111, 0.36, 0.82, 0.62, 635.94198
2017-03-22, 1, wei_ruo, 7.66, 7.22, -0.96, 7.29, 7.26, 7.29, 7.18, 1030536.55, 744443817, 0.56, 1.51, 0.98, 640.62095
2017-03-23, 1, wei_ruo, 7.65, 7.20, -0.28, 7.22, 7.22, 7.25, 7.14, 985625.39, 709634062, 0.54, 1.52, 0.94, 581.67386
2017-03-24, 1, wei_ruo, 7.65, 7.34, 1.94, 7.20, 7.19, 7.35, 7.14, 1303645.63, 944591775, 0.71, 2.92, 1.25, 569.92793
2017-03-27, 1, wei_ruo, 7.65, 7.33, -0.14, 7.34, 7.30, 7.39, 7.29, 1067162.12, 782469986, 0.58, 1.36, 1.02, 647.542
2017-03-28, 1, wei_ruo, 7.65, 7.32, -0.14, 7.33, 7.33, 7.38, 7.30, 713083.43, 523335875, 0.39, 1.09, 0.68, 602.63109
2017-03-29, 1, wei_ruo, 7.65, 7.37, 0.68, 7.32, 7.34, 7.44, 7.30, 1305072.19, 963519617, 0.71, 1.91, 1.25, 1000.28682
2017-03-30, 1, wei_ruo, 7.64, 7.23, -1.90, 7.37, 7.36, 7.39, 7.22, 1015495.92, 739107447, 0.55, 2.31, 0.97, 839.293
2017-03-31, 1, wei_ruo, 7.64, 7.44, 2.90, 7.23, 7.31, 7.51, 7.31, 1961387.9, 1458162288, 1.07, 2.77, 1.87, 651.56698
2017-04-05, 1, wei_ruo, 7.64, 7.60, 2.15, 7.44, 7.45, 7.62, 7.38, 2088320.97, 1576319933, 1.14, 3.23, 2.00, 556.93197
2017-04-06, 1, wei_ruo, 7.64, 7.64, 0.53, 7.60, 7.60, 7.75, 7.55, 2167042.26, 1657638810, 1.18, 2.63, 2.07, 2701.91407
2017-04-07, 1, wei_ruo, 7.64, 7.66, 0.26, 7.64, 7.90, 7.90, 7.63, 3097738.92, 2403245283, 1.69, 3.53, 2.96, 612.82897
2017-04-10, 2, qing_du, 7.64, 7.77, 1.44, 7.66, 7.69, 7.88, 7.61, 2663083.42, 2062990273, 1.45, 3.52, 2.54, 578.52006
2017-04-11, 3, zhong_du, 7.65, 8.04, 3.47, 7.77, 7.71, 8.12, 7.67, 4931458.1, 3911015044, 2.69, 5.79, 4.71, 601.21799
2017-04-12, 3, zhong_du, 7.66, 7.94, -1.24, 8.04, 8.06, 8.14, 7.89, 3104405.03, 2484969270, 1.69, 3.11, 2.97, 563.73501
2017-04-13, 3, zhong_du, 7.66, 7.82, -1.51, 7.94, 7.86, 7.93, 7.78, 1713464.51, 1343164392, 0.93, 1.89, 1.64, 647.84598
2017-04-14, 3, zhong_du, 7.66, 7.84, 0.26, 7.82, 7.82, 7.97, 7.79, 1550599.93, 1220496596, 0.84, 2.30, 1.48, 613.97481
2017-04-17, 3, zhong_du, 7.66, 7.71, -1.66, 7.84, 7.83, 7.83, 7.62, 1404094.58, 1078224211, 0.76, 2.68, 1.34, 554.12006
2017-04-18, 2, qing_du, 7.66, 7.61, -1.30, 7.71, 7.69, 7.74, 7.60, 1117622.25, 856411566, 0.61, 1.82, 1.07, 609.70712
2017-04-19, 2, qing_du, 7.66, 7.48, -1.71, 7.61, 7.61, 7.67, 7.40, 1515630.77, 1139615582, 0.83, 3.55, 1.45, 578.68409
2017-04-20, 1, wei_ruo, 7.66, 7.58, 1.34, 7.48, 7.50, 7.58, 7.40, 1065021.93, 797866587, 0.58, 2.41, 1.02, 606.43101
2017-04-21, 1, wei_ruo, 7.66, 7.51, -0.92, 7.58, 7.54, 7.60, 7.46, 1007587.46, 759111067, 0.55, 1.85, 0.96, 672.8611
2017-04-24, 1, wei_ruo, 7.66, 7.24, -3.60, 7.51, 7.53, 7.58, 7.23, 1355888.43, 999757602, 0.74, 4.66, 1.30, 709.66697
2017-04-25, 1, wei_ruo, 7.65, 7.58, 4.70, 7.24, 7.26, 7.60, 7.19, 1724774.38, 1273087168, 0.94, 5.66, 1.65, 767.08198
2017-04-26, 1, wei_ruo, 7.65, 7.24, -4.49, 7.58, 7.52, 7.55, 7.23, 2230769.69, 1636057705, 1.21, 4.22, 2.13, 829.97799
2017-04-27, 1, wei_ruo, 7.64, 7.03, -2.90, 7.24, 7.18, 7.18, 6.83, 2006597.9, 1399232401, 1.09, 4.83, 1.92, 534.48915
2017-04-28, 1, wei_ruo, 7.64, 7.04, 0.14, 7.03, 7.01, 7.10, 6.96, 802485.64, 564618514, 0.44, 1.99, 0.77, 695.49417
2017-05-02, 1, wei_ruo, 7.64, 6.98, -0.85, 7.04, 7.05, 7.05, 6.96, 665306.94, 465230679, 0.36, 1.28, 0.64, 804.3499
2017-05-03, 1, wei_ruo, 7.63, 6.87, -1.58, 6.98, 6.96, 6.97, 6.86, 862317.63, 594810046, 0.47, 1.58, 0.82, 699.11098
2017-05-04, 1, wei_ruo, 7.63, 6.77, -1.46, 6.87, 6.85, 6.85, 6.72, 1050071.84, 710510987, 0.57, 1.89, 1.00, 571.34509
2017-05-05, 1, wei_ruo, 7.62, 6.63, -2.07, 6.77, 6.74, 6.81, 6.56, 1392966.98, 929190554, 0.76, 3.69, 1.33, 627.32196
2017-05-11, 1, wei_ruo, 7.60, 6.34, 0.63, 6.30, 6.25, 6.36, 6.10, 1053480.48, 658589924, 0.57, 4.13, 1.01, 637.84099
2017-05-12, 1, wei_ruo, 7.59, 6.29, -0.79, 6.34, 6.32, 6.34, 6.26, 795672.79, 501002293, 0.43, 1.26, 0.76, 686.41019
2017-05-15, 1, wei_ruo, 7.58, 6.22, -1.11, 6.29, 6.29, 6.35, 6.21, 756574.48, 474649089, 0.41, 2.23, 0.72, 682.11389
2017-05-16, 1, wei_ruo, 7.58, 6.29, 1.13, 6.22, 6.22, 6.31, 6.07, 1155224.92, 715075849, 0.63, 3.86, 1.10, 60680.83096
2017-05-17, 1, wei_ruo, 7.57, 6.32, 0.48, 6.29, 6.29, 6.39, 6.27, 1078663.87, 683782695, 0.59, 1.91, 1.03, 662.43315
2017-05-18, 1, wei_ruo, 7.56, 6.24, -1.27, 6.32, 6.27, 6.33, 6.22, 631992.69, 396183095, 0.34, 1.74, 0.60, 577.69895
2017-05-19, 1, wei_ruo, 7.56, 6.29, 0.80, 6.24, 6.26, 6.31, 6.25, 519405.54, 326267591, 0.28, 0.96, 0.50, 648.18692
2017-05-22, 1, wei_ruo, 7.56, 6.23, -0.95, 6.29, 6.28, 6.36, 6.21, 721576.06, 453444104, 0.39, 2.38, 0.69, 557.35397
2017-05-23, 1, wei_ruo, 7.55, 6.02, -3.37, 6.23, 6.25, 6.25, 6.00, 1137758.09, 694129329, 0.62, 4.01, 1.09, 833.54616
2017-05-24, 1, wei_ruo, 7.54, 6.04, 0.33, 6.02, 5.98, 6.05, 5.87, 754745.61, 450686404, 0.41, 2.99, 0.72, 680.64594
2017-05-25, 1, wei_ruo, 7.53, 6.15, 1.82, 6.04, 6.06, 6.17, 5.98, 964427.59, 587311619, 0.53, 3.15, 0.92, 2628.649
2017-05-26, 1, wei_ruo, 7.53, 6.21, 0.98, 6.15, 6.14, 6.22, 6.12, 766067.74, 472760300, 0.42, 1.63, 0.73, 669.9369
2017-11-08, 1, wei_ruo, 7.49, 6.65, -1.92, 6.78, 6.76, 6.76, 6.61, 1614752.87, 1075948390, 0.88, 2.21, 1.54, 592.0248
2017-11-09, 1, wei_ruo, 7.49, 6.75, 3.85, 6.50, 6.47, 6.83, 6.42, 1638931.26, 1093726819, 0.89, 6.31, 3.13, 121297.80197
2017-11-10, 1, wei_ruo, 7.48, 6.75, 3.85, 6.50, 6.47, 6.83, 6.42, 1638931.26, 1093726819, 0.89, 6.31, 3.13, 3262.21395
2017-11-13, 1, wei_ruo, 7.47, 6.37, -2.15, 6.51, 6.50, 6.51, 6.35, 1357281.92, 870502069, 0.74, 2.46, 0.69, 490.09299
2017-11-14, 1, wei_ruo, 7.46, 6.34, -0.47, 6.37, 6.37, 6.44, 6.25, 1120891.6, 708454164, 0.61, 2.98, 0.72, 844.47598
2017-11-15, 1, wei_ruo, 7.46, 6.26, -1.26, 6.34, 6.28, 6.34, 6.25, 656159.77, 411851054, 0.36, 1.42, 0.50, 584.94306
2017-11-16, 1, wei_ruo, 7.45, 6.25, -0.16, 6.26, 6.25, 6.31, 6.20, 798149.42, 498546739, 0.43, 1.76, 0.72, 341.89701
2017-11-17, 1, wei_ruo, 7.45, 6.04, -3.36, 6.25, 6.25, 6.27, 6.02, 1094135.68, 669143587, 0.60, 4.00, 1.05, 806.29492
2017-11-20, 1, wei_ruo, 7.44, 6.11, 1.16, 6.04, 6.02, 6.14, 5.92, 851136.35, 513183351, 0.46, 3.64, 0.85, 813.55286
2017-11-21, 1, wei_ruo, 7.43, 6.10, -0.16, 6.11, 6.08, 6.17, 6.06, 825654.01, 505274751, 0.45, 1.80, 0.91, 552.63519
2017-11-22, 1, wei_ruo, 7.42, 6.45, 5.74, 6.10, 6.14, 6.52, 6.10, 2196694.57, 1398435977, 1.20, 6.89, 2.60, 675.0319
2017-11-23, 1, wei_ruo, 7.41, 6.32, -2.02, 6.45, 6.43, 6.57, 6.30, 1574677.12, 1015162862, 0.86, 4.19, 1.37, 2707.93009
2017-11-24, 1, wei_ruo, 7.41, 6.37, 0.79, 6.32, 6.33, 6.45, 6.32, 1048553.23, 668569007, 0.57, 2.06, 0.80, 597.25499
2017-11-27, 1, wei_ruo, 7.40, 6.22, -2.35, 6.37, 6.36, 6.46, 6.20, 953614.01, 604601490, 0.52, 4.08, 0.73, 642.56096
2017-11-28, 1, wei_ruo, 7.40, 6.30, 1.29, 6.22, 6.22, 6.34, 6.19, 647866.88, 407302127, 0.35, 2.41, 0.49, 2066.59698
2017-11-29, 1, wei_ruo, 7.39, 6.19, -1.75, 6.30, 6.30, 6.34, 6.12, 964350.69, 597195770, 0.53, 3.49, 0.75, 763.01599
2017-11-30, 1, wei_ruo, 7.39, 6.16, -0.48, 6.19, 6.17, 6.29, 6.13, 727886.97, 451782072, 0.40, 2.58, 0.70, 821.27309
2017-12-01, 1, wei_ruo, 7.38, 6.12, -0.65, 6.16, 6.15, 6.18, 6.10, 671693.04, 411748021, 0.37, 1.30, 0.77, 1288.20801
2017-12-04, 1, wei_ruo, 7.38, 6.08, -0.65, 6.12, 6.12, 6.13, 6.07, 573346, 349500620, 0.31, 0.98, 0.72, 791.605
2017-12-05, 1, wei_ruo, 7.37, 6.04, -0.66, 6.08, 6.11, 6.19, 5.99, 986638.12, 599682362, 0.54, 3.29, 1.38, 815.02604
2017-12-06, 1, wei_ruo, 7.36, 6.10, 0.99, 6.04, 6.03, 6.11, 5.95, 751180.21, 454624661, 0.41, 2.65, 0.96, 691.84518
2017-12-07, 1, wei_ruo, 7.36, 6.18, 1.31, 6.10, 6.09, 6.26, 6.07, 1400274.01, 868120117, 0.76, 3.11, 1.89, 664.55317
2017-12-08, 1, wei_ruo, 7.35, 6.18, 0.00, 6.18, 6.16, 6.21, 6.12, 709324.94, 437452078, 0.39, 1.46, 0.81, 646.65794
2017-12-11, 1, wei_ruo, 7.35, 6.20, 0.32, 6.18, 6.17, 6.21, 6.14, 786102.72, 484953307, 0.43, 1.13, 0.89, 638.09085
2017-12-12, 1, wei_ruo, 7.34, 6.06, -2.26, 6.20, 6.18, 6.20, 6.05, 979191.16, 598139557, 0.53, 2.42, 1.06, 682.55186
2017-12-13, 1, wei_ruo, 7.34, 6.08, 0.33, 6.06, 6.06, 6.13, 6.03, 594761.87, 361327896, 0.32, 1.65, 0.64, 563.4129
2017-12-14, 1, wei_ruo, 7.33, 6.04, -0.66, 6.08, 6.08, 6.08, 6.01, 662716.31, 399980696, 0.36, 1.15, 0.74, 652.54307
2017-12-15, 1, wei_ruo, 7.32, 5.98, -0.99, 6.04, 6.02, 6.04, 5.93, 1627256.5, 974324318, 0.89, 1.82, 2.18, 579.09989
2017-12-18, 1, wei_ruo, 7.31, 5.97, -0.17, 5.98, 6.01, 6.03, 5.96, 653544.62, 391726701, 0.36, 1.17, 0.70, 441.64109
2017-12-19, 1, wei_ruo, 7.31, 5.98, 0.17, 5.97, 5.98, 6.01, 5.96, 575314.65, 343974314, 0.31, 0.84, 0.64, 922.87517
2017-12-20, 1, wei_ruo, 7.30, 5.88, -1.67, 5.98, 5.98, 5.99, 5.87, 861049.86, 508879111, 0.47, 2.01, 1.05, 2627.50912
2017-12-29, 1, wei_ruo, 7.29, 6.04, 0.17, 6.03, 6.00, 6.11, 6.00, 922429.63, 557680355, 0.50, 1.82, 0.85, 519.17696
2018-01-03, 1, wei_ruo, 7.28, 6.13, 1.49, 6.04, 6.04, 6.13, 6.03, 1174692.36, 714623834, 0.64, 1.66, 1.25, 651.02911
2018-01-04, 1, wei_ruo, 7.27, 6.09, -0.65, 6.13, 6.12, 6.13, 6.07, 829677.98, 505344290, 0.45, 0.98, 0.79, 683.38013
2018-01-05, 1, wei_ruo, 7.27, 6.10, 0.16, 6.09, 6.09, 6.12, 6.04, 977885.97, 594066555, 0.53, 1.31, 0.89, 668.97821
2018-01-08, 1, wei_ruo, 7.26, 6.08, -0.33, 6.10, 6.09, 6.10, 6.04, 888177.18, 538462541, 0.48, 0.98, 0.79, 597.72491
2018-01-09, 1, wei_ruo, 7.25, 6.16, 1.32, 6.08, 6.08, 6.23, 6.07, 1515987.09, 933237898, 0.83, 2.63, 1.58, 600.81196
2018-01-10, 1, wei_ruo, 7.25, 6.08, -1.30, 6.16, 6.14, 6.14, 6.05, 997738.23, 607108974, 0.54, 1.46, 0.93, 677.54197
2018-01-11, 1, wei_ruo, 7.24, 6.10, 0.33, 6.08, 6.06, 6.13, 6.05, 748717.01, 455650673, 0.41, 1.32, 0.72, 480.73101
2018-01-12, 1, wei_ruo, 7.23, 6.12, 0.33, 6.10, 6.09, 6.19, 6.06, 982282.85, 600835720, 0.53, 2.13, 0.96, 633.79383
2018-01-15, 1, wei_ruo, 7.23, 5.95, -2.78, 6.12, 6.09, 6.10, 5.92, 1275237.86, 765787902, 0.69, 2.94, 1.24, 630.15485
2018-01-16, 1, wei_ruo, 7.22, 5.99, 0.67, 5.95, 5.93, 6.01, 5.92, 857052.13, 510476261, 0.47, 1.51, 0.78, 619.95697
2018-01-17, 1, wei_ruo, 7.21, 6.02, 0.50, 5.99, 5.97, 6.06, 5.91, 893609.22, 535223731, 0.49, 2.50, 0.92, 543.185
2018-01-18, 1, wei_ruo, 7.21, 6.07, 0.83, 6.02, 6.00, 6.11, 5.99, 1002999.97, 607021552, 0.55, 1.99, 1.05, 589.45012
2018-01-19, 1, wei_ruo, 7.20, 6.20, 2.14, 6.07, 6.10, 6.25, 6.09, 2256284.44, 1395575501, 1.23, 2.64, 2.25, 557.28388
2018-01-22, 1, wei_ruo, 7.19, 6.21, 0.16, 6.20, 6.20, 6.25, 6.15, 1209123.14, 748882575, 0.66, 1.61, 0.96, 610.50701
2018-01-23, 1, wei_ruo, 7.18, 6.24, 0.48, 6.21, 6.21, 6.25, 6.16, 1230027.83, 763312272, 0.67, 1.45, 0.99, 784.13296
2018-01-24, 1, wei_ruo, 7.17, 6.37, 2.08, 6.24, 6.24, 6.45, 6.21, 2315344.12, 1462367148, 1.26, 3.85, 1.76, 612.81013
2018-01-25, 2, qing_du, 7.16, 6.39, 0.31, 6.37, 6.35, 6.54, 6.32, 2608682.09, 1680345267, 1.42, 3.45, 1.63, 899.75405
2018-01-26, 3, zhong_du, 7.16, 6.35, -0.63, 6.39, 6.34, 6.39, 6.31, 1159527.57, 736494916, 0.63, 1.25, 0.60, 746.37794
2018-01-29, 3, zhong_du, 7.15, 6.22, -2.05, 6.35, 6.36, 6.43, 6.20, 1635786.33, 1030469030, 0.89, 3.62, 0.96, 816.77008
2018-01-30, 2, qing_du, 7.14, 6.24, 0.32, 6.22, 6.23, 6.30, 6.18, 1019429.94, 635897460, 0.56, 1.93, 0.57, 511.79695
2018-01-31, 2, qing_du, 7.14, 6.22, -0.32, 6.24, 6.21, 6.34, 6.19, 1488956.76, 931587629, 0.81, 2.40, 0.85, 841.66789
2018-02-01, 1, wei_ruo, 7.13, 5.99, -3.70, 6.22, 6.21, 6.24, 5.96, 1816047.34, 1103562264, 0.99, 4.50, 1.15, 782.2361
2018-02-02, 1, wei_ruo, 7.12, 6.12, 2.17, 5.99, 5.94, 6.13, 5.90, 1165008.12, 702234633, 0.63, 3.84, 0.82, 778.28503
2018-02-05, 1, wei_ruo, 7.11, 6.07, -0.82, 6.12, 6.04, 6.10, 6.01, 821953.39, 497489303, 0.45, 1.47, 0.58, 1048.67101
2018-02-06, 1, wei_ruo, 7.11, 5.87, -3.29, 6.07, 5.99, 6.14, 5.85, 1416673.89, 850190883, 0.77, 4.78, 1.12, 792.93203
2018-02-07, 1, wei_ruo, 7.10, 5.91, 0.68, 5.87, 5.96, 6.03, 5.77, 1148737.51, 680010766, 0.63, 4.43, 0.86, 799.24202
2018-02-08, 1, wei_ruo, 7.09, 5.95, 0.68, 5.91, 5.90, 6.01, 5.85, 817679.63, 485982661, 0.45, 2.71, 0.72, 790.40504
2018-02-09, 1, wei_ruo, 7.08, 5.40, -9.24, 5.95, 5.84, 5.85, 5.36, 1931925.87, 1076095278, 1.05, 8.24, 2.03, 833.38308
2018-02-12, 1, wei_ruo, 7.07, 5.44, 0.74, 5.40, 5.43, 5.48, 5.40, 762846.96, 415257368, 0.42, 1.48, 0.51, 777.71521
2018-02-13, 1, wei_ruo, 7.06, 5.45, 0.18, 5.44, 5.48, 5.52, 5.43, 795075.99, 435028335, 0.43, 1.65, 0.65, 666.55803
2018-02-14, 1, wei_ruo, 7.06, 5.43, -0.37, 5.45, 5.46, 5.47, 5.41, 479806.25, 260758239, 0.26, 1.10, 0.61, 768.17298
