2015-08-21, 1, wei_ruo, 4.17, 4.15, -0.72, 4.18, 4.15, 4.25, 4.11, 4560851.7, 1901485278, 0.22, 3.35, 0.98, 955.57404
2015-08-24, 1, wei_ruo, 4.17, 3.80, -8.43, 4.15, 4.05, 4.13, 3.74, 8149569.22, 3196538226, 0.39, 9.40, 1.63, 18356.09412
2015-08-25, 1, wei_ruo, 4.17, 3.49, -8.16, 3.80, 3.63, 3.88, 3.43, 8260055.94, 3049980389, 0.39, 11.84, 1.40, 1082.84593
2015-08-26, 1, wei_ruo, 4.16, 3.66, 4.87, 3.49, 3.58, 3.79, 3.45, 7664113.48, 2754935829, 0.36, 9.74, 1.22, 254.76003
2015-08-27, 1, wei_ruo, 4.16, 3.89, 6.28, 3.66, 3.67, 3.90, 3.62, 7007252.88, 2619029492, 0.33, 7.65, 1.06, 1066.44297
2015-08-28, 1, wei_ruo, 4.16, 3.89, 0.00, 3.89, 3.90, 3.94, 3.82, 6407307.86, 2472746334, 0.30, 3.08, 0.90, 925.27819
2015-08-31, 1, wei_ruo, 4.16, 3.86, -0.77, 3.89, 3.83, 3.87, 3.72, 5167812.08, 1963774348, 0.25, 3.86, 0.69, 1547.93501
2015-09-01, 1, wei_ruo, 4.16, 4.05, 4.92, 3.86, 3.81, 4.14, 3.78, 12554577.73, 5025702873, 0.60, 9.33, 1.82, 958.82082
2015-09-02, 1, wei_ruo, 4.16, 4.24, 4.69, 4.05, 3.93, 4.29, 3.85, 14823482.38, 6074448488, 0.70, 10.86, 1.91, 1173.5971
2015-09-02, 1, wei_ruo, 4.16, 4.24, 4.69, 4.05, 3.93, 4.29, 3.85, 14823482.38, 6074448488, 0.70, 10.86, 1.91, 3007.84516
2015-09-02, 1, wei_ruo, 4.16, 4.24, 4.69, 4.05, 3.93, 4.29, 3.85, 14823482.38, 6074448488, 0.70, 10.86, 1.91, 953.88198
2015-09-07, 1, wei_ruo, 4.16, 3.96, -6.60, 4.24, 4.11, 4.12, 3.92, 4891659.62, 1973897743, 0.23, 4.72, 0.53, 1157.09114
2015-09-08, 1, wei_ruo, 4.16, 3.98, 0.51, 3.96, 3.92, 4.03, 3.84, 3083857.72, 1216091462, 0.15, 4.80, 0.35, 1095.03102
2015-09-09, 1, wei_ruo, 4.16, 4.00, 0.50, 3.98, 3.98, 4.01, 3.93, 3002580.67, 1193658820, 0.14, 2.01, 0.37, 250.46802
2015-09-10, 1, wei_ruo, 4.16, 4.00, 0.00, 4.00, 3.96, 4.04, 3.94, 2288869.58, 915742314, 0.11, 2.50, 0.30, 761.60598
2015-09-11, 1, wei_ruo, 4.16, 3.93, -1.75, 4.00, 3.99, 4.00, 3.91, 1666694.65, 658483145, 0.08, 2.25, 0.30, 1126.55711
2015-09-14, 1, wei_ruo, 4.16, 3.93, 0.00, 3.93, 3.93, 4.01, 3.83, 3559942.4, 1400406006, 0.17, 4.58, 1.19, 932.82199
2015-09-15, 1, wei_ruo, 4.16, 3.91, -0.51, 3.93, 3.90, 3.98, 3.88, 2769805.68, 1082964991, 0.13, 2.54, 1.02, 906.04496
2015-09-16, 1, wei_ruo, 4.16, 3.94, 0.77, 3.91, 3.88, 3.99, 3.83, 2719779.66, 1059574693, 0.13, 4.09, 1.02, 1002.96497
2015-09-17, 1, wei_ruo, 4.16, 3.89, -1.27, 3.94, 3.91, 3.95, 3.88, 1957170.85, 767364489, 0.09, 1.78, 0.75, 1023.92697
2015-09-18, 1, wei_ruo, 4.16, 3.86, -0.77, 3.89, 3.90, 3.90, 3.84, 1527676.82, 591205228, 0.07, 1.54, 0.60, 859.92002
2015-09-21, 1, wei_ruo, 4.16, 3.85, -0.26, 3.86, 3.84, 3.85, 3.80, 1725559.17, 660445926, 0.08, 1.30, 0.69, 856.354
2015-09-22, 1, wei_ruo, 4.16, 3.87, 0.52, 3.85, 3.85, 3.88, 3.83, 1532168.68, 592486506, 0.07, 1.30, 0.72, 1129.95386
2015-09-23, 1, wei_ruo, 4.16, 3.80, -1.81, 3.87, 3.85, 3.87, 3.79, 1719757.52, 656229461, 0.08, 2.07, 0.91, 920.50099
2015-09-24, 1, wei_ruo, 4.16, 3.79, -0.26, 3.80, 3.80, 3.82, 3.77, 1286471.78, 487577402, 0.06, 1.32, 0.76, 1060.3559
2015-09-25, 1, wei_ruo, 4.16, 3.83, 1.06, 3.79, 3.79, 3.84, 3.76, 1909628.45, 723746398, 0.09, 2.11, 1.23, 923.83718
2015-09-28, 1, wei_ruo, 4.16, 3.80, -0.78, 3.83, 3.80, 3.81, 3.76, 895371.71, 338331977, 0.04, 1.31, 0.55, 1013.34691
2015-09-29, 1, wei_ruo, 4.16, 3.72, -2.11, 3.80, 3.76, 3.77, 3.71, 1163349.73, 434507465, 0.06, 1.58, 0.79, 1012.16888
2015-09-30, 1, wei_ruo, 4.16, 3.72, 0.00, 3.72, 3.73, 3.75, 3.71, 831672.28, 310198008, 0.04, 1.08, 0.60, 1121.74606
2015-10-08, 1, wei_ruo, 4.16, 3.78, 1.61, 3.72, 3.79, 3.82, 3.76, 1516508.63, 573912341, 0.07, 1.61, 1.25, 821.71106
2015-10-09, 1, wei_ruo, 4.16, 3.80, 0.53, 3.78, 3.79, 3.81, 3.77, 1437933.85, 545119047, 0.07, 1.06, 1.14, 1391.76202
2015-10-12, 1, wei_ruo, 4.15, 3.87, 1.84, 3.80, 3.80, 3.90, 3.78, 3689653.14, 1418730502, 0.18, 3.16, 3.16, 1339.84399
2015-10-13, 1, wei_ruo, 4.15, 3.84, -0.78, 3.87, 3.85, 3.86, 3.83, 1583958.96, 608439094, 0.08, 0.78, 0.92, 959.07998
2015-10-14, 1, wei_ruo, 4.15, 3.85, 0.26, 3.84, 3.83, 3.85, 3.82, 1541892.32, 591370349, 0.07, 0.78, 0.85, 788.14602
2015-10-15, 1, wei_ruo, 4.15, 3.89, 1.04, 3.85, 3.84, 3.89, 3.83, 2268387.83, 876409361, 0.11, 1.56, 1.16, 913.24687
2015-10-16, 1, wei_ruo, 4.15, 3.92, 0.77, 3.89, 3.90, 3.93, 3.88, 2813846.06, 1099708272, 0.13, 1.29, 1.34, 1310.62818
2015-10-19, 1, wei_ruo, 4.15, 3.91, -0.26, 3.92, 3.93, 3.94, 3.87, 2394922.93, 937307544, 0.11, 1.79, 1.01, 444.26513
2015-10-29, 1, wei_ruo, 4.15, 3.89, -0.51, 3.91, 3.90, 3.91, 3.88, 1546497.64, 602350729, 0.07, 0.77, 0.65, 1047.91713
2015-10-30, 1, wei_ruo, 4.15, 3.88, -0.26, 3.89, 3.88, 3.90, 3.87, 1430497.53, 555777936, 0.07, 0.77, 0.68, 1035.1789
2015-11-02, 1, wei_ruo, 4.15, 3.85, -0.77, 3.88, 3.87, 3.91, 3.84, 1688213.99, 654732260, 0.08, 1.80, 0.90, 976.87912
2015-11-03, 1, wei_ruo, 4.15, 3.81, -1.04, 3.85, 3.85, 3.86, 3.79, 1529143.48, 584119907, 0.07, 1.82, 0.87, 980.43203
2015-11-04, 1, wei_ruo, 4.15, 3.93, 3.15, 3.81, 3.81, 3.93, 3.80, 3908129.05, 1514265002, 0.19, 3.41, 2.30, 1077.20304
2015-11-05, 1, wei_ruo, 4.15, 4.00, 1.78, 3.93, 3.90, 4.10, 3.88, 7835492.86, 3135719475, 0.37, 5.60, 3.88, 1220.67785
2015-11-06, 2, qing_du, 4.15, 4.01, 0.25, 4.00, 3.97, 4.03, 3.94, 4450286.86, 1771759863, 0.21, 2.25, 1.36, 2098.14191
2015-11-09, 3, zhong_du, 4.15, 4.19, 4.49, 4.01, 4.07, 4.30, 4.06, 8862386.56, 3731466979, 0.42, 5.99, 2.28, 17525.34413
2015-11-10, 3, zhong_du, 4.15, 4.15, -0.95, 4.19, 4.14, 4.22, 4.11, 3890749.03, 1612848206, 0.18, 2.63, 0.73, 404.97088
2015-11-11, 3, zhong_du, 4.15, 4.10, -1.20, 4.15, 4.14, 4.15, 4.03, 3299916.89, 1351185857, 0.16, 2.89, 0.57, 291.56995
2015-11-12, 3, zhong_du, 4.15, 4.05, -1.22, 4.10, 4.10, 4.11, 4.03, 2374955.78, 963585646, 0.11, 1.95, 0.42, 878.87502
2015-11-13, 3, zhong_du, 4.15, 4.02, -0.74, 4.05, 4.02, 4.07, 4.01, 1956614.23, 788929668, 0.09, 1.48, 0.43, 1189.78119
2015-11-16, 3, zhong_du, 4.15, 4.05, 0.75, 4.02, 3.99, 4.07, 3.98, 2345098.17, 946683597, 0.11, 2.24, 0.58, 898.61107
2015-11-17, 3, zhong_du, 4.15, 4.06, 0.25, 4.05, 4.05, 4.11, 4.05, 3418660.54, 1395418481, 0.16, 1.48, 1.23, 1249.90678
2015-11-18, 3, zhong_du, 4.15, 4.07, 0.25, 4.06, 4.06, 4.12, 4.05, 2975590.85, 1213362628, 0.14, 1.72, 1.11, 1100.37184
2015-11-19, 3, zhong_du, 4.15, 4.08, 0.25, 4.07, 4.07, 4.09, 4.05, 2027767.1, 824755464, 0.10, 0.98, 0.78, 903.32007
2015-11-20, 3, zhong_du, 4.15, 4.05, -0.74, 4.08, 4.08, 4.08, 4.03, 2629124.02, 1065144786, 0.12, 1.23, 1.03, 33607.63311
2015-11-23, 3, zhong_du, 4.15, 4.02, -0.74, 4.05, 4.03, 4.04, 4.00, 1987297.44, 799109500, 0.09, 0.99, 0.74, 16788.76305
2015-11-24, 3, zhong_du, 4.15, 4.04, 0.50, 4.02, 4.01, 4.04, 3.98, 2240393.25, 898074967, 0.11, 1.49, 0.86, 1033.53715
2015-11-25, 3, zhong_du, 4.15, 4.08, 0.99, 4.04, 4.03, 4.08, 4.01, 2493877.27, 1008907727, 0.12, 1.73, 1.05, 464.52212
2015-11-26, 3, zhong_du, 4.15, 4.07, -0.25, 4.08, 4.08, 4.09, 4.05, 2101011.58, 855399272, 0.10, 0.98, 0.92, 862.65492
2015-11-27, 3, zhong_du, 4.15, 3.95, -2.95, 4.07, 4.06, 4.06, 3.91, 2574293.96, 1028984789, 0.12, 3.69, 1.12, 882.3812
2015-11-30, 3, zhong_du, 4.15, 4.11, 4.05, 3.95, 3.96, 4.11, 3.95, 6432456.04, 2618390367, 0.31, 4.05, 2.82, 781.30412
2015-12-01, 2, qing_du, 4.15, 4.02, -2.19, 4.11, 4.11, 4.11, 3.95, 4329243.65, 1740692989, 0.21, 3.89, 1.37, 972.00394
2015-12-02, 3, zhong_du, 4.15, 4.18, 3.98, 4.02, 4.00, 4.22, 3.98, 7979804.66, 3292144741, 0.38, 5.97, 2.23, 824.39709
2015-12-03, 3, zhong_du, 4.15, 4.34, 3.83, 4.18, 4.14, 4.50, 4.09, 12075645.28, 5161692142, 0.57, 9.81, 2.58, 756.53982
2015-12-04, 3, zhong_du, 4.15, 4.17, -3.92, 4.34, 4.25, 4.28, 4.15, 5285599.94, 2223948565, 0.25, 3.00, 0.79, 555.511
2015-12-07, 3, zhong_du, 4.15, 4.12, -1.20, 4.17, 4.18, 4.19, 4.09, 2959540.85, 1219614442, 0.14, 2.40, 0.41, 640.77711
2015-12-08, 3, zhong_du, 4.15, 4.06, -1.46, 4.12, 4.09, 4.11, 4.04, 2374131.07, 967577003, 0.11, 1.70, 0.36, 739.28905
2015-12-09, 2, qing_du, 4.15, 4.11, 1.23, 4.06, 4.04, 4.11, 4.04, 2161038.28, 881818072, 0.10, 1.72, 0.35, 636.69205
2015-12-10, 2, qing_du, 4.15, 4.07, -0.97, 4.11, 4.09, 4.16, 4.06, 1828844.27, 751651479, 0.09, 2.43, 0.37, 878.17812
2015-12-11, 2, qing_du, 4.15, 4.04, -0.74, 4.07, 4.05, 4.06, 4.00, 1717400.54, 691321120, 0.08, 1.47, 0.59, 2887.45403
2015-12-14, 2, qing_du, 4.15, 4.10, 1.49, 4.04, 4.00, 4.11, 4.00, 2174700.09, 882306823, 0.10, 2.72, 0.98, 869.1299
2015-12-15, 2, qing_du, 4.15, 4.04, -1.46, 4.10, 4.08, 4.09, 4.02, 1697728.93, 687803222, 0.08, 1.71, 0.83, 941.20312
2015-12-16, 2, qing_du, 4.15, 4.04, 0.00, 4.04, 4.05, 4.06, 4.02, 1351339.35, 545664163, 0.06, 0.99, 0.71, 889.81009
2015-12-17, 2, qing_du, 4.15, 4.07, 0.74, 4.04, 4.05, 4.08, 4.04, 2208372.47, 897095973, 0.10, 0.99, 1.26, 830.24406
2015-12-18, 2, qing_du, 4.15, 4.08, 0.25, 4.07, 4.06, 4.16, 4.04, 3659702.12, 1497975956, 0.17, 2.95, 2.00, 737.44082
2015-12-21, 2, qing_du, 4.15, 4.12, 0.98, 4.08, 4.05, 4.14, 4.04, 4696046.98, 1924261562, 0.22, 2.45, 2.12, 3134.69386
2015-12-22, 2, qing_du, 4.15, 4.09, -0.73, 4.12, 4.10, 4.11, 4.06, 2419749.04, 987812235, 0.11, 1.21, 0.89, 2808.22921
2015-12-23, 2, qing_du, 4.15, 4.08, -0.24, 4.09, 4.09, 4.13, 4.05, 3769799.15, 1538217382, 0.18, 1.96, 1.31, 1164.39915
2015-12-24, 2, qing_du, 4.15, 4.06, -0.49, 4.08, 4.07, 4.08, 4.02, 2410578.55, 976332740, 0.11, 1.47, 0.72, 852.88501
2015-12-25, 1, wei_ruo, 4.15, 4.06, 0.00, 4.06, 4.06, 4.06, 4.04, 1108689.29, 448983570, 0.05, 0.49, 0.33, 870.58806
2015-12-28, 1, wei_ruo, 4.15, 4.02, -0.99, 4.06, 4.05, 4.07, 4.01, 2413729.87, 975343501, 0.11, 1.48, 0.84, 1154.45805
2015-12-29, 1, wei_ruo, 4.15, 4.04, 0.50, 4.02, 4.01, 4.04, 4.00, 1501503.14, 603400387, 0.07, 1.00, 0.62, 1026.28493
2015-12-30, 1, wei_ruo, 4.15, 4.03, -0.25, 4.04, 4.04, 4.04, 4.01, 1269779.53, 510808845, 0.06, 0.74, 0.52, 2831.93398
2015-12-31, 1, wei_ruo, 4.15, 4.01, -0.50, 4.03, 4.03, 4.03, 4.01, 1200888.95, 482486083, 0.06, 0.50, 0.50, 1064.51702
2016-01-04, 1, wei_ruo, 4.15, 3.87, -3.49, 4.01, 4.01, 4.01, 3.87, 2313624.56, 912024607, 0.11, 3.49, 1.48, 4073.77601
2016-01-05, 1, wei_ruo, 4.15, 3.86, -0.26, 3.87, 3.80, 3.92, 3.78, 2766637.96, 1065201019, 0.13, 3.62, 1.14, 908.93197
2016-01-06, 1, wei_ruo, 4.15, 3.89, 0.78, 3.86, 3.85, 3.90, 3.83, 1714399.41, 663277928, 0.08, 1.81, 0.71, 1097.33605
2016-01-07, 1, wei_ruo, 4.15, 3.79, -2.57, 3.89, 3.87, 3.87, 3.74, 621716.74, 237065916, 0.03, 3.34, 2.05, 739.08305
2016-01-08, 1, wei_ruo, 4.15, 3.80, 0.26, 3.79, 3.82, 3.86, 3.73, 3129330.94, 1188550693, 0.15, 3.43, 1.29, 936.70821
2016-01-11, 1, wei_ruo, 4.18, 3.65, -3.95, 3.80, 3.76, 3.78, 3.63, 2479337.44, 920663513, 0.12, 3.95, 1.02, 988.44194
2016-01-12, 1, wei_ruo, 4.18, 3.63, -0.55, 3.65, 3.67, 3.69, 3.60, 1815744.92, 660747227, 0.09, 2.47, 0.75, 962.23092
2016-01-13, 1, wei_ruo, 4.18, 3.58, -1.38, 3.63, 3.65, 3.66, 3.58, 1483164.23, 537743572, 0.07, 2.20, 0.61, 893.0788
2016-01-14, 1, wei_ruo, 4.18, 3.59, 0.28, 3.58, 3.55, 3.62, 3.50, 2215043.39, 784245008, 0.11, 3.35, 0.91, 742.38205
2016-01-15, 1, wei_ruo, 4.18, 3.48, -3.06, 3.59, 3.57, 3.57, 3.46, 1966538.2, 689976187, 0.09, 3.06, 0.81, 857.2669
2016-01-18, 1, wei_ruo, 4.18, 3.46, -0.57, 3.48, 3.44, 3.49, 3.41, 1629477.33, 563486582, 0.08, 2.30, 0.67, 1077.69608
2016-01-19, 1, wei_ruo, 4.18, , , , , , , , , , , , 51318.84503
2016-01-20, 1, wei_ruo, 4.18, 3.47, -1.70, 3.53, 3.52, 3.53, 3.44, 1938143.19, 673983195, 0.09, 2.55, 0.80, 813.4799
2016-01-21, 1, wei_ruo, 4.18, 3.43, -1.15, 3.47, 3.44, 3.53, 3.42, 2350262.77, 813762031, 0.11, 3.17, 0.97, 833.00018
2016-01-22, 1, wei_ruo, 4.18, 3.45, 0.58, 3.43, 3.45, 3.46, 3.41, 1497956.34, 514499411, 0.07, 1.46, 0.62, 835.89315
2016-01-25, 1, wei_ruo, 4.17, 3.44, -0.29, 3.45, 3.45, 3.46, 3.42, 1284820.04, 442482924, 0.06, 1.16, 0.53, 2198.93217
2016-01-26, 1, wei_ruo, 4.17, 3.24, -5.81, 3.44, 3.43, 3.43, 3.23, 2347334.23, 785908919, 0.11, 5.81, 0.97, 748.15512
2016-01-27, 1, wei_ruo, 4.17, 3.22, -0.62, 3.24, 3.24, 3.28, 3.14, 2277247.96, 732678882, 0.11, 4.32, 0.94, 5895.73598
2016-01-28, 1, wei_ruo, 4.17, 3.16, -1.86, 3.22, 3.20, 3.22, 3.15, 1473954.95, 469141268, 0.07, 2.17, 0.61, 1688.21096
2016-01-29, 1, wei_ruo, 4.17, 3.22, 1.90, 3.16, 3.16, 3.24, 3.16, 1894631.24, 606546143, 0.09, 2.53, 0.78, 1202.36993
2016-02-01, 1, wei_ruo, 4.17, 3.17, -1.55, 3.22, 3.22, 3.22, 3.14, 1524861.91, 484453335, 0.07, 2.48, 0.63, 2902.53901
2016-02-02, 1, wei_ruo, 4.17, 3.20, 0.95, 3.17, 3.16, 3.22, 3.15, 1233803.66, 394234442, 0.06, 2.21, 0.51, 1156.30317
2016-02-03, 1, wei_ruo, 4.17, 3.17, -0.94, 3.20, 3.17, 3.18, 3.14, 1264137.71, 399416578, 0.06, 1.25, 0.52, 984.41386
2016-02-04, 1, wei_ruo, 4.17, 3.19, 0.63, 3.17, 3.18, 3.21, 3.17, 1235656.6, 394384472, 0.06, 1.26, 0.51, 2789.40105
2016-02-05, 1, wei_ruo, 4.17, 3.18, -0.31, 3.19, 3.19, 3.21, 3.17, 932633.81, 297374766, 0.04, 1.25, 0.38, 2809.21698
2016-02-15, 1, wei_ruo, 4.17, 3.13, -1.57, 3.18, 3.10, 3.15, 3.08, 1260215.99, 392133358, 0.06, 2.20, 0.52, 856.8759
2016-02-16, 1, wei_ruo, 4.17, 3.23, 3.19, 3.13, 3.14, 3.24, 3.14, 1805584.19, 577339582, 0.09, 3.19, 0.74, 948.55595
2016-02-17, 1, wei_ruo, 4.17, 3.24, 0.31, 3.23, 3.21, 3.25, 3.20, 1360879.97, 438622303, 0.06, 1.55, 0.56, 1111.41109
2016-02-18, 1, wei_ruo, 4.17, 3.23, -0.31, 3.24, 3.24, 3.26, 3.22, 1266233.13, 410278481, 0.06, 1.23, 0.52, 4675.18401
2016-02-19, 1, wei_ruo, 4.17, 3.22, -0.31, 3.23, 3.22, 3.23, 3.20, 614335.26, 197689691, 0.03, 0.93, 0.32, 1537.18901
2016-02-22, 1, wei_ruo, 4.17, 3.29, 2.17, 3.22, 3.24, 3.30, 3.22, 2312543.95, 754535847, 0.11, 2.48, 1.77, 1127.10905
2016-02-23, 1, wei_ruo, 4.16, 3.24, -1.52, 3.29, 3.28, 3.28, 3.22, 1339255.78, 434496562, 0.06, 1.82, 0.88, 632.06911
2016-02-24, 1, wei_ruo, 4.16, 3.24, 0.00, 3.24, 3.23, 3.25, 3.21, 1012226.03, 326898354, 0.05, 1.23, 0.71, 787.79292
2016-02-25, 1, wei_ruo, 4.16, 3.12, -3.70, 3.24, 3.24, 3.25, 3.11, 2176432.45, 691899392, 0.10, 4.32, 1.61, 710.958
2016-02-26, 1, wei_ruo, 4.16, 3.15, 0.96, 3.12, 3.14, 3.17, 3.12, 1550532.13, 486982168, 0.07, 1.60, 1.01, 1041.66389
2016-02-29, 1, wei_ruo, 4.16, 3.17, 0.63, 3.15, 3.14, 3.18, 3.10, 2819778.61, 885085842, 0.13, 2.54, 1.68, 2918.23292
2016-03-01, 1, wei_ruo, 4.16, 3.20, 0.95, 3.17, 3.17, 3.21, 3.15, 1655513.28, 526135555, 0.08, 1.89, 0.93, 2732.88107
2016-03-02, 1, wei_ruo, 4.16, 3.26, 1.88, 3.20, 3.20, 3.27, 3.19, 2594574.9, 838404974, 0.12, 2.50, 1.41, 2547.55998
2016-03-03, 1, wei_ruo, 4.16, 3.28, 0.61, 3.26, 3.25, 3.28, 3.22, 2261559.7, 735706519, 0.11, 1.84, 1.05, 64840.02614
2016-03-04, 1, wei_ruo, 4.16, 3.40, 3.66, 3.28, 3.26, 3.43, 3.25, 5389116.77, 1806557023, 0.26, 5.49, 2.48, 788.19609
2016-03-07, 1, wei_ruo, 4.15, 3.39, -0.29, 3.40, 3.38, 3.43, 3.36, 1814155.32, 614799955, 0.09, 2.06, 0.62, 2618.06703
2016-03-08, 1, wei_ruo, 4.15, 3.40, 0.29, 3.39, 3.37, 3.41, 3.30, 1962784.31, 657216866, 0.09, 3.24, 0.72, 543.58482
2016-03-09, 1, wei_ruo, 4.15, 3.43, 0.88, 3.40, 3.35, 3.44, 3.33, 1849545.63, 625322769, 0.09, 3.24, 0.66, 4523.37909
2016-03-10, 1, wei_ruo, 4.15, 3.35, -2.33, 3.43, 3.39, 3.42, 3.34, 1047752.31, 354950304, 0.05, 2.33, 0.39, 4373.71302
2016-03-11, 1, wei_ruo, 4.15, 3.40, 1.49, 3.35, 3.33, 3.41, 3.33, 1325839.22, 448241016, 0.06, 2.39, 0.55, 769.17505
2016-03-14, 1, wei_ruo, 4.15, 3.40, 0.00, 3.40, 3.39, 3.43, 3.37, 1751002.28, 596062405, 0.08, 1.76, 1.09, 563.48896
2016-03-15, 1, wei_ruo, 4.15, 3.38, -0.59, 3.40, 3.40, 3.40, 3.34, 1302049.78, 439130213, 0.06, 1.76, 0.82, 604.88486
2016-03-16, 2, qing_du, 4.15, 3.44, 1.78, 3.38, 3.37, 3.44, 3.37, 3158571.48, 1079023675, 0.15, 2.07, 2.17, 2090.17396
2016-03-17, 2, qing_du, 4.15, 3.43, -0.29, 3.44, 3.42, 3.43, 3.39, 1603448.68, 546712784, 0.08, 1.16, 0.93, 948.40407
2016-03-18, 3, zhong_du, 4.15, 3.43, 0.00, 3.43, 3.42, 3.44, 3.40, 2669339.02, 913420583, 0.13, 1.17, 1.46, 2197.45493
2016-03-21, 3, zhong_du, 4.15, 3.43, 0.00, 3.43, 3.43, 3.46, 3.41, 4358414.18, 1494739102, 0.21, 1.46, 2.08, 2556.58793
2016-03-22, 3, zhong_du, 4.15, 3.40, -0.87, 3.43, 3.42, 3.44, 3.40, 1669089.67, 570079598, 0.08, 1.17, 0.64, 801.35918
2016-03-23, 3, zhong_du, 4.15, 3.39, -0.29, 3.40, 3.39, 3.41, 3.38, 1103328.09, 374240101, 0.05, 0.88, 0.41, 484.34591
2016-03-24, 3, zhong_du, 4.15, 3.35, -1.18, 3.39, 3.38, 3.39, 3.35, 1334777.16, 448585686, 0.06, 1.18, 0.59, 699.23687
2016-03-25, 3, zhong_du, 4.15, 3.36, 0.30, 3.35, 3.35, 3.38, 3.34, 793270.82, 266639309, 0.04, 1.19, 0.36, 750.34595
2016-03-28, 3, zhong_du, 4.15, 3.35, -0.30, 3.36, 3.36, 3.38, 3.33, 992086.23, 332807533, 0.05, 1.49, 0.54, 561.28502
2016-03-29, 3, zhong_du, 4.14, 3.34, -0.30, 3.35, 3.35, 3.37, 3.33, 988578.11, 330774194, 0.05, 1.19, 0.84, 787.77599
2016-03-30, 3, zhong_du, 4.14, 3.40, 1.80, 3.34, 3.36, 3.41, 3.35, 1665111.47, 563526304, 0.08, 1.80, 1.60, 1204.27799
2016-03-31, 3, zhong_du, 4.14, 3.40, 0.00, 3.40, 3.40, 3.42, 3.38, 1040234.81, 353465765, 0.05, 1.18, 0.90, 1329.12016
2016-04-01, 4, gao_du, 4.14, 3.41, 0.29, 3.40, 3.39, 3.41, 3.36, 1443416.15, 489026072, 0.07, 1.47, 1.32, 1050.88496
2016-04-05, 4, gao_du, 4.14, 3.43, 0.59, 3.41, 3.39, 3.44, 3.39, 1781043.93, 608179873, 0.08, 1.47, 1.45, 643.51106
2016-04-06, 5, qiang_lie, 4.14, 3.42, -0.29, 3.43, 3.42, 3.44, 3.41, 1102037.16, 376898747, 0.05, 0.87, 0.80, 496.94514
2016-04-07, 5, qiang_lie, 4.14, 3.38, -1.17, 3.42, 3.43, 3.43, 3.38, 912153.17, 309804958, 0.04, 1.46, 0.65, 2723.83499
2016-04-08, 5, qiang_lie, 4.14, 3.36, -0.59, 3.38, 3.37, 3.40, 3.35, 876873.38, 295593366, 0.04, 1.48, 0.70, 2743.34002
2016-04-11, 5, qiang_lie, 4.14, 3.39, 0.89, 3.36, 3.37, 3.41, 3.36, 1163568.57, 395336737, 0.06, 1.49, 0.95, 641.469
2016-04-12, 4, gao_du, 4.14, 3.39, 0.00, 3.39, 3.40, 3.40, 3.38, 657260.15, 222522296, 0.03, 0.59, 0.56, 784.49416
2016-04-13, 5, qiang_lie, 4.14, 3.42, 0.88, 3.39, 3.40, 3.43, 3.39, 1668551.47, 570438957, 0.08, 1.18, 1.77, 2725.91615
2016-04-14, 5, qiang_lie, 4.14, 3.42, 0.00, 3.42, 3.43, 3.44, 3.40, 913375.31, 312015020, 0.04, 1.17, 0.87, 721.58217
2016-04-15, 5, qiang_lie, 4.14, 3.42, 0.00, 3.42, 3.42, 3.43, 3.40, 965985.35, 329635931, 0.05, 0.88, 0.91, 649.6911
2016-04-18, 5, qiang_lie, 4.14, 3.39, -0.88, 3.42, 3.40, 3.41, 3.38, 747747.45, 253570926, 0.04, 0.88, 0.70, 4087.33797
2016-04-19, 5, qiang_lie, 4.14, 3.38, -0.29, 3.39, 3.39, 3.40, 3.37, 580064.3, 196253869, 0.03, 0.88, 0.59, 657.20296
2016-04-20, 5, qiang_lie, 4.14, 3.36, -0.59, 3.38, 3.39, 3.39, 3.29, 1933271.2, 645531387, 0.09, 2.96, 1.98, 701.91312
2016-04-21, 5, qiang_lie, 4.14, 3.34, -0.60, 3.36, 3.34, 3.37, 3.33, 919417.23, 307928855, 0.04, 1.19, 0.89, 729.913
2016-04-22, 4, gao_du, 4.14, 3.35, 0.30, 3.34, 3.34, 3.37, 3.33, 932140.64, 312549098, 0.04, 1.20, 0.91, 280.62797
2016-04-25, 4, gao_du, 4.14, 3.35, 0.00, 3.35, 3.35, 3.36, 3.33, 790322.04, 264616810, 0.04, 0.90, 0.77, 2682.50203
2016-04-26, 3, zhong_du, 4.14, 3.36, 0.30, 3.35, 3.36, 3.37, 3.34, 630279.75, 211295621, 0.03, 0.90, 0.61, 434.61299
2016-04-27, 3, zhong_du, 4.14, 3.35, -0.30, 3.36, 3.37, 3.37, 3.35, 387597.78, 130033104, 0.02, 0.60, 0.37, 2604.27403
2016-04-28, 3, zhong_du, 4.14, 3.37, 0.60, 3.35, 3.36, 3.37, 3.34, 735582.2, 246950718, 0.02, 0.90, 1.00, 746.4931
2016-04-29, 3, zhong_du, 4.14, 3.35, -0.59, 3.37, 3.36, 3.37, 3.34, 751300.58, 251870388, 0.03, 0.89, 1.08, 4621.42682
2016-05-03, 3, zhong_du, 4.14, 3.37, 0.60, 3.35, 3.35, 3.38, 3.34, 1194007.27, 401699703, 0.04, 1.19, 1.81, 2512.10093
2016-05-04, 3, zhong_du, 4.14, 3.37, 0.00, 3.37, 3.36, 3.37, 3.35, 778164, 261506051, 0.03, 0.59, 1.05, 2422.48201
2016-05-05, 3, zhong_du, 4.14, 3.37, 0.00, 3.37, 3.36, 3.38, 3.35, 758305.69, 255438139, 0.03, 0.89, 0.99, 2656.53181
2016-05-06, 3, zhong_du, 4.14, 3.33, -1.19, 3.37, 3.37, 3.37, 3.32, 1085172.64, 362777424, 0.04, 1.48, 1.29, 2439.75282
2016-05-09, 2, qing_du, 4.13, 3.28, -1.50, 3.33, 3.32, 3.34, 3.26, 1191161.26, 393561578, 0.04, 2.40, 1.30, 2560.73689
2016-05-10, 2, qing_du, 4.13, 3.27, -0.30, 3.28, 3.27, 3.29, 3.27, 797682.2, 261218691, 0.03, 0.61, 0.80, 786.96799
2016-05-11, 1, wei_ruo, 4.13, 3.27, 0.00, 3.27, 3.28, 3.28, 3.25, 730314.21, 238580266, 0.02, 0.92, 0.79, 920.81094
2016-05-12, 1, wei_ruo, 4.13, 3.25, -0.61, 3.27, 3.26, 3.27, 3.22, 855186.2, 277226383, 0.03, 1.53, 0.94, 764.817
2016-05-13, 1, wei_ruo, 4.13, 3.25, 0.00, 3.25, 3.25, 3.26, 3.23, 637055.64, 206552340, 0.02, 0.92, 0.68, 392.35616
2016-05-16, 1, wei_ruo, 4.13, 3.25, 0.00, 3.25, 3.23, 3.25, 3.23, 586124.99, 190016738, 0.02, 0.62, 0.70, 14819.13114
2016-05-17, 1, wei_ruo, 4.13, 3.24, -0.31, 3.25, 3.25, 3.25, 3.23, 544257.37, 176335735, 0.02, 0.62, 0.75, 1911.76701
2016-05-18, 1, wei_ruo, 4.13, 3.24, 0.00, 3.24, 3.24, 3.25, 3.19, 1396846.98, 450187995, 0.05, 1.85, 2.08, 2810.41312
2016-05-19, 1, wei_ruo, 4.13, 3.23, -0.31, 3.24, 3.23, 3.24, 3.22, 490788.79, 158659244, 0.02, 0.62, 0.61, 758.78501
2016-05-20, 1, wei_ruo, 4.13, 3.24, 0.31, 3.23, 3.23, 3.24, 3.22, 395168.69, 127728743, 0.01, 0.62, 0.54, 610.55088
2016-05-23, 1, wei_ruo, 4.13, 3.26, 0.62, 3.24, 3.24, 3.26, 3.23, 816085.24, 265068722, 0.03, 0.93, 1.20, 2536.20696
2016-05-24, 1, wei_ruo, 4.13, 3.24, -0.61, 3.26, 3.25, 3.26, 3.23, 605308.84, 196026946, 0.02, 0.92, 0.83, 457.30114
2016-05-25, 1, wei_ruo, 4.13, 3.23, -0.31, 3.24, 3.24, 3.25, 3.23, 426689.49, 138229078, 0.01, 0.62, 0.59, 620.53394
2016-05-26, 1, wei_ruo, 4.13, 3.23, 0.00, 3.23, 3.24, 3.24, 3.21, 759897.56, 245128963, 0.03, 0.93, 1.04, 630.00894
2016-05-27, 1, wei_ruo, 4.13, 3.24, 0.31, 3.23, 3.23, 3.24, 3.22, 601444.59, 194103929, 0.02, 0.62, 0.83, 1157.55796
2016-05-30, 1, wei_ruo, 4.13, 3.27, 0.93, 3.24, 3.24, 3.27, 3.22, 1158090.68, 376206998, 0.04, 1.54, 1.59, 428.36809
2016-05-31, 1, wei_ruo, 4.13, 3.36, 2.75, 3.27, 3.27, 3.37, 3.26, 2227170.54, 742114545, 0.08, 3.36, 3.06, 464.33806
2016-06-01, 1, wei_ruo, 4.13, 3.34, -0.60, 3.36, 3.36, 3.36, 3.33, 983733.92, 329237370, 0.03, 0.89, 1.35, 591.66217
2016-06-02, 2, qing_du, 4.13, 3.33, -0.30, 3.34, 3.34, 3.35, 3.32, 730525.5, 243350734, 0.02, 0.90, 1.00, 584.93495
2016-06-03, 2, qing_du, 4.13, 3.34, 0.30, 3.33, 3.34, 3.35, 3.31, 749037.87, 249373830, 0.03, 1.20, 1.03, 618.85309
2016-06-06, 2, qing_du, 4.13, 3.34, 0.00, 3.34, 3.34, 3.35, 3.32, 551248.37, 183801399, 0.02, 0.90, 0.76, 2759.67693
2016-06-07, 2, qing_du, 4.13, 3.35, 0.30, 3.34, 3.33, 3.37, 3.33, 875363.85, 293272469, 0.03, 1.20, 1.20, 4470.72291
2016-06-08, 3, zhong_du, 4.13, 3.36, 0.30, 3.35, 3.36, 3.36, 3.33, 685894.7, 229470489, 0.02, 0.90, 0.94, 788.91301
2016-06-13, 3, zhong_du, 4.13, 3.30, -1.79, 3.36, 3.34, 3.36, 3.30, 934629.26, 312014023, 0.03, 1.79, 1.28, 1679.17395
2016-06-14, 3, zhong_du, 4.13, 3.32, 0.61, 3.30, 3.30, 3.32, 3.29, 531512.65, 175902918, 0.02, 0.91, 0.73, 1039.58607
2016-06-15, 3, zhong_du, 4.13, 3.32, 0.00, 3.32, 3.30, 3.34, 3.30, 892365.99, 295665162, 0.03, 1.20, 1.22, 2768.52298
2016-06-16, 2, qing_du, 4.13, 3.30, -0.60, 3.32, 3.31, 3.32, 3.28, 1221874.87, 402558928, 0.04, 1.20, 1.68, 552.41609
2016-06-17, 2, qing_du, 4.13, 3.31, 0.30, 3.30, 3.30, 3.32, 3.29, 933502.77, 308945903, 0.03, 0.91, 1.28, 2733.93393
2016-06-20, 2, qing_du, 4.13, 3.31, 0.30, 3.30, 3.30, 3.32, 3.29, 933502.77, 308945903, 0.03, 0.91, 1.28, 2528.6901
2016-06-21, 3, zhong_du, 4.13, 3.34, 0.60, 3.32, 3.32, 3.35, 3.32, 901219.89, 300556182, 0.03, 0.90, 1.24, 630.73778
2016-06-22, 3, zhong_du, 4.12, 3.36, 0.60, 3.34, 3.34, 3.37, 3.33, 1001740.33, 335594205, 0.03, 1.20, 1.37, 956.51197
2016-06-23, 3, zhong_du, 4.12, 3.37, 0.30, 3.36, 3.36, 3.38, 3.35, 1618432.28, 544734143, 0.05, 0.89, 2.22, 929.62098
2016-06-24, 3, zhong_du, 3.95, 3.16, -1.25, 3.20, 3.20, 3.21, 3.14, 1781475.13, 566455452, 0.06, 2.19, 2.44, 507.23505
2016-06-27, 3, zhong_du, 3.95, 3.17, 0.32, 3.16, 3.15, 3.18, 3.13, 1306872.87, 411815886, 0.04, 1.58, 1.79, 2807.36399
2016-06-28, 3, zhong_du, 3.95, 3.17, -0.31, 3.18, 3.16, 3.18, 3.15, 794821.23, 251326746, 0.03, 0.94, 1.09, 979.78187
2016-06-30, 3, zhong_du, 3.95, 3.21, 0.63, 3.19, 3.19, 3.22, 3.18, 1089704.05, 348970232, 0.04, 1.25, 1.50, 841.92395
2016-07-01, 5, qiang_lie, 3.95, 3.22, 0.31, 3.21, 3.21, 3.22, 3.20, 678218.52, 218035562, 0.02, 0.62, 0.93, 565.835
2016-07-04, 5, qiang_lie, 3.95, 3.25, 0.93, 3.22, 3.21, 3.27, 3.21, 1390062.9, 451472990, 0.05, 1.86, 1.91, 1661.98707
2016-07-05, 5, qiang_lie, 3.95, 3.25, 0.00, 3.25, 3.25, 3.27, 3.22, 1360945.2, 441286575, 0.05, 1.54, 1.87, 2566.42294
2016-07-06, 5, qiang_lie, 3.95, 3.25, 0.00, 3.25, 3.25, 3.27, 3.24, 971198.31, 316145524, 0.03, 0.92, 1.33, 16982.53584
2016-07-07, 5, qiang_lie, 3.95, 3.26, 0.31, 3.25, 3.25, 3.26, 3.24, 890294.48, 289519135, 0.03, 0.62, 1.22, 771.44504
2016-07-08, 5, qiang_lie, 3.95, 3.23, -0.92, 3.26, 3.25, 3.26, 3.23, 630166.03, 204230925, 0.02, 0.92, 0.86, 2552.96493
2016-07-11, 5, qiang_lie, 3.95, 3.25, 0.62, 3.23, 3.23, 3.27, 3.23, 973386.35, 316562089, 0.03, 1.24, 1.34, 792.48214
2016-07-12, 5, qiang_lie, 3.95, 3.30, 1.54, 3.25, 3.25, 3.31, 3.24, 1844009.17, 604552923, 0.06, 2.15, 2.54, 15194.82684
2016-07-13, 5, qiang_lie, 3.95, 3.34, 1.21, 3.30, 3.30, 3.35, 3.29, 2081149.17, 690665691, 0.07, 1.82, 2.86, 42802.43301
2016-07-14, 5, qiang_lie, 3.95, 3.32, -0.60, 3.34, 3.33, 3.33, 3.30, 1213269.55, 401422101, 0.04, 0.90, 1.67, 2691.92195
2016-07-15, 5, qiang_lie, 3.95, 3.33, 0.30, 3.32, 3.32, 3.34, 3.31, 856798.87, 284581014, 0.03, 0.90, 1.18, 2795.45999
2016-07-18, 5, qiang_lie, 3.95, 3.34, 0.30, 3.33, 3.32, 3.35, 3.32, 1492144.2, 498789155, 0.05, 0.90, 2.09, 4645.78199
2016-07-19, 5, qiang_lie, 3.95, 3.32, -0.60, 3.34, 3.34, 3.35, 3.31, 1024257.99, 340759321, 0.03, 1.20, 1.41, 490.41295
2016-07-20, 5, qiang_lie, 3.95, 3.31, -0.30, 3.32, 3.32, 3.32, 3.29, 720826.36, 238345721, 0.02, 0.90, 0.99, 570.25599
2016-07-21, 5, qiang_lie, 3.95, 3.30, 0.00, 3.30, 3.30, 3.31, 3.29, 883799.1, 291760091, 0.03, 0.61, 1.21, 2885.22291
2016-07-22, 5, qiang_lie, 3.94, 3.30, 0.00, 3.30, 3.30, 3.31, 3.29, 1184222.85, 390883746, 0.04, 0.61, 1.63, 2641.87598
2016-07-25, 5, qiang_lie, 3.94, 3.33, 0.91, 3.30, 3.30, 3.33, 3.30, 752894.51, 249890896, 0.03, 0.91, 1.03, 18372.63083
2016-07-26, 5, qiang_lie, 3.94, 3.36, 0.90, 3.33, 3.32, 3.36, 3.32, 916256.44, 306581635, 0.03, 1.20, 1.26, 731.31585
2016-07-27, 5, qiang_lie, 3.94, 3.34, -0.60, 3.36, 3.35, 3.37, 3.30, 1487095.22, 495846728, 0.05, 2.08, 2.04, 4728.22499
2016-07-28, 5, qiang_lie, 3.94, 3.33, -0.30, 3.34, 3.33, 3.34, 3.31, 793635.65, 263834434, 0.03, 0.90, 1.09, 776.66903
2016-07-29, 5, qiang_lie, 3.94, 3.34, 0.30, 3.33, 3.33, 3.34, 3.32, 652601.49, 217550780, 0.02, 0.60, 0.90, 14133.02016
2016-08-01, 5, qiang_lie, 3.94, 3.35, 0.30, 3.34, 3.33, 3.36, 3.33, 1065178.01, 356024796, 0.04, 0.90, 1.46, 4126.2989
2016-08-02, 5, qiang_lie, 3.94, 3.36, 0.30, 3.35, 3.35, 3.36, 3.34, 598096.28, 200152043, 0.02, 0.60, 0.82, 14345.37005
2016-08-03, 5, qiang_lie, 3.94, 3.34, -0.60, 3.36, 3.35, 3.36, 3.33, 820883.64, 274041482, 0.03, 0.89, 1.11, 3626.03092
2016-08-04, 5, qiang_lie, 3.94, 3.32, -0.60, 3.34, 3.33, 3.34, 3.31, 833677.77, 276798594, 0.03, 0.90, 1.34, 14278.90491
2016-08-05, 5, qiang_lie, 3.94, 3.33, 0.30, 3.32, 3.32, 3.34, 3.31, 672740.45, 223625238, 0.02, 0.90, 0.97, 1450.34194
2016-08-08, 5, qiang_lie, 3.94, 3.34, 0.30, 3.33, 3.33, 3.35, 3.32, 634501.67, 211583062, 0.02, 0.90, 0.85, 63849.08009
2016-08-09, 5, qiang_lie, 3.94, 3.36, 0.60, 3.34, 3.34, 3.36, 3.33, 827915.02, 277128359, 0.03, 0.90, 1.16, 2550.81201
2016-08-10, 5, qiang_lie, 3.94, 3.35, -0.30, 3.36, 3.35, 3.36, 3.35, 708442.72, 237773156, 0.02, 0.30, 0.93, 1857.38516
2016-08-11, 5, qiang_lie, 3.94, 3.40, 1.49, 3.35, 3.35, 3.41, 3.35, 1910075.81, 647556653, 0.06, 1.79, 2.59, 2460.778
2016-08-15, 5, qiang_lie, 3.94, 3.56, 1.71, 3.50, 3.50, 3.60, 3.49, 2774940.3, 989198597, 0.09, 3.14, 2.15, 704.06199
2016-08-16, 5, qiang_lie, 3.94, 3.45, -3.09, 3.56, 3.56, 3.57, 3.41, 6348096.43, 2196885899, 0.22, 4.49, 3.67, 748.05713
2016-08-17, 5, qiang_lie, 3.94, 3.44, -0.29, 3.45, 3.43, 3.45, 3.41, 1562195.27, 535954878, 0.05, 1.16, 0.55, 14684.56697
2016-08-18, 5, qiang_lie, 3.94, 3.42, -0.58, 3.44, 3.43, 3.45, 3.41, 1874897.55, 642468151, 0.06, 1.16, 0.62, 15022.17913
2016-08-19, 5, qiang_lie, 3.94, 3.43, 0.29, 3.42, 3.42, 3.43, 3.41, 846544.56, 289321867, 0.03, 0.58, 0.28, 2615.37409
2016-08-22, 5, qiang_lie, 3.94, 3.45, 0.58, 3.43, 3.42, 3.46, 3.41, 1928893.75, 662293271, 0.07, 1.46, 0.72, 2474.3588
2016-08-23, 5, qiang_lie, 3.94, 3.46, 0.29, 3.45, 3.44, 3.49, 3.43, 2452702.1, 849367155, 0.08, 1.74, 0.98, 635.45704
2016-08-24, 5, qiang_lie, 3.94, 3.45, -0.29, 3.46, 3.46, 3.47, 3.43, 1210929.59, 418173003, 0.04, 1.16, 0.70, 2758.82387
2016-08-25, 5, qiang_lie, 3.94, 3.46, 0.00, 3.46, 3.45, 3.46, 3.43, 1167287.97, 402156880, 0.04, 0.87, 0.70, 2521.13104
2016-08-26, 5, qiang_lie, 3.94, 3.45, -0.29, 3.46, 3.45, 3.46, 3.44, 768900.92, 265215366, 0.03, 0.58, 0.51, 473.91295
2016-08-29, 5, qiang_lie, 3.94, 3.43, -0.58, 3.45, 3.45, 3.45, 3.41, 1058981.64, 363265964, 0.04, 1.16, 0.70, 704.38504
2016-08-30, 4, gao_du, 3.94, 3.45, 0.58, 3.43, 3.43, 3.45, 3.43, 789741.31, 271945373, 0.03, 0.58, 0.59, 626.83201
2016-08-31, 4, gao_du, 3.94, 3.46, 0.29, 3.45, 3.45, 3.46, 3.45, 188120.57, 64942491, 0.01, 0.29, 1.08, 2630.45907
2016-09-01, 4, gao_du, 3.93, 3.46, 0.29, 3.45, 3.45, 3.46, 3.45, 188120.57, 64942491, 0.01, 0.29, 1.08, 641.98303
2016-09-02, 4, gao_du, 3.93, 3.47, -0.29, 3.48, 3.47, 3.48, 3.45, 1109554.45, 384803325, 0.05, 0.86, 1.21, 2695.76502
2016-09-05, 4, gao_du, 3.93, 3.46, -0.29, 3.47, 3.47, 3.48, 3.45, 1325549.9, 458684931, 0.06, 0.86, 1.45, 568.28809
2016-09-06, 4, gao_du, 3.93, 3.46, 0.29, 3.45, 3.45, 3.46, 3.45, 188120.57, 64942491, 0.01, 0.29, 1.08, 7128.27802
2016-09-07, 4, gao_du, 3.93, 3.46, 0.29, 3.45, 3.45, 3.46, 3.45, 188120.57, 64942491, 0.01, 0.29, 1.08, 690.8021
2016-09-08, 4, gao_du, 3.93, 3.46, 0.29, 3.45, 3.45, 3.46, 3.45, 188120.57, 64942491, 0.01, 0.29, 1.08, 2572.24083
2016-09-09, 3, zhong_du, 3.93, 3.46, 0.29, 3.45, 3.45, 3.46, 3.45, 188120.57, 64942491, 0.01, 0.29, 1.08, 673.85793
2016-09-12, 3, zhong_du, 3.93, 3.38, -1.74, 3.44, 3.43, 3.43, 3.37, 1722230.43, 585984089, 0.08, 1.74, 1.88, 552.17099
2016-09-13, 3, zhong_du, 3.93, 3.38, 0.00, 3.38, 3.38, 3.40, 3.38, 868210.13, 293824716, 0.04, 0.59, 0.95, 651.55101
2016-09-14, 2, qing_du, 3.93, 3.46, 0.29, 3.45, 3.45, 3.46, 3.45, 188120.57, 64942491, 0.01, 0.29, 1.08, 930.46212
2016-09-19, 2, qing_du, 3.93, 3.35, 0.30, 3.34, 3.33, 3.35, 3.32, 1282302.44, 427761581, 0.06, 0.90, 1.40, 2677.48499
2016-09-20, 1, wei_ruo, 3.93, 3.34, -0.30, 3.35, 3.35, 3.35, 3.33, 639658.94, 213745965, 0.03, 0.60, 0.70, 16088.6929
2016-09-21, 1, wei_ruo, 3.93, 3.38, 1.20, 3.34, 3.35, 3.39, 3.33, 1144751.29, 385704435, 0.05, 1.80, 1.25, 2397.90297
2016-09-22, 1, wei_ruo, 3.93, 3.39, 0.30, 3.38, 3.38, 3.41, 3.38, 831975.2, 282478076, 0.04, 0.89, 0.91, 526.97802
2016-09-23, 1, wei_ruo, 3.93, 3.40, 0.29, 3.39, 3.39, 3.41, 3.38, 614349.77, 208659506, 0.03, 0.88, 0.67, 7249.04799
2016-09-26, 1, wei_ruo, 3.93, 3.37, -0.88, 3.40, 3.40, 3.40, 3.36, 1427348.71, 482593590, 0.07, 1.18, 1.56, 2708.84299
2016-09-27, 1, wei_ruo, 3.93, 3.38, 0.30, 3.37, 3.37, 3.39, 3.35, 1026919.81, 345414701, 0.05, 1.19, 1.12, 630.95593
2016-09-28, 1, wei_ruo, 3.93, 3.36, -0.59, 3.38, 3.38, 3.38, 3.35, 647078.56, 217790859, 0.03, 0.89, 0.71, 772.17889
2016-09-29, 1, wei_ruo, 3.93, 3.37, 0.30, 3.36, 3.36, 3.37, 3.36, 629300.05, 211757287, 0.03, 0.30, 0.69, 513.68499
2016-09-30, 1, wei_ruo, 3.93, 3.37, 0.00, 3.37, 3.36, 3.38, 3.36, 558087.02, 188108246, 0.03, 0.59, 0.61, 661.52287
2016-10-10, 1, wei_ruo, 3.93, 3.40, 0.89, 3.37, 3.38, 3.40, 3.37, 878880.67, 297599475, 0.04, 0.89, 0.96, 606.25505
2016-10-11, 1, wei_ruo, 3.93, 3.40, 0.00, 3.40, 3.40, 3.41, 3.39, 787140.64, 267804753, 0.04, 0.59, 0.86, 918.14208
2016-10-12, 1, wei_ruo, 3.93, 3.39, -0.29, 3.40, 3.40, 3.40, 3.38, 567345.72, 192251939, 0.03, 0.59, 0.62, 444.66591
2016-10-13, 1, wei_ruo, 3.93, 3.38, -0.29, 3.39, 3.39, 3.39, 3.37, 573759.89, 193823787, 0.03, 0.59, 0.63, 546.56315
2016-10-14, 1, wei_ruo, 3.93, 3.38, 0.00, 3.38, 3.38, 3.38, 3.36, 482511.07, 162778785, 0.02, 0.59, 0.53, 592.07392
2016-10-17, 1, wei_ruo, 3.93, 3.38, 0.00, 3.38, 3.38, 3.38, 3.37, 313983.6, 105995551, 0.01, 0.30, 0.69, 2660.85386
2016-10-18, 1, wei_ruo, 3.93, 3.38, 0.00, 3.38, 3.38, 3.38, 3.37, 313983.6, 105995551, 0.01, 0.30, 0.69, 477.55098
2016-10-19, 1, wei_ruo, 3.93, , , , , , , , , , , , 472.718
2016-10-20, 1, wei_ruo, 3.93, 3.39, 0.30, 3.38, 3.39, 3.40, 3.38, 574197.53, 194524758, 0.03, 0.59, 0.70, 668.07318
2016-10-21, 1, wei_ruo, 3.93, 3.40, 0.29, 3.39, 3.39, 3.40, 3.37, 962500.89, 325960848, 0.05, 0.88, 1.34, 1686.94282
2016-10-24, 1, wei_ruo, 3.93, 3.44, 1.18, 3.40, 3.40, 3.46, 3.39, 1864960.88, 638435060, 0.09, 2.06, 2.49, 883.11291
2016-10-25, 2, qing_du, 3.93, 3.44, 0.29, 3.43, 3.43, 3.45, 3.43, 1163384.57, 400302602, 0.06, 0.58, 1.55, 26508.8799
2016-10-26, 2, qing_du, 3.93, 3.41, -0.87, 3.44, 3.44, 3.44, 3.40, 1058846.41, 362211080, 0.05, 1.16, 1.41, 19048.48099
2016-10-27, 2, qing_du, 3.93, 3.38, -0.88, 3.41, 3.41, 3.41, 3.37, 1173393.06, 397454551, 0.06, 1.17, 1.56, 679.46196
2016-10-28, 2, qing_du, 3.93, 3.41, 0.59, 3.39, 3.39, 3.41, 3.38, 1543649.39, 524644052, 0.07, 0.88, 2.05, 2789.96706
2016-10-31, 1, wei_ruo, 3.93, 3.39, -0.59, 3.41, 3.40, 3.40, 3.38, 876778.72, 296709884, 0.04, 0.59, 1.17, 609.82013
2016-11-01, 1, wei_ruo, 3.93, 3.40, 0.29, 3.39, 3.38, 3.40, 3.38, 836823.64, 283431147, 0.04, 0.59, 1.12, 718.11795
2016-11-02, 1, wei_ruo, 3.93, 3.38, -0.59, 3.40, 3.39, 3.40, 3.37, 1157003.1, 390804977, 0.05, 0.88, 1.54, 63571.71702
2016-11-03, 1, wei_ruo, 3.93, 3.38, 0.00, 3.38, 3.37, 3.38, 3.35, 1177051.19, 396395806, 0.06, 0.89, 1.56, 738.94095
2016-11-04, 1, wei_ruo, 3.93, 3.37, -0.30, 3.38, 3.37, 3.38, 3.35, 1341744.66, 451323437, 0.06, 0.89, 1.78, 435.9498
2016-11-07, 1, wei_ruo, 3.93, 3.36, -0.30, 3.37, 3.36, 3.37, 3.35, 1142619.67, 384009542, 0.05, 0.59, 1.52, 621.76204
2016-11-08, 1, wei_ruo, 3.92, 3.38, 0.60, 3.36, 3.36, 3.40, 3.36, 2115554.42, 715247801, 0.10, 1.19, 2.81, 404.52194
2016-11-09, 1, wei_ruo, 3.92, 3.36, -0.59, 3.38, 3.38, 3.39, 3.34, 1949201.38, 654987885, 0.09, 1.48, 2.59, 553.3309
2016-11-10, 1, wei_ruo, 3.92, 3.38, 0.60, 3.36, 3.37, 3.39, 3.36, 1282639.3, 433367089, 0.06, 0.89, 1.71, 729.45499
2016-11-11, 1, wei_ruo, 3.92, 3.38, 0.00, 3.38, 3.37, 3.38, 3.36, 2051168, 691201441, 0.10, 0.59, 2.73, 690.35006
2016-11-14, 1, wei_ruo, 3.92, 3.39, 0.30, 3.38, 3.37, 3.40, 3.37, 2021222.29, 683949595, 0.10, 0.89, 2.69, 527.72617
2016-11-15, 1, wei_ruo, 3.92, 3.38, -0.59, 3.40, 3.39, 3.40, 3.38, 564514.79, 191228908, 0.03, 0.59, 1.50, 873.34895
2016-11-16, 1, wei_ruo, 3.92, 3.38, -0.59, 3.40, 3.39, 3.40, 3.38, 564514.79, 191228908, 0.03, 0.59, 1.50, 447.45708
2016-11-17, 1, wei_ruo, 3.92, 3.39, 0.00, 3.39, 3.39, 3.39, 3.38, 389903.56, 131970346, 0.02, 0.29, 1.04, 541.04996
2016-11-18, 1, wei_ruo, 3.92, 3.39, 0.00, 3.39, 3.39, 3.39, 3.38, 389903.56, 131970346, 0.02, 0.29, 1.04, 495.57996
2016-11-21, 1, wei_ruo, 3.92, 3.41, 0.89, 3.38, 3.37, 3.42, 3.37, 2380776.64, 808790339, 0.11, 1.48, 3.16, 280.70807
2016-11-22, 2, qing_du, 3.92, 3.43, 0.59, 3.41, 3.39, 3.43, 3.39, 2675463.85, 913003174, 0.13, 1.17, 3.56, 837.21805
2016-11-23, 2, qing_du, 3.92, 3.45, 0.58, 3.43, 3.42, 3.48, 3.42, 3042022.92, 1052048399, 0.14, 1.75, 4.04, 505.45096
2016-11-24, 3, zhong_du, 3.92, 3.45, 0.00, 3.45, 3.45, 3.46, 3.44, 1847221.34, 637484452, 0.09, 0.58, 2.45, 550.95601
2016-11-25, 3, zhong_du, 3.92, 3.49, 1.16, 3.45, 3.45, 3.49, 3.45, 2134462.29, 740905138, 0.10, 1.16, 2.84, 637.27903
2016-11-28, 4, gao_du, 3.92, 3.54, 1.43, 3.49, 3.50, 3.57, 3.49, 3591628.08, 1272025896, 0.17, 2.29, 4.77, 484.45487
2016-11-29, 4, gao_du, 3.92, 3.55, 0.28, 3.54, 3.54, 3.57, 3.51, 2312694.52, 817911746, 0.11, 1.69, 3.07, 432.17587
2016-11-30, 5, qiang_lie, 3.92, 3.51, -1.40, 3.56, 3.55, 3.55, 3.50, 2079573.72, 732327597, 0.10, 1.40, 2.76, 456.55894
2016-12-01, 5, qiang_lie, 3.92, 3.52, 0.28, 3.51, 3.51, 3.54, 3.49, 1829476.89, 643547452, 0.09, 1.42, 2.43, 430.73583
2016-12-02, 4, gao_du, 3.92, 3.51, -0.28, 3.52, 3.51, 3.52, 3.47, 2436999.09, 852755897, 0.12, 1.42, 3.24, 570.20497
2016-12-05, 4, gao_du, 3.92, 3.51, 0.00, 3.51, 3.50, 3.52, 3.48, 2489244.08, 871184636, 0.12, 1.14, 3.31, 704.93007
2016-12-06, 4, gao_du, 3.92, 3.50, -0.28, 3.51, 3.51, 3.52, 3.50, 1879719.72, 659640970, 0.09, 0.57, 2.50, 632.61986
2016-12-07, 4, gao_du, 3.92, 3.50, 0.00, 3.50, 3.50, 3.51, 3.49, 1225432.6, 428445433, 0.06, 0.57, 1.63, 522.48502
2016-12-08, 4, gao_du, 3.92, 3.52, 0.57, 3.50, 3.50, 3.52, 3.49, 1330888.3, 466457565, 0.06, 0.86, 1.77, 701.25294
2016-12-09, 4, gao_du, 3.91, 3.59, 1.99, 3.52, 3.51, 3.62, 3.51, 3997332.18, 1431617712, 0.19, 3.13, 5.31, 586.93814
2016-12-12, 4, gao_du, 3.91, 3.64, 1.39, 3.59, 3.60, 3.74, 3.58, 5161055.88, 1884088323, 0.24, 4.46, 6.86, 483.24394
2016-12-13, 4, gao_du, 3.91, 3.58, -1.65, 3.64, 3.62, 3.63, 3.54, 2514281.55, 901224748, 0.12, 2.47, 3.34, 784.23691
2016-12-14, 4, gao_du, 3.91, 3.59, 0.28, 3.58, 3.57, 3.64, 3.57, 1816700.97, 655858063, 0.09, 1.96, 2.41, 481.47202
2016-12-15, 3, zhong_du, 3.91, 3.48, -3.06, 3.59, 3.57, 3.58, 3.47, 2448474.68, 858366417, 0.12, 3.06, 3.25, 587.9941
2016-12-16, 3, zhong_du, 3.91, 3.46, -0.57, 3.48, 3.47, 3.48, 3.44, 1314716.53, 454437841, 0.06, 1.15, 1.75, 616.55498
2016-12-19, 2, qing_du, 3.91, 3.46, 0.00, 3.46, 3.45, 3.47, 3.43, 1166836.11, 402691564, 0.06, 1.16, 1.55, 679.01492
2016-12-20, 2, qing_du, 3.91, 3.42, -1.16, 3.46, 3.45, 3.46, 3.39, 1753509.02, 598468699, 0.08, 2.02, 2.33, 1161.61108
2016-12-21, 1, wei_ruo, 3.91, 3.46, 1.17, 3.42, 3.42, 3.46, 3.41, 1335347.48, 459194810, 0.06, 1.46, 1.77, 520.01786
2016-12-22, 1, wei_ruo, 3.91, 3.45, -0.29, 3.46, 3.45, 3.46, 3.43, 839098.12, 288636062, 0.04, 0.87, 1.12, 471.48013
2016-12-23, 1, wei_ruo, 3.91, 3.43, -0.58, 3.45, 3.44, 3.45, 3.41, 839833.8, 287547566, 0.04, 1.16, 1.12, 384.49287
2016-12-26, 1, wei_ruo, 3.91, 3.44, 0.29, 3.43, 3.42, 3.44, 3.39, 1179913.52, 401998934, 0.06, 1.46, 1.57, 477.95296
2016-12-27, 1, wei_ruo, 3.91, 3.41, -0.87, 3.44, 3.43, 3.44, 3.41, 762047.42, 260620877, 0.04, 0.87, 1.01, 591.8839
2016-12-28, 1, wei_ruo, 3.91, 3.42, 0.29, 3.41, 3.41, 3.43, 3.40, 765900.69, 261629926, 0.04, 0.88, 1.02, 480.62396
2016-12-29, 1, wei_ruo, 3.91, 3.42, 0.00, 3.42, 3.41, 3.44, 3.40, 862880.43, 295211843, 0.04, 1.17, 1.15, 2538.15389
2016-12-30, 1, wei_ruo, 3.91, 3.44, 0.58, 3.42, 3.42, 3.44, 3.42, 807391.84, 276936993, 0.04, 0.58, 1.07, 578.25994
2017-01-03, 1, wei_ruo, 3.91, 3.44, 0.58, 3.42, 3.42, 3.44, 3.42, 807391.84, 276936993, 0.04, 0.58, 1.07, 2552.03986
2017-01-04, 1, wei_ruo, 3.91, 3.47, 0.00, 3.47, 3.46, 3.48, 3.45, 940023.32, 325874866, 0.04, 0.86, 1.25, 573.85707
2017-01-05, 1, wei_ruo, 3.91, 3.46, -0.29, 3.47, 3.48, 3.48, 3.45, 1210668.29, 419460951, 0.06, 0.86, 1.61, 583.23598
2017-01-06, 1, wei_ruo, 3.91, 3.44, -0.58, 3.46, 3.46, 3.46, 3.42, 1654384.51, 568322355, 0.08, 1.16, 2.20, 835.62088
2017-01-09, 1, wei_ruo, 3.91, 3.44, 0.00, 3.44, 3.43, 3.44, 3.42, 858158.24, 294854673, 0.04, 0.58, 1.14, 621.0258
2017-01-10, 1, wei_ruo, 3.91, 3.44, 0.00, 3.44, 3.44, 3.44, 3.42, 623665.01, 213867721, 0.03, 0.58, 1.66, 474.11203
2017-01-11, 1, wei_ruo, 3.91, 3.44, 0.00, 3.44, 3.44, 3.44, 3.42, 623665.01, 213867721, 0.03, 0.58, 1.66, 3694.22483
2017-01-13, 1, wei_ruo, 3.91, 3.44, 0.00, 3.44, 3.44, 3.44, 3.42, 623665.01, 213867721, 0.03, 0.58, 1.66, 466.2261
2017-01-16, 1, wei_ruo, 3.91, 3.44, 0.00, 3.44, 3.44, 3.44, 3.42, 623665.01, 213867721, 0.03, 0.58, 1.66, 2578.62115
2017-01-17, 1, wei_ruo, 3.91, 3.50, 0.00, 3.50, 3.49, 3.51, 3.48, 1023958.58, 357658594, 0.05, 0.86, 1.36, 639.33587
2017-01-18, 1, wei_ruo, 3.91, 3.51, 0.29, 3.50, 3.50, 3.52, 3.49, 1082665.31, 379749650, 0.05, 0.86, 1.44, 635.57506
2017-02-07, 1, wei_ruo, 3.90, 3.52, -0.56, 3.54, 3.53, 3.54, 3.51, 194524.87, 68512146, 0.01, 0.85, 0.60, 672.06597
2017-02-08, 1, wei_ruo, 3.90, 3.55, 0.28, 3.54, 3.53, 3.55, 3.51, 781484.21, 276314695, 0.04, 1.13, 1.04, 479.10094
2017-02-09, 2, qing_du, 3.90, 3.57, 0.56, 3.55, 3.54, 3.58, 3.54, 1039176.29, 370388709, 0.05, 1.13, 1.38, 518.88514
2017-02-10, 2, qing_du, 3.90, 3.60, 0.84, 3.57, 3.57, 3.60, 3.57, 1389181.24, 498493925, 0.07, 0.84, 1.85, 783.10609
2017-02-14, 4, gao_du, 3.90, 3.62, -0.28, 3.63, 3.63, 3.63, 3.60, 1124224.8, 406472127, 0.05, 0.83, 1.49, 555.969
2017-02-15, 4, gao_du, 3.90, 3.67, 1.38, 3.62, 3.62, 3.68, 3.61, 2632927.29, 963148138, 0.12, 1.93, 3.50, 184950.57583
2017-02-16, 4, gao_du, 3.90, 3.69, 0.54, 3.67, 3.68, 3.70, 3.66, 1696187.2, 624247075, 0.08, 1.09, 2.25, 2864.0511
2017-02-17, 4, gao_du, 3.90, 3.63, -1.63, 3.69, 3.69, 3.69, 3.63, 1405860.52, 514191685, 0.07, 1.63, 1.87, 1020.02001
2017-02-20, 4, gao_du, 3.90, 3.69, 1.65, 3.63, 3.64, 3.72, 3.63, 3264161.12, 1203698917, 0.15, 2.48, 4.34, 647.20201
2017-02-21, 4, gao_du, 3.90, 3.63, -1.63, 3.69, 3.69, 3.69, 3.63, 1405860.52, 514191685, 0.07, 1.63, 1.87, 994.16208
2017-02-22, 4, gao_du, 3.90, 3.72, 0.27, 3.71, 3.71, 3.72, 3.68, 1165285.32, 431352226, 0.06, 1.08, 1.55, 124768.44597
2017-02-23, 4, gao_du, 3.90, 3.73, 0.27, 3.72, 3.71, 3.75, 3.71, 1512760.87, 564079917, 0.07, 1.08, 2.01, 4735.03709
2017-02-24, 5, qiang_lie, 3.90, 3.72, -0.27, 3.73, 3.73, 3.74, 3.70, 1136598.4, 423163914, 0.05, 1.07, 1.51, 2164.90006
2017-02-27, 5, qiang_lie, 3.90, 3.69, -0.81, 3.72, 3.71, 3.72, 3.67, 1234880.62, 455766887, 0.06, 1.34, 1.64, 551.62001
2017-02-28, 5, qiang_lie, 3.90, 3.73, 0.00, 3.73, 3.73, 3.74, 3.71, 259649.43, 96701349, 0.01, 0.80, 1.88, 494.96698
2017-03-01, 4, gao_du, 3.90, 3.67, -0.27, 3.68, 3.69, 3.71, 3.65, 2320192.99, 853745530, 0.11, 1.63, 3.08, 620.16511
2017-03-02, 4, gao_du, 3.90, 3.67, 0.00, 3.67, 3.68, 3.69, 3.66, 1055153.99, 388407490, 0.05, 0.82, 1.40, 663.96904
2017-03-03, 4, gao_du, 3.90, 3.65, -0.54, 3.67, 3.66, 3.66, 3.64, 853942.1, 311802601, 0.04, 0.54, 1.13, 3859.12704
2017-03-06, 4, gao_du, 3.90, 3.63, -0.55, 3.65, 3.65, 3.66, 3.60, 2883619.2, 1047032474, 0.14, 1.64, 3.83, 2485.64816
2017-03-07, 4, gao_du, 3.90, 3.63, -0.27, 3.64, 3.63, 3.64, 3.62, 278661.91, 101140094, 0.01, 0.55, 0.88, 64522.33815
2017-03-08, 4, gao_du, 3.90, 3.64, 0.00, 3.64, 3.63, 3.64, 3.62, 723192.18, 262694123, 0.03, 0.55, 0.96, 996.68908
2017-03-09, 4, gao_du, 3.90, 3.64, 0.00, 3.64, 3.63, 3.65, 3.62, 1295450.77, 470689718, 0.06, 0.82, 1.72, 2945.59598
2017-03-10, 4, gao_du, 3.90, 3.63, -0.27, 3.64, 3.63, 3.65, 3.62, 733924.56, 266571667, 0.03, 0.82, 0.98, 601.83001
2017-03-13, 4, gao_du, 3.90, 3.67, 1.10, 3.63, 3.63, 3.67, 3.62, 1127885.6, 411240563, 0.05, 1.38, 1.50, 647.12691
2017-03-14, 4, gao_du, 3.90, 3.66, -0.27, 3.67, 3.67, 3.68, 3.65, 828739.8, 304053754, 0.04, 0.82, 1.10, 2686.46002
2017-03-15, 4, gao_du, 3.90, 3.66, 0.00, 3.66, 3.65, 3.66, 3.64, 786185.15, 287155374, 0.04, 0.55, 1.04, 2571.95902
2017-03-16, 4, gao_du, 3.90, 3.68, 0.55, 3.66, 3.66, 3.69, 3.65, 1383186.57, 508386400, 0.07, 1.09, 1.84, 632.00402
2017-03-17, 4, gao_du, 3.90, 3.65, -0.82, 3.68, 3.68, 3.69, 3.63, 1352921.7, 494939008, 0.06, 1.63, 1.80, 711.9379
2017-03-20, 4, gao_du, 3.90, 3.67, 0.55, 3.65, 3.64, 3.67, 3.64, 1082878.85, 395584907, 0.05, 0.82, 1.44, 527.46987
2017-03-21, 4, gao_du, 3.90, 3.65, -0.54, 3.67, 3.66, 3.67, 3.64, 1378011.29, 503350132, 0.07, 0.82, 1.83, 670.10307
2017-03-22, 4, gao_du, 3.90, 3.60, -1.37, 3.65, 3.64, 3.65, 3.59, 1306290.85, 471795340, 0.06, 1.64, 1.74, 631.83498
2017-03-23, 3, zhong_du, 3.90, 3.60, 0.00, 3.60, 3.61, 3.63, 3.60, 958359.65, 346146150, 0.05, 0.83, 1.27, 605.901
2017-03-24, 3, zhong_du, 3.90, 3.63, 0.83, 3.60, 3.61, 3.63, 3.60, 926763.68, 334945991, 0.04, 0.83, 1.23, 542.37413
2017-03-27, 3, zhong_du, 3.90, 3.65, 0.55, 3.63, 3.62, 3.66, 3.61, 1289814.63, 469414840, 0.06, 1.38, 1.71, 570.1139
2017-03-28, 3, zhong_du, 3.90, 3.64, -0.27, 3.65, 3.66, 3.66, 3.63, 789282.72, 287463475, 0.04, 0.82, 1.05, 668.56194
2017-03-29, 3, zhong_du, 3.90, 3.65, 0.27, 3.64, 3.64, 3.66, 3.63, 1378980.08, 503005250, 0.07, 0.82, 1.83, 559.13401
2017-03-30, 3, zhong_du, 3.90, 3.66, 0.27, 3.65, 3.64, 3.66, 3.61, 2028027.17, 737890533, 0.10, 1.37, 2.70, 540.34996
2017-03-31, 3, zhong_du, 3.90, 3.70, 1.09, 3.66, 3.65, 3.71, 3.64, 1989880.36, 732251144, 0.09, 1.91, 2.64, 593.76597
2017-04-05, 3, zhong_du, 3.90, 3.68, -0.54, 3.70, 3.67, 3.69, 3.66, 2824219.42, 1037457005, 0.13, 0.81, 3.75, 659.89399
2017-04-06, 3, zhong_du, 3.90, 3.66, -0.54, 3.68, 3.67, 3.68, 3.65, 1470805.09, 537950568, 0.07, 0.82, 1.95, 577.41594
2017-04-07, 3, zhong_du, 3.90, 3.64, -0.55, 3.66, 3.65, 3.66, 3.62, 1814205.39, 659954834, 0.09, 1.09, 2.41, 645.9558
2017-04-10, 2, qing_du, 3.90, 3.63, -0.27, 3.64, 3.64, 3.64, 3.62, 1175112.95, 425878878, 0.06, 0.55, 1.56, 642.90118
2017-04-11, 2, qing_du, 3.90, 3.62, -0.28, 3.63, 3.62, 3.63, 3.60, 1475141.01, 533087041, 0.07, 0.83, 1.96, 616.23096
2017-04-12, 1, wei_ruo, 3.90, 3.62, 0.00, 3.62, 3.61, 3.63, 3.60, 1652906.94, 597235914, 0.08, 0.83, 2.20, 645.94698
2017-04-13, 1, wei_ruo, 3.90, 3.63, 0.28, 3.62, 3.62, 3.64, 3.61, 1074171.05, 389214995, 0.05, 0.83, 1.43, 599.25485
2017-04-14, 1, wei_ruo, 3.90, 3.61, -0.55, 3.63, 3.63, 3.63, 3.60, 907923.63, 327617736, 0.04, 0.83, 1.21, 628.85213
2017-04-17, 1, wei_ruo, 3.90, 3.60, -0.28, 3.61, 3.60, 3.61, 3.57, 1533467.71, 550936115, 0.07, 1.11, 2.04, 716.21418
2017-04-18, 1, wei_ruo, 3.90, 3.57, -0.83, 3.60, 3.60, 3.60, 3.57, 1025860.46, 367447202, 0.05, 0.83, 1.36, 658.97417
2017-04-19, 1, wei_ruo, 3.90, 3.53, -1.12, 3.57, 3.56, 3.57, 3.52, 1360089.76, 481740193, 0.06, 1.40, 1.81, 568.38608
2017-04-20, 1, wei_ruo, 3.90, 3.51, -0.57, 3.53, 3.53, 3.54, 3.50, 1028507.1, 361807502, 0.05, 1.13, 1.37, 647.37797
2017-04-21, 1, wei_ruo, 3.90, 3.54, 0.85, 3.51, 3.51, 3.56, 3.50, 2010337.23, 710345955, 0.10, 1.71, 2.67, 761.46603
2017-04-24, 1, wei_ruo, 3.90, 3.57, 0.85, 3.54, 3.54, 3.58, 3.53, 1468619.22, 521679809, 0.07, 1.41, 1.95, 590.58213
2017-04-25, 1, wei_ruo, 3.90, 3.57, 0.00, 3.57, 3.57, 3.58, 3.56, 1027204.68, 366599907, 0.05, 0.56, 1.37, 609.00998
2017-04-26, 1, wei_ruo, 3.90, 3.58, 0.28, 3.57, 3.57, 3.59, 3.57, 1040941.71, 372553142, 0.05, 0.56, 1.38, 828.38583
2017-04-27, 1, wei_ruo, 3.90, 3.59, 0.28, 3.58, 3.58, 3.59, 3.55, 1054248.89, 376308395, 0.05, 1.12, 1.40, 598.56701
2017-04-28, 1, wei_ruo, 3.90, 3.59, 0.00, 3.59, 3.58, 3.59, 3.57, 995848.28, 356451360, 0.05, 0.56, 1.32, 603.79815
2017-05-02, 1, wei_ruo, 3.90, 3.56, -0.84, 3.59, 3.58, 3.58, 3.55, 660935.5, 235471595, 0.03, 0.84, 0.88, 786.94797
2017-05-03, 1, wei_ruo, 3.90, 3.53, -0.84, 3.56, 3.55, 3.56, 3.52, 846115.51, 299184578, 0.04, 1.12, 1.12, 745.01991
2017-05-04, 1, wei_ruo, 3.89, 3.53, 0.00, 3.53, 3.53, 3.54, 3.52, 746073.06, 263116131, 0.04, 0.57, 0.99, 707.7179
2017-05-05, 1, wei_ruo, 3.89, 3.54, 0.28, 3.53, 3.52, 3.56, 3.49, 1755678.64, 616871445, 0.08, 1.98, 2.33, 641.30783
2017-05-11, 1, wei_ruo, 3.89, 3.62, 1.12, 3.58, 3.58, 3.64, 3.57, 2226686.9, 804582903, 0.11, 1.96, 2.96, 490.92984
2017-05-12, 1, wei_ruo, 3.89, 3.67, 1.38, 3.62, 3.61, 3.69, 3.60, 2572711.1, 939843378, 0.12, 2.49, 3.42, 1402.1821
2017-05-15, 2, qing_du, 3.89, 3.66, -0.27, 3.67, 3.67, 3.69, 3.64, 1308562.92, 479712512, 0.06, 1.36, 1.74, 563.10511
2017-05-17, 3, zhong_du, 3.89, 3.62, -0.28, 3.63, 3.62, 3.62, 3.60, 1021542.19, 368484343, 0.05, 0.55, 1.36, 630.93305
2017-05-18, 2, qing_du, 3.89, 3.61, -0.28, 3.62, 3.60, 3.62, 3.59, 767575.53, 277075439, 0.04, 0.83, 1.02, 545.76111
2017-05-19, 2, qing_du, 3.89, 3.61, 0.00, 3.61, 3.61, 3.62, 3.60, 547839.28, 198104398, 0.03, 0.55, 0.73, 661.23891
2017-05-22, 2, qing_du, 3.89, 3.63, 0.55, 3.61, 3.61, 3.65, 3.61, 1419499.91, 515419786, 0.07, 1.11, 1.89, 560.08506
2017-05-23, 2, qing_du, 3.89, 3.68, 1.38, 3.63, 3.63, 3.69, 3.63, 2569553.72, 941923519, 0.12, 1.65, 3.41, 1012.62903
2017-05-24, 3, zhong_du, 3.89, 3.66, -0.54, 3.68, 3.67, 3.69, 3.63, 1574098.75, 575072584, 0.07, 1.63, 2.09, 703.74107
2017-05-25, 3, zhong_du, 3.89, 3.70, 1.09, 3.66, 3.65, 3.77, 3.65, 4897490.48, 1815858814, 0.23, 3.28, 6.51, 635.73313
2017-05-26, 3, zhong_du, 3.89, 3.70, 0.00, 3.70, 3.68, 3.71, 3.67, 1849142.87, 682831495, 0.09, 1.08, 2.46, 639.97102
2017-05-31, 3, zhong_du, 3.89, 3.73, 0.81, 3.70, 3.70, 3.74, 3.69, 2376482.23, 884454936, 0.11, 1.35, 3.16, 613.12294
2017-06-01, 3, zhong_du, 3.89, 3.74, 0.27, 3.73, 3.72, 3.75, 3.71, 1758666.21, 655552885, 0.08, 1.07, 2.34, 2650.72107
2017-06-02, 3, zhong_du, 3.89, 3.72, -0.53, 3.74, 3.74, 3.78, 3.72, 1984124.34, 743549250, 0.09, 1.60, 2.64, 4141.96897
2017-06-05, 3, zhong_du, 3.89, 3.63, -2.42, 3.72, 3.72, 3.73, 3.61, 4349432.97, 1588851805, 0.21, 3.23, 5.78, 537.79721
2017-06-06, 3, zhong_du, 3.89, 3.64, 0.28, 3.63, 3.63, 3.65, 3.62, 1102282.88, 400733983, 0.05, 0.83, 1.46, 1434.3369
2017-06-07, 3, zhong_du, 3.89, 3.67, 0.82, 3.64, 3.64, 3.68, 3.63, 1848347.4, 676255653, 0.09, 1.37, 2.46, 547.45603
2017-06-08, 3, zhong_du, 3.89, 3.67, 0.00, 3.67, 3.66, 3.67, 3.64, 1121805.34, 410061842, 0.05, 0.82, 1.49, 598.56892
2017-06-09, 3, zhong_du, 3.89, 3.66, -0.27, 3.67, 3.67, 3.69, 3.64, 2639452.58, 966918122, 0.13, 1.36, 3.51, 879.50397
2017-06-12, 3, zhong_du, 3.89, 3.64, -0.55, 3.66, 3.65, 3.67, 3.63, 1748163.97, 637843732, 0.08, 1.09, 2.32, 566.31207
2017-06-13, 3, zhong_du, 3.89, 3.64, 0.00, 3.64, 3.63, 3.65, 3.62, 999523.07, 363302073, 0.05, 0.82, 1.33, 3161.56697
2017-06-14, 3, zhong_du, 3.89, 3.63, -0.27, 3.64, 3.64, 3.64, 3.61, 1578235.85, 571579532, 0.07, 0.82, 2.10, 588.70912
2017-06-15, 3, zhong_du, 3.89, 3.61, -0.55, 3.63, 3.62, 3.63, 3.60, 1166717.6, 421205434, 0.06, 0.83, 1.55, 701.27511
2017-06-16, 2, qing_du, 3.89, 3.62, 0.28, 3.61, 3.61, 3.62, 3.60, 808205.6, 291866539, 0.04, 0.55, 1.07, 3432.86705
2017-06-19, 2, qing_du, 3.89, 3.61, -0.28, 3.62, 3.61, 3.63, 3.60, 1954731.89, 706430358, 0.09, 0.83, 2.60, 1522.65716
2017-06-20, 2, qing_du, 3.89, 3.62, 0.28, 3.61, 3.61, 3.63, 3.61, 808578.77, 292765927, 0.04, 0.55, 1.07, 334.47599
2017-06-21, 2, qing_du, 3.89, 3.62, 0.00, 3.62, 3.63, 3.64, 3.61, 1271657.78, 460986919, 0.06, 0.83, 1.69, 773.669
2017-06-22, 2, qing_du, 3.89, 3.65, 0.83, 3.62, 3.62, 3.69, 3.62, 4073816.2, 1491490389, 0.19, 1.93, 5.41, 713.35697
2017-06-23, 3, zhong_du, 3.89, 3.67, 0.55, 3.65, 3.64, 3.67, 3.63, 1883922.87, 687181569, 0.09, 1.10, 2.50, 796.47899
2017-06-26, 3, zhong_du, 3.89, 3.66, -0.27, 3.67, 3.67, 3.70, 3.65, 2848251.11, 1047969769, 0.14, 1.36, 3.79, 3967.78488
2017-06-27, 3, zhong_du, 3.89, 3.66, 0.00, 3.66, 3.66, 3.68, 3.64, 1565613.53, 572464192, 0.07, 1.09, 2.08, 318.64309
2017-06-28, 3, zhong_du, 3.89, 3.67, 0.27, 3.66, 3.66, 3.68, 3.65, 1574377.96, 577416802, 0.07, 0.82, 2.09, 709.98096
2017-06-29, 3, zhong_du, 3.89, 3.68, 0.27, 3.67, 3.67, 3.68, 3.65, 1285475.11, 471580193, 0.06, 0.82, 1.71, 561.54299
2017-06-30, 3, zhong_du, 3.89, 3.70, 0.54, 3.68, 3.67, 3.70, 3.66, 1515554.99, 558508453, 0.07, 1.09, 2.01, 548.82813
2017-07-03, 3, zhong_du, 3.89, 3.69, -0.27, 3.70, 3.70, 3.70, 3.67, 1540760.62, 568024844, 0.07, 0.81, 2.05, 641.02697
2017-07-04, 3, zhong_du, 3.89, 3.68, -0.27, 3.69, 3.68, 3.70, 3.66, 1958475.63, 720922954, 0.09, 1.08, 2.60, 519.46712
2017-07-05, 3, zhong_du, 3.89, 3.68, 0.00, 3.68, 3.68, 3.69, 3.67, 1427568.65, 525016204, 0.07, 0.54, 1.90, 816.56599
2017-07-06, 3, zhong_du, 3.89, 3.67, -0.27, 3.68, 3.68, 3.69, 3.66, 1620708.41, 595292497, 0.08, 0.82, 2.15, 2789.44111
2017-07-07, 3, zhong_du, 3.89, 3.69, 0.54, 3.67, 3.67, 3.69, 3.66, 1625846.59, 596907790, 0.08, 0.82, 2.16, 1043.76507
2017-07-10, 3, zhong_du, 3.89, 3.69, 0.00, 3.69, 3.68, 3.70, 3.67, 1192888.73, 439611921, 0.06, 0.81, 1.59, 1050.78721
2017-07-11, 3, zhong_du, 3.89, 3.72, 0.81, 3.69, 3.69, 3.74, 3.68, 2810436.36, 1044084923, 0.13, 1.63, 3.74, 633.64387
2017-07-12, 3, zhong_du, 3.89, 3.75, 0.81, 3.72, 3.73, 3.77, 3.72, 3264298.79, 1224830704, 0.15, 1.34, 4.34, 661.83996
2017-07-13, 4, gao_du, 3.89, 3.81, 1.60, 3.75, 3.76, 3.82, 3.75, 3598936.91, 1362143689, 0.17, 1.87, 4.78, 696.14005
2017-07-14, 4, gao_du, --, 3.68, 1.10, 3.64, 3.68, 3.69, 3.64, 2808484.66, 1029361334, 0.13, 1.37, 3.73, 560.54091
2017-07-17, 4, gao_du, --, 3.79, 2.99, 3.68, 3.68, 3.82, 3.67, 5965962.67, 2241313682, 0.28, 4.08, 7.93, 707.80611
2017-07-18, 4, gao_du, 3.74, 3.76, -0.79, 3.79, 3.76, 3.81, 3.73, 2753380.9, 1037453596, 0.13, 2.11, 3.66, 602.54693
2017-07-19, 4, gao_du, --, 3.76, 0.00, 3.76, 3.75, 3.80, 3.74, 2841818.26, 1073651750, 0.13, 1.60, 3.78, 452.36897
2017-07-20, 4, gao_du, --, 3.79, 0.80, 3.76, 3.77, 3.79, 3.74, 1947425.03, 734255265, 0.09, 1.33, 2.59, 468.44888
2017-07-21, 5, qiang_lie, --, 3.78, -0.26, 3.79, 3.78, 3.80, 3.76, 1562146.01, 590677271, 0.07, 1.06, 2.08, 489.465
2017-07-24, 5, qiang_lie, 3.74, 3.80, 0.53, 3.78, 3.77, 3.84, 3.76, 2928809.76, 1116820902, 0.14, 2.12, 3.89, 625.20599
2017-07-25, 5, qiang_lie, --, 3.85, 1.32, 3.80, 3.82, 3.89, 3.81, 3314214.41, 1277539426, 0.16, 2.11, 4.40, 828.46212
2017-07-26, 5, qiang_lie, --, 3.90, 1.30, 3.85, 3.85, 3.95, 3.85, 3018466.64, 1179594032, 0.14, 2.60, 4.01, 777.25506
2017-07-27, 5, qiang_lie, 3.74, 3.87, -0.77, 3.90, 3.91, 3.91, 3.85, 2080296.26, 804503847, 0.10, 1.54, 2.76, 723.05799
2017-07-28, 5, qiang_lie, 3.74, 3.88, 0.26, 3.87, 3.85, 3.89, 3.82, 1806945.14, 696544037, 0.09, 1.81, 2.40, 682.63912
2017-07-31, 5, qiang_lie, 3.74, 3.92, 1.03, 3.88, 3.88, 3.96, 3.88, 3417701.25, 1342559267, 0.16, 2.06, 4.54, 850.42787
2017-08-01, 5, qiang_lie, 3.74, 3.96, 1.02, 3.92, 3.92, 3.97, 3.92, 3090702.1, 1218908291, 0.15, 1.28, 4.11, 791.55087
2017-08-02, 5, qiang_lie, 3.74, 4.05, 2.27, 3.96, 3.96, 4.08, 3.95, 4048001.4, 1629934099, 0.19, 3.28, 5.38, 182879.96387
2017-08-03, 5, qiang_lie, 3.74, 4.06, 0.25, 4.05, 4.05, 4.15, 4.01, 3280077.6, 1335880387, 0.16, 3.46, 4.36, 796.27705
2017-08-04, 5, qiang_lie, 3.74, 4.03, -0.74, 4.06, 4.05, 4.12, 4.02, 2308072.87, 941242406, 0.11, 2.46, 3.07, 763.99517
2017-08-07, 5, qiang_lie, 3.74, 4.01, -0.50, 4.03, 4.02, 4.06, 3.97, 1932155.02, 773657212, 0.09, 2.23, 2.57, 589.09416
2017-08-08, 5, qiang_lie, 3.74, 4.07, 1.50, 4.01, 4.02, 4.08, 3.98, 2062194.71, 830761036, 0.10, 2.49, 2.74, 576.87092
2017-08-09, 5, qiang_lie, 3.74, 3.98, -2.21, 4.07, 4.05, 4.07, 3.98, 2170013.55, 870478748, 0.10, 2.21, 2.88, 620.02206
2017-08-10, 5, qiang_lie, 3.74, 3.98, 0.00, 3.98, 3.98, 4.01, 3.92, 1767101.91, 700633552, 0.08, 2.26, 2.35, 687.56986
2017-08-11, 5, qiang_lie, 3.74, 3.95, -0.75, 3.98, 3.94, 3.96, 3.85, 3084360.47, 1204543449, 0.15, 2.76, 4.10, 4692.51585
2017-08-14, 5, qiang_lie, 3.74, 3.91, -1.01, 3.95, 3.92, 3.94, 3.88, 1820417.17, 711677160, 0.09, 1.52, 2.42, 603.84011
2017-08-15, 5, qiang_lie, 3.74, 4.04, 3.32, 3.91, 3.92, 4.08, 3.92, 3773928.69, 1519772998, 0.18, 4.09, 5.02, 747.0479
2017-08-16, 5, qiang_lie, 3.74, 4.03, -0.25, 4.04, 4.05, 4.07, 4.00, 1787163.91, 721752714, 0.08, 1.73, 2.38, 725.64292
2017-08-17, 5, qiang_lie, 3.74, 4.02, -0.25, 4.03, 4.03, 4.03, 3.98, 1206993.99, 483143406, 0.06, 1.24, 1.60, 5607.58114
2017-08-18, 5, qiang_lie, 3.74, 4.00, -0.50, 4.02, 4.00, 4.03, 3.98, 809031.51, 323582145, 0.04, 1.24, 1.08, 613.32393
2017-08-21, 5, qiang_lie, 3.74, 3.99, -0.25, 4.00, 4.00, 4.02, 3.96, 1122535.47, 446651476, 0.05, 1.50, 1.49, 802.25682
2017-08-22, 5, qiang_lie, 3.74, 4.00, 0.25, 3.99, 3.99, 4.01, 3.96, 1118382.35, 446208341, 0.05, 1.25, 1.49, 673.50388
2017-08-23, 5, qiang_lie, 3.74, 4.06, 1.50, 4.00, 4.00, 4.08, 3.99, 2155012.16, 872645205, 0.10, 2.25, 2.86, 848.87505
2017-08-24, 5, qiang_lie, 3.74, 4.06, 0.00, 4.06, 4.06, 4.13, 4.05, 1737967.36, 709817012, 0.08, 1.97, 2.31, 655.54094
2017-08-25, 5, qiang_lie, 3.74, 4.21, 3.69, 4.06, 4.06, 4.22, 4.06, 3654764.05, 1518118243, 0.17, 3.94, 4.86, 688.68303
2017-08-28, 5, qiang_lie, 3.75, 4.23, 0.48, 4.21, 4.23, 4.35, 4.20, 3060361.8, 1301830889, 0.15, 3.56, 4.07, 651.62015
2017-08-29, 5, qiang_lie, 3.75, 4.32, 2.13, 4.23, 4.23, 4.34, 4.20, 1972694.93, 846061640, 0.09, 3.31, 2.62, 600.44813
2017-08-30, 5, qiang_lie, 3.75, 4.27, -1.16, 4.32, 4.30, 4.37, 4.24, 1689206.3, 726666580, 0.08, 3.01, 2.24, 590.01994
2017-08-31, 5, qiang_lie, 3.75, 4.20, -1.64, 4.27, 4.29, 4.31, 4.17, 2107812.46, 891562129, 0.10, 3.28, 5.60, 703.61185
2017-09-01, 5, qiang_lie, 3.75, 4.20, -1.64, 4.27, 4.29, 4.31, 4.17, 2107812.46, 891562129, 0.10, 3.28, 5.60, 606.52399
2017-09-04, 5, qiang_lie, 3.75, 4.21, 0.24, 4.20, 4.20, 4.23, 4.13, 1753730.02, 735077054, 0.08, 2.38, 2.33, 566.3991
2017-09-05, 5, qiang_lie, 3.75, 4.27, 1.43, 4.21, 4.21, 4.29, 4.20, 1727037.71, 735330078, 0.08, 2.14, 2.30, 674.02482
2017-09-06, 5, qiang_lie, 3.75, 4.20, -1.64, 4.27, 4.29, 4.31, 4.17, 2107812.46, 891562129, 0.10, 3.28, 5.60, 723.14906
2017-09-07, 5, qiang_lie, 3.75, 4.22, -0.94, 4.26, 4.26, 4.27, 4.22, 950621.36, 403924562, 0.05, 1.17, 1.26, 805.56417
2017-09-08, 5, qiang_lie, 3.75, 4.20, -0.47, 4.22, 4.22, 4.23, 4.18, 1067205.38, 448259605, 0.05, 1.18, 1.42, 661.89814
2017-09-11, 5, qiang_lie, 3.75, 4.20, 0.00, 4.20, 4.21, 4.26, 4.19, 990431.8, 417924021, 0.05, 1.67, 1.32, 681.99587
2017-09-12, 5, qiang_lie, 3.75, 4.20, 0.00, 4.20, 4.20, 4.22, 4.15, 1262195.47, 528025790, 0.06, 1.67, 1.68, 483.33001
2017-09-13, 5, qiang_lie, 3.75, 4.18, -0.48, 4.20, 4.20, 4.21, 4.17, 811830.34, 340059080, 0.04, 0.95, 1.08, 180867.52701
2017-09-14, 5, qiang_lie, 3.75, 4.12, -1.44, 4.18, 4.19, 4.20, 4.10, 1776023.04, 735750536, 0.08, 2.39, 2.36, 833.96912
2017-09-15, 5, qiang_lie, 3.75, 4.06, -1.46, 4.12, 4.10, 4.11, 4.02, 1935670.36, 786101762, 0.09, 2.18, 2.57, 53880.32818
2017-09-18, 4, gao_du, 3.75, 4.06, 0.00, 4.06, 4.07, 4.10, 4.05, 1454650.29, 592596231, 0.07, 1.23, 1.93, 691.12396
2017-09-19, 3, zhong_du, 3.75, 4.08, 0.49, 4.06, 4.08, 4.08, 4.03, 1054721.15, 428075937, 0.05, 1.23, 1.40, 770.59102
2017-09-20, 3, zhong_du, 3.75, 4.13, 1.23, 4.08, 4.07, 4.14, 4.06, 1190202.78, 488808831, 0.06, 1.96, 1.58, 584.30004
2017-09-21, 3, zhong_du, 3.75, 4.16, 0.73, 4.13, 4.12, 4.17, 4.09, 1149239.3, 475836057, 0.05, 1.94, 1.53, 785.47788
2017-09-22, 3, zhong_du, 3.75, 4.19, 0.72, 4.16, 4.14, 4.20, 4.14, 1137948.81, 475392176, 0.05, 1.44, 1.51, 672.62697
2017-09-25, 4, gao_du, 3.75, 4.23, 0.95, 4.19, 4.19, 4.24, 4.16, 1777316.75, 746550297, 0.08, 1.91, 2.36, 695.04094
2017-09-26, 4, gao_du, 3.75, 4.20, -0.71, 4.23, 4.21, 4.22, 4.20, 1016215.85, 427707896, 0.05, 0.47, 1.35, 664.06584
2017-09-27, 4, gao_du, 3.75, 4.15, -1.19, 4.20, 4.20, 4.22, 4.13, 1199438.58, 499460665, 0.06, 2.14, 1.59, 1038.89108
2017-09-28, 4, gao_du, 3.75, 4.14, -0.24, 4.15, 4.15, 4.16, 4.10, 1351104.15, 557600507, 0.06, 1.45, 1.80, 526.54195
2017-09-29, 4, gao_du, 3.75, 4.12, -0.48, 4.14, 4.13, 4.16, 4.11, 964065.54, 397737170, 0.05, 1.21, 1.28, 16091.56108
2017-10-10, 3, zhong_du, 3.75, 4.14, 0.49, 4.12, 4.13, 4.14, 4.10, 1203859.62, 496661335, 0.06, 0.97, 1.60, 560.48512
2017-10-12, 3, zhong_du, 3.75, 4.16, -0.24, 4.17, 4.18, 4.18, 4.14, 1002978.07, 417282349, 0.05, 0.96, 1.33, 837.20613
2017-10-13, 3, zhong_du, 3.75, 4.14, -0.48, 4.16, 4.15, 4.15, 4.12, 852854.95, 352679428, 0.04, 0.72, 1.13, 713.61709
2017-10-16, 3, zhong_du, 3.75, 4.15, 0.24, 4.14, 4.14, 4.16, 4.11, 1230385.19, 509555113, 0.06, 1.21, 1.64, 775.4302
2017-10-17, 3, zhong_du, 3.75, 4.14, -0.24, 4.15, 4.15, 4.16, 4.13, 788403.01, 326576903, 0.04, 0.72, 1.05, 551.79501
2017-10-18, 3, zhong_du, 3.75, 4.17, 0.72, 4.14, 4.14, 4.19, 4.11, 2169264.91, 899993163, 0.10, 1.93, 2.88, 614.48789
2017-10-19, 3, zhong_du, 3.76, 4.19, 0.48, 4.17, 4.15, 4.20, 4.14, 1913711.72, 798971782, 0.09, 1.44, 2.54, 641.76702
2017-10-20, 3, zhong_du, 3.76, 4.17, -0.48, 4.19, 4.17, 4.18, 4.15, 783012.7, 326404324, 0.04, 0.72, 1.04, 2622.334
2017-10-23, 2, qing_du, 3.76, 4.11, -1.44, 4.17, 4.16, 4.17, 4.11, 1166569.4, 482548423, 0.06, 1.44, 1.55, 1220.16096
2017-10-24, 2, qing_du, 3.76, 4.12, 0.24, 4.11, 4.11, 4.14, 4.11, 983712.37, 405586136, 0.05, 0.73, 1.31, 626.85513
2017-10-25, 2, qing_du, 3.76, 4.07, -1.21, 4.12, 4.12, 4.13, 4.05, 1424332.05, 582807013, 0.07, 1.94, 1.89, 2685.54401
2017-10-26, 1, wei_ruo, 3.76, 4.00, -1.72, 4.07, 4.07, 4.08, 3.97, 3283930.1, 1315258389, 0.16, 2.70, 4.36, 681.37789
2017-10-27, 1, wei_ruo, 3.76, 4.03, 0.75, 4.00, 3.99, 4.06, 3.98, 2200481.92, 885326116, 0.10, 2.00, 2.92, 702.26789
2017-10-30, 1, wei_ruo, 3.76, 4.05, 0.50, 4.03, 4.03, 4.07, 4.01, 1887816.2, 762817173, 0.09, 1.49, 2.51, 714.82515
2017-10-31, 1, wei_ruo, 3.76, 3.94, -2.72, 4.05, 4.02, 4.02, 3.93, 2602046.02, 1033764068, 0.12, 2.22, 3.46, 570.21403
2017-11-01, 1, wei_ruo, 3.76, 3.91, -0.76, 3.94, 3.94, 3.95, 3.89, 2851530.68, 1114170490, 0.14, 1.52, 3.79, 636.37996
2017-11-02, 1, wei_ruo, 3.76, 3.89, -0.51, 3.91, 3.90, 3.91, 3.85, 2251534.43, 873644524, 0.11, 1.53, 2.99, 716.43615
2017-11-03, 1, wei_ruo, 3.76, 3.88, -0.26, 3.89, 3.88, 3.89, 3.84, 2348374.53, 907732575, 0.11, 1.29, 3.12, 779.562
2017-11-06, 1, wei_ruo, 3.76, 3.87, -0.26, 3.88, 3.86, 3.88, 3.84, 1582816.73, 610201487, 0.08, 1.03, 2.10, 709.15818
2017-11-07, 1, wei_ruo, 3.76, 3.91, 1.03, 3.87, 3.87, 3.91, 3.86, 959552.08, 373057100, 0.05, 1.29, 2.55, 795.83192
2017-11-08, 1, wei_ruo, 3.76, 3.95, 1.02, 3.91, 3.92, 3.95, 3.90, 1843293.23, 724440871, 0.09, 1.28, 2.45, 582.99899
2017-11-09, 1, wei_ruo, 3.76, 3.92, -0.76, 3.95, 3.94, 3.95, 3.91, 897700.75, 352379365, 0.04, 1.01, 1.19, 582.72409
2017-11-10, 1, wei_ruo, 3.76, 3.87, -1.28, 3.92, 3.92, 3.92, 3.84, 2016251.38, 779390238, 0.10, 2.04, 1.20, 1954.62799
2017-11-13, 1, wei_ruo, 3.76, 3.89, 0.52, 3.87, 3.86, 3.91, 3.84, 3228153.71, 1249739870, 0.15, 1.81, 2.00, 905.67899
2017-11-14, 1, wei_ruo, 3.76, 3.88, -0.26, 3.89, 3.87, 3.88, 3.85, 1398778.27, 541091268, 0.07, 0.77, 0.72, 821.00105
2017-11-15, 1, wei_ruo, 3.76, 3.87, -0.26, 3.88, 3.87, 3.88, 3.85, 1114913.85, 431465817, 0.05, 0.77, 0.59, 601.35198
2017-11-16, 1, wei_ruo, 3.76, 3.84, -0.78, 3.87, 3.87, 3.87, 3.83, 1089082.26, 419467272, 0.05, 1.03, 0.63, 2969.48218
2017-11-17, 1, wei_ruo, 3.76, 3.92, 2.08, 3.84, 3.85, 3.94, 3.84, 3309361.68, 1288300217, 0.16, 2.60, 1.87, 778.89585
2017-11-20, 1, wei_ruo, 3.76, 3.94, 0.51, 3.92, 3.91, 3.96, 3.89, 2318868.06, 910722203, 0.11, 1.79, 1.14, 541.86606
2017-11-21, 1, wei_ruo, 3.76, 3.92, -0.51, 3.94, 3.94, 3.98, 3.91, 3235809.94, 1278062021, 0.15, 1.78, 1.75, 931.20503
2017-11-22, 1, wei_ruo, 3.76, 4.03, 2.81, 3.92, 3.94, 4.04, 3.93, 4049244.2, 1619053793, 0.19, 2.81, 1.83, 793.58196
2017-11-23, 1, wei_ruo, 3.76, 4.00, -0.74, 4.03, 4.02, 4.07, 3.97, 3285173.93, 1322386582, 0.16, 2.48, 1.17, 661.52191
2017-11-24, 1, wei_ruo, 3.76, 4.00, 0.00, 4.00, 3.99, 4.03, 3.96, 1820823.53, 726345947, 0.09, 1.75, 0.56, 620.68987
2017-11-27, 1, wei_ruo, 3.76, 3.95, -1.25, 4.00, 3.99, 3.99, 3.90, 3030619.02, 1194590362, 0.14, 2.25, 1.03, 1037.56404
2017-11-28, 1, wei_ruo, 3.76, 3.92, -0.76, 3.95, 3.93, 3.94, 3.89, 1587788.34, 621184791, 0.08, 1.27, 0.51, 2684.99589
2017-11-29, 1, wei_ruo, 3.76, 3.93, 0.26, 3.92, 3.92, 3.95, 3.88, 1623786.87, 635142989, 0.08, 1.79, 0.59, 676.06902
2017-11-30, 1, wei_ruo, 3.76, 3.93, 0.00, 3.93, 3.93, 3.95, 3.90, 1312790.59, 515510997, 0.06, 1.27, 0.58, 2602.93913
2017-12-01, 1, wei_ruo, 3.76, 3.92, -0.25, 3.93, 3.93, 3.95, 3.89, 1628340.81, 637302190, 0.08, 1.53, 0.87, 776.61896
2017-12-04, 1, wei_ruo, 3.76, 3.92, 0.00, 3.92, 3.92, 3.93, 3.89, 1153843.79, 451271381, 0.05, 1.02, 0.63, 774.14799
2017-12-05, 1, wei_ruo, 3.76, 3.98, 1.53, 3.92, 3.92, 4.02, 3.90, 3532412.07, 1400856517, 0.17, 3.06, 2.42, 717.77892
2017-12-06, 1, wei_ruo, 3.76, 3.96, -0.50, 3.98, 3.98, 4.00, 3.94, 1579115.63, 627063556, 0.07, 1.51, 0.85, 517.55691
2017-12-07, 1, wei_ruo, 3.76, 3.94, -0.51, 3.96, 3.96, 3.96, 3.91, 1281374.93, 503892047, 0.06, 1.26, 0.70, 646.60597
2017-12-08, 1, wei_ruo, 3.76, 3.92, -0.51, 3.94, 3.94, 3.94, 3.91, 963999.02, 378011749, 0.05, 0.76, 0.53, 595.88599
2017-12-11, 1, wei_ruo, 3.76, 3.93, 0.26, 3.92, 3.92, 3.93, 3.90, 1066767.87, 417403226, 0.05, 0.77, 0.63, 868.78014
2017-12-12, 1, wei_ruo, 3.76, 3.88, -1.27, 3.93, 3.93, 3.93, 3.88, 737593.42, 287948490, 0.03, 1.27, 0.44, 816.94603
2017-12-13, 1, wei_ruo, 3.76, 3.90, 0.52, 3.88, 3.88, 3.91, 3.87, 1123431.3, 436717951, 0.05, 1.03, 1.00, 619.42601
2017-12-14, 1, wei_ruo, 3.76, 3.89, -0.26, 3.90, 3.91, 3.93, 3.88, 936441.44, 365450553, 0.04, 1.28, 0.91, 700.57106
2017-12-15, 1, wei_ruo, 3.76, 3.86, -0.77, 3.89, 3.90, 3.90, 3.86, 999847.41, 387113427, 0.05, 1.03, 1.04, 581.43306
2017-12-18, 1, wei_ruo, 3.76, 3.86, 0.00, 3.86, 3.88, 3.89, 3.85, 786213.74, 304298077, 0.04, 1.04, 0.81, 580.39784
2017-12-19, 1, wei_ruo, 3.76, 3.89, 0.78, 3.86, 3.87, 3.90, 3.86, 1157838.03, 449421333, 0.05, 1.04, 1.26, 817.40403
2017-12-20, 1, wei_ruo, 3.76, 3.90, 0.26, 3.89, 3.90, 3.92, 3.88, 1369583.69, 533882563, 0.06, 1.03, 1.37, 3717.103
2017-12-21, 1, wei_ruo, 3.76, 3.90, 0.00, 3.90, 3.90, 3.92, 3.89, 1086534.49, 423868764, 0.05, 0.77, 1.03, 3610.27908
2017-12-22, 1, wei_ruo, 3.76, 3.90, 0.00, 3.90, 3.91, 3.91, 3.89, 665921.67, 259854669, 0.03, 0.51, 0.62, 549.38412
2017-12-25, 1, wei_ruo, 3.76, 3.92, 0.51, 3.90, 3.90, 3.94, 3.90, 1471469.04, 577416674, 0.07, 1.03, 1.45, 680.11713
2017-12-26, 1, wei_ruo, 3.76, 3.95, 0.77, 3.92, 3.92, 3.97, 3.91, 1430029.4, 563804554, 0.07, 1.53, 1.24, 508.183
2017-12-27, 1, wei_ruo, 3.76, 3.92, -0.76, 3.95, 3.95, 3.98, 3.89, 1561340.38, 614249354, 0.07, 2.28, 1.30, 517.98892
2017-12-29, 1, wei_ruo, 3.76, 3.98, 0.25, 3.97, 3.98, 4.05, 3.93, 4145078.64, 1652037087, 0.20, 3.02, 2.64, 558.01201
2018-01-03, 1, wei_ruo, 3.76, 4.00, 0.50, 3.98, 3.97, 4.02, 3.96, 1785283.67, 713286290, 0.08, 1.51, 0.85, 641.93606
2018-01-04, 2, qing_du, 3.76, 4.00, 0.00, 4.00, 4.00, 4.03, 3.97, 2234872.09, 894052849, 0.11, 1.50, 1.03, 1432.26218
2018-01-05, 2, qing_du, 3.76, 3.98, -0.50, 4.00, 4.00, 4.01, 3.96, 2229380.96, 888558694, 0.11, 1.25, 0.97, 731.68182
2018-01-08, 2, qing_du, 3.76, 4.01, 0.75, 3.98, 3.98, 4.02, 3.98, 2264386.32, 905194019, 0.11, 1.01, 0.92, 558.27284
2018-01-09, 2, qing_du, 3.77, 3.96, -1.25, 4.01, 4.01, 4.01, 3.95, 2013494.2, 801700787, 0.10, 1.50, 0.80, 523.93699
2018-01-10, 2, qing_du, 3.77, 4.03, 1.77, 3.96, 3.97, 4.04, 3.96, 3468125.3, 1391848209, 0.16, 2.02, 1.65, 579.58698
2018-01-11, 3, zhong_du, 3.77, 4.09, 1.49, 4.03, 4.03, 4.10, 4.03, 2447965.33, 996213930, 0.12, 1.74, 1.00, 490.47804
2018-01-12, 3, zhong_du, 3.77, 4.09, 0.00, 4.09, 4.09, 4.12, 4.07, 1907362.94, 780531785, 0.09, 1.22, 0.77, 670.28213
2018-01-15, 4, gao_du, 3.77, 4.18, 2.20, 4.09, 4.10, 4.20, 4.09, 3977639.76, 1654099803, 0.19, 2.69, 1.64, 822.227
2018-01-16, 4, gao_du, 3.77, 4.22, 0.96, 4.18, 4.17, 4.23, 4.16, 2602451.39, 1090671977, 0.12, 1.67, 0.94, 561.86795
2018-01-17, 4, gao_du, 3.77, 4.24, 0.47, 4.22, 4.23, 4.34, 4.23, 3768808.06, 1612595573, 0.18, 2.61, 1.31, 790.03501
2018-01-18, 5, qiang_lie, 3.77, 4.36, 2.83, 4.24, 4.27, 4.36, 4.24, 6363796.62, 2727463447, 0.30, 2.83, 2.16, 579.25987
2018-01-19, 5, qiang_lie, 3.77, 4.40, 0.92, 4.36, 4.43, 4.51, 4.36, 6453225.26, 2858478521, 0.31, 3.44, 1.73, 240957.13186
2018-01-22, 5, qiang_lie, 3.77, 4.40, 0.00, 4.40, 4.37, 4.52, 4.35, 5073148.96, 2252906110, 0.24, 3.86, 1.09, 529.36006
2018-01-23, 5, qiang_lie, 3.78, 4.68, 6.36, 4.40, 4.40, 4.71, 4.38, 7059105.95, 3197053264, 0.33, 7.50, 1.45, 622.73598
2018-01-24, 5, qiang_lie, 3.78, 4.69, 0.21, 4.68, 4.71, 4.79, 4.62, 5447228.65, 2557672456, 0.26, 3.63, 0.95, 524.68586
2018-01-25, 5, qiang_lie, 3.78, 4.63, -1.28, 4.69, 4.66, 4.69, 4.52, 3595085.24, 1654331811, 0.17, 3.62, 0.59, 704.21982
2018-01-26, 5, qiang_lie, 3.78, 4.65, 0.43, 4.63, 4.61, 4.73, 4.56, 4304958.78, 2003687035, 0.20, 3.67, 0.78, 636.45887
2018-01-29, 5, qiang_lie, 3.78, 4.60, -1.08, 4.65, 4.67, 4.75, 4.57, 3798238.84, 1771850040, 0.18, 3.87, 0.75, 778.70679
2018-01-30, 5, qiang_lie, 3.78, 4.48, -2.61, 4.60, 4.57, 4.61, 4.47, 2773616.33, 1254640321, 0.13, 3.04, 0.57, 478.31798
2018-01-31, 5, qiang_lie, 3.79, 4.54, 1.34, 4.48, 4.46, 4.55, 4.45, 2788512.81, 1257351281, 0.13, 2.23, 0.70, 659.04212
2018-02-01, 4, gao_du, 3.79, 4.63, 1.98, 4.54, 4.53, 4.65, 4.52, 4103409.14, 1887008879, 0.19, 2.86, 1.19, 573.59004
2018-02-02, 4, gao_du, 3.79, 4.58, -1.08, 4.63, 4.58, 4.60, 4.51, 2642772.94, 1206116909, 0.13, 1.94, 0.74, 764.467
2018-02-05, 5, qiang_lie, 3.79, 4.76, 3.93, 4.58, 4.51, 4.78, 4.51, 4689415.65, 2195948357, 0.22, 5.90, 1.46, 683.96211
2018-02-06, 5, qiang_lie, 3.79, 4.76, 0.00, 4.76, 4.69, 4.85, 4.65, 7037500.78, 3336530148, 0.33, 4.20, 2.07, 1884.4769
2018-02-07, 5, qiang_lie, 3.80, 4.59, -3.57, 4.76, 4.82, 4.87, 4.52, 6581771.3, 3092010789, 0.31, 7.35, 1.55, 752.02107
2018-02-08, 5, qiang_lie, 3.80, 4.42, -3.70, 4.59, 4.52, 4.54, 4.33, 4964236.03, 2195807857, 0.24, 4.58, 0.79, 748.26217
2018-02-09, 5, qiang_lie, 3.80, 4.29, -2.94, 4.42, 4.30, 4.34, 4.12, 5639129.5, 2379711066, 0.27, 4.98, 1.00, 669.22307
2018-02-12, 4, gao_du, 3.80, 4.21, -1.86, 4.29, 4.25, 4.30, 4.19, 2519895.33, 1065633910, 0.12, 2.56, 0.47, 822.03698
2018-02-13, 3, zhong_du, 3.80, 4.28, 1.66, 4.21, 4.24, 4.35, 4.23, 2606230.25, 1117441940, 0.12, 2.85, 0.69, 623.22998
2018-02-14, 3, zhong_du, 3.80, 4.28, 0.00, 4.28, 4.27, 4.30, 4.22, 1350048.06, 574960649, 0.06, 1.87, 0.52, 678.59602
